0
0
0
0
0
0
0
0
0
0
0
0
0
0
0
0
0
0
0
0
0
0
0
0
0
0
0
0
0
0
0
0
0
0
0
0
0
0
0
0
0
0
0
0
0
0
0
0
0
0
0
0
0
0
0
0
0
0
0
0
0
0
0
0
0
0
0
0
0
0
0
0
0
0
0
0
0
0
0
0
0
0
0
0
0
0
0
0
0
0
0
0
0
0
0
0
0
0
0
0
0
0
0
0
0
0
0
0
0
0
0
0
0
0
0
0
0
0
0
0
0
0
0
0
0
0
0
0
0
0
0
0
0
0
0
0
0
0
0
0
0
0
0
0
0
0
0
0
0
0
0
0
0
0
0
0
0
0
0
0
0
0
0
0
0
0
0
0
0
0
0
0
0
0
0
0
0
0
0
0
0
0
0
0
0
0
0
0
0
0
0
0
0
0
0
0
0
0
0
0
0
0
0
0
0
0
0
0
0
0
0
0
0
0
0
0
0
0
0
0
0
0
0
0
0
0
0
0
0
0
0
0
0
0
0
0
0
0
0
0
0
0
0
0
0
0
0
0
0
0
0
0
0
0
0
0
0
0
0
0
0
0
0
0
0
0
0
0
0
0
0
0
0
0
0
0
0
0
0
0
0
0
0
0
0
0
0
0
0
0
0
0
0
0
0
0
0
0
0
0
0
0
0
0
0
0
0
0
0
0
0
0
0
0
0
0
0
0
0
0
0
0
0
0
0
0
0
0
0
0
0
0
0
0
0
0
0
0
0
0
0
0
0
0
0
0.448135601
0.299212409
0.22475139
0.300125398
0.450874569
0.180624878
0.452250975
0.301960608
0.907264009
0.227162127
0.303345108
0.303808152
0.912815906
0.228552419
0.305201922
0.458502091
0.918404919
0.919807982
0.460606686
0.461310545
0.462015569
0.925443518
0.926858229
0.464137637
0.309898218
0.465558186
0.310846809
0.933966821
0.233848889
0.936826634
0.312753352
0.469847911
0.470566967
0.471287198
0.944017206
0.945462366
0.47345494
0.948359746
0.316603989
0.475633272
0.95272348
0.318060925
0.95564443
0.478554224
0.479287414
0.320014525
0.320504895
0.320996055
0.321488004
0.482971116
0.193484564
0.968905785
0.323463708
0.24296971
0.32445631
0.4874307
0.976356252
0.488926742
0.48967655
0.245213775
0.491179744
0.32795542
0.246343856
0.986886976
0.329466973
0.329972419
0.198287198
0.248239279
0.198896128
0.12450082
0.332511628
0.499532805
0.333532912
0.250533567
0.200734441
0.33507085
0.251688825
0.201660093
0.144264005
0.202279605
0.337650142
0.338168414
0.169343746
0.203524425
0.203836839
0.255187172
0.12778945
0.127985618
0.205091341
0.205406179
0.171434586
0.171697761
0.147395435
0.147621708
0.172489717
0.207305417
0.148302614
0.259927989
0.260327013
0.173817765
0.174084594
0.174351831
0.149673837
0.262331292
0.116770659
0.150364163
0.117129423
0.17596382
0.117489276
0.211805302
0.132581498
0.132784991
0.118212258
0.152220454
0.097016227
0.097165116
0.133807066
0.119122138
0.134218052
0.153627438
0.119671354
0.107869478
0.108034985
0.154572484
0.135458426
0.10853299
0.08361499
0.090721861
0.121148029
0.08400036
0.091139965
0.109535697
0.078359775
0.122079913
0.110040407
0.084776263
0.137972658
0.122830399
0.085166802
0.123207306
0.079326113
0.079447708
0.101270249
0.111568007
0.101580901
0.101736568
0.124535233
0.093544538
0.102204938
0.102361518
0.075180106
0.094119083
0.094263244
0.087145489
0.094552193
0.094696983
0.087546446
0.094987193
0.076106091
0.081667067
0.095424086
0.088218589
0.08204263
0.071897157
0.082293909
0.088759806
0.072227673
0.089031584
0.089167766
0.116095387
0.077515287
0.1058643
0.07289299
0.089851609
0.06881509
0.083688908
0.083816816
0.07834858
0.073564033
0.084201636
0.078708256
0.078828489
0.074014587
0.069767176
0.079190211
0.079311126
0.074467699
0.091792466
0.099593623
0.070408675
0.07051612
0.070623716
0.070731464
0.080284611
0.075381626
0.086281818
0.093060574
0.08077547
0.080898615
0.093486845
0.071598901
0.093772018
0.06782743
0.094057988
0.087472609
0.111498346
0.081889978
0.082014675
0.088006656
0.077123052
0.09506516
0.088409138
0.08854367
0.073029261
0.082892406
0.103773112
0.083144748
0.083271179
0.065840356
0.078304279
0.083651518
0.114243607
0.07403466
0.084033424
0.09017258
0.097256424
0.097404117
0.097552011
0.090721528
0.074825251
0.084930651
0.075052523
0.085188577
0.091411931
0.106809004
0.08557678
0.107133166
0.080471682
0.092107034
0.107621056
0.099493039
0.086357932
0.092666508
0.086619725
0.092947377
0.081452084
0.100400465
0.118834674
0.093511387
0.100856929
0.093794528
0.131510937
0.094078429
0.094220663
0.082567702
0.094505703
0.094648508
0.094791504
0.102237358
0.095078066
0.095221633
0.121374133
0.121557341
0.121740791
0.11176411
0.09594233
0.096087043
0.103634404
0.096377042
0.103947124
0.096667808
0.123217154
0.090495384
0.090631701
0.123774815
0.113631092
0.105048148
0.113973454
0.105364589
0.085737535
0.124896742
0.080937086
0.091866631
0.115005931
0.106318891
0.098873049
0.099021607
0.092559001
0.099319304
0.107119861
0.082038167
0.0997673
0.116569857
0.100066934
0.093535905
0.127740255
0.078180542
0.093957294
0.100819415
0.11779891
0.101121768
0.109063486
0.118329051
0.094804976
0.109554107
0.101881062
0.084027593
0.095373736
0.084279161
0.084405186
0.089814583
0.10279866
0.102952277
0.103106091
0.080313412
0.090487519
0.096664129
0.072606316
0.085546673
0.08091463
0.091164748
0.076884809
0.086058207
0.081398357
0.077229163
0.06997812
0.086572336
0.086701274
0.105436884
0.086959639
0.077921796
0.092669821
0.098994862
0.082618416
0.099289522
0.074577847
0.078619675
0.067999704
0.068100724
0.088261245
0.088392304
0.079205261
0.071768264
0.079440521
0.075580452
0.058225038
0.065917205
0.079912802
0.072409217
0.069220303
0.072623931
0.072731489
0.066505338
0.066603785
0.066702355
0.066801047
0.069940763
0.064207179
0.061730025
0.064397157
0.070355259
0.077505123
0.07392343
0.070667473
0.062279184
0.062371105
0.067894716
0.074470577
0.065257858
0.065354079
0.065450418
0.065546874
0.060593952
0.060683206
0.058521733
0.063296523
0.072033735
0.056681218
0.063576355
0.063669859
0.066420289
0.063857209
0.055130219
0.064045013
0.057267041
0.059475252
0.055454804
0.061944219
0.055617686
0.059825146
0.057773138
0.057857844
0.052335299
0.056026612
0.060264892
0.058197689
0.058282905
0.058368224
0.056438002
0.054636557
0.05660325
0.056686022
0.049887815
0.054956801
0.056934932
0.055117497
0.057101368
0.059227046
0.051899306
0.05544004
0.047589356
0.059573451
0.053886731
0.05576412
0.047867469
0.052431316
0.052507678
0.049490946
0.051064895
0.051139207
0.049707323
0.052890845
0.05296775
0.053044746
0.05151208
0.048639094
0.048709739
0.047425454
0.053431085
0.048922172
0.047632228
0.053663979
0.049135353
0.050653832
0.049277889
0.049349283
0.04942076
0.052491855
0.04448048
0.051095564
0.048326738
0.048396635
0.048466614
0.048536674
0.051466039
0.047361442
0.05484076
0.048817728
0.050285
0.05183867
0.049029374
0.047773057
0.05364096
0.053718279
0.049312713
0.052288679
0.052363983
0.054028446
0.049597361
0.052590417
0.051161324
0.051234899
0.051308558
0.052893546
0.050026793
0.054653075
0.053121805
0.048884709
0.050314724
0.051826539
0.049095423
0.053503981
0.055204335
0.055283447
0.049377497
0.053811294
0.050894544
0.052423605
0.051040326
0.055760007
0.051186438
0.052724179
0.055999507
0.054430123
0.056159625
0.05623982
0.053101814
0.060039223
0.056480949
0.054897933
0.05497621
0.056722895
0.056803725
0.058662291
0.055290197
0.055368915
0.057127955
0.05720924
0.055605598
0.061073508
0.063199006
0.054247561
0.051388164
0.059501954
0.054479029
0.056160957
0.057944911
0.061770793
0.059925317
0.061946088
0.064101678
0.058356817
0.060265707
0.060351041
0.062386033
0.066782889
0.060607611
0.064739546
0.057203889
0.060865034
0.062917194
0.06735131
0.055884171
0.065290235
0.067636935
0.059522372
0.05785319
0.063541344
0.061642436
0.059858706
0.06181624
0.061903285
0.063990116
0.058426034
0.058508228
0.060365983
0.066495939
0.057076627
0.064531897
0.064622539
0.069176266
0.062778993
0.06286709
0.064986099
0.069565322
0.067340756
0.06525981
0.063309019
0.061476551
0.065534414
0.06357533
0.067908579
0.065809912
0.070446905
0.06393176
0.064021109
0.066178637
0.070841485
0.073473982
0.073576537
0.066548957
0.06455923
0.07133711
0.069055337
0.076835079
0.062952644
0.071735533
0.074400957
0.071935387
0.072035475
0.069731147
0.069828106
0.065554846
0.065645939
0.06573713
0.065828418
0.062042168
0.058676699
0.060436907
0.06418865
0.064277645
0.062473595
0.062560157
0.064545198
0.064634572
0.061025524
0.062907322
0.06693149
0.059576932
0.059659293
0.063255962
0.059824277
0.069569303
0.061703599
0.056910702
0.061874015
0.061959358
0.058691019
0.057225289
0.054438936
0.060571029
0.0574621
0.059096371
0.059177697
0.057699659
0.051060521
0.059422188
0.056452376
0.056529937
0.052564181
0.058177021
0.056763107
0.056840993
0.050450897
0.056997009
0.057075139
0.058657385
0.055800851
0.051978852
0.054589035
0.056030335
0.051006353
0.056183721
0.054888326
0.052406908
0.055038437
0.050214622
0.05387484
0.053948374
0.055339594
0.051636778
0.050558139
0.052981802
0.051848226
0.049661512
0.053198614
0.048737329
0.045875434
0.048870046
0.052273087
0.05006832
0.046125456
0.0491363
0.047194748
0.044532353
0.044592794
0.045528852
0.047451446
0.048505697
0.0457143
0.045776242
0.046755013
0.046818323
0.045078555
0.045139555
0.047008641
0.048032867
0.045322926
0.047199541
0.046336572
0.047327131
0.045568291
0.04652449
0.046587257
0.044058416
0.043315673
0.045010809
0.04683896
0.045132156
0.042771873
0.042829441
0.044475478
0.044535299
0.042248066
0.041575459
0.046434937
0.044775187
0.04174322
0.041090791
0.043350176
0.040514438
0.039903705
0.039957196
0.042080262
0.042136633
0.041477924
0.040841227
0.043817017
0.042362683
0.038442524
0.04322124
0.040441036
0.041867779
0.040549147
0.040603284
0.040001709
0.040055078
0.040108501
0.038906915
0.039577164
0.040929236
0.040983751
0.039114648
0.041777824
0.040483947
0.040537795
0.038718234
0.041311974
0.040053633
0.038283799
0.039532591
0.040213401
0.040266762
0.041642149
0.04102483
0.042448519
0.040480733
0.040534357
0.039339171
0.041974281
0.039443376
0.042085427
0.04080327
0.041516198
0.041571063
0.040965251
0.041019351
0.042420176
0.043916028
0.040538499
0.041236279
0.043355176
0.042700637
0.04420628
0.0442645
0.041508632
0.042233638
0.043698843
0.041021546
0.044556452
0.043152226
0.042512004
0.041892159
0.042623729
0.044849825
0.04014563
0.042791723
0.04427609
0.045085549
0.042960205
0.043721663
0.043072798
0.043836212
0.041836059
0.043242096
0.04628475
0.047158323
0.042722806
0.046466421
0.04734336
0.044296623
0.043639029
0.044412279
0.046770373
0.049385775
0.045329284
0.044644259
0.043981387
0.047901676
0.047137043
0.045625081
0.049837538
0.045743796
0.047382661
0.045862738
0.050097048
0.046761261
0.04384912
0.046101302
0.046943476
0.04781475
0.048716655
0.047126212
0.048000813
0.050684568
0.045758339
0.0490328
0.04743193
0.048312097
0.048374531
0.048437024
0.050231703
0.049414155
0.047800706
0.046293114
0.050491459
0.049669594
0.050621705
0.047307791
0.04900212
0.050817533
0.051808077
0.051874728
0.048419987
0.053970791
0.050247861
0.045520756
0.051276619
0.052275948
0.048794357
0.051474294
0.052477405
0.051606386
0.051672524
0.052679428
0.05372369
0.050082644
0.050146741
0.049359865
0.053017392
0.053085174
0.048723601
0.052270553
0.053288898
0.051484759
0.051550468
0.050726302
0.054553293
0.051747958
0.048416277
0.053766466
0.055866451
0.052012134
0.053008301
0.051245544
0.05131072
0.053210811
0.054247138
0.051506608
0.052476797
0.049097953
0.050826717
0.053617517
0.051834295
0.05281054
0.051965792
0.052031632
0.050360947
0.055008773
0.048859867
0.052295594
0.051474249
0.051539329
0.049107479
0.049169523
0.051734928
0.05457526
0.051001198
0.051065546
0.052893054
0.052959742
0.052127737
0.048879547
0.055058749
0.055128071
0.051517626
0.049918494
0.050800644
0.05004412
0.050928445
0.051842306
0.047914541
0.050296056
0.050359183
0.049622013
0.051313242
0.051377578
0.04903063
0.04689391
0.049153549
0.050802675
0.047070271
0.047129164
0.04718811
0.047962975
0.045934969
0.048082924
0.046727009
0.048203088
0.048263252
0.045562128
0.0462801
0.045675834
0.047077845
0.047136502
0.047195211
0.047959256
0.044684299
0.04412702
0.046743174
0.046801292
0.044906984
0.04496278
0.04766678
0.044457061
0.045766106
0.043379003
0.042861322
0.046592847
0.043540556
0.043020892
0.044844348
0.044899872
0.042620097
0.04440281
0.042177846
0.043341311
0.04283131
0.041798554
0.043502161
0.042439056
0.04195357
0.040968165
0.040518467
0.042108999
0.040618428
0.042754037
0.041221263
0.042859402
0.039847
0.039896027
0.040919369
0.039994212
0.041020036
0.03827018
0.038757612
0.040191099
0.038411319
0.039815805
0.03986464
0.041373769
0.03949776
0.038647379
0.038694715
0.038306788
0.038353674
0.038400601
0.039331422
0.038932017
0.036883925
0.037330393
0.038206566
0.038253215
0.036284121
0.036328392
0.03599382
0.037604563
0.035709655
0.035753165
0.036169595
0.03659483
0.037427315
0.035927582
0.037119301
0.037164433
0.035690846
0.036478674
0.035062062
0.036190344
0.036234271
0.036656133
0.037086916
0.036366278
0.035318046
0.035010732
0.036878822
0.036169935
0.03548944
0.034497457
0.036301386
0.034248436
0.033963262
0.035004425
0.035046706
0.034748352
0.033805663
0.034497346
0.03521619
0.035607748
0.034292546
0.034663999
0.035042701
0.035084895
0.032891762
0.034174031
0.034540994
0.035254032
0.033050271
0.034999021
0.034379907
0.034099495
0.034462504
0.033864895
0.035209573
0.035251792
0.033675053
0.032521937
0.035041722
0.033187265
0.033529053
0.034510364
0.034877602
0.034592957
0.034313619
0.03372999
0.034395655
0.033810603
0.034161521
0.033586026
0.035889382
0.034283911
0.034966362
0.034053263
0.034725192
0.034447582
0.034175054
0.034849343
0.035549114
0.034611805
0.033724744
0.034378723
0.034735336
0.035760825
0.034817863
0.034542277
0.035552875
0.036977364
0.035973427
0.035679455
0.034747491
0.035432871
0.034207857
0.035848725
0.035891131
0.036272568
0.035976049
0.035036237
0.03572721
0.036103693
0.035483076
0.035524948
0.037276799
0.037683095
0.037727516
0.037052508
0.036746193
0.038232189
0.039042739
0.039088684
0.039529966
0.039980293
0.039622976
0.038128975
0.039716141
0.038975399
0.038263461
0.038308364
0.039112776
0.039949727
0.038820191
0.038865684
0.039296475
0.038956784
0.038623726
0.03829711
0.040278373
0.039922222
0.037354106
0.038850101
0.040062352
0.03856648
0.038611505
0.039031872
0.041494568
0.039897695
0.039168593
0.039990761
0.040437725
0.042171688
0.040130647
0.040989016
0.041882821
0.040673586
0.040720874
0.040364555
0.041648536
0.042565593
0.041323649
0.042664472
0.04141961
0.042322652
0.042813094
0.041987965
0.043825405
0.04341431
0.042134028
0.041339139
0.041386969
0.042716328
0.041482746
0.044656659
0.042864617
0.042476228
0.042095724
0.042144313
0.043062898
0.043112568
0.044539798
0.04321203
0.042387845
0.043311652
0.041235959
0.041283424
0.044376364
0.044900041
0.043116908
0.044065772
0.043661599
0.044632
0.045158604
0.043812181
0.042976345
0.043464681
0.042644233
0.044013522
0.043614327
0.044114436
0.042840005
0.045146364
0.04426611
0.044316749
0.042192554
0.043520812
0.045405096
0.044983457
0.04411575
0.044166114
0.044672357
0.044266961
0.041362948
0.043480609
0.043969861
0.044927583
0.043197413
0.043246593
0.044621194
0.046082653
0.043828311
0.043878141
0.044371728
0.045810333
0.044027868
0.045914434
0.045492664
0.04554428
0.043790157
0.043410006
0.043889498
0.044378619
0.044877662
0.04318368
0.045438302
0.043705806
0.042104101
0.042151709
0.043854232
0.043903786
0.041899482
0.041558398
0.043205514
0.042842322
0.041699243
0.041363272
0.042581877
0.041456563
0.04308434
0.041934723
0.041596775
0.041643586
0.041690433
0.041737318
0.041031369
0.043015098
0.041123629
0.040802225
0.043160185
0.040531983
0.039190192
0.040266622
0.040311767
0.040356947
0.040050839
0.040095695
0.039120064
0.039498582
0.039542775
0.03992827
0.039631265
0.039339328
0.039383283
0.038449737
0.039471296
0.039183292
0.038262415
0.037385773
0.038664731
0.039030396
0.03781344
0.037254679
0.038518989
0.038880561
0.035952543
0.036550561
0.038066658
0.037804104
0.036112706
0.037291495
0.036754104
0.03651187
0.037415832
0.036038503
0.036353879
0.037247172
0.035095014
0.035658283
0.036515282
0.037122466
0.035776853
0.034778279
0.035590451
0.035629802
0.034395284
0.035446032
0.035485184
0.034757653
0.032902358
0.034340308
0.03538193
0.034416096
0.034211399
0.033540496
0.03381062
0.034084551
0.03319358
0.032784067
0.033725515
0.032856225
0.032456685
0.032928493
0.033642025
0.03322385
0.031758247
0.032635303
0.03333336
0.03270694
0.032314789
0.031932785
0.032385652
0.03263442
0.031832456
0.031867298
0.032107987
0.032563278
0.031172684
0.031803065
0.031437341
0.032076906
0.030922603
0.031540441
0.031977086
0.031809362
0.03086724
0.02998122
0.030934565
0.031352964
0.030812955
0.030474856
0.02996646
0.031489699
0.03039135
0.030064341
0.030640939
0.031238787
0.029465045
0.030017574
0.030774255
0.030082761
0.029423084
0.030148047
0.031095293
0.031318799
0.030606232
0.030278911
0.030311689
0.029991648
0.030024092
0.030056562
0.030805461
0.029947459
0.029979813
0.030012191
0.029701226
0.030972169
0.02959624
0.029968715
0.030888631
0.030921924
0.029556135
0.030448086
0.030304681
0.030872665
0.03002286
0.030227886
0.030612256
0.030824374
0.030325473
0.03035805
0.030923821
0.030423277
0.030455926
0.030843119
0.03105676
0.031645236
0.029403854
0.030619538
0.030652333
0.031407156
0.030027704
0.031108431
0.031141706
0.031357315
0.030326737
0.031061089
0.031642991
0.032245825
0.030629553
0.030837452
0.031592462
0.031260534
0.030076877
0.031327211
0.031727377
0.032717829
0.031246794
0.031643772
0.031862688
0.032660568
0.0306748
0.031413322
0.032377076
0.032220812
0.030805362
0.032289266
0.03158046
0.032743032
0.032015481
0.031681037
0.031714612
0.032687507
0.03233941
0.03218543
0.032986625
0.033021525
0.032860851
0.032135004
0.033324741
0.033560917
0.03319641
0.033034827
0.033266542
0.034113881
0.033536397
0.033174464
0.03443187
0.035114434
0.033678014
0.033713482
0.034366336
0.034613564
0.034649981
0.035117313
0.036049886
0.036553426
0.035671285
0.034410254
0.035522836
0.036471923
0.036277646
0.035194848
0.036353786
0.037343319
0.035746972
0.035562159
0.036047195
0.036313321
0.035453764
0.036160497
0.036198319
0.036009691
0.034744415
0.036084997
0.036579939
0.037087601
0.035315276
0.036235933
0.036732895
0.037005414
0.036349419
0.036387301
0.038091724
0.037398101
0.037437039
0.037001624
0.038002205
0.037796303
0.037117206
0.037155788
0.038160487
0.038449802
0.0375091
0.037788731
0.038569672
0.037867192
0.037665022
0.038190576
0.039504497
0.039810833
0.038558169
0.038598093
0.039405688
0.039186947
0.038971094
0.038261174
0.040645669
0.039349262
0.039650773
0.038667419
0.039732699
0.039773706
0.039294288
0.039334816
0.039375373
0.041590632
0.038451309
0.038987573
0.039798004
0.040102806
0.039619315
0.039920994
0.040226698
0.041084299
0.03952419
0.040350853
0.040126557
0.040976503
0.039430747
0.039727512
0.04055836
0.041422921
0.039088387
0.041790241
0.041550396
0.040766598
0.039248779
0.040316109
0.040095296
0.040398633
0.039662247
0.039449902
0.040789231
0.041101299
0.039073167
0.039113053
0.040956063
0.040204337
0.040506672
0.040286368
0.040854582
0.040368513
0.039642357
0.039433143
0.040491945
0.040796348
0.039553637
0.039346396
0.040656922
0.04017979
0.039966047
0.040006635
0.040302329
0.040343233
0.039876187
0.040425125
0.040725511
0.039997606
0.039055605
0.039580821
0.040119278
0.039661011
0.039214017
0.038777886
0.039053794
0.039575911
0.038201056
0.039412649
0.039695992
0.039492294
0.039052981
0.038856892
0.040104043
0.040395388
0.039449865
0.039013844
0.039529408
0.038858396
0.038665987
0.039648927
0.039210643
0.039250084
0.038365092
0.039093544
0.038899896
0.039646956
0.037206349
0.037243703
0.038596885
0.039095557
0.038903203
0.038713139
0.039685725
0.039725492
0.039059393
0.038868517
0.039606363
0.038718608
0.037656284
0.039255233
0.038834896
0.039102381
0.037807084
0.037844848
0.03809911
0.038356321
0.037322123
0.036946545
0.037396614
0.03661567
0.036452967
0.036096928
0.037131028
0.03696378
0.036400564
0.035292175
0.036473032
0.036118829
0.035397569
0.035807698
0.035654624
0.036457564
0.034809435
0.035573703
0.035423538
0.036021512
0.033904562
0.034803942
0.035197592
0.035051783
0.034039139
0.034589096
0.03497663
0.03448343
0.034004902
0.033540403
0.034585826
0.034446904
0.03268335
0.033187487
0.034038485
0.034756946
0.03344665
0.03347964
0.033675335
0.032754515
0.032329302
0.03251237
0.033164281
0.032729369
0.03276158
0.032041662
0.033137216
0.032704801
0.032433829
0.031446597
0.031906726
0.032231069
0.032115393
0.031570285
0.032930284
0.03327355
0.032841437
0.0331823
0.033529647
0.034885152
0.03441078
0.034278069
0.036053321
0.035370413
0.034545662
0.033760021
0.035298649
0.035159086
0.033859082
0.033892146
0.033449645
0.033482289
0.032018751
0.032049979
0.031380765
0.031688104
0.030252977
0.030282446
0.030698896
0.030341443
0.029383297
0.030147181
0.030558483
0.030205842
0.029378333
0.029406879
0.030168277
0.029949033
0.029373709
0.029166998
0.029791117
0.029578553
0.028791284
0.0289331
0.02954503
0.02969338
0.029132409
0.028482458
0.029188832
0.029450808
0.028454915
0.028816206
0.028957173
0.029330215
0.028455207
0.028815168
0.028842986
0.028983598
0.028786665
0.028483229
0.028842212
0.028870013
0.028675541
0.028268267
0.028730805
0.028648278
0.028457782
0.028377263
0.028731046
0.028980746
0.028567407
0.028379048
0.028952585
0.028649814
0.028353891
0.028488202
0.028732383
0.028759942
0.028462847
0.028705965
0.029516096
0.02931623
0.028465076
0.029600979
0.029287433
0.029542707
0.028789845
0.02892653
0.029742817
0.02977124
0.028791422
0.029258902
0.029626067
0.03011951
0.029010579
0.029710952
0.029739284
0.030234577
0.029454827
0.029824389
0.029968503
0.030113757
0.029567183
0.02993812
0.03031777
0.029995096
0.029343832
0.029708037
0.030197289
0.030823322
0.029906916
0.030283389
0.031662059
0.030940504
0.030369655
0.030398448
0.031151717
0.031305461
0.0307231
0.030513803
0.031902889
0.031676589
0.031082412
0.030989801
0.032285187
0.032581675
0.031573021
0.031729256
0.032144958
0.03243796
0.03194699
0.032499207
0.032797595
0.032964174
0.03181215
0.032621935
0.033194619
0.033088583
0.032449295
0.032611867
0.032642551
0.033351124
0.032837465
0.032868333
0.033725143
0.034331412
0.034363655
0.034105659
0.033994235
0.035518508
0.034201757
0.03423383
0.034411119
0.035967412
0.034919532
0.034802871
0.035596058
0.035943294
0.034314131
0.035083276
0.036364659
0.035762873
0.035333416
0.035673966
0.036020511
0.036212976
0.035313389
0.035963749
0.03631446
0.036835138
0.035598123
0.036577269
0.036450071
0.037138449
0.036041683
0.036075238
0.036911233
0.038131904
0.03586417
0.036850552
0.03823838
0.038450294
0.036629236
0.03698771
0.038380661
0.038416288
0.037759109
0.037624657
0.038347395
0.038382948
0.037899354
0.03827933
0.039389034
0.038176737
0.037532753
0.038773784
0.038456842
0.039387583
0.037840002
0.038563616
0.039867772
0.039533397
0.039025367
0.038706294
0.040394522
0.039864994
0.038120438
0.039205745
0.039605239
0.039641739
0.038780564
0.039899529
0.040311256
0.040538685
0.039279041
0.039315177
0.040270758
0.040688046
0.040157182
0.038926701
0.040044749
0.041031323
0.039568755
0.039786745
0.040567609
0.040795453
0.039896327
0.039390824
0.041295498
0.040564338
0.039321263
0.041020249
0.040300971
0.040524599
0.04037475
0.040042618
0.041208219
0.040299876
0.041090656
0.04018919
0.041554104
0.040447304
0.040670781
0.041278559
0.041510181
0.041548032
0.040262717
0.040299408
0.040893764
0.041896363
0.040409617
0.041005566
0.041042879
0.041270401
0.040742071
0.040779111
0.041383066
0.041229788
0.040704504
0.040374427
0.041152567
0.041571303
0.039592723
0.039803982
0.041302095
0.040594678
0.039912325
0.040126032
0.04034167
0.040926316
0.039360446
0.038888817
0.040129607
0.040344414
0.040561161
0.039367584
0.039921617
0.041223306
0.038802458
0.040206209
0.039717593
0.039753428
0.039109126
0.039825163
0.039861063
0.039383291
0.038753476
0.038952737
0.039489799
0.039695713
0.038567752
0.038764643
0.038637165
0.039330148
0.038069515
0.038419936
0.037520332
0.038811066
0.037587742
0.037469778
0.037808303
0.037996675
0.037570699
0.037453358
0.037790462
0.037671803
0.036960376
0.036847827
0.036880812
0.037806894
0.036946842
0.036548215
0.036723788
0.036756614
0.036223468
0.035979067
0.036855212
0.036602163
0.035399951
0.035970421
0.035730792
0.036732961
0.035002041
0.035826444
0.035994193
0.036026255
0.035388108
0.035158213
0.035583416
0.036710924
0.035382704
0.035812079
0.036114435
0.03614653
0.035118465
0.035278884
0.035704003
0.035212097
0.034860265
0.033908342
0.034922138
0.034331161
0.033526415
0.033909346
0.033820717
0.03385067
0.0332985
0.032654681
0.032793994
0.0335021
0.032414004
0.032121447
0.032471337
0.033050876
0.031890919
0.032023735
0.032477947
0.032292047
0.03108928
0.031415903
0.032165263
0.031880045
0.031100341
0.03122656
0.031554585
0.03138121
0.030723907
0.031138971
0.031464135
0.031292494
0.029810612
0.030293038
0.030982902
0.030533044
0.030005906
0.030214819
0.030613543
0.030734977
0.029142892
0.029867097
0.03034759
0.030190661
0.029679127
0.029793535
0.029643181
0.029757174
0.028759156
0.029202698
0.030013481
0.029861452
0.029026247
0.029304975
0.029416094
0.029441791
0.028878152
0.028903365
0.029433161
0.029036797
0.028979091
0.02867663
0.02902965
0.028972174
0.028590151
0.028534901
0.028479974
0.028908519
0.028214333
0.028083724
0.028659293
0.02805552
0.027625787
0.027428007
0.028361844
0.028153166
0.027796835
0.027745977
0.027845111
0.027645121
0.027231067
0.027619047
0.028017557
0.027966049
0.027325603
0.027714903
0.027888036
0.02768888
0.027133985
0.027444083
0.027467821
0.027859106
0.027086527
0.026969832
0.027418222
0.027880974
0.027465599
0.027203706
0.027585435
0.027464683
0.027063294
0.027016998
0.027753751
0.02770457
0.027086907
0.027320938
0.027344463
0.027654577
0.027180308
0.027702189
0.027871941
0.027969511
0.027134417
0.027724998
0.027894481
0.028065766
0.027438295
0.027675837
0.028287377
0.027941074
0.027321342
0.027344769
0.028160446
0.028110603
0.027987769
0.027938793
0.028331617
0.028430884
0.028083736
0.028034565
0.028353896
0.029066559
0.028253695
0.028204007
0.028907388
0.02916603
0.027984074
0.028449032
0.029240784
0.029030979
0.028447243
0.028621349
0.029105304
0.029208204
0.02861927
0.028568662
0.028972205
0.029386611
0.028418499
0.029123486
0.029620931
0.029807238
0.029432676
0.029222654
0.029721764
0.029908677
0.029297178
0.029637339
0.030566334
0.030423715
0.030199933
0.030143183
0.030927167
0.030696147
0.030385473
0.030748176
0.031206435
0.030971853
0.030488508
0.030767184
0.031400398
0.03142695
0.030342388
0.031216301
0.031506698
0.031622388
0.031471287
0.031855785
0.031792351
0.032000482
0.031666601
0.031693305
0.032173167
0.032478671
0.031507248
0.032533418
0.03237422
0.032588227
0.032152364
0.031907479
0.033343186
0.033469666
0.032820103
0.032847688
0.033259795
0.033681672
0.033025988
0.032768769
0.033866775
0.033895193
0.033427667
0.033652499
0.034081675
0.034730428
0.033442114
0.033765454
0.034923614
0.035059418
0.034561906
0.034384315
0.035040674
0.034753083
0.034470659
0.035128643
0.035157998
0.035402584
0.035216759
0.035033197
0.035819963
0.036526268
0.035550593
0.035689386
0.036275518
0.036080954
0.035560551
0.03537448
0.03662477
0.036426886
0.036008507
0.035818056
0.036179782
0.037009463
0.036017656
0.036270115
0.03698517
0.036556076
0.035808007
0.037077414
0.037461607
0.037256153
0.036708075
0.036968141
0.037231496
0.037379911
0.036944715
0.036746379
0.037710835
0.037862264
0.036837753
0.037213885
0.037597153
0.037747334
0.037190102
0.037454212
0.037961175
0.038730265
0.03742981
0.037344025
0.038086763
0.037997576
0.037908969
0.037940246
0.038828962
0.038611872
0.037795722
0.038429211
0.038338776
0.038739302
0.038401954
0.038555969
0.038222519
0.038619454
0.037574253
0.038560205
0.039088267
0.038870425
0.037581606
0.038443039
0.038596366
0.039123287
0.037939395
0.038569433
0.038359062
0.03875499
0.038301933
0.038818562
0.03973048
0.03900564
0.038791294
0.038700973
0.039351388
0.040022938
0.038553596
0.038827805
0.039862384
0.039014012
0.039293809
0.038711448
0.039864253
0.040025508
0.038685476
0.038959792
0.039612468
0.039269596
0.038452514
0.038843529
0.03936573
0.039774222
0.039182697
0.038849257
0.039369959
0.040031432
0.038115609
0.038855226
0.039748248
0.03978057
0.03835634
0.039102809
0.040131641
0.039784137
0.038956213
0.038867878
0.039755702
0.039293701
0.039082827
0.038994171
0.040137281
0.040043097
0.039089071
0.039241482
0.039517198
0.039796379
0.039095552
0.039007537
0.039522553
0.039800967
0.038629733
0.038660962
0.039406526
0.03931739
0.038990343
0.03962402
0.039778784
0.039323908
0.038646529
0.038911408
0.039060798
0.039571953
0.038425165
0.038570924
0.039305987
0.039099956
0.038549127
0.038351874
0.038842413
0.039225994
0.039257547
0.038819992
0.038967522
0.038998842
0.038006063
0.038372211
0.038976207
0.038891406
0.038017446
0.038270457
0.03852646
0.03878551
0.038139575
0.037731411
0.038536816
0.038795229
0.037498909
0.038071262
0.038547375
0.038242764
0.037943421
0.03775678
0.038004142
0.037817186
0.037314352
0.037555751
0.038569102
0.038825636
0.038077278
0.0374636
0.038029119
0.037736008
0.037447854
0.037583287
0.037719501
0.037856502
0.036441398
0.037179574
0.037627264
0.037869974
0.036557606
0.036989856
0.037224376
0.037253982
0.036674062
0.036703215
0.036732383
0.037269324
0.036790767
0.036130838
0.037051126
0.037284833
0.036411649
0.036538756
0.036666565
0.036695636
0.035571066
0.035881042
0.0364871
0.036515999
0.035966365
0.036185791
0.036602787
0.036436377
0.035703523
0.03601385
0.036042322
0.035881956
0.035446352
0.035938677
0.03625176
0.035807982
0.035194677
0.034865768
0.035799593
0.03601492
0.035126186
0.035064654
0.035271332
0.035299123
0.035058623
0.03473449
0.034936959
0.035592025
0.034470999
0.03415907
0.034784189
0.035163171
0.035190813
0.035397242
0.036442483
0.037549554
0.036310138
0.036816784
0.037944061
0.038180777
0.037197181
0.037930635
0.03848038
0.038196599
0.036922214
0.037048381
0.036980083
0.036912158
0.035367125
0.035843977
0.03560095
0.035900084
0.033784474
0.034219232
0.034664634
0.034026174
0.033649288
0.033835929
0.033943166
0.033969663
0.033754495
0.033152351
0.033807182
0.033994658
0.033229972
0.033025462
0.033515616
0.034019755
0.033333655
0.032976166
0.03377835
0.033567689
0.033053215
0.033541568
0.033334542
0.033830323
0.03308009
0.033105794
0.033438286
0.033386971
0.033412894
0.033208747
0.03362007
0.033803012
0.033286102
0.033009078
0.033261451
0.0336725
0.033010865
0.032666073
0.03351805
0.033776947
0.033038317
0.033214175
0.033544825
0.033341358
0.033291306
0.032942694
0.033571691
0.033597632
0.032945083
0.033193803
0.033675534
0.033701528
0.032753185
0.033221407
0.033934901
0.034196909
0.033298319
0.033249098
0.034039654
0.034144369
0.033176887
0.033502228
0.033988355
0.033859548
0.033279144
0.033681492
0.033860608
0.034276141
0.033381613
0.033110968
0.033964814
0.034224246
0.033484293
0.034043109
0.03430312
0.034095373
0.033814125
0.034147691
0.034487392
0.034513825
0.033917924
0.034020531
0.034514045
0.034940245
0.033643074
0.033668821
0.034540792
0.034646314
0.034280582
0.034699316
0.035291142
0.035649735
0.03534509
0.034568174
0.035153835
0.036012364
0.034568834
0.035315943
0.035756733
0.035617175
0.034911913
0.03542378
0.036119657
0.036062122
0.035341187
0.035449779
0.035891213
0.035668516
0.03553078
0.036227131
0.036686285
0.036453793
0.035971272
0.036167219
0.036623544
0.036913781
0.036249694
0.036277213
0.037175364
0.036675862
0.037054077
0.036472848
0.037199076
0.037496387
0.03707808
0.037194731
0.037672456
0.03779227
0.037458092
0.037486443
0.038436549
0.038944056
0.038213051
0.038148899
0.038935609
0.039159374
0.038328717
0.038171467
0.038764831
0.039573879
0.038444616
0.039337126
0.039863859
0.039793438
0.038844982
0.039162937
0.040085447
0.04001435
0.039545185
0.039476523
0.041037497
0.040648251
0.039664407
0.040605598
0.041161156
0.04119211
0.04080136
0.042014007
0.04329897
0.043567638
0.043719488
0.044113906
0.045397647
0.045821134
0.045337374
0.046153649
0.046998583
0.04676037
0.045993214
0.045507595
0.04580045
0.04596534
0.044601979
0.045260516
0.04466878
0.044950551
0.043768391
0.044159174
0.044192194
0.045464033
0.045244541
0.046442648
0.04944398
0.051844644
0.05272289
0.054526869
0.05744965
0.059158963
0.058566498
0.059033351
0.060163343
0.058697587
0.058531537
0.056167945
0.054893831
0.054388998
0.052018054
0.050459936
0.050189571
0.049621763
0.048490228
0.047962023
0.047445978
0.048033346
0.046448729
0.047145386
0.049286665
0.049176897
0.049213399
0.051068378
0.051582411
0.05162067
0.051340066
0.05122004
0.05255158
0.05259052
0.051812252
0.051214421
0.052377002
0.05160689
0.051328242
0.050897835
0.051881655
0.051920024
0.051638667
0.051676837
0.052196844
0.053227219
0.051317759
0.052150635
0.052514302
0.052227657
0.051944559
0.051823424
0.05218178
0.052708298
0.051464549
0.051976429
0.052497836
0.053029039
0.052091381
0.051970318
0.053819
0.054374825
0.052244915
0.053937883
0.053977549
0.054534972
0.05422855
0.053420458
0.055006771
0.055224747
0.054388074
0.054775786
0.0566251
0.056295067
0.056708224
0.056377687
0.057168782
0.057593373
0.056874718
0.057104858
0.057720069
0.057569802
0.056853903
0.057083296
0.060309746
0.0599362
0.058561597
0.059611374
0.060910853
0.062266245
0.0599482
0.059992
0.061304184
0.061133693
0.060541052
0.059755307
0.06281037
0.063311674
0.062230489
0.061187129
0.063450279
0.063496525
0.063085652
0.063131611
0.065049521
0.065338884
0.063498033
0.06471234
0.064522214
0.063867313
0.062776507
0.063046518
0.06377566
0.06382201
0.061643004
0.063004959
0.063502693
0.0635488
0.062475301
0.062741562
0.064147093
0.063505835
0.062436944
0.063371639
0.063644065
0.065323269
0.0632843
0.063555514
0.064287886
0.064800621
0.064150239
0.063066438
0.0649414
0.065224693
0.06410629
0.06484743
0.066331074
0.066379005
0.065223573
0.063881943
0.067017533
0.066817521
0.064941552
0.066178676
0.068225706
0.070400201
0.06910648
0.068893346
0.06920614
0.068992675
0.068008033
0.068057012
0.068106015
0.06919162
0.066461652
0.067245739
0.068302263
0.067342508
0.066410696
0.066458434
0.067487836
0.066553979
0.065179684
0.066649616
0.067681934
0.067981371
0.06655124
0.068078966
0.067876405
0.067427462
0.065322321
0.066309707
0.068323366
0.066885961
0.066214152
0.068217629
0.06801549
0.068064173
0.067125737
0.066931257
0.067221808
0.067269878
0.06683367
0.066403715
0.068155043
0.067954815
0.067266854
0.066832344
0.068349948
0.067655268
0.067459129
0.067264423
0.068545227
0.068594105
0.066452272
0.066499635
0.068240945
0.069297524
0.06687902
0.067165666
0.06818759
0.068236121
0.067550432
0.069084168
0.068630515
0.068929971
0.067500852
0.067069757
0.068825858
0.068625206
0.066739468
0.067499884
0.068523222
0.0680803
0.068373675
0.068176938
0.068225291
0.069519538
0.066649849
0.067404122
0.068174581
0.068222876
0.067787001
0.0675953
0.069108345
0.068908489
0.066332577
0.068758694
0.069555229
0.069353131
0.067218173
0.067978744
0.069752093
0.070310866
0.069850665
0.070668117
0.071769572
0.071028089
0.071604712
0.070352402
0.072511443
0.073110213
0.071017817
0.069539527
0.07244477
0.071693267
0.068945244
0.068267539
0.06928806
0.069336825
0.067699156
0.067512362
0.069236861
0.069285544
0.06742158
0.067006849
0.069927671
0.068991205
0.067378911
0.067426222
0.069626966
0.070933519
0.070222755
0.07154969
0.075152536
0.075493374
0.073573072
0.073624636
0.072860621
0.073727837
0.071640938
0.070666943
0.071741289
0.071532324
0.068373512
0.068896491
0.069670411
0.069964617
0.069281679
0.068850307
0.070111417
0.070657988
0.068994703
0.067868681
0.070307471
0.069621108
0.068948967
0.068290613
0.069524671
0.070059676
0.068667932
0.067558961
0.068763675
0.070749934
0.068624491
0.069144252
0.069671229
0.070205573
0.069051439
0.068165701
0.070352201
0.070895165
0.069007403
0.068125328
0.069578291
0.070108475
0.069199394
0.070942315
0.07199854
0.073085184
0.071090141
0.071389074
0.073768111
0.073025511
0.072043262
0.073126793
0.074785765
0.074564449
0.073017181
0.073067747
0.07444776
0.073431202
0.072188322
0.072238267
0.072543672
0.07208441
0.069453585
0.071185024
0.071730625
0.072031166
0.069881844
0.071381942
0.073464857
0.073254876
0.071529869
0.072583844
0.074731645
0.073457242
0.071480088
0.073040547
0.073090887
0.073922117
0.073710725
0.073242045
0.074074959
0.074657322
0.073652753
0.074493113
0.075899712
0.077358432
0.076560949
0.076895251
0.079279863
0.079334341
0.076213291
0.076824361
0.077159752
0.076929895
0.075871035
0.075649996
0.075975189
0.074945063
0.075534066
0.073735849
0.075909741
0.075961762
0.074670806
0.075522547
0.076948345
0.07756514
0.075949025
0.07572957
0.077159229
0.078063613
0.076431022
0.076759395
0.078803286
0.078857143
0.076916883
0.077529205
0.079608555
0.079366769
0.077688129
0.079475156
0.08072983
0.080784904
0.078759562
0.080591011
0.080950278
0.081621464
0.081060653
0.079909694
0.0817884
0.082471253
0.081899817
0.080426542
0.083925997
0.083983097
0.082122956
0.081251976
0.084154554
0.084211758
0.084598164
0.085999384
0.087094644
0.087153794
0.086864118
0.088697025
0.092534126
0.091815504
0.094264226
0.093118823
0.097778385
0.100550054
0.100156652
0.10022452
0.104611231
0.106206583
0.100891112
0.103830301
0.104894843
0.105979989
0.100700459
0.101232945
0.101770392
0.099987578
0.096969763
0.096187825
0.099287814
0.09589906
0.095136551
0.093985458
0.098228854
0.097001791
0.094578339
0.094239409
0.095522403
0.096839043
0.096065328
0.096969639
0.097889915
0.100162076
0.09759192
0.098087848
0.101739415
0.100886557
0.100954448
0.099226417
0.101549824
0.103981327
0.10356952
0.101754791
0.106166344
0.108290579
0.103848184
0.104889124
0.106958782
0.107542691
0.106092017
0.107687079
0.109328632
0.108873447
0.107903903
0.108495359
0.112349057
0.111867788
0.108193457
0.113137893
0.111540549
0.11385875
0.112801282
0.111764685
0.112952294
0.115911214
0.112543523
0.114316543
0.11794922
0.118028049
0.118106914
0.121977872
0.12205934
0.122797515
0.11903951
0.122303962
0.12109049
0.123791196
0.119982443
0.122630635
0.125394632
0.125478216
0.120935875
0.127033844
0.125729191
0.128624386
0.121899974
0.128795709
0.127457323
0.124784464
0.125546104
0.129138812
0.13217839
0.13151475
0.128677671
0.130209956
0.132530117
0.13338032
0.135810454
0.132794323
0.135200188
0.136081081
0.136972378
0.139525452
0.140459058
0.141404022
0.135739131
0.14159154
0.144309165
0.14530169
0.140174051
0.141111853
0.144691825
0.147519437
0.143116538
0.143211225
0.146888603
0.146985743
0.140917773
0.146265989
0.148203694
0.144662314
0.151253423
0.150389285
0.158568512
0.154524874
0.154626863
0.153724164
0.152833157
0.159092379
0.154028548
0.156158126
0.16048433
0.153337635
0.155444399
0.155546794
0.158762218
0.158866753
0.156879606
0.156982856
0.160248961
0.160354382
0.15729288
0.160565366
0.165103228
0.167522403
0.157706882
0.164295859
0.166687165
0.163392619
0.160229901
0.164727824
0.170681179
0.166081636
0.168514931
0.168625454
0.173591738
0.173705542
0.167784
0.172690918
0.176588088
0.174161255
0.170593435
0.167173298
0.17325711
0.177166932
0.178586404
0.171152387
0.177514848
0.17634374
0.171488346
0.17786322
0.18196406
0.176805174
0.17821205
0.179639666
0.177151778
0.185325024
0.177383101
0.176221867
0.187105483
0.184412059
0.180461739
0.183274598
0.187593913
0.187716154
0.18363311
0.190874917
0.186658324
0.189653386
0.181404329
0.191372435
0.19451265
0.196183937
0.188818721
0.194892409
0.199737309
0.196694633
0.19224518
0.196950315
0.193998891
0.200386964
0.195780441
0.192870197
0.197590491
0.196161854
0.197846951
0.196416405
0.199688463
0.196671177
0.196798646
0.19692617
0.201821179
0.200336286
0.197309074
0.195894345
0.205661531
0.205794627
0.196274916
0.201115529
0.207898347
0.208032775
0.193755682
0.203262247
0.21017338
0.208571071
0.206995088
0.205444787
0.207262491
0.214426662
0.202549403
0.202680094
0.213036597
0.209650459
0.199874511
0.21344897
0.221015644
0.225072369
0.217517636
0.227374609
0.223529439
0.216091211
0.205767555
0.209275393
0.218359197
0.214827405
0.213174195
0.21154837
0.217066179
0.224826953
0.208510108
0.221234663
0.217624624
0.221518943
0.219766635
0.219907712
0.212774507
0.22401944
0.218464092
0.21496081
0.218744395
0.220755446
0.220896947
0.221038509
0.231054245
0.2397653
0.239918856
0.246931692
0.25188763
0.259610313
0.249785036
0.252371489
0.257533565
0.257698257
0.257863019
0.265926663
0.268839878
0.289934783
0.283813042
0.296903142
0.290490668
0.293942146
0.284538575
0.281658645
0.294505238
0.304973088
0.273379292
0.260011343
0.276609331
0.257790533
0.252994128
0.243779181
0.246214214
0.255938809
0.248853594
0.25138354
0.256427861
0.261672027
0.256754242
0.247313144
0.259601303
0.259766339
0.250122712
0.257571413
0.260261869
0.260427187
0.246115209
0.253307802
0.244167001
0.253629468
0.240072003
0.238079444
0.24478725
0.247210463
0.238532651
0.243023554
0.245408553
0.241139466
0.230891693
0.235091221
0.237321851
0.243948604
0.229498554
0.227697647
0.24004751
0.22993442
0.232063278
0.232210006
0.234377289
0.234525418
0.224895542
0.226928691
0.225179755
0.218053502
0.213037047
0.492232419
0
0
0
0
0
0
0
0
0
0
0
0
0
0
0