;UFOS3
;Measurement details: channel = Z, date = 02.06.2018, time = 01:37:12
Exposure=2427
Gain=0
Temperature=15.9
Accummulate=4
9.869 mu
13.809 amas
3.645 hs
0 ozone
0 uva
0 uvb
0 uve
[Value]
0
339
337
341
338
341
339
340
403
432
471
469
432
451
484
457
472
427
500
470
509
442
511
481
478
449
504
479
481
493
520
525
482
468
518
495
494
448
490
485
459
466
535
516
492
459
514
511
474
467
488
517
447
481
510
493
433
476
510
488
475
453
479
479
473
455
522
484
469
454
525
482
453
487
513
504
471
446
480
495
461
474
507
476
450
479
502
501
440
461
543
517
451
479
515
525
459
438
514
519
438
475
503
489
453
484
502
495
470
469
511
485
449
500
529
494
449
471
491
482
445
468
515
482
473
481
495
501
468
457
484
482
469
452
499
528
456
485
497
477
493
474
497
505
450
470
505
520
441
547
519
502
444
470
513
487
512
470
511
522
430
449
487
501
491
510
505
498
485
446
510
498
488
501
511
499
446
494
520
479
443
462
506
513
490
466
538
512
466
492
487
546
438
493
499
479
467
476
502
488
459
463
520
507
481
457
493
462
463
465
520
490
445
483
490
493
445
460
483
560
491
458
517
476
482
488
528
492
456
432
513
480
428
480
511
512
443
469
469
481
506
464
493
507
458
493
497
479
483
469
504
493
469
476
490
556
474
495
515
490
455
595
536
486
471
438
486
499
479
439
486
490
445
484
517
510
455
479
492
504
467
464
493
529
460
445
521
473
478
474
507
535
462
464
481
507
457
450
512
504
487
465
505
513
494
482
487
484
467
443
514
518
503
461
491
510
478
467
510
493
448
475
510
499
449
481
492
499
469
467
523
495
458
468
510
499
489
434
519
550
472
465
483
517
439
481
527
513
457
466
507
494
437
464
479
478
449
472
505
480
489
464
509
495
490
469
535
494
480
480
489
500
476
483
492
520
455
454
499
493
483
454
519
490
453
487
481
491
462
455
507
519
435
464
496
478
463
453
504
592
475
465
523
542
450
465
561
468
496
458
485
491
464
453
489
491
514
482
504
486
464
472
495
504
452
442
519
468
478
464
500
485
452
443
528
522
432
476
523
517
472
476
486
534
430
463
500
507
468
425
513
468
446
542
504
489
484
487
511
516
494
449
501
481
471
471
490
510
443
463
502
540
471
440
504
474
462
509
524
510
487
478
526
480
449
473
499
498
457
481
483
473
467
452
518
479
483
466
520
488
488
479
514
477
446
512
488
518
456
459
519
488
479
459
482
492
451
506
505
488
474
466
496
484
457
458
501
502
461
517
532
492
477
471
493
507
485
475
496
513
477
469
476
505
478
472
492
482
454
441
494
476
499
463
484
495
495
487
508
485
446
468
514
500
474
498
512
520
472
462
503
487
461
466
510
522
463
488
506
490
461
467
497
506
462
452
505
504
462
478
512
492
454
502
539
461
475
458
494
479
488
490
509
496
472
474
491
457
463
480
500
483
456
494
505
503
434
493
488
491
493
473
519
479
447
490
564
474
443
487
505
517
597
462
533
502
454
449
481
484
447
462
482
509
451
460
488
470
490
493
492
480
476
438
489
499
450
449
498
506
471
473
501
479
501
487
515
497
468
451
507
494
465
464
501
477
479
494
514
476
470
468
512
475
479
449
502
486
459
483
524
476
472
434
485
499
463
467
489
487
471
463
455
476
454
454
486
498
448
456
518
518
451
485
488
474
453
490
485
501
452
461
519
517
451
484
487
499
484
506
487
510
488
860
494
520
508
486
477
488
459
474
492
463
455
482
500
457
472
483
516
502
486
495
491
458
483
454
502
506
463
463
496
551
484
441
488
487
444
472
510
513
478
483
502
464
461
493
473
505
456
485
500
485
480
478
484
478
470
460
495
484
456
470
521
483
476
487
463
511
471
473
528
471
472
483
505
494
447
469
510
485
455
474
500
479
466
469
509
480
489
471
493
485
503
475
483
506
476
476
498
517
496
484
509
508
454
448
492
485
506
481
484
501
454
477
481
487
450
489
487
483
473
486
495
477
445
468
532
498
489
508
492
489
455
462
478
475
462
470
495
506
488
469
509
499
485
522
490
470
483
480
495
509
457
489
478
512
476
505
519
479
460
475
483
497
500
472
492
468
468
472
493
499
483
490
496
530
458
458
497
474
473
510
497
486
475
476
499
484
466
477
502
488
504
484
511
489
466
477
485
508
484
475
492
483
520
454
497
477
501
468
496
512
462
479
509
499
450
476
494
562
487
468
486
498
493
487
497
474
486
494
497
479
513
492
503
495
510
469
508
476
475
471
476
481
535
482
478
479
491
504
484
494
475
482
506
502
454
467
512
495
499
473
501
490
491
495
483
491
466
458
485
501
488
469
505
513
470
487
507
500
491
499
489
498
483
492
501
510
499
463
487
524
459
509
484
483
479
507
525
512
492
500
507
514
493
520
516
517
482
524
518
522
511
507
512
505
499
497
475
508
517
504
529
539
484
518
536
509
517
496
517
534
517
487
513
520
510
516
545
532
526
492
521
533
534
512
537
499
495
514
541
560
518
528
523
526
542
499
557
527
514
497
544
553
506
507
518
509
566
532
561
536
530
517
536
564
508
536
523
511
518
533
551
571
518
530
536
525
521
542
553
575
539
547
552
544
524
566
555
542
533
579
541
580
560
550
546
577
561
540
550
551
545
525
553
581
557
547
557
559
543
553
542
563
536
526
557
543
530
556
563
543
551
546
586
556
564
568
570
566
556
556
619
576
586
611
586
603
602
596
601
605
584
612
614
602
630
593
622
612
639
633
641
634
626
601
607
620
568
605
609
666
606
601
605
628
646
590
586
627
581
597
643
607
597
595
729
641
644
627
649
660
629
634
645
664
669
673
687
689
684
702
722
711
736
699
714
734
743
710
736
727
702
717
706
717
708
727
675
701
677
693
682
702
684
695
716
728
688
733
732
731
736
707
727
770
751
766
773
808
789
789
816
824
835
825
830
853
902
857
898
900
898
871
886
871
883
864
882
906
883
868
852
856
869
861
894
837
836
865
860
887
871
840
893
887
886
862
856
851
869
852
894
845
868
847
877
825
851
781
775
773
783
786
773
791
792
770
760
794
791
775
827
792
784
832
850
833
817
816
836
858
881
895
879
902
928
942
960
989
1000
987
1037
1024
1016
1029
1059
1036
1060
1029
1080
1064
1057
1058
1054
1054
1053
1038
1076
1052
1018
1037
1058
1048
1007
1034
989
999
990
959
976
981
980
963
964
962
951
961
955
958
962
962
940
974
969
999
1011
1032
1049
1022
1052
1103
1084
1081
1144
1159
1147
1194
1182
1213
1222
1219
1226
1275
1269
1270
1267
1297
1302
1316
1292
1359
1339
1355
1392
1385
1405
1398
1405
1429
1445
1421
1446
1460
1440
1462
1426
1428
1434
1387
1411
1403
1369
1364
1385
1393
1363
1340
1352
1349
1315
1304
1315
1317
1323
1329
1317
1319
1376
1318
1315
1306
1313
1264
1314
1326
1352
1316
1337
1359
1362
1345
1407
1419
1377
1459
1496
1480
1487
1572
1564
1603
1632
1670
1667
1751
1746
1792
1826
1854
1896
1906
1898
1935
1966
1975
1994
2021
1996
1970
1990
1957
1976
1951
1969
1940
1953
1934
1935
1923
1941
1924
1928
1894
1906
1874
1858
1836
1817
1814
1778
1769
1796
1733
1716
1641
1656
1608
1613
1580
1570
1584
1560
1546
1510
1546
1496
1511
1479
1455
1424
1423
1438
1475
1420
1434
1457
1451
1468
1467
1512
1527
1569
1603
1619
1678
1663
1684
1728
1732
1742
1743
1728
1744
1737
1723
1743
1745
1727
1735
1722
1755
1716
1736
1721
1717
1737
1722
1699
1738
1701
1706
1756
1725
1722
1740
1716
1709
1722
1729
1687
1684
1654
1634
1661
1623
1568
1604
1588
1552
1530
1537
1539
1520
1489
1503
1502
1504
1530
1503
1534
1545
1549
1549
1551
1588
1636
1700
1674
1654
1691
1710
1718
1738
1761
1750
1738
1765
1740
1762
1743
1775
1787
1790
1778
1795
1835
1804
1833
1841
1859
1869
1863
1906
1946
1925
1926
1959
1922
1950
1931
1925
1906
1876
1853
1789
1775
1759
1713
1740
1707
1715
1680
1646
1698
1645
1667
1688
1677
1651
1706
1715
1701
1716
1739
1747
1745
1749
1756
1733
1727
1721
1701
1707
1664
1656
1592
1613
1585
1572
1636
1633
1638
1640
1667
1710
1760
1780
1798
1838
1834
1852
1885
1877
1911
1935
1938
1985
1932
2010
1999
2006
1995
2058
2033
2040
2042
2056
2046
2086
2076
2098
2099
2137
2155
2183
2203
2221
2270
2234
2279
2279
2249
2277
2250
2247
2195
2178
2152
2155
2123
2105
2106
2072
2083
2117
2134
2160
2164
2159
2178
2167
2211
2274
2293
2295
2367
2341
2371
2425
2427
2411
2384
2418
2409
2396
2411
2367
2342
2325
2297
2307
2285
2265
2271
2247
2234
2191
2193
2180
2195
2176
2196
2176
2169
2179
2159
2164
2150
2131
2112
2118
2078
2096
2097
2087
2087
2098
2089
2083
2107
2103
2094
2105
2134
2214
2122
2161
2172
2197
2205
2254
2189
2185
2216
2190
2206
2202
2184
2196
2216
2168
2167
2120
2143
2129
2112
2179
2134
2124
2144
2147
2173
2149
2136
2149
2130
2130
2143
2132
2141
2114
2128
2151
2102
2089
2071
2089
2085
2016
2007
1993
1949
1896
1902
1878
1812
1790
1761
1756
1739
1666
1652
1612
1653
1568
1598
1567
1563
1606
1532
1581
1599
1607
1650
1697
1711
1755
1807
1811
1871
1883
1890
1922
1945
1961
1982
1993
2036
2037
2072
2052
2046
2058
2101
2084
2111
2108
2083
2118
2044
2096
2041
2059
2073
2006
2036
2004
2006
1990
2004
1981
1961
1984
1966
1988
2006
1994
2012
1996
2017
2063
2049
2085
2082
2093
2123
2166
2174
2189
2210
2210
2214
2216
2198
2222
2213
2210
2196
2195
2205
2188
2200
2146
2149
2108
2099
2095
2080
2113
2108
2099
2100
2073
2111
2153
2120
2110
2130
2108
2119
2123
2143
2148
2184
2177
2179
2225
2190
2201
2219
2245
2233
2253
2281
2287
2262
2246
2264
2238
2210
2235
2236
2271
2255
2209
2258
2261
2279
2273
2284
2266
2269
2193
2213
2172
2196
2184
2197
2207
2240
2260
2301
2324
2316
2342
2387
2441
2438
2479
2486
2539
2560
2579
2602
2634
2643
2705
2727
2722
2745
2732
2730
2698
2671
2674
2634
2633
2633
2604
2607
2616
2635
2611
2538
2494
2501
2481
2484
2442
2425
2467
2437
2449
2429
2424
2454
2443
2513
2503
2617
2510
2558
2552
2579
2588
2619
2602
2605
2618
2591
2569
2500
2480
2409
2374
2297
2289
2219
2201
2201
2198
2187
2199
2202
2217
2244
2258
2286
2296
2336
2309
2344
2379
2355
2377
2434
2443
2493
2482
2526
2525
2510
2601
2496
2487
2473
2458
2438
2484
2470
2468
2470
2514
2463
2462
2506
2507
2525
2508
2515
2536
2530
2551
2558
2584
2627
2598
2648
2608
2603
2607
2590
2582
2575
2545
2596
2543
2513
2487
2485
2471
2475
2425
2400
2380
2354
2417
2376
2375
2307
2318
2326
2313
2273
2289
2284
2275
2232
2178
2185
2177
2189
2151
2137
2130
2139
2178
2196
2218
2250
2196
2208
2225
2194
2166
2175
2190
2148
2170
2141
2138
2113
2101
2091
2046
2013
1981
1960
1911
1861
1886
1859
1845
1823
1844
1882
1901
1888
1878
1913
1906
1893
1887
1902
1898
1924
1907
1943
1931
1915
1939
1939
1941
1862
1855
1875
1876
1855
1826
1823
1877
1756
1754
1719
1705
1665
1666
1681
1632
1651
1630
1636
1660
1686
1722
1749
1788
1784
1813
1876
1916
1952
1955
1988
2043
2069
2141
2173
2188
2261
2282
2388
2398
2409
2459
2490
2547
2526
2570
2562
2556
2550
2559
2598
2573
2561
2588
2569
2550
2518
2500
2512
2488
2440
2448
2425
2401
2376
2373
2348
2325
2259
2226
2189
2193
2156
2162
2163
2181
2199
2188
2216
2189
2198
2238
2243
2309
2266
2310
2349
2388
2369
2377
2401
2437
2418
2352
2355
2365
2320
2315
2313
2309
2265
2272
2280
2301
2290
2328
2309
2295
2314
2327
2359
2422
2456
2483
2556
2618
2648
2715
2741
2840
2804
2811
2820
2783
2743
2741
2708
2693
2619
2624
2611
2606
2549
2495
2515
2485
2437
2434
2430
2426
2376
2429
2448
2454
2515
2534
2606
2636
2653
2692
2747
2713
2758
2716
2726
2743
2699
2666
2650
2605
2651
2536
2511
2495
2425
2414
2394
2384
2313
2313
2322
2297
2286
2252
2344
2321
2330
2387
2396
2400
2434
2443
2498
2485
2483
2535
2568
2578
2615
2616
2668
2686
2719
2737
2742
2766
2795
2837
2831
2858
2791
2822
2846
2838
2850
2832
2824
2821
2804
2766
2797
2802
2758
2770
2754
2753
2734
2701
2746
2685
2658
2637
2647
2601
2554
2573
2574
2556
2529
2516
2549
2534
2529
2491
2483
2492
2467
2501
2490
2492
2505
2473
2470
2486
2489
2503
2492
2455
2400
2420
2416
2437
2397
2388
2383
2404
2335
2360
2365
2390
2326
2325
2332
2326
2278
2271
2283
2266
2283
2243
2289
2281
2294
2287
2378
2334
2348
2356
2359
2418
2428
2446
2464
2524
2505
2559
2591
2588
2559
2635
2653
2648
2591
2599
2607
2619
2563
2546
2570
2511
2478
2451
2477
2463
2486
2441
2451
2421
2463
2405
2432
2405
2382
2382
2373
2368
2310
2281
2284
2289
2250
2233
2252
2280
2255
2267
2295
2312
2357
2339
2419
2460
2509
2547
2561
2565
2589
2621
2652
2706
2681
2693
2683
2693
2632
2618
2667
2643
2550
2542
2475
2477
2398
2384
2353
2385
2328
2310
2297
2325
2292
2286
2301
2263
2249
2241
2254
2266
2245
2251
2244
2241
2226
2266
2299
2285
2309
2381
2407
2384
2385
2343
2346
2332
2265
2251
2243
2265
2186
2113
2102
2062
1983
2016
2003
2038
1988
2010
2115
2140
2151
2199
2292
2457
2343
2395
2441
2448
2467
2512
2532
2546
2493
2516
2492
2490
2386
2363
2337
2272
2255
2216
2196
2156
2100
2126
2158
2177
2142
2175
2214
2241
2313
2307
2372
2443
2444
2466
2528
2575
2559
2590
2631
2661
2620
2641
2686
2711
2640
2658
2637
2612
2601
2542
2557
2585
2515
2525
2521
2551
2513
2505
2525
2565
2570
2557
2613
2608
2568
2603
2625
2645
2588
2591
2632
2662
2624
2652
2715
2719
2716
2711
2743
2760
2771
2795
2806
2826
2825
2855
2860
2883
2904
2916
2948
2985
2950
2952
2994
3041
2990
3047
3076
3019
3022
3036
3080
3098
3070
3033
3057
3060
3013
2979
3000
2946
2900
2859
2848
2810
2774
2750
2696
2681
2637
2559
2579
2527
2435
2512
2434
2430
2357
2361
2354
2387
2303
2305
2321
2274
2274
2267
2252
2291
2153
2184
2225
2149
2138
2159
2165
2131
2134
2170
2180
2224
2177
2237
2262
2306
2251
2272
2357
2382
2341
2368
2408
2431
2397
2400
2412
2443
2393
2416
2430
2392
2341
2319
2379
2278
2244
2230
2258
2233
2196
2162
2173
2204
2155
2114
2133
2128
2085
2029
2056
2022
1970
1996
1968
1930
1866
1823
1863
1861
1819
1805
1823
1817
1763
1745
1767
1735
1665
1676
1671
1625
1611
1589
1616
1638
1605
1593
1580
1577
1538
1521
1545
1551
1509
1507
1540
1523
1481
1508
1513
1515
1512
1523
1527
1512
1495
1483
1531
1498
1486
1447
1500
1497
1477
1486
1512
1528
1506
1541
1611
1620
1641
1639
1684
1744
1712
1783
1801
1833
1828
1866
1961
1960
1966
2014
2068
2011
2018
2001
2092
2034
2022
2051
2037
2059
2047
2040
2084
2041
2013
1980
1983
2006
1941
2039
1963
1994
1926
1945
1933
1962
1889
1901
1873
1869
1795
1777
1845
1839
1828
1870
1885
1905
1892
1868
1914
1950
1905
1950
2017
2055
2056
2075
2106
2156
2114
2097
2102
2134
2092
2085
2063
2050
1989
1970
1963
1956
1934
1921
1979
1978
1971
1960
1991
1993
1981
2002
2025
2039
2083
2071
2070
2096
2057
2067
2086
2184
2061
2081
2057
2061
2050
2030
2024
2015
1980
2025
2023
2010
2008
1983
1975
1978
1963
1969
1956
1975
1960
1954
1974
1992
2001
2000
2040
2084
2049
2069
2076
2113
2129
2138
2187
2243
2259
2265
2262
2297
2296
2316
2304
2357
2343
2326
2337
2365
2349
2360
2387
2475
2343
2343
2357
2337
2345
2302
2349
2295
2307
2238
2235
2279
2239
2199
2185
2227
2141
2190
2224
2197
2222
2225
2295
2306
2296
2358
2389
2371
2407
2361
2444
2410
2428
2498
2384
2417
2373
2398
2428
2329
2331
2356
2331
2304
2264
2224
2207
2177
2133
2112
2106
2085
2042
2000
2005
1997
1931
1895
1878
1858
1822
1887
1784
1772
1745
1752
1693
1670
1636
1578
1535
1484
1398
1346
1317
1278
1213
1199
1158
1153
1137
1085
1071
1041
1030
1072
1047
1035
1020
1055
1063
1098
1113
1106
1166
1204
1211
1261
1279
1286
1309
1325
1348
1383
1375
1423
1439
1502
1470
1546
1534
1564
1588
1602
1622
1648
1621
1657
1682
1755
1724
1788
1784
1749
1762
1773
1834
1804
1801
1816
1862
1831
1833
1846
1830
1823
1841
1836
1804
1810
1783
1813
1779
1776
1747
1766
1736
1730
1699
1699
1695
1644
1586
1593
1585
1543
1475
1430
1457
1393
1327
1283
1233
1205
1175
1140
1139
1111
1105
1063
1055
1098
1025
1022
1029
1072
1025
1064
1093
1097
1145
1133
1193
1225
1217
1249
1346
1380
1366
1404
1465
1552
1539
1574
1628
1680
1639
1708
1766
1768
1765
1768
1820
1815
1786
1795
1805
1834
1787
1772
1821
1854
1820
1844
1849
1850
1874
1872
1881
1850
1866
1885
1932
1939
1942
1950
1991
1985
2017
2005
2021
2010
1983
2038
2007
2043
2053
2046
2032
1996
2025
2012
1995
2030
1984
2025
2034
2036
2031
2030
2040
2072
2037
2057
2047
2047
2107
2073
2032
2020
2043
2018
2023
2021
2031
2055
2011
2043
2024
2061
2040
2077
2036
2019
2065
2116
2068
2106
2088
2118
2115
2087
2145
2130
2123
2203
2162
2172
2151
2113
2119
2136
2109
2113
2115
2135
2142
2131
2152
2145
2106
2137
2123
2154
2118
2076
2105
2127
2082
2085
2106
2134
2150
2119
2130
2116
2134
2097
2146
2132
2131
2081
2122
2126
2063
2016
2053
2027
2016
1956
1982
1944
1892
1909
1961
1955
1957
1916
1926
1958
1919
1977
2001
1993
1975
1963
2021
2011
2008
1973
1986
2038
2026
2016
2117
1978
1997
1946
1950
1913
1877
1878
1854
1853
1809
1803
1813
1828
1785
1789
1786
1798
1802
1773
1785
1783
1785
1797
1851
1806
1810
1823
1812
1844
1836
1788
1876
1810
1782
1785
1761
1779
1720
1715
1716
1731
1692
1705
1695
1683
1658
1672
1664
1636
1637
1606
1608
1579
1595
1573
1576
1616
1561
1539
1571
1556
1554
1572
1573
1534
1533
1516
1537
1554
1510
1531
1530
1593
1531
1593
1513
1559
1516
1527
1525
1546
1517
1492
1511
1527
1449
1465
1486
1485
1435
1463
1483
1532
1441
1470
1460
1524
1461
1451
1465
1476
1463
1421
1439
1473
1484
1499
1454
1483
1481
1474
1496
1477
1485
1467
1469
1508
1430
1480
1442
1434
1437
1402
1463
1474
1414
1396
1436
1424
1409
1404
1394
1393
1363
1345
1363
1318
1322
1345
1336
1330
1304
1252
1239
1221
1220
1216
1220
1226
1146
1168
1186
1220
1168
1157
1159
1229
1171
1199
1185
1207
1176
1206
1211
1222
1245
1196
1211
1277
1243
1267
1259
1282
1264
1259
1291
1287
1252
1269
1283
1289
1241
1256
1272
1321
1303
1288
1330
1319
1269
1279
1308
1304
1294
1309
1310
1293
1259
1258
1267
1281
1260
1248
1251
1229
1225
1252
1253
1251
1238
1217
1209
1215
1182
1220
1231
1225
1191
1208
1261
1215
1172
1219
1216
1214
1155
1141
1162
1156
1123
1175
1166
1162
1134
1199
1171
1188
1151
1197
1189
1203
1171
1197
1225
1220
1179
1251
1232
1208
1216
1176
1181
1209
1176
1159
1169
1165
1149
1138
1190
1181
1126
1159
1184
1135
1130
1158
1122
1149
1130
1153
1125
1210
1154
1174
1172
1146
1136
1135
1111
1136
1085
1139
1127
1111
1157
1085
1101
1103
1098
1122
1217
1138
1072
1097
1117
1125
1145
1129
1139
1171
1127
1136
1191
1169
1167
1154
1143
1176
1078
838
337
339
339
340
337
338
339
338
1166
1117
337
339
339
0
0

