;UFOS3
;Measurement details: channel = Z-D, date = 02.06.2018, time = 02:07:43
Exposure=2283
Gain=0
Temperature=15.9
Accummulate=4
7.107 mu
7.912 amas
6.706 hs
343 ozone
0 uva
0 uvb
0 uve
[Value]
0
1
1
0
-2
-1
-1
0
0
-1
-1
-2
-1
1
-1
0
-3
0
1
2
-1
0
3
3
2
3
3
4
3
4
3
3
5
2
2
0
2
4
2
3
1
1
0
0
5
2
4
2
0
1
1
4
1
5
0
4
0
-2
0
3
1
0
0
1
2
0
1
1
2
-1
4
1
3
-3
3
5
2
1
3
3
3
4
1
3
3
0
-1
1
2
1
2
2
5
4
1
6
4
2
5
4
2
1
6
3
3
4
1
2
4
1
4
3
2
2
3
3
3
3
3
4
5
5
0
0
0
3
3
3
2
2
1
2
2
3
6
2
0
4
3
1
-1
2
1
4
2
0
3
4
1
3
3
2
6
3
2
3
2
5
3
5
-1
2
3
2
3
2
3
3
4
3
5
2
5
2
4
3
0
6
4
2
0
8
4
4
6
5
2
4
2
2
3
4
3
1
3
-1
6
-2
2
-1
5
4
3
3
3
1
2
3
3
5
6
6
2
4
1
4
3
5
3
3
0
2
1
1
5
2
5
1
5
0
3
5
3
2
0
3
0
5
4
4
-1
1
3
2
4
4
5
3
4
-1
5
4
6
2
2
4
3
2
1
2
5
5
4
2
4
5
1
4
5
1
5
5
2
5
6
3
1
4
6
2
2
3
3
5
3
4
7
5
2
3
4
3
5
6
2
2
5
0
5
4
3
-2
4
4
3
5
2
3
4
2
3
0
4
4
1
4
1
8
1
3
2
3
5
5
5
4
-2
3
4
6
2
2
3
4
1
1
2
2
3
4
4
3
3
4
6
3
2
6
5
1
4
7
4
2
4
0
7
14
1
1
1
4
1
6
1
3
11
2
5
3
8
1
2
6
-1
7
8
2
4
8
3
3
4
7
0
3
5
3
4
6
0
3
-1
4
6
2
4
7
7
3
7
1
4
5
7
5
8
4
7
2
2
0
3
8
2
2
5
3
6
4
7
7
4
2
0
3
3
6
0
5
4
2
5
3
8
4
5
4
4
4
5
6
4
4
1
5
4
2
3
4
4
5
2
5
6
6
4
5
4
6
4
5
4
5
7
3
6
3
4
5
7
4
6
3
3
2
2
7
4
7
5
3
7
5
3
7
3
1
2
6
4
6
0
3
4
5
3
6
-64
6
4
8
5
4
3
7
5
3
5
3
7
8
4
5
3
5
7
4
4
8
3
9
10
5
7
4
5
3
5
3
5
4
5
3
11
4
3
5
5
5
6
6
6
7
11
6
7
5
2
3
7
3
3
6
4
4
4
3
5
4
7
5
8
2
7
6
6
7
8
6
2
4
5
5
5
1
3
6
3
5
0
8
7
6
6
4
6
4
5
5
6
2
2
5
8
5
4
2
6
9
6
5
7
7
9
6
7
8
5
6
8
6
5
5
3
6
6
7
8
7
8
9
5
5
7
3
6
4
8
4
7
7
7
5
7
6
6
6
8
4
6
6
6
10
8
7
3
7
7
8
5
8
8
5
5
4
5
7
5
7
5
7
7
4
4
10
7
7
5
5
8
9
8
7
5
9
8
5
7
4
5
4
9
5
8
8
9
6
6
8
7
4
7
7
6
9
9
5
10
6
6
5
5
6
8
2
9
10
6
7
9
6
6
8
13
6
11
7
8
9
9
6
6
6
3
3
9
7
9
9
8
7
6
9
10
6
7
8
8
4
6
10
8
9
10
8
8
5
9
7
10
8
9
10
7
12
6
9
9
7
7
9
8
8
6
6
5
9
7
9
10
7
8
9
10
9
8
9
4
8
8
9
8
6
8
9
9
7
7
8
12
11
8
9
7
11
6
9
9
8
6
10
8
10
8
6
9
10
9
6
9
11
9
12
9
8
10
9
10
8
11
9
6
10
10
10
11
9
9
9
9
9
10
9
12
10
9
6
10
10
8
8
9
10
10
10
8
10
11
10
6
9
11
9
10
11
11
9
12
14
12
10
11
9
11
9
7
7
12
11
12
12
10
9
11
11
11
12
12
9
6
9
10
13
11
9
10
13
14
12
13
11
9
12
6
11
12
12
15
13
17
13
13
16
13
13
13
12
13
12
14
13
11
12
13
15
12
12
15
14
13
12
12
13
14
15
13
16
12
16
16
17
14
13
18
11
14
17
16
17
12
17
16
17
16
10
16
19
19
18
15
15
14
16
15
19
15
15
18
20
17
20
16
16
18
15
16
18
17
17
24
17
17
17
18
18
20
19
17
20
18
20
17
18
16
17
19
21
19
17
15
15
19
19
20
18
19
24
24
20
19
20
21
17
24
21
24
21
25
21
25
27
25
23
28
25
24
23
31
26
29
27
31
30
28
29
29
31
31
34
36
32
37
35
35
34
40
36
39
36
37
37
39
41
38
45
43
42
46
41
47
45
48
48
48
47
48
48
48
43
48
49
46
46
50
50
52
52
52
54
57
54
59
54
58
60
62
58
64
67
67
62
68
65
68
70
68
71
71
69
70
72
70
71
74
74
72
69
71
73
73
73
79
75
73
76
77
78
77
83
84
79
86
85
89
90
87
90
91
91
96
94
96
100
98
105
98
101
103
107
109
112
110
114
117
119
120
125
127
128
128
127
128
129
127
126
129
127
127
122
122
118
113
114
112
108
109
108
109
108
106
104
113
113
120
116
123
119
126
132
134
139
142
153
157
155
161
172
169
169
173
179
181
184
182
189
193
191
191
193
199
199
202
207
201
202
202
200
211
211
208
210
209
211
207
202
197
203
194
191
193
191
189
192
196
195
202
203
213
219
219
224
231
239
243
256
263
277
289
299
312
319
328
330
345
343
349
345
349
348
346
349
345
343
341
339
335
333
330
325
320
320
318
310
316
316
320
315
326
324
326
339
345
355
357
365
379
392
399
406
416
433
446
455
468
477
495
499
519
528
543
545
554
556
555
549
550
550
547
538
532
532
527
525
515
519
513
511
511
512
510
523
523
531
532
525
535
534
541
535
537
535
534
537
532
524
525
517
511
499
497
479
465
453
447
436
420
429
416
412
403
413
420
424
427
435
443
445
461
466
477
485
501
512
522
526
549
559
574
583
608
621
632
642
657
668
668
684
695
701
715
712
721
723
726
726
726
726
722
720
721
712
707
701
691
692
680
674
664
651
653
638
638
641
631
636
625
630
632
622
627
628
627
633
640
643
648
662
675
687
707
716
732
755
774
789
813
829
848
861
880
899
912
928
945
946
959
962
971
981
985
997
1018
1030
1033
1039
1056
1064
1081
1079
1093
1102
1113
1122
1114
1129
1120
1124
1125
1117
1116
1107
1111
1098
1089
1081
1071
1064
1056
1037
1036
1022
1023
1019
1023
1021
1028
1031
1033
1029
1035
1020
1023
1021
1021
1020
1021
1031
1038
1046
1056
1064
1070
1079
1101
1109
1132
1138
1183
1189
1216
1259
1277
1303
1336
1361
1378
1414
1455
1483
1519
1545
1567
1598
1628
1643
1669
1689
1704
1703
1706
1699
1688
1680
1671
1671
1659
1665
1655
1638
1642
1635
1634
1628
1631
1614
1608
1590
1578
1557
1542
1523
1509
1485
1472
1439
1421
1379
1357
1333
1303
1293
1271
1271
1263
1256
1244
1222
1205
1191
1160
1150
1128
1123
1123
1126
1122
1114
1133
1136
1149
1170
1198
1225
1250
1268
1312
1330
1356
1369
1393
1401
1407
1415
1415
1401
1411
1411
1395
1396
1400
1399
1392
1378
1381
1367
1379
1373
1367
1368
1355
1355
1355
1357
1375
1382
1382
1385
1383
1383
1364
1364
1347
1336
1321
1299
1293
1282
1250
1241
1240
1230
1222
1209
1206
1186
1177
1181
1185
1162
1165
1156
1178
1188
1197
1211
1233
1251
1278
1315
1323
1344
1363
1381
1389
1401
1403
1405
1398
1395
1404
1398
1415
1427
1431
1435
1442
1452
1465
1460
1465
1484
1497
1504
1523
1538
1564
1561
1569
1571
1580
1588
1571
1547
1532
1497
1471
1435
1403
1377
1364
1342
1327
1318
1303
1299
1300
1293
1300
1302
1314
1307
1326
1326
1330
1353
1377
1378
1393
1404
1409
1397
1393
1369
1356
1330
1307
1289
1269
1251
1240
1231
1248
1248
1278
1290
1332
1365
1391
1427
1458
1484
1502
1522
1551
1548
1562
1580
1597
1619
1623
1653
1663
1664
1669
1665
1665
1675
1678
1679
1695
1725
1733
1754
1764
1777
1803
1825
1852
1878
1897
1905
1908
1904
1900
1884
1879
1864
1828
1820
1789
1768
1756
1732
1728
1723
1734
1744
1761
1771
1779
1803
1804
1831
1856
1899
1935
1954
1984
2015
2034
2057
2068
2071
2069
2055
2048
2050
2031
2032
2003
1992
1976
1946
1947
1920
1914
1888
1850
1840
1837
1833
1835
1827
1824
1820
1808
1802
1790
1791
1764
1748
1731
1717
1730
1725
1724
1714
1698
1709
1701
1703
1709
1723
1729
1722
1738
1765
1766
1782
1790
1795
1809
1819
1819
1832
1827
1811
1821
1816
1812
1794
1793
1767
1762
1749
1752
1740
1746
1743
1745
1743
1770
1766
1775
1774
1768
1766
1741
1740
1742
1736
1736
1736
1737
1729
1731
1708
1701
1692
1673
1643
1616
1597
1561
1529
1498
1464
1428
1387
1357
1329
1296
1264
1235
1213
1195
1186
1177
1162
1170
1167
1162
1176
1195
1216
1242
1275
1317
1358
1388
1431
1468
1495
1515
1530
1550
1557
1582
1596
1621
1638
1662
1670
1680
1689
1692
1696
1702
1702
1699
1686
1676
1655
1651
1638
1629
1609
1610
1606
1600
1589
1572
1575
1571
1582
1580
1582
1586
1590
1596
1603
1629
1638
1650
1672
1691
1703
1738
1751
1785
1804
1819
1822
1819
1821
1825
1817
1804
1821
1816
1808
1795
1785
1759
1730
1726
1710
1705
1700
1704
1706
1693
1690
1683
1692
1707
1705
1711
1709
1722
1728
1729
1743
1738
1737
1746
1763
1772
1785
1777
1799
1821
1825
1833
1838
1848
1842
1843
1841
1828
1820
1830
1831
1836
1834
1833
1827
1847
1855
1861
1869
1873
1847
1842
1802
1794
1785
1776
1780
1795
1797
1842
1854
1868
1896
1923
1940
1971
2000
2026
2059
2089
2119
2159
2181
2216
2236
2265
2301
2319
2333
2337
2331
2314
2308
2284
2255
2243
2222
2225
2219
2221
2202
2188
2159
2146
2128
2107
2087
2071
2058
2049
2045
2041
2038
2047
2050
2066
2071
2090
2105
2113
2135
2151
2163
2165
2178
2192
2199
2205
2201
2183
2147
2111
2064
2010
1958
1904
1861
1824
1801
1784
1775
1787
1796
1798
1809
1840
1842
1869
1889
1912
1912
1923
1949
1953
1977
2009
2031
2067
2075
2088
2099
2099
2078
2083
2071
2058
2040
2037
2043
2033
2032
2045
2051
2057
2046
2065
2082
2071
2090
2097
2111
2122
2132
2148
2162
2184
2203
2216
2207
2191
2175
2166
2149
2145
2125
2132
2125
2113
2087
2067
2051
2030
2004
1998
1975
1970
1945
1935
1922
1899
1890
1881
1879
1880
1857
1832
1812
1787
1766
1748
1722
1714
1697
1707
1712
1721
1735
1757
1788
1798
1792
1783
1767
1750
1730
1735
1726
1721
1719
1714
1698
1685
1662
1629
1609
1566
1546
1507
1481
1454
1433
1414
1405
1416
1421
1441
1449
1462
1460
1454
1462
1459
1458
1463
1458
1472
1479
1492
1499
1491
1491
1486
1472
1453
1435
1424
1415
1406
1394
1387
1373
1345
1315
1283
1263
1240
1210
1210
1195
1203
1193
1209
1225
1239
1267
1293
1318
1359
1380
1421
1457
1477
1519
1556
1585
1644
1690
1720
1776
1829
1872
1915
1951
1974
2014
2033
2063
2081
2086
2093
2099
2122
2123
2149
2142
2139
2125
2118
2117
2103
2085
2056
2036
2016
1994
1973
1951
1942
1924
1891
1865
1834
1783
1763
1742
1714
1722
1709
1718
1734
1734
1751
1757
1759
1772
1795
1819
1828
1846
1867
1889
1917
1931
1947
1955
1947
1924
1915
1898
1881
1854
1843
1822
1813
1828
1832
1848
1844
1848
1830
1834
1849
1874
1900
1943
2012
2036
2108
2158
2208
2257
2294
2329
2363
2361
2363
2336
2313
2282
2262
2235
2217
2184
2168
2151
2111
2069
2050
2031
2004
1975
1978
1958
1953
1972
1993
2015
2056
2098
2156
2190
2236
2241
2279
2287
2312
2293
2308
2290
2251
2211
2170
2138
2120
2088
2073
2031
2002
1960
1938
1914
1885
1857
1862
1851
1845
1843
1853
1869
1886
1908
1938
1962
1973
1997
2015
2036
2044
2074
2106
2140
2173
2171
2202
2237
2259
2280
2297
2321
2333
2351
2351
2365
2379
2388
2398
2376
2381
2345
2367
2351
2349
2351
2331
2331
2330
2317
2295
2294
2274
2250
2222
2221
2212
2197
2170
2151
2133
2120
2112
2101
2089
2089
2073
2038
2035
2037
2032
2040
2040
2037
2033
2004
2027
2019
2024
2018
2023
2011
2004
1990
1981
1958
1957
1950
1946
1935
1930
1920
1900
1905
1881
1881
1887
1869
1860
1850
1844
1825
1815
1811
1818
1806
1815
1820
1824
1833
1853
1862
1890
1904
1921
1934
1966
1984
2009
2037
2051
2098
2109
2122
2141
2144
2161
2171
2174
2163
2157
2152
2116
2099
2059
2033
2019
1997
1998
1986
1994
1977
1975
1964
1962
1954
1960
1940
1944
1923
1904
1889
1865
1833
1811
1800
1805
1782
1790
1775
1782
1788
1799
1826
1866
1893
1929
1986
2036
2060
2078
2103
2122
2164
2187
2214
2219
2223
2215
2200
2178
2165
2144
2125
2091
2055
2015
1984
1945
1920
1895
1868
1848
1843
1838
1850
1849
1826
1812
1799
1783
1786
1783
1779
1770
1768
1779
1740
1762
1776
1803
1815
1852
1859
1889
1889
1883
1876
1843
1829
1802
1786
1754
1731
1687
1642
1598
1557
1529
1516
1516
1535
1537
1546
1591
1633
1680
1720
1764
1828
1874
1914
1952
1975
2015
2013
2046
2039
2035
2016
1998
1959
1928
1884
1832
1781
1755
1711
1678
1653
1643
1646
1650
1668
1677
1689
1717
1755
1797
1846
1899
1931
1970
2001
2028
2055
2109
2116
2153
2158
2166
2181
2191
2185
2189
2177
2157
2135
2114
2100
2086
2075
2059
2026
2042
2058
2042
2039
2044
2058
2073
2089
2109
2111
2116
2125
2137
2115
2123
2126
2138
2148
2171
2179
2186
2219
2235
2257
2259
2257
2283
2279
2319
2326
2345
2360
2379
2388
2395
2420
2441
2453
2470
2480
2491
2497
2501
2520
2527
2528
2535
2540
2553
2563
2572
2561
2539
2524
2517
2504
2481
2443
2415
2383
2326
2307
2263
2237
2205
2158
2136
2083
2066
2019
1999
1957
1933
1912
1892
1867
1874
1861
1833
1823
1810
1807
1783
1763
1748
1723
1698
1685
1672
1657
1655
1644
1646
1647
1654
1679
1695
1709
1718
1736
1743
1771
1787
1802
1831
1854
1881
1892
1904
1916
1907
1897
1911
1905
1907
1913
1899
1872
1858
1831
1809
1792
1778
1755
1745
1734
1706
1688
1680
1675
1658
1638
1626
1608
1583
1563
1550
1516
1482
1463
1432
1407
1382
1364
1353
1345
1329
1324
1307
1308
1287
1270
1256
1224
1195
1183
1168
1155
1129
1106
1119
1119
1100
1097
1090
1070
1068
1054
1048
1042
1028
1023
1023
1022
1018
1016
1019
1018
1032
1023
1016
1017
1019
1008
1011
991
991
983
980
983
991
1005
1015
1030
1048
1070
1102
1117
1145
1158
1179
1214
1226
1271
1291
1323
1354
1376
1417
1450
1473
1484
1508
1518
1517
1522
1536
1534
1542
1542
1546
1546
1545
1557
1539
1527
1502
1490
1478
1462
1465
1465
1465
1461
1458
1441
1436
1421
1414
1389
1364
1350
1321
1299
1320
1346
1347
1363
1362
1387
1385
1389
1406
1416
1429
1467
1503
1526
1558
1569
1597
1617
1626
1603
1615
1606
1590
1565
1543
1522
1509
1483
1462
1443
1426
1424
1449
1453
1471
1467
1482
1475
1487
1498
1506
1513
1552
1553
1573
1584
1570
1573
1585
1576
1562
1557
1557
1549
1538
1516
1514
1508
1501
1503
1502
1493
1483
1479
1472
1470
1467
1447
1459
1450
1462
1474
1469
1471
1499
1494
1532
1548
1555
1566
1579
1603
1649
1658
1681
1704
1720
1751
1759
1784
1788
1806
1812
1809
1820
1807
1831
1829
1840
1857
1849
1859
1860
1831
1821
1815
1818
1808
1789
1766
1745
1736
1716
1717
1702
1690
1683
1685
1660
1671
1671
1680
1714
1743
1763
1777
1802
1832
1855
1841
1863
1868
1879
1892
1904
1890
1881
1869
1854
1856
1856
1834
1808
1805
1787
1757
1738
1725
1688
1649
1631
1585
1573
1541
1531
1511
1482
1461
1440
1400
1380
1339
1325
1296
1282
1255
1235
1212
1193
1163
1128
1084
1034
980
914
858
815
768
728
699
670
635
618
596
576
563
555
553
546
547
556
567
586
599
623
638
669
703
722
757
772
794
820
831
849
866
899
924
949
972
997
1024
1045
1072
1085
1109
1119
1133
1140
1151
1167
1187
1210
1222
1243
1252
1268
1275
1288
1304
1304
1309
1321
1318
1322
1323
1314
1321
1315
1314
1299
1291
1282
1279
1282
1273
1254
1237
1232
1216
1202
1170
1162
1129
1098
1076
1060
1023
987
939
906
862
816
770
733
705
672
645
624
609
602
578
565
562
552
539
544
543
557
567
580
595
630
646
673
709
734
762
803
841
875
913
958
1001
1031
1059
1107
1133
1153
1184
1213
1233
1245
1254
1276
1274
1284
1292
1296
1290
1293
1292
1296
1305
1320
1321
1332
1338
1340
1339
1353
1338
1363
1377
1393
1415
1428
1437
1437
1455
1472
1484
1493
1499
1493
1506
1499
1507
1501
1502
1504
1489
1479
1476
1483
1485
1497
1490
1499
1498
1487
1497
1508
1507
1503
1521
1518
1525
1528
1533
1512
1495
1485
1477
1473
1483
1487
1493
1504
1501
1492
1510
1515
1505
1521
1508
1514
1536
1550
1546
1564
1557
1575
1586
1599
1603
1604
1610
1603
1607
1598
1588
1585
1583
1570
1578
1580
1584
1591
1579
1597
1576
1598
1583
1592
1582
1594
1576
1575
1560
1552
1552
1554
1568
1565
1579
1596
1573
1588
1583
1595
1577
1569
1569
1556
1545
1537
1512
1500
1490
1468
1435
1427
1385
1370
1366
1375
1380
1392
1396
1394
1406
1399
1418
1432
1427
1440
1441
1464
1463
1471
1468
1467
1474
1472
1471
1463
1458
1452
1429
1412
1378
1355
1336
1319
1300
1280
1284
1274
1261
1261
1254
1260
1257
1250
1257
1255
1250
1259
1273
1280
1272
1305
1310
1303
1309
1309
1295
1298
1270
1259
1239
1237
1227
1212
1196
1196
1180
1180
1169
1163
1166
1151
1140
1117
1111
1106
1089
1086
1072
1062
1059
1060
1061
1056
1036
1036
1026
1022
1016
1015
1013
1008
1008
1016
1004
1003
1011
1020
1023
1019
1007
1002
995
992
991
992
998
991
979
980
966
944
939
944
943
935
939
938
957
945
952
945
954
944
946
947
934
945
936
949
948
953
949
933
941
954
948
957
949
954
962
958
951
940
928
925
928
917
910
929
920
912
915
910
912
898
884
886
862
861
836
823
806
802
805
804
796
779
756
742
722
720
701
700
695
688
682
679
675
662
659
661
666
676
675
682
681
683
686
687
690
694
697
711
719
744
749
752
750
763
763
759
760
757
752
757
748
742
748
754
763
767
768
777
780
777
768
767
770
768
763
763
755
747
745
745
737
741
735
742
737
734
728
728
724
726
710
711
709
706
708
708
703
701
695
692
682
678
673
676
664
653
647
639
639
643
642
640
653
646
659
655
660
661
666
666
673
678
690
695
687
693
695
707
696
694
675
675
666
669
665
660
650
655
641
647
643
639
635
638
634
634
637
627
633
634
634
636
636
637
637
643
628
630
623
612
605
610
611
605
604
603
597
602
585
592
593
604
597
597
597
592
599
605
614
622
622
630
631
635
644
645
647
647
641
576
338
-1
0
0
-1
-2
1
-2
-2
648
617
-1
-2
1
0
0

