;UFOS3
;Measurement details: channel = D, date = 02.06.2018, time = 02:58:49
Exposure=2978
Gain=0
Temperature=16.2
Accummulate=4
4.403 mu
4.534 amas
12.334 hs
0 ozone
0 uva
0 uvb
0 uve
[Value]
0
341
341
340
340
340
340
340
413
453
486
494
447
479
501
477
503
448
520
491
550
465
526
500
503
468
523
501
508
526
546
557
510
496
539
519
516
469
510
508
485
488
560
546
519
483
536
536
498
496
510
545
467
509
534
526
448
506
527
510
498
474
494
499
503
473
546
505
491
480
550
503
474
514
533
528
496
465
496
517
482
506
527
493
481
509
528
525
460
486
576
545
472
509
540
554
482
459
543
546
455
503
523
511
471
517
520
519
493
493
534
502
470
530
556
520
465
501
510
504
462
493
538
507
502
506
511
522
490
479
501
505
491
473
517
558
480
511
517
499
522
498
516
539
467
495
525
552
458
593
544
528
460
497
532
510
548
497
536
553
443
469
510
525
517
543
532
518
509
466
531
527
518
530
532
525
461
524
546
502
458
490
531
543
521
493
564
539
488
523
505
580
450
525
517
496
488
503
515
510
476
483
546
534
506
479
510
478
481
487
540
513
461
506
507
516
462
483
495
606
516
476
546
487
508
517
553
515
474
450
534
507
440
509
537
541
460
495
481
501
536
488
512
531
479
525
510
502
511
491
523
515
491
505
506
596
504
527
533
510
476
658
561
507
493
455
508
525
496
460
504
514
462
510
544
534
478
505
509
527
487
488
512
561
479
464
544
490
502
500
525
567
479
489
498
535
479
467
532
530
513
489
523
542
526
509
496
507
490
464
534
545
526
482
509
536
498
493
531
516
462
503
530
523
463
508
511
524
490
488
547
521
477
497
531
521
513
448
539
592
496
487
499
545
456
508
553
541
472
487
524
519
447
488
497
505
470
497
527
499
512
484
527
516
513
497
559
520
498
507
509
530
497
513
508
548
468
473
520
512
507
471
546
514
470
514
495
514
482
478
525
548
449
487
510
495
484
479
526
639
499
489
545
571
463
485
595
486
519
474
499
512
488
471
507
515
547
510
527
507
484
496
513
526
471
457
541
487
499
483
516
499
473
460
554
548
449
499
552
545
496
501
503
560
440
482
520
530
483
440
535
488
462
586
524
514
509
513
531
544
516
469
520
498
493
490
506
539
455
493
521
569
491
455
520
490
480
541
543
535
507
504
551
502
461
496
512
517
471
509
500
487
487
473
541
500
506
488
639
509
511
500
537
495
461
543
504
543
471
478
540
505
498
481
495
514
469
528
525
510
489
487
513
504
471
477
520
525
478
547
559
512
497
490
510
529
510
493
508
540
494
491
491
527
498
493
508
500
472
457
503
495
525
482
501
513
517
507
523
499
461
491
533
520
494
523
534
548
489
481
522
511
480
490
529
548
478
509
522
513
477
487
513
528
481
467
525
525
480
500
530
510
466
523
567
477
495
475
509
493
515
513
528
520
494
493
508
473
479
502
514
502
472
524
525
529
445
522
500
512
514
495
541
500
457
518
600
488
458
509
530
549
640
479
557
524
469
463
497
502
463
482
495
535
470
477
505
489
509
515
511
495
495
449
504
520
462
466
516
531
493
492
514
490
524
509
539
514
484
464
522
519
479
477
517
491
499
518
531
491
489
491
531
494
497
464
523
502
475
503
544
492
491
447
501
519
477
487
504
508
487
477
464
491
469
468
501
519
463
474
539
541
463
508
503
488
466
510
495
521
468
476
539
542
467
505
503
514
501
529
503
535
505
994
511
548
530
508
486
504
466
493
510
477
470
500
515
470
487
504
537
532
510
518
502
466
502
466
515
529
478
476
509
587
501
455
501
502
453
489
529
533
491
501
521
473
473
514
483
519
468
502
513
501
494
493
493
486
483
475
502
503
466
491
540
498
493
507
467
533
486
488
549
482
484
503
520
511
458
486
526
503
462
491
514
494
477
482
526
493
508
488
503
500
519
487
496
527
492
492
511
546
516
505
526
526
464
454
508
499
526
492
494
521
466
490
493
499
459
510
499
498
478
503
505
489
452
482
553
519
506
530
502
503
460
478
488
489
474
482
504
527
504
479
529
515
500
543
498
477
500
494
504
529
466
507
485
532
488
525
536
494
469
487
489
512
519
489
500
476
481
480
504
513
498
506
509
552
464
468
506
485
483
528
508
500
480
488
510
496
474
487
518
497
521
500
520
501
475
485
494
528
494
479
499
493
536
459
508
482
514
475
508
526
468
492
516
504
451
482
501
590
500
473
493
511
500
501
504
475
490
505
501
483
527
503
511
507
524
478
518
480
478
475
475
486
553
489
480
484
499
513
483
505
481
491
511
515
456
467
523
500
502
480
508
491
499
507
486
494
463
458
483
501
492
468
507
520
469
491
515
505
495
504
487
498
481
499
497
512
498
459
481
527
451
513
469
476
471
510
526
512
490
494
500
510
480
517
506
510
467
516
506
516
498
502
499
492
488
485
454
497
507
489
514
530
463
507
525
495
502
482
499
521
498
466
493
500
490
493
530
514
508
466
495
510
515
490
515
473
467
486
512
540
484
505
489
497
519
467
531
495
476
458
510
525
467
472
485
473
543
503
535
510
492
482
497
533
460
501
482
469
470
491
509
535
471
484
485
474
475
495
504
533
490
501
498
493
467
518
503
487
474
528
473
518
491
483
477
511
492
471
478
485
474
455
480
519
490
481
497
500
480
494
479
510
482
474
506
489
467
504
507
487
491
484
531
491
502
501
494
490
472
473
537
484
490
523
488
509
503
497
492
499
473
507
500
491
515
486
500
494
524
522
527
521
506
483
480
504
437
481
483
551
478
484
485
518
528
474
468
516
467
478
538
489
472
474
624
524
510
488
510
519
472
472
470
489
483
479
480
477
466
487
492
483
508
469
482
509
512
485
514
502
479
499
483
510
495
519
462
498
467
491
473
494
479
494
506
528
469
519
506
508
505
467
478
520
491
499
491
530
492
483
506
499
497
481
465
489
529
482
523
511
510
477
497
481
497
481
498
539
505
493
477
487
499
489
530
463
464
494
479
518
485
458
515
506
507
484
473
471
489
477
526
471
500
486
521
476
516
442
447
450
480
487
475
504
504
483
471
509
506
479
532
482
463
512
527
505
474
460
467
486
492
504
464
483
498
493
494
515
516
494
532
507
482
490
510
488
501
464
512
497
481
479
474
484
489
471
514
490
462
490
518
516
481
519
473
497
497
470
493
504
503
487
487
496
472
489
483
494
490
486
463
491
473
494
490
510
511
476
478
528
484
459
511
506
472
519
488
499
489
476
471
513
505
493
474
502
491
500
448
518
479
492
514
494
494
494
485
510
511
485
513
521
507
530
486
498
509
465
486
499
460
469
503
526
500
485
508
529
488
477
485
497
501
505
488
499
563
502
513
500
493
454
501
509
525
477
481
511
485
475
515
511
442
521
526
485
456
520
477
502
493
502
468
549
492
522
512
513
525
507
475
488
493
489
491
519
485
462
501
486
499
470
495
476
484
476
498
479
497
483
508
472
499
494
481
478
478
495
472
488
536
491
502
460
501
488
508
494
496
515
493
491
458
525
474
526
496
498
468
487
494
531
475
490
496
490
487
465
494
475
503
513
484
520
475
481
505
497
503
487
478
497
477
465
500
511
467
481
471
514
464
511
484
491
511
510
475
532
471
481
522
490
474
491
484
471
491
507
480
494
476
475
519
502
450
509
493
467
446
476
476
478
454
476
472
490
518
490
521
510
512
479
461
486
509
563
499
451
473
490
464
493
506
480
483
500
479
501
459
482
488
489
459
471
522
473
482
486
487
506
468
502
510
488
481
523
463
496
481
507
505
497
502
462
484
501
470
515
490
519
475
458
509
471
473
501
488
459
507
504
488
488
491
498
478
477
472
458
454
485
467
507
487
507
449
486
471
466
540
516
502
481
478
496
524
507
498
504
474
476
481
474
498
501
485
512
433
495
476
480
471
536
502
497
508
497
476
502
464
479
465
483
482
477
477
464
485
447
491
498
474
513
498
508
489
486
481
505
492
494
493
474
465
490
490
521
502
492
489
457
482
512
500
467
514
466
476
519
500
497
455
512
508
502
526
487
499
471
473
501
487
494
495
514
510
477
486
483
483
464
488
468
482
499
486
497
502
508
496
510
472
495
475
492
496
496
498
477
501
481
469
474
495
628
464
480
478
491
501
535
460
468
496
464
486
471
463
498
528
493
494
465
492
484
471
547
482
472
477
487
503
479
467
490
480
500
503
487
508
471
490
525
472
470
477
501
515
475
495
493
474
453
499
518
474
491
488
520
534
493
501
482
536
464
506
501
487
524
444
485
478
475
483
505
473
489
507
461
499
470
455
480
471
495
481
484
508
483
503
474
441
457
500
478
494
495
476
534
449
525
485
514
536
484
516
491
492
485
516
488
466
483
465
485
505
490
504
470
481
513
485
504
471
479
465
490
470
473
484
471
485
488
460
498
488
483
471
472
508
494
533
499
519
475
481
483
466
498
500
499
505
459
487
543
502
483
493
470
466
474
482
494
517
488
490
523
485
479
486
511
487
502
525
533
502
489
514
489
460
490
479
524
495
457
493
473
489
476
490
497
516
461
493
476
491
487
479
472
483
493
505
513
473
476
483
532
501
501
485
501
493
484
474
493
467
493
496
474
497
491
483
465
486
506
476
496
498
464
478
500
534
546
471
456
476
487
501
465
453
512
483
501
471
462
464
460
510
483
642
470
499
482
496
492
510
504
487
510
494
507
474
507
479
495
463
505
462
466
494
482
465
487
474
489
485
481
482
469
504
466
482
510
463
473
488
497
501
477
512
508
469
611
487
491
476
485
474
534
503
511
492
538
471
482
504
497
518
497
484
496
482
498
474
494
522
467
511
471
476
510
484
500
507
478
531
500
469
472
491
495
509
491
471
469
467
540
504
535
465
492
499
487
461
500
509
527
516
471
491
510
536
512
480
468
468
506
493
495
513
463
482
509
493
490
493
530
473
525
481
497
482
496
516
507
510
495
499
504
462
515
498
490
461
484
487
508
479
470
508
503
484
466
493
492
506
488
501
482
472
508
497
531
458
466
504
510
494
482
480
569
453
484
467
486
466
503
520
475
491
476
460
483
495
504
495
512
467
470
503
509
515
490
481
503
473
509
505
450
483
462
536
490
468
487
504
540
497
544
533
496
472
479
500
464
465
527
496
489
465
466
503
506
467
507
504
486
486
499
492
517
475
489
470
508
481
494
488
502
518
496
513
475
481
516
482
539
470
507
523
556
494
495
487
530
519
470
479
517
477
512
509
529
498
485
480
492
488
535
520
511
507
511
496
520
500
485
492
511
481
509
500
580
483
497
504
481
478
518
499
502
442
484
490
513
486
464
508
515
479
507
488
513
456
505
502
477
500
468
495
493
462
504
508
479
488
465
467
500
503
509
515
504
606
480
474
510
457
500
504
519
473
493
493
489
471
449
528
495
470
525
498
481
498
491
524
499
475
500
504
489
477
479
511
492
507
490
483
488
500
537
510
537
451
486
502
509
519
526
492
509
484
462
499
507
473
505
490
509
498
469
562
497
480
483
505
485
453
494
497
497
470
475
510
541
529
491
482
492
458
503
490
521
509
488
473
503
509
527
524
508
450
494
489
528
484
481
476
516
466
494
506
543
463
488
502
506
471
472
490
484
506
468
516
496
515
485
563
499
495
489
468
514
491
502
477
525
480
503
511
490
448
531
527
516
447
463
461
503
468
487
537
497
492
480
495
507
528
492
497
473
528
479
509
494
467
489
492
496
473
476
492
517
472
487
499
527
505
503
505
503
523
458
518
503
494
519
495
497
494
474
490
517
476
509
483
512
466
487
559
549
472
520
477
514
471
486
483
540
501
486
476
502
475
484
509
489
478
486
498
505
498
522
501
530
502
513
514
490
467
555
542
518
516
495
513
524
472
475
511
563
521
501
514
536
464
521
492
539
463
479
558
534
494
499
549
699
500
504
496
489
482
499
501
521
477
518
506
550
469
506
512
502
520
521
540
519
465
505
518
530
482
497
502
504
542
487
489
526
489
485
510
531
463
478
487
512
460
482
511
545
465
503
488
483
500
453
494
517
470
521
499
525
484
477
496
544
518
478
526
509
468
502
503
552
471
477
498
532
460
496
537
504
485
461
478
502
488
522
498
512
490
512
486
490
516
491
504
557
487
479
503
558
482
554
540
493
480
500
529
561
494
477
501
529
485
481
528
511
477
482
515
502
518
525
493
512
514
471
516
502
435
588
495
523
465
504
483
543
462
497
517
468
492
503
513
583
449
510
556
501
487
522
518
477
493
501
481
527
459
516
519
560
464
471
526
531
465
473
499
525
500
504
500
536
489
510
543
522
477
483
576
491
474
484
507
512
482
471
493
534
488
486
502
523
503
457
518
518
488
548
543
526
489
464
506
515
483
484
513
530
479
481
520
518
473
500
508
482
491
488
510
541
507
510
492
507
472
467
507
513
483
502
528
502
468
502
503
490
496
512
510
499
478
479
540
513
508
462
529
513
489
495
495
500
457
478
523
499
506
480
508
538
484
527
510
515
483
488
543
510
487
527
561
493
490
472
554
501
474
503
487
520
493
486
536
509
511
494
501
558
480
592
486
541
474
510
492
554
485
501
508
534
487
469
522
489
463
507
517
521
496
475
497
533
458
477
492
511
491
506
504
526
479
477
477
524
497
515
504
522
466
474
483
506
503
495
530
517
493
490
492
506
485
510
518
520
523
516
496
504
472
481
492
621
481
518
501
503
505
509
498
503
466
517
513
510
512
503
486
500
491
507
479
520
485
476
489
502
498
483
494
534
476
485
477
486
469
467
480
529
519
503
485
511
502
492
481
510
520
505
481
521
490
486
512
625
468
484
516
507
518
485
533
511
546
484
501
545
524
497
477
531
457
506
527
494
478
462
501
505
470
511
509
493
525
479
553
497
496
600
474
538
473
517
575
482
500
533
520
543
507
489
499
515
485
515
519
523
489
475
488
530
474
471
481
508
486
603
481
521
500
543
489
494
503
492
492
501
478
495
503
508
479
511
486
515
531
494
496
485
478
530
494
494
466
494
479
502
496
470
501
512
483
504
502
484
499
500
492
502
476
497
472
523
457
520
472
482
491
488
487
503
464
499
501
582
507
573
535
477
473
468
527
488
485
486
531
493
493
510
498
487
521
514
481
508
484
528
480
485
473
512
481
516
480
508
523
497
470
501
526
515
483
484
551
521
517
514
505
507
504
495
511
510
509
489
483
558
472
479
479
531
467
505
510
495
524
497
526
521
476
474
534
527
476
471
492
549
489
502
515
542
464
511
547
513
500
489
529
523
470
479
483
524
472
465
502
529
471
506
485
484
524
515
510
475
468
477
497
503
485
483
513
488
516
488
497
479
457
506
470
499
532
527
510
471
502
498
475
523
449
507
511
504
511
510
496
529
479
510
488
489
564
516
482
483
527
516
504
518
520
534
471
509
489
524
484
538
486
472
513
558
487
526
487
518
490
461
510
483
479
569
527
538
518
494
484
516
499
508
483
516
517
510
518
532
479
518
491
528
486
454
492
538
481
496
510
527
543
504
504
496
508
466
514
514
526
467
518
543
479
450
515
505
509
477
517
511
477
497
550
534
533
486
486
521
474
523
527
514
485
476
513
507
503
469
475
532
509
517
642
491
510
474
507
499
483
510
505
529
489
498
505
531
488
510
492
499
521
496
490
501
492
494
547
490
473
482
458
493
502
465
559
512
499
524
496
516
471
482
501
523
483
504
496
490
475
507
509
495
506
496
499
485
506
487
493
627
475
463
510
499
504
531
532
494
493
477
492
524
466
499
484
554
492
578
479
543
498
515
510
534
495
483
506
534
468
504
516
542
469
515
517
584
463
498
484
560
488
489
501
509
509
458
464
507
512
539
483
530
508
500
516
508
518
483
489
540
472
533
486
485
506
471
523
527
474
455
494
495
494
500
494
499
486
493
529
492
508
535
520
521
508
477
477
480
494
509
502
518
438
472
489
542
495
481
476
557
491
515
494
509
478
516
518
525
545
486
476
539
485
513
487
516
490
477
514
510
474
497
507
526
477
500
499
551
518
503
539
524
476
489
521
516
510
538
534
523
484
497
499
525
510
503
480
466
477
509
505
509
491
484
468
491
445
502
510
510
469
506
565
521
484
547
541
552
490
484
511
502
463
529
518
499
468
536
494
515
467
521
511
524
472
507
518
514
468
548
519
497
512
477
489
534
492
484
492
505
483
485
532
533
472
512
542
479
477
514
474
507
475
513
468
566
498
527
519
502
490
513
479
513
456
527
514
500
550
476
485
496
500
524
624
533
460
491
508
506
522
510
500
528
478
495
543
518
502
497
477
520
491
504
341
340
341
342
339
341
340
343
501
476
340
341
340
0
0

