;UFOS3
;Measurement details: channel = D, date = 02.06.2018, time = 03:07:04
Exposure=1324
Gain=0
Temperature=16.1
Accummulate=4
4.125 mu
4.235 amas
13.291 hs
0 ozone
0 uva
0 uvb
0 uve
[Value]
0
341
342
342
342
342
341
341
391
403
454
440
407
417
456
425
431
399
472
441
444
410
479
440
435
407
467
443
434
439
476
469
430
421
478
455
446
407
455
451
418
413
485
464
441
413
478
459
431
420
454
464
409
428
472
452
403
424
470
447
432
410
449
441
431
412
479
446
425
412
481
442
414
436
472
452
428
411
451
451
424
425
467
440
418
428
463
455
406
420
493
466
416
430
473
469
413
402
478
462
404
423
465
453
418
426
469
450
426
419
469
444
417
434
473
453
416
421
457
442
416
425
474
447
430
429
463
456
422
415
454
445
423
413
462
474
417
431
462
436
441
427
463
456
415
423
465
468
407
472
472
458
408
419
474
451
449
421
467
470
402
409
453
453
442
449
460
455
443
411
471
451
437
449
466
455
411
438
476
441
412
414
466
462
436
421
487
457
427
438
456
482
408
436
454
443
426
427
472
447
422
416
473
455
431
415
457
432
425
421
479
448
407
438
455
448
414
414
453
483
439
412
468
442
432
430
485
452
417
401
469
442
404
428
464
458
413
423
443
445
447
419
457
457
417
439
460
440
439
421
459
448
426
424
457
488
429
438
468
447
415
489
478
448
431
402
452
451
430
407
451
444
411
433
472
459
418
429
459
457
423
417
458
472
424
408
473
434
429
425
465
474
420
419
449
455
419
413
467
453
437
419
465
461
441
435
450
444
426
405
465
459
449
416
458
457
426
426
467
447
411
426
467
451
413
430
453
448
429
420
477
450
422
423
466
449
443
401
474
482
425
419
452
467
411
432
482
461
418
419
467
453
409
425
445
437
414
424
463
442
443
421
461
446
442
423
480
446
434
432
451
453
431
427
451
465
419
415
461
447
431
414
476
446
417
435
448
443
422
418
464
463
410
416
457
438
425
410
460
503
430
416
473
479
419
419
497
435
437
420
457
444
423
411
452
446
452
429
456
443
426
433
455
454
416
408
473
435
431
419
459
443
413
403
477
462
404
430
476
461
430
427
448
470
403
418
460
455
424
397
462
429
415
459
458
441
434
434
464
464
443
412
462
447
426
423
455
457
410
425
457
477
427
405
465
434
424
446
471
456
441
428
477
439
417
428
459
448
417
432
451
439
426
415
469
440
433
420
510
438
439
429
467
440
409
450
452
462
417
418
469
444
430
415
449
444
416
447
460
447
427
425
459
439
422
413
458
453
420
456
477
447
431
426
456
458
433
427
455
461
428
428
437
452
434
422
457
443
414
407
451
437
439
419
450
449
446
436
465
445
412
424
467
450
426
439
466
462
427
422
459
440
424
416
461
462
424
435
463
446
421
424
455
455
418
419
463
450
420
434
468
446
416
448
482
427
432
418
455
436
442
437
465
445
427
425
453
429
421
429
462
441
417
438
460
448
403
436
455
445
441
422
472
436
415
430
491
436
407
431
461
455
495
419
474
443
416
411
444
445
415
416
441
454
408
417
450
426
444
434
453
432
427
407
446
448
410
408
452
447
424
427
457
440
441
434
465
448
424
406
465
440
424
422
456
435
428
436
464
433
423
419
461
433
430
413
458
442
423
431
475
433
428
398
445
448
419
418
447
442
429
419
429
433
414
416
445
447
413
411
463
450
415
435
446
427
416
434
446
448
421
418
461
457
418
431
447
449
434
442
444
452
435
637
452
463
449
430
443
440
422
427
450
425
418
429
455
422
429
428
467
452
436
433
450
423
434
415
454
449
420
426
447
476
433
409
448
442
412
421
459
453
431
431
453
428
419
432
435
449
417
431
454
437
429
427
441
434
427
416
453
436
423
418
469
437
427
433
432
450
426
425
469
431
429
428
455
442
408
419
455
438
417
423
453
433
428
428
454
433
440
423
449
440
450
427
440
449
424
426
454
452
438
435
453
453
416
410
444
436
447
433
441
442
415
424
441
439
414
433
447
436
428
432
446
431
410
418
465
448
435
442
444
439
418
417
437
427
423
424
453
449
435
418
452
444
436
461
450
427
430
426
447
443
417
434
440
450
427
436
462
433
419
423
438
446
438
425
445
428
419
422
444
441
429
433
445
456
422
416
450
428
426
443
442
435
429
427
449
438
417
426
451
438
445
426
457
436
424
429
440
450
427
423
445
436
459
407
448
433
442
414
444
452
418
425
457
441
407
422
447
480
431
418
436
440
439
430
446
429
435
437
446
428
453
431
446
441
443
419
446
427
424
422
433
429
459
427
436
427
437
440
439
438
427
423
448
442
412
415
451
438
440
420
443
429
428
436
435
432
411
413
435
441
429
418
444
451
421
425
446
436
431
432
437
435
428
425
446
444
439
411
437
448
415
433
428
422
419
426
454
442
426
430
444
442
434
440
449
442
420
446
444
447
433
432
439
437
430
423
416
431
438
433
455
447
415
437
457
435
436
420
440
447
432
417
438
437
430
433
455
448
438
420
441
443
440
424
449
415
417
428
452
453
433
439
440
433
440
417
457
433
435
412
451
453
421
419
437
428
456
434
452
440
438
429
445
451
418
440
437
424
422
427
445
451
430
426
446
427
430
437
447
449
436
429
443
433
423
443
444
434
425
444
429
451
439
432
435
437
436
421
430
426
425
409
431
447
430
428
441
433
428
430
434
442
427
420
439
430
424
439
444
426
431
426
453
433
434
434
443
430
424
420
460
427
437
441
438
438
441
434
436
437
425
437
445
433
449
427
444
433
447
445
455
443
442
425
431
433
413
426
434
467
427
427
438
447
462
425
429
445
422
426
455
432
431
423
501
443
442
434
441
445
424
426
430
428
431
429
437
424
417
429
435
424
440
418
439
436
450
428
441
439
427
434
438
440
434
449
425
435
424
430
432
432
429
431
448
450
430
440
456
438
438
421
430
447
433
438
446
449
439
424
445
431
438
420
431
425
454
428
443
442
446
422
439
428
435
423
442
451
450
428
430
431
438
434
458
422
421
433
428
440
434
413
450
440
442
423
432
415
436
429
450
426
443
435
456
426
445
405
418
417
424
427
429
438
438
432
424
440
441
423
462
428
418
440
461
429
427
417
423
428
439
433
429
427
438
436
441
442
447
433
453
439
432
434
445
430
440
420
450
434
431
424
431
424
433
420
447
430
417
432
450
443
433
451
431
435
434
421
435
436
446
428
435
430
427
429
435
433
434
435
415
433
434
435
441
445
442
423
432
449
432
416
447
440
429
446
433
435
436
425
428
438
435
427
428
435
439
433
415
442
428
427
445
432
437
432
440
439
446
427
442
441
447
450
436
441
443
420
436
436
422
418
439
442
440
431
452
451
430
427
431
432
445
445
440
439
463
444
444
437
439
413
444
435
446
426
438
436
440
421
444
437
410
445
451
423
414
449
428
432
433
435
425
454
431
444
451
442
454
444
427
429
441
435
436
443
440
422
435
421
442
426
436
423
439
429
433
423
440
436
443
420
440
440
429
423
431
438
428
427
461
434
440
414
439
427
444
432
434
444
434
431
421
442
432
446
438
437
423
431
431
448
423
431
443
427
436
417
434
429
441
441
431
447
425
425
441
435
440
434
431
438
433
422
442
441
426
426
426
445
420
435
428
430
445
439
426
445
426
423
453
432
434
430
426
423
430
437
423
429
428
424
450
435
417
441
436
423
417
424
421
421
414
423
426
432
448
431
447
442
443
428
421
430
441
460
439
417
429
426
424
428
444
431
430
433
426
434
422
431
434
431
418
420
447
417
425
432
426
436
424
433
455
430
430
440
420
433
432
437
436
432
438
412
430
434
420
443
436
436
429
415
440
416
430
430
431
416
444
440
434
425
431
435
425
419
426
414
420
424
415
441
433
436
409
434
423
415
452
441
436
423
428
440
453
442
438
437
428
425
427
425
434
434
428
437
406
434
421
420
421
451
442
434
437
432
424
432
422
427
420
429
428
427
426
419
437
408
435
435
422
437
437
437
430
426
429
441
436
431
438
422
423
429
437
444
442
435
433
418
432
436
437
419
443
417
426
439
442
439
423
436
442
436
457
430
439
420
426
435
433
427
447
433
450
426
428
426
428
420
441
421
424
435
428
436
439
437
438
439
425
426
430
430
434
430
442
427
433
430
420
423
438
473
423
425
427
428
436
453
427
415
433
421
434
426
423
436
448
423
446
415
434
429
421
456
431
419
431
425
440
422
421
430
428
434
437
433
441
418
433
444
429
423
426
435
448
420
438
436
424
409
438
444
419
431
431
452
453
430
450
427
462
414
445
438
433
446
408
435
430
422
432
443
429
428
438
426
433
424
424
434
429
433
430
425
439
429
445
423
408
414
446
426
436
430
427
452
419
443
431
449
459
426
443
432
432
422
450
432
424
426
426
428
441
433
448
419
431
441
433
439
426
424
429
437
425
419
429
427
427
423
421
435
435
430
426
425
440
427
448
436
452
422
433
431
421
437
441
438
444
416
429
458
436
428
442
420
429
422
427
431
444
427
434
454
425
431
438
442
428
433
445
456
436
423
455
430
423
430
430
452
436
415
434
429
432
429
442
440
447
417
444
429
435
430
430
430
428
431
442
442
425
426
434
453
440
435
436
440
438
423
432
430
420
428
438
427
439
436
432
428
427
439
432
440
437
420
426
437
456
457
429
419
434
429
441
424
412
439
434
435
423
413
423
419
443
422
498
422
438
422
440
440
454
428
432
442
433
438
432
440
426
432
419
440
421
416
434
431
421
424
427
427
427
423
432
430
444
423
438
446
422
421
434
435
443
428
454
448
426
476
438
433
427
427
431
453
439
436
439
451
429
421
442
441
449
435
440
435
430
431
422
435
447
418
449
426
423
435
438
440
439
429
457
435
426
420
440
433
437
428
433
423
415
455
442
452
428
428
440
434
424
425
445
443
445
419
443
441
455
447
428
421
420
436
447
434
446
424
432
441
435
428
441
452
425
444
432
434
433
421
451
444
444
426
437
440
424
438
444
432
422
425
434
443
427
418
443
441
431
419
440
435
441
423
448
438
423
436
446
458
421
419
445
437
440
418
434
474
413
427
433
433
417
434
449
426
436
421
424
431
434
430
440
447
417
422
440
441
446
428
431
438
420
437
443
415
428
417
456
433
421
426
445
457
434
450
456
442
422
423
443
422
421
443
439
433
421
418
443
444
419
436
444
435
429
430
442
447
430
424
436
445
426
433
445
449
449
434
448
430
429
437
437
460
425
435
455
462
440
428
436
455
449
421
434
443
425
435
448
456
436
427
431
440
430
453
452
448
443
440
445
452
442
427
442
441
430
438
445
472
425
430
456
436
430
441
441
440
408
422
437
450
428
415
448
448
432
433
442
454
418
436
444
431
436
424
444
438
421
429
452
428
432
415
434
447
430
437
448
445
474
421
441
452
419
429
447
450
425
425
444
434
420
414
456
439
423
440
442
429
438
423
459
439
425
429
444
437
429
416
445
437
441
433
431
437
435
442
453
463
413
423
445
446
442
441
443
450
426
413
444
450
423
437
437
443
433
422
472
440
431
424
454
435
418
428
441
441
424
425
454
463
452
421
433
436
416
430
440
454
444
429
437
443
444
443
451
444
417
430
438
452
430
423
438
450
418
430
453
464
419
426
445
445
423
419
443
438
446
414
450
436
436
425
474
440
437
432
428
447
435
432
436
457
429
432
453
438
414
444
459
457
412
412
427
447
417
426
464
439
437
424
448
446
449
424
440
426
460
419
451
432
416
429
442
440
421
418
443
460
428
425
450
452
440
434
448
444
448
419
457
441
431
442
445
442
430
420
445
453
416
430
438
457
419
427
477
460
428
438
439
447
422
430
438
464
434
423
436
447
425
422
454
440
424
427
451
450
434
442
446
460
435
431
450
433
429
458
470
453
447
430
449
452
423
418
453
472
444
432
461
460
419
442
443
455
419
417
473
455
432
432
471
528
431
431
452
434
428
430
446
458
427
439
452
468
419
435
451
446
441
446
464
460
420
441
454
460
426
437
449
443
455
426
441
459
430
425
453
463
415
420
441
452
418
425
460
466
423
432
445
429
435
408
442
457
422
441
445
460
431
422
448
461
442
422
459
450
421
427
445
466
424
419
448
454
415
430
466
448
434
416
439
446
432
441
439
448
434
438
439
439
446
428
454
470
428
420
453
476
427
457
468
439
428
436
470
467
434
424
452
462
428
426
465
449
424
421
460
443
442
442
434
446
440
420
454
443
400
471
453
454
418
434
441
460
417
431
451
434
432
436
454
479
411
433
475
444
429
441
458
435
433
431
440
458
415
440
453
469
422
416
458
456
419
421
450
453
438
431
455
462
427
439
468
455
428
427
483
438
424
422
454
452
427
417
448
463
433
424
448
453
436
410
460
454
436
456
472
464
433
418
453
449
426
423
459
452
427
425
461
454
422
429
449
433
432
427
449
459
439
432
452
441
424
412
452
452
428
437
458
445
420
432
448
436
432
437
452
443
424
427
460
450
438
417
459
453
433
427
447
449
410
418
456
440
440
423
447
458
424
440
448
455
422
424
468
446
431
442
476
442
429
418
477
445
421
434
437
450
433
423
463
442
438
425
447
471
421
471
440
464
418
431
440
468
427
439
448
460
424
414
461
440
420
430
458
457
440
419
444
460
423
418
439
454
433
435
450
465
427
420
427
449
437
439
446
452
419
417
434
445
433
428
456
452
429
420
445
441
423
437
449
451
444
438
444
446
417
421
446
500
428
437
439
441
435
432
444
447
415
443
448
435
441
437
440
441
435
431
438
448
424
419
445
444
434
419
444
455
428
424
431
432
421
417
433
452
439
431
441
452
429
423
438
450
444
427
435
450
424
422
451
495
420
428
450
443
442
425
465
446
459
424
450
462
444
428
432
453
417
432
461
432
422
414
445
443
422
434
453
440
446
425
472
440
432
470
435
454
432
436
478
433
435
442
456
451
434
424
441
455
426
440
458
447
430
419
437
455
418
414
434
446
434
468
440
446
433
445
439
443
432
426
445
445
427
431
447
446
423
434
444
447
448
428
440
436
424
447
444
439
418
428
430
441
433
412
445
445
427
438
445
434
433
429
441
445
419
427
436
457
416
436
431
430
428
428
439
443
420
426
445
474
436
463
461
433
424
418
457
438
425
430
459
440
434
433
446
436
444
440
437
441
428
447
430
436
422
437
434
450
425
431
459
436
421
430
458
455
425
421
476
459
442
435
449
445
442
430
449
447
448
424
439
468
424
426
430
455
418
431
446
437
445
431
452
453
423
420
461
453
425
417
442
472
430
428
451
454
418
439
461
454
436
425
457
450
424
416
425
458
428
413
444
454
419
432
437
432
443
437
455
430
426
419
450
441
425
423
445
436
445
426
441
428
411
434
424
435
448
448
448
428
438
432
437
442
412
430
451
439
440
438
441
459
431
434
439
434
460
440
437
439
451
443
446
451
444
450
428
448
435
441
439
462
429
420
457
474
436
438
442
459
436
417
452
433
426
464
461
466
441
426
439
455
443
432
430
443
447
439
455
456
421
438
439
457
427
410
438
466
426
430
445
457
450
436
445
432
437
418
447
444
444
419
453
462
430
408
445
442
435
417
456
453
425
428
475
456
450
428
436
452
421
443
457
444
429
419
442
449
436
418
433
460
441
437
503
436
439
417
451
438
427
431
445
451
430
429
445
464
432
432
434
445
437
427
442
439
435
429
466
439
418
424
422
433
440
415
472
443
431
441
444
449
421
422
442
449
428
440
447
438
420
430
443
438
435
427
444
429
435
426
441
502
423
420
449
443
442
449
461
440
432
421
438
449
418
427
434
473
434
459
427
459
437
438
449
455
441
429
446
453
421
436
453
457
419
442
449
480
418
430
439
466
434
425
443
443
439
414
432
446
443
447
438
455
434
433
450
446
443
425
439
464
416
449
436
438
437
419
457
454
424
409
444
441
432
432
439
438
429
430
456
444
444
448
450
451
445
423
430
434
432
431
442
451
409
416
439
467
433
423
434
463
429
437
442
447
427
444
452
459
456
421
436
465
427
441
443
447
423
421
455
448
421
428
446
460
421
429
442
467
447
432
459
456
424
427
454
456
443
449
463
450
436
433
443
452
443
428
434
431
425
436
447
442
436
427
433
437
417
431
449
450
424
433
475
452
426
455
462
462
431
421
451
443
418
446
454
445
418
447
443
451
422
438
446
448
424
434
449
453
419
456
451
439
439
418
439
450
436
425
436
441
425
420
462
454
419
434
466
431
423
441
431
442
423
437
428
471
439
448
446
439
428
433
425
447
416
441
450
442
455
419
440
430
437
438
492
456
413
424
446
449
448
439
440
460
423
426
467
450
448
432
430
447
431
439
340
340
341
339
341
342
342
340
447
433
342
341
338
0
0

