;UFOS3
;Measurement details: channel = D, date = 02.06.2018, time = 03:08:14
Exposure=1968
Gain=0
Temperature=16.2
Accummulate=4
4.088 mu
4.196 amas
13.427 hs
0 ozone
0 uva
0 uvb
0 uve
[Value]
0
342
341
342
341
340
342
339
401
422
466
460
423
438
475
446
460
418
490
459
488
431
498
464
461
434
488
464
463
472
502
503
462
452
501
482
470
434
479
471
442
443
514
495
472
443
501
489
457
450
477
496
433
461
497
481
422
455
492
471
457
437
464
464
457
436
505
468
450
439
506
465
437
464
496
484
453
430
470
475
445
454
493
461
441
458
489
484
427
444
523
498
438
462
499
503
443
424
505
496
424
456
489
475
439
462
488
478
451
450
493
465
436
474
508
479
437
452
477
467
434
452
498
474
457
461
482
482
450
442
471
470
451
435
484
508
440
462
483
461
473
453
481
488
434
452
487
500
427
516
501
484
431
448
496
473
490
450
493
501
420
434
476
479
470
485
488
479
468
433
494
480
469
480
489
481
429
469
502
463
431
447
489
492
470
450
515
490
450
474
474
521
424
471
482
466
449
456
487
470
443
444
500
487
461
437
477
449
448
448
503
474
428
465
477
476
431
440
469
532
471
437
496
460
462
466
510
477
439
423
495
467
419
459
495
491
430
454
454
467
482
447
477
486
444
473
479
464
465
451
487
474
449
455
475
525
454
472
496
473
439
553
512
471
456
423
472
481
453
427
471
471
431
463
502
488
442
459
480
484
450
444
480
506
445
428
501
457
456
451
490
510
446
446
468
488
444
435
495
485
467
446
487
492
470
462
468
465
450
427
493
493
477
444
479
489
455
450
492
474
434
456
492
481
432
460
475
478
455
448
504
478
442
451
493
475
471
419
500
520
452
445
469
498
427
462
511
493
443
445
490
479
423
451
466
462
435
454
486
462
471
446
491
475
470
447
515
476
458
461
471
481
457
460
475
496
442
436
480
472
460
438
502
475
437
464
468
469
449
438
487
496
424
444
478
462
448
435
485
554
457
446
503
516
437
446
535
454
472
440
473
472
448
434
472
476
490
459
484
467
450
456
477
484
437
427
499
455
457
446
483
467
438
426
506
498
421
457
508
495
456
455
469
507
417
442
484
487
448
416
492
451
434
511
485
469
464
463
491
495
471
432
484
467
454
447
472
488
429
450
479
514
453
427
485
457
444
483
501
484
466
459
503
463
434
453
479
479
439
461
471
457
450
437
498
460
461
447
514
465
466
456
497
461
431
487
467
494
438
442
495
469
458
440
469
470
437
479
488
469
450
448
481
465
439
437
484
481
445
492
507
470
455
452
475
484
464
453
478
493
453
451
458
481
460
449
471
469
438
427
473
460
475
444
471
473
473
467
491
465
432
451
492
478
452
471
491
497
452
443
483
467
445
446
491
495
445
464
487
470
444
448
479
483
443
440
488
480
442
459
492
473
436
479
516
447
455
439
475
463
470
467
489
471
454
454
478
444
446
456
485
464
437
472
484
480
419
470
474
468
470
449
499
459
432
463
532
456
426
463
485
492
551
443
505
476
435
431
465
468
433
442
463
484
431
439
470
451
468
467
475
456
454
424
469
476
432
429
478
481
451
450
478
460
472
460
495
475
447
431
488
471
448
444
481
458
455
468
488
453
449
448
488
458
458
433
483
465
442
460
503
456
452
416
466
475
439
441
469
468
447
441
444
459
436
437
467
477
434
435
497
485
436
460
468
450
436
463
465
478
438
442
490
487
434
459
466
476
461
477
468
484
463
770
476
495
482
461
460
466
440
455
474
447
437
455
477
441
453
459
495
477
464
466
470
440
461
433
478
481
442
445
472
520
461
425
471
466
427
447
488
486
458
458
480
446
440
465
454
478
437
460
477
463
457
455
464
456
449
440
472
460
438
444
499
460
452
461
447
482
451
450
502
454
451
459
483
473
429
445
484
464
437
450
478
457
444
446
481
457
465
449
470
462
475
449
462
479
454
451
476
489
468
461
483
481
436
428
467
459
479
455
463
473
434
452
460
463
431
459
467
460
447
459
471
453
426
440
501
475
460
478
464
463
432
440
458
451
440
448
473
480
462
445
481
472
460
493
469
446
460
455
469
477
435
463
454
482
449
469
490
456
439
449
459
473
471
448
468
448
445
446
470
467
457
460
471
494
436
436
472
449
449
477
470
464
452
450
472
462
442
449
477
460
474
455
483
460
443
451
463
478
455
449
467
459
490
428
470
451
469
439
470
481
437
452
480
466
426
446
469
520
457
440
457
467
465
458
469
446
458
465
469
451
481
460
473
467
475
445
474
450
447
442
452
452
498
451
454
451
460
472
457
464
449
453
475
471
429
440
481
462
467
445
469
454
457
462
454
459
437
431
456
469
452
438
472
480
443
454
474
464
458
465
458
462
453
451
468
470
464
434
455
485
428
466
450
448
441
465
484
472
454
457
467
475
454
476
477
471
442
479
468
478
462
462
464
461
458
453
435
460
468
460
483
486
438
467
488
462
465
448
470
482
464
441
464
467
459
462
487
477
471
441
466
479
474
456
477
444
440
457
481
496
461
472
464
465
477
441
494
462
456
436
482
488
446
445
461
453
497
469
493
472
466
457
471
494
443
469
463
450
450
460
480
492
451
457
468
452
456
466
478
489
464
463
476
465
446
477
475
459
448
483
453
483
467
460
457
476
463
448
456
456
456
437
460
486
464
461
472
470
460
466
463
479
460
451
478
467
456
479
478
464
471
461
496
469
473
472
474
470
455
455
503
464
474
488
473
477
479
469
472
473
457
478
480
470
488
462
480
471
490
490
495
489
483
464
467
475
439
464
474
519
467
468
476
497
510
464
465
494
458
469
509
476
467
462
568
495
490
473
491
492
463
464
464
470
472
469
475
465
459
471
479
470
489
463
477
491
498
474
496
489
474
488
486
496
489
509
470
490
471
488
479
489
480
489
504
510
479
504
508
498
492
470
478
504
484
489
495
511
488
477
500
489
490
477
477
485
515
481
507
498
501
473
495
478
488
477
493
514
502
483
476
482
487
475
513
463
462
481
474
494
479
454
501
495
495
474
476
464
487
474
509
474
493
485
514
477
507
453
466
467
477
488
482
500
502
486
476
507
503
483
526
491
474
507
526
500
484
475
483
494
501
503
483
489
503
499
502
510
512
494
523
505
491
494
507
490
500
474
510
495
490
486
491
485
493
481
514
496
477
495
523
521
502
523
494
507
507
493
510
516
524
507
509
512
503
510
515
515
517
512
495
516
507
521
519
532
530
507
512
539
511
491
536
526
503
535
513
520
514
503
507
528
520
511
502
521
517
514
488
528
505
509
527
512
514
510
515
523
526
507
527
528
526
541
514
521
527
494
513
517
495
494
523
535
520
513
537
543
518
512
518
525
540
540
533
541
581
546
554
548
546
516
555
555
573
543
551
560
556
540
570
564
521
573
586
547
530
578
545
557
554
558
537
586
548
567
571
559
574
558
531
536
543
535
539
551
533
514
534
519
535
510
532
513
526
514
525
516
531
522
540
514
534
531
525
517
522
536
520
528
567
531
541
511
539
527
548
535
532
552
535
529
511
550
526
550
533
532
510
523
523
549
511
521
531
520
527
503
529
517
536
544
525
552
521
521
543
538
539
529
523
533
525
511
532
536
511
512
510
537
508
530
516
517
535
528
509
541
507
510
546
518
520
520
517
510
526
539
516
530
519
521
552
536
508
544
534
514
504
521
519
524
511
519
524
535
556
533
555
546
550
534
516
535
552
584
549
517
533
536
529
534
549
533
528
535
521
531
510
523
524
523
506
506
546
509
518
521
519
533
512
530
549
529
522
543
512
533
525
540
535
526
534
502
519
528
506
539
524
535
515
503
539
510
523
536
534
512
551
544
538
533
539
543
533
529
531
519
521
533
524
551
544
550
514
539
531
521
577
559
550
534
537
558
578
564
563
562
548
543
547
542
562
560
550
571
514
557
542
540
537
583
562
555
562
554
543
555
537
546
535
552
550
553
553
543
566
533
570
568
554
581
572
572
559
558
554
570
560
557
558
544
537
550
554
570
561
552
551
529
547
564
559
532
565
528
540
565
561
552
527
556
559
550
575
542
554
529
534
549
545
542
558
555
563
536
544
542
545
532
557
536
541
553
546
555
556
559
555
559
533
547
540
543
547
547
555
538
552
541
532
533
558
611
529
539
539
544
555
579
531
528
548
527
544
533
524
548
563
540
549
516
540
530
519
568
526
512
520
517
532
510
502
519
510
523
524
515
525
502
518
537
508
508
511
529
545
514
530
539
521
506
540
551
521
534
531
559
568
533
552
529
577
515
550
545
538
564
508
538
531
525
533
549
526
534
545
517
540
520
515
528
526
538
531
529
547
531
551
527
506
513
553
532
549
546
539
575
525
570
546
566
583
542
569
547
549
540
569
547
534
541
530
539
554
545
556
523
534
554
537
552
532
532
531
544
530
529
541
535
541
543
530
554
552
549
546
542
561
553
581
560
578
544
554
553
539
562
565
563
565
531
551
589
559
546
555
534
537
534
542
548
562
540
546
572
538
539
548
563
546
557
576
587
565
556
585
556
545
561
561
595
579
550
576
566
575
571
586
591
603
561
590
571
578
573
566
563
567
570
583
582
555
554
563
595
571
569
562
572
563
550
550
558
545
559
566
554
566
566
560
552
557
574
558
571
571
542
556
571
593
601
553
537
555
551
565
539
523
559
547
556
534
526
533
529
566
541
649
537
564
546
565
565
582
563
564
576
568
576
560
576
559
566
546
573
544
542
567
562
552
560
558
566
564
558
567
558
580
554
568
585
549
557
570
571
579
558
590
582
553
638
564
564
556
559
556
592
569
570
566
594
551
551
572
569
580
563
564
562
555
563
551
560
585
545
580
551
549
568
556
566
565
552
591
561
543
540
560
556
564
552
548
539
532
582
559
574
531
543
554
542
524
541
554
559
551
515
540
538
559
548
519
509
510
535
539
532
549
515
529
547
537
527
544
564
526
560
540
542
541
537
564
553
552
536
543
542
521
544
541
526
513
518
525
537
513
505
534
530
515
502
528
522
532
517
537
523
516
538
542
565
516
522
552
558
552
535
552
610
533
554
552
560
548
574
593
561
574
560
559
572
579
582
586
596
564
566
589
591
596
574
570
582
559
586
581
544
561
548
602
567
547
558
572
592
558
587
586
563
543
548
567
541
541
577
563
560
539
539
571
574
549
574
577
565
560
564
570
581
552
552
553
570
550
560
567
573
581
565
581
552
560
580
566
605
559
584
608
629
600
592
601
621
620
586
594
614
587
603
608
618
591
577
580
586
580
607
595
593
588
581
581
591
579
558
579
586
567
587
592
644
581
587
608
587
584
608
597
601
556
578
591
607
581
564
606
606
575
587
584
598
556
581
586
567
580
558
585
578
558
578
595
566
578
556
572
592
585
588
601
596
655
571
581
601
563
585
600
612
575
586
599
590
576
564
623
601
583
612
607
590
604
591
628
600
584
596
603
594
584
577
602
592
598
583
583
587
589
611
606
623
561
578
600
602
604
609
593
603
582
556
593
606
572
591
591
601
588
568
634
589
574
569
597
575
548
569
576
576
555
553
584
605
597
561
562
565
540
564
569
588
578
562
558
570
580
590
593
583
546
570
575
599
569
566
576
598
561
580
602
623
567
581
594
598
572
571
592
587
599
565
607
594
600
576
645
598
594
590
578
608
590
592
578
611
581
585
598
582
546
599
602
598
537
542
554
579
546
562
600
567
569
554
580
581
598
569
584
568
613
570
605
587
571
589
607
604
583
577
594
612
572
577
598
604
585
577
581
578
588
546
590
577
570
583
578
576
565
553
576
595
565
580
581
606
565
581
641
631
578
602
583
605
567
571
576
613
577
565
563
578
547
548
571
552
542
541
561
562
547
560
557
575
550
560
573
550
550
600
608
588
588
570
591
599
557
558
590
626
587
570
588
592
534
566
555
581
529
536
602
586
560
561
609
706
574
584
596
586
587
597
609
632
589
623
625
652
590
613
620
615
617
620
635
621
571
600
608
617
572
582
590
591
609
568
581
608
573
567
595
607
553
563
580
597
555
568
606
621
562
589
590
582
594
559
596
614
579
609
608
635
594
588
613
640
620
590
639
624
590
609
628
654
595
596
622
643
596
617
657
629
617
594
613
623
608
626
618
626
603
609
602
603
611
591
609
638
577
572
598
628
570
616
617
576
564
577
609
620
569
556
583
595
559
558
595
579
543
545
581
567
567
574
559
571
570
542
583
569
520
625
579
595
551
573
572
609
550
575
595
560
574
582
599
643
547
581
629
587
574
592
599
565
571
571
569
597
537
579
582
606
540
538
585
583
530
537
561
573
548
545
555
574
534
549
578
561
528
524
596
535
518
520
548
545
518
509
535
564
524
517
539
548
532
497
550
547
519
559
564
548
515
500
535
539
510
506
542
546
510
510
549
538
506
517
530
512
513
512
534
553
528
522
531
532
510
506
546
548
524
538
561
547
518
543
555
543
546
561
569
562
541
549
594
574
564
536
587
579
557
554
566
570
530
543
586
564
566
543
569
587
544
565
571
570
537
538
589
560
544
563
594
548
537
522
596
553
528
549
546
569
548
539
587
560
562
549
567
607
547
621
565
601
551
565
566
610
550
565
570
583
536
529
579
555
532
557
575
576
556
536
561
587
531
540
555
572
559
568
575
596
553
547
550
580
558
569
568
580
539
540
549
568
553
546
580
577
549
543
561
562
542
557
569
578
573
567
564
570
542
544
569
653
554
578
578
578
574
579
579
587
554
594
600
591
592
588
582
591
583
586
583
601
572
563
584
590
578
567
582
607
566
565
563
567
555
550
566
592
585
572
573
589
571
564
568
590
589
575
574
599
571
575
601
675
568
575
604
599
597
578
621
598
619
572
597
620
599
573
568
595
545
570
598
561
551
539
571
571
544
567
579
556
575
539
600
556
550
612
536
572
531
548
594
531
534
552
552
551
523
508
520
530
498
514
528
520
496
482
496
521
479
474
487
507
489
557
496
514
503
528
505
513
512
504
518
521
505
510
527
525
508
527
520
540
548
520
535
527
519
557
541
540
514
535
529
546
541
520
552
557
537
551
554
542
546
546
547
553
526
542
538
570
517
557
533
538
538
538
547
554
524
540
549
596
541
584
566
525
514
508
558
526
513
515
548
517
511
515
516
501
520
511
496
507
491
517
490
493
480
500
489
513
485
500
525
503
482
505
535
528
499
500
561
543
529
529
534
535
537
524
546
548
548
530
538
587
530
534
535
574
527
553
563
550
569
549
573
574
534
533
585
574
541
531
557
598
551
557
573
588
534
565
598
576
563
552
589
577
543
542
551
581
543
527
566
581
535
555
557
553
576
567
577
548
542
544
571
570
556
552
578
561
577
555
571
551
532
564
546
563
584
578
575
546
566
559
553
578
531
564
581
570
570
573
570
596
558
571
565
563
613
577
563
559
584
577
574
585
579
590
553
578
566
581
565
598
560
549
590
617
562
584
569
592
566
542
582
558
554
614
597
601
578
560
564
586
567
565
556
574
572
568
580
582
541
565
553
581
547
522
550
583
539
546
563
578
581
556
562
553
562
535
572
572
574
539
580
597
549
522
570
562
560
534
571
564
530
542
590
569
566
534
539
559
524
559
568
552
536
523
555
552
548
521
535
576
553
556
643
540
552
526
556
544
531
543
551
564
531
537
547
570
530
537
533
544
544
528
531
537
527
524
568
531
510
514
505
524
531
501
573
539
525
537
531
547
510
512
532
546
514
530
532
524
510
529
536
523
531
519
531
515
527
512
523
614
507
498
535
524
528
543
549
517
514
504
520
536
499
514
512
565
515
565
509
547
519
525
531
542
524
509
529
547
503
524
539
553
498
528
536
582
497
516
517
564
513
509
526
529
525
489
500
526
524
540
510
537
515
510
527
520
521
497
505
544
485
526
504
501
504
484
526
526
486
469
508
506
499
500
505
510
494
498
529
509
511
528
522
523
522
489
498
499
505
510
514
527
472
487
506
547
506
499
499
551
504
517
513
523
493
521
525
531
537
494
501
542
499
517
510
524
497
492
525
518
491
504
518
530
490
501
509
545
521
507
538
531
489
495
525
526
514
523
536
523
501
499
508
524
509
499
496
487
489
510
513
510
499
492
490
502
470
503
516
515
485
506
557
523
493
533
532
535
497
489
514
507
477
519
520
510
477
525
504
516
484
513
513
518
483
506
519
516
479
533
520
503
509
482
501
526
499
489
498
504
492
486
527
526
479
503
531
489
487
509
487
508
482
509
484
547
502
518
518
505
493
505
488
512
475
517
515
502
533
480
498
491
500
511
582
522
470
491
508
509
514
501
499
523
479
486
533
514
504
493
482
506
486
485
340
340
341
340
341
340
340
341
507
487
340
341
340
0
0

