;UFOS3
;Measurement details: channel = D, date = 02.06.2018, time = 03:26:54
Exposure=663
Gain=0
Temperature=16.1
Accummulate=4
3.571 mu
3.651 amas
15.635 hs
0 ozone
0 uva
0 uvb
0 uve
[Value]
0
342
340
340
339
340
341
341
381
386
427
414
388
391
430
406
402
378
427
418
403
386
451
419
408
387
442
420
404
406
448
428
398
391
451
430
416
383
433
424
392
386
452
430
410
385
451
427
403
390
431
424
388
395
445
422
385
392
446
420
405
387
430
417
397
384
452
417
399
384
450
420
389
403
448
422
399
391
429
421
402
395
441
417
394
394
437
427
384
392
455
431
390
393
447
435
389
383
448
424
384
392
438
426
395
390
446
417
399
387
441
420
392
398
440
426
395
392
438
418
395
399
450
424
403
397
437
427
399
389
431
417
397
387
438
439
394
399
437
411
409
397
439
423
393
392
437
429
387
422
443
427
388
390
448
426
413
390
437
435
385
386
430
424
412
410
431
428
413
387
443
416
405
415
438
425
390
401
447
415
393
386
435
430
405
394
456
424
402
406
435
443
390
400
429
424
401
394
451
419
402
391
439
424
400
390
437
413
400
393
452
421
385
407
435
422
395
384
433
434
411
388
437
420
403
398
445
420
395
382
441
415
387
394
436
423
395
395
424
424
412
394
433
425
397
403
441
413
412
394
435
419
398
392
438
440
399
404
445
424
389
423
441
422
408
380
424
422
407
385
428
415
387
402
443
429
393
399
442
428
399
389
435
433
403
383
444
410
399
396
436
436
399
389
429
425
396
391
444
423
407
390
440
422
406
403
427
417
401
381
436
427
417
391
439
427
399
397
437
422
392
397
436
417
391
398
430
418
408
394
449
419
399
396
443
416
416
385
448
438
395
391
432
434
391
400
451
431
398
393
442
427
388
400
423
410
393
392
437
419
418
399
438
421
413
391
451
417
402
401
429
424
405
394
428
428
400
394
435
419
402
387
439
417
395
403
430
415
398
394
434
428
391
387
435
412
402
385
435
450
401
392
443
438
402
393
453
415
409
395
436
418
395
387
427
422
413
399
428
417
401
406
431
425
395
388
440
413
405
394
435
418
391
382
446
428
387
401
444
427
402
398
422
431
390
391
435
424
402
381
436
406
396
410
434
413
404
403
438
430
412
388
437
423
398
396
435
422
391
398
430
434
402
385
443
412
400
410
439
421
411
399
443
414
400
397
433
421
395
401
430
420
402
392
441
414
404
392
461
410
413
398
439
414
390
411
428
429
395
394
441
414
405
388
431
416
397
414
433
418
398
399
438
411
400
390
429
426
400
416
440
417
401
402
432
423
406
403
434
429
401
402
419
418
408
393
431
420
393
385
429
411
407
395
430
423
416
409
443
421
395
399
439
420
400
405
436
429
400
395
433
415
404
387
434
429
402
402
434
418
397
396
431
425
394
402
437
417
394
403
439
419
397
415
447
407
407
391
431
413
410
407
435
414
402
398
433
412
397
401
438
414
395
406
432
413
388
400
435
417
413
391
444
411
399
396
448
415
389
402
430
419
434
392
437
411
395
390
420
416
394
390
422
419
385
392
425
402
418
403
429
407
400
387
421
417
393
384
427
415
396
398
428
417
405
403
436
421
400
388
440
408
399
403
432
409
398
402
433
409
393
390
434
406
407
393
431
418
402
404
446
410
401
377
424
418
396
391
422
415
407
396
413
408
394
396
423
415
393
390
432
419
398
403
422
404
395
407
422
420
397
395
430
422
396
402
425
416
409
408
422
421
404
498
425
427
417
395
424
417
401
401
427
406
395
400
430
402
405
395
436
417
404
399
425
407
406
396
429
416
394
400
422
432
408
385
428
411
391
395
433
425
409
400
428
409
397
401
416
421
397
403
428
412
403
399
418
410
402
395
432
408
402
386
437
413
402
403
418
417
403
399
436
411
407
400
427
410
392
397
424
411
400
397
431
410
405
407
423
408
410
394
425
414
423
404
419
416
401
402
426
417
403
407
426
420
401
391
417
409
417
407
421
413
394
398
421
416
393
399
426
413
408
405
424
409
391
391
434
419
406
406
421
413
399
391
418
403
405
402
429
419
404
394
425
414
411
425
427
406
403
401
422
411
399
404
419
417
400
403
429
408
403
398
417
421
407
400
426
409
397
397
423
411
404
404
422
419
404
395
424
405
402
407
418
408
409
401
421
417
396
397
428
411
417
395
430
409
404
403
417
418
403
403
422
414
428
389
423
412
415
388
418
419
398
399
431
419
390
394
423
433
403
395
415
413
418
401
423
409
411
410
422
408
420
403
421
415
411
397
418
406
404
399
416
407
424
401
420
408
414
409
419
409
405
401
420
414
395
390
425
412
417
397
421
407
404
405
417
405
392
393
416
418
401
396
417
418
403
397
420
408
405
405
418
413
403
391
426
415
414
392
417
418
399
397
413
403
397
394
426
412
403
403
418
414
415
406
426
410
400
416
415
420
404
406
415
412
405
395
401
404
411
409
429
413
392
406
427
412
404
396
419
419
408
395
412
410
409
405
425
421
409
401
416
418
406
398
421
396
397
403
423
417
408
410
418
408
407
391
426
404
416
391
423
425
401
395
415
409
419
410
420
411
417
404
423
415
400
408
414
406
401
403
421
418
409
402
426
404
409
407
422
416
413
400
424
410
403
412
418
410
401
406
407
420
415
406
417
411
410
397
407
400
406
390
409
414
406
404
418
409
402
402
413
413
404
397
413
403
405
413
413
405
404
399
420
404
402
401
418
403
401
394
429
405
416
408
416
411
415
408
413
410
402
405
422
409
420
402
419
403
414
412
424
407
417
400
412
404
397
400
414
429
407
405
417
414
430
402
410
414
404
404
422
409
412
399
450
411
416
409
415
412
403
405
411
403
408
405
417
403
397
397
409
401
412
394
418
409
422
405
410
409
407
407
418
410
408
418
408
404
402
405
414
403
407
404
425
414
410
411
430
408
412
401
410
416
408
411
426
413
418
398
422
405
411
397
413
395
423
403
415
410
415
396
415
404
407
402
421
417
428
403
410
406
412
405
428
400
399
404
407
409
414
393
422
413
418
397
413
392
414
406
418
408
417
408
426
403
413
386
406
399
400
400
408
410
410
405
404
411
417
398
433
406
397
411
432
402
406
397
407
405
417
408
411
398
414
412
419
410
417
407
422
410
410
404
414
406
411
402
422
405
414
400
411
400
408
400
419
402
398
409
422
410
411
423
412
412
405
398
409
405
424
402
409
399
408
403
415
404
408
409
397
409
414
410
418
415
412
399
413
414
407
395
421
409
409
413
413
407
414
400
408
405
408
398
406
410
417
403
398
406
404
398
417
405
414
405
417
409
416
404
412
412
422
416
415
420
417
398
413
411
406
394
413
405
416
407
429
418
407
401
407
402
422
419
418
411
422
416
414
407
416
393
420
405
415
403
421
405
421
402
415
405
394
414
422
398
397
417
401
403
410
406
407
412
406
415
424
410
424
417
407
400
420
408
414
409
419
402
405
394
416
402
412
400
417
406
407
402
418
413
416
399
413
417
404
399
411
411
410
403
429
407
412
396
413
399
418
406
408
415
407
408
405
411
415
410
415
412
404
407
408
417
399
404
418
400
416
397
406
407
413
409
407
416
405
405
414
407
417
412
407
413
416
402
416
412
404
400
404
412
399
402
404
408
418
409
407
410
406
398
423
404
418
405
399
403
402
406
397
404
406
399
420
405
400
411
409
399
403
401
399
400
399
400
405
408
417
407
417
413
416
405
400
406
412
417
413
400
412
398
406
398
417
408
407
405
402
404
407
409
410
405
402
395
417
393
407
409
402
407
402
406
432
404
408
405
401
408
412
408
409
402
413
390
411
405
395
410
415
404
408
395
411
391
410
403
407
392
420
409
409
398
407
409
405
392
406
393
404
401
394
410
409
406
396
408
402
391
421
410
409
399
404
416
421
415
415
410
404
400
402
401
407
404
404
404
392
407
398
396
403
414
417
404
408
408
403
405
399
405
400
408
405
407
405
398
415
392
412
405
404
407
407
409
405
400
406
412
414
403
412
400
403
404
413
412
416
410
408
401
412
402
411
400
417
396
404
405
416
411
407
406
417
405
427
404
413
394
408
407
407
402
425
400
422
402
403
403
405
402
417
401
401
406
410
411
412
407
415
406
403
397
413
404
408
404
419
404
405
407
398
400
416
427
403
402
403
402
409
419
409
394
407
402
407
405
403
407
418
394
424
393
413
404
403
420
414
399
410
401
414
398
400
403
404
406
408
408
415
395
414
411
410
401
405
408
418
397
412
409
404
390
413
410
400
405
406
426
420
403
426
402
431
391
419
409
408
414
392
410
411
400
409
417
409
403
415
407
408
403
412
409
411
410
410
401
412
405
421
402
394
395
419
407
417
401
407
417
408
412
408
418
425
401
414
407
409
398
419
409
407
404
405
405
413
405
422
398
410
409
410
411
408
400
411
415
404
399
407
407
403
397
402
408
412
405
407
406
411
397
414
406
425
400
412
410
403
409
418
411
419
395
407
422
410
405
417
401
414
398
404
403
414
399
411
422
401
407
418
415
404
405
413
424
408
398
428
406
410
404
409
420
414
397
412
406
408
407
419
412
420
401
423
407
414
407
409
409
404
404
417
411
404
400
415
421
412
408
412
414
412
398
413
402
403
399
411
408
413
411
411
409
403
410
411
415
414
397
407
413
424
421
411
400
415
406
418
404
396
407
414
406
400
392
405
399
415
397
438
399
415
399
416
416
430
397
411
412
409
406
410
413
405
406
400
410
399
394
408
404
403
399
410
401
399
400
409
407
419
400
419
418
403
398
410
409
418
403
430
417
405
424
416
409
404
402
410
419
410
408
414
415
408
396
417
415
419
408
420
410
408
407
400
409
417
396
424
406
404
406
421
415
411
405
427
407
409
398
419
408
407
404
416
399
396
418
415
416
409
399
417
409
404
396
416
409
414
395
421
409
419
416
407
399
400
407
427
407
421
405
408
412
411
402
418
417
405
411
409
408
413
392
419
419
418
395
413
412
407
406
419
405
400
397
410
416
405
393
416
415
409
398
419
411
415
396
431
415
403
404
424
425
405
400
420
411
412
392
414
432
397
402
418
410
398
401
421
405
414
397
405
408
409
400
413
421
397
401
413
413
416
400
409
411
399
407
419
400
400
395
421
406
399
400
421
421
409
408
424
419
399
396
418
403
403
404
414
405
401
396
416
416
397
406
420
411
407
400
421
416
409
397
422
415
403
408
425
422
418
407
424
409
403
409
419
426
404
406
423
423
417
398
419
420
415
402
413
411
404
401
422
424
408
404
413
418
404
416
424
422
418
408
421
422
418
399
420
414
409
409
422
429
404
400
431
413
411
410
415
415
394
395
413
419
407
393
422
419
409
400
421
424
403
406
420
409
410
403
424
413
403
398
428
405
405
390
418
421
403
404
422
419
421
394
420
423
402
401
418
420
404
400
426
410
399
393
426
413
405
401
417
407
414
397
433
411
403
399
419
411
409
392
417
414
416
407
407
416
406
403
428
432
399
398
424
422
408
406
422
420
401
390
420
421
401
406
416
413
406
397
433
414
410
393
430
412
403
398
420
417
403
400
429
426
419
394
414
410
398
399
419
425
415
400
420
414
416
411
422
418
400
401
416
419
407
398
420
419
397
400
431
427
403
398
421
421
404
395
426
417
421
391
424
415
407
398
436
415
411
409
412
419
409
403
415
427
404
401
429
416
397
407
431
430
395
390
412
421
394
399
429
415
413
397
429
420
418
393
418
402
430
392
428
405
395
401
422
420
402
395
420
430
407
396
425
421
409
402
422
415
418
397
432
415
405
408
422
418
406
398
426
426
390
398
418
428
399
399
441
424
411
405
423
415
401
403
417
432
406
398
419
421
400
397
430
418
404
403
428
423
407
411
424
429
406
400
427
407
411
417
440
424
417
407
420
425
404
393
429
430
413
405
436
425
402
409
422
417
399
391
439
422
407
403
439
456
403
401
433
410
406
401
418
429
405
407
428
432
401
404
424
420
411
414
432
428
400
412
426
432
403
414
426
420
417
398
422
426
406
400
429
436
392
398
422
426
400
400
435
428
400
403
422
407
408
386
421
429
402
406
422
421
409
397
426
427
409
399
430
422
400
398
421
429
402
395
426
422
396
400
434
421
408
397
419
421
407
405
418
417
412
407
419
417
415
401
431
432
402
395
432
438
404
412
434
414
409
409
445
430
407
401
429
431
405
402
435
418
403
394
435
415
409
409
410
415
408
395
425
414
385
424
434
424
403
405
420
429
397
399
424
413
406
405
432
433
394
400
437
417
405
406
432
412
406
402
421
427
395
408
428
432
399
392
428
423
397
398
428
421
414
399
433
432
403
407
438
422
404
405
446
415
402
395
431
425
408
394
426
434
412
396
423
422
410
387
431
426
411
419
442
433
412
395
427
421
404
396
429
418
406
401
437
422
399
401
426
412
407
402
426
424
411
399
433
414
401
391
427
423
405
410
430
418
401
404
425
410
405
406
426
416
403
403
429
424
410
391
430
424
411
396
428
426
393
394
427
414
410
399
421
429
400
404
425
426
396
397
437
417
408
407
442
418
404
391
443
422
399
407
415
418
406
395
434
412
408
397
423
433
397
420
423
428
401
401
417
431
403
410
425
423
402
389
433
415
400
400
433
426
416
397
418
432
406
395
417
428
408
405
425
438
405
395
410
418
410
407
420
422
399
394
415
418
402
399
424
425
399
393
424
413
402
402
421
424
407
409
422
420
395
399
425
448
403
406
417
418
408
398
421
419
393
412
420
406
411
408
417
415
411
398
422
419
401
393
424
419
406
391
418
425
404
399
409
411
401
392
414
418
405
400
424
425
401
397
416
422
414
397
413
420
400
396
424
443
398
401
422
417
409
396
435
416
423
397
429
426
412
398
414
418
398
399
432
406
396
393
421
418
402
404
429
414
412
401
439
416
407
416
414
420
410
400
436
411
407
407
429
415
406
396
417
428
400
406
430
411
408
398
415
419
394
393
412
417
408
417
420
410
405
405
417
423
404
397
423
418
405
400
424
419
403
403
424
419
414
398
417
414
402
414
420
416
396
400
407
413
407
389
418
415
405
406
423
411
409
400
418
419
395
399
421
429
396
398
413
407
402
400
420
418
400
392
419
430
404
418
432
413
402
394
428
414
404
406
430
417
409
401
423
412
409
411
419
412
405
409
413
412
401
401
415
416
398
397
433
409
396
400
427
424
402
395
444
429
410
404
428
416
411
401
421
419
420
398
419
433
400
402
411
424
396
402
424
412
414
403
420
423
403
394
430
421
403
393
421
437
405
399
424
421
396
407
429
425
410
395
427
423
404
390
404
427
408
391
418
425
397
398
414
412
410
405
432
411
407
390
430
415
403
394
418
410
412
399
417
402
393
401
403
407
410
411
422
409
411
402
417
408
397
398
428
413
411
409
418
430
410
404
419
410
419
406
420
421
419
411
421
423
412
416
410
422
411
408
419
431
404
397
430
439
412
405
421
432
414
397
426
409
404
423
428
433
408
398
418
429
415
404
410
410
418
407
428
423
396
406
419
426
406
391
416
431
401
402
417
427
413
406
419
409
406
395
417
418
407
397
427
425
409
387
413
412
405
390
430
426
399
401
444
424
417
403
418
422
398
408
426
413
404
394
418
419
407
394
414
431
412
405
446
412
409
394
425
412
405
397
421
418
402
404
418
434
406
400
410
420
405
396
421
412
406
402
430
415
395
397
404
407
413
391
438
412
405
402
423
421
400
397
419
420
403
411
423
415
399
397
419
414
408
399
424
406
405
398
420
448
401
402
427
417
416
418
429
415
410
396
414
421
398
394
413
436
410
411
406
425
411
408
420
418
415
400
418
416
397
407
432
423
399
409
422
436
397
401
418
426
407
394
418
415
410
394
416
419
411
410
418
423
407
402
424
419
410
398
416
430
392
409
417
415
410
398
428
423
403
390
423
413
410
401
416
413
404
399
428
421
413
412
421
418
417
398
411
411
406
399
417
426
395
391
418
434
406
395
411
424
405
404
417
421
405
413
423
430
421
394
417
434
402
410
425
416
398
397
431
420
402
402
424
430
400
400
419
430
419
402
427
427
402
401
428
429
413
407
431
421
414
404
418
421
413
396
415
411
403
407
426
414
415
400
417
414
403
403
425
422
401
400
438
422
400
415
429
424
403
395
424
417
399
412
429
418
394
409
421
421
404
404
418
415
402
404
422
425
398
415
420
413
406
394
418
415
411
401
414
414
399
398
430
424
396
400
429
408
400
408
413
415
401
408
410
432
414
414
414
412
399
398
405
416
402
410
426
413
421
395
420
408
414
398
442
419
394
398
421
424
420
408
415
429
400
399
436
419
421
403
412
413
406
412
341
342
341
340
342
342
341
341
425
412
341
341
341
0
0

