;UFOS3
;Measurement details: channel = D, date = 02.06.2018, time = 03:17:57
Exposure=1378
Gain=0
Temperature=16.2
Accummulate=4
3.803 mu
3.894 amas
14.57 hs
0 ozone
0 uva
0 uvb
0 uve
[Value]
0
340
339
342
341
340
339
342
393
405
457
444
406
419
458
428
433
400
473
440
448
408
479
443
438
410
470
444
433
445
477
472
435
425
477
458
448
409
457
451
421
419
488
467
446
418
478
464
431
424
457
467
409
430
472
456
404
425
472
449
434
414
450
444
430
415
483
446
425
414
481
445
417
437
476
456
429
414
452
452
423
428
470
441
419
428
465
456
407
422
496
469
418
431
474
470
417
407
477
464
406
430
467
452
419
431
471
449
427
422
472
445
415
441
479
456
415
426
461
444
417
428
479
450
434
433
462
459
427
418
457
446
426
414
466
475
420
435
463
440
444
428
464
457
417
425
468
469
408
474
476
458
408
422
476
454
455
422
468
471
404
414
453
456
446
452
463
458
445
414
472
451
440
452
469
455
412
436
477
440
413
417
468
463
438
424
488
462
427
442
458
489
407
440
458
446
426
428
471
447
423
419
474
460
434
418
461
432
425
423
480
450
411
439
458
453
415
415
456
488
441
418
470
442
433
435
485
451
418
403
472
441
405
429
467
460
416
426
442
450
451
422
459
460
421
441
463
441
440
426
465
447
428
428
458
490
428
443
472
453
416
495
481
450
433
404
454
454
434
408
453
447
410
439
475
461
418
430
461
459
430
420
459
474
425
407
477
437
432
427
467
478
424
420
451
458
421
416
471
457
439
420
466
461
444
435
450
445
429
405
467
464
452
420
460
459
431
426
467
450
412
430
468
451
415
431
455
453
432
421
483
452
423
427
472
448
448
403
477
487
427
422
454
467
411
434
486
464
422
422
469
454
408
427
447
438
415
430
463
441
446
422
465
451
442
423
485
448
434
433
453
458
435
431
453
465
422
418
458
448
434
415
478
448
419
437
451
443
423
418
466
465
409
420
457
439
428
414
463
508
433
422
474
481
422
422
501
437
441
421
457
449
425
414
452
449
456
432
460
445
425
436
456
458
418
412
471
435
433
420
464
445
415
404
479
466
406
431
482
463
435
430
448
472
406
420
462
456
428
400
465
433
417
465
464
444
434
437
466
463
443
412
462
446
427
426
453
457
412
423
458
478
429
408
467
440
424
451
473
454
442
434
477
442
418
427
460
450
419
432
452
441
428
416
471
443
435
420
512
440
441
432
469
439
412
452
454
463
418
420
471
445
433
418
449
445
417
449
463
445
428
427
462
442
421
418
461
457
423
458
479
448
431
428
457
459
439
431
457
462
433
431
442
454
436
423
456
445
417
407
453
436
447
422
452
449
449
440
465
446
412
424
468
453
430
443
467
465
428
422
461
443
427
421
465
466
427
437
464
444
423
424
455
457
423
421
465
451
421
435
469
450
417
450
482
429
436
418
458
438
442
440
465
447
430
427
458
428
425
432
463
445
417
442
463
452
405
442
456
446
444
424
476
436
417
435
494
439
408
436
462
458
500
421
477
447
418
411
445
445
415
417
445
457
412
418
451
430
448
436
454
435
430
407
448
450
415
411
456
449
425
430
457
440
441
434
469
451
428
408
468
443
427
425
459
436
431
441
466
433
424
422
462
434
434
414
460
445
424
434
475
434
426
398
445
449
422
420
448
442
431
423
431
436
416
418
448
449
413
417
467
455
418
435
444
428
419
439
447
454
420
419
462
458
417
433
449
448
437
447
448
456
437
654
454
466
451
430
445
444
422
430
455
430
418
431
457
425
429
431
469
450
436
435
450
426
435
416
457
454
421
424
449
480
436
409
451
441
411
425
463
456
431
431
456
428
422
436
436
453
420
435
455
441
431
431
442
435
429
418
454
439
422
419
471
440
428
434
433
450
429
426
471
435
431
433
457
448
411
423
458
441
418
425
457
434
428
430
456
436
440
423
449
440
451
431
442
449
432
425
452
457
441
436
455
455
418
412
442
438
448
435
443
448
414
429
444
442
415
433
447
441
430
433
452
432
408
419
470
448
436
447
446
441
417
417
436
428
425
427
452
453
436
421
458
446
437
462
448
429
438
429
448
450
417
438
438
454
428
442
461
436
422
427
440
449
443
427
450
430
424
426
449
442
430
435
449
458
422
417
453
429
427
444
449
436
435
429
448
442
420
426
453
441
449
428
459
438
425
428
439
453
433
429
449
438
462
413
449
433
447
417
450
455
419
428
457
446
408
425
449
483
433
421
438
445
442
434
448
429
435
440
448
433
455
433
449
445
445
422
449
430
429
424
435
431
462
431
437
434
440
445
441
437
427
430
450
445
413
417
455
439
446
422
449
433
433
438
439
433
418
416
441
447
433
421
448
454
425
429
450
439
435
436
439
441
430
426
451
447
443
415
439
453
415
434
434
427
424
430
457
444
427
433
446
449
435
444
454
444
425
452
447
451
436
437
444
440
431
427
421
435
443
438
459
453
420
440
457
441
438
428
446
455
439
420
442
445
437
440
461
454
443
425
444
450
444
430
453
423
424
432
455
460
437
443
443
437
446
421
462
436
440
421
459
461
426
427
443
435
464
442
459
447
443
435
449
458
426
443
440
433
428
435
455
461
433
433
452
433
436
442
453
458
443
437
452
441
427
449
449
440
429
451
433
455
444
436
441
446
443
426
436
434
433
414
438
455
438
437
449
444
437
438
439
452
435
429
450
439
434
450
451
439
439
434
467
440
443
442
451
437
432
428
471
440
447
453
447
450
453
441
445
447
432
445
455
442
459
436
455
444
454
455
466
453
453
436
445
446
423
438
445
479
440
440
449
460
473
438
441
459
437
440
471
446
445
434
513
459
455
447
458
457
436
438
439
440
443
440
449
440
432
444
449
440
458
431
452
454
464
444
458
454
443
450
455
458
453
468
443
455
442
450
449
450
449
452
468
465
448
463
474
455
458
440
449
463
450
455
463
466
458
443
466
449
456
443
451
437
473
444
464
460
463
440
457
446
454
445
461
470
467
445
446
449
451
449
476
438
434
446
445
458
452
426
466
454
461
441
448
434
456
446
467
446
459
452
477
445
462
425
438
434
444
448
451
461
459
452
446
461
464
446
484
452
440
463
483
454
449
440
447
451
464
459
451
448
462
458
463
465
469
455
478
461
455
452
466
451
460
443
470
453
457
447
452
449
454
443
468
451
438
460
476
468
459
479
458
464
460
450
464
467
477
460
464
464
458
460
467
468
465
467
450
467
465
469
473
477
477
459
465
482
466
449
481
474
460
478
467
469
467
458
459
471
468
459
460
469
472
465
447
470
458
455
478
464
469
461
471
471
479
461
474
473
479
483
470
474
476
452
470
468
454
448
472
472
476
465
488
487
466
462
470
469
484
484
480
481
510
486
490
482
488
461
492
486
499
477
490
490
492
476
497
492
462
501
507
480
469
503
478
485
488
486
477
508
483
494
501
490
503
493
473
474
485
476
480
485
482
464
479
462
483
463
473
461
475
465
472
461
478
472
483
462
477
480
467
464
472
481
472
472
501
475
481
457
482
470
488
474
478
488
474
473
464
487
475
483
478
476
461
467
471
486
461
468
477
464
474
456
472
466
479
482
471
489
465
467
483
477
483
476
472
479
473
459
480
480
463
464
459
479
458
471
464
468
480
474
464
477
463
458
486
468
471
469
462
464
468
475
460
471
467
462
491
477
455
483
476
463
456
464
463
467
456
466
468
475
488
475
489
487
487
469
463
474
486
506
485
464
478
473
471
473
488
474
472
473
467
476
461
468
473
467
459
457
487
455
465
469
466
472
462
472
491
468
466
481
463
475
472
478
476
472
474
449
466
471
455
477
475
476
463
453
479
456
472
473
476
458
491
481
477
471
478
482
470
465
473
461
469
471
461
482
479
481
459
478
472
462
503
488
487
471
477
489
503
497
491
490
480
478
478
474
489
489
480
489
458
486
475
476
476
504
494
488
491
488
477
485
473
480
474
481
479
483
478
474
492
465
494
493
481
498
495
497
488
484
481
495
493
485
491
475
473
481
486
495
493
484
483
467
483
488
488
471
496
466
477
491
491
485
467
487
492
484
505
477
487
466
475
483
482
478
492
484
496
472
479
475
479
473
490
472
477
481
481
487
490
488
488
489
474
474
480
482
481
480
491
473
480
478
466
472
488
525
470
474
475
477
484
501
476
464
481
469
480
475
469
480
496
470
489
459
480
472
463
501
473
459
468
466
476
457
451
463
463
468
472
465
474
450
467
485
464
456
463
474
487
460
476
477
467
450
480
483
462
473
474
498
496
475
491
470
507
460
489
481
479
490
451
478
475
464
477
486
472
472
483
467
477
467
470
475
473
476
476
469
484
474
488
467
453
460
489
475
483
477
477
504
469
498
479
501
510
477
495
486
482
475
496
480
474
477
470
473
488
477
494
465
476
488
478
485
470
470
475
483
473
469
477
475
475
472
469
484
486
480
477
476
494
479
504
490
507
475
485
486
474
491
491
490
496
468
483
510
488
481
495
469
477
470
478
479
493
474
481
501
472
477
489
493
480
485
499
509
489
479
510
486
480
488
489
512
500
476
496
493
496
491
507
505
515
484
509
492
498
491
492
490
488
491
504
503
483
479
493
511
496
495
491
497
492
478
485
484
479
483
491
484
495
490
490
486
484
496
488
495
497
474
483
495
515
515
486
474
488
486
493
477
464
488
484
485
472
463
473
470
495
471
548
477
490
477
493
494
510
484
490
498
493
493
488
497
483
490
477
495
475
472
493
489
480
485
486
485
485
483
492
489
504
478
497
505
481
480
496
497
502
487
513
508
481
539
494
491
483
485
489
510
495
494
495
509
481
478
499
496
505
487
495
491
485
489
480
492
504
472
505
482
480
492
491
493
494
481
510
491
478
471
494
487
492
481
485
472
466
504
494
503
473
475
488
479
467
472
490
490
484
458
482
478
492
485
468
458
459
476
487
472
488
464
472
483
478
468
487
496
473
491
475
481
478
471
495
494
487
468
481
482
467
479
485
472
460
464
471
481
462
453
482
475
467
453
476
471
478
461
489
476
463
475
486
502
463
463
491
487
487
467
485
528
466
483
487
489
480
490
511
486
496
480
483
492
498
494
503
514
480
486
508
505
510
490
494
499
481
500
505
475
483
474
515
490
476
483
499
512
486
503
510
495
476
475
495
474
474
495
493
484
474
473
500
497
477
492
503
490
489
489
500
506
483
478
492
497
484
490
498
503
500
487
505
487
483
497
497
520
485
503
518
529
509
498
511
526
523
497
507
517
497
505
516
526
501
498
500
501
499
515
514
511
504
500
508
511
503
485
505
506
491
502
512
542
491
496
522
503
502
511
510
510
477
490
505
515
497
481
517
514
495
497
506
518
479
498
506
491
500
484
506
498
483
492
512
492
496
478
496
510
497
502
513
511
544
489
506
516
486
496
514
517
493
497
516
503
490
480
526
510
496
510
515
503
511
496
533
511
496
501
515
506
499
489
517
503
509
501
498
508
502
509
521
527
480
493
513
513
510
509
510
517
493
481
511
515
489
508
505
510
503
487
537
504
495
481
514
497
479
488
501
502
480
481
510
520
510
483
494
491
472
487
499
510
499
487
494
499
502
505
510
506
473
489
499
511
490
487
502
513
484
494
518
528
487
491
512
513
491
489
510
504
511
480
518
505
505
492
541
510
507
503
498
517
504
501
500
525
496
495
517
499
473
507
520
513
470
472
488
503
475
481
516
494
494
479
508
505
510
486
503
490
527
486
515
500
487
502
515
513
494
490
512
523
495
491
512
515
501
493
506
501
504
476
515
501
489
498
502
500
487
479
504
514
480
495
502
521
484
490
548
532
498
508
506
513
486
492
499
523
494
483
493
503
478
477
505
491
476
472
498
495
481
487
493
506
483
481
502
485
482
513
524
510
505
495
509
514
483
479
514
530
501
489
513
510
470
490
491
505
469
468
524
509
485
485
527
588
492
496
515
502
496
502
517
534
500
517
528
546
497
512
526
520
517
522
536
530
488
510
521
528
490
503
510
507
516
488
505
518
493
485
516
527
476
485
502
518
484
487
522
529
487
498
509
499
502
475
514
525
491
510
515
526
502
493
520
534
517
499
533
528
498
507
525
546
503
499
526
537
498
511
550
528
516
499
517
523
515
520
518
523
512
515
513
511
514
497
520
538
494
486
516
537
492
518
528
501
489
497
529
527
493
483
507
516
485
482
520
503
477
472
511
495
494
494
485
499
492
472
510
496
455
526
507
512
477
493
499
520
480
493
513
496
495
498
518
541
472
496
537
507
491
503
520
494
492
490
498
517
470
497
510
523
474
468
508
508
466
471
501
500
485
475
497
508
469
481
512
495
472
469
523
477
464
463
490
490
465
455
482
502
471
458
483
490
473
443
490
488
468
492
505
497
467
452
483
484
460
456
489
486
460
458
494
487
456
460
484
467
463
462
484
493
471
466
485
475
457
451
491
491
467
478
501
486
461
476
495
481
481
487
501
493
476
478
514
502
491
466
510
507
487
480
501
502
467
473
507
491
492
475
497
512
476
491
498
503
470
472
518
489
476
487
519
486
475
460
521
491
467
484
482
497
481
473
514
488
488
477
500
523
472
525
498
518
478
487
493
523
479
493
499
508
478
463
511
490
468
482
509
508
489
470
493
514
471
470
488
507
486
488
502
520
484
474
482
503
491
495
498
504
473
469
488
496
484
477
507
502
478
473
494
491
476
484
498
501
494
491
495
500
473
475
501
555
483
498
499
502
497
488
502
510
476
508
511
503
507
502
504
507
498
494
505
513
489
480
506
508
495
482
501
517
488
487
491
492
481
474
493
507
499
489
501
510
489
482
496
509
505
490
493
511
492
486
514
564
485
491
519
510
510
490
531
510
524
490
512
527
510
491
492
511
473
488
515
489
476
474
500
496
477
489
506
491
498
473
519
489
483
517
476
503
476
477
520
476
474
481
494
489
467
456
470
482
452
463
481
472
454
443
460
473
439
436
454
465
454
491
463
467
456
471
462
472
458
453
474
479
460
459
477
477
457
468
474
483
483
463
479
476
465
489
485
478
457
472
472
483
478
455
487
494
472
483
490
479
480
477
483
491
463
476
482
505
459
480
477
476
473
470
486
491
463
471
487
518
479
505
503
472
460
453
495
471
463
464
493
473
465
462
473
462
468
464
462
461
451
472
452
456
444
456
456
470
444
451
483
460
443
454
485
482
453
451
508
489
475
470
485
477
477
466
487
489
491
468
481
516
467
470
475
504
467
482
495
486
494
479
499
500
472
468
512
504
471
467
494
519
481
478
503
507
472
490
518
507
491
478
514
502
476
470
477
510
478
462
493
508
470
482
488
485
496
491
507
484
477
471
502
497
480
478
499
488
496
483
497
479
465
488
476
491
500
500
503
483
492
481
487
495
466
485
506
492
494
496
497
517
485
489
495
492
516
496
494
492
502
501
500
507
497
506
486
508
490
501
492
519
485
474
512
532
492
499
502
514
491
473
510
489
483
523
514
521
500
482
494
510
497
488
486
497
499
490
506
508
473
493
490
507
479
457
485
510
474
482
492
507
500
485
495
484
486
468
498
498
496
471
504
514
483
462
493
490
486
462
503
498
469
474
517
501
494
473
478
494
462
489
499
489
473
465
487
491
481
461
477
508
487
485
552
484
485
464
495
483
472
475
489
494
470
471
488
506
472
473
477
485
481
466
481
476
472
468
503
476
456
458
457
470
474
450
508
480
468
477
481
487
460
458
478
486
461
473
483
472
455
468
481
476
471
463
480
462
467
460
476
533
455
451
484
474
473
481
493
472
468
456
470
483
450
462
467
504
464
493
460
492
468
473
479
485
471
458
478
485
451
468
487
492
452
472
482
513
449
466
473
503
467
455
476
474
469
444
461
477
471
478
468
484
469
460
479
470
468
454
463
490
441
474
460
461
460
444
479
481
449
434
468
463
456
453
464
463
451
452
481
469
466
473
474
475
472
447
458
460
457
456
467
482
433
440
466
494
463
450
457
490
455
466
470
474
452
473
478
485
483
450
461
489
454
471
471
473
451
447
483
475
447
454
474
482
447
451
468
494
473
458
486
479
447
451
481
478
468
472
487
477
456
456
465
478
465
452
459
451
446
462
473
466
461
450
455
458
440
458
474
475
446
456
502
478
450
479
485
485
450
445
471
465
441
468
478
466
441
473
464
475
446
460
468
469
447
458
474
476
443
478
475
462
463
441
462
477
459
449
458
462
447
446
485
479
440
455
488
454
446
463
450
464
445
462
449
494
461
471
469
464
451
454
451
467
441
468
474
462
483
443
462
455
461
459
514
475
435
447
467
467
470
459
461
482
444
447
488
470
468
450
449
465
448
449
341
341
342
341
340
341
340
342
467
453
340
341
340
0
0

