;UFOS3
;Measurement details: channel = Z-D, date = 02.06.2018, time = 03:56:43
Exposure=383
Gain=0
Temperature=15.9
Accummulate=4
2.958 mu
3.018 amas
19.254 hs
314 ozone
0 uva
0 uvb
0 uve
[Value]
0
1
-1
2
1
-2
2
2
0
0
-2
-3
1
0
0
-1
-2
1
1
-2
-2
-3
-2
0
-1
0
-3
-3
2
4
-1
1
2
0
0
-2
2
-1
6
-2
0
-2
1
-1
0
1
0
2
3
0
-1
-1
1
0
0
-1
-1
0
1
0
1
-1
3
-2
0
-1
2
-1
2
-3
3
1
-3
-1
3
2
-3
-1
0
-3
0
2
4
1
1
-3
3
3
-1
1
0
-1
3
-1
-3
-2
0
-3
-1
1
1
0
0
-1
2
-1
1
1
0
2
-2
0
-1
1
3
-3
-2
1
-1
-4
2
0
2
0
-1
-2
3
-1
-2
0
4
-3
0
3
-3
0
-2
-1
-1
-1
-1
-1
-1
2
3
2
2
-1
-2
-1
0
1
1
0
-3
1
0
-2
0
0
2
0
2
1
1
0
3
1
1
1
1
1
-1
0
1
-2
-1
1
1
-1
1
-1
-3
0
0
0
-2
-1
1
-3
1
1
1
2
0
0
0
-1
1
1
-1
-1
4
2
6
0
1
2
2
0
2
1
0
-1
0
-3
2
0
1
2
1
1
2
1
0
1
3
-2
0
2
0
0
-1
1
0
4
1
1
2
2
3
2
1
0
0
-1
2
0
2
0
1
0
1
2
1
-3
2
1
2
6
2
0
2
3
-1
1
3
2
2
-1
-2
-1
3
1
1
2
1
1
1
-1
3
0
-1
2
2
-2
1
1
2
1
0
0
2
0
0
0
2
3
2
0
1
1
2
1
2
1
1
2
2
1
1
1
0
0
3
1
1
0
1
1
1
-2
2
2
0
1
2
-1
1
2
2
0
2
0
3
1
3
1
2
0
3
2
2
3
2
1
6
0
1
1
2
-1
3
4
2
4
5
0
2
1
0
0
2
-1
3
3
1
1
1
2
3
4
2
3
2
0
0
3
1
1
2
3
3
3
0
2
0
1
2
0
-1
1
1
4
1
0
0
2
3
1
3
2
3
0
3
1
2
2
3
3
0
3
3
0
0
2
4
0
2
2
1
0
2
3
1
3
4
-1
2
1
4
1
1
2
2
0
3
4
3
-1
4
1
4
3
4
0
4
1
6
0
6
-1
4
1
3
1
3
4
2
5
3
2
3
3
1
6
3
2
1
4
3
2
4
2
1
2
3
2
6
3
5
4
1
4
4
2
2
5
2
3
2
0
4
3
3
1
2
2
2
2
3
3
0
3
2
1
2
4
4
4
4
3
6
2
4
4
2
5
2
-1
2
4
4
4
0
2
5
2
6
4
6
4
2
4
1
-1
4
4
3
1
6
2
6
3
5
1
2
3
4
1
4
4
5
4
1
4
4
4
3
0
3
6
3
2
3
2
5
4
6
3
1
4
6
1
2
2
2
4
4
3
4
3
1
2
2
0
3
3
4
4
6
5
1
3
3
3
5
4
4
4
7
3
5
3
2
5
3
5
3
5
5
0
2
4
8
2
4
7
3
3
5
5
4
0
3
4
3
4
2
3
2
5
5
2
6
3
4
4
1
2
6
4
4
5
4
3
4
2
3
5
7
1
4
1
4
4
3
3
3
5
3
8
2
3
5
6
7
3
3
3
5
3
4
3
7
4
6
6
2
3
7
4
2
4
5
3
7
6
6
5
2
4
6
3
4
4
4
5
5
4
6
1
5
2
9
5
6
6
5
5
6
8
5
6
4
5
5
3
4
5
5
7
5
3
6
6
5
6
5
5
5
7
5
7
4
7
3
8
5
4
4
5
3
6
6
7
6
5
5
4
7
8
7
6
5
7
7
4
7
6
5
5
10
4
4
4
8
6
5
6
7
5
6
6
8
2
7
8
9
6
5
6
7
2
7
10
11
6
8
5
5
8
8
5
10
5
6
6
6
8
6
9
9
7
7
5
9
5
7
10
10
6
10
11
10
6
7
6
5
9
10
7
7
4
7
7
10
8
6
6
8
6
8
6
7
9
6
7
8
9
11
7
10
7
9
9
9
7
10
9
5
9
8
7
9
6
10
9
10
12
8
8
11
11
10
9
10
6
11
9
10
8
11
9
13
11
10
11
11
10
9
14
13
11
13
13
13
15
12
16
19
15
15
12
17
11
17
17
16
13
17
14
17
16
17
15
16
17
16
17
19
18
18
15
19
19
18
17
20
18
19
20
18
18
20
19
21
15
21
19
21
20
21
20
19
22
27
23
26
22
27
28
29
27
30
31
30
30
31
30
36
38
32
35
35
36
37
35
35
36
37
38
37
35
39
35
37
38
41
36
43
39
40
38
41
39
42
38
40
40
43
40
40
41
40
39
46
40
40
41
43
43
46
44
47
45
47
49
46
49
49
51
54
51
58
55
60
58
61
61
63
60
61
63
66
67
68
67
73
72
75
76
79
82
80
86
86
88
90
97
100
103
103
107
110
111
110
115
116
118
120
121
126
125
128
127
134
131
136
130
135
139
139
136
142
141
142
139
142
140
147
143
144
149
156
149
151
160
157
161
163
167
165
166
172
176
176
172
182
180
185
191
191
192
192
194
195
199
200
199
207
205
204
200
204
206
205
201
205
205
208
207
211
210
211
213
218
221
224
229
231
235
243
242
247
248
246
251
244
248
250
248
252
258
251
253
256
254
260
263
264
265
270
279
280
288
293
300
305
310
318
311
318
313
317
315
316
307
304
299
294
285
279
272
273
265
259
254
255
255
247
250
255
255
259
263
273
270
280
284
295
300
309
318
329
339
349
352
359
360
369
374
382
385
389
394
401
399
406
406
411
416
422
423
434
434
443
441
444
446
448
445
446
439
437
426
421
418
415
402
400
392
394
393
391
395
398
395
406
406
412
412
426
437
441
455
475
486
511
520
542
553
568
581
588
583
589
587
590
593
598
588
590
584
583
580
577
568
569
566
564
561
561
560
568
571
580
585
596
593
607
619
627
635
651
657
683
692
708
715
730
747
764
766
789
802
817
827
836
848
857
853
851
853
852
836
833
823
810
793
788
772
764
755
748
741
731
724
723
722
730
735
745
756
757
768
784
789
794
793
801
808
815
815
819
815
811
806
799
781
774
756
745
723
705
690
671
661
656
647
639
634
634
635
650
653
657
655
669
677
670
682
697
703
715
721
732
739
755
769
780
793
803
810
822
830
841
849
857
862
878
878
890
883
895
903
898
894
902
895
901
898
887
883
879
878
874
870
864
851
847
847
843
843
840
843
840
842
848
849
850
836
851
857
858
862
871
884
896
915
930
946
966
982
1006
1023
1041
1053
1076
1081
1107
1122
1140
1138
1147
1148
1141
1145
1146
1145
1162
1167
1179
1181
1193
1202
1205
1215
1218
1232
1243
1244
1262
1272
1276
1282
1280
1282
1284
1276
1275
1276
1278
1271
1260
1257
1251
1237
1235
1221
1226
1226
1221
1225
1228
1242
1244
1255
1252
1268
1266
1264
1253
1259
1266
1263
1276
1273
1279
1290
1300
1295
1300
1299
1313
1313
1333
1337
1357
1382
1391
1424
1441
1456
1490
1508
1525
1539
1576
1612
1627
1663
1693
1713
1740
1769
1784
1796
1807
1820
1822
1797
1795
1780
1772
1758
1764
1754
1755
1741
1736
1744
1749
1739
1747
1741
1734
1729
1719
1702
1692
1667
1652
1634
1621
1598
1574
1542
1518
1490
1472
1459
1449
1451
1435
1437
1409
1390
1373
1343
1330
1301
1287
1275
1275
1273
1270
1266
1271
1283
1298
1299
1321
1351
1368
1397
1418
1433
1460
1478
1491
1488
1495
1498
1485
1483
1479
1470
1466
1465
1452
1450
1446
1423
1421
1408
1405
1411
1395
1397
1387
1391
1400
1391
1414
1419
1425
1422
1426
1426
1416
1411
1395
1381
1377
1360
1346
1330
1320
1305
1303
1305
1298
1286
1281
1270
1270
1267
1263
1252
1257
1250
1262
1271
1290
1306
1329
1343
1364
1391
1403
1417
1435
1443
1464
1465
1460
1461
1439
1449
1448
1442
1445
1457
1467
1468
1475
1471
1486
1487
1491
1493
1505
1519
1532
1544
1567
1562
1569
1581
1590
1579
1576
1551
1529
1497
1471
1438
1397
1367
1350
1332
1326
1319
1310
1295
1307
1294
1308
1313
1326
1327
1335
1347
1355
1381
1398
1406
1419
1427
1436
1436
1435
1400
1398
1372
1339
1320
1299
1290
1276
1275
1296
1305
1321
1350
1377
1415
1455
1471
1515
1554
1571
1588
1606
1612
1622
1637
1647
1667
1685
1691
1695
1693
1694
1694
1688
1688
1692
1700
1716
1723
1735
1744
1766
1780
1810
1829
1857
1878
1897
1903
1899
1901
1895
1892
1867
1859
1830
1806
1783
1755
1741
1719
1715
1705
1716
1735
1742
1768
1766
1780
1802
1825
1859
1890
1935
1964
1996
2029
2055
2077
2100
2082
2095
2079
2069
2074
2062
2054
2039
2026
1999
1973
1973
1941
1928
1905
1881
1848
1843
1835
1838
1835
1828
1820
1802
1798
1782
1773
1749
1733
1718
1703
1704
1698
1709
1690
1683
1684
1682
1681
1688
1695
1698
1705
1721
1721
1744
1744
1768
1775
1793
1805
1799
1802
1809
1802
1799
1793
1783
1769
1765
1752
1739
1720
1720
1704
1705
1708
1715
1727
1739
1739
1753
1745
1734
1736
1717
1720
1720
1721
1719
1724
1730
1726
1717
1702
1689
1676
1656
1639
1619
1586
1555
1524
1495
1454
1417
1381
1357
1328
1289
1246
1233
1204
1196
1176
1168
1151
1151
1155
1154
1171
1179
1196
1234
1276
1308
1339
1395
1420
1459
1480
1498
1518
1534
1557
1573
1590
1612
1631
1647
1650
1674
1666
1681
1674
1688
1687
1678
1667
1656
1637
1623
1614
1607
1582
1582
1570
1572
1568
1556
1550
1543
1549
1552
1551
1553
1559
1570
1591
1595
1605
1625
1648
1667
1679
1717
1735
1754
1772
1796
1799
1794
1798
1805
1785
1785
1783
1793
1782
1775
1750
1744
1724
1699
1692
1680
1680
1676
1680
1671
1666
1660
1671
1674
1687
1690
1689
1698
1698
1709
1706
1721
1721
1729
1736
1746
1759
1764
1776
1799
1807
1820
1818
1819
1827
1815
1809
1807
1794
1808
1809
1806
1801
1799
1801
1819
1828
1838
1840
1833
1816
1804
1778
1753
1744
1738
1747
1760
1777
1807
1817
1844
1856
1893
1912
1945
1964
2003
2023
2058
2102
2125
2155
2182
2220
2250
2262
2294
2298
2311
2295
2300
2275
2261
2240
2221
2200
2192
2192
2190
2173
2175
2144
2125
2097
2076
2057
2044
2031
2020
2017
2019
2014
2018
2023
2044
2050
2068
2095
2108
2109
2138
2140
2147
2169
2175
2180
2192
2187
2171
2127
2082
2042
1989
1929
1874
1833
1784
1767
1755
1753
1757
1758
1771
1785
1808
1824
1835
1858
1880
1889
1890
1911
1929
1953
1981
2009
2037
2053
2064
2075
2080
2068
2058
2042
2027
2027
2008
2018
2016
2013
2020
2026
2035
2030
2046
2052
2052
2056
2073
2083
2102
2106
2129
2142
2167
2189
2194
2178
2175
2152
2139
2130
2130
2107
2111
2100
2079
2077
2062
2022
2010
1982
1979
1952
1935
1929
1907
1894
1888
1873
1869
1870
1854
1838
1813
1792
1766
1739
1729
1700
1698
1685
1687
1688
1698
1714
1733
1767
1771
1763
1761
1736
1740
1710
1722
1707
1699
1692
1688
1673
1662
1631
1606
1579
1539
1512
1490
1453
1424
1405
1390
1392
1401
1392
1431
1434
1438
1437
1441
1437
1442
1448
1448
1441
1461
1462
1475
1494
1482
1473
1471
1454
1430
1417
1396
1393
1392
1375
1357
1340
1317
1294
1269
1234
1209
1192
1183
1180
1190
1175
1184
1197
1214
1238
1270
1302
1339
1374
1396
1430
1466
1498
1540
1578
1619
1672
1720
1764
1817
1869
1918
1950
1983
2025
2042
2063
2068
2093
2102
2102
2125
2129
2156
2154
2140
2131
2123
2112
2093
2074
2050
2033
2008
1985
1963
1947
1933
1914
1888
1851
1808
1773
1750
1712
1700
1690
1700
1706
1720
1727
1740
1740
1753
1763
1778
1800
1824
1845
1861
1876
1913
1933
1937
1947
1939
1917
1900
1885
1863
1840
1827
1813
1802
1816
1828
1832
1841
1834
1825
1830
1837
1855
1890
1946
1991
2034
2096
2151
2204
2249
2288
2331
2361
2370
2358
2334
2310
2281
2254
2229
2209
2185
2167
2129
2098
2054
2034
2005
1978
1962
1948
1936
1947
1950
1965
1996
2041
2081
2141
2184
2209
2229
2267
2271
2311
2288
2285
2268
2244
2196
2168
2142
2119
2085
2048
2019
1988
1941
1918
1888
1866
1838
1841
1831
1837
1823
1844
1859
1875
1904
1924
1946
1968
1991
2001
2013
2033
2062
2099
2132
2164
2185
2199
2235
2264
2279
2295
2313
2330
2349
2359
2368
2372
2379
2386
2372
2384
2356
2365
2351
2350
2340
2340
2330
2303
2297
2296
2283
2272
2242
2227
2211
2192
2170
2166
2126
2123
2110
2104
2084
2076
2062
2059
2038
2035
2033
2027
2026
2036
2030
2025
2011
2024
2015
2022
2018
2017
2009
1991
1982
1973
1960
1949
1946
1923
1923
1916
1906
1888
1892
1886
1879
1873
1867
1857
1840
1833
1811
1810
1806
1795
1793
1797
1802
1818
1823
1851
1850
1877
1890
1910
1925
1954
1971
1994
2022
2051
2083
2106
2122
2131
2151
2158
2171
2163
2157
2157
2143
2113
2092
2069
2046
2017
2002
2005
1985
1992
1990
1967
1966
1963
1948
1939
1944
1926
1918
1897
1877
1850
1815
1790
1791
1789
1762
1765
1770
1773
1768
1809
1817
1859
1892
1925
1979
2026
2054
2084
2101
2139
2161
2188
2217
2229
2230
2217
2201
2185
2164
2149
2132
2095
2046
2011
1977
1942
1903
1886
1863
1842
1841
1839
1830
1830
1815
1800
1788
1779
1779
1785
1778
1776
1756
1771
1748
1754
1777
1808
1825
1858
1867
1886
1893
1889
1870
1842
1821
1794
1774
1753
1718
1669
1619
1585
1539
1521
1502
1508
1514
1522
1544
1580
1627
1674
1712
1771
1819
1873
1908
1954
1973
2008
2016
2054
2045
2036
2014
1993
1963
1929
1882
1827
1783
1730
1697
1670
1647
1629
1641
1645
1653
1666
1678
1724
1743
1797
1854
1897
1938
1973
2001
2037
2070
2114
2138
2164
2170
2177
2183
2208
2200
2192
2177
2166
2145
2126
2099
2095
2082
2067
2047
2042
2063
2055
2038
2051
2064
2080
2099
2106
2114
2124
2125
2128
2131
2122
2130
2142
2155
2177
2179
2206
2220
2243
2254
2268
2275
2288
2301
2326
2333
2349
2371
2389
2396
2418
2441
2459
2469
2481
2496
2509
2516
2520
2544
2550
2537
2557
2568
2573
2581
2584
2576
2576
2562
2541
2533
2499
2467
2428
2396
2349
2314
2283
2245
2209
2174
2144
2095
2063
2024
2000
1960
1936
1921
1902
1873
1883
1857
1849
1823
1817
1797
1792
1765
1749
1728
1701
1689
1689
1657
1657
1645
1654
1652
1660
1684
1687
1709
1726
1735
1755
1773
1793
1815
1852
1875
1898
1904
1925
1931
1917
1922
1922
1926
1922
1927
1922
1893
1882
1848
1825
1809
1786
1765
1762
1740
1714
1701
1688
1684
1672
1643
1639
1614
1602
1582
1542
1512
1487
1459
1429
1404
1390
1367
1356
1344
1332
1328
1313
1312
1286
1266
1247
1217
1199
1175
1158
1145
1128
1104
1108
1112
1106
1083
1079
1074
1065
1048
1040
1036
1019
1008
1017
1014
1011
1008
1016
1020
1025
1020
1022
1010
1017
1010
1007
994
989
978
982
986
988
994
1019
1019
1046
1071
1098
1117
1144
1163
1187
1217
1242
1268
1296
1324
1360
1392
1442
1462
1478
1505
1521
1532
1538
1547
1552
1550
1555
1557
1557
1551
1555
1561
1563
1543
1518
1497
1480
1469
1466
1473
1479
1471
1458
1436
1441
1420
1404
1388
1373
1342
1322
1299
1323
1353
1349
1364
1367
1385
1387
1386
1413
1424
1440
1480
1512
1548
1565
1575
1602
1624
1626
1617
1629
1605
1596
1564
1558
1536
1515
1490
1472
1456
1439
1439
1459
1448
1472
1475
1489
1491
1498
1503
1508
1525
1548
1562
1582
1591
1582
1588
1591
1588
1578
1567
1558
1549
1548
1529
1516
1523
1510
1508
1502
1501
1498
1479
1474
1478
1465
1460
1459
1455
1473
1474
1478
1488
1504
1521
1545
1553
1557
1572
1590
1624
1663
1669
1709
1719
1744
1768
1785
1802
1815
1821
1824
1840
1834
1826
1849
1842
1860
1878
1879
1880
1872
1852
1843
1830
1833
1823
1810
1781
1768
1746
1727
1734
1722
1697
1697
1696
1675
1680
1690
1701
1737
1761
1788
1790
1826
1852
1875
1872
1890
1888
1906
1921
1933
1915
1895
1887
1894
1885
1879
1856
1825
1821
1803
1776
1762
1735
1697
1665
1653
1622
1598
1570
1545
1524
1503
1473
1447
1417
1392
1357
1338
1311
1285
1259
1235
1216
1197
1165
1135
1082
1022
969
910
856
811
759
721
693
655
629
597
583
563
549
545
538
536
531
540
550
574
586
610
630
667
696
719
754
771
797
813
827
852
881
896
921
958
979
1004
1033
1047
1080
1097
1118
1126
1140
1141
1166
1179
1206
1218
1231
1254
1264
1288
1303
1312
1318
1310
1322
1334
1335
1341
1338
1331
1330
1334
1327
1314
1310
1305
1297
1290
1278
1274
1257
1236
1220
1210
1190
1166
1142
1108
1093
1054
1024
990
944
898
860
812
768
723
696
669
638
625
600
589
569
560
543
542
527
536
542
542
550
572
593
619
638
665
700
730
767
808
842
883
922
970
1007
1049
1071
1116
1146
1169
1198
1237
1255
1262
1275
1289
1296
1306
1309
1302
1311
1310
1310
1316
1322
1335
1337
1351
1352
1350
1357
1366
1367
1383
1400
1419
1419
1452
1443
1468
1482
1494
1498
1506
1517
1518
1522
1513
1519
1516
1516
1517
1502
1501
1498
1494
1494
1499
1505
1513
1515
1515
1516
1515
1531
1543
1534
1540
1544
1541
1541
1529
1516
1506
1491
1496
1496
1508
1514
1510
1518
1520
1526
1525
1527
1543
1533
1539
1544
1557
1572
1576
1585
1601
1604
1627
1622
1627
1624
1624
1631
1613
1606
1602
1595
1595
1596
1594
1608
1602
1602
1603
1595
1615
1589
1608
1612
1611
1592
1589
1574
1564
1570
1570
1579
1594
1594
1603
1600
1600
1591
1601
1595
1593
1580
1566
1561
1546
1524
1526
1500
1472
1450
1427
1399
1379
1377
1390
1395
1413
1402
1404
1415
1411
1426
1453
1447
1457
1458
1469
1474
1486
1472
1481
1487
1494
1482
1494
1473
1458
1446
1426
1391
1361
1347
1335
1311
1296
1283
1288
1278
1277
1265
1259
1264
1271
1267
1265
1265
1271
1290
1295
1300
1313
1310
1329
1323
1323
1304
1306
1279
1266
1256
1253
1240
1226
1200
1199
1189
1189
1192
1174
1174
1161
1159
1135
1123
1111
1099
1089
1073
1064
1068
1067
1070
1059
1043
1039
1026
1033
1018
1020
1024
1026
1014
1023
1013
1009
1011
1028
1022
1019
1015
1002
1002
1002
996
1001
1000
1008
990
988
970
961
950
947
936
942
947
949
950
957
958
953
954
954
952
953
951
951
939
953
956
964
953
950
958
965
970
969
967
973
970
970
963
950
941
937
934
930
928
935
940
930
928
916
916
906
891
890
880
864
840
825
812
805
806
809
797
789
757
747
730
720
704
705
693
688
684
681
670
668
659
667
673
672
673
681
683
690
685
686
693
704
707
724
738
747
750
759
762
764
765
768
769
766
760
761
754
752
752
761
764
773
776
782
785
779
772
773
779
772
770
767
767
764
744
750
741
748
746
749
739
733
733
737
734
727
717
717
715
719
712
709
706
702
698
689
683
683
677
675
660
661
643
644
650
652
657
657
658
657
667
667
670
671
671
680
681
691
696
700
694
697
709
703
705
700
688
677
673
672
670
667
653
655
648
657
647
646
640
644
639
638
631
640
634
634
634
641
646
645
644
646
630
631
620
616
617
619
610
606
596
603
600
602
592
596
598
605
601
600
601
602
605
610
618
627
630
633
630
647
643
654
651
657
646
579
335
0
-2
0
1
0
1
0
0
654
616
-2
-1
-1
0
0

