;UFOS3
;Measurement details: channel = D, date = 02.06.2018, time = 04:08:06
Exposure=1270
Gain=0
Temperature=16.0
Accummulate=4
2.774 mu
2.846 amas
20.659 hs
0 ozone
0 uva
0 uvb
0 uve
[Value]
0
339
339
341
342
342
341
341
390
400
451
439
403
412
453
426
428
396
469
436
440
405
475
438
432
408
464
440
430
438
475
466
429
417
473
455
441
406
452
446
415
411
482
462
437
412
475
455
426
419
454
462
406
426
469
452
400
419
468
444
429
408
447
438
425
408
475
443
421
408
477
441
411
430
471
450
423
409
449
442
420
422
464
436
415
422
461
453
404
416
487
463
413
424
468
466
411
401
471
461
403
421
463
450
416
425
468
445
423
416
465
442
414
432
473
451
412
419
458
440
413
423
473
444
426
427
459
454
421
414
450
442
420
410
461
467
414
429
460
436
436
424
458
452
412
421
460
463
404
468
470
452
403
416
471
446
448
418
462
466
400
407
452
450
439
446
453
451
440
407
467
446
433
445
463
450
409
432
472
437
409
413
461
459
432
417
484
454
423
437
455
477
404
435
454
441
426
422
467
443
418
415
469
455
426
412
455
428
422
417
477
446
404
433
455
447
410
410
452
479
438
411
464
439
429
428
481
445
413
397
464
438
401
423
464
452
410
421
440
445
444
415
454
453
418
434
460
435
435
419
457
445
420
421
453
479
427
436
468
446
410
476
475
443
428
398
448
450
428
401
447
441
409
432
469
456
417
427
459
452
422
415
456
466
421
404
473
434
424
420
463
470
418
416
447
452
419
410
466
450
431
414
461
454
435
430
446
439
425
399
459
456
445
414
456
458
427
422
462
445
412
421
465
445
409
427
450
446
429
421
475
448
420
421
466
443
442
402
472
477
423
413
451
463
406
429
481
456
417
419
463
445
405
422
445
434
410
425
461
438
442
417
459
447
438
417
478
444
429
427
450
452
427
424
447
461
414
412
456
442
426
409
474
445
412
429
449
439
418
415
459
458
407
415
456
434
421
408
458
495
426
417
471
474
417
415
492
433
435
415
453
443
419
410
448
445
449
426
454
442
425
428
452
450
411
407
468
431
430
417
456
443
410
400
474
460
401
426
474
457
427
424
444
464
400
414
457
452
419
397
462
428
413
455
456
437
430
432
463
459
439
411
459
443
426
421
449
452
410
418
453
471
425
402
463
432
422
446
466
449
436
427
471
437
415
424
453
445
412
427
448
436
425
411
467
438
429
416
504
435
436
425
466
436
406
447
447
460
414
416
468
440
428
410
446
439
413
443
457
441
425
420
456
437
418
414
454
452
419
452
473
443
427
426
455
450
433
425
456
459
425
426
437
445
430
418
452
442
412
404
449
431
437
416
448
443
442
433
461
439
410
422
463
448
423
437
460
457
424
414
455
436
421
411
462
458
420
430
459
440
419
419
450
450
417
416
457
445
415
431
462
443
413
442
478
426
430
413
452
433
438
433
457
440
424
422
451
425
418
424
459
435
414
435
458
446
402
431
453
440
438
418
469
435
414
426
487
433
406
430
457
452
486
414
471
440
412
407
443
440
410
412
440
449
404
414
446
423
441
433
450
430
425
402
443
444
408
406
451
444
422
424
450
436
435
432
461
446
420
403
462
435
421
421
455
432
428
432
462
432
419
414
459
430
424
411
453
439
418
428
470
431
423
396
441
444
416
414
442
439
428
418
427
432
413
415
441
441
411
410
460
450
413
428
444
426
413
434
442
449
417
415
457
453
411
429
443
443
434
436
442
446
431
619
449
459
449
425
440
437
419
422
449
423
412
425
452
420
426
427
465
445
431
429
445
424
431
413
451
447
416
422
445
471
431
406
446
437
406
419
458
453
429
422
452
424
418
429
434
446
414
430
448
436
424
425
440
432
424
414
448
431
418
415
461
436
423
430
431
445
423
422
464
432
427
427
452
438
408
418
452
436
416
419
452
430
423
424
450
429
436
419
444
436
445
423
438
446
423
424
448
450
432
432
450
447
416
409
438
433
446
432
440
442
413
421
440
439
412
426
444
435
426
428
445
429
406
414
461
442
431
436
441
437
412
411
435
424
418
422
449
445
430
416
453
440
432
455
446
426
431
424
444
441
415
430
437
447
422
434
455
431
420
421
436
443
436
423
441
426
418
419
445
436
427
428
443
453
418
415
446
427
421
437
440
431
427
423
445
438
417
420
449
436
443
421
455
433
422
423
436
445
425
426
441
433
455
404
445
431
440
412
444
448
415
423
452
440
406
419
445
473
425
416
434
436
439
428
444
424
430
433
443
425
448
428
444
440
439
419
441
425
423
421
432
428
456
424
436
426
433
436
435
433
424
426
444
438
408
409
450
436
440
417
442
428
427
434
433
430
412
412
434
441
423
417
440
444
420
424
445
433
430
430
434
434
423
418
445
440
437
410
435
449
412
427
428
425
418
424
454
438
426
427
441
441
431
438
445
438
420
443
441
446
429
431
435
432
426
421
416
429
437
432
452
446
415
431
451
432
431
419
441
445
431
416
435
435
429
431
453
445
433
416
439
442
438
424
443
416
416
426
447
447
427
436
436
433
438
413
455
428
432
414
447
453
421
415
434
427
451
431
447
437
436
427
444
447
418
434
434
424
420
427
442
448
426
424
444
424
427
434
448
447
435
428
442
430
422
440
441
430
422
440
424
446
440
426
433
435
433
417
427
422
421
407
427
441
430
426
436
430
426
429
434
439
424
418
438
428
421
436
439
426
429
422
448
428
427
429
439
427
421
416
460
428
434
441
437
434
439
432
434
434
422
431
440
432
446
425
442
429
443
443
450
439
439
423
431
430
410
424
431
460
424
424
435
443
455
421
425
443
420
426
451
432
426
419
495
437
440
431
441
442
421
425
425
424
429
425
435
424
416
423
433
422
438
415
437
434
447
426
437
434
427
428
434
434
429
446
424
430
422
428
431
427
427
428
445
445
426
441
453
434
433
420
428
444
431
434
441
443
437
420
443
429
432
419
431
422
448
425
444
436
443
421
436
426
433
423
440
447
451
428
427
427
434
430
455
418
416
430
429
436
431
411
446
436
440
422
429
412
434
428
446
426
440
431
452
422
440
402
418
416
421
425
428
434
436
426
420
436
438
421
458
428
412
439
455
427
422
417
421
428
437
433
426
424
436
434
440
438
444
433
450
435
431
431
440
428
438
418
449
430
434
423
429
422
429
420
442
427
415
432
447
440
434
450
432
433
429
421
430
432
445
425
432
427
427
426
434
430
430
432
415
433
430
431
438
440
439
420
428
445
428
413
445
436
424
442
434
432
432
421
426
432
428
425
426
431
439
430
414
437
423
422
444
430
436
429
434
435
443
426
440
438
443
447
432
441
441
419
435
432
418
414
438
437
438
430
450
448
428
421
429
427
442
443
435
436
456
438
439
432
438
412
440
433
444
423
436
432
439
422
441
436
409
442
448
419
412
446
421
430
431
433
424
446
428
444
446
437
450
443
424
426
440
431
433
438
437
420
431
419
439
422
435
420
436
425
428
423
437
432
439
419
436
434
426
420
431
432
428
426
457
429
436
412
434
423
442
428
432
442
430
430
421
443
432
439
435
434
420
428
432
445
419
428
440
424
435
416
431
424
437
438
428
444
425
426
438
431
435
431
427
434
432
418
441
437
424
424
423
441
421
433
424
430
442
436
426
440
423
421
452
425
434
430
421
422
425
433
419
426
422
420
445
430
416
435
431
420
414
421
419
423
415
424
424
429
444
428
445
440
443
425
417
427
436
455
438
416
429
426
423
425
441
430
429
430
423
431
422
428
430
429
416
418
443
413
425
431
422
431
424
428
451
425
426
438
420
431
431
434
435
428
435
408
428
432
416
437
437
433
425
415
436
415
429
425
429
414
441
435
429
421
430
433
424
415
423
414
420
421
413
438
432
433
410
428
420
410
451
438
432
420
423
437
449
438
436
433
424
421
423
419
430
429
424
433
405
431
417
415
418
448
439
429
434
430
422
431
416
426
419
426
427
424
422
416
434
408
433
432
420
436
432
434
428
424
425
439
434
429
433
421
419
427
432
442
441
431
430
417
429
434
435
417
444
414
424
436
441
435
422
433
442
431
451
424
435
417
424
431
434
426
444
430
445
423
425
424
425
417
436
420
423
428
428
435
436
434
436
436
422
420
431
431
432
425
440
424
428
427
416
422
437
463
420
424
425
426
432
449
424
415
429
419
430
425
421
432
444
420
442
413
437
427
421
453
431
415
429
424
437
418
418
428
424
433
436
430
437
418
433
442
431
421
422
434
445
418
435
433
423
409
437
437
422
429
427
451
446
426
443
422
458
411
443
432
431
441
406
432
429
420
429
441
426
427
438
424
429
421
424
429
428
429
430
423
439
426
442
422
407
411
442
425
435
425
424
448
420
442
427
445
456
425
444
431
430
419
445
430
423
427
421
424
437
428
444
417
427
436
431
436
425
423
426
433
422
419
428
425
426
418
418
433
434
426
425
422
437
423
445
433
448
421
431
429
419
438
437
436
442
411
429
452
431
426
437
419
431
418
424
429
441
423
430
452
424
428
437
441
427
430
444
450
433
422
451
428
425
427
429
450
436
415
432
427
431
425
440
436
446
416
444
427
435
426
426
428
427
429
439
440
423
422
433
450
437
431
433
436
435
421
430
428
420
426
436
426
437
433
429
428
423
437
429
439
435
413
423
434
451
454
428
416
432
427
441
424
409
436
431
433
420
411
420
417
441
419
488
422
436
420
440
437
451
424
430
437
430
432
428
436
424
430
418
437
416
414
430
426
420
422
426
424
427
418
430
427
440
420
435
442
420
418
430
433
443
422
451
441
424
472
435
431
424
425
429
448
432
434
435
448
424
418
438
437
444
431
439
433
426
429
419
431
444
416
447
424
420
434
437
438
435
428
453
433
424
418
437
430
436
427
432
421
415
450
440
449
426
424
437
431
417
423
442
442
439
417
441
436
448
441
425
416
418
434
444
431
444
424
429
441
431
426
441
446
424
440
429
433
431
422
447
445
441
420
433
436
424
436
443
429
416
424
429
442
424
414
438
437
429
414
440
432
438
420
448
436
421
432
443
457
419
417
443
437
435
414
434
467
412
426
432
432
415
430
449
423
434
419
418
430
431
426
436
447
417
421
438
440
444
420
427
437
417
435
439
413
424
413
453
429
418
424
443
451
432
444
449
439
419
419
438
422
419
437
435
429
419
415
440
439
415
434
440
434
427
429
440
443
426
421
437
441
422
434
444
445
442
427
445
428
425
435
437
458
419
432
450
457
437
424
437
450
445
420
431
441
423
430
444
451
431
424
429
437
427
446
447
445
442
434
444
450
441
423
439
441
427
435
443
468
422
428
454
435
430
439
438
438
407
417
435
444
426
414
445
446
428
428
439
452
416
434
441
428
433
420
442
434
419
427
447
426
428
411
434
442
430
432
445
444
468
417
439
446
417
426
443
447
423
426
445
433
418
410
452
434
421
435
440
430
435
422
457
435
423
425
441
433
428
414
444
435
440
432
429
436
433
436
451
461
412
422
445
446
436
437
439
447
424
410
441
446
416
431
436
441
431
417
467
439
428
417
453
432
417
426
440
439
422
421
452
460
449
423
433
432
415
426
439
455
439
425
433
439
442
441
446
442
412
426
433
446
428
421
435
444
416
424
454
459
418
422
442
445
422
417
442
434
443
412
448
436
435
420
469
439
435
429
427
445
431
430
431
453
424
426
449
437
412
441
457
453
409
409
426
444
416
421
456
434
434
419
444
441
442
421
440
423
458
415
450
429
412
424
440
438
418
417
440
454
427
420
447
449
436
428
443
441
445
415
455
438
426
438
444
441
428
419
443
452
415
426
437
454
417
424
475
458
426
438
437
443
418
427
435
461
430
423
433
444
423
419
449
439
424
425
447
446
433
438
443
459
431
430
452
429
427
455
465
447
443
429
444
452
420
416
453
468
441
432
458
458
419
436
440
450
418
414
471
453
429
430
468
517
428
431
449
432
426
430
443
456
423
440
450
466
418
433
446
444
438
443
459
454
418
436
450
458
421
438
447
444
452
423
439
453
427
423
452
462
413
418
441
449
415
422
455
460
420
430
438
428
434
405
441
455
420
437
442
448
429
417
444
455
438
420
455
444
420
425
442
465
420
416
445
452
411
426
461
443
428
413
434
446
429
437
437
444
433
436
437
437
441
428
452
466
424
417
452
470
426
452
466
436
429
434
467
464
432
420
450
455
424
425
460
445
423
417
457
440
440
439
431
442
437
415
450
440
399
467
450
452
419
431
438
458
417
427
449
431
429
433
455
475
409
430
469
441
428
437
454
430
430
428
438
455
413
437
451
466
418
415
451
452
417
418
449
450
434
429
451
461
427
433
465
450
423
426
480
436
424
420
450
448
425
412
445
462
431
419
443
447
434
403
457
453
431
452
467
463
431
414
448
447
422
419
455
446
425
422
456
449
419
426
450
433
429
426
447
456
435
428
451
440
420
414
448
448
425
433
457
443
415
431
446
433
428
433
447
438
421
425
458
448
437
410
457
451
433
423
445
446
410
418
453
436
435
422
443
457
420
433
448
450
417
425
464
441
430
438
473
440
425
414
474
446
422
432
432
449
430
420
461
440
435
422
446
467
420
468
442
459
420
430
436
465
421
434
444
456
422
412
458
435
417
428
455
451
439
418
440
458
419
417
438
451
432
433
447
463
425
417
427
447
435
439
445
449
416
415
432
441
428
425
450
450
428
417
446
438
422
432
447
450
438
436
442
441
417
421
444
492
425
434
438
441
435
427
440
444
413
439
445
436
439
434
436
440
432
425
437
446
424
416
443
442
432
417
438
453
425
419
431
431
420
414
432
448
437
427
441
451
427
420
434
447
440
425
432
448
425
420
449
490
417
425
446
441
437
419
460
444
454
421
448
459
440
424
434
449
413
427
460
433
419
414
444
444
418
434
450
435
440
420
468
437
430
465
430
451
427
430
472
431
432
442
454
447
432
418
436
453
422
435
455
442
428
419
434
450
416
414
431
441
428
465
438
441
429
442
436
442
428
422
443
444
424
427
444
443
421
429
441
444
443
426
437
433
422
446
440
435
414
426
424
433
429
410
439
443
424
432
443
431
430
427
438
443
414
425
437
455
414
427
429
427
426
424
436
442
418
423
441
471
432
458
458
431
421
413
454
435
424
428
455
437
432
429
443
433
439
435
437
438
426
442
430
433
420
433
433
443
420
426
455
436
415
428
459
452
423
421
473
456
439
435
447
440
434
427
444
446
445
421
436
466
420
422
425
451
415
431
444
433
441
430
448
449
420
416
460
451
424
416
441
468
426
425
449
454
416
435
460
449
435
421
454
445
422
412
425
454
425
410
440
451
414
427
434
431
439
434
452
427
424
412
446
437
423
420
444
432
440
424
440
424
408
428
423
433
440
441
446
428
436
427
433
439
410
426
449
439
437
434
437
457
430
430
439
430
457
437
436
436
445
441
442
452
439
446
431
447
432
441
438
462
427
418
454
471
433
435
441
454
434
413
448
430
423
459
457
460
441
422
438
452
439
430
433
441
443
435
451
454
416
438
436
454
427
411
434
459
419
425
442
453
448
431
443
430
432
413
444
444
441
417
448
458
427
406
440
438
434
415
451
449
419
426
470
452
450
427
437
449
418
438
452
442
429
417
442
444
432
415
430
457
439
439
498
435
437
417
446
436
426
427
444
447
424
425
441
460
428
429
431
438
434
424
440
437
431
427
459
435
415
420
420
430
436
411
470
438
428
436
442
447
419
420
441
446
423
436
443
434
417
428
443
434
433
423
441
429
432
422
439
494
420
419
446
442
438
446
458
437
430
418
436
448
416
421
431
467
429
457
426
455
433
438
444
449
437
424
444
448
416
432
451
455
420
436
448
478
417
428
437
461
431
420
440
437
437
411
430
442
436
445
435
449
433
430
449
440
439
423
434
460
413
442
436
436
434
417
453
452
422
408
442
439
432
426
436
438
425
426
449
442
439
444
446
445
443
420
430
432
429
430
437
450
409
413
436
462
429
420
429
459
427
432
438
445
423
442
448
454
452
418
434
461
425
439
443
443
421
417
453
445
418
428
445
455
421
426
439
462
444
430
455
450
421
424
450
453
439
442
460
448
432
430
440
449
438
424
434
427
419
436
448
440
433
424
431
435
418
428
447
447
416
427
471
449
425
449
458
457
427
416
445
439
416
442
451
442
416
445
442
448
422
435
443
444
421
431
445
449
417
450
448
437
433
417
433
447
436
422
434
436
423
421
455
452
417
432
461
430
421
438
428
439
421
435
426
466
436
442
446
436
423
430
426
443
418
440
449
437
451
417
439
427
435
434
487
451
410
423
445
445
445
438
436
456
422
424
462
447
442
428
427
442
428
436
341
342
341
341
342
341
342
340
443
433
341
340
340
0
0

