;UFOS3
;Measurement details: channel = S, date = 02.06.2018, time = 04:07:51
Exposure=1270
Gain=0
Temperature=16.1
Accummulate=4
2.778 mu
2.85 amas
20.628 hs
0 ozone
0 uva
0 uvb
0 uve
[Value]
0
340
341
341
340
341
340
342
389
401
451
437
402
415
453
425
427
394
468
434
438
406
477
440
435
409
466
441
434
440
475
467
429
416
477
455
443
409
455
447
414
412
482
462
439
414
475
456
429
418
454
465
407
425
470
452
403
422
468
443
430
408
447
439
427
410
475
443
425
411
478
443
412
433
471
449
424
410
451
447
423
424
467
437
418
425
464
454
406
417
489
464
414
426
471
467
413
404
477
459
405
422
465
451
417
424
468
447
425
415
466
442
416
433
471
451
415
422
460
443
414
425
473
446
427
428
460
455
420
413
452
444
424
412
461
470
417
432
460
437
438
426
460
453
414
421
463
465
409
471
473
452
408
419
474
451
450
417
464
465
403
408
454
447
442
445
460
454
439
413
468
447
435
446
466
453
410
434
473
438
413
415
464
460
434
421
485
455
425
438
456
480
408
433
454
442
427
426
470
445
419
417
469
453
431
413
455
430
424
420
478
447
408
434
457
449
414
412
453
480
439
413
466
439
430
430
480
447
416
401
466
439
404
428
465
454
415
422
438
446
447
419
455
456
417
436
458
437
438
421
461
446
424
421
455
483
427
440
469
448
416
483
476
444
429
401
447
451
431
405
451
444
409
433
469
459
419
429
460
455
424
417
458
469
423
406
472
435
427
423
464
470
420
416
451
455
420
412
468
453
436
418
466
455
439
434
450
441
427
403
462
457
450
416
456
458
428
425
466
447
413
426
462
447
412
428
454
448
429
421
479
448
422
423
467
445
445
401
473
480
422
416
453
463
406
431
484
461
420
419
464
451
410
423
445
435
412
427
462
441
442
421
464
446
441
421
481
444
431
430
452
452
431
426
450
461
419
415
457
445
430
413
474
444
416
431
450
443
421
416
462
461
410
415
455
436
424
409
462
499
427
419
474
478
420
419
493
434
438
416
454
443
418
409
451
446
450
428
455
441
424
431
455
455
414
407
472
435
432
418
461
442
414
403
475
462
406
427
476
461
429
427
446
467
404
418
462
454
425
398
464
429
415
459
459
441
434
433
466
461
441
409
460
448
425
424
453
456
408
423
455
472
430
405
467
434
423
449
473
453
440
430
474
441
417
426
458
447
417
430
452
439
428
412
468
438
431
418
509
438
441
427
467
438
410
447
452
462
417
416
472
441
430
411
450
443
416
446
459
447
426
424
460
438
421
415
458
454
421
456
475
446
429
424
456
454
433
429
456
459
428
428
441
450
436
420
456
443
414
405
452
436
438
420
453
448
445
435
464
444
412
427
467
448
429
439
465
462
426
419
460
440
427
418
463
461
424
431
464
443
422
423
454
455
420
420
462
448
421
432
467
445
418
447
480
428
432
418
455
438
439
440
463
446
429
426
454
429
423
428
463
439
418
438
460
449
403
434
456
443
443
423
471
438
417
430
489
433
408
433
460
458
491
418
473
443
416
409
444
442
415
416
445
453
410
417
450
427
443
437
452
433
428
406
446
448
413
408
457
446
424
425
455
440
441
433
465
450
425
408
467
440
425
425
460
435
430
435
466
434
427
421
465
433
427
413
459
443
426
433
476
435
426
401
446
448
420
418
447
443
431
422
433
434
418
419
446
448
417
413
467
452
418
432
448
430
416
438
447
452
420
420
461
456
419
433
449
448
437
442
450
452
437
631
453
462
450
430
445
441
424
430
453
427
417
430
458
424
429
431
467
453
437
432
454
427
435
417
458
453
422
427
452
475
435
411
455
442
414
425
464
459
436
430
458
429
421
437
437
452
419
433
458
442
432
430
445
436
431
421
456
439
426
421
471
442
431
438
437
451
429
427
473
435
433
433
458
444
414
425
458
441
423
427
460
435
433
431
458
436
443
426
451
443
452
430
445
453
428
430
457
457
441
439
459
456
426
414
447
438
452
436
447
448
420
432
447
444
419
437
453
441
432
438
454
438
413
425
473
452
442
449
450
445
422
422
446
433
430
435
460
457
440
429
460
452
443
468
457
435
440
436
451
452
426
442
445
458
435
446
471
443
431
432
448
454
449
434
459
437
433
434
457
450
440
443
460
465
434
429
464
442
439
457
459
449
447
442
462
456
436
442
468
455
463
442
471
452
441
445
458
469
449
444
466
456
478
427
467
450
464
437
465
474
438
448
479
465
428
443
471
498
451
441
461
464
466
454
473
450
457
459
469
454
474
456
475
466
469
445
474
455
453
448
460
457
486
455
467
455
468
468
471
467
461
460
479
475
443
448
490
474
481
462
486
475
476
482
485
482
466
468
493
500
487
479
510
512
488
495
517
508
501
503
510
511
502
496
521
516
511
487
511
523
485
503
506
497
493
504
528
513
504
503
521
518
514
522
535
520
508
535
534
542
528
530
540
537
533
529
526
541
553
550
569
564
531
557
575
557
555
538
564
569
556
537
558
561
555
550
574
566
560
538
561
569
565
547
574
541
550
556
588
590
573
578
579
575
583
558
603
578
579
558
597
603
570
564
583
577
607
586
606
593
595
586
604
613
586
602
610
597
601
606
627
632
607
605
624
601
602
606
615
615
598
589
600
586
573
593
593
580
573
591
578
605
597
589
596
607
606
592
606
606
616
602
635
653
642
641
666
659
656
666
676
689
676
672
698
690
693
708
721
710
713
708
742
715
720
720
739
721
719
708
760
717
722
723
717
710
707
689
692
689
677
682
691
678
700
673
698
682
703
704
726
713
724
714
730
744
736
764
782
823
790
797
813
824
840
801
808
829
797
803
836
812
807
797
877
813
814
798
810
812
791
792
798
802
807
816
829
823
827
835
860
848
878
866
901
906
927
914
941
942
948
964
972
982
984
1003
997
1010
998
1010
1014
1008
1012
1001
1014
1005
968
984
992
970
963
937
947
961
948
946
957
965
961
947
976
965
980
968
985
986
1016
989
1008
1004
1005
977
999
980
985
969
978
980
973
944
932
921
923
910
925
883
874
881
881
890
892
869
918
911
923
905
912
902
937
928
964
948
976
968
1006
976
1012
976
995
991
1007
1008
1016
1029
1036
1031
1026
1047
1054
1044
1089
1062
1059
1083
1110
1088
1089
1090
1101
1107
1115
1103
1096
1080
1097
1090
1084
1076
1082
1058
1083
1070
1065
1062
1081
1065
1068
1048
1075
1060
1066
1071
1078
1087
1096
1095
1131
1122
1134
1158
1195
1203
1210
1241
1237
1254
1271
1273
1304
1327
1358
1346
1370
1366
1374
1375
1394
1391
1401
1411
1394
1406
1400
1397
1401
1413
1418
1397
1412
1421
1405
1385
1417
1409
1396
1409
1404
1410
1403
1389
1399
1392
1385
1371
1369
1370
1363
1356
1339
1357
1338
1329
1361
1349
1361
1361
1363
1367
1384
1370
1384
1389
1400
1397
1400
1400
1401
1373
1392
1398
1379
1370
1402
1408
1412
1414
1459
1462
1472
1488
1525
1546
1585
1621
1637
1668
1715
1719
1746
1769
1809
1797
1858
1880
1913
1904
1936
1947
1951
1932
1971
1966
1952
2004
2028
1990
1989
2023
1974
1976
1957
1952
1936
1955
1919
1921
1904
1871
1855
1825
1781
1760
1757
1729
1714
1689
1667
1626
1622
1591
1594
1565
1564
1545
1561
1533
1548
1543
1565
1572
1601
1584
1604
1606
1610
1610
1624
1633
1642
1658
1696
1668
1683
1650
1677
1668
1682
1661
1654
1666
1644
1630
1611
1619
1594
1586
1569
1542
1506
1503
1499
1508
1483
1488
1495
1476
1496
1477
1512
1525
1549
1570
1581
1603
1606
1610
1630
1620
1623
1600
1584
1577
1557
1530
1535
1519
1495
1480
1484
1492
1458
1462
1442
1446
1460
1444
1427
1439
1430
1429
1474
1459
1483
1507
1510
1535
1557
1579
1576
1601
1603
1603
1644
1627
1604
1622
1618
1597
1604
1610
1620
1620
1623
1632
1632
1634
1660
1644
1672
1666
1690
1677
1692
1699
1725
1771
1759
1747
1771
1751
1739
1708
1709
1662
1632
1605
1569
1560
1530
1533
1522
1503
1491
1480
1519
1487
1499
1506
1503
1515
1517
1533
1585
1558
1566
1570
1559
1579
1577
1572
1568
1551
1537
1488
1503
1496
1479
1492
1491
1509
1516
1515
1577
1569
1623
1649
1676
1675
1724
1738
1737
1729
1747
1753
1753
1760
1790
1771
1779
1772
1771
1790
1774
1770
1739
1764
1768
1760
1821
1811
1824
1817
1833
1880
1920
1939
1956
1969
1967
1973
1981
1976
1989
1974
1957
1964
1917
1940
1928
1916
1908
1933
1930
1928
1940
1934
1931
1942
1930
1947
1956
1972
1999
2022
2040
2053
2103
2087
2128
2123
2119
2127
2122
2109
2080
2077
2061
2042
2018
1975
1965
1929
1920
1921
1903
1903
1887
1881
1887
1875
1901
1900
1916
1885
1909
1865
1865
1877
1864
1838
1822
1829
1827
1820
1833
1796
1812
1787
1797
1815
1816
1822
1841
1821
1850
1833
1854
1856
1873
1866
1885
1878
1863
1873
1873
1890
1878
1870
1861
1855
1839
1817
1820
1803
1812
1807
1829
1810
1818
1831
1830
1836
1851
1885
1830
1824
1831
1818
1836
1849
1820
1808
1829
1805
1807
1800
1766
1767
1771
1723
1721
1665
1669
1630
1597
1611
1572
1531
1526
1489
1489
1428
1407
1408
1389
1389
1384
1372
1386
1354
1384
1404
1400
1403
1442
1478
1523
1527
1569
1597
1595
1591
1646
1649
1634
1636
1646
1681
1691
1679
1711
1691
1740
1682
1722
1704
1707
1722
1674
1704
1689
1679
1697
1699
1687
1675
1695
1661
1667
1655
1662
1658
1656
1659
1678
1666
1684
1675
1701
1688
1694
1709
1761
1759
1787
1799
1823
1865
1855
1888
1876
1891
1912
1869
1886
1874
1875
1851
1873
1846
1824
1809
1779
1769
1777
1759
1764
1735
1737
1733
1725
1737
1729
1735
1758
1783
1774
1781
1807
1820
1833
1854
1866
1872
1889
1905
1921
1917
1953
1939
1982
1962
1990
1958
1967
1963
1949
1951
1961
1951
1946
1919
1924
1933
1898
1880
1888
1863
1844
1826
1814
1806
1805
1777
1781
1799
1775
1802
1840
1862
1876
1907
1946
1977
1985
1999
2056
2054
2070
2104
2129
2172
2195
2194
2251
2268
2290
2314
2344
2339
2363
2299
2317
2292
2284
2256
2241
2214
2197
2180
2181
2157
2122
2099
2102
2105
2070
2046
2034
2047
2039
2015
2024
2023
2032
2043
2063
2062
2101
2094
2106
2089
2073
2072
2074
2093
2096
2080
2087
2103
2106
2090
2054
1993
1986
1951
1928
1894
1850
1864
1849
1843
1845
1834
1855
1850
1895
1893
1968
1915
1955
1950
1990
2021
2063
2049
2088
2117
2128
2129
2124
2133
2108
2094
2080
2092
2070
2057
2096
2108
2106
2105
2132
2136
2146
2142
2157
2162
2185
2147
2166
2172
2143
2140
2149
2152
2168
2142
2170
2153
2115
2149
2109
2099
2099
2081
2085
2101
2072
2059
2064
2077
2044
2022
2057
2051
2053
2033
2028
2037
2029
2041
2051
2055
2069
2037
2048
2022
2002
2012
2008
1993
1983
1957
1991
1954
1949
1935
1961
1952
1959
1938
1920
1904
1867
1884
1855
1846
1809
1805
1809
1785
1755
1733
1718
1688
1655
1597
1592
1558
1554
1525
1507
1503
1518
1544
1571
1573
1603
1585
1611
1633
1641
1643
1692
1726
1715
1754
1758
1760
1764
1742
1754
1742
1711
1673
1679
1645
1628
1628
1608
1594
1548
1525
1516
1494
1462
1429
1451
1440
1425
1409
1437
1430
1456
1451
1513
1524
1539
1585
1626
1666
1658
1681
1748
1794
1843
1854
1919
1999
1983
2036
2076
2104
2112
2156
2191
2176
2219
2215
2246
2263
2293
2292
2309
2311
2309
2300
2319
2316
2307
2275
2267
2252
2218
2220
2219
2185
2188
2151
2173
2117
2078
2054
2052
2031
1989
1991
1999
1988
1970
1963
1984
1962
1970
1993
2009
2007
2009
2005
2047
2060
2064
2095
2121
2104
2102
2079
2085
2078
2027
2013
2012
2015
2001
2024
2038
2059
2074
2055
2094
2084
2093
2123
2155
2233
2237
2306
2386
2450
2479
2512
2553
2596
2604
2571
2578
2564
2516
2489
2490
2479
2430
2397
2389
2361
2328
2318
2284
2253
2224
2198
2194
2191
2178
2156
2192
2224
2235
2281
2342
2410
2387
2410
2455
2448
2454
2479
2481
2487
2448
2423
2448
2451
2424
2396
2419
2403
2360
2328
2325
2319
2255
2265
2255
2228
2243
2223
2239
2238
2238
2257
2295
2281
2317
2302
2340
2341
2323
2319
2335
2346
2380
2340
2388
2402
2395
2417
2444
2466
2445
2455
2487
2485
2481
2484
2558
2549
2548
2579
2576
2567
2565
2557
2586
2533
2510
2498
2523
2491
2476
2441
2458
2431
2421
2394
2384
2386
2376
2407
2421
2437
2390
2404
2431
2417
2427
2419
2437
2436
2416
2409
2436
2437
2410
2428
2414
2417
2393
2349
2377
2322
2303
2268
2279
2241
2210
2192
2198
2168
2140
2127
2143
2136
2114
2084
2086
2080
2050
2070
2082
2094
2104
2087
2105
2113
2139
2150
2179
2196
2177
2206
2240
2257
2256
2266
2307
2332
2305
2339
2382
2401
2375
2370
2397
2409
2395
2386
2403
2404
2418
2377
2421
2416
2427
2417
2497
2474
2473
2465
2463
2469
2448
2432
2420
2420
2382
2358
2354
2304
2257
2244
2230
2205
2147
2132
2125
2131
2091
2086
2119
2097
2121
2102
2164
2191
2245
2242
2286
2292
2371
2375
2447
2460
2497
2533
2548
2547
2510
2478
2475
2457
2395
2346
2342
2299
2239
2189
2186
2148
2127
2097
2134
2134
2140
2141
2149
2125
2121
2135
2200
2252
2252
2295
2330
2382
2382
2397
2466
2471
2431
2426
2408
2398
2339
2307
2275
2272
2193
2146
2126
2104
2038
1980
1968
1894
1844
1817
1817
1803
1768
1766
1788
1797
1803
1844
1908
1933
1994
2060
2133
2157
2184
2190
2226
2241
2203
2199
2223
2211
2145
2065
2048
1989
1894
1884
1875
1892
1861
1865
1950
1976
1989
2026
2118
2243
2222
2292
2373
2430
2490
2537
2618
2663
2649
2680
2711
2723
2677
2676
2670
2646
2624
2619
2591
2558
2481
2459
2435
2402
2328
2302
2305
2280
2279
2259
2276
2298
2269
2245
2276
2289
2247
2257
2268
2292
2262
2269
2339
2360
2336
2377
2400
2405
2428
2419
2487
2519
2515
2547
2592
2626
2614
2610
2647
2659
2665
2668
2737
2750
2734
2750
2792
2799
2783
2779
2822
2843
2826
2830
2889
2888
2874
2847
2841
2811
2788
2749
2742
2699
2662
2633
2602
2556
2514
2471
2469
2463
2391
2346
2369
2345
2277
2276
2265
2216
2199
2189
2223
2205
2168
2143
2151
2144
2078
2059
2076
2029
1986
1969
2000
1970
1962
1962
1962
1979
1994
1979
2048
2050
2037
2115
2122
2155
2131
2158
2195
2237
2207
2229
2271
2266
2270
2270
2297
2322
2258
2279
2334
2276
2259
2247
2246
2209
2176
2172
2159
2155
2081
2069
2055
2045
1967
1941
1973
1955
1896
1869
1868
1833
1779
1739
1746
1733
1689
1702
1717
1697
1653
1646
1691
1625
1607
1575
1588
1561
1513
1484
1509
1531
1492
1470
1506
1506
1500
1460
1507
1483
1453
1460
1464
1441
1404
1384
1412
1408
1390
1376
1413
1414
1390
1388
1423
1406
1369
1375
1390
1365
1351
1340
1373
1392
1377
1387
1436
1443
1453
1471
1542
1562
1562
1605
1664
1672
1680
1724
1783
1806
1840
1870
1931
1939
1943
1956
2004
1995
1988
1971
2025
2006
1996
1983
2015
2005
1976
1976
2007
1986
1975
1947
1939
1954
1899
1905
1899
1894
1837
1833
1867
1808
1785
1767
1787
1729
1729
1712
1793
1777
1768
1794
1818
1850
1854
1868
1934
1916
1921
1914
1954
2003
1987
2065
2075
2087
2058
2051
2054
2059
2000
1993
1963
1945
1874
1841
1909
1908
1896
1913
1944
1949
1928
1905
1930
1941
1894
1906
1955
1982
1979
1991
2026
2059
2031
1999
2015
2023
1988
1973
1989
1985
1945
1931
1928
1917
1895
1879
1918
1915
1898
1889
1903
1890
1866
1868
1905
1911
1949
1957
1993
2002
1988
2003
2054
2126
2069
2103
2145
2175
2200
2204
2249
2264
2261
2310
2349
2340
2361
2346
2347
2349
2334
2327
2352
2344
2331
2296
2321
2310
2301
2269
2295
2289
2244
2211
2197
2182
2173
2159
2176
2189
2183
2184
2197
2196
2177
2177
2201
2217
2232
2221
2274
2301
2304
2328
2369
2446
2385
2396
2425
2408
2427
2407
2446
2393
2410
2358
2371
2367
2311
2259
2226
2206
2124
2113
2120
2069
2068
2032
2054
2028
1988
1997
1996
1955
1946
1891
1930
1870
1844
1843
1778
1777
1722
1696
1705
1620
1574
1548
1519
1458
1397
1330
1304
1260
1189
1153
1142
1097
1052
1016
1018
1022
978
971
988
999
1003
1058
1054
1082
1095
1142
1177
1207
1236
1244
1290
1301
1294
1305
1340
1357
1370
1403
1437
1480
1497
1507
1539
1567
1578
1623
1638
1658
1650
1690
1708
1736
1748
1752
1791
1811
1792
1807
1818
1810
1790
1773
1775
1783
1753
1763
1787
1800
1775
1792
1791
1791
1787
1791
1797
1788
1746
1732
1730
1738
1677
1678
1652
1593
1561
1519
1533
1485
1437
1404
1403
1337
1292
1242
1220
1164
1136
1102
1081
1055
1025
1033
1011
1007
993
999
1002
1014
1011
1034
1083
1088
1099
1145
1208
1240
1245
1271
1346
1364
1372
1399
1439
1470
1510
1544
1598
1643
1690
1697
1731
1788
1759
1770
1799
1843
1819
1849
1876
1876
1874
1864
1901
1899
1864
1864
1923
1908
1892
1892
1927
1971
1938
1951
1989
2011
1960
1998
2045
2029
2006
1994
2036
2016
1991
1981
1974
1990
1943
1913
1946
1973
1947
1967
1978
1962
1973
1970
1995
1964
1975
1988
2038
2041
2045
2031
2053
2040
2058
2035
2052
2032
2010
2037
2013
2036
2039
2037
2033
2012
2020
2010
2013
2031
2005
2024
2053
2054
2058
2076
2095
2115
2096
2110
2118
2114
2136
2126
2111
2084
2092
2079
2081
2088
2089
2116
2114
2129
2118
2124
2136
2147
2112
2092
2137
2151
2125
2125
2120
2128
2126
2097
2128
2120
2113
2143
2131
2135
2102
2078
2079
2078
2055
2034
2018
2019
2016
1992
1985
1972
1939
1933
1920
1928
1892
1850
1874
1892
1854
1856
1876
1906
1910
1913
1941
1929
1946
1944
1983
1983
1997
1977
2026
2025
1988
1954
1978
1945
1911
1840
1852
1805
1752
1746
1786
1767
1760
1725
1732
1744
1710
1738
1753
1723
1715
1695
1742
1743
1741
1731
1750
1792
1785
1780
1843
1766
1770
1737
1761
1735
1712
1701
1704
1700
1660
1655
1662
1672
1643
1629
1630
1629
1611
1582
1592
1568
1560
1540
1566
1531
1505
1504
1506
1509
1515
1477
1541
1501
1491
1491
1510
1501
1477
1477
1492
1500
1487
1491
1495
1491
1467
1468
1483
1474
1462
1439
1467
1428
1436
1404
1418
1463
1380
1360
1395
1385
1382
1383
1393
1376
1366
1358
1368
1380
1344
1344
1367
1399
1361
1377
1346
1381
1360
1365
1383
1395
1389
1377
1403
1414
1368
1385
1420
1416
1377
1386
1407
1433
1376
1382
1401
1428
1391
1365
1388
1377
1367
1323
1334
1343
1316
1310
1284
1294
1274
1262
1267
1242
1237
1204
1200
1211
1150
1147
1131
1122
1110
1082
1121
1122
1086
1073
1115
1107
1099
1102
1122
1133
1120
1115
1145
1132
1143
1162
1184
1186
1187
1159
1174
1180
1189
1189
1213
1223
1183
1188
1214
1238
1199
1188
1208
1247
1211
1215
1220
1220
1192
1205
1206
1206
1201
1161
1179
1219
1188
1199
1203
1198
1176
1170
1197
1193
1161
1155
1174
1163
1124
1126
1148
1174
1158
1146
1180
1174
1139
1137
1167
1156
1135
1133
1145
1127
1102
1104
1106
1115
1104
1089
1103
1097
1087
1103
1118
1111
1108
1097
1106
1116
1102
1121
1142
1140
1118
1122
1168
1140
1101
1128
1136
1130
1097
1069
1101
1091
1070
1089
1094
1093
1061
1096
1092
1095
1071
1083
1084
1090
1076
1075
1101
1098
1071
1112
1108
1084
1089
1052
1073
1086
1071
1051
1063
1056
1048
1038
1082
1074
1031
1049
1078
1050
1038
1055
1044
1064
1045
1065
1054
1099
1073
1076
1085
1080
1067
1071
1060
1079
1049
1074
1075
1064
1077
1033
1063
1042
1052
1039
1099
1051
1002
1008
1024
1017
1010
1003
1001
1013
975
971
1013
997
988
965
961
948
891
717
338
341
339
339
339
340
338
340
1030
998
337
341
340
0
0

