;UFOS3
;Measurement details: channel = Z, date = 02.06.2018, time = 05:46:30
Exposure=279
Gain=0
Temperature=17.5
Accummulate=4
1.827 mu
1.842 amas
32.904 hs
0 ozone
0 uva
0 uvb
0 uve
[Value]
0
345
345
345
345
346
344
345
370
372
386
379
377
375
389
382
384
368
384
386
382
375
398
388
395
376
403
393
390
387
406
387
387
378
403
390
398
375
402
397
383
374
404
393
395
374
402
400
389
375
395
387
380
382
402
390
377
377
399
393
394
373
396
389
385
373
415
388
390
374
399
384
381
386
408
398
388
381
394
390
391
380
409
392
390
379
403
394
382
379
401
389
384
382
401
397
378
374
408
387
377
378
392
391
386
374
402
390
385
375
399
396
385
381
401
392
385
380
402
390
388
384
409
402
392
382
396
392
389
379
390
386
388
378
406
404
384
385
397
394
393
385
398
395
386
379
400
389
380
397
397
390
380
377
409
394
394
376
403
398
380
378
402
395
392
388
403
395
402
380
402
397
391
393
398
395
383
384
403
387
385
377
404
398
391
382
416
397
393
384
393
411
382
384
404
405
391
381
410
390
392
378
399
393
388
379
401
391
392
382
403
392
377
391
395
391
389
372
396
399
396
377
406
399
390
380
395
388
386
375
402
390
384
379
400
399
389
382
404
394
396
380
400
396
386
384
408
390
391
383
399
391
389
378
400
402
386
388
414
392
382
393
402
396
396
374
395
390
395
373
392
393
383
388
404
394
388
383
421
396
390
377
395
401
390
374
402
388
391
383
394
398
388
378
397
398
390
382
403
393
392
377
401
398
392
388
403
387
391
370
403
404
397
381
405
391
388
382
397
396
383
384
394
394
384
381
403
388
398
382
407
390
390
382
401
393
397
379
411
405
382
384
398
402
384
385
401
402
388
383
410
397
385
387
399
393
384
384
410
390
403
385
407
391
402
380
423
393
394
385
396
400
398
378
401
402
389
383
405
394
391
380
394
390
386
388
401
393
390
381
397
397
389
374
403
396
389
373
399
401
391
380
408
398
395
380
408
384
393
380
403
393
388
379
398
397
398
385
405
391
389
390
396
394
386
379
402
396
395
381
398
398
382
373
424
396
382
386
399
393
392
384
394
396
384
381
397
397
392
376
406
392
388
387
397
392
393
389
398
396
400
380
405
393
388
383
401
399
386
383
404
393
392
378
401
389
394
391
405
398
401
388
400
392
392
384
407
391
388
386
399
392
391
382
408
389
394
381
418
392
398
387
408
389
384
394
396
398
387
384
398
389
393
377
414
394
387
391
401
388
392
386
399
394
395
381
395
396
391
395
402
391
390
389
400
391
395
391
397
394
393
389
398
399
399
381
399
391
386
380
399
391
392
384
400
398
403
393
405
391
387
389
406
394
394
390
407
396
390
384
402
391
394
381
399
396
395
389
394
398
388
386
405
402
387
388
404
399
384
388
400
393
389
394
411
387
398
380
396
392
400
393
418
392
392
388
401
391
392
387
401
392
387
389
415
396
385
388
404
393
404
381
407
391
392
382
410
392
383
389
400
393
408
383
404
394
389
381
407
395
386
381
401
399
380
384
402
384
402
387
401
395
391
384
402
394
390
377
406
395
389
391
400
392
393
390
411
400
390
381
402
394
391
391
413
397
392
390
403
389
387
380
399
385
396
382
399
393
398
391
409
393
394
373
396
397
391
385
397
394
394
386
392
395
390
392
395
394
390
381
406
400
394
390
403
385
390
393
395
399
396
383
406
402
388
392
405
392
398
393
399
393
397
436
405
399
404
383
407
398
393
390
402
391
392
392
404
393
394
389
405
395
396
388
406
392
401
389
403
397
394
392
408
403
402
384
408
389
393
389
415
400
403
389
409
396
395
391
404
399
391
394
404
397
400
391
408
395
405
388
405
401
398
383
405
396
399
394
401
399
402
390
419
397
395
394
405
395
394
391
406
401
400
391
418
403
405
406
407
398
411
392
413
406
411
403
405
413
404
399
411
410
408
405
418
410
408
397
418
408
418
406
419
412
409
409
417
413
411
409
423
419
420
416
421
417
410
406
429
417
418
415
423
417
413
401
429
416
419
412
428
421
421
412
427
427
429
431
442
425
427
423
436
427
429
430
445
436
436
433
452
433
440
435
450
451
444
441
451
443
443
437
449
449
445
436
459
449
449
439
451
446
446
445
454
444
452
441
457
448
445
444
463
448
463
440
463
456
457
452
465
460
464
455
474
468
477
457
484
468
487
464
486
483
482
483
506
494
485
484
504
510
500
491
507
501
514
501
515
505
509
503
512
506
513
505
516
512
518
505
516
510
513
504
518
512
520
514
518
509
520
511
522
514
515
511
518
516
507
497
515
514
527
506
528
521
523
517
530
523
520
526
543
535
538
536
551
555
551
541
552
551
554
557
563
559
571
556
579
581
595
581
600
602
602
597
619
618
626
624
653
652
655
657
673
672
686
677
703
699
699
710
715
718
719
722
729
724
731
720
731
729
733
735
749
738
727
733
743
737
736
727
733
740
743
737
756
755
754
752
773
768
767
764
788
782
778
778
797
784
796
796
812
815
818
820
828
814
823
812
844
828
839
822
839
832
833
826
836
830
841
834
849
838
863
846
864
863
866
868
880
889
896
899
904
910
905
891
904
886
901
887
897
891
889
878
894
883
894
898
905
901
905
909
927
931
952
954
979
979
999
981
997
990
996
975
988
983
970
956
949
941
923
911
908
896
882
863
866
855
856
851
867
849
861
865
875
869
885
894
920
916
929
941
975
970
1000
1005
1014
1023
1031
1037
1047
1052
1062
1066
1083
1075
1098
1092
1109
1105
1127
1134
1155
1134
1151
1150
1165
1170
1178
1167
1178
1169
1155
1134
1135
1117
1117
1076
1083
1077
1062
1053
1062
1055
1065
1050
1075
1050
1071
1063
1085
1091
1102
1120
1144
1163
1198
1213
1250
1256
1271
1279
1297
1298
1308
1295
1306
1307
1322
1305
1309
1295
1301
1292
1294
1278
1280
1278
1279
1274
1276
1279
1293
1288
1307
1309
1325
1346
1354
1368
1396
1406
1426
1430
1462
1470
1500
1506
1544
1556
1577
1567
1604
1609
1634
1637
1673
1660
1685
1664
1667
1647
1647
1617
1615
1587
1571
1539
1530
1507
1490
1466
1462
1445
1440
1426
1432
1417
1433
1440
1457
1468
1485
1482
1519
1530
1545
1546
1564
1557
1574
1585
1598
1595
1589
1581
1580
1551
1550
1511
1494
1466
1442
1411
1391
1374
1361
1333
1326
1324
1332
1311
1345
1331
1334
1347
1349
1340
1350
1355
1372
1373
1394
1388
1405
1412
1436
1434
1477
1472
1491
1489
1511
1504
1524
1527
1548
1542
1563
1554
1585
1585
1601
1604
1596
1588
1598
1591
1597
1601
1594
1579
1589
1580
1572
1586
1567
1561
1549
1544
1546
1537
1561
1547
1556
1556
1565
1560
1569
1548
1570
1559
1567
1585
1601
1601
1632
1645
1667
1668
1697
1721
1748
1760
1790
1815
1834
1845
1861
1884
1903
1894
1899
1902
1899
1882
1885
1901
1906
1911
1907
1935
1926
1929
1960
1948
1968
1966
1983
1986
2013
2020
2022
2028
2035
2035
2045
2047
2051
2019
2044
2035
2016
2012
2010
1987
1994
1980
1986
1980
1989
1980
1997
2012
2037
2040
2055
2064
2050
2050
2053
2054
2066
2051
2073
2065
2084
2085
2109
2089
2094
2070
2107
2094
2106
2109
2155
2138
2163
2202
2216
2234
2260
2289
2301
2338
2363
2397
2433
2464
2493
2507
2530
2562
2597
2604
2629
2629
2638
2609
2598
2577
2577
2557
2569
2545
2563
2534
2548
2543
2550
2546
2553
2550
2547
2546
2530
2509
2491
2456
2455
2431
2423
2389
2364
2311
2295
2259
2256
2221
2222
2214
2213
2190
2169
2145
2117
2094
2060
2028
2016
2007
2007
2007
1991
1990
1997
1985
2018
2013
2046
2070
2095
2108
2148
2173
2195
2206
2230
2229
2230
2216
2213
2196
2202
2170
2173
2168
2173
2148
2143
2122
2117
2097
2091
2096
2092
2080
2073
2068
2075
2075
2107
2106
2128
2125
2113
2110
2107
2096
2087
2064
2064
2039
2030
2016
1990
1991
1991
1980
1981
1963
1963
1951
1945
1931
1947
1919
1935
1931
1943
1949
1962
1988
2012
2019
2050
2082
2104
2110
2130
2137
2159
2143
2156
2149
2137
2145
2125
2126
2135
2142
2151
2146
2163
2149
2165
2150
2177
2179
2184
2182
2219
2238
2258
2246
2270
2263
2277
2277
2266
2241
2209
2173
2144
2091
2056
2020
1995
1984
1971
1945
1954
1933
1946
1916
1957
1946
1958
1959
1990
1988
2015
2030
2055
2074
2084
2078
2109
2099
2098
2065
2055
2019
2011
1971
1958
1938
1924
1906
1943
1948
1980
2003
2043
2090
2123
2159
2202
2242
2265
2282
2308
2303
2324
2335
2356
2372
2382
2384
2386
2381
2400
2388
2380
2385
2395
2396
2407
2407
2422
2436
2447
2463
2507
2529
2555
2582
2607
2602
2619
2605
2609
2584
2571
2559
2528
2500
2475
2457
2421
2403
2392
2378
2397
2410
2429
2436
2466
2473
2495
2515
2550
2590
2650
2667
2728
2743
2789
2806
2828
2825
2835
2810
2821
2805
2808
2796
2780
2738
2725
2700
2685
2661
2652
2602
2590
2548
2536
2531
2527
2526
2510
2494
2481
2472
2464
2446
2422
2396
2379
2363
2366
2350
2361
2342
2348
2326
2336
2338
2337
2348
2349
2361
2369
2384
2393
2413
2414
2439
2453
2465
2465
2460
2461
2460
2465
2459
2437
2441
2442
2399
2397
2369
2373
2362
2363
2366
2370
2371
2397
2376
2408
2400
2401
2394
2373
2376
2383
2366
2377
2368
2380
2376
2377
2342
2337
2328
2311
2276
2261
2229
2191
2142
2131
2072
2022
1996
1962
1935
1892
1843
1828
1776
1783
1750
1750
1720
1725
1722
1710
1733
1764
1769
1810
1846
1900
1940
1991
2011
2068
2084
2111
2132
2158
2175
2191
2207
2245
2254
2282
2274
2297
2294
2315
2312
2324
2313
2310
2297
2284
2265
2250
2234
2240
2197
2205
2201
2199
2169
2173
2152
2164
2147
2165
2150
2174
2167
2180
2185
2208
2219
2255
2255
2287
2307
2347
2358
2387
2408
2426
2431
2429
2427
2436
2427
2434
2418
2428
2409
2416
2381
2385
2336
2325
2311
2313
2300
2299
2298
2286
2280
2273
2271
2294
2294
2306
2298
2302
2315
2326
2322
2333
2335
2345
2353
2373
2376
2388
2401
2406
2437
2426
2436
2461
2462
2452
2425
2435
2426
2422
2428
2432
2430
2435
2424
2447
2452
2467
2464
2461
2440
2423
2388
2374
2350
2365
2352
2362
2395
2418
2423
2465
2478
2509
2539
2588
2610
2636
2661
2706
2743
2779
2803
2841
2874
2909
2931
2955
2961
2982
2956
2956
2940
2909
2897
2869
2853
2852
2835
2841
2823
2819
2794
2775
2724
2717
2691
2689
2661
2647
2641
2663
2640
2647
2646
2667
2674
2709
2718
2759
2749
2780
2776
2789
2802
2824
2818
2836
2829
2806
2758
2727
2662
2618
2544
2501
2442
2402
2365
2360
2356
2345
2344
2374
2375
2393
2419
2453
2453
2491
2486
2508
2519
2539
2551
2608
2620
2661
2664
2703
2681
2699
2691
2688
2671
2653
2622
2618
2633
2622
2627
2640
2640
2651
2639
2671
2676
2668
2666
2691
2700
2725
2727
2748
2762
2797
2803
2826
2810
2793
2769
2768
2748
2751
2716
2738
2719
2709
2672
2660
2629
2625
2577
2563
2544
2527
2520
2521
2488
2468
2455
2463
2447
2429
2412
2401
2373
2354
2309
2298
2288
2273
2262
2258
2265
2278
2290
2317
2350
2359
2338
2344
2322
2312
2281
2287
2284
2271
2267
2260
2237
2230
2189
2174
2141
2096
2051
2040
2000
1964
1946
1932
1912
1919
1932
1957
1952
1981
1967
1982
1993
1973
1971
1986
1975
1998
1992
2029
2028
2027
2012
2025
1989
1980
1937
1956
1938
1925
1890
1893
1876
1843
1810
1788
1758
1719
1701
1698
1675
1693
1679
1694
1702
1728
1741
1788
1815
1849
1881
1940
1961
1999
2021
2078
2119
2163
2225
2280
2311
2369
2429
2488
2518
2553
2596
2623
2645
2659
2668
2694
2695
2711
2710
2734
2724
2731
2714
2716
2687
2689
2652
2630
2604
2584
2563
2541
2518
2506
2472
2451
2407
2366
2320
2309
2275
2249
2243
2254
2254
2266
2266
2293
2286
2295
2303
2343
2364
2372
2397
2431
2437
2474
2488
2509
2505
2504
2464
2457
2444
2429
2392
2392
2376
2351
2351
2371
2382
2381
2386
2378
2370
2388
2396
2441
2487
2544
2587
2669
2716
2784
2808
2868
2908
2936
2947
2950
2906
2887
2859
2832
2797
2765
2736
2731
2691
2663
2596
2594
2561
2532
2499
2511
2481
2477
2488
2520
2539
2593
2624
2706
2723
2776
2791
2842
2835
2861
2841
2844
2833
2792
2746
2735
2695
2677
2622
2610
2563
2528
2486
2457
2420
2392
2361
2371
2351
2351
2347
2369
2387
2398
2418
2456
2468
2498
2507
2553
2551
2568
2597
2640
2670
2700
2707
2760
2785
2811
2826
2839
2878
2882
2900
2934
2914
2914
2927
2956
2929
2930
2900
2916
2899
2899
2884
2890
2877
2846
2853
2831
2821
2804
2762
2772
2734
2734
2692
2706
2654
2654
2628
2623
2620
2595
2587
2590
2551
2541
2534
2549
2538
2546
2538
2551
2530
2547
2521
2543
2531
2531
2516
2514
2492
2463
2456
2455
2443
2438
2421
2430
2419
2388
2387
2382
2377
2378
2353
2359
2341
2316
2300
2309
2286
2294
2283
2305
2302
2300
2306
2352
2352
2377
2387
2408
2419
2446
2471
2508
2521
2549
2582
2612
2618
2637
2658
2665
2661
2661
2653
2658
2641
2615
2586
2573
2531
2500
2481
2499
2494
2503
2459
2467
2445
2451
2440
2450
2417
2420
2390
2382
2362
2324
2281
2277
2259
2260
2225
2243
2234
2238
2241
2270
2287
2331
2364
2402
2452
2507
2533
2564
2585
2616
2630
2677
2709
2704
2715
2710
2686
2666
2634
2641
2610
2560
2524
2486
2447
2403
2375
2355
2326
2289
2293
2305
2293
2297
2277
2281
2248
2241
2234
2250
2235
2233
2216
2231
2211
2217
2240
2273
2280
2322
2332
2360
2356
2351
2322
2304
2282
2248
2229
2219
2167
2119
2067
2040
1980
1945
1942
1952
1954
1962
1964
2034
2072
2119
2155
2227
2277
2315
2356
2408
2439
2455
2478
2502
2510
2483
2462
2460
2417
2369
2315
2280
2211
2170
2125
2108
2085
2074
2074
2091
2089
2091
2117
2165
2185
2237
2282
2336
2364
2426
2429
2477
2510
2546
2560
2602
2615
2620
2621
2649
2660
2635
2620
2607
2589
2574
2526
2531
2523
2492
2474
2485
2501
2491
2464
2495
2498
2505
2521
2564
2551
2556
2545
2560
2549
2554
2550
2585
2594
2606
2612
2650
2662
2670
2684
2709
2700
2719
2727
2764
2751
2771
2791
2821
2829
2858
2870
2885
2909
2903
2906
2932
2950
2953
2968
2984
2974
2984
2989
3020
3014
3006
2978
2992
2976
2968
2935
2920
2880
2838
2798
2790
2735
2695
2653
2631
2587
2550
2488
2488
2424
2400
2363
2358
2326
2305
2272
2283
2274
2251
2223
2230
2200
2195
2170
2152
2129
2098
2085
2099
2057
2056
2039
2063
2048
2062
2073
2099
2122
2122
2128
2162
2173
2188
2196
2241
2257
2280
2295
2327
2330
2317
2298
2325
2336
2307
2324
2311
2274
2274
2236
2225
2183
2173
2143
2160
2127
2106
2069
2078
2070
2061
2020
2019
2003
1974
1943
1932
1906
1867
1837
1833
1782
1768
1735
1743
1725
1711
1695
1691
1681
1668
1644
1628
1597
1565
1549
1544
1512
1503
1477
1501
1485
1482
1461
1464
1451
1441
1409
1433
1404
1396
1385
1396
1393
1388
1379
1405
1390
1394
1385
1397
1375
1387
1373
1381
1362
1363
1343
1357
1359
1355
1355
1397
1416
1408
1434
1481
1504
1512
1524
1558
1582
1586
1630
1668
1692
1712
1740
1795
1813
1850
1850
1893
1888
1893
1883
1914
1908
1900
1896
1907
1903
1908
1898
1928
1895
1863
1838
1838
1825
1811
1821
1827
1816
1802
1792
1788
1765
1756
1751
1730
1701
1663
1637
1679
1701
1699
1706
1732
1726
1737
1726
1759
1769
1790
1810
1854
1867
1892
1909
1948
1983
1961
1946
1947
1941
1926
1890
1889
1867
1838
1810
1815
1795
1775
1765
1803
1800
1806
1797
1831
1820
1815
1823
1845
1863
1880
1895
1915
1910
1890
1899
1915
1918
1887
1885
1882
1873
1868
1843
1840
1838
1823
1822
1838
1813
1811
1797
1799
1796
1787
1773
1790
1776
1783
1778
1804
1806
1821
1818
1851
1867
1879
1876
1901
1932
1954
1973
2007
2018
2039
2062
2075
2102
2096
2098
2133
2118
2124
2104
2139
2131
2140
2149
2169
2159
2154
2129
2136
2112
2121
2093
2108
2054
2063
2037
2025
2021
2009
1983
1988
1984
1964
1954
1985
1982
2016
2021
2066
2078
2090
2120
2164
2141
2159
2147
2186
2188
2197
2181
2176
2166
2160
2142
2170
2120
2099
2087
2085
2050
2035
1997
1987
1951
1921
1887
1883
1848
1829
1798
1796
1762
1729
1697
1690
1640
1631
1607
1602
1563
1539
1509
1505
1465
1434
1386
1349
1293
1240
1175
1144
1100
1059
1027
1001
972
955
924
920
904
893
894
892
891
888
892
923
935
953
956
1007
1036
1060
1082
1112
1114
1140
1147
1177
1190
1206
1230
1272
1295
1310
1323
1356
1368
1389
1408
1430
1438
1448
1452
1487
1499
1508
1520
1543
1546
1565
1567
1599
1586
1588
1600
1617
1608
1615
1600
1623
1599
1598
1590
1593
1573
1569
1569
1563
1550
1550
1528
1530
1499
1488
1459
1462
1424
1398
1369
1360
1313
1289
1242
1222
1175
1130
1078
1075
1023
998
967
966
929
938
904
899
898
878
870
879
878
874
894
917
922
954
970
1001
1032
1047
1071
1120
1151
1176
1209
1266
1295
1325
1343
1388
1423
1438
1462
1508
1515
1529
1527
1550
1558
1557
1549
1562
1564
1567
1540
1576
1582
1579
1575
1596
1598
1602
1602
1622
1594
1623
1620
1662
1661
1679
1672
1703
1706
1719
1720
1741
1719
1726
1734
1738
1746
1738
1739
1735
1719
1733
1718
1725
1721
1719
1719
1736
1729
1726
1736
1743
1741
1750
1745
1765
1751
1757
1755
1746
1727
1733
1712
1716
1714
1720
1732
1734
1735
1739
1734
1755
1745
1743
1733
1761
1768
1768
1767
1785
1792
1808
1796
1834
1812
1815
1834
1832
1825
1808
1798
1806
1801
1799
1791
1790
1791
1798
1797
1830
1802
1800
1796
1812
1797
1798
1775
1791
1774
1759
1758
1774
1772
1794
1789
1798
1783
1789
1774
1798
1788
1779
1770
1767
1755
1747
1712
1721
1706
1676
1643
1651
1614
1589
1582
1611
1617
1622
1611
1615
1625
1617
1636
1655
1644
1652
1648
1678
1673
1676
1653
1673
1692
1686
1673
1703
1667
1665
1635
1644
1601
1578
1540
1558
1524
1507
1503
1506
1503
1491
1475
1487
1486
1486
1469
1497
1480
1492
1494
1518
1505
1513
1521
1533
1535
1530
1504
1531
1492
1479
1463
1480
1465
1440
1425
1428
1426
1413
1414
1412
1393
1386
1366
1365
1350
1345
1320
1339
1304
1304
1298
1310
1321
1300
1284
1292
1274
1281
1261
1274
1269
1265
1257
1268
1266
1255
1248
1274
1268
1259
1256
1255
1254
1247
1240
1254
1248
1254
1226
1245
1226
1205
1195
1213
1202
1193
1194
1209
1219
1209
1193
1214
1209
1201
1186
1213
1196
1206
1190
1206
1205
1208
1202
1208
1202
1210
1207
1216
1212
1225
1212
1219
1210
1186
1189
1196
1176
1179
1169
1195
1185
1178
1163
1188
1161
1163
1146
1148
1125
1123
1098
1109
1077
1083
1072
1089
1065
1067
1028
1023
1002
1001
983
996
984
970
958
972
962
955
941
966
964
963
957
974
968
966
973
977
977
988
974
1005
1018
1021
1024
1037
1028
1022
1032
1055
1034
1030
1029
1042
1026
1019
1013
1040
1035
1045
1041
1059
1045
1041
1043
1053
1047
1043
1035
1049
1037
1026
1020
1030
1020
1020
1000
1029
1004
1005
1004
1017
1004
1008
986
1003
988
986
985
995
978
981
968
993
967
956
965
972
956
946
921
943
934
932
940
949
938
933
947
964
944
954
948
964
962
965
970
980
971
972
982
990
981
974
957
972
955
955
943
949
928
940
925
940
935
926
917
941
925
913
927
923
922
922
918
923
937
932
931
934
925
912
897
908
895
903
898
909
887
899
880
903
888
890
881
908
886
880
875
904
888
910
901
915
909
911
907
935
928
939
929
932
916
865
676
343
345
344
343
342
344
343
345
935
893
341
345
345
0
0

