;UFOS3
;Measurement details: channel = S, date = 02.06.2018, time = 06:07:20
Exposure=258
Gain=0
Temperature=18.1
Accummulate=4
1.715 mu
1.726 amas
35.42 hs
0 ozone
0 uva
0 uvb
0 uve
[Value]
0
347
345
348
347
345
347
346
373
374
385
379
377
378
389
382
385
371
383
386
381
378
401
390
393
378
401
398
392
389
405
388
389
379
403
392
398
375
399
397
384
377
404
393
395
376
403
402
388
378
394
386
380
384
406
389
381
379
400
392
393
378
399
390
388
376
414
388
392
378
402
387
383
387
407
399
389
381
395
389
393
383
407
393
388
380
404
394
382
382
401
392
385
384
401
396
380
376
410
388
379
378
390
390
389
378
403
391
386
375
402
396
385
383
403
393
386
384
403
392
389
386
410
403
393
386
393
390
387
379
392
387
389
378
407
401
386
387
397
396
394
388
399
399
385
383
399
389
382
399
397
391
379
378
410
393
396
377
404
401
380
377
398
395
394
390
403
396
401
382
401
397
390
396
398
393
387
384
403
386
387
378
400
399
392
384
414
397
393
386
392
411
384
386
405
404
393
386
407
391
391
381
399
394
388
380
403
389
392
384
402
392
381
390
397
392
390
376
394
398
396
381
406
397
390
383
396
387
386
376
403
390
386
383
400
399
388
384
405
393
397
383
399
397
386
388
407
390
394
382
400
393
390
380
400
401
387
390
411
392
383
393
402
395
396
374
398
388
396
375
395
392
384
387
402
393
389
384
420
395
391
380
395
400
390
375
401
387
391
383
393
398
390
378
396
397
389
382
402
392
393
379
401
401
392
389
400
389
391
372
402
405
397
383
405
396
388
383
395
396
382
385
394
396
385
383
402
389
399
383
407
392
390
382
399
392
398
378
407
403
384
383
397
403
387
387
400
401
392
383
408
397
387
384
399
392
388
381
409
392
405
385
405
389
403
381
423
393
397
388
395
396
397
383
400
402
391
384
406
395
391
382
390
393
388
388
400
396
389
383
394
396
388
377
403
394
390
377
396
397
393
381
410
399
395
383
406
386
395
382
402
391
387
379
399
394
399
385
404
391
393
388
396
393
389
382
402
396
395
384
397
397
383
374
423
398
384
389
402
394
392
387
393
394
385
383
398
396
394
377
405
392
388
388
396
390
393
387
398
398
399
381
406
393
389
385
399
395
388
383
405
394
393
378
402
388
395
392
403
397
401
389
397
392
393
383
405
393
388
388
395
391
392
384
405
389
394
382
416
391
398
387
407
387
383
392
394
394
388
383
398
388
394
381
415
393
389
389
401
388
395
387
395
395
394
381
394
395
391
395
398
392
393
389
397
391
395
391
397
393
393
388
397
396
400
383
396
392
386
381
397
391
392
384
399
397
402
394
403
390
388
388
402
393
395
390
406
396
389
382
401
391
395
381
400
395
397
391
396
397
388
387
406
399
388
389
399
398
388
390
401
393
389
392
411
387
397
383
398
391
398
392
414
393
394
388
399
392
390
388
397
392
390
389
415
395
387
388
399
393
401
381
403
391
390
383
407
389
384
390
399
394
406
381
401
394
389
383
405
398
388
381
399
398
381
385
401
387
402
389
400
394
391
383
402
392
387
379
403
396
391
389
398
390
392
391
408
398
393
379
405
395
393
390
410
396
394
391
404
388
390
382
399
383
397
383
397
392
397
391
409
392
392
374
395
397
390
386
395
392
396
385
391
392
391
391
397
391
391
383
404
397
393
389
400
386
390
394
397
399
398
384
402
402
391
391
401
391
400
393
401
393
397
433
404
398
406
384
405
393
396
391
402
392
391
391
403
394
394
391
403
394
397
388
404
390
403
389
401
398
391
393
407
401
400
383
407
389
389
388
413
401
402
390
407
394
394
390
404
397
391
394
404
392
396
392
408
393
404
386
403
399
398
381
401
394
396
393
400
399
398
391
419
394
394
396
405
393
392
393
406
401
403
390
418
402
405
405
405
398
409
393
411
405
410
400
402
409
401
396
405
405
402
401
410
404
400
391
410
402
412
399
412
404
398
398
407
405
400
400
410
407
409
404
408
407
401
393
419
407
408
407
418
408
406
398
418
408
410
404
417
411
411
400
414
414
415
413
423
409
408
403
414
407
411
408
417
413
413
408
424
409
410
409
420
421
416
411
421
407
415
408
417
420
419
410
432
423
422
412
423
418
421
420
430
421
428
419
430
424
423
419
439
423
437
418
438
428
429
423
435
427
433
424
438
429
440
420
440
425
444
421
441
434
434
431
449
439
431
428
444
448
439
429
444
438
449
436
448
437
436
437
445
438
449
437
445
441
445
435
445
440
441
434
445
439
449
441
450
438
451
440
450
446
446
444
454
453
447
439
459
459
467
453
472
469
470
464
477
472
475
479
496
492
494
491
508
515
508
500
508
506
512
508
516
510
518
503
520
515
522
502
515
517
511
499
513
505
505
497
512
510
506
505
513
514
520
510
531
524
519
530
533
535
538
535
542
536
549
541
552
551
560
557
570
558
558
562
572
561
565
553
564
562
565
553
570
565
564
556
571
566
565
554
573
570
566
560
576
562
571
572
583
584
587
585
594
578
586
578
597
580
590
574
591
581
579
572
583
581
591
579
590
582
595
581
596
592
598
600
607
611
612
610
617
624
618
608
620
606
614
601
608
601
602
591
596
581
584
583
585
573
574
566
581
573
585
579
590
588
599
588
603
599
616
604
632
634
634
636
653
654
658
655
673
676
678
674
688
691
699
701
711
708
716
713
727
715
727
722
742
724
729
725
732
712
728
714
718
708
700
688
682
677
675
672
669
657
680
659
665
659
674
673
696
681
694
693
717
714
736
742
767
771
771
767
782
778
794
771
786
787
788
784
796
780
795
773
805
776
790
773
779
776
779
774
780
782
797
792
828
814
823
825
842
840
857
861
875
883
910
906
924
917
941
936
953
949
957
964
974
966
970
973
978
962
965
950
945
938
922
918
920
909
906
881
893
887
892
881
893
891
898
885
909
907
925
917
944
930
960
940
954
944
951
941
955
947
945
927
936
923
917
901
904
887
889
867
876
847
845
844
844
839
844
839
865
858
861
855
866
859
872
875
895
896
911
906
914
912
926
911
925
925
928
922
929
937
945
941
943
951
967
953
976
975
981
988
1004
999
1008
1009
1021
1009
1026
1009
1018
1003
1013
998
1015
992
994
987
1001
986
984
983
996
994
992
979
996
994
995
996
1008
1007
1025
1022
1041
1046
1063
1069
1093
1101
1117
1137
1151
1164
1170
1181
1200
1202
1235
1228
1253
1248
1252
1255
1267
1263
1272
1266
1265
1255
1266
1252
1263
1263
1264
1252
1272
1263
1263
1245
1259
1256
1259
1266
1271
1270
1261
1269
1261
1256
1259
1238
1236
1233
1241
1224
1225
1229
1227
1226
1239
1227
1237
1232
1254
1245
1261
1255
1265
1277
1274
1278
1281
1278
1296
1267
1282
1268
1270
1250
1269
1267
1274
1278
1302
1312
1328
1341
1361
1382
1414
1428
1458
1485
1505
1514
1545
1564
1589
1609
1647
1653
1690
1689
1725
1709
1727
1711
1736
1745
1745
1770
1787
1772
1772
1774
1762
1748
1754
1745
1729
1729
1721
1699
1690
1665
1655
1614
1602
1578
1580
1548
1541
1519
1494
1470
1465
1432
1435
1412
1416
1399
1405
1385
1405
1399
1418
1412
1434
1435
1452
1456
1450
1461
1466
1464
1482
1486
1496
1493
1497
1483
1499
1486
1491
1483
1479
1469
1462
1446
1445
1422
1410
1399
1384
1349
1342
1321
1322
1322
1315
1312
1323
1309
1332
1308
1326
1342
1367
1372
1404
1410
1421
1416
1445
1432
1442
1414
1414
1390
1389
1365
1366
1343
1331
1331
1327
1318
1316
1299
1292
1290
1294
1286
1284
1276
1283
1278
1312
1305
1335
1342
1352
1367
1386
1393
1411
1420
1434
1440
1450
1442
1437
1434
1432
1414
1433
1433
1440
1437
1445
1441
1456
1443
1453
1452
1467
1471
1474
1481
1502
1496
1518
1540
1554
1551
1561
1547
1545
1516
1501
1470
1445
1412
1395
1374
1363
1336
1338
1327
1318
1314
1323
1306
1325
1331
1329
1334
1342
1361
1395
1381
1388
1382
1392
1393
1403
1396
1391
1373
1369
1336
1341
1322
1316
1322
1322
1327
1353
1367
1402
1401
1445
1467
1496
1509
1538
1542
1550
1554
1559
1566
1573
1570
1603
1587
1600
1583
1588
1577
1584
1560
1560
1569
1566
1563
1595
1591
1610
1606
1636
1662
1672
1705
1730
1740
1743
1752
1759
1749
1769
1751
1741
1727
1717
1712
1705
1692
1700
1695
1704
1705
1707
1712
1720
1715
1713
1716
1730
1749
1780
1795
1821
1831
1865
1867
1890
1882
1889
1885
1883
1871
1871
1850
1840
1825
1789
1764
1760
1722
1726
1713
1693
1682
1682
1671
1676
1666
1681
1682
1704
1686
1690
1663
1668
1649
1645
1628
1617
1610
1614
1608
1615
1595
1605
1587
1609
1600
1604
1604
1625
1614
1643
1629
1650
1653
1669
1672
1675
1669
1657
1667
1666
1664
1669
1654
1649
1639
1640
1608
1620
1598
1608
1599
1616
1607
1615
1615
1629
1633
1646
1644
1630
1628
1623
1620
1631
1632
1632
1627
1629
1615
1607
1605
1582
1578
1566
1534
1538
1498
1489
1463
1436
1417
1403
1377
1371
1330
1304
1278
1264
1251
1245
1229
1226
1222
1229
1217
1238
1242
1257
1259
1283
1308
1346
1358
1399
1412
1432
1440
1464
1463
1468
1467
1473
1488
1500
1496
1526
1516
1541
1517
1542
1519
1526
1536
1517
1513
1516
1509
1508
1504
1512
1496
1508
1491
1490
1483
1478
1482
1487
1488
1496
1487
1503
1496
1522
1511
1525
1539
1562
1567
1591
1611
1632
1648
1673
1673
1684
1679
1708
1675
1688
1674
1686
1665
1678
1640
1651
1611
1611
1582
1585
1567
1573
1556
1551
1538
1550
1542
1551
1558
1573
1583
1598
1609
1627
1632
1644
1656
1676
1687
1702
1698
1724
1718
1749
1740
1769
1759
1770
1767
1773
1757
1757
1759
1754
1749
1740
1725
1722
1715
1702
1682
1688
1668
1671
1638
1634
1612
1603
1593
1596
1594
1595
1612
1636
1670
1689
1702
1734
1761
1781
1788
1828
1838
1861
1882
1919
1940
1973
1991
2034
2046
2073
2086
2117
2104
2115
2084
2083
2067
2053
2040
2011
1992
1987
1971
1960
1944
1927
1898
1896
1882
1864
1851
1839
1830
1833
1820
1827
1820
1833
1837
1862
1861
1885
1877
1904
1889
1885
1876
1883
1871
1901
1877
1901
1896
1902
1879
1862
1816
1794
1756
1742
1706
1682
1674
1676
1660
1664
1661
1677
1680
1696
1708
1742
1721
1757
1761
1790
1818
1847
1849
1891
1898
1923
1922
1928
1924
1914
1897
1894
1888
1879
1884
1904
1914
1922
1920
1945
1938
1946
1951
1962
1958
1965
1948
1961
1960
1951
1944
1959
1953
1976
1943
1968
1936
1927
1915
1918
1910
1914
1895
1897
1899
1881
1864
1880
1869
1870
1851
1873
1855
1842
1831
1843
1838
1848
1849
1857
1864
1881
1851
1858
1842
1836
1818
1824
1800
1799
1777
1799
1780
1783
1771
1780
1770
1778
1757
1749
1723
1708
1701
1687
1659
1645
1633
1644
1622
1606
1568
1553
1521
1493
1454
1445
1409
1402
1386
1380
1374
1382
1398
1419
1428
1461
1447
1470
1475
1497
1505
1530
1547
1573
1589
1608
1601
1618
1593
1598
1576
1562
1530
1525
1506
1503
1480
1473
1446
1415
1394
1383
1347
1334
1307
1303
1316
1296
1284
1301
1294
1313
1325
1364
1381
1404
1441
1477
1491
1530
1542
1609
1641
1680
1706
1760
1794
1838
1867
1899
1939
1953
1988
2013
2015
2056
2050
2076
2088
2104
2115
2127
2138
2130
2130
2148
2123
2107
2096
2098
2071
2053
2046
2051
2018
2015
1991
1994
1952
1920
1896
1865
1847
1826
1819
1830
1813
1812
1806
1830
1800
1811
1816
1838
1842
1853
1853
1882
1887
1910
1923
1943
1942
1942
1916
1911
1895
1866
1855
1864
1843
1830
1860
1871
1875
1893
1896
1912
1902
1925
1946
1984
2026
2075
2117
2188
2229
2301
2316
2367
2385
2402
2394
2396
2369
2342
2298
2302
2283
2258
2225
2209
2181
2149
2120
2095
2056
2048
2006
2003
1995
1993
1985
2026
2031
2066
2090
2150
2185
2210
2223
2251
2264
2271
2285
2297
2300
2285
2250
2260
2251
2250
2229
2244
2221
2197
2158
2144
2104
2092
2082
2081
2058
2066
2045
2055
2058
2082
2069
2112
2106
2136
2137
2154
2158
2157
2131
2153
2151
2182
2171
2208
2211
2229
2237
2263
2271
2269
2294
2309
2305
2325
2325
2356
2376
2377
2375
2406
2383
2397
2384
2391
2346
2343
2324
2328
2317
2310
2270
2271
2254
2247
2226
2210
2224
2207
2209
2244
2229
2231
2235
2254
2237
2253
2232
2250
2248
2250
2246
2247
2250
2239
2247
2259
2252
2238
2193
2181
2146
2139
2111
2115
2068
2062
2036
2040
2010
1991
1968
1978
1952
1946
1927
1941
1922
1914
1916
1933
1926
1942
1935
1964
1961
1975
1984
2016
2021
2045
2055
2072
2082
2103
2114
2145
2152
2157
2185
2210
2211
2216
2216
2245
2239
2242
2232
2248
2235
2244
2229
2257
2255
2270
2256
2307
2299
2308
2305
2304
2297
2296
2268
2261
2251
2229
2198
2180
2143
2115
2085
2060
2034
2005
1997
1982
1964
1946
1944
1955
1950
1959
1959
2007
2037
2078
2091
2124
2147
2198
2221
2288
2305
2341
2372
2387
2389
2370
2338
2326
2293
2266
2206
2180
2126
2093
2045
2034
1988
1981
1969
1967
1969
1992
1990
1978
1976
1982
1998
2043
2094
2114
2144
2192
2211
2233
2253
2295
2290
2282
2271
2268
2252
2210
2169
2132
2098
2051
2012
2000
1955
1910
1843
1820
1761
1729
1693
1687
1662
1646
1645
1657
1653
1685
1717
1772
1797
1868
1913
1972
2012
2041
2057
2079
2091
2078
2082
2082
2041
2006
1935
1900
1829
1787
1756
1745
1738
1740
1747
1801
1817
1855
1881
1963
2028
2073
2137
2220
2282
2349
2395
2468
2495
2511
2528
2567
2542
2537
2514
2527
2482
2470
2456
2429
2398
2357
2316
2286
2240
2203
2172
2165
2124
2139
2131
2142
2131
2142
2128
2126
2136
2127
2127
2147
2142
2139
2140
2177
2217
2212
2239
2264
2258
2288
2295
2337
2358
2387
2398
2441
2483
2487
2478
2500
2499
2520
2533
2578
2591
2605
2605
2644
2651
2651
2655
2686
2685
2684
2695
2734
2751
2728
2714
2714
2669
2646
2618
2594
2554
2529
2502
2474
2434
2392
2349
2313
2300
2275
2229
2221
2198
2164
2140
2137
2092
2085
2068
2073
2061
2045
2019
2023
1998
1982
1952
1949
1903
1886
1865
1880
1854
1850
1844
1856
1867
1882
1876
1923
1942
1946
1972
2011
2025
2040
2052
2083
2105
2111
2119
2154
2146
2163
2165
2164
2172
2163
2163
2201
2173
2167
2134
2139
2103
2086
2073
2061
2043
1997
1968
1941
1908
1879
1851
1860
1835
1809
1785
1762
1730
1685
1645
1640
1635
1599
1598
1595
1583
1576
1558
1557
1535
1525
1499
1494
1455
1445
1414
1419
1409
1409
1389
1416
1414
1412
1393
1409
1395
1377
1351
1366
1328
1317
1309
1322
1307
1308
1301
1310
1314
1325
1308
1329
1315
1300
1288
1301
1281
1279
1263
1289
1285
1292
1301
1335
1357
1387
1396
1447
1464
1487
1506
1558
1571
1599
1626
1694
1713
1752
1776
1827
1837
1864
1886
1902
1891
1897
1883
1911
1910
1904
1896
1913
1922
1899
1891
1904
1900
1882
1861
1856
1838
1815
1810
1800
1790
1763
1746
1757
1714
1698
1663
1674
1645
1648
1634
1674
1676
1682
1701
1737
1747
1772
1769
1818
1815
1827
1831
1860
1884
1905
1944
1975
1977
1986
1965
1974
1942
1918
1903
1878
1835
1799
1768
1801
1820
1823
1818
1835
1829
1833
1819
1837
1838
1841
1828
1861
1874
1890
1901
1932
1963
1947
1917
1917
1917
1908
1891
1894
1883
1878
1857
1861
1830
1813
1791
1826
1821
1820
1801
1821
1794
1787
1779
1801
1812
1843
1863
1908
1906
1903
1920
1950
1968
1988
2002
2049
2069
2108
2118
2157
2162
2184
2215
2245
2247
2266
2262
2258
2261
2247
2244
2260
2236
2248
2226
2233
2221
2221
2197
2212
2187
2165
2136
2122
2101
2096
2074
2088
2082
2090
2092
2108
2104
2100
2088
2124
2120
2130
2133
2176
2202
2219
2241
2279
2301
2312
2313
2338
2325
2338
2326
2343
2307
2316
2295
2279
2266
2240
2188
2164
2133
2068
2034
2028
2003
1991
1976
1978
1952
1931
1923
1933
1878
1861
1838
1839
1797
1782
1739
1722
1687
1657
1623
1619
1556
1509
1471
1445
1379
1337
1282
1244
1185
1141
1091
1075
1023
1000
961
960
939
924
913
928
922
945
957
994
1005
1034
1058
1111
1127
1168
1194
1232
1226
1242
1239
1270
1286
1315
1335
1370
1392
1425
1452
1485
1502
1524
1551
1575
1583
1603
1622
1655
1671
1696
1682
1719
1750
1747
1754
1751
1737
1737
1707
1717
1711
1700
1714
1745
1728
1730
1730
1749
1743
1743
1728
1747
1726
1697
1679
1675
1658
1623
1596
1581
1545
1516
1477
1468
1426
1395
1358
1336
1272
1237
1188
1165
1108
1086
1037
1024
990
977
965
959
945
937
937
947
947
957
971
1012
1022
1046
1083
1130
1161
1193
1209
1261
1284
1314
1321
1388
1403
1454
1488
1542
1568
1630
1642
1678
1707
1708
1718
1752
1769
1772
1791
1821
1798
1826
1815
1840
1832
1825
1813
1834
1840
1841
1840
1873
1888
1882
1895
1921
1933
1921
1941
1961
1947
1952
1933
1960
1953
1943
1921
1922
1903
1899
1866
1893
1905
1898
1895
1911
1918
1909
1903
1938
1904
1932
1939
1979
1977
1997
1973
1994
1996
1996
1992
2000
1976
1969
1972
1968
1969
1983
1977
1968
1958
1970
1957
1967
1962
1965
1969
1988
1986
2006
2009
2019
2033
2053
2056
2058
2054
2065
2065
2054
2037
2039
2007
2018
2027
2035
2052
2071
2073
2070
2065
2086
2077
2074
2048
2074
2078
2073
2061
2066
2058
2070
2067
2081
2055
2070
2065
2071
2066
2051
2030
2034
2013
1999
1987
1982
1955
1952
1947
1945
1915
1898
1881
1886
1856
1843
1814
1831
1812
1805
1808
1821
1832
1855
1870
1890
1876
1902
1900
1928
1930
1944
1944
1967
1960
1953
1923
1933
1903
1865
1811
1797
1745
1715
1695
1723
1704
1714
1681
1686
1690
1677
1685
1698
1674
1677
1664
1695
1687
1704
1690
1709
1722
1735
1719
1756
1729
1727
1716
1723
1686
1678
1654
1658
1651
1620
1612
1619
1612
1602
1582
1594
1579
1568
1539
1546
1524
1516
1505
1506
1481
1482
1477
1474
1467
1468
1446
1469
1452
1444
1445
1458
1455
1444
1435
1452
1447
1444
1457
1451
1439
1431
1427
1440
1427
1432
1408
1431
1392
1391
1371
1384
1393
1355
1337
1344
1330
1337
1328
1337
1331
1338
1316
1336
1326
1322
1306
1339
1337
1316
1317
1315
1320
1332
1318
1334
1341
1361
1349
1365
1369
1354
1355
1373
1356
1357
1355
1360
1364
1348
1350
1364
1368
1359
1337
1357
1337
1329
1307
1307
1294
1288
1259
1262
1242
1241
1223
1221
1199
1198
1172
1171
1152
1123
1108
1097
1078
1076
1053
1082
1063
1060
1049
1084
1064
1071
1063
1091
1081
1084
1081
1103
1088
1113
1117
1147
1140
1156
1136
1147
1142
1156
1154
1176
1178
1174
1166
1189
1172
1178
1169
1191
1192
1187
1178
1193
1175
1168
1170
1169
1154
1157
1131
1161
1154
1160
1159
1165
1153
1151
1149
1170
1133
1137
1124
1138
1109
1102
1101
1124
1112
1121
1115
1132
1123
1121
1109
1126
1110
1105
1095
1105
1087
1077
1065
1073
1071
1070
1055
1084
1065
1068
1071
1078
1072
1084
1067
1089
1084
1090
1088
1115
1093
1101
1087
1114
1093
1084
1091
1092
1079
1069
1049
1063
1056
1054
1054
1067
1057
1047
1053
1068
1049
1045
1036
1062
1052
1063
1051
1068
1054
1057
1071
1075
1053
1061
1036
1061
1040
1043
1028
1039
1017
1022
1016
1031
1026
1017
1011
1038
1023
1021
1025
1027
1023
1028
1026
1034
1041
1044
1046
1062
1050
1041
1036
1042
1032
1047
1034
1052
1032
1035
1021
1034
1020
1021
1006
1030
1002
986
980
1000
975
983
968
972
959
955
945
973
959
962
942
931
906
860
682
342
346
345
347
346
344
345
345
999
963
342
346
344
0
0

