;UFOS3
;Measurement details: channel = Z-D, date = 02.06.2018, time = 06:46:42
Exposure=275
Gain=0
Temperature=19.0
Accummulate=4
1.55 mu
1.557 amas
39.961 hs
318 ozone
0 uva
0 uvb
0 uve
[Value]
0
-2
-2
0
-1
1
1
1
-2
0
-1
-2
-1
-2
-3
1
-5
-2
-3
-4
-3
-2
0
-1
2
-1
1
-4
0
1
1
0
-1
0
1
-1
-4
-2
-3
-2
0
0
-2
0
0
1
-2
-1
2
-3
-1
-3
1
0
2
1
1
-1
-1
-1
-2
-3
2
-4
0
-2
-1
-1
0
-2
2
-1
0
1
0
-1
1
1
-2
1
1
-2
-1
1
-1
-2
-1
-3
1
0
-1
2
0
-2
-2
1
0
-2
-1
-1
-1
2
-2
1
-3
1
1
1
-3
-3
2
0
1
-1
-1
2
1
-1
-1
1
1
-4
1
0
1
-2
1
-3
2
0
0
0
0
-2
-2
-1
0
2
0
1
2
-2
0
-2
-2
1
1
0
-2
0
2
-4
-3
-3
2
-1
1
-2
-1
-1
-1
1
1
-1
0
1
0
0
3
-1
1
1
1
2
-1
-3
0
1
0
1
1
0
0
-4
0
0
-2
0
-2
-1
-3
-2
-1
1
0
-2
0
-1
4
-1
0
-1
1
2
1
1
2
-2
-3
1
3
1
3
0
-1
-1
1
-4
0
0
1
-2
-1
1
1
1
-3
-2
-1
-1
-3
0
-2
0
-2
-2
1
-1
2
2
0
-1
-1
1
2
3
-3
-2
2
0
2
2
-2
2
2
0
-2
-1
-2
1
-2
5
-2
3
-1
0
-1
-2
0
-4
0
-1
-1
1
0
-2
0
0
-2
-1
3
-2
-1
-1
3
0
0
0
-1
1
-1
1
-1
0
-2
-1
1
0
1
1
0
-5
3
0
3
-2
2
-1
1
1
4
-3
1
2
0
0
0
-1
0
1
0
-1
3
1
-1
2
0
-1
0
1
-3
1
-3
-1
0
-1
0
2
1
-1
0
1
2
0
-1
1
1
2
4
2
-1
-1
-1
-1
-1
0
-1
1
0
-3
0
-1
0
0
1
0
-3
-1
-1
-1
-1
-1
-1
1
-1
-1
0
-1
-1
-1
0
0
2
-2
0
3
2
-1
-1
1
-1
3
2
2
1
-2
2
-1
0
3
1
0
-1
0
1
1
-2
-2
-3
1
-1
0
1
-2
2
2
1
0
2
0
3
0
0
3
1
-2
0
3
-2
0
-1
0
-1
0
0
0
-1
0
1
-1
3
-1
0
-2
2
0
-1
3
1
-1
4
1
0
-2
3
-1
1
1
-2
1
4
-2
2
-1
0
0
-1
-1
2
1
1
2
1
0
0
-1
5
1
0
-1
3
2
3
-2
3
0
0
1
0
1
2
2
2
3
0
0
0
2
1
-1
2
2
1
-2
2
0
4
3
0
-1
2
-1
3
0
2
2
0
2
3
0
2
2
-1
-1
1
0
1
3
3
1
0
1
-2
1
-1
4
1
3
1
1
0
-1
-1
0
3
1
1
1
-1
2
1
-1
2
0
1
2
4
4
1
3
4
2
0
0
2
-1
4
3
1
1
5
1
4
0
1
-1
2
2
-1
-1
2
1
0
2
0
0
2
0
1
3
3
2
3
-1
4
2
1
1
1
-1
3
0
2
-1
1
1
2
1
6
3
0
-1
3
3
2
3
1
5
1
1
-2
2
4
1
1
-1
2
3
4
1
3
2
5
3
2
0
1
1
1
0
2
1
0
1
2
1
3
0
2
-1
0
2
2
2
2
3
1
2
1
2
2
1
2
1
1
0
3
2
2
1
1
4
3
2
3
1
4
-1
3
3
4
2
1
1
1
-1
4
2
1
1
2
3
2
2
3
3
2
1
2
2
1
1
4
2
3
2
1
3
2
3
3
3
2
2
5
2
1
1
4
2
4
2
2
3
6
7
6
3
4
3
4
5
3
6
4
2
3
8
0
6
5
3
2
2
6
4
5
3
4
4
7
6
7
5
6
4
5
6
5
5
6
2
6
8
5
4
5
3
3
5
3
1
6
5
5
2
9
5
7
7
6
6
7
7
9
9
7
6
9
8
10
9
8
10
9
7
8
11
12
11
9
9
12
10
13
12
14
13
12
11
10
11
6
11
12
12
14
13
14
12
13
16
16
14
19
17
16
18
16
19
20
21
22
20
26
24
25
24
30
26
27
29
30
34
33
34
33
34
38
35
37
39
39
38
40
34
38
39
37
39
36
36
35
36
41
34
37
37
38
36
45
43
44
45
48
47
47
51
48
50
51
54
56
60
59
57
62
68
66
69
68
68
71
72
74
75
79
80
82
77
85
77
81
77
80
77
77
78
77
76
78
81
81
81
79
80
82
78
82
85
84
91
89
90
92
90
96
92
95
95
99
96
100
102
102
107
110
110
118
117
123
125
125
126
134
134
135
138
140
142
144
147
146
144
153
151
151
152
154
153
154
151
153
150
158
155
157
161
166
161
163
163
169
162
160
159
162
160
162
160
161
161
162
165
165
162
161
162
156
156
159
158
161
161
166
168
168
170
175
177
179
179
186
187
189
192
194
194
194
197
201
204
205
210
216
217
226
226
236
237
245
251
258
260
263
271
281
286
299
300
320
327
332
333
347
353
360
364
374
378
382
393
396
405
408
411
413
417
424
421
419
426
422
421
424
424
423
422
418
416
418
415
423
423
426
432
432
433
439
439
445
449
452
450
461
460
468
470
479
476
488
490
497
501
502
510
510
511
513
517
520
519
530
524
528
523
526
526
521
523
525
525
532
534
539
538
545
549
561
567
577
586
598
598
600
601
594
591
591
587
580
580
575
572
571
564
568
567
573
576
580
579
585
597
606
618
633
650
657
675
676
679
686
688
688
682
679
671
658
649
629
621
609
591
583
578
559
547
544
533
527
521
523
527
528
534
541
542
558
562
579
589
606
622
646
651
665
677
689
697
706
712
725
731
734
747
755
754
773
773
784
792
805
807
825
824
839
844
852
861
863
860
858
853
840
828
806
801
789
764
762
748
740
728
727
728
726
714
727
729
726
730
744
757
768
779
813
832
865
886
910
935
947
954
973
970
980
977
978
981
984
979
972
978
973
960
958
952
952
945
950
946
945
958
956
978
983
996
1010
1020
1036
1051
1069
1084
1106
1125
1141
1161
1173
1194
1219
1233
1252
1267
1276
1295
1322
1329
1335
1343
1356
1350
1340
1326
1310
1292
1270
1253
1232
1209
1191
1166
1141
1131
1116
1103
1083
1083
1075
1080
1088
1103
1111
1125
1136
1153
1168
1187
1200
1202
1226
1238
1240
1246
1252
1253
1256
1242
1237
1219
1202
1182
1160
1127
1102
1071
1048
1030
1008
996
976
969
970
965
969
985
983
981
985
984
986
998
1012
1019
1028
1034
1044
1045
1064
1075
1096
1104
1114
1123
1135
1139
1152
1160
1174
1177
1183
1194
1213
1209
1229
1231
1233
1234
1229
1222
1228
1224
1227
1217
1214
1206
1210
1208
1194
1186
1182
1182
1179
1180
1186
1185
1192
1190
1192
1191
1189
1186
1195
1192
1200
1208
1221
1240
1253
1272
1292
1307
1330
1349
1371
1399
1422
1438
1451
1467
1489
1506
1509
1516
1528
1532
1512
1508
1509
1504
1516
1523
1530
1537
1545
1553
1558
1560
1569
1572
1589
1590
1620
1621
1628
1635
1633
1640
1646
1647
1630
1633
1643
1648
1620
1622
1611
1612
1597
1591
1588
1578
1593
1605
1603
1618
1631
1649
1652
1664
1666
1662
1666
1664
1679
1672
1672
1688
1681
1698
1705
1697
1703
1690
1694
1694
1710
1706
1744
1739
1765
1784
1806
1822
1852
1868
1896
1914
1932
1976
2006
2041
2061
2091
2119
2151
2163
2183
2194
2202
2191
2188
2175
2162
2141
2135
2128
2119
2125
2116
2108
2109
2121
2122
2113
2122
2120
2109
2106
2088
2070
2044
2026
2011
2007
1966
1938
1900
1873
1848
1821
1807
1792
1791
1780
1767
1747
1723
1702
1675
1646
1608
1600
1591
1579
1581
1580
1562
1569
1570
1590
1600
1621
1642
1669
1692
1716
1731
1762
1772
1783
1785
1780
1774
1767
1753
1749
1738
1723
1721
1717
1706
1692
1673
1664
1655
1653
1647
1630
1636
1618
1627
1631
1629
1653
1654
1666
1676
1667
1667
1655
1650
1641
1624
1609
1601
1579
1560
1550
1549
1538
1543
1542
1531
1519
1514
1499
1497
1505
1492
1486
1487
1494
1506
1506
1529
1552
1577
1591
1626
1646
1657
1668
1671
1699
1695
1688
1690
1667
1672
1666
1655
1667
1680
1680
1688
1692
1690
1692
1693
1700
1710
1708
1719
1748
1753
1764
1773
1783
1788
1800
1797
1785
1750
1730
1689
1664
1621
1589
1551
1537
1513
1496
1484
1473
1465
1466
1458
1471
1480
1492
1492
1504
1515
1538
1562
1569
1590
1606
1613
1623
1618
1619
1596
1584
1556
1520
1507
1480
1473
1453
1451
1462
1477
1501
1531
1566
1598
1639
1674
1710
1753
1779
1796
1810
1818
1834
1849
1865
1876
1875
1900
1900
1885
1892
1887
1883
1884
1881
1882
1890
1921
1912
1939
1936
1958
1982
2011
2039
2063
2081
2084
2087
2094
2086
2064
2043
2038
2006
1976
1961
1932
1905
1893
1872
1870
1881
1894
1909
1921
1932
1951
1967
1982
2022
2061
2111
2143
2184
2218
2232
2259
2284
2288
2292
2279
2262
2267
2252
2242
2224
2214
2183
2154
2136
2122
2110
2070
2045
2015
2009
1990
1990
1993
1976
1968
1946
1946
1929
1908
1891
1869
1844
1838
1833
1832
1830
1821
1814
1802
1809
1807
1802
1817
1825
1828
1832
1848
1852
1872
1886
1890
1898
1914
1918
1914
1912
1921
1918
1914
1895
1889
1873
1865
1851
1836
1829
1818
1823
1817
1818
1820
1845
1838
1851
1850
1847
1849
1826
1820
1818
1820
1829
1823
1820
1818
1820
1795
1788
1775
1761
1733
1708
1682
1652
1618
1587
1540
1506
1468
1445
1406
1366
1336
1311
1266
1270
1251
1231
1219
1215
1219
1215
1227
1240
1259
1298
1329
1364
1399
1450
1486
1528
1550
1564
1586
1608
1619
1650
1651
1681
1688
1712
1728
1734
1738
1750
1742
1757
1754
1746
1731
1721
1707
1686
1660
1671
1643
1643
1640
1622
1613
1597
1590
1601
1594
1597
1611
1608
1600
1607
1618
1634
1655
1669
1688
1702
1723
1761
1773
1793
1829
1836
1858
1844
1846
1843
1848
1836
1838
1841
1834
1827
1800
1785
1761
1752
1734
1718
1716
1717
1705
1700
1696
1692
1694
1705
1705
1715
1723
1719
1726
1729
1730
1730
1750
1753
1765
1771
1786
1792
1799
1805
1822
1829
1836
1847
1848
1835
1831
1820
1820
1819
1820
1819
1822
1820
1815
1833
1846
1858
1850
1857
1835
1810
1783
1768
1750
1744
1742
1765
1770
1803
1822
1850
1856
1892
1923
1945
1972
1996
2027
2049
2093
2131
2157
2180
2210
2239
2263
2286
2308
2292
2296
2279
2275
2245
2222
2202
2188
2180
2176
2179
2165
2148
2132
2112
2078
2067
2044
2024
2014
2004
2006
2004
1999
2001
2010
2016
2025
2049
2060
2079
2092
2112
2115
2118
2136
2144
2154
2169
2153
2137
2103
2064
2007
1962
1914
1858
1804
1770
1744
1729
1722
1723
1724
1739
1746
1769
1782
1800
1822
1834
1840
1843
1853
1884
1903
1938
1956
1981
2001
2009
2019
2026
2005
2009
1993
1986
1970
1957
1953
1955
1960
1966
1972
1974
1960
1977
2000
1999
2006
2014
2015
2037
2048
2068
2074
2090
2111
2123
2113
2105
2076
2065
2050
2057
2034
2047
2032
2012
1996
1980
1949
1934
1919
1891
1887
1864
1856
1849
1838
1813
1804
1783
1776
1776
1767
1735
1718
1686
1661
1650
1635
1619
1611
1609
1615
1629
1644
1650
1683
1692
1686
1672
1671
1667
1639
1636
1630
1621
1611
1608
1592
1592
1563
1534
1501
1468
1446
1416
1382
1360
1338
1311
1317
1308
1322
1342
1342
1360
1354
1357
1363
1362
1361
1359
1362
1372
1374
1397
1398
1403
1391
1385
1368
1354
1332
1326
1312
1306
1288
1285
1263
1249
1213
1195
1170
1134
1118
1107
1095
1103
1100
1115
1112
1136
1157
1185
1210
1244
1275
1308
1334
1362
1397
1424
1470
1519
1557
1595
1641
1687
1734
1782
1810
1834
1875
1895
1924
1924
1936
1931
1946
1965
1972
1987
1992
1993
1973
1966
1959
1952
1919
1901
1883
1862
1839
1823
1802
1788
1769
1746
1712
1675
1644
1612
1579
1567
1566
1567
1581
1583
1589
1603
1606
1611
1617
1644
1651
1673
1692
1711
1719
1743
1772
1779
1783
1778
1757
1749
1735
1713
1685
1672
1646
1656
1655
1664
1674
1671
1675
1673
1660
1667
1693
1720
1759
1795
1846
1906
1952
1990
2042
2078
2113
2138
2145
2140
2131
2099
2068
2042
2010
1995
1980
1959
1928
1896
1856
1843
1816
1797
1777
1776
1752
1750
1750
1780
1794
1837
1860
1922
1954
1988
2007
2033
2042
2069
2060
2055
2045
2013
1981
1949
1926
1895
1865
1843
1815
1776
1747
1721
1686
1671
1651
1643
1631
1639
1641
1635
1659
1669
1686
1713
1724
1743
1760
1787
1790
1811
1825
1869
1889
1914
1941
1956
1993
2003
2025
2039
2063
2078
2087
2089
2095
2097
2105
2123
2095
2110
2097
2092
2080
2072
2072
2074
2058
2044
2038
2027
2008
2003
1974
1962
1949
1936
1911
1897
1879
1859
1848
1842
1832
1825
1813
1806
1785
1779
1773
1771
1777
1775
1785
1765
1759
1769
1757
1763
1759
1762
1752
1743
1733
1718
1707
1697
1687
1676
1679
1666
1662
1645
1641
1642
1625
1623
1618
1614
1592
1575
1572
1562
1554
1561
1553
1554
1560
1565
1566
1592
1599
1609
1632
1639
1663
1684
1704
1724
1739
1765
1793
1809
1822
1836
1846
1856
1857
1859
1853
1850
1832
1825
1798
1778
1746
1728
1716
1709
1702
1708
1691
1683
1678
1677
1672
1663
1658
1658
1637
1623
1615
1588
1550
1537
1530
1513
1501
1511
1503
1508
1509
1532
1539
1573
1600
1625
1677
1714
1739
1763
1781
1809
1827
1848
1876
1884
1885
1886
1872
1860
1832
1820
1804
1775
1736
1708
1670
1637
1613
1595
1576
1552
1544
1546
1544
1543
1528
1525
1502
1495
1491
1493
1491
1475
1473
1481
1469
1470
1490
1514
1531
1562
1562
1576
1587
1585
1575
1556
1527
1510
1491
1475
1439
1396
1355
1322
1280
1260
1251
1254
1263
1269
1275
1310
1346
1388
1418
1459
1513
1551
1580
1622
1642
1672
1679
1696
1692
1695
1670
1646
1632
1602
1549
1521
1470
1436
1406
1383
1358
1349
1354
1359
1363
1375
1382
1412
1437
1471
1515
1555
1591
1621
1647
1678
1708
1732
1746
1778
1793
1798
1794
1807
1813
1800
1800
1783
1769
1752
1735
1725
1706
1695
1670
1680
1694
1687
1669
1681
1682
1697
1712
1730
1732
1742
1739
1741
1745
1742
1738
1749
1760
1778
1776
1811
1809
1829
1850
1856
1858
1874
1870
1892
1907
1907
1924
1945
1959
1961
1992
2006
2011
2023
2026
2039
2057
2059
2059
2079
2076
2085
2077
2094
2096
2099
2094
2081
2075
2064
2040
2027
2003
1970
1944
1903
1874
1845
1813
1794
1760
1734
1683
1669
1635
1604
1582
1559
1542
1529
1503
1498
1503
1488
1457
1460
1445
1433
1413
1400
1382
1369
1353
1348
1326
1324
1313
1320
1318
1321
1335
1347
1363
1369
1385
1398
1407
1425
1443
1460
1485
1492
1506
1527
1531
1525
1524
1523
1526
1534
1532
1513
1492
1488
1465
1443
1435
1407
1405
1394
1372
1359
1340
1335
1339
1322
1308
1295
1278
1255
1236
1225
1190
1165
1147
1131
1104
1090
1067
1059
1053
1047
1036
1034
1023
1010
992
980
956
938
919
904
891
879
862
863
866
854
852
846
834
824
819
811
800
795
784
793
789
780
791
784
789
794
782
785
785
777
774
776
760
763
759
757
758
763
767
780
791
799
820
841
855
870
884
905
934
945
974
987
1012
1036
1063
1097
1116
1130
1154
1164
1169
1174
1175
1185
1184
1193
1185
1187
1192
1197
1192
1185
1174
1156
1144
1129
1123
1115
1124
1124
1122
1110
1100
1101
1087
1078
1064
1049
1026
1006
985
999
1028
1034
1034
1036
1043
1050
1051
1070
1084
1092
1119
1143
1166
1177
1193
1211
1230
1228
1227
1225
1221
1209
1184
1175
1158
1148
1127
1113
1089
1085
1080
1090
1092
1116
1113
1122
1121
1124
1125
1133
1147
1174
1168
1182
1192
1180
1191
1193
1195
1175
1176
1169
1165
1154
1148
1132
1127
1127
1122
1124
1123
1115
1109
1102
1105
1094
1089
1089
1086
1095
1097
1100
1098
1119
1130
1143
1151
1157
1169
1181
1203
1224
1230
1263
1279
1295
1310
1309
1334
1343
1346
1365
1363
1358
1351
1376
1372
1373
1385
1384
1387
1379
1373
1362
1352
1356
1352
1341
1311
1301
1291
1276
1276
1271
1253
1250
1248
1227
1234
1244
1248
1279
1288
1297
1318
1335
1362
1367
1370
1387
1381
1398
1410
1414
1404
1395
1387
1383
1382
1378
1364
1340
1335
1327
1299
1288
1268
1241
1213
1205
1169
1163
1146
1127
1111
1102
1082
1054
1032
1010
979
967
953
935
920
897
892
866
848
824
787
750
708
664
620
589
561
530
501
484
465
445
433
410
397
392
386
390
389
389
399
409
423
436
453
473
499
519
534
556
570
579
592
603
626
644
656
683
697
713
731
753
764
779
790
805
814
819
828
834
849
865
875
895
895
910
922
926
933
931
935
951
946
948
942
948
938
943
942
932
919
918
918
917
909
896
900
891
872
855
845
838
808
785
775
754
734
709
674
643
617
579
546
518
498
473
455
443
429
417
402
396
389
379
373
379
383
385
388
402
416
432
444
466
487
510
530
562
588
609
639
670
696
723
743
772
795
809
829
851
866
876
886
895
899
899
908
908
909
908
905
910
921
928
933
941
935
936
939
944
938
955
963
974
987
1003
1006
1016
1027
1036
1039
1040
1045
1038
1052
1048
1055
1052
1053
1047
1035
1037
1033
1033
1036
1046
1035
1037
1045
1038
1041
1043
1042
1054
1053
1062
1057
1068
1067
1052
1050
1036
1025
1032
1031
1034
1041
1045
1041
1041
1047
1054
1048
1047
1047
1052
1065
1072
1068
1079
1081
1087
1097
1104
1108
1112
1111
1110
1100
1104
1099
1093
1089
1079
1094
1095
1093
1093
1099
1095
1096
1093
1088
1092
1093
1099
1081
1078
1067
1068
1069
1071
1071
1085
1091
1082
1081
1087
1087
1086
1086
1078
1074
1062
1054
1051
1034
1031
1018
1004
977
969
950
934
930
932
944
947
947
950
948
949
966
966
973
979
978
987
990
994
992
998
999
996
997
1000
992
985
972
960
939
915
900
893
879
868
869
861
853
849
844
847
845
844
839
845
843
849
851
858
859
869
881
873
884
876
874
867
856
844
841
833
829
814
804
796
790
785
783
779
777
771
762
758
743
737
730
723
708
705
703
704
704
698
687
689
685
677
678
669
671
666
669
676
666
664
668
673
666
670
662
660
652
653
655
662
657
656
650
650
637
628
622
615
615
617
618
615
630
627
625
624
623
620
622
621
617
617
617
622
626
624
617
619
615
623
630
632
624
629
626
629
624
612
611
612
603
603
596
606
604
598
603
596
595
590
579
579
570
562
541
537
527
524
527
521
517
506
490
486
469
462
457
457
451
445
437
438
428
425
424
429
429
434
434
435
438
437
443
440
442
450
446
459
466
478
480
485
489
486
490
489
483
488
487
486
477
475
475
483
485
493
495
499
502
493
496
500
493
487
487
487
484
483
481
476
474
473
472
472
467
464
470
464
458
462
455
454
451
451
449
444
442
447
444
440
438
427
432
426
425
419
415
407
407
411
410
411
414
415
414
416
419
423
425
423
430
429
435
439
435
441
446
438
443
436
432
426
411
424
416
412
408
409
403
407
402
404
397
401
398
393
396
391
394
397
396
396
401
406
401
401
396
394
386
376
380
380
380
376
369
371
372
372
370
372
369
373
370
367
369
373
368
375
381
385
386
389
391
396
398
404
405
403
398
359
207
-2
-2
0
-2
1
-1
-1
-2
397
380
0
-2
0
0
0

