;UFOS3
;Measurement details: channel = S-D, date = 02.06.2018, time = 06:47:23
Exposure=233
Gain=0
Temperature=19.1
Accummulate=4
1.548 mu
1.555 amas
40.036 hs
0 ozone
111096 uva
1332 uvb
98 uve
[Value]
0
0
1
0
-1
-1
-1
2
-1
0
1
-3
0
1
-1
-1
0
-2
-1
-3
0
1
1
1
0
1
-1
-1
1
-1
0
-1
-2
2
0
0
-1
1
-2
-2
0
2
-1
-1
4
-1
1
-1
2
-1
0
0
0
-1
-1
0
0
-2
2
2
3
-1
0
4
-1
0
1
-2
0
3
0
1
-1
-2
-2
2
2
-3
0
0
0
-2
1
1
1
-1
0
-1
2
2
1
-1
-3
-1
0
2
1
-1
2
-1
2
-2
0
2
2
1
2
-1
1
-4
3
3
4
0
1
0
0
1
-1
0
1
0
-1
-1
0
0
1
-2
2
5
0
-1
1
0
0
-3
3
0
1
-1
0
-1
2
0
0
0
0
1
1
0
2
1
3
1
-2
0
2
2
0
1
1
-1
0
1
2
-2
3
4
2
0
3
1
0
0
-1
-2
-1
-1
0
-1
2
-2
-2
2
0
-3
1
0
1
-2
0
2
2
-3
1
1
1
2
1
3
3
-2
0
1
1
3
2
2
0
-3
2
-2
2
3
2
2
2
-1
1
0
1
2
0
1
0
0
0
1
-2
-1
-2
-3
1
0
-1
0
-1
1
3
2
5
-1
1
-2
0
-2
-2
-1
1
-2
-1
1
1
2
0
1
2
-1
3
0
1
0
1
1
0
-2
2
0
1
0
2
3
2
3
1
3
0
1
1
1
3
2
3
-4
4
1
0
0
2
1
0
4
0
3
1
0
0
-1
-1
-3
2
-1
0
1
-1
0
1
-1
1
0
2
3
-1
2
1
1
3
-1
3
2
-1
-2
3
-1
1
0
-1
1
0
4
1
0
3
1
0
2
4
1
3
0
1
0
2
1
0
2
2
1
1
0
-1
2
2
-1
0
2
-2
0
4
3
0
2
2
1
2
0
3
1
-1
0
0
1
1
-1
0
0
2
2
2
-1
3
2
1
-1
4
-2
3
0
3
0
3
1
-1
1
1
1
1
2
3
2
0
-1
3
0
0
0
0
0
-1
0
1
2
1
-1
3
-1
2
0
4
3
3
1
-1
1
3
0
3
-1
0
1
1
-1
1
0
-1
2
1
-1
4
2
0
2
1
0
1
1
-3
1
0
0
1
1
2
2
4
-1
0
4
2
1
0
1
-1
0
1
0
1
2
-1
1
2
1
4
-1
4
3
4
0
4
-1
-1
1
4
-1
-1
0
2
3
1
2
4
1
1
-1
3
0
1
1
2
0
1
0
3
1
2
0
1
0
2
1
4
0
1
-1
5
1
0
-1
2
3
-1
3
3
2
2
0
5
4
2
-2
1
1
0
2
2
1
3
1
0
-1
3
2
2
0
2
1
1
1
1
1
3
2
2
1
2
3
2
3
1
1
3
2
5
2
3
2
2
1
2
2
2
2
3
2
1
-2
3
1
3
0
2
0
4
1
1
-2
0
1
3
2
0
2
0
-1
3
3
1
1
3
0
-1
3
3
1
4
3
0
0
0
1
4
2
4
1
2
4
3
1
-1
2
3
2
5
3
2
2
3
3
5
2
1
1
2
2
2
4
1
1
2
-1
5
1
2
1
3
2
3
4
2
0
3
2
1
1
3
1
1
0
2
2
3
-1
3
3
5
1
6
4
0
4
1
1
3
3
1
2
6
4
2
3
4
4
3
1
3
3
3
5
1
3
3
2
4
2
4
-1
3
6
5
1
5
2
3
5
1
1
4
6
3
2
3
3
5
4
5
5
3
4
2
4
1
4
4
1
3
3
4
5
3
5
4
4
4
6
5
2
4
5
0
2
3
1
8
2
5
2
3
2
7
2
5
4
5
6
5
5
7
6
4
4
4
2
7
6
5
4
2
2
3
6
4
6
5
6
5
5
5
5
5
5
5
6
5
6
7
5
5
6
7
6
8
4
8
5
4
5
8
8
7
5
11
9
9
8
7
7
5
8
11
7
10
6
10
10
11
10
13
11
10
11
12
9
11
12
10
9
14
11
13
12
9
11
12
12
12
13
14
12
13
12
13
13
13
14
13
14
18
15
15
16
17
16
16
18
22
17
22
20
21
20
19
18
23
19
20
23
21
20
23
21
22
24
22
21
26
22
21
22
21
22
21
20
23
22
21
22
21
24
24
22
27
24
24
23
27
26
24
25
28
30
29
29
32
34
29
28
32
33
33
36
35
32
37
38
41
39
42
38
42
42
43
42
45
41
43
41
45
43
45
44
45
47
47
46
47
45
46
48
49
48
50
52
53
52
52
53
56
56
54
53
59
57
57
54
56
55
56
55
56
55
58
53
55
53
53
52
56
54
57
56
57
55
56
56
59
59
61
58
59
59
62
57
61
60
61
63
64
63
67
69
71
72
77
80
84
85
92
89
99
103
109
109
116
115
121
123
131
129
127
133
133
136
135
138
140
143
145
143
142
144
148
139
142
138
135
135
134
137
137
131
135
131
132
134
136
138
142
142
146
148
150
152
159
158
163
162
169
173
171
175
184
183
188
184
196
191
193
193
197
189
191
189
194
192
193
193
196
194
192
192
192
189
189
188
194
199
197
195
199
198
205
207
210
214
218
219
221
217
216
212
221
212
215
215
219
211
211
204
211
207
212
211
212
210
212
215
215
223
229
229
237
235
243
248
246
251
250
248
246
243
245
238
237
231
223
217
219
211
211
210
204
201
199
200
202
205
209
207
210
212
214
220
227
235
242
246
253
259
264
270
273
280
287
293
297
308
312
316
324
328
333
334
345
351
355
355
363
361
362
369
363
373
369
369
375
361
359
354
343
334
330
320
317
314
308
299
300
296
298
288
295
292
297
299
313
312
320
332
343
359
367
373
390
395
408
411
412
418
414
420
421
423
419
421
421
418
419
418
424
414
417
412
412
413
411
413
421
422
431
435
449
459
466
478
483
488
503
510
524
530
541
553
565
571
578
593
593
598
605
614
616
619
617
624
621
610
613
601
590
580
568
556
556
547
538
532
532
523
520
515
524
529
523
532
541
550
551
564
577
577
587
585
589
590
582
587
592
583
589
583
571
566
562
550
545
527
520
512
502
491
488
482
476
479
478
483
485
492
494
502
501
500
512
516
524
526
534
534
541
545
559
560
566
560
569
568
564
568
575
578
578
578
591
598
608
612
621
627
632
638
649
650
664
657
660
652
646
648
642
636
644
633
621
627
631
627
626
631
631
632
627
629
635
630
633
642
650
658
667
670
685
693
705
713
728
744
765
776
794
802
812
828
845
860
870
883
889
897
901
900
907
906
915
921
911
910
897
898
898
897
905
904
912
908
908
902
899
903
903
900
912
905
906
908
901
897
900
885
892
885
879
880
875
877
874
876
878
876
882
893
898
895
897
902
914
917
921
924
927
927
927
919
921
923
911
909
911
916
916
918
938
947
973
987
1008
1034
1052
1077
1101
1120
1151
1158
1197
1225
1246
1270
1295
1315
1329
1346
1365
1373
1376
1374
1391
1397
1414
1414
1434
1436
1440
1433
1423
1408
1404
1397
1398
1384
1373
1363
1339
1320
1304
1275
1257
1236
1218
1199
1187
1163
1142
1121
1107
1086
1079
1070
1060
1049
1044
1043
1053
1050
1061
1064
1087
1088
1097
1095
1100
1108
1116
1117
1134
1137
1149
1145
1149
1142
1144
1141
1137
1128
1114
1116
1101
1092
1084
1072
1045
1039
1022
992
987
964
960
958
951
956
949
949
957
949
966
982
1003
1018
1039
1060
1064
1069
1078
1075
1070
1059
1051
1030
1023
1006
1003
979
978
965
968
960
961
938
934
929
933
926
926
922
923
928
939
948
963
989
1005
1013
1027
1057
1059
1072
1077
1082
1087
1087
1081
1078
1070
1070
1078
1076
1083
1086
1085
1093
1090
1094
1094
1095
1100
1103
1116
1127
1141
1147
1158
1176
1192
1202
1203
1195
1186
1161
1141
1111
1089
1049
1026
1008
997
980
968
960
960
955
959
950
957
971
959
971
983
997
1018
1024
1025
1020
1025
1041
1043
1032
1023
1014
1003
991
977
968
961
953
966
967
982
1006
1034
1050
1089
1110
1135
1155
1176
1184
1198
1195
1206
1207
1222
1229
1237
1237
1250
1232
1239
1225
1226
1217
1211
1202
1213
1211
1229
1234
1250
1258
1272
1292
1325
1346
1372
1385
1394
1399
1408
1400
1408
1400
1394
1389
1365
1357
1356
1340
1341
1330
1340
1337
1355
1354
1354
1362
1352
1369
1375
1393
1416
1450
1462
1488
1511
1526
1532
1533
1540
1534
1532
1533
1509
1509
1487
1471
1442
1415
1398
1370
1378
1356
1348
1333
1320
1317
1319
1318
1331
1326
1343
1327
1328
1319
1313
1301
1286
1268
1265
1253
1251
1261
1244
1235
1235
1235
1243
1238
1247
1244
1253
1255
1263
1269
1286
1295
1308
1314
1301
1312
1313
1308
1309
1309
1311
1301
1291
1296
1282
1257
1255
1241
1244
1249
1254
1244
1255
1267
1274
1279
1291
1285
1277
1269
1266
1263
1268
1270
1263
1268
1269
1267
1256
1248
1225
1221
1204
1188
1167
1145
1130
1096
1077
1058
1036
1019
1000
970
942
914
905
886
872
858
861
849
854
851
862
869
879
892
915
948
980
1004
1026
1052
1067
1075
1086
1103
1101
1103
1115
1124
1134
1137
1152
1152
1166
1161
1163
1160
1163
1163
1160
1155
1154
1147
1143
1144
1153
1137
1137
1125
1122
1116
1119
1117
1122
1125
1134
1130
1125
1136
1141
1149
1173
1177
1193
1212
1228
1245
1265
1293
1306
1319
1325
1322
1329
1319
1321
1319
1322
1310
1303
1296
1277
1264
1244
1225
1214
1216
1196
1196
1198
1176
1181
1180
1187
1202
1219
1225
1229
1246
1262
1272
1270
1291
1317
1324
1338
1339
1355
1371
1385
1385
1402
1399
1408
1411
1413
1404
1394
1392
1388
1384
1371
1374
1366
1343
1332
1328
1318
1318
1298
1282
1277
1256
1238
1227
1219
1228
1229
1248
1264
1291
1326
1341
1366
1389
1414
1438
1465
1488
1500
1538
1561
1585
1611
1635
1665
1693
1712
1737
1753
1758
1754
1731
1718
1714
1705
1690
1669
1638
1628
1616
1601
1581
1561
1544
1533
1517
1505
1486
1478
1472
1476
1466
1458
1464
1478
1484
1491
1502
1525
1530
1542
1540
1515
1513
1516
1512
1519
1529
1536
1531
1531
1514
1499
1468
1436
1401
1369
1346
1322
1310
1306
1306
1297
1299
1317
1310
1332
1352
1361
1364
1392
1398
1422
1446
1475
1491
1517
1536
1554
1569
1561
1564
1558
1542
1529
1524
1513
1523
1539
1546
1556
1558
1573
1591
1592
1597
1597
1600
1599
1598
1588
1595
1596
1586
1601
1590
1605
1594
1591
1577
1564
1548
1544
1543
1545
1549
1536
1521
1511
1510
1514
1506
1504
1501
1490
1496
1483
1477
1473
1474
1479
1485
1501
1509
1504
1500
1489
1476
1466
1452
1451
1429
1431
1420
1421
1412
1410
1403
1414
1409
1412
1392
1382
1368
1353
1330
1307
1295
1282
1274
1265
1257
1240
1210
1183
1158
1133
1094
1069
1031
1015
998
1002
1008
1010
1025
1042
1061
1073
1092
1089
1107
1123
1133
1158
1180
1200
1217
1233
1234
1248
1236
1220
1208
1180
1166
1151
1138
1123
1105
1095
1082
1053
1030
1002
979
960
932
929
923
922
911
916
920
938
943
977
1009
1031
1052
1095
1112
1150
1179
1219
1267
1308
1346
1387
1432
1471
1501
1532
1577
1595
1612
1645
1660
1686
1688
1710
1728
1748
1754
1778
1771
1778
1777
1774
1772
1762
1747
1740
1714
1699
1683
1674
1660
1650
1646
1629
1594
1556
1535
1513
1473
1453
1450
1441
1444
1445
1440
1452
1450
1450
1455
1462
1477
1492
1494
1502
1525
1540
1568
1576
1570
1572
1555
1549
1528
1501
1484
1481
1469
1478
1489
1494
1518
1532
1534
1543
1537
1566
1583
1615
1660
1711
1753
1815
1867
1922
1964
1997
2028
2049
2038
2035
2018
1977
1949
1927
1916
1884
1868
1846
1816
1787
1757
1726
1706
1675
1653
1636
1633
1622
1628
1650
1663
1704
1722
1776
1805
1842
1875
1882
1906
1904
1928
1930
1933
1926
1899
1905
1888
1887
1876
1869
1849
1828
1803
1779
1760
1741
1726
1706
1699
1702
1683
1684
1692
1709
1711
1727
1745
1770
1784
1792
1785
1777
1774
1780
1787
1803
1813
1837
1843
1876
1875
1893
1914
1906
1932
1946
1940
1967
1964
1986
2002
2013
2024
2027
2024
2029
2022
2015
1984
1979
1966
1954
1945
1942
1920
1906
1892
1880
1859
1857
1850
1851
1860
1859
1865
1868
1876
1877
1867
1876
1874
1888
1897
1888
1882
1899
1883
1879
1885
1887
1880
1878
1843
1808
1793
1766
1752
1739
1709
1701
1676
1658
1634
1622
1604
1589
1583
1559
1571
1561
1557
1557
1549
1550
1552
1570
1569
1580
1584
1601
1623
1640
1652
1667
1688
1702
1719
1729
1746
1760
1785
1797
1809
1828
1845
1858
1861
1872
1868
1868
1871
1872
1859
1876
1880
1874
1881
1901
1897
1924
1933
1929
1939
1936
1938
1928
1903
1882
1876
1857
1845
1811
1778
1751
1719
1688
1658
1637
1625
1598
1595
1584
1574
1576
1574
1588
1594
1631
1661
1704
1726
1749
1764
1823
1864
1898
1940
1980
2012
2007
2020
2002
1970
1946
1919
1890
1835
1805
1762
1716
1673
1653
1624
1605
1596
1589
1601
1618
1618
1614
1600
1601
1633
1668
1717
1747
1779
1809
1837
1869
1888
1902
1915
1913
1899
1890
1869
1843
1802
1764
1718
1682
1646
1618
1579
1543
1476
1431
1382
1338
1312
1300
1287
1271
1265
1275
1270
1303
1342
1386
1426
1488
1534
1589
1633
1660
1684
1709
1724
1704
1714
1701
1680
1636
1570
1522
1448
1412
1387
1365
1361
1370
1381
1403
1441
1473
1510
1560
1634
1703
1768
1839
1900
1973
2023
2091
2118
2136
2165
2179
2168
2179
2154
2143
2132
2104
2096
2053
2019
1991
1938
1912
1868
1831
1789
1779
1751
1758
1759
1766
1766
1764
1748
1742
1746
1758
1757
1761
1765
1783
1770
1809
1815
1837
1864
1871
1885
1905
1935
1960
1991
2009
2031
2063
2091
2112
2114
2119
2133
2135
2168
2190
2217
2233
2236
2257
2269
2292
2287
2297
2310
2314
2323
2350
2366
2366
2359
2335
2303
2280
2243
2226
2198
2171
2139
2104
2049
2009
1980
1956
1933
1902
1863
1842
1823
1785
1765
1744
1713
1706
1686
1686
1673
1665
1650
1644
1611
1600
1580
1559
1535
1500
1498
1483
1472
1466
1467
1473
1485
1509
1508
1532
1551
1585
1585
1612
1639
1673
1677
1698
1726
1737
1741
1771
1767
1787
1793
1792
1794
1793
1800
1800
1790
1784
1769
1751
1730
1711
1695
1666
1647
1615
1585
1555
1525
1506
1484
1478
1456
1431
1407
1369
1339
1301
1270
1252
1231
1220
1220
1208
1197
1196
1179
1166
1147
1139
1122
1104
1082
1050
1029
1023
1022
1026
1013
1022
1030
1031
1029
1016
999
983
956
955
940
935
929
930
924
923
927
927
930
933
931
934
923
916
911
910
900
895
880
886
893
902
930
950
969
998
1019
1049
1077
1104
1126
1158
1185
1216
1246
1293
1329
1366
1400
1433
1460
1475
1505
1503
1508
1508
1518
1529
1523
1535
1528
1529
1527
1524
1508
1511
1505
1501
1480
1470
1460
1438
1429
1419
1400
1388
1374
1359
1337
1301
1284
1266
1252
1263
1251
1271
1281
1301
1323
1339
1352
1386
1401
1423
1427
1448
1447
1466
1489
1514
1561
1582
1596
1587
1590
1581
1566
1541
1520
1485
1442
1409
1393
1401
1438
1440
1442
1438
1445
1448
1442
1451
1438
1445
1457
1479
1491
1509
1515
1540
1559
1561
1545
1546
1534
1525
1497
1511
1500
1495
1484
1455
1437
1431
1417
1422
1431
1438
1434
1430
1416
1399
1402
1406
1425
1460
1482
1508
1522
1519
1539
1564
1586
1605
1634
1655
1693
1720
1728
1760
1778
1809
1827
1854
1874
1883
1873
1873
1872
1872
1867
1874
1860
1871
1854
1848
1842
1839
1825
1821
1797
1790
1755
1739
1716
1722
1703
1704
1707
1712
1717
1712
1712
1712
1713
1729
1731
1740
1768
1800
1812
1840
1867
1890
1911
1929
1941
1942
1934
1962
1958
1960
1929
1936
1920
1899
1877
1854
1811
1781
1745
1690
1662
1636
1621
1615
1612
1584
1559
1548
1545
1535
1505
1486
1451
1444
1415
1387
1360
1338
1293
1271
1249
1214
1168
1121
1094
1047
999
960
900
847
798
747
701
671
631
606
579
560
546
539
532
535
530
547
566
585
614
642
670
702
745
780
800
818
834
841
853
877
899
921
955
976
1003
1044
1062
1082
1104
1137
1171
1188
1198
1223
1242
1265
1280
1302
1317
1330
1354
1358
1362
1357
1360
1337
1328
1328
1322
1325
1334
1347
1332
1344
1353
1354
1355
1357
1353
1353
1341
1317
1300
1286
1263
1246
1207
1179
1151
1130
1103
1065
1039
1003
977
932
885
853
808
764
723
689
651
624
609
587
578
558
556
549
545
543
550
567
581
605
625
658
692
730
766
800
830
848
883
916
936
970
1007
1051
1094
1147
1184
1223
1267
1284
1309
1326
1341
1361
1377
1387
1408
1423
1422
1436
1427
1430
1442
1432
1433
1450
1443
1455
1468
1478
1492
1497
1516
1522
1538
1543
1554
1564
1559
1563
1557
1556
1558
1553
1545
1536
1517
1498
1495
1494
1501
1520
1518
1528
1527
1526
1522
1529
1511
1543
1563
1567
1591
1608
1603
1604
1605
1606
1594
1595
1592
1588
1591
1586
1584
1578
1584
1575
1572
1578
1573
1570
1581
1577
1579
1587
1600
1603
1620
1633
1647
1653
1671
1670
1672
1668
1676
1658
1639
1635
1619
1629
1640
1645
1660
1674
1681
1684
1681
1687
1679
1694
1674
1663
1671
1678
1679
1670
1669
1671
1681
1676
1677
1674
1675
1667
1665
1660
1641
1634
1622
1609
1596
1588
1575
1561
1553
1540
1518
1512
1491
1478
1458
1459
1426
1435
1426
1413
1411
1432
1444
1459
1477
1486
1493
1512
1516
1539
1544
1553
1556
1565
1569
1562
1545
1535
1509
1483
1437
1403
1360
1326
1315
1314
1313
1306
1302
1296
1294
1281
1290
1292
1286
1281
1277
1292
1293
1295
1309
1320
1327
1337
1340
1355
1334
1332
1326
1320
1301
1283
1273
1266
1250
1232
1224
1219
1218
1204
1194
1195
1188
1178
1156
1144
1131
1123
1110
1110
1100
1091
1084
1087
1079
1067
1065
1061
1049
1053
1055
1060
1057
1066
1047
1063
1047
1061
1050
1059
1052
1048
1045
1043
1035
1032
1025
1020
1014
993
984
983
970
962
952
946
939
944
936
938
938
941
939
941
936
926
926
936
927
927
919
923
926
926
927
939
953
962
959
971
974
963
959
970
963
956
964
963
966
968
967
969
972
963
956
954
941
937
913
912
902
894
870
853
847
841
831
824
802
801
787
773
754
736
716
696
686
681
671
673
670
664
672
674
673
674
672
688
693
692
686
692
701
702
728
735
743
754
749
750
753
766
761
781
777
776
779
785
780
780
778
786
790
792
788
792
780
773
778
764
754
762
746
755
764
770
765
768
766
758
756
754
744
742
735
728
718
711
715
722
722
719
723
724
730
726
719
720
711
707
697
692
683
680
669
668
673
670
666
677
674
677
675
677
675
680
676
689
687
693
700
705
698
713
702
708
700
685
690
686
679
673
666
657
658
668
659
657
653
653
659
661
654
658
651
652
650
658
661
662
658
666
669
673
672
661
653
647
644
648
637
634
628
629
628
627
627
627
623
630
630
625
627
629
629
633
635
637
643
640
646
653
654
654
652
647
642
649
642
640
635
635
632
636
624
626
619
616
608
601
601
585
579
581
574
570
566
562
555
562
554
561
548
540
519
467
287
-3
1
-2
-1
-2
0
1
-1
592
572
-4
1
0
0
0

