;UFOS3
;Measurement details: channel = S-D, date = 02.06.2018, time = 07:27:23
Exposure=223
Gain=0
Temperature=20.0
Accummulate=4
1.429 mu
1.434 amas
44.207 hs
0 ozone
111591 uva
1453 uvb
104 uve
[Value]
0
1
-3
0
-3
-1
2
-3
0
0
0
0
-2
1
2
-1
-2
-2
-2
0
0
-1
0
-1
4
1
-1
0
1
2
1
1
2
-1
2
0
0
0
0
-2
0
0
2
-2
0
2
0
-1
2
-1
-2
3
2
0
1
-1
1
0
0
-3
0
-2
0
0
2
1
-1
2
0
-3
1
-1
-1
-1
0
1
-1
1
1
2
0
0
-2
-1
2
1
0
5
1
1
-2
4
3
0
3
-1
-1
1
0
0
-1
-3
0
3
0
1
4
-3
2
-1
1
1
1
4
1
-1
-2
0
1
0
1
0
0
-3
2
2
-2
-3
1
-2
0
1
0
-1
0
2
-1
0
1
0
1
0
4
2
2
1
0
2
1
-1
1
0
0
1
-1
2
1
0
1
1
1
0
2
-1
0
1
-2
2
1
2
1
1
-1
3
0
1
2
0
1
1
0
-2
1
1
-1
0
4
-2
0
-2
-1
0
3
1
2
-3
2
1
-2
1
2
0
0
0
1
-2
1
-1
0
2
3
-1
0
0
1
0
0
2
0
1
-1
1
-2
-1
2
-1
3
1
3
-1
-3
2
2
0
3
0
0
3
0
0
2
-1
0
1
0
-2
5
1
3
0
1
-1
2
1
0
4
2
1
4
-1
3
1
1
-1
1
-1
4
3
2
2
0
2
1
-1
4
-2
1
0
1
0
1
1
0
0
2
1
0
2
2
2
1
-1
-1
1
0
2
2
0
2
3
-3
-1
1
0
-1
2
1
0
-1
-1
2
-3
2
-2
-1
0
2
1
0
1
0
1
3
0
0
0
2
2
1
0
3
-1
3
-1
2
0
-1
0
2
0
-1
-1
0
-2
1
1
-1
1
0
0
0
1
-2
-2
3
1
1
2
0
1
0
1
1
1
0
0
1
-1
2
-1
2
-1
3
0
4
1
2
3
-1
-1
4
-2
2
1
0
2
0
0
1
3
0
-3
-2
2
-1
-1
1
-1
3
1
2
0
-1
-1
-3
0
0
0
1
0
2
0
-1
0
2
0
2
0
2
1
3
3
0
-3
2
2
0
0
2
1
1
4
2
1
1
-2
-1
0
1
0
2
1
0
0
-1
2
2
-1
1
0
-2
-2
3
0
3
2
3
0
2
1
1
0
0
3
0
3
-1
4
3
3
2
-1
0
0
1
2
0
-1
1
0
3
1
2
4
0
2
-2
-1
2
2
0
1
-3
2
4
3
5
-1
2
-1
3
3
3
2
1
1
4
4
2
-1
2
0
3
1
3
3
2
2
1
-2
1
1
-2
-1
2
4
5
0
1
1
1
0
2
1
3
0
2
3
-1
-1
1
1
2
3
3
2
3
-2
2
0
4
0
0
2
1
0
3
1
2
-1
-2
2
1
3
2
1
3
2
2
2
2
-2
1
0
0
1
0
-2
3
0
0
1
2
3
2
2
3
1
4
2
2
-1
3
0
3
2
3
1
5
0
3
0
0
2
3
1
3
2
2
4
2
0
0
2
3
4
2
2
2
4
1
2
2
4
4
4
2
1
4
3
3
2
4
3
1
2
0
2
3
4
1
2
3
3
1
3
3
1
5
3
4
2
2
3
3
3
4
2
2
1
5
1
3
3
4
0
2
5
4
4
5
3
6
1
2
4
5
0
2
3
1
1
5
3
3
4
5
2
3
2
3
3
6
3
3
0
4
2
2
6
0
4
0
0
4
2
5
2
3
2
4
3
4
1
5
2
4
5
3
6
2
5
5
5
4
4
5
4
5
2
7
4
3
5
3
6
4
5
6
4
3
4
3
4
5
4
6
4
3
5
4
2
7
5
4
4
7
4
6
7
6
5
4
6
4
2
7
6
6
6
8
7
9
3
5
6
8
5
8
6
7
7
6
7
7
5
7
5
9
8
8
6
8
6
8
4
8
9
10
7
9
8
9
10
10
10
11
10
11
11
10
10
14
12
14
11
12
12
17
14
14
14
14
13
12
14
16
13
18
16
14
12
16
14
18
17
14
15
17
14
17
13
20
18
18
17
21
19
17
18
22
18
22
23
20
21
22
23
28
25
25
25
24
24
25
25
28
25
25
23
30
26
29
23
26
25
28
26
28
26
28
29
27
26
25
24
27
27
29
32
31
30
31
27
30
34
33
33
34
33
32
32
36
38
37
36
37
40
40
39
41
40
42
42
50
45
46
45
50
47
47
50
52
47
52
52
53
52
49
53
56
55
52
48
58
55
56
56
56
58
58
57
61
59
60
60
60
60
62
60
65
61
64
59
70
66
63
67
66
64
62
60
63
61
65
63
65
63
64
60
63
65
66
63
65
68
66
63
66
65
69
66
70
66
71
67
71
71
73
76
81
82
87
82
93
97
99
103
108
113
117
118
127
123
135
136
142
140
147
144
153
149
153
153
151
155
158
158
161
158
159
156
154
151
150
150
148
147
147
142
147
142
144
147
147
150
151
155
162
161
161
164
169
171
173
177
182
183
193
189
198
195
200
199
207
205
207
209
209
209
206
207
210
212
206
204
211
210
208
205
207
200
207
202
205
212
209
212
215
217
221
223
229
229
236
233
237
232
229
226
231
232
231
230
228
225
222
224
225
221
227
221
227
227
225
228
232
239
239
242
249
251
256
260
264
261
263
261
263
260
258
252
248
244
239
229
228
228
225
220
219
215
215
218
214
211
220
219
219
221
229
231
236
243
252
253
266
271
277
281
288
295
302
309
316
320
326
329
339
343
352
359
362
364
367
371
379
373
383
383
389
387
391
388
385
378
374
368
368
353
341
339
329
323
322
318
313
308
306
304
308
308
310
315
319
326
332
339
358
369
377
394
405
413
424
424
427
434
435
429
435
435
436
430
436
436
437
431
438
430
434
426
428
428
430
430
440
439
449
458
467
476
486
494
508
508
522
531
541
553
567
574
586
591
601
604
611
617
625
629
633
638
636
635
632
629
626
621
608
595
581
574
566
555
554
544
541
535
532
525
535
536
544
546
557
559
572
582
586
601
606
604
609
604
609
608
613
606
602
598
595
578
580
566
561
546
534
526
519
507
502
497
491
492
498
499
506
505
508
511
515
516
516
522
537
540
543
556
557
562
571
576
580
577
572
570
576
583
587
587
588
596
604
608
615
622
625
634
640
648
657
662
673
673
667
665
664
663
656
649
651
645
642
638
643
637
644
639
645
648
651
643
645
644
644
655
660
668
681
689
694
709
719
735
746
759
776
796
804
809
830
847
864
876
888
903
907
913
913
914
926
921
930
933
927
908
922
913
918
915
917
917
924
921
924
916
911
918
914
921
917
926
919
920
916
917
908
905
902
892
895
885
884
883
884
884
887
897
899
903
915
917
921
928
926
930
941
942
940
948
940
933
938
930
927
925
925
926
933
936
954
962
984
1001
1030
1041
1063
1090
1112
1139
1164
1188
1212
1236
1254
1284
1309
1323
1347
1362
1377
1390
1390
1394
1405
1411
1414
1431
1446
1451
1446
1452
1437
1435
1420
1412
1410
1406
1392
1375
1356
1336
1309
1297
1275
1255
1239
1212
1201
1184
1158
1137
1129
1111
1105
1080
1078
1062
1063
1059
1060
1069
1071
1085
1096
1101
1114
1115
1117
1125
1129
1136
1154
1149
1161
1161
1163
1151
1157
1160
1155
1145
1131
1127
1115
1108
1105
1082
1071
1042
1027
1007
993
973
973
963
964
963
956
957
966
960
976
1000
1011
1031
1049
1063
1078
1086
1094
1090
1078
1071
1061
1045
1038
1017
1015
997
983
977
983
968
967
947
942
945
945
938
930
932
934
932
949
956
980
996
1010
1026
1050
1056
1070
1078
1095
1097
1102
1098
1092
1085
1087
1077
1079
1084
1097
1093
1098
1099
1107
1103
1101
1101
1116
1113
1130
1132
1148
1147
1169
1188
1203
1211
1212
1208
1194
1169
1151
1120
1094
1066
1038
1012
1004
992
983
972
964
964
972
967
970
971
971
982
987
1005
1024
1024
1035
1031
1043
1043
1049
1042
1038
1024
1008
999
984
979
967
969
971
980
997
1016
1043
1062
1094
1125
1152
1169
1182
1199
1206
1202
1216
1215
1230
1241
1249
1246
1253
1247
1248
1240
1238
1220
1214
1211
1223
1220
1242
1247
1258
1268
1288
1304
1335
1356
1377
1396
1399
1407
1420
1417
1421
1406
1401
1386
1375
1368
1364
1357
1354
1340
1346
1357
1358
1370
1380
1364
1374
1378
1386
1413
1428
1444
1477
1495
1520
1530
1544
1553
1551
1555
1552
1540
1529
1511
1503
1482
1458
1422
1414
1381
1378
1369
1347
1338
1326
1330
1327
1332
1342
1342
1355
1343
1336
1328
1322
1309
1293
1277
1269
1265
1263
1255
1254
1248
1244
1239
1249
1241
1252
1253
1263
1266
1281
1279
1292
1305
1313
1319
1322
1320
1318
1311
1317
1316
1308
1301
1300
1296
1287
1269
1267
1252
1259
1255
1256
1259
1279
1276
1291
1287
1292
1299
1283
1277
1279
1271
1271
1272
1281
1283
1282
1268
1271
1251
1236
1223
1217
1192
1177
1152
1129
1105
1088
1057
1042
1022
1009
977
955
923
902
888
876
867
861
856
858
856
867
869
884
897
922
950
981
1010
1037
1060
1070
1083
1103
1105
1107
1107
1119
1127
1133
1148
1158
1160
1173
1172
1177
1167
1167
1168
1160
1163
1158
1152
1155
1146
1150
1135
1141
1133
1125
1130
1119
1125
1121
1121
1129
1128
1127
1134
1145
1158
1172
1184
1202
1217
1236
1257
1276
1293
1325
1325
1322
1329
1330
1325
1317
1322
1326
1317
1315
1301
1286
1263
1252
1231
1225
1221
1210
1199
1193
1189
1186
1190
1194
1200
1220
1227
1237
1248
1264
1274
1286
1306
1323
1331
1333
1358
1371
1364
1379
1392
1400
1404
1410
1412
1412
1413
1397
1396
1393
1388
1380
1376
1368
1353
1342
1330
1319
1316
1307
1287
1276
1256
1242
1231
1230
1228
1231
1249
1273
1306
1325
1355
1374
1402
1422
1448
1471
1496
1516
1540
1569
1588
1624
1645
1678
1701
1719
1739
1758
1772
1763
1743
1730
1723
1699
1693
1676
1646
1643
1617
1612
1589
1560
1540
1535
1522
1510
1489
1473
1479
1475
1473
1467
1465
1475
1486
1497
1508
1531
1532
1542
1542
1527
1522
1520
1519
1536
1538
1541
1535
1534
1526
1512
1461
1447
1412
1375
1354
1327
1313
1305
1300
1308
1306
1319
1319
1338
1354
1368
1376
1397
1403
1428
1452
1489
1508
1531
1547
1562
1572
1570
1568
1556
1548
1539
1532
1528
1527
1545
1549
1566
1560
1579
1592
1596
1603
1603
1613
1613
1600
1598
1613
1597
1588
1598
1596
1604
1598
1601
1586
1569
1555
1548
1545
1555
1535
1538
1532
1519
1518
1518
1515
1506
1500
1506
1506
1493
1472
1473
1483
1490
1487
1506
1509
1504
1501
1498
1476
1480
1462
1453
1441
1439
1434
1422
1417
1412
1414
1419
1412
1413
1400
1390
1369
1354
1333
1315
1295
1293
1276
1277
1259
1243
1211
1188
1166
1128
1090
1077
1035
1024
1011
1002
1004
1013
1033
1040
1058
1074
1086
1094
1111
1119
1139
1156
1182
1198
1216
1242
1237
1254
1241
1232
1201
1198
1164
1159
1139
1127
1109
1092
1083
1047
1028
1008
986
962
940
929
928
921
922
920
917
942
946
975
1008
1033
1071
1099
1122
1153
1183
1224
1269
1313
1344
1397
1434
1476
1513
1540
1566
1590
1630
1653
1666
1685
1700
1715
1735
1758
1756
1769
1776
1784
1786
1792
1782
1765
1749
1740
1729
1702
1692
1677
1665
1653
1639
1629
1595
1558
1541
1511
1478
1459
1448
1444
1443
1454
1446
1456
1451
1447
1459
1473
1482
1494
1492
1507
1531
1549
1571
1580
1576
1577
1562
1549
1534
1510
1495
1475
1485
1473
1496
1499
1515
1530
1536
1542
1549
1572
1583
1623
1651
1710
1765
1826
1876
1930
1968
2001
2031
2052
2041
2040
2005
1987
1954
1941
1922
1890
1870
1851
1826
1798
1763
1731
1705
1678
1651
1646
1638
1629
1636
1649
1669
1700
1739
1784
1817
1856
1876
1899
1907
1913
1924
1924
1936
1922
1909
1903
1884
1891
1886
1872
1862
1833
1798
1780
1762
1736
1730
1706
1693
1700
1695
1691
1695
1711
1713
1734
1744
1774
1782
1801
1785
1791
1775
1784
1791
1812
1817
1844
1849
1872
1889
1893
1907
1923
1938
1951
1954
1970
1977
1994
2007
2018
2025
2027
2037
2032
2028
2021
2000
1975
1971
1967
1954
1944
1929
1911
1907
1872
1862
1853
1850
1850
1858
1864
1861
1874
1877
1882
1873
1879
1877
1894
1895
1886
1886
1889
1889
1899
1886
1885
1883
1871
1836
1812
1788
1768
1763
1740
1709
1691
1682
1662
1641
1625
1609
1600
1590
1577
1571
1574
1556
1552
1554
1559
1554
1564
1570
1581
1591
1603
1615
1638
1654
1662
1683
1703
1717
1729
1754
1764
1785
1797
1810
1829
1851
1866
1851
1869
1874
1875
1870
1871
1878
1877
1874
1884
1885
1898
1903
1935
1935
1941
1944
1939
1928
1919
1908
1899
1881
1860
1851
1822
1787
1754
1712
1685
1659
1643
1626
1609
1592
1585
1567
1573
1569
1590
1597
1637
1662
1703
1733
1752
1780
1829
1870
1906
1940
1982
2015
2025
2024
2003
1969
1954
1927
1889
1842
1806
1762
1722
1678
1653
1627
1607
1606
1587
1609
1623
1626
1619
1602
1604
1628
1669
1713
1756
1784
1818
1840
1875
1891
1911
1921
1925
1904
1883
1877
1838
1799
1765
1725
1696
1650
1618
1587
1540
1484
1434
1381
1349
1323
1300
1281
1266
1261
1275
1277
1299
1339
1384
1428
1488
1533
1591
1639
1665
1693
1714
1724
1704
1714
1700
1675
1628
1567
1520
1450
1407
1386
1367
1364
1366
1381
1412
1437
1474
1515
1576
1641
1709
1769
1841
1913
1977
2027
2089
2121
2147
2166
2180
2170
2173
2161
2145
2133
2108
2096
2055
2025
1995
1950
1904
1873
1825
1789
1778
1754
1746
1764
1769
1767
1765
1751
1746
1743
1760
1753
1757
1770
1775
1767
1798
1809
1836
1866
1871
1897
1914
1939
1967
1990
2017
2032
2069
2108
2108
2108
2119
2118
2140
2167
2195
2205
2236
2243
2271
2262
2278
2287
2303
2318
2326
2333
2353
2359
2366
2358
2334
2310
2280
2242
2225
2199
2170
2132
2106
2057
2012
1977
1953
1923
1906
1864
1853
1820
1790
1766
1743
1719
1705
1690
1688
1677
1669
1653
1636
1618
1601
1575
1567
1527
1508
1499
1485
1474
1463
1463
1472
1481
1504
1504
1535
1556
1582
1584
1613
1642
1664
1666
1704
1720
1733
1747
1768
1774
1785
1790
1782
1805
1794
1800
1805
1784
1782
1775
1749
1736
1708
1695
1678
1659
1626
1578
1556
1535
1502
1491
1476
1456
1444
1413
1381
1342
1298
1269
1245
1239
1214
1213
1205
1196
1192
1179
1165
1148
1137
1121
1100
1084
1058
1028
1026
1028
1027
1020
1025
1029
1023
1027
1018
999
988
968
961
942
934
930
933
931
920
921
925
935
932
929
933
919
916
916
915
903
892
880
890
891
908
930
947
971
998
1016
1048
1078
1101
1123
1154
1193
1214
1242
1290
1323
1361
1401
1434
1457
1483
1503
1514
1502
1512
1514
1520
1518
1523
1528
1528
1526
1524
1521
1515
1505
1495
1485
1466
1452
1432
1429
1424
1405
1387
1367
1358
1328
1304
1284
1270
1260
1265
1253
1271
1285
1301
1319
1337
1354
1384
1404
1429
1428
1438
1457
1471
1497
1526
1556
1588
1588
1596
1581
1573
1560
1534
1522
1480
1439
1411
1388
1405
1440
1438
1446
1439
1454
1444
1443
1448
1445
1446
1456
1477
1486
1510
1514
1539
1549
1550
1544
1552
1535
1522
1499
1496
1491
1498
1482
1462
1443
1427
1416
1427
1424
1435
1432
1430
1406
1401
1396
1405
1424
1465
1478
1502
1518
1516
1545
1563
1588
1602
1624
1646
1684
1715
1735
1755
1774
1809
1829
1858
1871
1882
1877
1870
1881
1868
1857
1875
1860
1861
1859
1846
1838
1834
1822
1821
1808
1783
1764
1735
1717
1716
1702
1706
1708
1702
1711
1716
1720
1712
1714
1726
1736
1743
1762
1800
1812
1845
1870
1886
1914
1924
1928
1949
1946
1958
1961
1953
1927
1920
1918
1895
1883
1845
1809
1778
1735
1689
1668
1638
1619
1629
1605
1591
1571
1550
1547
1529
1511
1486
1446
1438
1417
1395
1356
1336
1299
1271
1242
1218
1171
1125
1099
1040
999
948
901
844
796
757
704
666
635
614
581
566
546
538
530
536
531
551
564
585
612
640
672
706
745
779
803
827
834
848
855
877
897
917
949
977
1007
1036
1067
1089
1114
1140
1167
1183
1195
1215
1248
1266
1287
1301
1315
1334
1358
1355
1363
1361
1355
1351
1333
1324
1319
1321
1325
1344
1349
1354
1347
1351
1357
1351
1353
1345
1335
1320
1300
1286
1270
1235
1207
1185
1156
1131
1098
1075
1038
1005
970
928
889
850
809
764
718
695
660
634
605
593
579
569
556
548
553
543
554
565
578
606
632
661
690
731
770
804
822
849
886
912
932
974
1012
1045
1100
1138
1179
1220
1264
1276
1302
1327
1331
1359
1381
1389
1410
1427
1426
1425
1431
1433
1439
1440
1433
1444
1451
1458
1457
1481
1494
1490
1514
1529
1537
1533
1551
1558
1562
1566
1557
1571
1558
1557
1544
1538
1518
1512
1498
1491
1503
1517
1516
1524
1527
1527
1520
1530
1527
1542
1562
1576
1585
1612
1597
1603
1603
1604
1593
1594
1588
1588
1590
1585
1595
1584
1582
1579
1570
1580
1568
1578
1574
1581
1578
1589
1609
1604
1629
1635
1647
1664
1669
1666
1667
1666
1674
1659
1640
1634
1619
1626
1638
1646
1661
1671
1673
1681
1678
1686
1678
1683
1665
1674
1681
1684
1683
1673
1668
1674
1676
1682
1673
1672
1682
1669
1679
1666
1643
1634
1627
1600
1602
1589
1578
1571
1550
1532
1519
1519
1493
1472
1460
1454
1443
1436
1422
1411
1421
1432
1443
1463
1481
1493
1494
1508
1513
1540
1537
1552
1557
1557
1574
1566
1548
1541
1510
1480
1435
1402
1361
1330
1323
1316
1312
1303
1299
1293
1294
1291
1291
1290
1281
1279
1274
1292
1289
1303
1308
1315
1324
1341
1331
1347
1334
1332
1329
1319
1307
1288
1270
1265
1256
1237
1236
1221
1219
1216
1208
1194
1190
1177
1155
1149
1137
1128
1116
1109
1097
1099
1090
1084
1079
1077
1061
1072
1060
1054
1059
1053
1057
1063
1056
1055
1055
1055
1059
1060
1060
1057
1048
1044
1039
1040
1035
1031
1008
999
993
985
981
960
952
946
944
942
937
939
939
949
935
939
932
927
940
931
931
931
924
923
930
934
931
941
954
959
962
965
975
961
964
968
964
964
961
962
962
962
965
969
968
961
957
951
944
932
918
915
899
890
873
857
850
851
837
827
813
808
792
773
749
741
711
698
692
679
665
672
672
669
669
670
675
673
677
689
687
686
687
699
689
702
722
738
749
754
757
750
744
766
770
777
779
780
780
783
788
785
772
786
794
785
790
788
782
777
778
761
753
758
745
760
762
765
763
759
767
761
761
756
751
744
734
730
717
711
713
720
715
721
726
725
729
725
721
723
714
708
701
695
687
676
668
681
666
666
672
676
675
675
674
677
675
676
679
682
686
692
701
702
702
714
704
703
696
691
687
686
682
674
663
661
662
664
657
655
657
655
652
655
660
650
647
651
654
658
660
662
660
662
673
672
665
660
650
647
646
646
641
640
627
632
622
629
619
625
623
627
625
627
631
629
628
636
636
636
642
648
644
653
656
657
650
649
647
649
637
642
635
635
631
632
625
622
621
620
608
603
591
593
582
581
578
568
573
564
561
561
558
557
544
540
517
468
288
-2
1
-3
-1
1
-1
1
0
596
576
0
-2
2
0
0

