;UFOS3
;Measurement details: channel = S-D, date = 02.06.2018, time = 07:37:22
Exposure=201
Gain=0
Temperature=20.3
Accummulate=4
1.406 mu
1.41 amas
45.156 hs
0 ozone
112416 uva
1479 uvb
118 uve
[Value]
0
1
2
2
1
-1
2
1
0
-1
0
0
0
-2
-3
1
-2
0
-2
-1
-2
1
2
1
1
0
2
-2
1
-1
-2
-1
5
0
2
0
0
1
1
-2
0
-1
1
0
1
1
4
0
2
0
2
3
3
-1
0
2
1
1
3
2
1
0
0
3
-2
1
-2
-1
3
-2
3
-1
-1
2
0
0
-1
-2
0
-1
1
0
1
1
1
0
1
1
1
2
-1
2
-1
1
3
0
1
1
2
3
2
0
5
0
2
1
1
1
1
1
-1
2
2
0
-1
0
0
2
1
1
0
2
0
2
2
1
3
1
-2
-1
2
0
1
-2
2
-1
2
3
1
4
3
0
-3
1
0
1
1
3
2
-2
2
1
2
-1
3
2
1
-1
0
0
0
3
3
-1
1
0
4
0
4
4
1
1
0
0
0
2
-2
0
1
-1
0
1
0
2
-2
-1
0
-1
3
0
2
-2
1
1
3
1
1
0
2
2
1
2
0
1
2
1
1
3
0
0
4
3
1
0
1
1
2
-1
0
3
1
-1
0
3
1
0
3
-2
-1
0
0
1
-1
1
1
1
4
0
0
-1
3
1
-2
3
0
0
-1
0
0
1
-1
-3
1
3
-1
0
3
1
0
3
5
2
-1
2
0
1
5
2
-2
1
0
0
2
1
1
1
-1
2
1
2
-1
3
1
1
3
3
-2
0
0
-1
2
2
2
1
2
1
1
1
3
2
2
-5
-2
2
-2
0
0
1
1
0
1
0
4
0
-1
0
1
3
1
1
0
1
3
2
0
-2
-1
3
2
3
-1
3
2
4
0
3
2
1
2
-1
2
1
2
-2
2
1
3
4
1
2
3
-1
3
-1
-2
2
0
1
2
0
0
2
3
-1
4
-1
4
-1
3
1
0
0
3
0
0
2
0
3
3
0
3
-3
-1
2
2
-1
4
1
0
3
1
0
-1
3
2
1
2
1
6
2
3
5
-1
0
4
1
1
2
2
-3
1
1
0
2
3
1
3
3
1
1
1
1
1
3
1
1
3
1
3
-1
2
1
1
0
0
3
1
3
1
1
-2
1
3
1
0
-2
2
4
1
-1
1
2
2
4
2
1
2
3
4
3
3
-1
0
0
2
-1
3
2
-1
2
3
-1
3
0
1
4
-3
1
0
3
1
1
-1
4
2
0
3
1
4
3
3
5
1
0
2
0
2
1
2
3
1
3
3
2
3
2
3
3
2
2
4
1
3
1
0
3
3
1
2
4
2
1
1
2
2
4
2
3
4
1
2
2
6
1
0
3
3
5
5
2
2
3
2
3
2
3
5
1
1
0
5
2
3
5
2
1
4
0
1
2
4
2
4
3
2
1
5
2
-1
2
-1
0
2
4
1
0
1
0
3
1
2
4
4
1
4
0
3
1
4
3
4
3
0
1
3
0
1
3
1
4
2
6
4
3
6
0
4
3
2
2
3
5
3
2
3
6
2
3
1
-1
1
3
0
3
3
4
3
3
3
3
3
2
4
2
2
-1
4
4
2
2
2
4
1
2
5
3
5
2
3
2
4
3
2
3
3
5
4
4
5
1
5
2
5
4
1
3
2
2
3
2
1
4
5
3
3
2
2
2
2
4
5
3
3
2
4
1
4
3
5
3
4
4
5
2
2
4
3
4
5
4
4
5
3
0
5
2
4
4
2
5
4
3
3
2
6
5
6
5
5
5
4
4
5
4
6
5
7
6
5
1
7
4
5
7
6
6
5
6
5
1
5
3
4
4
5
2
5
4
5
4
4
4
7
7
4
2
9
4
5
4
7
6
8
4
5
4
3
5
6
8
8
8
6
5
7
5
8
6
6
6
9
6
6
6
9
8
6
5
7
6
7
9
7
5
11
7
6
10
7
9
11
10
11
11
10
10
13
13
9
13
12
15
13
12
14
12
14
13
16
12
16
16
16
17
16
15
15
15
17
14
15
16
16
17
16
14
14
14
19
14
18
15
19
19
16
15
15
21
20
17
19
25
22
22
20
21
24
25
28
21
25
26
25
25
24
27
27
29
28
31
29
29
29
26
25
28
29
27
28
23
29
27
26
25
25
26
29
31
30
28
30
27
28
32
32
34
33
36
35
35
36
35
39
37
40
35
39
40
41
39
41
40
46
44
49
47
45
46
50
50
52
51
51
48
53
51
56
53
53
54
53
54
53
56
55
53
56
53
58
59
62
57
63
60
59
60
60
62
63
62
67
65
67
60
68
63
67
63
65
60
64
65
62
61
63
64
64
62
64
61
67
63
67
64
69
65
69
65
66
65
68
68
69
69
71
74
73
75
75
76
84
81
91
90
93
98
105
104
109
114
121
122
128
130
137
136
142
142
148
151
149
153
151
152
157
154
160
161
161
158
160
155
156
153
151
152
154
147
147
146
150
148
148
149
147
151
154
157
163
163
162
170
168
169
176
181
186
185
190
189
196
202
206
204
207
209
210
210
213
210
214
205
209
208
212
209
210
211
207
206
206
205
207
207
211
208
214
215
214
221
224
223
228
234
232
236
238
230
234
234
231
232
234
226
228
227
226
223
225
227
225
225
229
228
228
224
232
236
242
244
254
253
259
266
266
263
264
265
259
260
256
249
250
244
243
236
231
227
224
222
220
211
216
213
212
214
219
219
222
225
233
229
238
249
257
259
271
273
277
281
289
294
304
309
320
325
328
332
351
350
351
358
366
368
372
374
380
378
389
388
386
391
392
395
389
380
378
370
362
356
343
334
335
325
321
316
315
307
311
305
301
310
315
314
320
324
329
344
358
371
381
394
401
412
420
424
430
430
434
435
435
436
434
435
427
438
436
430
429
428
434
426
428
423
430
432
443
445
454
454
473
476
486
499
504
511
520
531
543
552
566
575
590
588
604
606
612
623
628
629
633
643
637
632
634
630
630
619
614
591
585
575
571
562
552
543
540
536
535
532
531
539
537
547
554
562
571
586
588
596
605
606
611
612
611
603
611
602
602
598
590
585
574
567
562
545
539
530
520
507
503
496
487
488
495
501
502
507
506
510
517
517
518
528
535
536
548
553
557
564
567
575
576
580
575
578
576
581
582
586
590
593
602
607
621
623
632
635
644
652
657
661
671
668
667
667
667
661
661
655
652
645
645
643
641
645
640
645
648
647
646
642
649
647
649
658
668
670
678
683
693
706
721
732
747
763
775
793
807
819
833
847
859
867
893
901
910
911
912
915
920
914
930
932
925
919
919
908
917
913
920
916
923
922
919
912
911
910
909
912
925
921
924
923
920
910
916
904
902
896
887
889
888
890
890
885
890
899
900
900
909
913
918
920
929
938
942
938
940
940
944
934
936
934
932
921
924
924
935
942
954
972
981
1009
1022
1051
1066
1090
1110
1139
1158
1191
1210
1228
1263
1289
1315
1334
1346
1364
1383
1384
1397
1393
1411
1406
1432
1431
1450
1450
1456
1451
1440
1424
1419
1416
1413
1403
1388
1379
1359
1338
1316
1283
1275
1259
1243
1228
1202
1174
1160
1145
1129
1109
1096
1079
1075
1060
1066
1060
1061
1069
1076
1087
1099
1105
1104
1105
1121
1119
1120
1143
1153
1154
1171
1159
1164
1153
1157
1155
1156
1147
1135
1131
1122
1104
1101
1084
1070
1048
1034
1006
987
979
982
968
969
959
967
962
970
965
973
995
1017
1036
1049
1058
1074
1073
1091
1090
1085
1073
1064
1040
1037
1015
1006
994
994
987
980
974
964
952
946
946
940
942
936
938
931
934
952
959
980
995
1012
1029
1044
1059
1070
1077
1095
1096
1108
1110
1091
1087
1080
1085
1079
1090
1094
1100
1098
1091
1107
1101
1103
1105
1118
1125
1130
1141
1150
1157
1176
1187
1206
1213
1213
1205
1191
1168
1147
1126
1090
1070
1041
1018
1011
994
981
972
966
962
966
963
968
969
976
975
996
1013
1022
1031
1034
1040
1041
1042
1053
1050
1042
1025
1017
992
988
981
974
969
969
985
998
1019
1043
1061
1094
1128
1161
1169
1186
1202
1209
1207
1212
1226
1238
1236
1251
1261
1250
1247
1247
1242
1231
1228
1233
1223
1225
1227
1248
1257
1267
1272
1290
1312
1337
1364
1389
1405
1411
1414
1417
1418
1415
1410
1413
1391
1379
1374
1366
1360
1359
1352
1353
1361
1365
1379
1381
1373
1370
1388
1401
1409
1434
1461
1476
1499
1531
1539
1553
1553
1562
1561
1562
1548
1541
1523
1511
1492
1462
1429
1418
1389
1379
1368
1355
1339
1334
1332
1331
1339
1347
1346
1354
1348
1345
1328
1322
1315
1292
1281
1277
1266
1265
1265
1254
1248
1253
1248
1254
1253
1249
1256
1264
1276
1279
1284
1300
1308
1326
1326
1329
1322
1322
1317
1328
1321
1317
1308
1301
1305
1295
1277
1269
1253
1263
1258
1256
1262
1273
1282
1282
1294
1297
1305
1290
1288
1284
1278
1280
1287
1281
1286
1287
1280
1273
1258
1246
1230
1216
1202
1178
1156
1144
1116
1088
1070
1050
1025
1016
976
956
924
911
891
883
871
866
862
860
861
867
871
890
902
928
958
985
1014
1044
1060
1076
1090
1103
1116
1118
1116
1125
1130
1139
1152
1158
1165
1172
1174
1174
1177
1180
1179
1175
1173
1167
1162
1161
1148
1158
1142
1137
1133
1134
1134
1120
1122
1132
1133
1140
1140
1140
1141
1145
1159
1177
1194
1199
1224
1237
1258
1286
1299
1317
1326
1329
1339
1341
1339
1327
1323
1330
1321
1322
1302
1290
1274
1251
1237
1227
1226
1206
1199
1208
1189
1185
1191
1196
1207
1221
1234
1240
1260
1272
1281
1288
1304
1329
1334
1346
1354
1370
1379
1398
1400
1413
1417
1421
1423
1420
1427
1406
1408
1405
1397
1390
1382
1379
1364
1343
1331
1330
1317
1304
1302
1283
1268
1258
1236
1240
1234
1242
1264
1274
1311
1337
1353
1384
1402
1433
1446
1477
1501
1523
1544
1572
1590
1631
1646
1687
1705
1732
1754
1772
1774
1777
1762
1734
1726
1722
1703
1675
1647
1652
1634
1624
1592
1578
1557
1545
1530
1516
1500
1486
1491
1480
1486
1479
1477
1485
1488
1508
1519
1536
1544
1555
1546
1537
1527
1530
1530
1538
1548
1554
1550
1544
1530
1517
1481
1445
1418
1389
1356
1338
1316
1315
1309
1311
1319
1330
1323
1347
1351
1374
1372
1397
1417
1436
1469
1496
1511
1530
1553
1580
1588
1576
1579
1563
1552
1545
1541
1539
1540
1547
1554
1578
1582
1584
1596
1606
1614
1621
1616
1618
1608
1614
1619
1607
1602
1618
1606
1613
1608
1608
1597
1583
1561
1559
1560
1558
1554
1551
1541
1534
1529
1524
1523
1519
1505
1513
1508
1505
1482
1491
1501
1493
1502
1514
1518
1527
1516
1506
1487
1484
1479
1458
1455
1442
1429
1431
1418
1426
1421
1429
1415
1426
1411
1394
1381
1364
1348
1331
1306
1297
1283
1275
1266
1256
1222
1196
1163
1138
1101
1076
1043
1030
1021
1009
1013
1021
1032
1046
1066
1086
1097
1104
1118
1134
1151
1165
1189
1211
1231
1246
1256
1255
1248
1238
1213
1198
1175
1161
1144
1136
1123
1097
1093
1067
1035
1015
984
969
945
939
932
931
922
921
923
938
959
987
1012
1044
1072
1107
1137
1167
1198
1234
1273
1321
1366
1409
1439
1484
1524
1556
1581
1610
1638
1667
1678
1704
1711
1730
1745
1758
1779
1792
1798
1796
1801
1795
1789
1779
1768
1754
1736
1715
1706
1685
1679
1665
1656
1635
1608
1578
1551
1515
1483
1473
1463
1462
1454
1462
1454
1452
1461
1459
1479
1489
1491
1501
1509
1524
1547
1564
1570
1591
1597
1589
1577
1566
1540
1516
1502
1496
1487
1496
1501
1516
1532
1550
1544
1552
1559
1584
1601
1629
1674
1722
1776
1835
1895
1941
1990
2013
2053
2057
2054
2060
2024
2004
1975
1951
1941
1905
1881
1870
1840
1809
1782
1744
1715
1691
1669
1650
1650
1641
1643
1656
1683
1711
1743
1789
1830
1865
1893
1905
1918
1926
1943
1954
1946
1948
1924
1919
1907
1913
1896
1888
1877
1851
1814
1800
1772
1749
1738
1718
1714
1706
1700
1705
1701
1719
1722
1742
1755
1781
1793
1804
1799
1797
1800
1804
1802
1821
1833
1847
1867
1892
1906
1909
1927
1940
1951
1962
1973
1984
1998
2011
2018
2036
2036
2045
2051
2054
2047
2029
2008
1984
2000
1986
1969
1962
1941
1927
1917
1889
1864
1861
1869
1860
1874
1879
1875
1884
1885
1896
1887
1905
1889
1912
1906
1904
1914
1911
1912
1903
1909
1899
1904
1886
1853
1831
1811
1799
1774
1752
1723
1700
1700
1680
1650
1638
1625
1611
1602
1585
1588
1577
1575
1565
1559
1574
1572
1580
1583
1592
1598
1614
1635
1657
1670
1684
1696
1721
1735
1745
1770
1785
1809
1813
1832
1846
1859
1877
1880
1873
1884
1891
1895
1891
1889
1901
1891
1892
1896
1920
1925
1933
1955
1960
1961
1958
1960
1947
1913
1916
1894
1874
1862
1831
1795
1765
1729
1699
1676
1654
1634
1619
1621
1594
1591
1579
1588
1602
1609
1650
1682
1718
1736
1767
1796
1843
1893
1928
1960
2001
2034
2044
2035
2025
1994
1966
1943
1917
1857
1829
1783
1727
1699
1667
1633
1618
1618
1606
1616
1632
1624
1630
1605
1626
1646
1686
1734
1766
1808
1835
1858
1889
1909
1918
1936
1934
1924
1902
1895
1856
1813
1782
1748
1699
1677
1642
1599
1549
1499
1446
1396
1363
1330
1309
1293
1282
1279
1285
1289
1320
1355
1403
1443
1506
1551
1604
1656
1685
1705
1725
1737
1725
1734
1719
1697
1652
1585
1527
1471
1422
1393
1378
1376
1377
1386
1411
1452
1489
1530
1590
1644
1726
1780
1868
1926
1997
2052
2108
2146
2170
2186
2199
2195
2200
2180
2169
2147
2125
2103
2069
2033
2009
1955
1924
1892
1848
1815
1797
1769
1769
1774
1786
1780
1788
1764
1763
1767
1776
1768
1785
1784
1791
1796
1820
1839
1853
1882
1885
1913
1928
1955
1980
2006
2028
2058
2086
2123
2125
2136
2141
2149
2169
2189
2225
2240
2260
2265
2286
2296
2303
2301
2324
2334
2350
2348
2372
2387
2388
2371
2353
2329
2312
2271
2238
2220
2190
2164
2119
2080
2032
1994
1968
1945
1919
1890
1869
1842
1806
1785
1760
1736
1730
1712
1695
1692
1687
1666
1656
1642
1624
1592
1578
1552
1523
1515
1499
1486
1481
1477
1487
1499
1513
1520
1549
1575
1591
1607
1632
1654
1676
1690
1726
1742
1755
1768
1784
1796
1801
1805
1811
1807
1812
1821
1826
1816
1808
1785
1771
1743
1733
1714
1698
1665
1639
1605
1567
1554
1517
1498
1490
1469
1453
1422
1387
1350
1309
1286
1265
1245
1232
1230
1217
1210
1208
1189
1177
1162
1141
1137
1109
1090
1072
1046
1033
1034
1035
1028
1037
1036
1029
1039
1030
1008
999
975
971
953
953
942
943
938
925
929
935
945
941
942
936
932
930
920
914
910
897
894
901
906
916
931
951
971
1006
1028
1062
1090
1114
1130
1166
1197
1233
1262
1302
1339
1381
1412
1448
1471
1499
1508
1526
1518
1530
1536
1538
1545
1542
1542
1545
1540
1536
1531
1527
1531
1509
1500
1481
1471
1450
1441
1441
1419
1400
1388
1380
1344
1319
1303
1283
1272
1283
1274
1286
1295
1314
1337
1351
1375
1392
1421
1426
1442
1457
1465
1490
1515
1539
1568
1604
1612
1608
1598
1601
1573
1558
1529
1498
1462
1425
1404
1426
1455
1455
1457
1447
1469
1459
1458
1468
1464
1457
1473
1486
1507
1524
1545
1554
1570
1575
1560
1559
1550
1534
1518
1518
1515
1510
1491
1478
1454
1441
1432
1442
1434
1445
1448
1452
1432
1417
1416
1429
1444
1477
1488
1516
1540
1542
1557
1583
1592
1622
1636
1674
1703
1740
1751
1773
1801
1831
1852
1881
1891
1910
1896
1894
1895
1881
1884
1888
1879
1892
1885
1870
1856
1860
1843
1847
1829
1798
1777
1741
1743
1741
1730
1735
1731
1730
1737
1739
1743
1742
1735
1744
1752
1765
1776
1815
1833
1867
1891
1909
1926
1949
1957
1967
1974
1975
1972
1970
1956
1939
1932
1914
1901
1870
1827
1809
1755
1711
1675
1665
1647
1636
1617
1608
1579
1570
1562
1548
1522
1497
1469
1457
1437
1413
1380
1360
1309
1292
1266
1239
1188
1141
1112
1064
1012
967
910
862
809
765
717
682
636
615
587
571
549
548
545
539
539
550
570
592
618
644
685
722
749
784
810
832
835
849
864
881
904
937
960
985
1022
1053
1077
1098
1129
1154
1173
1201
1212
1236
1259
1286
1299
1318
1338
1343
1367
1375
1391
1378
1374
1364
1349
1348
1340
1343
1350
1368
1361
1361
1367
1376
1377
1366
1375
1364
1363
1333
1322
1304
1279
1257
1226
1194
1169
1149
1117
1097
1061
1022
983
948
900
864
818
777
734
697
668
638
608
597
582
569
559
553
548
555
558
574
591
611
635
668
699
733
771
812
831
863
896
924
947
982
1023
1063
1111
1162
1189
1240
1274
1297
1329
1339
1357
1375
1398
1409
1426
1441
1440
1443
1456
1451
1462
1447
1453
1470
1462
1478
1475
1500
1506
1519
1532
1552
1556
1554
1574
1586
1580
1585
1588
1581
1582
1575
1570
1555
1537
1531
1507
1514
1525
1534
1533
1537
1551
1538
1542
1547
1549
1558
1589
1604
1607
1630
1620
1628
1625
1618
1629
1621
1614
1619
1614
1598
1609
1595
1603
1598
1591
1598
1600
1602
1594
1603
1598
1609
1621
1621
1646
1650
1672
1680
1683
1691
1688
1700
1706
1681
1665
1653
1641
1638
1647
1675
1680
1701
1702
1703
1703
1715
1701
1705
1695
1694
1698
1707
1691
1699
1695
1700
1702
1698
1701
1699
1703
1684
1690
1684
1668
1657
1645
1630
1620
1616
1591
1580
1566
1561
1540
1529
1518
1498
1485
1472
1465
1450
1450
1441
1441
1445
1460
1474
1503
1504
1510
1523
1539
1558
1564
1563
1576
1592
1590
1585
1568
1560
1541
1501
1455
1425
1383
1346
1337
1328
1333
1333
1315
1306
1312
1310
1315
1320
1300
1295
1292
1315
1302
1318
1321
1335
1343
1359
1358
1374
1351
1356
1346
1343
1322
1311
1295
1288
1273
1254
1238
1240
1235
1233
1216
1216
1200
1200
1178
1159
1150
1140
1131
1124
1115
1109
1112
1093
1095
1091
1089
1090
1076
1071
1083
1069
1077
1071
1064
1072
1070
1068
1074
1065
1065
1069
1064
1058
1049
1053
1050
1044
1020
1018
996
1000
990
981
963
956
960
957
939
950
958
952
949
949
946
944
941
947
935
944
946
937
939
944
942
954
964
976
973
982
985
975
976
978
973
981
976
974
986
978
981
974
988
975
987
962
957
947
933
926
919
909
881
871
864
854
845
826
818
814
801
782
770
745
723
702
699
688
678
679
675
674
678
679
680
685
685
702
700
702
697
711
703
717
736
752
754
765
756
761
760
772
776
787
789
789
787
795
791
795
790
799
804
800
796
793
796
788
784
770
763
764
761
763
775
775
780
768
772
773
771
769
757
758
743
739
731
725
719
734
730
728
736
742
732
736
732
727
721
711
714
704
696
693
684
688
678
679
673
682
688
687
686
691
688
692
681
690
701
701
705
714
713
717
717
712
704
700
702
693
686
682
674
668
671
672
666
661
663
673
666
675
663
660
663
661
664
669
662
672
671
671
681
681
669
669
664
656
651
654
649
643
637
636
633
640
631
632
630
634
639
637
643
634
642
647
644
649
647
654
652
662
658
670
657
654
656
657
649
649
648
645
637
641
638
634
629
627
617
613
605
594
589
590
586
578
574
568
564
569
566
569
555
552
528
477
290
-1
-1
-1
-2
0
-1
-2
-2
608
582
-5
0
1
0
0

