;UFOS3
;Measurement details: channel = Z-D, date = 02.06.2018, time = 08:06:42
Exposure=221
Gain=0
Temperature=20.7
Accummulate=4
1.349 mu
1.352 amas
47.674 hs
312 ozone
0 uva
0 uvb
0 uve
[Value]
0
-1
0
1
0
0
0
-2
1
-2
-4
-2
-1
0
0
-3
-1
-3
1
-3
-1
-2
-1
-2
-1
0
2
1
0
-1
-2
-2
0
-1
0
0
2
-1
-3
0
-1
0
1
-1
-1
-1
0
-4
0
0
-1
-3
-1
1
-2
-2
0
-1
3
-3
1
-2
-1
0
1
-1
-2
-1
4
3
1
0
0
0
0
1
-2
0
-1
-1
-1
-1
2
1
0
1
-1
1
1
1
-2
-1
2
0
2
-4
1
2
2
0
3
0
0
0
-1
-2
-1
2
-2
1
-2
-1
-2
0
0
-1
2
1
1
0
-2
-4
-2
-3
-1
-1
2
0
0
1
1
0
1
-2
2
-1
-1
0
2
1
1
0
2
-1
2
-1
-2
0
1
2
0
-2
-3
1
0
-2
2
0
1
0
2
0
1
1
-3
-2
1
0
-1
2
1
2
2
-2
0
-1
-2
0
-1
2
0
-2
3
1
3
-2
0
0
-2
-1
2
1
0
1
1
0
0
-1
-2
1
1
3
1
-3
1
-2
0
2
3
0
0
-3
0
2
-3
1
-1
0
0
1
2
-3
-1
-2
0
2
-1
1
1
2
0
2
1
0
1
-1
0
1
2
-1
-1
-1
-1
1
1
1
1
0
-1
-3
2
0
1
1
2
-1
0
0
0
-1
-1
2
2
-1
0
-2
-5
0
-2
-1
1
-2
2
1
0
1
2
1
0
1
1
4
1
-2
-2
0
1
3
-2
-1
-1
2
2
2
0
-1
1
0
1
1
1
-1
1
3
2
-1
2
1
1
2
2
0
2
-1
-1
0
3
1
2
0
3
1
2
1
2
0
1
3
3
0
-1
3
1
-1
1
-1
0
0
2
1
2
-2
3
-3
-2
0
-1
3
3
-2
3
1
1
5
-1
3
0
-1
-1
1
-1
-1
4
2
3
3
1
2
1
0
2
2
-1
0
2
1
1
3
4
-1
1
1
2
0
-2
-1
2
1
1
1
0
-3
-1
2
1
1
2
3
0
2
2
2
0
2
1
1
0
2
-2
0
2
-2
0
3
1
1
-2
-1
0
1
2
1
0
0
-1
-2
-1
0
3
0
0
2
0
-1
3
1
-1
1
3
0
1
0
2
3
4
1
0
4
1
1
3
0
2
1
3
0
2
1
-1
4
2
2
3
-2
1
-1
-1
0
0
-1
2
1
2
1
2
1
2
3
-2
0
3
2
0
0
3
-1
1
1
6
1
2
4
3
1
2
0
3
3
4
2
2
0
0
2
0
3
0
2
3
0
4
1
3
3
2
3
1
1
3
0
4
4
1
1
5
1
-2
1
0
-2
2
0
3
3
2
3
3
2
1
4
4
4
2
3
3
1
1
0
3
0
5
1
4
0
1
-1
2
-1
3
1
2
0
4
2
1
3
1
3
2
1
4
0
2
1
3
2
1
0
3
0
1
3
4
2
3
2
5
2
0
0
1
1
0
2
5
0
1
5
0
2
0
1
5
3
1
3
6
1
-1
1
4
3
2
2
1
3
4
1
3
-1
2
4
5
3
3
3
4
4
4
2
3
-1
3
7
4
-1
4
5
4
0
2
1
4
2
4
3
0
3
2
4
2
1
3
2
3
2
4
2
1
4
4
3
6
-1
5
2
1
2
3
4
3
4
5
4
4
4
6
5
1
1
4
5
2
3
4
3
3
2
4
5
5
2
3
3
3
3
6
2
7
3
5
5
4
5
2
5
4
4
3
5
7
3
3
5
5
5
2
5
5
5
5
5
8
3
4
4
4
3
7
4
3
5
4
7
4
6
7
5
4
5
6
3
8
6
5
6
9
7
7
5
9
8
7
7
8
5
6
7
6
6
6
5
8
10
6
7
7
9
7
7
7
9
9
7
8
7
9
8
9
10
12
11
10
8
11
12
13
12
11
12
12
10
14
13
17
15
13
17
16
16
17
14
17
13
17
16
18
14
16
16
16
16
19
18
13
18
17
19
19
17
18
18
19
20
22
21
23
24
25
25
28
32
30
31
34
35
36
34
36
39
40
39
44
46
46
47
49
48
48
50
51
55
52
51
52
51
52
54
54
53
52
53
50
51
51
50
54
52
52
51
56
60
60
60
65
64
65
61
68
69
70
70
73
75
77
79
84
86
89
92
92
90
92
94
97
100
106
104
104
102
108
100
104
105
101
98
97
100
98
97
100
95
99
100
104
103
102
100
107
108
108
107
108
109
112
112
116
114
115
115
118
122
125
126
125
131
130
136
143
146
151
151
154
153
161
159
161
167
170
169
174
179
178
175
182
181
185
189
183
182
185
185
183
183
189
184
187
188
197
193
193
194
196
189
197
193
192
189
191
189
192
192
196
194
191
188
191
190
188
186
187
185
188
190
193
192
196
195
203
203
208
209
219
213
222
218
223
223
221
223
230
234
242
239
242
248
255
260
267
273
281
284
292
299
307
310
318
330
338
347
362
370
377
383
390
401
413
415
426
419
432
442
450
458
468
465
470
469
473
469
478
472
476
479
474
470
474
472
475
468
470
466
472
468
475
479
485
485
482
485
489
491
497
502
506
506
516
516
529
529
540
532
550
548
557
552
557
563
558
563
571
569
574
573
584
578
575
566
571
572
573
576
588
585
590
591
604
605
611
619
629
643
656
653
655
651
645
644
643
631
631
624
620
617
607
614
615
614
615
612
626
629
631
640
652
659
682
695
714
717
718
722
735
729
737
731
721
723
708
700
678
663
645
633
630
609
597
578
575
568
563
559
562
562
566
569
574
573
590
603
610
625
636
656
681
686
702
716
727
735
741
755
761
774
782
786
801
803
810
820
826
843
845
857
868
873
886
892
904
910
918
914
906
905
888
870
845
847
830
813
797
786
783
768
771
765
762
758
760
760
766
765
774
784
808
817
840
868
894
918
950
967
982
994
1001
1008
1019
1012
1016
1013
1014
1015
1014
1010
1004
996
992
990
983
977
986
989
986
1003
1002
1011
1026
1041
1054
1070
1079
1105
1115
1131
1145
1159
1187
1212
1231
1242
1267
1281
1303
1315
1333
1345
1355
1375
1388
1387
1396
1387
1380
1360
1352
1331
1317
1293
1276
1245
1218
1190
1177
1157
1141
1127
1111
1107
1098
1097
1110
1114
1132
1147
1161
1179
1202
1221
1235
1244
1268
1276
1281
1284
1293
1285
1290
1290
1279
1252
1241
1221
1206
1173
1140
1105
1083
1060
1049
1025
1011
1006
1002
1004
1013
1006
1010
1011
1010
1016
1011
1020
1040
1043
1051
1057
1069
1069
1089
1102
1121
1124
1132
1143
1157
1159
1178
1183
1186
1200
1213
1213
1231
1239
1240
1254
1242
1244
1250
1246
1257
1251
1247
1242
1237
1235
1232
1232
1223
1214
1206
1206
1205
1213
1216
1209
1215
1216
1215
1219
1221
1211
1229
1227
1226
1238
1259
1267
1285
1309
1323
1338
1354
1379
1412
1431
1450
1471
1481
1500
1516
1521
1544
1543
1548
1553
1540
1535
1530
1532
1538
1543
1553
1557
1561
1567
1574
1585
1584
1595
1605
1618
1633
1648
1653
1650
1653
1664
1663
1674
1664
1667
1665
1663
1640
1652
1631
1625
1620
1613
1617
1614
1626
1622
1640
1647
1652
1683
1678
1689
1703
1694
1698
1706
1703
1709
1706
1720
1720
1731
1737
1729
1724
1721
1736
1727
1726
1736
1765
1765
1795
1813
1833
1850
1878
1891
1909
1937
1962
1988
2020
2049
2089
2114
2128
2169
2186
2216
2220
2231
2217
2213
2202
2188
2160
2151
2143
2147
2155
2136
2135
2136
2142
2141
2149
2148
2153
2122
2125
2101
2090
2071
2056
2040
2025
1988
1968
1914
1911
1878
1848
1834
1823
1809
1808
1796
1771
1750
1729
1692
1669
1630
1630
1614
1609
1604
1599
1594
1602
1596
1619
1629
1650
1658
1691
1711
1735
1761
1776
1794
1815
1802
1803
1799
1798
1767
1775
1758
1735
1738
1731
1716
1714
1696
1685
1673
1670
1659
1654
1642
1638
1648
1646
1650
1663
1680
1691
1688
1682
1681
1676
1671
1659
1646
1634
1613
1604
1583
1570
1561
1561
1556
1555
1540
1541
1524
1515
1517
1516
1504
1501
1514
1513
1518
1537
1548
1586
1598
1626
1647
1672
1680
1691
1706
1720
1712
1717
1708
1695
1699
1690
1692
1693
1703
1701
1700
1708
1712
1715
1714
1719
1728
1736
1745
1759
1773
1796
1806
1802
1807
1815
1805
1811
1782
1753
1719
1674
1648
1601
1570
1548
1537
1508
1504
1489
1482
1479
1481
1496
1503
1503
1516
1526
1537
1552
1578
1603
1612
1633
1631
1651
1648
1652
1622
1605
1578
1550
1524
1508
1488
1478
1467
1492
1503
1522
1556
1590
1634
1665
1703
1745
1780
1809
1828
1835
1845
1860
1871
1886
1898
1910
1920
1921
1925
1920
1909
1904
1906
1908
1897
1921
1940
1941
1967
1968
1978
2010
2041
2065
2101
2114
2120
2122
2120
2107
2090
2070
2072
2035
2010
1983
1949
1934
1899
1903
1898
1902
1922
1932
1941
1959
1984
1990
2023
2065
2094
2140
2177
2222
2249
2271
2305
2316
2315
2320
2314
2307
2307
2290
2279
2264
2246
2220
2199
2171
2144
2145
2111
2078
2043
2029
2023
2034
2021
1998
1995
1976
1972
1955
1938
1925
1893
1880
1855
1860
1861
1868
1838
1825
1831
1835
1829
1835
1844
1848
1854
1868
1873
1880
1905
1917
1928
1948
1943
1947
1942
1953
1957
1946
1935
1933
1926
1915
1890
1875
1862
1857
1855
1851
1843
1853
1859
1870
1861
1886
1881
1878
1875
1862
1859
1861
1848
1852
1863
1864
1855
1853
1837
1818
1821
1788
1766
1741
1715
1688
1644
1616
1575
1539
1502
1470
1435
1392
1360
1326
1297
1282
1253
1250
1242
1236
1239
1233
1251
1264
1294
1320
1359
1395
1436
1478
1506
1555
1574
1598
1620
1638
1658
1675
1695
1709
1733
1746
1760
1777
1774
1785
1791
1785
1785
1777
1779
1757
1741
1722
1698
1697
1678
1670
1667
1660
1644
1634
1624
1628
1630
1636
1634
1640
1644
1651
1649
1670
1687
1696
1728
1748
1764
1793
1817
1846
1863
1871
1885
1879
1891
1893
1885
1870
1869
1877
1871
1855
1844
1825
1800
1791
1765
1750
1759
1755
1745
1733
1733
1731
1731
1737
1746
1749
1755
1753
1761
1774
1778
1782
1786
1796
1803
1810
1821
1825
1837
1856
1868
1876
1879
1891
1892
1890
1877
1877
1852
1863
1865
1866
1869
1852
1858
1875
1895
1892
1893
1898
1875
1857
1830
1808
1788
1779
1795
1808
1818
1845
1860
1893
1900
1934
1967
1991
2017
2044
2083
2108
2150
2173
2216
2241
2266
2300
2323
2350
2363
2358
2355
2352
2338
2306
2290
2265
2246
2253
2236
2228
2216
2214
2184
2168
2133
2117
2104
2082
2074
2073
2055
2068
2058
2058
2060
2072
2080
2100
2116
2146
2152
2172
2176
2182
2200
2214
2215
2224
2221
2200
2169
2117
2071
2017
1968
1900
1841
1822
1791
1774
1767
1775
1769
1782
1798
1810
1832
1849
1876
1885
1896
1902
1928
1932
1961
1997
2013
2048
2056
2071
2078
2078
2079
2071
2053
2043
2026
2016
2022
2013
2014
2030
2028
2040
2027
2048
2059
2053
2063
2084
2085
2094
2120
2125
2143
2152
2184
2186
2179
2165
2159
2142
2117
2112
2098
2107
2086
2077
2058
2046
2020
2006
1970
1958
1941
1924
1914
1898
1892
1866
1859
1852
1845
1835
1815
1787
1773
1744
1724
1716
1678
1672
1661
1661
1672
1685
1699
1714
1740
1748
1747
1736
1727
1714
1700
1692
1685
1679
1668
1663
1651
1639
1613
1580
1554
1519
1491
1462
1426
1417
1381
1365
1359
1359
1367
1378
1389
1409
1408
1403
1413
1418
1407
1406
1408
1428
1423
1445
1452
1441
1445
1438
1416
1412
1386
1379
1360
1356
1339
1336
1311
1285
1264
1235
1209
1177
1162
1150
1144
1139
1135
1139
1158
1165
1185
1224
1253
1289
1313
1347
1376
1411
1443
1487
1522
1565
1616
1658
1702
1762
1807
1848
1885
1914
1952
1964
1995
2008
2018
2026
2027
2052
2058
2070
2071
2071
2064
2047
2040
2029
2005
1993
1959
1939
1911
1895
1884
1865
1846
1815
1781
1743
1703
1681
1648
1626
1623
1626
1634
1648
1655
1662
1660
1667
1686
1699
1721
1744
1759
1777
1784
1813
1842
1850
1858
1850
1832
1817
1804
1790
1757
1739
1720
1715
1713
1736
1739
1742
1735
1726
1734
1747
1751
1780
1828
1878
1916
1993
2028
2082
2121
2162
2207
2233
2239
2240
2220
2186
2153
2135
2101
2084
2055
2052
2015
1981
1949
1911
1892
1865
1848
1843
1825
1830
1839
1846
1868
1915
1956
2009
2044
2083
2092
2126
2138
2152
2138
2141
2137
2101
2057
2028
2002
1979
1946
1916
1893
1860
1822
1804
1766
1743
1718
1719
1696
1698
1703
1709
1732
1743
1761
1778
1808
1825
1846
1866
1874
1890
1917
1954
1976
2001
2016
2051
2073
2094
2116
2125
2152
2166
2181
2191
2195
2206
2216
2206
2204
2203
2185
2186
2174
2169
2155
2165
2153
2136
2125
2112
2113
2093
2062
2055
2039
2026
2007
1980
1964
1959
1931
1931
1913
1906
1894
1891
1863
1871
1862
1859
1859
1860
1859
1854
1843
1845
1852
1847
1848
1835
1836
1825
1814
1796
1781
1779
1765
1754
1757
1750
1738
1732
1715
1711
1700
1707
1694
1689
1675
1659
1648
1638
1636
1629
1634
1630
1635
1632
1642
1664
1676
1694
1710
1731
1734
1766
1795
1818
1830
1851
1881
1908
1918
1926
1938
1948
1950
1960
1946
1955
1937
1907
1882
1867
1836
1813
1799
1798
1791
1799
1785
1767
1767
1763
1754
1749
1736
1738
1721
1703
1688
1668
1629
1612
1602
1590
1579
1578
1584
1586
1578
1598
1619
1645
1673
1712
1758
1808
1833
1850
1873
1895
1929
1945
1976
1990
2000
1983
1968
1957
1940
1913
1893
1860
1825
1787
1754
1729
1705
1668
1648
1636
1622
1621
1625
1624
1611
1602
1575
1570
1574
1572
1564
1561
1548
1549
1539
1555
1567
1591
1613
1643
1650
1660
1673
1666
1646
1635
1610
1581
1563
1538
1512
1481
1425
1387
1347
1327
1322
1316
1326
1333
1342
1380
1418
1467
1494
1538
1588
1638
1670
1715
1733
1756
1771
1794
1796
1790
1764
1752
1723
1688
1637
1601
1556
1524
1479
1451
1430
1421
1423
1429
1437
1446
1455
1489
1508
1552
1615
1644
1680
1715
1738
1766
1801
1828
1853
1882
1897
1904
1905
1914
1916
1906
1898
1877
1870
1850
1830
1819
1804
1794
1773
1772
1780
1768
1763
1760
1783
1797
1811
1835
1832
1834
1846
1849
1831
1836
1847
1850
1862
1881
1887
1913
1910
1927
1956
1968
1965
1975
1989
2007
2016
2031
2050
2055
2067
2093
2106
2110
2132
2147
2148
2161
2168
2168
2189
2194
2194
2201
2205
2224
2225
2232
2219
2209
2199
2196
2179
2156
2122
2095
2062
2030
1996
1968
1930
1898
1869
1841
1795
1771
1735
1717
1673
1652
1638
1617
1612
1595
1588
1580
1553
1550
1528
1527
1508
1488
1471
1453
1437
1435
1404
1401
1395
1394
1396
1401
1425
1439
1446
1465
1471
1483
1498
1515
1536
1564
1580
1607
1612
1625
1637
1623
1625
1630
1637
1632
1637
1619
1592
1591
1558
1537
1525
1513
1501
1481
1477
1449
1430
1427
1415
1409
1390
1385
1363
1342
1332
1305
1271
1245
1218
1202
1177
1159
1141
1136
1125
1115
1111
1098
1098
1076
1060
1041
1024
999
982
968
956
938
922
922
920
918
902
905
888
879
868
866
861
845
839
844
843
842
829
834
842
849
836
842
842
831
832
827
823
816
808
808
808
813
818
833
843
859
877
899
920
932
947
978
999
1014
1039
1064
1091
1114
1140
1176
1190
1207
1236
1243
1257
1270
1265
1273
1266
1275
1274
1282
1277
1284
1271
1278
1256
1241
1223
1216
1200
1197
1206
1210
1200
1198
1177
1178
1162
1154
1140
1123
1100
1074
1066
1081
1097
1102
1107
1111
1117
1121
1120
1143
1147
1166
1193
1234
1246
1271
1282
1301
1317
1323
1320
1320
1316
1290
1270
1255
1243
1229
1218
1191
1170
1164
1150
1172
1168
1194
1189
1203
1201
1207
1210
1220
1229
1257
1261
1279
1278
1269
1277
1286
1280
1266
1263
1259
1244
1245
1226
1223
1215
1210
1206
1208
1210
1201
1191
1183
1184
1179
1171
1169
1161
1178
1176
1181
1187
1198
1207
1230
1244
1254
1258
1267
1292
1323
1326
1356
1375
1384
1411
1407
1435
1447
1451
1475
1462
1459
1464
1476
1467
1491
1491
1499
1498
1479
1476
1477
1454
1461
1450
1438
1414
1399
1393
1381
1374
1370
1351
1343
1344
1327
1331
1341
1348
1370
1387
1404
1423
1440
1470
1481
1483
1495
1487
1505
1524
1528
1526
1510
1500
1496
1492
1494
1466
1450
1447
1438
1411
1386
1372
1341
1317
1303
1279
1254
1234
1213
1198
1185
1159
1144
1121
1099
1071
1048
1026
1015
993
977
954
931
914
895
848
813
767
719
672
641
601
573
545
515
496
474
457
443
436
424
415
416
415
427
427
439
452
468
482
512
532
558
573
587
612
628
633
653
671
697
711
739
752
774
788
807
825
843
856
869
880
890
906
908
922
937
951
966
975
989
995
1007
1010
1009
1025
1029
1027
1034
1031
1033
1029
1031
1014
1013
1001
995
992
994
988
985
971
963
938
932
915
901
885
860
842
824
794
768
729
698
665
632
597
570
540
519
496
474
464
453
440
428
420
410
404
408
408
413
424
432
448
465
478
502
524
552
574
603
628
659
693
721
759
780
812
840
868
873
904
933
940
959
958
968
980
985
983
990
986
994
986
990
1003
1012
1008
1021
1022
1024
1028
1027
1028
1043
1060
1065
1072
1085
1094
1105
1116
1124
1129
1138
1135
1139
1142
1144
1144
1141
1143
1141
1142
1126
1128
1121
1130
1138
1134
1132
1135
1132
1136
1144
1140
1145
1154
1155
1158
1166
1164
1150
1140
1131
1115
1117
1122
1125
1131
1131
1131
1143
1142
1138
1144
1141
1133
1145
1152
1165
1168
1170
1177
1192
1195
1203
1200
1207
1213
1221
1209
1207
1192
1190
1187
1180
1200
1194
1191
1191
1191
1195
1197
1190
1193
1187
1193
1195
1178
1179
1166
1166
1156
1165
1168
1190
1181
1190
1181
1180
1184
1190
1181
1177
1167
1165
1158
1146
1132
1122
1111
1097
1074
1057
1036
1017
1021
1017
1029
1035
1028
1031
1044
1048
1044
1061
1061
1066
1075
1083
1079
1088
1085
1094
1097
1094
1094
1097
1082
1079
1057
1053
1031
1007
990
982
963
951
943
939
930
929
923
923
917
929
917
922
929
926
930
943
942
955
955
965
973
967
950
957
934
927
922
910
908
893
879
870
866
863
864
858
852
841
839
829
812
808
794
795
774
776
771
776
769
768
761
751
746
748
738
736
734
739
735
733
733
731
729
736
734
738
730
726
724
723
719
725
724
727
720
714
706
692
687
686
677
680
675
679
683
687
687
693
684
680
680
682
682
686
672
683
683
688
682
679
679
687
686
691
692
693
696
694
685
683
671
669
668
658
658
667
670
667
662
663
653
650
642
638
635
617
602
588
581
577
577
578
570
560
543
533
513
516
508
502
494
493
488
481
476
473
465
468
477
477
478
478
481
484
491
491
488
490
493
509
513
525
533
538
534
539
539
538
538
539
532
542
535
529
528
536
543
547
543
552
547
546
543
546
539
545
534
533
533
534
525
524
526
526
521
522
516
518
514
514
513
505
502
500
503
497
500
499
493
493
486
485
481
476
476
473
469
465
449
453
450
451
451
453
455
460
463
466
460
470
467
469
472
478
479
485
485
487
487
494
492
485
477
472
465
464
462
463
451
454
450
450
446
440
442
449
443
437
442
437
436
440
436
443
443
445
442
439
437
435
431
425
421
422
419
417
416
415
414
416
413
413
411
416
408
414
407
410
411
418
418
427
429
433
432
439
445
445
448
452
444
398
234
0
-3
-2
0
0
-3
0
-5
445
422
-1
1
-2
0
0

