;UFOS3
;Measurement details: channel = Z, date = 02.06.2018, time = 09:26:38
Exposure=211
Gain=0
Temperature=22.9
Accummulate=4
1.269 mu
1.271 amas
51.864 hs
0 ozone
0 uva
0 uvb
0 uve
[Value]
0
363
363
363
362
362
363
362
395
393
409
404
400
401
413
406
405
393
407
410
403
397
425
413
419
397
427
419
412
412
432
411
408
402
429
416
421
396
426
421
403
395
430
419
418
396
428
426
412
399
421
410
401
405
429
413
400
400
426
418
417
399
422
410
409
396
440
412
411
395
428
409
403
408
433
422
411
402
419
415
414
401
435
417
410
402
430
419
400
403
430
417
406
407
428
421
399
397
436
414
399
399
418
416
409
400
426
414
407
397
422
420
408
405
428
416
408
403
424
417
410
407
438
427
415
405
419
417
409
402
416
411
411
400
431
429
407
407
422
418
418
408
424
420
408
402
426
413
400
423
420
415
400
396
438
419
416
401
430
423
402
400
424
421
419
414
429
421
425
403
426
420
415
418
422
418
405
407
430
411
409
398
426
425
411
403
444
424
415
410
418
438
406
409
428
428
415
404
434
414
415
404
423
418
411
401
427
413
416
404
429
418
399
415
422
416
410
395
419
426
418
401
434
423
413
405
422
409
407
399
427
413
408
403
428
424
411
404
431
418
421
403
425
421
412
410
433
412
418
403
425
417
411
403
428
425
411
410
437
415
403
419
429
420
416
393
423
413
416
398
419
415
404
413
430
418
410
406
448
420
411
402
422
426
414
397
428
412
411
408
418
427
411
400
420
420
410
404
429
417
418
399
425
425
416
413
429
415
414
391
427
430
421
403
433
418
411
409
422
420
405
405
423
419
408
408
428
412
421
405
435
416
412
404
425
416
420
400
435
431
406
406
423
428
404
407
427
428
413
405
436
424
405
410
427
415
406
403
435
415
426
407
432
415
427
404
449
416
416
409
422
420
419
402
424
425
414
407
431
420
412
402
420
418
410
411
424
416
410
402
422
422
410
398
428
420
411
397
423
426
413
402
435
426
419
403
438
410
417
403
428
416
412
401
421
418
422
407
430
415
413
412
420
419
409
404
426
420
419
406
422
422
404
395
449
420
403
409
428
419
415
406
418
420
407
404
425
422
418
398
432
414
411
412
420
414
416
410
424
424
422
401
432
417
411
409
425
421
408
406
431
417
416
402
426
412
417
416
428
422
423
412
425
415
416
406
429
419
411
408
423
415
415
404
431
412
416
403
436
415
421
411
430
413
406
415
422
422
410
404
423
415
415
399
438
418
411
417
428
413
414
410
423
420
416
405
419
421
415
420
426
417
416
412
424
415
418
413
423
422
413
413
422
422
423
405
423
415
407
402
424
413
416
407
423
423
425
416
430
415
410
411
431
418
417
413
433
423
412
405
428
417
416
402
424
421
417
414
422
420
411
409
432
425
411
412
426
423
409
411
427
419
413
416
437
411
422
405
422
417
421
418
441
416
415
410
424
415
414
411
425
417
410
414
440
419
407
412
429
417
424
404
432
416
413
406
435
415
406
412
425
419
430
404
429
416
413
404
430
421
410
405
425
423
403
407
426
409
427
413
427
417
412
403
426
418
409
401
429
419
410
411
425
417
416
413
438
422
416
402
428
418
416
413
439
419
415
417
431
413
408
404
426
411
418
406
425
417
421
414
435
415
417
395
419
420
414
405
422
418
419
409
417
417
413
414
422
418
413
406
431
423
418
414
429
411
416
417
423
424
418
407
430
429
412
416
430
420
425
418
423
422
421
466
432
426
432
408
434
423
421
415
429
418
415
416
431
422
423
417
434
421
425
415
435
419
428
418
432
425
418
420
435
432
427
409
436
420
415
413
447
430
428
419
437
422
423
418
433
429
419
425
437
430
426
422
442
426
433
418
437
430
429
415
440
429
432
428
436
435
434
429
457
431
429
427
440
429
426
427
440
436
435
424
455
436
441
436
443
437
444
428
454
444
452
441
450
454
445
441
455
455
449
450
465
457
452
447
470
460
474
459
479
469
465
465
475
473
470
467
482
477
478
476
483
478
469
465
489
479
475
472
484
473
472
460
487
472
480
474
493
486
483
475
490
493
495
496
510
495
494
491
508
501
505
508
521
514
511
512
535
518
523
519
539
537
533
527
540
528
530
526
537
535
532
520
541
533
526
516
534
524
528
526
541
531
536
521
540
533
533
530
553
537
553
533
558
547
549
548
559
555
556
557
573
562
581
556
585
575
594
570
598
594
596
597
620
613
598
598
619
629
615
607
624
617
635
618
632
622
627
625
635
623
636
623
637
633
640
626
640
632
633
628
643
630
640
628
638
630
643
627
644
630
631
629
638
630
619
610
629
627
637
623
640
631
633
631
643
639
637
640
663
654
656
653
668
673
667
661
675
671
676
678
690
682
698
688
715
718
736
717
737
748
749
748
777
779
792
793
823
827
828
837
856
863
875
872
898
892
894
910
922
928
927
935
939
933
943
931
941
937
949
941
958
942
929
936
945
930
934
918
934
934
942
935
956
951
952
947
970
961
967
959
981
980
985
977
998
978
998
1001
1020
1020
1025
1026
1034
1022
1030
1020
1053
1036
1056
1034
1057
1040
1043
1038
1043
1045
1054
1048
1064
1055
1075
1060
1083
1082
1088
1098
1110
1112
1122
1124
1134
1130
1126
1106
1122
1099
1111
1092
1098
1087
1080
1076
1093
1079
1086
1093
1098
1095
1103
1103
1124
1128
1165
1164
1187
1197
1212
1196
1214
1206
1217
1193
1212
1205
1192
1167
1160
1137
1124
1101
1095
1084
1068
1044
1047
1032
1031
1020
1029
1022
1026
1026
1039
1036
1047
1056
1086
1080
1104
1111
1154
1146
1190
1185
1205
1211
1227
1230
1242
1255
1259
1264
1284
1270
1307
1296
1320
1312
1342
1338
1368
1362
1373
1375
1401
1395
1409
1401
1411
1399
1386
1348
1342
1328
1321
1279
1282
1273
1262
1247
1252
1238
1245
1220
1254
1225
1249
1234
1254
1265
1275
1299
1323
1349
1384
1396
1450
1451
1467
1484
1501
1503
1507
1491
1512
1507
1525
1506
1507
1486
1496
1490
1491
1480
1482
1480
1479
1472
1474
1484
1498
1509
1521
1522
1558
1570
1572
1598
1624
1633
1654
1660
1698
1721
1743
1750
1789
1798
1829
1825
1849
1860
1877
1879
1911
1898
1926
1900
1903
1880
1873
1837
1837
1794
1773
1741
1726
1703
1676
1653
1638
1622
1611
1595
1605
1587
1604
1615
1638
1635
1674
1664
1715
1738
1739
1747
1768
1765
1792
1786
1812
1806
1812
1798
1791
1760
1765
1714
1702
1659
1637
1597
1579
1561
1539
1511
1502
1488
1492
1479
1504
1490
1499
1507
1511
1490
1502
1504
1531
1517
1550
1543
1558
1553
1582
1586
1623
1616
1642
1633
1652
1659
1665
1665
1694
1693
1715
1707
1737
1732
1745
1754
1743
1732
1756
1741
1762
1753
1743
1731
1744
1736
1735
1741
1719
1715
1715
1695
1711
1699
1722
1711
1719
1706
1722
1721
1734
1714
1735
1726
1725
1747
1763
1765
1790
1806
1826
1833
1872
1885
1914
1933
1964
1983
2007
2009
2034
2045
2062
2062
2065
2064
2059
2030
2040
2041
2055
2054
2055
2066
2074
2073
2100
2091
2109
2109
2130
2133
2162
2159
2161
2173
2177
2179
2192
2191
2201
2173
2197
2188
2164
2163
2164
2132
2140
2128
2140
2129
2139
2133
2161
2167
2202
2209
2223
2227
2227
2216
2224
2228
2231
2227
2251
2244
2261
2251
2276
2254
2267
2234
2258
2246
2254
2256
2301
2293
2312
2340
2354
2378
2410
2425
2436
2469
2495
2536
2570
2598
2640
2642
2680
2702
2745
2744
2770
2768
2774
2750
2747
2718
2705
2693
2692
2687
2689
2670
2675
2663
2684
2692
2691
2673
2693
2688
2669
2643
2633
2605
2587
2573
2559
2521
2507
2442
2427
2401
2375
2352
2346
2351
2338
2324
2310
2279
2243
2211
2195
2150
2140
2118
2124
2118
2098
2107
2109
2105
2130
2125
2156
2175
2213
2234
2254
2280
2300
2312
2330
2319
2337
2326
2314
2298
2299
2270
2267
2247
2254
2230
2218
2205
2199
2178
2165
2177
2175
2155
2157
2146
2164
2158
2188
2192
2213
2205
2187
2198
2188
2174
2164
2152
2147
2118
2113
2093
2072
2077
2062
2056
2063
2045
2044
2022
2020
2013
2029
2001
2024
2004
2028
2038
2038
2069
2083
2105
2134
2170
2187
2189
2201
2209
2234
2226
2229
2215
2207
2207
2196
2193
2206
2208
2224
2211
2218
2214
2229
2212
2232
2237
2235
2251
2271
2281
2319
2312
2325
2325
2322
2322
2321
2295
2266
2227
2193
2131
2116
2070
2040
2031
2004
1997
1990
1973
1984
1965
1991
1993
2009
2004
2031
2035
2061
2080
2108
2118
2135
2131
2161
2142
2153
2117
2098
2073
2060
2022
1997
1987
1972
1962
1992
1997
2026
2041
2095
2136
2172
2213
2256
2297
2317
2347
2358
2358
2386
2374
2405
2419
2428
2435
2433
2425
2439
2437
2431
2421
2422
2419
2430
2445
2464
2478
2487
2495
2531
2567
2586
2613
2642
2634
2655
2640
2636
2614
2600
2587
2553
2524
2494
2475
2453
2424
2425
2400
2417
2432
2449
2462
2485
2497
2509
2529
2572
2615
2672
2692
2756
2762
2803
2834
2853
2844
2871
2839
2840
2826
2834
2822
2798
2768
2758
2722
2706
2685
2670
2623
2617
2569
2554
2539
2541
2538
2533
2512
2486
2494
2476
2457
2442
2401
2396
2373
2375
2353
2376
2351
2347
2334
2342
2331
2348
2351
2358
2361
2372
2382
2397
2410
2423
2438
2455
2477
2458
2459
2458
2461
2456
2452
2437
2440
2433
2401
2403
2364
2366
2351
2359
2364
2363
2356
2389
2374
2388
2382
2394
2392
2372
2363
2362
2358
2369
2359
2374
2377
2364
2332
2332
2324
2302
2270
2253
2237
2189
2130
2130
2072
2030
1995
1957
1935
1889
1840
1822
1785
1781
1731
1748
1712
1721
1730
1707
1731
1759
1763
1793
1842
1882
1913
1971
2005
2043
2070
2093
2116
2135
2158
2172
2180
2229
2222
2270
2254
2278
2270
2293
2282
2295
2285
2296
2281
2262
2236
2218
2209
2216
2171
2190
2163
2162
2134
2142
2132
2139
2127
2141
2120
2143
2134
2147
2151
2175
2180
2211
2224
2250
2270
2300
2326
2344
2366
2384
2389
2394
2394
2392
2394
2392
2386
2387
2371
2375
2332
2353
2307
2290
2263
2267
2254
2252
2254
2246
2234
2243
2234
2251
2255
2261
2253
2269
2257
2283
2272
2280
2294
2302
2304
2324
2337
2323
2350
2367
2384
2393
2382
2415
2408
2400
2382
2382
2373
2367
2378
2379
2373
2376
2364
2382
2396
2413
2408
2413
2384
2367
2336
2324
2291
2296
2295
2298
2321
2365
2366
2402
2414
2449
2469
2512
2540
2560
2591
2632
2671
2712
2731
2767
2804
2826
2854
2889
2894
2907
2872
2889
2856
2835
2818
2805
2779
2784
2755
2766
2747
2757
2715
2706
2667
2644
2626
2620
2589
2578
2578
2582
2568
2572
2566
2599
2591
2640
2641
2686
2663
2701
2695
2715
2731
2746
2739
2762
2745
2735
2686
2650
2590
2532
2480
2429
2370
2329
2295
2295
2278
2279
2279
2294
2300
2320
2325
2363
2380
2406
2402
2424
2433
2449
2469
2515
2531
2573
2568
2617
2587
2614
2601
2605
2584
2557
2549
2536
2546
2539
2533
2553
2546
2565
2550
2583
2576
2588
2577
2600
2605
2622
2637
2656
2667
2684
2703
2722
2705
2701
2673
2671
2649
2647
2622
2638
2618
2599
2578
2568
2541
2533
2488
2479
2455
2435
2432
2422
2399
2381
2374
2367
2362
2347
2322
2312
2289
2254
2227
2216
2192
2188
2178
2175
2170
2179
2199
2230
2247
2284
2249
2260
2228
2228
2203
2194
2198
2183
2179
2166
2155
2150
2110
2088
2056
2023
1978
1957
1923
1893
1872
1853
1837
1845
1851
1888
1876
1899
1881
1894
1914
1893
1888
1906
1900
1917
1911
1953
1950
1944
1944
1948
1910
1896
1862
1881
1861
1838
1819
1824
1810
1768
1742
1720
1686
1656
1629
1636
1610
1628
1612
1622
1630
1646
1664
1716
1733
1767
1793
1853
1872
1912
1926
1984
2026
2066
2108
2167
2206
2255
2304
2369
2393
2428
2468
2494
2522
2517
2534
2556
2558
2563
2579
2604
2582
2597
2576
2576
2556
2553
2526
2518
2479
2454
2428
2410
2389
2382
2345
2327
2290
2253
2207
2192
2157
2134
2128
2141
2129
2157
2149
2171
2160
2180
2185
2216
2231
2251
2260
2292
2298
2332
2338
2373
2377
2371
2333
2333
2309
2295
2264
2265
2243
2222
2226
2242
2240
2246
2250
2248
2241
2250
2257
2295
2343
2396
2437
2508
2553
2605
2648
2704
2748
2754
2768
2771
2746
2729
2690
2664
2631
2604
2576
2578
2541
2507
2445
2447
2410
2380
2349
2358
2335
2330
2337
2358
2383
2427
2455
2538
2555
2599
2607
2671
2659
2682
2655
2673
2655
2617
2576
2563
2525
2509
2456
2447
2410
2379
2331
2322
2281
2244
2233
2230
2206
2202
2200
2230
2238
2247
2264
2305
2316
2344
2346
2389
2395
2410
2414
2463
2500
2531
2533
2572
2595
2627
2646
2662
2682
2695
2705
2734
2724
2732
2724
2753
2740
2736
2713
2716
2696
2703
2677
2687
2672
2661
2653
2651
2633
2619
2585
2596
2570
2557
2511
2514
2481
2470
2448
2445
2438
2421
2404
2421
2390
2380
2357
2376
2377
2364
2364
2378
2363
2369
2346
2363
2365
2364
2349
2347
2322
2303
2289
2282
2281
2272
2261
2258
2247
2227
2221
2227
2204
2209
2188
2196
2183
2160
2141
2150
2127
2137
2124
2148
2124
2137
2139
2189
2189
2199
2216
2234
2251
2277
2289
2323
2340
2358
2392
2427
2432
2438
2454
2468
2468
2463
2460
2470
2447
2415
2396
2387
2351
2326
2304
2317
2301
2314
2284
2289
2262
2275
2252
2275
2243
2243
2215
2216
2202
2161
2121
2125
2107
2099
2067
2088
2077
2085
2070
2112
2122
2161
2177
2227
2276
2315
2336
2374
2389
2419
2429
2480
2505
2492
2500
2506
2487
2473
2441
2454
2418
2379
2331
2309
2274
2228
2202
2175
2166
2135
2117
2133
2133
2115
2097
2117
2073
2066
2057
2086
2069
2061
2047
2064
2035
2050
2047
2099
2103
2148
2153
2183
2180
2183
2151
2144
2107
2083
2051
2054
2012
1969
1910
1892
1841
1806
1803
1808
1817
1814
1820
1884
1914
1950
1982
2050
2101
2133
2164
2223
2241
2264
2276
2320
2309
2291
2267
2276
2237
2187
2134
2114
2044
2013
1971
1952
1926
1916
1918
1929
1929
1927
1949
1984
2007
2051
2094
2146
2183
2223
2238
2289
2317
2332
2356
2404
2411
2405
2402
2438
2445
2426
2406
2414
2384
2371
2329
2330
2312
2307
2278
2281
2297
2284
2266
2293
2294
2311
2310
2372
2346
2349
2345
2359
2360
2358
2342
2385
2376
2383
2393
2435
2442
2453
2453
2490
2480
2494
2496
2532
2523
2546
2567
2588
2585
2608
2613
2648
2669
2652
2663
2702
2717
2704
2717
2747
2727
2734
2739
2759
2769
2770
2740
2753
2732
2721
2697
2693
2645
2627
2583
2577
2513
2472
2452
2416
2388
2349
2293
2295
2246
2207
2185
2174
2141
2126
2101
2107
2102
2075
2045
2059
2022
2019
2008
1995
1967
1940
1933
1952
1905
1906
1887
1901
1897
1898
1908
1942
1950
1956
1965
1995
1998
2008
2023
2070
2089
2103
2119
2143
2148
2132
2122
2150
2158
2127
2146
2135
2103
2100
2066
2058
2026
2008
1988
2006
1967
1943
1919
1933
1914
1917
1872
1883
1859
1829
1793
1802
1781
1749
1712
1715
1662
1641
1610
1629
1600
1598
1578
1578
1572
1552
1533
1531
1498
1477
1450
1457
1423
1404
1382
1412
1389
1384
1364
1374
1362
1354
1326
1353
1330
1309
1294
1315
1297
1297
1296
1315
1305
1306
1299
1316
1293
1295
1285
1309
1287
1269
1253
1277
1275
1275
1267
1307
1323
1310
1329
1383
1394
1405
1419
1448
1475
1476
1503
1549
1567
1582
1611
1668
1683
1709
1725
1754
1748
1753
1738
1777
1769
1753
1759
1779
1764
1772
1764
1790
1755
1728
1709
1708
1698
1683
1698
1705
1689
1683
1669
1675
1650
1636
1636
1621
1589
1546
1529
1566
1580
1575
1583
1603
1609
1609
1596
1632
1645
1653
1670
1716
1736
1755
1773
1806
1841
1816
1811
1811
1805
1792
1770
1769
1730
1713
1685
1683
1665
1646
1636
1677
1675
1675
1663
1698
1685
1687
1695
1718
1721
1744
1753
1778
1766
1757
1762
1785
1792
1763
1756
1760
1742
1737
1708
1722
1711
1695
1702
1713
1683
1689
1674
1677
1670
1661
1649
1671
1653
1659
1655
1680
1680
1693
1689
1729
1730
1750
1741
1761
1786
1811
1811
1862
1872
1891
1896
1925
1945
1947
1949
1984
1971
1971
1955
1995
1985
1982
1986
2018
2018
2001
1971
1996
1964
1973
1953
1964
1909
1930
1884
1890
1884
1871
1850
1853
1842
1824
1824
1840
1836
1870
1879
1925
1927
1945
1965
2005
1985
2006
1992
2036
2029
2036
2029
2037
2018
2005
1997
2020
1976
1957
1948
1946
1908
1888
1864
1864
1821
1802
1769
1770
1740
1714
1689
1680
1660
1623
1600
1578
1543
1539
1514
1510
1478
1452
1432
1424
1391
1362
1314
1299
1235
1191
1131
1108
1068
1028
995
980
944
931
900
899
877
861
864
864
857
860
863
888
892
915
921
961
990
1006
1029
1056
1059
1083
1090
1120
1130
1146
1166
1207
1222
1234
1249
1283
1287
1315
1317
1351
1349
1360
1364
1393
1402
1414
1424
1462
1453
1468
1478
1508
1504
1501
1505
1523
1514
1525
1514
1533
1514
1522
1505
1513
1491
1489
1482
1478
1473
1467
1444
1452
1426
1405
1388
1392
1355
1325
1308
1305
1268
1238
1185
1179
1138
1096
1046
1043
995
979
942
939
911
914
876
879
882
848
844
857
851
850
861
885
887
915
922
959
983
997
1017
1071
1093
1115
1138
1198
1229
1252
1270
1325
1340
1348
1373
1419
1425
1434
1434
1473
1475
1460
1454
1472
1475
1477
1455
1483
1492
1490
1492
1512
1508
1507
1508
1542
1508
1534
1534
1571
1559
1583
1572
1603
1612
1620
1623
1640
1627
1618
1631
1640
1646
1640
1643
1639
1623
1627
1615
1625
1622
1622
1608
1640
1633
1631
1629
1645
1637
1653
1638
1658
1656
1669
1657
1649
1628
1638
1620
1623
1620
1623
1625
1633
1645
1637
1634
1655
1646
1644
1629
1661
1672
1664
1664
1688
1685
1699
1693
1718
1700
1713
1732
1730
1729
1706
1689
1706
1702
1697
1678
1701
1691
1701
1695
1723
1712
1695
1692
1708
1698
1697
1678
1700
1678
1660
1665
1682
1680
1689
1686
1711
1677
1691
1680
1702
1684
1688
1668
1688
1668
1649
1619
1631
1615
1595
1554
1574
1533
1511
1509
1540
1529
1544
1519
1535
1538
1540
1548
1575
1559
1558
1558
1591
1586
1586
1574
1590
1598
1602
1589
1624
1587
1586
1557
1572
1528
1509
1473
1482
1461
1438
1430
1447
1434
1421
1403
1415
1418
1416
1398
1429
1414
1420
1427
1447
1431
1443
1451
1463
1468
1469
1435
1477
1433
1419
1405
1418
1404
1385
1363
1371
1360
1349
1354
1356
1327
1326
1313
1326
1298
1294
1269
1288
1261
1261
1242
1263
1278
1247
1235
1239
1221
1234
1218
1230
1224
1217
1203
1223
1215
1202
1202
1222
1227
1218
1207
1204
1209
1202
1195
1209
1201
1216
1195
1201
1186
1160
1159
1178
1157
1153
1152
1164
1172
1157
1155
1169
1169
1161
1148
1173
1152
1159
1140
1160
1165
1165
1161
1166
1159
1169
1161
1180
1167
1174
1171
1186
1172
1144
1149
1152
1138
1137
1128
1158
1143
1139
1118
1152
1129
1129
1108
1120
1098
1088
1067
1074
1049
1055
1047
1060
1035
1035
999
1001
978
980
958
974
968
948
934
959
938
931
914
939
942
930
933
949
938
932
947
958
954
965
947
985
996
990
994
1011
1002
994
999
1028
1003
1000
994
1017
1008
992
988
1019
1010
1023
1013
1034
1024
1014
1009
1029
1019
1021
1003
1028
1009
1006
992
1007
1001
999
975
998
984
980
981
992
976
985
966
984
969
963
963
978
959
957
947
976
950
936
945
951
941
923
898
929
911
911
918
934
930
914
921
946
924
931
930
945
934
941
938
959
949
951
958
974
952
953
930
950
937
936
917
929
912
913
904
922
916
900
898
928
902
895
898
910
897
900
899
903
913
907
911
917
906
893
877
883
883
889
880
892
877
879
859
887
869
875
861
894
873
861
867
885
873
893
883
902
893
894
881
918
913
924
910
913
903
855
677
362
362
361
360
362
362
361
364
922
876
360
364
365
0
0

