;UFOS3
;Measurement details: channel = S, date = 02.06.2018, time = 09:57:18
Exposure=156
Gain=0
Temperature=23.9
Accummulate=4
1.263 mu
1.265 amas
52.19 hs
0 ozone
0 uva
0 uvb
0 uve
[Value]
0
368
364
366
366
364
366
367
391
393
403
397
395
398
404
398
403
390
401
403
401
396
414
408
413
398
419
411
411
406
419
403
408
400
419
407
416
397
417
414
401
397
418
411
414
397
415
416
409
398
410
404
400
402
420
407
400
399
416
409
413
396
415
405
407
396
428
406
409
394
416
402
403
407
420
415
411
401
412
407
412
402
422
411
408
401
420
411
399
403
417
409
404
406
418
411
399
397
424
404
399
400
408
405
407
399
418
408
405
398
415
413
406
400
418
408
406
401
416
408
407
405
423
420
414
402
409
408
406
403
409
403
408
398
421
418
404
407
414
411
415
405
414
412
406
402
415
405
402
418
413
408
401
397
423
411
412
395
417
417
398
398
414
412
411
408
420
411
420
402
416
415
410
408
415
411
406
405
418
403
405
395
418
414
408
404
427
413
412
405
408
424
405
405
419
419
409
402
423
407
408
399
414
408
410
401
418
405
412
402
419
409
401
409
412
408
409
394
409
416
414
397
420
413
410
402
416
405
406
396
416
405
407
401
415
417
408
403
421
409
415
401
415
412
407
406
422
404
409
402
413
408
412
400
414
414
405
408
426
406
403
412
417
412
416
395
413
405
415
395
409
408
404
407
419
410
409
399
433
408
411
399
410
415
409
396
415
404
410
404
409
415
411
398
413
416
409
400
418
407
412
396
415
416
413
409
416
405
407
393
418
423
415
400
420
410
407
402
413
413
404
404
412
413
406
401
417
406
418
403
418
407
407
403
414
409
414
397
420
419
404
407
413
418
405
404
416
418
410
403
423
413
403
404
416
409
407
402
422
405
423
403
421
407
422
400
437
410
413
407
411
413
416
399
415
416
407
403
419
413
410
401
411
406
406
407
414
411
409
400
412
413
408
397
418
412
408
396
413
414
410
402
422
412
412
401
421
402
416
399
418
411
408
397
413
411
417
405
419
408
409
407
408
409
408
401
415
412
413
404
413
414
402
394
438
413
403
404
415
411
410
405
409
410
405
402
411
414
413
395
419
409
408
406
413
408
411
406
415
415
418
401
421
409
408
403
416
413
407
400
420
408
410
400
416
406
412
406
418
411
417
408
415
408
410
403
418
406
408
407
415
406
409
403
421
403
414
399
430
406
416
408
420
405
402
412
410
416
407
402
413
406
410
399
426
411
405
407
415
407
410
405
413
413
416
402
412
412
411
411
414
407
411
408
412
407
413
405
412
410
409
408
413
412
417
401
412
408
408
400
414
406
411
404
414
413
417
413
419
409
407
407
418
409
413
408
422
412
409
406
417
410
413
398
415
412
413
406
410
413
404
406
418
414
408
407
416
414
410
406
415
409
407
408
428
406
417
402
412
408
418
412
431
410
412
404
415
408
410
406
415
407
409
405
428
413
406
408
417
409
420
401
419
409
408
403
422
410
403
406
415
410
424
403
418
413
412
402
422
410
406
403
414
415
400
403
418
403
417
407
417
411
409
402
419
409
409
399
420
413
408
408
417
409
411
409
425
416
410
400
418
412
412
408
426
411
411
409
420
406
409
402
414
405
417
402
413
407
415
409
424
410
412
393
412
414
410
406
415
408
412
403
408
410
413
410
414
412
411
403
423
413
413
409
417
405
409
412
411
417
417
401
420
421
410
409
419
411
417
410
417
411
416
449
421
416
424
405
423
410
412
407
417
408
412
410
421
414
412
409
422
412
415
408
422
409
421
411
419
411
414
410
425
420
420
405
422
406
409
409
430
419
423
411
423
412
416
411
421
414
411
414
422
413
420
411
424
412
424
407
421
418
416
403
422
413
419
416
420
417
423
414
432
416
414
417
426
415
416
416
426
423
426
416
441
423
430
426
429
423
431
417
437
428
434
427
429
437
427
421
426
430
429
427
434
427
426
417
435
426
437
424
436
428
427
426
429
426
431
428
440
432
436
434
438
434
431
426
446
437
439
438
443
436
437
427
446
439
441
434
448
440
440
433
443
441
448
442
450
438
439
433
443
437
438
439
449
439
441
438
452
438
445
440
450
447
449
442
450
438
448
441
448
453
450
443
462
455
454
448
457
455
460
457
465
456
463
456
465
457
461
460
473
459
474
454
472
466
466
459
471
466
470
462
477
467
475
458
477
464
483
462
477
470
476
473
485
478
472
468
482
484
480
471
484
477
487
477
486
478
476
475
482
469
485
475
482
478
484
471
481
474
477
475
482
475
486
478
487
474
487
478
486
479
485
480
492
491
488
477
499
497
510
494
513
513
518
513
527
522
526
530
543
542
550
548
562
571
567
557
567
566
570
570
573
567
578
566
581
577
585
561
571
575
569
557
563
559
560
555
566
561
562
559
568
565
579
570
583
576
578
585
588
593
596
596
600
596
609
598
610
612
620
618
630
618
617
622
632
622
623
612
623
620
625
617
623
622
619
616
627
623
623
617
634
626
630
625
635
621
636
632
645
646
650
650
651
642
645
636
656
636
651
633
646
638
637
628
636
632
641
630
644
638
650
632
645
646
653
657
661
662
673
664
675
682
682
666
682
664
680
657
663
656
653
645
645
631
634
636
631
623
624
618
628
624
633
628
634
636
652
637
649
648
671
658
679
686
686
691
700
705
710
715
729
730
738
732
746
748
765
760
774
767
780
779
792
783
796
790
806
789
800
790
800
779
791
775
778
766
757
751
739
733
732
725
721
713
731
712
713
707
722
715
738
733
743
743
764
772
786
790
819
823
830
820
838
829
844
836
841
840
834
831
847
840
847
825
853
834
850
827
835
833
837
843
837
844
858
859
889
874
894
890
906
913
929
929
948
953
979
974
990
988
1010
1005
1017
1024
1027
1030
1041
1033
1038
1034
1038
1029
1020
1013
1000
990
974
972
969
959
948
933
940
934
937
929
941
939
942
942
956
958
969
970
994
986
1021
999
1005
1003
1014
997
1016
1013
1004
995
994
989
973
967
959
946
942
921
930
906
903
896
900
891
900
888
907
909
911
906
914
905
926
922
943
943
954
955
957
952
971
956
969
962
967
968
968
974
980
978
984
989
999
991
1020
1020
1023
1027
1040
1042
1048
1054
1064
1057
1070
1062
1061
1052
1055
1044
1063
1034
1043
1028
1044
1032
1037
1028
1049
1038
1042
1035
1048
1045
1047
1049
1059
1056
1078
1078
1101
1101
1111
1116
1142
1150
1170
1190
1204
1215
1220
1229
1255
1262
1282
1281
1300
1291
1295
1302
1310
1300
1317
1313
1313
1308
1303
1294
1304
1302
1305
1289
1309
1304
1303
1294
1299
1295
1305
1299
1307
1312
1313
1306
1306
1295
1302
1279
1277
1277
1286
1272
1271
1277
1274
1268
1291
1276
1286
1288
1295
1293
1311
1309
1319
1327
1328
1334
1332
1336
1352
1322
1337
1318
1306
1307
1320
1304
1326
1330
1341
1347
1364
1372
1407
1430
1449
1469
1498
1521
1542
1557
1581
1608
1632
1648
1691
1696
1727
1737
1764
1757
1773
1761
1784
1772
1791
1805
1828
1814
1820
1826
1805
1801
1792
1779
1776
1776
1774
1754
1731
1713
1698
1662
1653
1624
1626
1597
1587
1559
1541
1515
1514
1482
1485
1462
1464
1443
1451
1438
1445
1451
1471
1464
1486
1477
1503
1507
1506
1506
1513
1512
1534
1539
1538
1537
1548
1524
1545
1530
1536
1532
1520
1509
1503
1487
1474
1462
1446
1425
1421
1388
1376
1361
1360
1357
1349
1345
1354
1343
1356
1346
1372
1376
1401
1411
1430
1445
1468
1466
1473
1464
1478
1455
1443
1429
1424
1401
1399
1382
1376
1369
1363
1363
1356
1341
1331
1328
1334
1327
1325
1323
1323
1320
1345
1341
1381
1380
1391
1410
1434
1438
1450
1465
1481
1478
1489
1486
1480
1469
1467
1462
1471
1468
1475
1481
1487
1476
1488
1471
1497
1491
1505
1506
1512
1513
1533
1535
1553
1581
1590
1585
1597
1583
1584
1541
1536
1502
1478
1448
1425
1393
1389
1377
1365
1357
1358
1338
1361
1340
1358
1352
1363
1360
1379
1404
1423
1415
1427
1423
1435
1431
1439
1429
1429
1405
1402
1374
1376
1365
1349
1362
1359
1364
1383
1401
1435
1444
1489
1505
1543
1544
1578
1582
1601
1591
1605
1614
1619
1615
1640
1634
1634
1624
1624
1618
1631
1607
1600
1603
1602
1597
1633
1628
1646
1646
1672
1698
1716
1729
1766
1778
1784
1784
1797
1786
1799
1780
1780
1766
1750
1744
1747
1725
1735
1726
1732
1731
1740
1749
1751
1743
1752
1754
1770
1771
1815
1831
1851
1875
1899
1906
1924
1927
1937
1930
1926
1918
1911
1898
1879
1861
1841
1803
1799
1760
1764
1747
1740
1716
1715
1708
1711
1701
1712
1709
1734
1708
1728
1707
1701
1683
1670
1664
1649
1638
1644
1633
1643
1632
1630
1617
1636
1637
1635
1631
1646
1643
1671
1661
1677
1683
1698
1693
1701
1692
1700
1704
1695
1694
1696
1691
1683
1674
1665
1640
1644
1630
1640
1631
1645
1637
1646
1649
1662
1669
1676
1675
1659
1659
1652
1649
1656
1657
1652
1660
1657
1641
1642
1625
1616
1610
1593
1568
1561
1527
1517
1488
1466
1450
1431
1404
1401
1348
1330
1301
1296
1280
1259
1256
1260
1244
1253
1237
1258
1264
1273
1276
1309
1338
1366
1384
1425
1443
1456
1456
1488
1483
1490
1495
1502
1509
1528
1527
1543
1539
1559
1543
1558
1545
1543
1551
1544
1541
1545
1525
1534
1527
1524
1510
1525
1509
1511
1499
1497
1502
1511
1505
1513
1512
1520
1516
1535
1530
1551
1554
1580
1586
1611
1631
1658
1665
1686
1696
1704
1705
1716
1700
1700
1701
1699
1684
1698
1662
1667
1628
1631
1603
1609
1583
1590
1569
1573
1559
1566
1557
1568
1576
1594
1596
1608
1614
1633
1651
1659
1666
1703
1705
1710
1722
1746
1737
1750
1757
1786
1766
1783
1780
1781
1780
1775
1771
1770
1767
1761
1741
1732
1726
1718
1701
1701
1682
1680
1659
1644
1632
1622
1602
1601
1599
1609
1628
1652
1684
1702
1717
1756
1769
1794
1803
1842
1853
1869
1898
1934
1954
1981
2001
2039
2058
2096
2100
2131
2117
2112
2098
2096
2085
2072
2042
2045
2004
1998
1986
1981
1948
1933
1913
1907
1887
1873
1854
1851
1843
1845
1837
1837
1837
1843
1846
1871
1870
1892
1896
1920
1902
1891
1884
1890
1884
1907
1899
1904
1902
1913
1887
1877
1827
1804
1772
1747
1713
1689
1684
1685
1672
1671
1662
1686
1684
1709
1710
1745
1737
1763
1778
1791
1822
1849
1862
1896
1906
1924
1921
1936
1929
1915
1909
1891
1883
1884
1888
1911
1916
1927
1922
1939
1945
1956
1963
1970
1967
1978
1958
1960
1963
1960
1951
1970
1955
1980
1950
1972
1944
1934
1926
1916
1907
1919
1908
1907
1906
1881
1881
1884
1881
1875
1860
1877
1863
1859
1846
1835
1839
1839
1851
1871
1868
1871
1854
1860
1841
1837
1819
1822
1802
1808
1775
1789
1779
1781
1774
1783
1772
1784
1763
1758
1725
1715
1707
1684
1670
1649
1644
1644
1629
1607
1580
1558
1531
1501
1463
1444
1413
1403
1397
1384
1376
1393
1405
1419
1435
1466
1443
1477
1481
1505
1499
1525
1557
1580
1598
1617
1613
1628
1607
1601
1584
1563
1537
1527
1511
1505
1493
1474
1449
1425
1398
1385
1354
1342
1311
1310
1318
1301
1289
1304
1295
1318
1327
1368
1381
1415
1443
1474
1492
1528
1548
1618
1633
1686
1704
1753
1793
1829
1871
1900
1925
1953
1978
2006
2011
2054
2056
2072
2093
2106
2126
2134
2136
2129
2133
2145
2125
2117
2097
2087
2063
2058
2043
2038
2024
2018
1997
1990
1951
1916
1899
1868
1846
1822
1817
1826
1811
1817
1807
1823
1807
1806
1823
1838
1833
1859
1862
1875
1882
1907
1932
1945
1947
1939
1915
1910
1884
1870
1851
1855
1841
1837
1858
1866
1876
1901
1895
1910
1911
1931
1942
1985
2022
2064
2112
2182
2234
2287
2322
2359
2377
2394
2393
2391
2370
2336
2306
2293
2283
2242
2216
2206
2173
2155
2120
2091
2061
2042
2011
2002
1990
1991
1989
2005
2028
2060
2084
2142
2181
2204
2222
2248
2252
2274
2283
2294
2291
2280
2251
2260
2250
2249
2230
2239
2222
2192
2155
2143
2115
2100
2080
2066
2052
2060
2049
2058
2052
2072
2062
2111
2096
2134
2138
2156
2156
2153
2131
2151
2157
2188
2172
2205
2214
2235
2238
2267
2263
2288
2290
2305
2299
2328
2317
2351
2368
2382
2376
2398
2390
2387
2378
2389
2348
2335
2329
2320
2307
2304
2266
2271
2252
2242
2221
2206
2216
2212
2208
2237
2227
2227
2224
2246
2230
2241
2230
2251
2248
2250
2236
2250
2247
2242
2246
2254
2245
2231
2189
2178
2148
2138
2113
2103
2068
2059
2040
2031
2011
1984
1974
1976
1949
1945
1933
1928
1924
1914
1909
1928
1925
1948
1937
1948
1953
1966
1979
2010
2022
2034
2049
2070
2083
2081
2109
2137
2136
2155
2168
2191
2201
2208
2210
2235
2234
2226
2229
2232
2228
2237
2226
2246
2239
2266
2254
2295
2292
2302
2296
2295
2291
2277
2257
2255
2231
2217
2189
2179
2131
2108
2074
2050
2010
2008
1977
1976
1957
1943
1933
1951
1943
1950
1954
2004
2028
2081
2081
2121
2124
2185
2221
2283
2299
2339
2365
2379
2371
2355
2323
2318
2276
2251
2189
2177
2125
2081
2033
2023
1981
1983
1960
1965
1965
1994
1980
1976
1965
1975
1991
2030
2084
2105
2137
2178
2209
2231
2244
2283
2275
2277
2266
2251
2232
2200
2166
2124
2080
2043
2008
1984
1939
1897
1845
1812
1749
1719
1681
1679
1648
1641
1640
1658
1651
1683
1710
1760
1793
1868
1908
1962
2006
2039
2052
2066
2085
2076
2070
2072
2047
2005
1925
1887
1821
1774
1755
1736
1731
1738
1732
1788
1805
1845
1878
1958
2002
2066
2127
2200
2269
2338
2383
2447
2480
2498
2517
2555
2534
2522
2508
2512
2478
2454
2437
2421
2376
2341
2304
2275
2224
2184
2159
2137
2121
2129
2118
2126
2125
2126
2109
2112
2111
2118
2114
2122
2128
2128
2124
2166
2196
2201
2214
2247
2248
2270
2285
2318
2350
2372
2382
2422
2453
2460
2453
2470
2476
2495
2505
2561
2570
2580
2587
2620
2608
2630
2623
2654
2652
2669
2668
2720
2710
2704
2690
2682
2649
2633
2588
2579
2546
2508
2486
2459
2398
2374
2322
2303
2278
2251
2216
2208
2180
2138
2126
2106
2073
2060
2043
2050
2045
2036
2004
2001
1974
1959
1940
1933
1893
1870
1857
1862
1839
1838
1828
1848
1847
1857
1862
1912
1918
1934
1953
1987
2004
2028
2039
2067
2088
2080
2097
2128
2131
2145
2142
2152
2156
2147
2152
2176
2145
2149
2116
2119
2079
2074
2056
2040
2016
1974
1944
1922
1891
1872
1844
1838
1821
1796
1768
1749
1714
1675
1624
1625
1620
1592
1591
1583
1568
1571
1545
1540
1525
1508
1486
1485
1449
1440
1407
1409
1404
1405
1379
1407
1402
1401
1383
1397
1382
1368
1341
1352
1327
1310
1302
1315
1308
1302
1298
1302
1306
1312
1312
1309
1303
1296
1279
1297
1280
1276
1259
1277
1272
1289
1297
1321
1339
1379
1386
1439
1453
1472
1496
1542
1559
1586
1615
1663
1695
1733
1760
1798
1819
1838
1853
1881
1865
1874
1869
1889
1887
1895
1883
1897
1901
1879
1874
1887
1881
1870
1835
1832
1818
1792
1785
1788
1765
1746
1729
1734
1700
1670
1648
1644
1622
1627
1619
1650
1654
1664
1683
1713
1716
1752
1754
1795
1791
1802
1804
1835
1850
1875
1912
1952
1954
1958
1938
1939
1925
1895
1885
1856
1816
1771
1751
1775
1794
1794
1789
1812
1809
1806
1798
1815
1802
1808
1804
1837
1842
1863
1889
1901
1923
1912
1897
1902
1891
1888
1864
1867
1850
1848
1833
1827
1810
1786
1775
1799
1794
1803
1785
1799
1773
1771
1754
1781
1791
1823
1843
1869
1874
1886
1891
1924
1946
1952
1972
2010
2043
2077
2085
2119
2128
2146
2187
2217
2211
2237
2225
2227
2229
2228
2201
2221
2209
2218
2205
2207
2181
2189
2169
2176
2158
2147
2111
2090
2073
2062
2054
2066
2061
2059
2069
2078
2071
2066
2066
2081
2082
2099
2101
2148
2166
2198
2215
2254
2263
2279
2280
2297
2287
2308
2301
2312
2276
2294
2265
2251
2235
2217
2161
2130
2105
2052
2016
2005
1978
1973
1964
1956
1935
1920
1909
1905
1859
1847
1825
1826
1782
1767
1732
1709
1679
1650
1616
1608
1542
1506
1462
1433
1377
1332
1276
1238
1178
1140
1092
1075
1026
1005
970
956
948
929
922
929
918
942
958
983
993
1031
1051
1098
1120
1159
1174
1212
1212
1233
1236
1262
1277
1304
1324
1353
1386
1425
1437
1471
1491
1517
1540
1570
1564
1586
1614
1646
1653
1670
1670
1704
1718
1735
1724
1738
1720
1721
1697
1702
1695
1697
1696
1723
1719
1716
1712
1728
1729
1727
1718
1720
1702
1688
1664
1662
1646
1614
1589
1568
1537
1520
1472
1470
1423
1386
1354
1332
1275
1243
1194
1171
1116
1086
1043
1027
996
989
971
962
948
941
940
948
942
956
964
997
1017
1041
1077
1120
1151
1183
1197
1242
1264
1295
1310
1367
1388
1432
1473
1526
1548
1600
1625
1654
1681
1694
1701
1732
1752
1761
1775
1798
1787
1806
1805
1816
1813
1802
1799
1820
1814
1822
1823
1855
1856
1861
1875
1896
1902
1900
1918
1931
1918
1934
1918
1936
1929
1917
1904
1914
1878
1876
1848
1860
1874
1877
1876
1887
1888
1878
1887
1908
1881
1908
1916
1950
1961
1977
1957
1968
1962
1974
1967
1970
1945
1950
1961
1948
1952
1954
1952
1949
1937
1946
1937
1938
1940
1947
1936
1958
1954
1978
1988
1997
2000
2029
2023
2037
2030
2036
2038
2021
2000
2000
1985
1993
1997
2007
2024
2040
2036
2040
2041
2060
2051
2045
2027
2047
2047
2040
2033
2038
2036
2035
2042
2055
2031
2035
2044
2042
2044
2027
2004
2013
1996
1972
1965
1958
1936
1933
1920
1934
1896
1881
1863
1863
1839
1841
1808
1813
1789
1788
1791
1793
1814
1839
1847
1866
1858
1878
1873
1911
1908
1915
1918
1944
1941
1933
1907
1910
1885
1849
1801
1788
1736
1711
1691
1706
1687
1697
1669
1671
1676
1671
1672
1680
1655
1653
1644
1680
1666
1679
1675
1693
1705
1723
1713
1743
1720
1723
1697
1708
1673
1667
1644
1651
1630
1614
1601
1612
1602
1591
1573
1585
1567
1567
1539
1536
1516
1507
1492
1506
1475
1475
1467
1465
1464
1459
1437
1465
1442
1438
1431
1449
1442
1441
1429
1437
1441
1437
1447
1445
1427
1432
1425
1432
1413
1425
1404
1420
1392
1385
1370
1371
1380
1356
1332
1335
1312
1334
1320
1333
1326
1335
1321
1327
1320
1313
1307
1325
1322
1313
1307
1308
1313
1318
1316
1335
1330
1358
1348
1357
1361
1349
1350
1362
1355
1342
1344
1352
1358
1345
1341
1351
1355
1349
1335
1345
1321
1326
1296
1301
1290
1282
1260
1253
1239
1235
1216
1211
1200
1198
1177
1169
1148
1115
1104
1095
1078
1073
1056
1075
1062
1061
1054
1075
1057
1062
1060
1084
1072
1079
1073
1095
1080
1101
1115
1135
1130
1145
1132
1135
1131
1147
1140
1169
1171
1163
1161
1178
1167
1171
1150
1176
1182
1175
1172
1177
1161
1165
1163
1160
1140
1148
1126
1150
1149
1162
1148
1158
1140
1141
1142
1149
1130
1126
1117
1129
1099
1099
1094
1115
1105
1114
1106
1123
1115
1106
1103
1119
1093
1096
1088
1089
1075
1069
1056
1069
1059
1064
1046
1067
1060
1063
1057
1070
1065
1072
1059
1072
1072
1079
1076
1098
1087
1090
1083
1103
1086
1077
1078
1080
1070
1059
1040
1057
1045
1049
1049
1057
1047
1043
1042
1056
1038
1045
1026
1047
1038
1049
1039
1056
1043
1054
1057
1065
1051
1050
1033
1047
1031
1033
1020
1020
1009
1020
1009
1015
1010
1016
1004
1024
1014
1008
1018
1020
1009
1015
1019
1027
1023
1034
1038
1042
1043
1032
1021
1031
1030
1036
1028
1038
1025
1032
1018
1028
1014
1014
1000
1022
990
984
979
988
969
976
963
968
953
952
940
958
946
952
940
929
903
861
686
366
365
366
367
365
367
364
366
984
954
363
365
365
0
0

