;UFOS3
;Measurement details: channel = Z, date = 02.06.2018, time = 10:16:30
Exposure=154
Gain=0
Temperature=24.7
Accummulate=4
1.267 mu
1.269 amas
52.0 hs
0 ozone
0 uva
0 uvb
0 uve
[Value]
0
370
370
371
370
368
370
369
395
397
405
403
401
402
411
406
408
394
406
409
404
401
420
409
417
401
423
416
413
411
427
408
411
403
422
413
421
401
423
417
406
402
425
414
418
400
425
421
412
403
417
410
405
407
426
410
404
404
421
418
416
400
418
409
412
399
434
410
414
399
420
408
408
410
428
420
414
405
416
411
415
405
429
414
415
406
426
417
406
406
424
412
409
407
421
416
403
399
429
408
402
402
416
411
411
402
423
412
409
400
420
418
409
407
421
414
411
406
425
414
413
407
430
421
416
408
418
413
412
405
413
409
415
403
427
422
408
410
418
419
417
410
419
417
411
404
421
409
406
424
418
415
404
400
430
415
418
400
423
420
404
403
421
419
416
413
424
418
426
405
422
421
414
417
420
416
413
408
427
410
412
401
421
420
414
406
436
419
417
408
412
434
408
410
424
424
415
408
428
414
413
407
419
414
414
405
423
411
416
406
425
415
403
413
417
415
413
399
415
419
421
402
428
420
414
405
417
409
409
400
425
411
410
405
422
422
413
409
427
415
421
406
420
418
412
412
426
411
416
405
421
414
417
404
422
422
412
413
436
414
408
418
425
416
421
396
420
409
420
400
416
415
407
412
426
415
415
408
441
418
416
404
417
420
414
400
421
410
415
409
413
418
414
405
419
419
414
407
424
414
417
403
423
422
415
412
422
411
414
397
423
427
423
408
428
416
413
408
418
419
408
409
418
418
410
406
424
411
423
406
428
412
413
405
421
413
422
403
429
426
407
412
420
424
410
406
421
423
415
406
429
421
407
407
423
415
411
408
431
411
428
412
428
412
426
406
441
414
420
411
415
418
419
405
420
422
415
408
426
418
417
405
418
412
414
414
421
415
413
404
420
419
411
401
425
418
414
401
420
420
417
407
430
421
420
405
428
407
420
402
423
414
413
405
418
415
423
410
425
411
416
412
419
413
414
407
421
418
420
409
418
418
407
397
445
418
407
410
422
418
417
408
415
415
411
407
419
419
416
400
425
416
414
412
421
412
418
411
420
420
422
406
427
413
415
409
421
420
411
406
429
413
418
403
423
411
420
410
425
419
425
413
420
414
414
408
425
414
413
409
421
414
418
408
427
409
417
405
436
413
424
413
427
409
410
418
418
417
413
407
420
412
417
406
435
415
411
415
424
413
417
412
420
421
422
408
417
416
418
416
422
414
418
414
418
415
420
414
421
415
416
414
419
417
424
408
420
413
412
406
421
412
420
408
423
418
424
416
426
414
413
414
425
416
421
416
429
419
417
410
422
413
418
404
423
418
420
415
417
422
411
411
427
423
415
411
423
420
416
412
421
415
412
415
432
410
423
408
419
413
426
418
440
413
419
410
422
415
418
410
421
413
414
413
433
421
411
414
424
414
427
405
427
415
416
407
429
415
410
414
421
414
430
408
425
417
415
406
427
419
413
408
422
420
406
408
423
410
427
414
423
418
415
409
425
417
413
404
428
419
415
413
421
416
420
414
431
419
418
406
425
418
419
413
435
419
421
415
426
410
415
408
420
410
422
405
422
417
422
416
432
416
419
399
419
420
416
412
418
416
419
409
416
417
415
417
421
416
417
410
427
423
419
415
424
411
416
419
419
421
423
408
427
427
415
418
425
415
425
417
425
420
423
460
429
420
432
412
431
419
420
415
427
419
417
416
429
422
420
418
428
419
423
415
431
419
429
419
426
419
418
419
431
431
427
412
434
415
418
418
438
427
431
419
434
423
424
420
429
425
421
423
430
424
429
421
438
424
434
418
431
428
428
415
433
426
430
428
429
430
434
424
449
430
426
430
437
428
425
425
434
433
434
424
449
435
439
436
439
432
441
429
448
440
448
437
441
451
442
440
447
449
448
448
459
453
449
442
462
453
464
451
469
463
458
458
465
462
463
460
473
466
469
467
468
470
463
460
478
467
467
464
471
465
466
454
476
465
470
464
478
472
472
467
479
478
482
484
495
482
483
480
491
488
493
492
506
499
499
496
516
500
510
506
515
517
519
511
520
509
514
508
515
517
512
505
521
514
511
503
513
506
510
510
520
513
520
510
523
515
517
512
531
514
532
511
537
527
528
520
534
530
536
530
551
541
551
537
558
546
564
548
567
561
566
568
586
577
573
571
587
588
584
577
592
587
595
588
598
590
587
587
597
589
598
591
602
596
601
590
598
596
597
594
600
596
601
594
605
592
610
591
606
597
597
595
599
593
590
579
596
595
601
586
603
600
604
594
610
601
601
610
619
613
619
613
631
637
632
622
634
629
635
639
644
637
653
642
667
671
682
669
687
692
695
698
719
721
728
735
759
760
765
767
787
784
800
800
816
814
815
834
837
845
847
849
853
848
858
850
859
851
860
858
866
855
845
847
859
846
848
834
846
850
852
848
863
861
860
856
871
875
873
873
888
883
893
887
905
889
905
907
920
923
924
927
936
920
932
924
948
940
951
935
953
939
943
931
941
937
950
939
960
951
971
960
971
969
984
989
996
1003
1012
1005
1020
1015
1013
997
1007
987
1000
980
990
980
976
972
977
968
978
984
993
982
995
992
1014
1021
1038
1049
1067
1067
1089
1075
1091
1083
1096
1071
1087
1076
1063
1050
1045
1024
1008
991
987
977
962
942
943
935
931
921
931
922
932
925
941
939
945
956
978
978
1003
1010
1045
1032
1064
1070
1082
1092
1100
1101
1119
1122
1134
1139
1146
1144
1171
1164
1170
1176
1198
1201
1226
1215
1232
1229
1251
1254
1263
1252
1267
1246
1227
1205
1203
1190
1181
1152
1149
1139
1130
1116
1125
1107
1123
1095
1126
1102
1124
1109
1129
1137
1144
1162
1186
1208
1238
1249
1296
1291
1309
1323
1341
1323
1342
1330
1337
1341
1355
1333
1345
1332
1343
1328
1326
1314
1319
1317
1321
1304
1323
1330
1337
1340
1356
1367
1380
1396
1405
1431
1447
1463
1473
1486
1512
1526
1552
1554
1588
1598
1619
1621
1643
1652
1661
1671
1692
1691
1709
1687
1687
1663
1651
1629
1631
1601
1577
1544
1534
1508
1490
1472
1465
1442
1429
1421
1427
1418
1432
1440
1467
1464
1490
1487
1524
1537
1546
1555
1579
1569
1587
1596
1625
1616
1623
1603
1603
1568
1574
1534
1522
1485
1466
1426
1411
1389
1380
1357
1349
1340
1351
1330
1352
1342
1349
1347
1358
1345
1353
1351
1371
1371
1392
1392
1398
1396
1423
1420
1466
1449
1467
1464
1486
1478
1500
1503
1515
1519
1531
1531
1555
1559
1562
1567
1565
1555
1568
1558
1574
1567
1560
1548
1560
1550
1554
1555
1547
1530
1534
1529
1526
1525
1541
1534
1539
1537
1544
1537
1557
1544
1560
1546
1551
1556
1576
1585
1605
1627
1651
1638
1674
1688
1714
1734
1755
1765
1790
1798
1820
1834
1847
1850
1848
1843
1840
1832
1820
1830
1845
1843
1844
1861
1850
1863
1878
1878
1882
1890
1909
1916
1928
1926
1935
1947
1951
1956
1960
1970
1972
1941
1971
1960
1950
1927
1941
1908
1926
1913
1923
1909
1914
1923
1932
1945
1963
1980
1997
2005
1996
1997
1998
2000
1999
1998
2013
2006
2023
2016
2036
2022
2022
2009
2032
2020
2025
2034
2065
2057
2079
2109
2122
2130
2163
2175
2198
2220
2249
2274
2307
2328
2368
2364
2404
2434
2460
2475
2482
2491
2489
2466
2470
2449
2441
2425
2422
2420
2420
2403
2407
2414
2426
2412
2423
2419
2427
2415
2383
2377
2361
2336
2334
2314
2298
2258
2247
2202
2191
2151
2140
2126
2116
2107
2106
2089
2078
2051
2023
1992
1975
1936
1933
1919
1917
1919
1904
1903
1908
1903
1928
1925
1956
1964
1997
2016
2044
2052
2076
2081
2112
2093
2111
2096
2086
2072
2069
2047
2047
2032
2037
2019
2006
2000
1992
1976
1970
1961
1964
1961
1960
1944
1956
1962
1982
1983
1999
1996
1988
1988
1987
1967
1967
1937
1948
1922
1912
1904
1883
1878
1878
1869
1863
1856
1856
1847
1839
1832
1834
1817
1841
1826
1841
1854
1858
1873
1902
1909
1935
1967
1990
1989
2007
2003
2023
2017
2022
2011
2012
2009
1997
1990
2004
2001
2014
2007
2018
2009
2025
2013
2036
2033
2038
2043
2071
2087
2105
2104
2108
2118
2121
2124
2115
2083
2060
2027
2002
1948
1921
1887
1863
1844
1831
1821
1820
1800
1810
1798
1814
1812
1839
1828
1853
1856
1877
1901
1926
1941
1949
1953
1975
1958
1961
1933
1928
1886
1873
1847
1827
1816
1805
1792
1825
1829
1850
1882
1919
1947
1989
2020
2060
2094
2113
2143
2161
2152
2182
2178
2206
2209
2223
2221
2227
2219
2223
2219
2227
2216
2216
2220
2230
2234
2249
2262
2277
2277
2317
2345
2365
2391
2421
2404
2422
2420
2417
2398
2383
2371
2340
2304
2288
2269
2237
2223
2222
2197
2227
2231
2249
2255
2282
2288
2302
2326
2355
2405
2460
2469
2536
2547
2578
2601
2621
2619
2633
2606
2607
2613
2592
2593
2567
2543
2531
2502
2484
2460
2443
2404
2396
2352
2348
2330
2339
2321
2328
2310
2297
2294
2278
2256
2246
2212
2193
2175
2187
2165
2188
2157
2156
2156
2155
2150
2160
2166
2173
2182
2190
2195
2214
2222
2248
2245
2258
2274
2270
2262
2272
2265
2264
2262
2251
2242
2241
2205
2210
2182
2187
2180
2171
2180
2187
2187
2209
2198
2210
2210
2212
2197
2195
2189
2184
2181
2199
2196
2198
2189
2192
2156
2157
2154
2126
2101
2096
2065
2028
1990
1967
1916
1883
1851
1818
1794
1755
1706
1698
1657
1650
1610
1620
1595
1603
1603
1591
1613
1626
1639
1676
1714
1754
1780
1842
1861
1909
1930
1950
1965
2003
1996
2019
2034
2063
2081
2119
2100
2115
2115
2137
2128
2136
2139
2133
2112
2109
2094
2070
2050
2053
2024
2028
2018
2016
1991
2001
1974
1987
1991
1992
1989
2002
1986
1999
2004
2027
2041
2063
2071
2100
2117
2148
2167
2193
2216
2228
2234
2237
2246
2240
2238
2230
2234
2232
2221
2215
2183
2196
2143
2145
2122
2114
2103
2110
2103
2101
2089
2106
2093
2095
2109
2121
2109
2121
2126
2136
2120
2145
2138
2165
2166
2179
2186
2195
2209
2211
2242
2241
2238
2260
2257
2254
2231
2225
2227
2223
2225
2230
2228
2237
2224
2234
2236
2266
2256
2260
2235
2219
2182
2176
2152
2153
2159
2165
2182
2212
2222
2262
2268
2300
2333
2369
2395
2408
2447
2476
2513
2550
2574
2620
2640
2663
2689
2720
2731
2743
2721
2720
2694
2673
2657
2635
2611
2621
2606
2617
2599
2591
2565
2565
2502
2495
2475
2464
2441
2441
2435
2450
2427
2428
2432
2444
2460
2491
2496
2537
2530
2554
2547
2570
2578
2597
2599
2609
2599
2578
2549
2514
2462
2405
2339
2304
2256
2210
2174
2172
2160
2154
2157
2179
2188
2199
2212
2239
2243
2287
2278
2302
2309
2335
2346
2393
2407
2444
2446
2493
2469
2479
2480
2471
2454
2435
2425
2416
2420
2420
2414
2425
2435
2438
2438
2463
2457
2471
2459
2472
2484
2496
2503
2534
2541
2572
2579
2596
2596
2572
2559
2548
2527
2536
2502
2520
2506
2488
2453
2459
2410
2416
2378
2372
2351
2329
2328
2315
2297
2274
2260
2253
2260
2248
2223
2205
2185
2158
2128
2114
2093
2090
2091
2077
2079
2090
2110
2140
2158
2179
2161
2162
2140
2132
2112
2098
2100
2094
2084
2080
2056
2059
2021
1994
1974
1937
1895
1871
1844
1816
1795
1785
1773
1785
1778
1813
1802
1829
1812
1825
1834
1829
1812
1838
1819
1838
1847
1874
1871
1874
1864
1867
1836
1831
1799
1808
1792
1787
1748
1750
1731
1699
1673
1653
1627
1590
1572
1568
1550
1573
1548
1565
1568
1601
1617
1658
1681
1709
1734
1792
1812
1837
1862
1921
1946
1996
2051
2097
2131
2188
2232
2290
2312
2347
2389
2419
2434
2444
2457
2481
2470
2485
2495
2520
2507
2517
2503
2493
2473
2473
2443
2433
2392
2379
2347
2343
2314
2303
2278
2262
2221
2179
2133
2124
2085
2070
2052
2067
2060
2082
2082
2109
2092
2118
2108
2146
2162
2179
2189
2225
2237
2273
2274
2294
2309
2298
2271
2259
2243
2225
2199
2185
2169
2161
2161
2177
2190
2183
2183
2190
2178
2187
2205
2236
2272
2336
2367
2445
2481
2540
2584
2630
2679
2684
2694
2703
2667
2647
2621
2596
2561
2542
2507
2506
2474
2429
2382
2376
2343
2316
2287
2295
2275
2276
2280
2303
2318
2366
2403
2475
2492
2538
2561
2593
2587
2621
2597
2605
2589
2554
2519
2506
2469
2449
2401
2400
2355
2316
2278
2257
2218
2207
2172
2170
2157
2153
2144
2167
2185
2201
2209
2250
2260
2299
2300
2340
2330
2354
2378
2413
2447
2491
2481
2524
2546
2583
2592
2609
2638
2644
2656
2696
2672
2670
2679
2697
2693
2681
2660
2663
2642
2647
2632
2640
2616
2609
2603
2594
2584
2570
2533
2527
2512
2501
2472
2470
2428
2428
2400
2401
2388
2378
2364
2369
2335
2327
2333
2343
2340
2335
2326
2334
2315
2326
2317
2329
2321
2311
2307
2299
2283
2266
2251
2246
2248
2228
2219
2230
2218
2197
2187
2185
2167
2174
2156
2168
2146
2129
2114
2116
2104
2108
2089
2113
2097
2112
2111
2153
2155
2178
2174
2203
2219
2246
2259
2295
2317
2341
2361
2391
2404
2404
2423
2434
2423
2436
2434
2444
2412
2389
2362
2358
2323
2297
2277
2286
2277
2286
2257
2256
2234
2253
2230
2240
2219
2212
2201
2189
2173
2130
2100
2103
2083
2067
2048
2066
2056
2051
2054
2090
2094
2136
2172
2214
2255
2309
2325
2354
2369
2412
2419
2458
2488
2483
2489
2487
2473
2454
2428
2437
2394
2345
2320
2284
2250
2208
2183
2159
2141
2113
2098
2105
2106
2106
2091
2086
2066
2055
2050
2072
2053
2052
2036
2046
2022
2043
2045
2084
2093
2133
2140
2167
2159
2161
2137
2121
2088
2066
2035
2031
1994
1956
1895
1879
1824
1801
1788
1799
1794
1797
1818
1874
1903
1950
1985
2046
2101
2135
2170
2217
2235
2265
2271
2307
2297
2283
2264
2270
2237
2176
2127
2099
2033
1997
1963
1943
1911
1904
1910
1922
1919
1926
1950
1978
2004
2056
2100
2148
2184
2229
2245
2279
2301
2345
2361
2401
2413
2413
2415
2431
2436
2437
2421
2409
2385
2373
2336
2333
2322
2301
2280
2286
2295
2289
2283
2295
2297
2320
2321
2370
2344
2356
2350
2370
2355
2360
2354
2386
2389
2395
2401
2439
2451
2464
2473
2495
2493
2500
2507
2543
2545
2561
2582
2608
2599
2639
2640
2663
2680
2682
2692
2711
2731
2736
2736
2746
2745
2753
2766
2788
2791
2784
2763
2775
2760
2744
2729
2711
2668
2653
2599
2584
2534
2503
2473
2439
2404
2369
2320
2311
2262
2229
2206
2192
2165
2141
2120
2128
2118
2095
2072
2078
2051
2047
2029
2016
1992
1954
1947
1957
1913
1926
1910
1928
1918
1929
1941
1968
1969
1980
1991
2028
2024
2044
2058
2100
2121
2137
2148
2169
2177
2168
2160
2191
2194
2176
2171
2168
2135
2138
2100
2086
2049
2042
2021
2025
2003
1979
1946
1961
1950
1942
1911
1904
1891
1875
1824
1818
1797
1765
1727
1730
1687
1669
1646
1650
1632
1624
1598
1601
1603
1588
1560
1550
1522
1499
1474
1478
1442
1426
1404
1426
1411
1416
1394
1389
1381
1372
1354
1373
1346
1332
1320
1330
1331
1325
1317
1340
1324
1333
1321
1339
1319
1325
1311
1328
1302
1301
1279
1293
1300
1301
1296
1328
1347
1341
1362
1409
1431
1444
1452
1487
1509
1519
1542
1574
1601
1627
1651
1705
1726
1751
1763
1790
1788
1799
1791
1816
1806
1807
1812
1823
1818
1822
1813
1834
1799
1777
1748
1746
1735
1729
1729
1751
1734
1723
1704
1706
1685
1675
1674
1652
1620
1593
1569
1609
1621
1615
1622
1650
1650
1656
1643
1681
1686
1704
1717
1770
1786
1805
1828
1853
1887
1873
1852
1862
1852
1845
1821
1814
1783
1767
1747
1732
1713
1705
1685
1719
1725
1725
1721
1747
1732
1738
1750
1764
1778
1801
1805
1838
1824
1821
1823
1842
1838
1825
1803
1804
1800
1792
1775
1767
1764
1755
1754
1762
1742
1749
1737
1725
1725
1714
1696
1711
1704
1714
1715
1734
1731
1754
1750
1779
1797
1797
1805
1823
1852
1876
1887
1930
1941
1963
1975
1993
2014
2019
2016
2043
2046
2046
2038
2066
2054
2061
2070
2086
2083
2074
2054
2055
2042
2044
2022
2036
1982
1993
1960
1955
1953
1940
1921
1914
1916
1892
1896
1917
1905
1945
1961
1989
2001
2025
2052
2086
2066
2078
2075
2112
2117
2123
2106
2105
2102
2092
2080
2101
2067
2034
2030
2027
1992
1976
1950
1924
1898
1875
1842
1840
1801
1786
1755
1755
1724
1688
1660
1648
1600
1593
1570
1560
1526
1513
1486
1478
1431
1415
1369
1338
1274
1228
1167
1136
1090
1059
1022
998
969
954
921
920
892
889
883
888
880
880
889
911
916
938
944
985
1014
1045
1054
1092
1097
1116
1127
1156
1174
1190
1210
1247
1265
1278
1302
1333
1343
1366
1377
1399
1411
1416
1425
1452
1461
1471
1489
1514
1522
1533
1541
1567
1561
1560
1575
1591
1581
1588
1574
1589
1572
1578
1565
1569
1558
1552
1545
1534
1538
1528
1510
1515
1489
1474
1448
1457
1412
1390
1362
1356
1309
1291
1229
1221
1177
1135
1088
1075
1026
1003
972
963
935
937
905
901
895
882
872
878
871
875
889
914
912
942
954
991
1016
1037
1052
1105
1136
1161
1187
1243
1276
1306
1329
1370
1388
1407
1440
1480
1485
1499
1498
1535
1535
1531
1532
1545
1538
1547
1525
1551
1559
1567
1563
1582
1573
1582
1581
1600
1575
1610
1609
1636
1637
1655
1649
1682
1685
1696
1694
1718
1696
1702
1716
1714
1719
1723
1718
1718
1697
1706
1700
1698
1697
1705
1690
1711
1710
1713
1712
1716
1716
1731
1732
1737
1734
1743
1741
1734
1709
1708
1690
1695
1696
1703
1707
1715
1715
1717
1713
1731
1718
1726
1711
1733
1745
1756
1746
1755
1763
1777
1782
1808
1795
1799
1809
1812
1809
1791
1786
1785
1785
1782
1770
1784
1777
1785
1781
1807
1792
1783
1783
1793
1791
1789
1765
1774
1760
1741
1745
1760
1758
1773
1774
1787
1762
1777
1776
1788
1778
1773
1759
1766
1750
1745
1701
1709
1693
1685
1640
1651
1610
1589
1586
1604
1603
1621
1603
1605
1613
1618
1625
1646
1630
1643
1636
1670
1666
1675
1649
1670
1678
1692
1675
1699
1669
1670
1646
1653
1609
1581
1548
1549
1534
1513
1506
1511
1502
1494
1482
1486
1489
1491
1479
1495
1485
1498
1495
1513
1505
1514
1524
1540
1545
1546
1520
1540
1512
1496
1481
1489
1479
1457
1434
1441
1425
1423
1427
1423
1406
1406
1387
1390
1362
1369
1337
1351
1320
1321
1313
1317
1337
1315
1298
1295
1281
1293
1275
1290
1276
1281
1267
1283
1275
1270
1260
1281
1284
1277
1271
1267
1273
1267
1257
1270
1262
1271
1256
1259
1244
1228
1222
1231
1215
1216
1207
1224
1228
1217
1211
1228
1224
1218
1209
1232
1220
1220
1201
1216
1226
1229
1218
1226
1220
1228
1226
1237
1229
1240
1233
1238
1217
1209
1209
1213
1197
1203
1192
1217
1199
1199
1187
1207
1187
1185
1171
1177
1156
1149
1130
1128
1103
1104
1095
1109
1091
1089
1054
1052
1029
1028
1011
1015
1006
991
983
997
981
977
962
987
984
978
981
995
987
983
995
999
993
1006
993
1023
1035
1038
1043
1060
1051
1052
1052
1074
1056
1053
1049
1062
1042
1044
1041
1065
1057
1074
1061
1082
1073
1072
1065
1078
1072
1074
1060
1072
1059
1057
1045
1059
1044
1051
1030
1046
1031
1028
1028
1039
1027
1033
1020
1028
1017
1013
1011
1016
1004
1002
997
1020
998
983
987
992
983
971
952
970
953
955
960
973
965
960
968
987
967
973
973
986
980
989
992
1002
996
997
1008
1014
1012
1004
987
1000
981
981
968
971
960
967
957
962
955
949
947
967
950
946
951
947
941
943
940
945
956
957
958
960
953
940
929
932
922
935
921
933
916
925
910
926
910
915
904
929
908
906
904
931
913
930
927
944
933
947
937
959
955
962
958
960
945
900
698
367
370
370
369
369
369
369
369
965
923
366
371
369
0
0

