;UFOS3
;Measurement details: channel = S-D, date = 02.06.2018, time = 10:47:20
Exposure=208
Gain=0
Temperature=25.6
Accummulate=4
1.283 mu
1.285 amas
51.077 hs
0 ozone
112725 uva
1560 uvb
123 uve
[Value]
0
-1
-1
1
0
1
0
1
-1
-1
-2
-1
-3
-2
-2
-2
-3
-1
1
0
2
-2
0
-2
0
0
0
-1
2
-1
1
0
1
0
2
2
2
0
-2
3
1
2
3
1
0
0
-1
0
1
2
1
0
3
1
3
1
-1
0
-2
0
1
2
1
1
1
-1
2
5
5
1
0
0
1
1
2
-2
2
2
-3
0
2
-3
1
1
1
1
2
1
2
0
2
-1
1
1
0
1
0
-1
1
5
0
3
0
-2
-1
1
1
1
2
-1
4
-1
1
1
1
-4
2
0
0
-2
2
-1
5
0
-1
1
0
2
2
2
0
2
2
3
2
1
-1
0
0
-1
1
2
0
2
1
0
3
3
2
-2
-1
1
1
1
-1
-3
2
0
1
1
1
0
0
-1
-1
-1
1
0
-1
2
0
-3
0
-1
-1
1
-1
1
2
1
0
4
-1
1
1
1
-1
1
1
1
-1
-1
1
2
1
2
1
2
1
3
0
0
1
0
2
-1
2
0
1
3
2
0
3
0
1
1
-1
5
2
1
1
4
1
2
1
2
0
0
3
0
1
0
-1
0
1
1
0
0
0
2
-1
-2
2
-1
3
-1
0
1
6
1
2
-2
0
1
1
0
3
0
2
-1
1
2
1
3
3
-2
0
0
1
2
1
0
2
0
-2
2
1
2
-1
2
0
3
-1
2
3
0
2
1
2
-1
2
-3
1
0
2
0
2
1
1
1
0
1
2
3
1
1
-1
2
2
1
2
-1
0
-1
0
2
3
-1
2
0
4
2
1
2
2
2
0
2
4
-1
0
2
1
2
0
2
-1
-3
2
3
-1
1
4
2
0
2
0
2
1
-1
1
-2
0
3
3
-2
4
1
1
2
2
1
1
1
4
0
2
1
2
1
2
3
-1
1
2
2
1
3
1
1
3
2
3
5
0
1
3
2
3
1
2
0
1
3
1
1
3
3
4
1
2
3
5
2
1
0
4
-1
2
0
-1
1
0
3
3
0
3
-2
3
1
2
2
2
2
3
1
2
1
2
0
3
2
-3
1
2
0
2
2
1
3
0
0
3
3
1
2
1
4
3
3
3
2
1
0
6
5
1
4
1
2
3
0
3
-1
1
1
1
-1
0
0
2
-4
3
3
4
-2
-2
4
-2
2
4
0
3
5
4
2
3
-1
1
3
-1
3
4
1
4
1
3
1
7
2
3
-1
3
1
2
4
3
2
2
1
1
1
4
1
4
-2
2
1
-2
1
0
1
2
2
2
2
0
4
-1
2
2
0
3
2
2
4
2
2
1
4
4
4
1
2
4
2
2
3
4
1
3
2
1
0
5
2
2
3
2
3
3
1
1
2
2
0
1
1
4
1
2
3
0
1
-3
2
2
1
2
0
1
0
0
2
2
1
3
-1
2
3
3
2
2
3
4
-1
4
4
2
6
4
4
-1
3
4
4
6
4
6
3
4
1
7
2
5
3
4
1
2
-2
3
5
3
-1
1
5
4
1
6
1
2
3
2
3
5
5
2
2
5
3
5
4
3
2
5
4
2
5
3
1
5
3
2
1
5
3
3
1
2
4
2
3
2
1
5
2
2
4
2
4
0
2
2
2
4
4
7
3
5
3
3
5
4
1
3
2
2
3
5
5
5
4
3
4
2
3
5
5
3
4
4
4
4
2
6
4
6
4
3
3
5
5
5
4
3
6
5
3
6
8
4
5
3
3
6
6
2
4
5
8
3
3
9
5
3
5
5
5
4
7
4
5
6
2
4
6
7
5
3
3
7
4
8
7
6
8
6
4
6
6
5
9
6
5
3
6
9
8
7
5
5
7
7
7
7
8
9
6
8
4
7
8
8
8
10
8
9
7
10
8
11
6
9
7
10
9
10
10
12
12
9
10
10
12
10
13
8
10
11
12
12
13
16
14
14
18
15
16
18
20
13
16
20
16
18
18
17
19
17
17
16
14
18
16
17
18
15
19
19
20
19
16
21
22
23
22
23
23
23
23
24
25
23
24
24
24
28
24
31
28
27
30
26
30
30
29
31
24
32
27
29
29
32
32
31
30
32
31
31
28
31
29
32
32
35
31
32
33
32
33
34
33
32
33
37
37
36
35
37
37
39
38
43
43
41
41
45
44
44
44
48
46
46
51
49
50
53
52
52
55
56
50
55
53
54
55
58
53
58
58
61
58
62
61
59
62
62
60
63
62
67
65
69
64
65
65
68
66
68
65
67
70
70
67
73
70
73
70
71
69
69
65
67
64
69
65
66
66
70
67
70
69
76
67
66
70
70
72
72
72
75
69
73
75
75
76
79
80
83
84
87
90
90
97
98
105
109
113
114
121
127
131
136
139
143
143
150
148
154
156
160
161
168
164
167
167
175
170
170
168
168
160
164
165
161
160
158
157
156
157
156
155
156
154
157
163
161
165
174
169
174
176
181
181
187
189
195
199
198
203
200
210
213
212
214
218
217
222
216
222
217
219
218
219
219
219
218
218
219
216
221
220
215
216
219
223
226
221
227
226
231
234
239
241
243
244
248
245
242
241
246
243
242
237
237
232
232
235
233
230
232
235
237
233
236
237
243
245
250
257
261
265
265
272
273
271
274
275
271
272
268
260
255
251
246
246
240
234
234
225
226
221
222
222
220
221
224
225
225
235
231
240
248
253
259
267
274
283
288
294
301
305
314
318
327
336
340
343
349
354
361
367
377
373
384
380
392
387
398
396
400
401
401
402
400
391
388
383
377
365
353
347
340
338
331
328
323
321
318
315
315
319
321
324
328
337
345
353
367
376
392
402
411
421
431
434
442
444
450
442
452
447
443
442
443
450
445
448
450
441
446
441
442
445
444
444
453
463
458
473
486
496
501
511
519
527
538
544
557
574
582
593
604
609
619
621
633
626
644
652
653
658
656
655
650
641
643
629
620
608
593
586
578
577
566
557
554
551
547
542
544
552
552
556
571
570
585
599
608
612
619
624
619
620
624
617
629
620
620
620
611
602
592
581
571
568
553
546
533
523
518
508
500
502
512
513
511
521
526
527
524
528
533
542
545
552
560
561
575
572
580
579
589
588
594
590
587
589
600
599
601
604
618
621
625
634
642
644
656
664
671
674
685
684
688
681
682
679
675
664
669
661
657
653
660
658
657
659
663
662
663
659
665
661
667
674
683
687
699
704
722
726
743
754
766
782
797
815
826
838
856
862
880
894
916
910
923
930
934
935
943
945
954
955
950
944
940
936
933
937
945
942
949
948
939
933
934
926
936
936
945
946
942
946
942
931
931
923
921
916
918
909
909
907
903
907
915
920
926
930
932
935
949
947
954
967
967
967
972
973
971
967
960
957
953
942
950
957
952
956
972
991
1006
1021
1045
1070
1089
1107
1132
1161
1182
1201
1231
1258
1288
1308
1342
1356
1374
1394
1416
1409
1417
1421
1437
1435
1450
1457
1485
1469
1483
1478
1468
1467
1448
1445
1435
1431
1425
1417
1386
1363
1342
1323
1305
1282
1268
1250
1226
1213
1192
1167
1144
1142
1115
1109
1101
1090
1091
1088
1090
1098
1105
1115
1130
1132
1137
1141
1160
1151
1161
1171
1176
1182
1196
1189
1187
1183
1188
1186
1183
1169
1162
1150
1144
1141
1120
1111
1088
1077
1063
1033
1022
1003
997
988
989
995
994
984
985
999
1004
1024
1041
1062
1085
1098
1108
1111
1114
1113
1108
1103
1094
1076
1068
1053
1048
1028
1024
1012
1008
1004
998
978
977
979
972
974
959
958
960
960
977
986
1013
1027
1045
1062
1082
1094
1100
1113
1123
1131
1134
1129
1127
1125
1114
1112
1113
1123
1125
1128
1134
1135
1133
1131
1143
1133
1144
1150
1162
1172
1179
1192
1204
1227
1236
1249
1248
1241
1231
1202
1175
1150
1121
1094
1074
1051
1031
1018
1014
1006
998
994
997
992
1002
1007
1003
1009
1021
1038
1059
1067
1066
1078
1067
1077
1083
1083
1067
1057
1046
1033
1023
1006
1003
998
1004
1011
1028
1047
1082
1098
1139
1159
1192
1210
1218
1240
1243
1255
1258
1252
1270
1281
1293
1292
1296
1286
1286
1285
1270
1259
1257
1266
1260
1263
1280
1285
1295
1315
1327
1351
1380
1400
1429
1442
1448
1456
1461
1457
1452
1453
1445
1424
1426
1411
1403
1395
1396
1386
1387
1395
1409
1409
1421
1409
1408
1421
1438
1446
1482
1501
1522
1553
1573
1583
1596
1599
1602
1599
1597
1588
1579
1555
1548
1526
1498
1471
1452
1425
1416
1405
1392
1380
1370
1367
1365
1370
1378
1377
1384
1379
1376
1361
1347
1336
1331
1313
1310
1302
1304
1299
1285
1286
1278
1286
1286
1286
1285
1297
1304
1309
1317
1318
1337
1343
1357
1362
1358
1364
1357
1359
1356
1354
1353
1341
1331
1323
1320
1297
1305
1285
1292
1294
1300
1300
1300
1310
1319
1329
1331
1339
1315
1320
1314
1308
1314
1316
1314
1319
1319
1311
1305
1279
1261
1258
1251
1222
1200
1177
1159
1135
1107
1090
1070
1047
1035
997
967
946
926
916
897
896
879
881
878
879
888
893
909
919
952
984
1005
1030
1060
1085
1097
1115
1128
1132
1130
1139
1144
1151
1161
1167
1186
1183
1203
1192
1198
1187
1192
1198
1186
1189
1181
1171
1172
1169
1167
1160
1154
1164
1153
1151
1141
1142
1143
1151
1153
1151
1158
1163
1168
1179
1198
1204
1225
1237
1256
1283
1301
1323
1341
1347
1352
1359
1360
1353
1358
1340
1348
1348
1337
1327
1316
1294
1271
1250
1240
1243
1225
1224
1215
1205
1201
1212
1219
1226
1244
1252
1255
1270
1283
1304
1317
1324
1345
1355
1360
1373
1378
1396
1398
1416
1437
1437
1437
1438
1435
1429
1432
1418
1417
1409
1403
1402
1388
1374
1358
1350
1347
1337
1333
1314
1296
1270
1256
1240
1243
1248
1254
1273
1296
1327
1353
1379
1396
1420
1446
1464
1494
1514
1530
1574
1592
1614
1646
1677
1699
1728
1759
1760
1793
1786
1791
1762
1754
1749
1727
1708
1694
1672
1658
1654
1627
1602
1591
1571
1562
1553
1530
1511
1505
1501
1497
1487
1479
1488
1505
1502
1520
1531
1559
1554
1571
1561
1545
1540
1542
1546
1554
1556
1556
1562
1555
1533
1516
1483
1450
1429
1393
1362
1348
1329
1324
1321
1320
1323
1331
1338
1348
1358
1378
1385
1409
1425
1443
1475
1498
1522
1537
1562
1582
1592
1589
1579
1574
1558
1551
1546
1534
1540
1553
1563
1579
1582
1596
1599
1609
1619
1620
1626
1624
1608
1622
1615
1604
1609
1619
1603
1622
1622
1609
1590
1580
1569
1564
1561
1567
1550
1553
1543
1537
1522
1535
1528
1515
1517
1518
1503
1498
1487
1486
1486
1494
1505
1512
1523
1520
1514
1504
1484
1479
1471
1466
1452
1445
1429
1426
1418
1423
1420
1428
1427
1431
1412
1393
1377
1365
1342
1324
1303
1291
1287
1278
1270
1255
1224
1194
1170
1132
1099
1073
1047
1034
1012
1009
1016
1018
1030
1044
1068
1077
1092
1101
1120
1127
1148
1176
1195
1219
1232
1251
1254
1259
1241
1235
1223
1196
1177
1160
1141
1136
1118
1101
1085
1062
1028
1009
981
964
947
938
935
921
925
923
926
944
958
992
1018
1048
1071
1111
1131
1162
1194
1237
1274
1326
1354
1401
1445
1484
1521
1552
1579
1600
1627
1660
1663
1698
1702
1725
1742
1765
1769
1791
1786
1785
1791
1783
1775
1769
1758
1742
1719
1706
1699
1683
1675
1663
1644
1626
1603
1561
1548
1509
1484
1463
1454
1457
1450
1460
1447
1470
1454
1459
1463
1473
1486
1499
1509
1520
1534
1556
1571
1593
1587
1580
1571
1545
1540
1512
1496
1486
1476
1486
1499
1515
1528
1542
1540
1550
1554
1575
1587
1629
1673
1717
1766
1837
1884
1939
1990
2013
2037
2059
2049
2046
2018
1986
1957
1944
1931
1905
1883
1859
1833
1802
1770
1728
1718
1686
1662
1651
1644
1633
1636
1657
1680
1716
1745
1788
1827
1869
1879
1902
1923
1917
1936
1948
1947
1937
1916
1908
1904
1902
1896
1881
1868
1851
1803
1791
1764
1744
1731
1720
1706
1700
1698
1696
1709
1719
1730
1752
1762
1789
1801
1812
1811
1798
1799
1800
1812
1833
1843
1848
1871
1895
1903
1914
1921
1935
1952
1965
1967
1979
1985
2014
2017
2037
2039
2049
2047
2049
2050
2032
2004
1995
1980
1972
1962
1958
1938
1921
1911
1889
1864
1861
1854
1866
1870
1868
1881
1894
1889
1894
1886
1890
1887
1909
1905
1900
1904
1899
1897
1900
1914
1903
1896
1882
1850
1830
1806
1785
1767
1748
1723
1709
1695
1672
1654
1631
1618
1609
1592
1581
1591
1574
1568
1563
1562
1569
1562
1581
1581
1600
1601
1618
1627
1648
1671
1682
1703
1710
1728
1747
1758
1783
1796
1814
1832
1858
1858
1874
1874
1882
1882
1885
1886
1894
1895
1892
1881
1894
1895
1908
1913
1934
1946
1947
1954
1948
1940
1937
1919
1893
1889
1868
1848
1819
1789
1757
1717
1690
1673
1650
1640
1623
1611
1597
1592
1584
1586
1598
1621
1649
1679
1719
1740
1772
1790
1841
1883
1926
1956
1998
2041
2034
2033
2015
1979
1959
1933
1899
1838
1817
1770
1727
1687
1668
1628
1619
1609
1604
1620
1629
1630
1625
1608
1626
1645
1685
1730
1767
1794
1831
1856
1889
1901
1919
1935
1928
1919
1900
1878
1842
1803
1775
1733
1686
1656
1633
1588
1541
1489
1440
1394
1355
1331
1307
1292
1277
1272
1282
1289
1320
1352
1400
1446
1491
1545
1598
1654
1674
1705
1716
1732
1716
1718
1711
1690
1635
1571
1526
1458
1418
1389
1373
1371
1383
1381
1427
1456
1492
1522
1585
1654
1728
1780
1851
1930
1994
2046
2104
2130
2162
2168
2195
2184
2185
2169
2156
2140
2120
2097
2063
2029
1996
1960
1913
1878
1848
1807
1792
1769
1752
1767
1774
1777
1775
1766
1761
1758
1781
1766
1769
1782
1780
1801
1814
1832
1855
1880
1888
1902
1927
1950
1974
2012
2030
2045
2073
2104
2117
2117
2123
2133
2151
2175
2206
2232
2241
2259
2279
2273
2285
2292
2310
2323
2334
2338
2360
2373
2373
2369
2341
2311
2286
2250
2231
2204
2151
2132
2096
2053
2014
1980
1947
1930
1902
1864
1857
1821
1791
1764
1741
1719
1715
1697
1689
1682
1670
1653
1648
1626
1598
1583
1564
1535
1507
1496
1483
1480
1471
1468
1471
1489
1504
1516
1536
1551
1580
1594
1621
1646
1672
1684
1718
1725
1738
1759
1766
1775
1786
1788
1794
1803
1798
1790
1811
1785
1785
1763
1753
1732
1703
1696
1669
1650
1617
1580
1556
1528
1495
1488
1467
1456
1429
1402
1366
1330
1298
1262
1246
1235
1215
1218
1204
1195
1197
1178
1165
1144
1142
1120
1093
1080
1052
1025
1026
1020
1017
1016
1017
1018
1014
1022
1010
997
987
970
955
946
939
925
932
923
928
918
921
922
925
929
930
919
914
902
902
890
887
880
886
894
910
916
939
969
996
1016
1052
1076
1099
1129
1150
1185
1217
1252
1287
1325
1367
1394
1432
1447
1468
1497
1504
1497
1510
1514
1516
1522
1518
1522
1527
1516
1525
1512
1516
1496
1497
1476
1460
1455
1431
1420
1408
1394
1376
1365
1345
1327
1307
1278
1267
1250
1255
1248
1264
1272
1305
1318
1334
1347
1376
1396
1408
1420
1433
1439
1455
1485
1518
1541
1569
1587
1586
1568
1559
1551
1535
1504
1469
1443
1399
1377
1403
1427
1429
1435
1433
1433
1435
1436
1438
1447
1429
1451
1472
1483
1495
1516
1536
1548
1545
1529
1540
1524
1510
1497
1499
1485
1492
1476
1453
1433
1421
1417
1416
1411
1423
1426
1423
1411
1396
1401
1402
1417
1456
1470
1504
1508
1522
1535
1560
1572
1592
1607
1647
1684
1709
1727
1743
1778
1803
1809
1840
1853
1867
1864
1859
1875
1863
1853
1852
1857
1858
1857
1837
1822
1831
1820
1812
1796
1780
1760
1731
1720
1713
1706
1698
1697
1696
1708
1702
1711
1710
1716
1719
1726
1733
1752
1784
1805
1834
1867
1871
1897
1925
1927
1940
1937
1946
1949
1941
1917
1916
1904
1891
1870
1847
1812
1775
1739
1693
1656
1637
1615
1621
1603
1584
1562
1551
1542
1525
1503
1475
1447
1434
1421
1394
1356
1328
1294
1268
1249
1210
1172
1132
1090
1047
1000
957
897
850
796
757
704
671
636
606
578
569
545
539
538
536
532
552
565
585
609
642
666
709
744
777
797
815
837
845
847
876
889
918
950
976
1012
1040
1067
1089
1115
1133
1159
1182
1198
1216
1252
1272
1285
1309
1315
1332
1352
1354
1363
1359
1362
1343
1332
1328
1324
1328
1335
1343
1347
1357
1354
1350
1361
1359
1359
1351
1336
1323
1302
1285
1261
1250
1206
1185
1158
1133
1103
1072
1052
1009
974
933
898
859
814
769
724
692
657
630
610
590
577
565
558
548
552
546
557
566
580
607
624
657
694
731
764
801
824
854
889
913
938
967
1009
1056
1103
1137
1180
1227
1262
1279
1308
1321
1338
1360
1390
1395
1406
1412
1425
1424
1423
1434
1443
1436
1432
1444
1451
1454
1466
1476
1489
1488
1513
1520
1532
1536
1546
1562
1558
1566
1562
1564
1568
1551
1560
1537
1523
1507
1491
1501
1507
1524
1523
1532
1519
1521
1525
1533
1524
1550
1562
1588
1589
1616
1601
1598
1610
1609
1592
1597
1590
1588
1602
1586
1591
1583
1575
1581
1578
1570
1567
1579
1586
1582
1579
1594
1602
1603
1623
1637
1648
1660
1660
1675
1671
1666
1680
1666
1648
1636
1619
1630
1633
1646
1669
1674
1673
1685
1678
1691
1690
1689
1674
1677
1675
1682
1676
1672
1667
1676
1689
1683
1688
1675
1678
1672
1667
1671
1652
1647
1633
1610
1611
1593
1581
1569
1559
1544
1529
1519
1502
1487
1470
1467
1445
1438
1426
1422
1429
1431
1447
1461
1487
1491
1501
1514
1515
1535
1552
1553
1559
1570
1574
1567
1559
1545
1532
1475
1447
1415
1375
1342
1326
1319
1312
1322
1306
1296
1301
1302
1303
1308
1296
1285
1285
1305
1303
1316
1321
1322
1339
1348
1337
1358
1345
1344
1338
1326
1314
1299
1287
1277
1264
1241
1233
1231
1225
1215
1208
1209
1201
1183
1168
1163
1143
1132
1120
1122
1103
1105
1091
1084
1085
1081
1072
1078
1061
1062
1062
1070
1061
1063
1055
1062
1062
1059
1057
1058
1056
1053
1057
1049
1038
1039
1038
1028
1014
1010
992
990
983
970
953
947
952
949
938
941
945
944
941
940
936
934
932
938
940
929
932
927
929
940
939
944
952
965
963
967
974
965
969
976
960
964
970
970
967
968
971
968
968
964
959
961
951
940
923
914
905
897
872
859
852
848
836
818
812
808
791
776
750
741
721
695
688
675
675
674
672
668
669
672
669
673
669
687
690
691
685
692
694
710
719
736
741
746
746
747
753
758
763
770
772
774
773
784
780
772
773
784
795
786
783
787
777
773
769
760
752
754
746
749
759
758
762
764
766
756
759
752
749
740
736
723
712
709
706
712
713
716
718
723
720
720
721
714
709
704
697
693
680
676
670
668
663
665
669
673
672
666
670
676
675
668
673
674
683
685
693
696
696
701
696
699
695
683
684
684
678
669
653
656
654
659
649
647
651
642
648
654
648
644
644
642
648
649
641
652
649
650
661
662
656
654
645
643
633
636
632
626
615
621
621
621
615
617
614
615
614
615
617
619
617
623
619
622
633
633
633
638
641
640
637
635
632
639
630
633
631
625
625
624
618
610
608
610
598
596
585
583
571
572
564
559
559
551
548
547
547
545
536
535
509
466
279
-3
-2
0
-3
-1
0
-1
-1
581
563
0
1
-2
0
0

