;UFOS3
;Measurement details: channel = Z-D, date = 02.06.2018, time = 10:46:39
Exposure=157
Gain=0
Temperature=25.5
Accummulate=4
1.282 mu
1.285 amas
51.105 hs
311 ozone
0 uva
0 uvb
0 uve
[Value]
0
-2
0
-1
0
2
-2
2
-1
-1
0
-2
-4
0
-1
-1
-1
-1
-1
-4
-1
-1
0
0
0
-1
0
0
1
-1
-1
1
1
1
2
0
-1
0
1
3
0
-4
-2
2
-1
1
0
-3
-1
4
2
1
1
0
4
2
1
0
-1
-2
2
1
-2
-1
-2
1
1
0
0
-1
-1
-1
-1
0
1
-1
0
0
0
2
0
2
0
2
1
1
0
-1
0
-3
1
0
-1
-3
0
-2
1
0
-3
-1
3
-1
0
0
2
0
-1
-1
-1
-2
-3
-2
2
2
-2
0
0
-1
0
2
-3
3
2
0
0
0
0
-1
-3
-3
1
-1
0
-1
1
1
-1
-2
0
0
2
0
2
0
-2
1
-1
1
0
1
-1
-1
1
1
1
2
2
-1
1
2
4
0
-1
-1
2
-2
-1
0
2
1
0
-1
3
-1
2
5
1
0
0
3
0
-4
3
2
-1
0
-1
0
2
2
-1
-2
5
0
3
-1
0
0
-2
-1
3
0
-1
-1
-1
0
2
1
2
1
0
2
-1
3
-2
0
-1
0
1
-2
2
2
5
0
4
2
2
1
3
0
2
-1
0
1
0
0
1
1
-1
1
-1
1
1
0
2
-1
1
0
0
0
0
-1
2
0
1
0
0
2
3
0
1
2
-1
1
-1
1
0
1
0
-1
0
2
2
0
1
0
2
0
-1
0
5
0
0
-1
1
2
2
1
2
0
-2
-3
3
0
1
2
0
2
2
-1
1
0
5
-1
3
3
2
-2
0
-1
2
2
1
0
1
1
-1
0
3
1
1
2
3
1
1
1
0
1
0
2
-1
0
-2
0
2
1
1
-1
5
3
2
-3
-1
2
0
2
-1
2
3
3
4
0
1
1
1
2
3
0
1
3
4
2
0
2
1
-1
0
3
-2
0
1
3
2
-1
4
3
2
2
4
-1
5
0
3
1
3
2
2
0
5
3
0
0
-1
0
2
3
2
2
0
0
1
1
2
0
2
2
2
2
0
0
1
0
4
3
2
-1
1
1
1
4
0
1
3
3
-1
-1
2
2
0
2
0
-3
0
1
1
2
2
2
0
4
1
0
2
2
2
3
2
0
5
3
1
0
3
4
-1
-1
0
4
2
-1
2
1
3
4
4
2
3
2
1
1
4
5
3
4
0
2
3
0
0
2
0
2
3
4
2
4
4
2
3
4
-1
3
5
-1
3
2
4
1
2
2
2
3
1
3
1
4
3
4
3
1
5
0
2
3
2
1
2
2
6
5
2
1
3
2
4
2
1
6
4
0
4
2
2
1
3
4
3
1
4
1
2
4
4
2
3
1
1
2
2
0
5
7
5
3
4
1
3
3
2
1
3
2
6
2
4
5
4
2
2
4
2
2
2
4
1
4
1
2
2
3
3
3
5
1
4
2
4
2
4
1
5
4
1
3
6
4
3
1
2
2
3
4
3
2
4
4
6
4
5
0
4
-1
2
-1
2
3
2
3
2
2
2
3
2
5
4
2
3
2
1
3
3
1
1
3
4
4
4
3
4
2
0
5
6
3
3
4
4
4
3
3
6
4
2
1
5
2
5
3
6
3
5
1
4
5
6
4
2
5
3
1
4
2
4
4
1
2
4
1
4
5
5
8
7
4
5
4
2
3
6
3
5
3
4
4
5
7
5
4
3
4
6
4
5
3
6
2
5
5
9
3
6
4
5
4
7
4
3
6
6
4
9
4
5
9
3
5
11
6
5
5
8
5
6
8
6
4
7
4
5
4
10
5
8
5
9
8
8
6
7
9
4
8
7
10
9
5
10
7
7
6
7
6
7
7
10
6
10
9
9
5
9
9
10
7
8
9
10
14
7
12
13
10
11
13
12
13
10
11
13
9
14
15
16
14
16
12
15
14
18
17
18
17
16
16
17
17
18
18
18
16
19
15
17
16
16
15
20
18
19
18
19
21
22
21
20
22
24
28
27
27
30
29
35
32
31
31
37
36
36
39
39
42
42
43
43
44
45
47
46
50
45
50
47
50
53
52
55
52
53
50
49
48
47
47
50
49
48
50
51
53
55
57
54
57
62
61
59
65
64
64
68
66
70
72
73
70
81
79
83
83
84
85
82
86
90
91
95
95
97
96
99
98
99
91
95
90
92
89
92
92
87
88
93
96
93
93
96
94
93
97
98
99
104
99
103
100
108
105
108
106
110
114
114
116
114
119
121
127
131
134
135
135
141
139
149
152
150
154
153
157
160
161
160
161
162
167
162
168
164
168
169
168
171
167
165
166
170
171
178
173
179
178
172
173
176
172
176
170
170
175
172
173
173
175
172
173
169
171
167
168
166
172
170
171
173
173
178
183
183
184
188
191
195
196
194
198
199
199
197
202
209
208
214
216
219
219
226
232
237
242
248
255
261
264
268
275
284
293
301
312
324
327
337
341
349
353
367
371
374
380
389
398
404
400
407
409
414
418
428
418
418
424
418
419
425
424
416
419
417
412
415
413
418
414
420
419
428
427
435
429
430
434
439
440
445
452
451
456
465
465
475
474
483
485
490
490
494
496
496
493
502
504
508
503
510
504
506
501
504
511
513
513
518
517
523
526
529
542
545
547
559
569
577
576
575
579
568
562
557
558
557
552
551
545
543
541
536
541
547
540
548
547
550
561
571
581
603
611
624
636
643
645
652
650
651
644
639
633
626
612
599
591
571
564
554
539
532
514
510
501
501
494
496
495
497
497
509
513
520
527
537
549
565
581
597
609
621
635
638
653
655
666
678
685
697
694
703
707
715
727
727
742
754
751
768
777
785
794
805
819
810
814
802
794
793
776
757
750
735
716
712
696
688
679
680
671
673
672
676
674
673
677
685
691
709
728
745
765
797
818
840
858
867
881
894
896
901
890
897
899
900
902
899
889
887
881
881
876
883
872
880
877
879
886
888
904
912
919
939
956
967
976
998
1011
1032
1041
1063
1077
1094
1111
1128
1151
1160
1174
1193
1192
1208
1227
1243
1243
1245
1238
1225
1205
1200
1179
1175
1149
1127
1108
1085
1056
1042
1030
1012
1006
988
985
975
985
992
1002
1009
1024
1042
1051
1065
1093
1104
1109
1123
1133
1145
1152
1163
1153
1155
1149
1142
1122
1120
1095
1071
1051
1025
996
974
950
930
918
905
895
898
895
905
902
908
905
909
909
918
919
934
941
946
949
958
962
970
984
1005
1016
1016
1026
1038
1042
1054
1067
1066
1082
1089
1084
1102
1111
1113
1121
1120
1125
1129
1120
1128
1129
1125
1117
1113
1111
1115
1108
1106
1089
1088
1084
1080
1080
1095
1089
1105
1100
1098
1098
1098
1100
1105
1099
1113
1119
1130
1143
1155
1174
1192
1204
1226
1248
1277
1283
1304
1331
1339
1354
1368
1383
1394
1386
1392
1393
1391
1377
1376
1383
1386
1388
1394
1411
1406
1405
1425
1435
1432
1443
1451
1460
1480
1483
1477
1499
1492
1501
1507
1506
1503
1504
1505
1497
1488
1493
1475
1464
1472
1457
1470
1460
1467
1471
1478
1499
1507
1528
1523
1547
1536
1536
1533
1543
1550
1552
1549
1555
1554
1574
1573
1571
1565
1556
1572
1567
1580
1576
1602
1607
1623
1647
1663
1680
1699
1720
1735
1755
1794
1816
1836
1874
1901
1926
1942
1972
2003
2008
2031
2033
2031
2016
2006
1987
1978
1970
1961
1953
1956
1941
1949
1947
1948
1956
1958
1952
1947
1942
1938
1921
1905
1879
1870
1850
1841
1817
1794
1753
1728
1699
1687
1665
1663
1656
1652
1643
1624
1591
1576
1544
1528
1496
1482
1475
1458
1458
1459
1447
1452
1454
1467
1478
1502
1524
1536
1570
1583
1609
1622
1636
1643
1645
1639
1650
1630
1617
1609
1602
1594
1582
1579
1568
1561
1541
1535
1524
1523
1517
1508
1499
1500
1505
1503
1503
1514
1531
1538
1545
1535
1543
1537
1527
1511
1497
1492
1476
1461
1444
1437
1421
1433
1428
1421
1409
1408
1401
1386
1391
1390
1372
1378
1382
1390
1396
1401
1428
1445
1461
1482
1515
1536
1547
1543
1556
1575
1571
1568
1569
1551
1557
1546
1546
1561
1551
1563
1562
1563
1562
1576
1567
1577
1584
1585
1594
1616
1627
1642
1659
1661
1661
1666
1665
1650
1627
1603
1566
1544
1510
1468
1433
1418
1398
1383
1373
1359
1362
1363
1362
1364
1372
1382
1390
1407
1419
1428
1457
1468
1483
1498
1510
1518
1520
1508
1485
1472
1441
1428
1391
1378
1369
1361
1354
1365
1386
1403
1436
1466
1506
1538
1570
1611
1649
1664
1689
1703
1711
1718
1735
1749
1752
1769
1777
1783
1779
1777
1769
1760
1762
1760
1763
1776
1787
1800
1809
1825
1829
1860
1877
1913
1945
1956
1958
1972
1960
1950
1946
1920
1915
1883
1857
1839
1809
1786
1761
1768
1753
1763
1780
1794
1813
1821
1834
1852
1868
1898
1945
1991
2022
2056
2093
2115
2149
2158
2160
2173
2149
2139
2139
2125
2124
2101
2094
2064
2047
2020
2003
1984
1948
1935
1899
1896
1877
1881
1880
1867
1859
1844
1826
1815
1801
1781
1756
1747
1726
1731
1728
1729
1715
1698
1700
1708
1705
1704
1717
1717
1727
1731
1749
1758
1766
1786
1795
1823
1816
1821
1812
1822
1825
1820
1812
1791
1792
1781
1773
1757
1737
1736
1728
1723
1728
1730
1737
1755
1744
1763
1763
1759
1761
1746
1738
1731
1742
1738
1740
1739
1742
1740
1720
1708
1704
1681
1648
1637
1612
1582
1555
1515
1479
1434
1403
1367
1342
1310
1277
1244
1216
1199
1183
1163
1160
1158
1163
1155
1176
1183
1209
1239
1273
1306
1347
1393
1424
1463
1490
1504
1525
1545
1560
1574
1592
1616
1628
1646
1655
1677
1668
1684
1682
1691
1678
1676
1663
1653
1636
1614
1611
1601
1583
1568
1559
1566
1548
1545
1532
1533
1529
1547
1538
1544
1545
1555
1565
1579
1590
1601
1630
1647
1677
1705
1724
1741
1762
1779
1788
1780
1786
1786
1789
1779
1779
1779
1783
1766
1739
1731
1709
1690
1668
1666
1663
1659
1655
1643
1647
1639
1647
1656
1668
1671
1662
1666
1680
1683
1686
1688
1696
1707
1715
1725
1737
1749
1772
1768
1775
1797
1792
1810
1803
1796
1785
1782
1778
1769
1779
1783
1781
1773
1771
1792
1805
1806
1811
1808
1788
1762
1746
1722
1716
1699
1714
1723
1740
1771
1781
1799
1822
1843
1883
1916
1939
1963
1993
2026
2068
2100
2126
2152
2181
2209
2243
2267
2278
2284
2265
2264
2263
2223
2204
2181
2165
2164
2154
2155
2149
2128
2102
2093
2066
2053
2031
2021
2000
1984
1989
1987
1985
1979
1997
2008
2013
2030
2060
2066
2077
2113
2112
2105
2121
2137
2149
2150
2154
2138
2100
2049
2011
1961
1907
1852
1800
1763
1741
1725
1718
1718
1720
1732
1740
1760
1773
1800
1814
1835
1830
1846
1877
1883
1911
1936
1957
1994
2008
2027
2027
2030
2023
2012
2000
1995
1970
1970
1984
1965
1961
1971
1986
1994
1995
1997
2005
2012
2012
2031
2041
2048
2064
2082
2100
2099
2138
2143
2147
2130
2100
2096
2076
2080
2058
2064
2050
2038
2022
2000
1971
1964
1932
1918
1893
1883
1880
1859
1846
1836
1820
1822
1816
1809
1780
1761
1740
1715
1686
1679
1657
1643
1627
1638
1636
1651
1671
1686
1712
1724
1721
1718
1703
1693
1675
1667
1654
1647
1634
1641
1618
1609
1587
1555
1532
1486
1469
1439
1405
1375
1365
1345
1336
1339
1347
1367
1377
1391
1384
1392
1397
1390
1386
1399
1397
1410
1415
1423
1437
1433
1434
1424
1403
1399
1370
1355
1347
1342
1322
1312
1295
1274
1243
1223
1192
1166
1147
1133
1129
1125
1123
1132
1141
1162
1183
1220
1248
1275
1314
1351
1370
1399
1434
1470
1508
1560
1607
1654
1705
1755
1792
1845
1875
1906
1954
1957
1991
2011
2007
2019
2026
2044
2057
2060
2066
2075
2057
2051
2027
2024
2005
1990
1954
1937
1897
1893
1867
1864
1842
1812
1780
1733
1714
1669
1642
1625
1618
1634
1638
1642
1652
1658
1660
1669
1683
1701
1721
1741
1761
1781
1795
1821
1844
1851
1866
1859
1835
1819
1808
1787
1765
1745
1725
1711
1720
1740
1739
1744
1741
1740
1738
1744
1765
1792
1839
1900
1937
2001
2049
2100
2142
2192
2218
2249
2254
2249
2232
2200
2173
2144
2131
2101
2071
2060
2030
1993
1943
1926
1907
1881
1856
1848
1842
1830
1848
1860
1890
1925
1962
2021
2065
2104
2117
2150
2147
2172
2158
2166
2144
2116
2082
2050
2026
2002
1976
1947
1915
1881
1844
1814
1792
1762
1742
1737
1720
1727
1717
1732
1737
1761
1780
1796
1822
1849
1868
1889
1896
1914
1944
1971
2004
2036
2052
2084
2111
2131
2145
2166
2185
2197
2216
2227
2223
2231
2242
2247
2243
2234
2217
2228
2219
2211
2203
2192
2186
2173
2163
2142
2138
2127
2112
2088
2064
2056
2040
2017
1995
1978
1966
1952
1943
1940
1936
1930
1903
1892
1892
1894
1891
1897
1900
1891
1882
1885
1882
1883
1880
1878
1873
1858
1850
1832
1820
1814
1806
1791
1781
1792
1771
1760
1755
1747
1735
1733
1732
1722
1697
1694
1682
1680
1663
1673
1671
1665
1672
1676
1688
1712
1727
1733
1754
1761
1773
1813
1836
1863
1873
1901
1928
1953
1958
1973
1982
1994
1997
1997
2000
1996
1984
1959
1927
1911
1882
1873
1845
1842
1844
1840
1828
1812
1809
1795
1791
1796
1784
1783
1781
1752
1733
1710
1676
1656
1650
1644
1624
1619
1625
1620
1628
1647
1665
1702
1734
1768
1822
1863
1895
1920
1941
1961
1984
2003
2049
2046
2059
2048
2031
2014
1997
1982
1957
1922
1880
1844
1811
1770
1744
1718
1697
1686
1671
1669
1673
1679
1663
1645
1619
1617
1622
1624
1616
1617
1605
1606
1595
1606
1617
1651
1667
1692
1709
1717
1732
1721
1702
1677
1656
1623
1615
1595
1561
1521
1468
1437
1392
1376
1359
1361
1366
1380
1397
1427
1466
1514
1554
1604
1653
1701
1741
1781
1812
1827
1848
1861
1865
1851
1834
1819
1783
1752
1699
1657
1602
1569
1532
1493
1478
1476
1472
1478
1495
1497
1520
1557
1582
1625
1673
1713
1759
1789
1816
1851
1875
1914
1936
1959
1970
1993
1989
1984
1992
1995
1984
1969
1944
1924
1925
1897
1887
1872
1852
1858
1865
1849
1852
1856
1866
1884
1899
1920
1925
1919
1922
1930
1925
1919
1930
1936
1953
1961
1971
2001
2012
2034
2049
2047
2062
2065
2085
2102
2111
2133
2146
2174
2176
2194
2213
2227
2250
2248
2263
2277
2288
2293
2301
2318
2309
2317
2331
2346
2345
2342
2339
2339
2320
2302
2292
2268
2241
2209
2182
2136
2109
2064
2044
1999
1970
1942
1898
1870
1839
1810
1768
1746
1733
1720
1692
1695
1688
1664
1646
1637
1631
1614
1600
1573
1563
1541
1521
1513
1499
1492
1485
1491
1492
1490
1519
1532
1546
1559
1566
1585
1605
1617
1636
1667
1698
1708
1723
1732
1742
1737
1742
1748
1750
1750
1751
1736
1716
1703
1675
1640
1627
1623
1604
1591
1580
1558
1530
1524
1519
1512
1495
1483
1470
1432
1420
1391
1363
1342
1313
1283
1258
1248
1227
1220
1210
1200
1193
1175
1177
1161
1145
1121
1098
1078
1065
1040
1023
1008
991
991
991
989
980
972
960
962
941
932
918
919
906
902
905
914
901
909
905
920
907
915
904
902
897
888
878
873
869
875
871
880
888
908
918
935
953
973
995
1020
1044
1057
1085
1102
1127
1158
1190
1213
1244
1281
1296
1325
1354
1358
1357
1376
1381
1393
1386
1394
1390
1397
1387
1401
1396
1394
1375
1357
1336
1323
1314
1311
1316
1319
1308
1306
1291
1284
1275
1252
1242
1226
1204
1170
1161
1178
1198
1208
1216
1223
1233
1235
1239
1252
1266
1281
1316
1342
1365
1381
1403
1434
1457
1459
1445
1448
1433
1415
1395
1375
1365
1352
1332
1307
1292
1278
1271
1286
1287
1305
1307
1319
1316
1329
1332
1339
1351
1378
1384
1401
1405
1405
1408
1412
1414
1402
1396
1386
1376
1371
1358
1347
1345
1332
1335
1336
1329
1318
1314
1296
1307
1299
1283
1289
1290
1300
1305
1305
1319
1331
1346
1359
1367
1386
1389
1409
1428
1464
1480
1508
1520
1542
1564
1565
1590
1601
1604
1627
1632
1624
1623
1645
1639
1652
1670
1658
1665
1655
1645
1637
1622
1619
1625
1607
1579
1563
1552
1536
1532
1514
1508
1491
1498
1483
1486
1492
1499
1528
1559
1569
1578
1605
1644
1652
1650
1665
1666
1678
1695
1706
1690
1691
1676
1684
1681
1660
1645
1625
1616
1595
1569
1558
1537
1501
1478
1469
1432
1404
1387
1369
1346
1331
1294
1275
1248
1226
1195
1179
1155
1141
1121
1094
1076
1054
1034
996
960
911
860
810
763
719
678
645
610
587
553
528
510
497
485
475
469
468
466
468
482
492
511
528
544
568
602
621
650
674
690
696
715
737
760
783
801
822
845
872
895
915
931
954
964
979
993
1002
1014
1033
1050
1060
1075
1088
1109
1118
1132
1141
1152
1151
1157
1168
1166
1169
1170
1167
1155
1164
1155
1152
1141
1136
1131
1129
1118
1117
1106
1089
1067
1050
1038
1022
991
970
954
919
901
868
829
787
757
709
676
641
606
582
560
539
520
514
498
481
478
462
456
457
462
462
470
487
498
521
546
568
601
613
649
682
718
748
783
822
855
885
920
951
975
995
1019
1062
1066
1083
1096
1105
1110
1119
1131
1133
1121
1125
1119
1133
1142
1156
1151
1155
1166
1168
1170
1169
1166
1186
1197
1212
1226
1239
1239
1244
1265
1273
1278
1291
1291
1300
1301
1299
1300
1298
1302
1299
1286
1284
1280
1284
1282
1287
1284
1291
1291
1285
1299
1298
1302
1306
1310
1316
1314
1322
1326
1309
1299
1280
1275
1274
1271
1275
1289
1292
1293
1294
1302
1300
1300
1306
1299
1303
1314
1326
1324
1342
1349
1357
1357
1372
1381
1378
1382
1386
1385
1371
1368
1360
1364
1357
1357
1355
1362
1365
1364
1367
1363
1367
1365
1369
1368
1367
1353
1348
1340
1327
1334
1329
1341
1349
1361
1358
1352
1355
1351
1360
1365
1355
1342
1332
1325
1318
1296
1294
1270
1259
1234
1213
1194
1174
1170
1172
1185
1187
1180
1183
1197
1198
1198
1216
1220
1226
1236
1251
1247
1252
1248
1252
1260
1261
1256
1263
1248
1249
1238
1214
1196
1170
1148
1130
1117
1102
1094
1082
1074
1076
1064
1068
1069
1071
1066
1074
1066
1071
1081
1087
1095
1108
1114
1115
1123
1118
1113
1104
1087
1079
1070
1062
1056
1040
1029
1023
1008
1001
996
996
988
982
975
971
951
937
931
929
903
897
900
900
903
893
880
876
869
868
855
863
856
858
855
853
850
855
856
862
864
852
851
843
849
849
837
840
843
843
841
835
821
810
804
798
793
789
787
798
802
799
812
801
809
799
806
799
800
800
795
803
802
810
797
796
800
808
812
813
808
817
815
811
808
792
795
789
780
779
780
783
786
780
779
778
776
765
764
753
742
735
710
700
687
686
685
677
679
662
642
632
611
614
600
599
589
585
579
575
571
558
554
564
569
562
567
566
572
567
579
573
576
582
585
598
613
621
626
635
640
634
643
645
642
646
633
637
625
630
624
634
638
644
650
656
661
648
652
650
650
647
644
640
635
637
633
630
623
623
621
621
624
616
610
611
606
606
600
605
598
598
597
595
592
590
587
581
572
563
567
565
549
554
542
545
539
538
537
537
544
547
553
556
556
560
558
554
560
566
571
576
577
584
585
588
591
588
572
565
562
562
551
553
540
546
541
551
528
534
534
537
535
529
532
524
524
522
529
524
533
538
533
538
529
525
514
511
511
508
502
501
504
500
498
499
497
495
495
500
495
497
496
495
497
499
511
516
518
524
523
519
531
538
540
543
533
483
282
0
0
-1
1
0
-1
-1
-4
538
516
-1
-1
-1
0
0

