;UFOS3
;Measurement details: channel = Z-D, date = 02.06.2018, time = 11:16:42
Exposure=209
Gain=0
Temperature=26.1
Accummulate=4
1.311 mu
1.314 amas
49.539 hs
319 ozone
0 uva
0 uvb
0 uve
[Value]
0
1
0
0
-3
-1
1
-2
3
0
2
-3
-1
0
-2
-2
-2
-1
-2
1
0
3
0
4
-1
-1
1
2
3
-1
2
-3
0
-1
1
0
0
-2
-2
-2
-3
-1
-1
0
0
1
2
0
-2
1
0
0
-3
0
0
-1
1
-2
2
-2
1
-1
0
3
-3
0
2
0
1
0
-2
1
0
0
3
0
0
0
0
-1
-2
0
1
-1
1
1
0
0
3
-3
0
-2
-1
0
-4
0
-1
2
1
1
1
-2
1
-1
2
-1
1
-3
-1
0
0
-1
-1
1
1
-2
-4
0
-1
1
0
1
2
-1
1
1
0
-3
-1
0
2
0
0
-1
1
0
2
0
3
2
0
-1
1
-2
3
1
0
2
-2
-3
1
-1
1
1
1
-3
-1
-1
0
1
4
2
1
1
2
-3
-1
-1
0
0
1
0
-2
1
2
-1
-2
0
3
-1
0
2
2
0
1
1
0
-1
-2
1
-1
0
3
1
-3
2
1
-1
-3
0
1
2
-2
-3
0
1
-1
3
2
0
0
2
1
-1
2
2
-1
4
-1
1
4
-1
2
0
0
0
4
-1
0
0
0
0
1
1
2
2
2
2
2
-2
-1
0
0
1
2
1
-1
-3
2
0
1
1
1
1
1
-1
1
2
1
1
-2
2
3
0
0
0
0
3
-1
-1
2
-1
-1
-1
0
1
4
0
3
2
2
3
1
-2
2
-1
0
0
0
0
-1
0
1
-2
1
2
2
1
1
2
1
2
2
0
2
1
1
2
5
-1
1
0
0
-3
2
-1
0
0
2
4
4
-3
4
-2
2
0
4
3
-1
1
2
1
3
2
-2
0
2
1
3
-1
2
2
-1
2
2
1
-1
1
-2
3
0
0
5
0
-1
0
1
0
4
-1
3
1
-1
0
1
1
2
-1
-1
1
4
1
-1
-2
2
0
1
2
4
3
-2
0
3
-2
0
-1
0
-2
2
1
-4
0
3
1
0
1
1
0
2
-1
2
-1
-1
3
2
2
0
-3
2
-3
3
2
2
-1
1
2
1
0
3
1
3
0
4
3
0
0
3
-1
2
1
2
1
2
1
0
1
-1
0
0
2
-2
2
0
-2
1
-2
4
1
-1
0
2
2
0
1
3
0
0
-1
-1
1
3
1
5
3
4
3
3
-1
3
3
1
2
3
0
1
1
-2
0
1
2
2
3
5
2
1
0
0
0
3
1
3
3
3
2
4
2
0
0
0
1
2
1
3
1
-1
0
3
3
-1
0
-4
2
1
4
5
2
3
4
1
2
1
1
1
1
2
4
0
1
0
2
4
1
0
2
3
0
3
-1
4
3
-1
1
3
3
4
2
4
2
2
3
3
2
2
2
0
2
4
0
2
3
2
2
0
-1
2
2
1
0
4
3
3
2
2
1
3
0
1
0
2
-1
3
3
3
1
5
2
4
0
1
3
2
3
2
1
2
3
3
0
5
1
3
-1
2
2
4
6
1
0
2
5
3
3
4
4
3
5
1
0
2
2
1
6
4
-2
0
2
3
-2
1
4
-1
3
2
5
4
1
1
4
5
0
0
3
4
2
5
2
4
1
4
3
0
1
5
1
0
3
1
-1
3
1
5
2
4
1
5
1
2
2
4
-1
2
4
1
4
5
2
4
4
4
6
6
4
2
3
3
2
5
3
4
5
4
3
5
5
4
4
0
4
1
5
2
2
5
0
5
5
7
5
5
5
7
3
5
4
4
4
6
3
6
4
5
5
3
7
7
6
6
0
4
3
7
8
8
7
5
4
9
4
5
5
8
6
6
5
6
6
7
7
5
5
8
5
8
8
5
8
4
4
8
8
6
6
7
8
7
7
4
6
9
13
8
7
10
8
10
5
8
9
9
10
10
8
14
12
10
11
10
12
14
15
12
13
13
16
15
13
15
15
18
14
19
17
17
16
16
17
14
15
17
16
17
17
15
15
17
19
18
16
15
17
18
21
21
19
23
22
25
26
30
30
29
32
37
32
35
34
35
37
40
37
45
42
46
42
50
45
49
49
49
52
56
48
55
52
54
52
53
52
52
52
55
52
51
52
50
50
52
53
53
57
57
55
62
57
64
63
64
67
69
71
71
72
76
77
76
80
87
85
87
88
92
91
93
97
102
102
102
106
106
105
104
105
103
101
100
102
101
100
96
96
100
103
102
102
101
103
105
104
108
105
108
105
112
108
110
110
117
114
115
117
123
118
126
125
131
131
135
136
144
148
150
152
157
157
162
166
169
170
171
169
177
178
173
179
180
180
186
185
186
178
190
185
184
186
188
184
189
191
197
195
199
193
197
194
195
189
195
189
191
191
192
192
194
195
195
195
194
187
189
185
188
184
190
188
190
193
198
199
207
201
210
208
215
214
219
220
222
224
223
221
232
229
237
238
245
246
254
258
265
271
277
281
288
292
299
312
316
331
339
344
361
366
375
382
391
395
408
418
421
427
433
441
450
452
458
458
470
466
474
471
473
473
471
473
475
478
472
469
475
462
463
464
468
472
472
471
482
481
481
487
484
486
498
495
501
504
511
514
520
522
531
534
545
544
548
552
548
551
557
560
562
562
572
570
574
569
567
565
565
568
576
578
579
582
585
592
595
601
607
614
630
632
642
642
643
645
641
636
633
622
623
619
614
609
604
603
606
606
603
605
612
615
625
628
640
656
677
688
697
712
717
718
725
732
725
716
719
711
703
683
666
658
642
627
615
605
590
575
577
558
553
547
558
555
561
556
565
570
582
584
605
623
634
645
673
676
695
709
721
724
732
748
757
770
772
776
793
793
807
814
817
825
849
850
862
871
872
889
903
910
907
901
888
890
881
858
848
829
821
797
791
773
770
768
760
749
755
755
753
746
752
760
763
784
790
810
838
863
890
910
927
953
970
980
993
997
1006
1002
996
1001
1000
1005
1001
994
993
984
988
978
970
974
982
973
976
990
993
1003
1017
1036
1044
1067
1076
1089
1114
1122
1142
1157
1184
1201
1226
1232
1253
1275
1296
1312
1325
1333
1352
1362
1378
1375
1383
1378
1367
1353
1337
1317
1301
1276
1252
1231
1212
1182
1167
1146
1130
1118
1105
1098
1095
1095
1101
1109
1126
1142
1164
1169
1188
1217
1226
1240
1248
1263
1262
1279
1284
1276
1280
1272
1269
1254
1237
1218
1191
1161
1130
1100
1072
1052
1034
1021
1004
997
992
991
1003
995
1011
1005
1009
1008
1007
1016
1041
1036
1049
1054
1059
1067
1081
1092
1104
1120
1129
1133
1140
1157
1170
1183
1181
1184
1215
1205
1228
1223
1235
1247
1246
1244
1241
1246
1248
1245
1239
1231
1228
1231
1224
1218
1214
1211
1203
1199
1201
1198
1207
1201
1208
1212
1214
1210
1203
1210
1212
1225
1227
1240
1250
1258
1279
1293
1317
1330
1357
1367
1401
1408
1443
1462
1472
1482
1511
1508
1526
1530
1541
1528
1527
1523
1516
1519
1523
1524
1535
1545
1543
1553
1560
1566
1577
1585
1598
1602
1618
1627
1636
1645
1645
1643
1655
1660
1646
1647
1652
1653
1641
1633
1621
1614
1610
1603
1606
1597
1607
1612
1633
1638
1656
1668
1671
1682
1683
1679
1690
1693
1690
1699
1695
1702
1713
1721
1720
1708
1706
1700
1713
1713
1722
1721
1754
1756
1774
1792
1816
1836
1847
1882
1897
1915
1947
1977
2006
2036
2066
2095
2117
2148
2168
2179
2202
2208
2204
2180
2177
2164
2142
2139
2136
2127
2125
2112
2120
2119
2119
2123
2129
2124
2120
2103
2104
2086
2062
2048
2025
2015
1990
1964
1941
1905
1870
1851
1832
1811
1795
1800
1784
1777
1754
1736
1701
1664
1655
1613
1611
1597
1595
1582
1579
1574
1573
1572
1594
1600
1624
1648
1665
1697
1718
1731
1754
1766
1778
1781
1773
1771
1764
1752
1748
1733
1725
1705
1709
1696
1688
1662
1662
1650
1639
1641
1634
1618
1617
1618
1626
1627
1634
1648
1662
1665
1654
1656
1650
1649
1632
1611
1602
1589
1577
1562
1543
1538
1527
1532
1532
1526
1513
1502
1500
1489
1495
1488
1486
1485
1489
1500
1518
1524
1563
1569
1601
1629
1639
1655
1665
1670
1687
1684
1681
1676
1664
1661
1654
1646
1659
1666
1669
1674
1671
1679
1686
1690
1680
1693
1699
1708
1730
1745
1754
1768
1772
1779
1776
1778
1764
1750
1719
1679
1645
1606
1563
1534
1519
1496
1483
1471
1461
1445
1450
1445
1468
1478
1477
1491
1500
1517
1515
1549
1571
1584
1600
1611
1615
1616
1613
1587
1573
1540
1512
1500
1475
1464
1444
1436
1462
1470
1497
1529
1562
1596
1634
1678
1709
1752
1780
1796
1801
1813
1832
1835
1857
1873
1876
1883
1887
1879
1875
1876
1862
1867
1864
1874
1884
1895
1905
1918
1934
1947
1969
1999
2026
2055
2070
2074
2076
2073
2071
2050
2035
2027
1990
1964
1945
1909
1887
1861
1861
1849
1866
1877
1898
1907
1930
1928
1951
1974
2005
2046
2100
2134
2177
2204
2233
2257
2267
2267
2275
2268
2265
2245
2243
2234
2218
2202
2181
2154
2132
2105
2091
2070
2041
2000
1986
1978
1975
1975
1955
1957
1939
1918
1910
1894
1876
1842
1836
1816
1817
1816
1820
1804
1794
1782
1788
1794
1793
1804
1802
1810
1818
1821
1846
1861
1873
1881
1899
1907
1909
1907
1907
1909
1904
1898
1881
1879
1871
1847
1826
1814
1812
1804
1802
1807
1817
1810
1833
1825
1832
1841
1837
1830
1822
1814
1808
1810
1823
1817
1826
1810
1814
1799
1777
1767
1749
1721
1705
1682
1650
1611
1587
1538
1505
1459
1438
1400
1363
1324
1294
1275
1256
1236
1228
1207
1217
1208
1204
1233
1242
1254
1292
1324
1360
1403
1445
1472
1516
1541
1564
1581
1603
1621
1637
1650
1679
1688
1704
1724
1734
1739
1735
1737
1744
1733
1747
1720
1716
1694
1673
1663
1660
1641
1637
1624
1620
1608
1595
1594
1592
1597
1599
1589
1587
1608
1603
1620
1630
1635
1663
1684
1710
1723
1754
1775
1795
1823
1841
1855
1841
1845
1841
1838
1840
1830
1836
1834
1820
1794
1788
1759
1736
1721
1716
1716
1706
1715
1697
1692
1693
1700
1702
1709
1713
1720
1716
1724
1732
1734
1741
1748
1758
1766
1775
1786
1784
1803
1817
1825
1839
1841
1854
1850
1851
1833
1829
1816
1817
1830
1827
1831
1817
1815
1838
1855
1848
1857
1849
1834
1808
1795
1766
1753
1748
1748
1760
1782
1801
1817
1849
1860
1887
1911
1953
1976
1999
2033
2065
2102
2129
2165
2192
2225
2252
2270
2319
2324
2326
2315
2313
2288
2271
2251
2219
2217
2203
2201
2193
2183
2173
2144
2131
2103
2086
2061
2045
2047
2025
2020
2030
2018
2022
2025
2044
2044
2067
2081
2103
2117
2143
2140
2137
2158
2176
2180
2181
2179
2159
2132
2089
2037
1988
1937
1884
1827
1795
1755
1749
1737
1739
1745
1742
1761
1773
1795
1823
1831
1849
1866
1867
1888
1913
1926
1972
1981
2018
2034
2047
2037
2047
2046
2030
2024
2011
2010
1979
1985
1983
1983
1994
2003
2006
2001
2028
2035
2023
2029
2039
2051
2069
2079
2094
2113
2123
2155
2159
2146
2135
2119
2097
2090
2087
2073
2084
2062
2041
2025
2015
1992
1975
1941
1928
1911
1897
1888
1869
1857
1844
1835
1822
1816
1806
1785
1764
1748
1717
1702
1676
1655
1653
1647
1636
1633
1659
1678
1689
1723
1734
1725
1720
1694
1696
1676
1660
1652
1643
1639
1630
1621
1608
1577
1562
1530
1489
1474
1437
1409
1372
1359
1341
1335
1340
1347
1370
1367
1383
1380
1387
1390
1382
1379
1390
1385
1394
1411
1418
1434
1426
1420
1421
1397
1381
1356
1349
1340
1333
1318
1297
1286
1266
1240
1212
1188
1161
1138
1122
1127
1119
1122
1124
1142
1149
1162
1203
1235
1267
1297
1337
1357
1385
1421
1458
1501
1540
1591
1643
1672
1730
1772
1816
1862
1883
1919
1942
1976
1972
1986
1995
1991
2016
2021
2039
2041
2038
2025
2017
2008
1990
1971
1954
1926
1905
1877
1865
1844
1829
1812
1789
1753
1714
1673
1655
1617
1606
1596
1601
1608
1617
1622
1634
1639
1640
1659
1675
1703
1712
1730
1750
1763
1789
1813
1831
1829
1822
1800
1787
1763
1757
1717
1712
1689
1684
1692
1704
1708
1720
1707
1702
1705
1713
1733
1752
1799
1850
1888
1960
2000
2058
2091
2139
2166
2194
2201
2197
2190
2146
2121
2087
2078
2051
2031
2007
1979
1943
1906
1877
1859
1841
1808
1807
1785
1790
1799
1821
1845
1873
1919
1980
2006
2029
2059
2083
2096
2114
2106
2104
2088
2061
2036
1995
1969
1944
1913
1880
1862
1828
1801
1766
1741
1711
1689
1684
1668
1678
1664
1677
1693
1708
1726
1740
1770
1784
1807
1826
1833
1843
1881
1918
1938
1977
1989
2015
2031
2063
2085
2087
2111
2120
2144
2148
2149
2163
2165
2160
2166
2165
2143
2149
2134
2128
2121
2124
2111
2103
2089
2075
2065
2048
2027
2011
2002
1982
1969
1949
1919
1911
1899
1898
1876
1870
1857
1853
1836
1825
1818
1825
1816
1829
1815
1813
1813
1803
1797
1808
1801
1799
1792
1787
1777
1755
1750
1726
1730
1719
1717
1712
1704
1690
1677
1672
1666
1664
1654
1642
1631
1615
1597
1602
1586
1594
1598
1597
1596
1606
1608
1630
1639
1650
1668
1682
1704
1719
1744
1768
1787
1813
1827
1852
1868
1880
1889
1899
1908
1907
1907
1896
1889
1860
1834
1818
1792
1760
1760
1758
1744
1742
1727
1730
1707
1706
1701
1698
1688
1687
1676
1669
1650
1615
1590
1576
1561
1554
1537
1543
1534
1539
1546
1556
1579
1609
1637
1677
1728
1768
1799
1821
1826
1853
1876
1911
1942
1936
1929
1939
1903
1903
1881
1861
1843
1808
1771
1731
1708
1663
1649
1625
1604
1581
1578
1582
1573
1575
1562
1548
1538
1530
1523
1532
1529
1513
1505
1514
1498
1505
1531
1542
1561
1588
1601
1617
1627
1618
1593
1583
1556
1518
1514
1495
1474
1421
1385
1348
1304
1284
1273
1271
1281
1295
1307
1335
1383
1413
1462
1500
1550
1589
1618
1664
1683
1713
1721
1735
1747
1726
1717
1694
1663
1623
1590
1546
1502
1469
1431
1400
1385
1378
1372
1388
1387
1403
1414
1444
1476
1508
1557
1600
1634
1667
1692
1718
1744
1771
1801
1820
1829
1844
1845
1852
1847
1858
1840
1827
1811
1795
1768
1769
1757
1741
1714
1718
1721
1713
1716
1722
1730
1747
1771
1781
1774
1783
1782
1784
1787
1780
1783
1799
1813
1825
1833
1847
1872
1882
1893
1908
1901
1924
1919
1940
1958
1969
1980
2006
2018
2012
2046
2058
2069
2081
2090
2105
2117
2112
2127
2138
2126
2145
2146
2154
2164
2169
2157
2155
2142
2122
2111
2091
2060
2042
2002
1966
1933
1899
1872
1836
1808
1785
1738
1715
1689
1663
1620
1602
1589
1576
1553
1555
1544
1527
1510
1511
1487
1490
1459
1447
1425
1414
1396
1386
1375
1365
1364
1370
1365
1372
1385
1398
1411
1427
1435
1449
1471
1471
1488
1524
1548
1553
1567
1588
1594
1575
1592
1595
1594
1592
1591
1578
1561
1551
1528
1505
1486
1480
1458
1449
1438
1409
1393
1384
1376
1366
1352
1345
1325
1298
1289
1267
1239
1213
1190
1171
1147
1123
1114
1111
1099
1088
1078
1065
1066
1048
1029
1023
996
970
954
945
926
905
901
901
898
892
888
875
870
861
850
843
837
825
815
820
819
815
810
822
822
827
821
820
814
813
811
803
792
793
786
790
787
794
796
816
823
839
860
875
894
920
934
952
971
980
1020
1040
1068
1083
1111
1141
1170
1186
1202
1218
1230
1240
1232
1242
1239
1248
1241
1252
1241
1240
1256
1251
1227
1212
1204
1183
1172
1175
1173
1186
1169
1168
1148
1141
1138
1125
1122
1091
1080
1061
1036
1053
1078
1081
1081
1089
1101
1103
1102
1114
1127
1132
1174
1203
1218
1237
1253
1275
1290
1293
1296
1290
1278
1258
1238
1229
1215
1189
1185
1169
1142
1129
1128
1140
1145
1166
1164
1172
1170
1175
1181
1197
1201
1224
1234
1248
1249
1247
1246
1249
1253
1237
1227
1227
1219
1213
1201
1192
1187
1184
1177
1181
1172
1168
1160
1150
1150
1139
1143
1148
1135
1144
1147
1159
1164
1181
1179
1201
1219
1222
1225
1247
1256
1290
1309
1321
1347
1357
1377
1380
1403
1408
1418
1429
1441
1423
1434
1450
1448
1451
1465
1458
1465
1457
1443
1438
1420
1430
1416
1401
1382
1370
1361
1342
1342
1334
1324
1313
1319
1301
1308
1314
1317
1339
1367
1379
1386
1408
1433
1449
1455
1460
1457
1472
1479
1489
1483
1480
1460
1466
1461
1464
1434
1419
1414
1399
1371
1364
1330
1314
1293
1272
1251
1225
1209
1191
1171
1163
1138
1118
1089
1070
1041
1025
1004
985
969
952
940
924
898
867
831
797
748
699
662
623
586
555
529
508
482
462
448
428
418
412
403
405
401
409
420
432
444
455
471
495
520
536
563
575
597
607
619
636
658
676
687
719
728
755
768
792
807
820
832
841
856
859
874
887
903
915
920
936
945
960
968
986
989
983
987
1002
999
1003
1005
1002
993
990
991
984
976
971
966
967
960
956
943
935
921
906
887
871
847
830
814
794
762
743
706
679
648
612
573
550
519
500
481
467
451
440
428
416
404
399
393
393
396
399
414
425
433
451
467
490
507
529
556
581
614
631
671
698
728
762
778
809
828
840
875
898
908
924
928
939
947
952
955
956
954
954
954
959
968
972
973
984
985
993
991
996
993
1011
1011
1031
1035
1048
1053
1064
1071
1084
1092
1095
1095
1088
1105
1097
1098
1107
1097
1094
1090
1085
1087
1073
1084
1093
1089
1089
1094
1087
1094
1097
1100
1099
1109
1106
1109
1118
1114
1105
1095
1081
1076
1078
1080
1082
1093
1089
1092
1092
1096
1107
1099
1102
1095
1104
1112
1124
1121
1124
1130
1146
1145
1150
1163
1161
1172
1163
1159
1160
1150
1142
1152
1138
1146
1139
1140
1145
1148
1151
1139
1150
1142
1140
1145
1152
1125
1133
1116
1117
1115
1111
1123
1125
1132
1145
1135
1130
1136
1137
1134
1129
1126
1117
1111
1097
1092
1076
1070
1050
1023
1015
995
981
977
981
986
997
988
989
1002
1004
1004
1017
1016
1017
1024
1039
1041
1044
1041
1043
1053
1051
1053
1051
1041
1040
1036
1012
990
974
956
946
931
916
910
905
897
893
888
891
886
892
883
892
886
883
898
902
905
919
925
921
930
935
912
918
897
894
886
884
874
860
847
845
833
830
829
824
818
815
804
796
786
777
768
766
758
743
739
741
743
743
727
729
719
710
713
710
706
711
700
705
709
703
707
707
710
711
699
696
694
690
688
695
696
703
689
685
681
671
660
661
659
649
654
656
660
666
661
667
660
656
654
656
656
653
646
654
661
665
661
656
660
662
666
658
667
668
668
662
662
649
649
647
642
636
631
641
643
637
640
637
638
628
617
617
614
596
582
576
561
557
558
559
557
540
532
518
506
503
491
487
481
477
468
467
462
455
453
461
460
457
460
464
460
462
466
466
470
475
474
487
496
501
509
517
525
523
520
522
524
518
517
516
513
509
508
520
520
521
528
530
532
531
524
531
527
526
523
519
518
513
512
509
505
499
499
500
503
497
493
494
495
492
487
482
485
482
481
482
472
481
471
472
463
456
454
455
452
449
439
437
437
437
435
439
439
438
441
448
452
449
449
453
457
457
463
469
469
465
471
477
473
468
461
456
449
454
447
447
440
437
434
437
431
429
426
428
429
426
417
424
420
425
426
422
429
426
430
428
419
420
413
415
411
415
405
404
400
401
400
400
392
397
400
398
393
392
394
400
399
402
403
412
417
413
415
423
427
437
430
433
427
382
225
-3
-4
-1
-1
1
-3
1
-1
429
412
-2
-2
2
0
0

