;UFOS3
;Measurement details: channel = Z-D, date = 02.06.2018, time = 11:26:42
Exposure=212
Gain=0
Temperature=26.1
Accummulate=4
1.324 mu
1.327 amas
48.883 hs
320 ozone
0 uva
0 uvb
0 uve
[Value]
0
-1
1
1
-2
-1
0
0
1
-4
1
-4
1
0
-5
-2
-1
0
0
-2
0
0
-1
1
1
1
-1
3
0
0
2
1
-1
4
-3
0
-2
1
-2
2
-1
2
1
0
2
-1
-1
-2
0
-1
-1
-2
1
-2
1
-1
2
-3
0
-2
-5
2
-1
-1
0
-1
0
-3
0
0
3
-2
0
2
-2
0
0
1
0
-1
0
-4
-2
-1
-3
-2
-5
-3
-1
0
-1
0
2
0
0
-1
-1
0
4
-3
-2
0
1
-2
0
0
1
1
4
-3
1
-4
-1
0
0
0
0
2
-1
-2
0
-2
-2
1
1
-1
1
2
0
3
1
1
2
-2
-2
-3
0
-2
0
0
1
3
3
0
-1
-2
-3
-1
1
0
2
2
0
1
1
0
1
2
0
-1
-1
-1
-3
2
2
-2
1
-3
0
-1
0
-1
0
-1
2
-1
-3
-2
3
-1
2
1
-1
2
0
0
0
-1
2
-1
-1
2
-1
-1
1
-3
-2
-1
1
-2
1
0
0
-2
2
2
-2
1
1
-3
3
0
-1
0
-1
-1
-1
-3
2
-1
2
2
2
1
-1
3
3
0
-1
-2
3
1
2
2
-2
-2
1
1
2
0
1
-3
1
1
2
0
-2
1
0
0
-1
-2
-2
3
-1
0
0
-1
0
-2
0
3
2
1
0
-2
1
-2
2
2
2
3
0
3
-2
-1
3
1
1
0
0
1
3
0
-1
1
3
-1
-2
-2
2
3
5
1
2
-1
1
2
-1
1
2
-1
4
1
2
-3
-1
-2
-1
1
0
1
0
1
4
0
3
5
1
0
3
-1
0
-2
1
1
2
2
1
3
-1
0
1
1
2
4
4
-1
-1
1
0
0
1
0
-1
-2
2
-3
0
-1
-1
-4
1
2
0
0
1
-2
0
2
3
2
0
-2
2
0
0
0
3
2
2
0
0
1
0
2
1
-2
2
1
1
1
1
-2
2
1
2
-1
1
-1
0
1
0
1
-1
-1
2
1
3
2
2
3
0
2
3
1
2
-2
4
0
2
3
3
2
2
0
4
1
4
0
3
1
2
1
0
0
0
1
1
3
1
1
3
1
4
3
2
-2
0
-1
-1
1
2
3
0
2
2
2
0
2
5
0
2
-1
-1
0
3
3
-1
4
0
1
3
2
2
-1
2
1
4
2
-1
1
2
1
2
0
0
-2
1
2
-1
-2
2
3
3
3
0
1
2
2
1
4
1
0
0
-1
3
2
2
0
-1
3
0
2
-1
-2
3
4
2
-1
2
4
5
0
0
3
2
3
1
0
2
3
2
3
4
3
1
3
1
3
4
3
4
2
2
-1
2
3
0
3
2
0
2
1
-2
2
0
0
3
1
2
2
2
2
2
2
3
5
0
2
0
2
1
5
3
4
2
0
4
0
-1
2
2
1
3
5
2
-1
1
1
2
4
2
0
-1
3
1
2
2
0
1
3
2
2
5
3
3
3
1
2
2
4
5
2
3
4
3
2
3
4
3
3
0
0
2
3
2
3
3
0
3
3
5
6
3
4
-1
-2
1
0
4
5
4
1
3
1
2
5
4
4
4
3
1
3
0
3
5
5
7
1
3
4
3
1
5
2
4
5
1
6
5
5
2
4
6
6
1
3
5
3
4
6
0
0
5
4
3
4
0
6
5
6
5
3
5
0
3
3
0
5
2
3
0
2
5
5
3
2
1
4
6
0
2
6
2
3
4
3
4
4
2
5
5
3
5
4
1
4
3
5
3
3
5
2
3
6
3
5
4
5
5
6
3
9
3
5
3
8
4
4
3
5
9
4
9
10
8
6
8
8
9
4
7
8
11
3
7
5
8
9
9
5
11
6
8
5
6
7
9
7
9
9
6
10
8
10
8
5
12
10
9
8
14
8
11
12
13
10
13
10
11
11
13
14
15
16
15
17
16
16
17
17
17
14
15
15
17
18
15
17
16
14
17
19
21
15
19
17
17
19
20
18
19
22
21
22
27
27
28
23
30
31
29
33
32
33
31
35
37
38
39
42
43
46
44
48
48
46
47
48
49
52
50
50
54
53
51
54
53
51
50
51
47
47
50
49
51
53
53
53
58
58
61
58
63
63
61
66
67
68
70
72
74
74
76
77
85
86
86
89
91
90
94
93
97
100
99
100
104
104
103
102
105
101
99
99
96
98
96
91
95
96
100
100
97
99
101
100
103
106
109
107
106
107
109
111
112
113
115
118
120
124
121
123
131
129
134
137
140
141
150
148
153
155
158
162
165
169
170
169
173
176
175
178
182
178
182
178
185
182
183
182
182
181
188
185
186
188
190
194
187
195
188
193
194
193
190
186
190
189
191
190
189
184
189
192
191
186
188
185
186
183
184
187
191
192
196
198
203
199
205
205
213
212
219
217
220
220
216
223
229
228
232
235
240
242
252
253
260
267
275
278
289
297
299
301
320
328
334
342
352
362
374
382
388
388
404
410
415
428
430
433
438
452
458
454
465
467
473
464
462
468
467
472
472
468
467
464
465
458
458
455
461
463
467
468
475
475
479
484
485
483
486
492
500
496
508
506
517
519
528
527
534
537
539
550
547
552
554
553
555
556
567
561
570
561
563
562
561
567
567
566
577
579
583
583
587
595
605
610
623
634
638
641
642
643
635
625
627
619
616
618
615
603
600
603
604
605
605
608
609
609
621
629
637
660
670
684
696
702
711
717
718
725
719
716
716
709
697
684
664
651
638
624
611
602
588
574
568
560
548
550
549
547
558
557
566
568
581
586
602
614
630
641
672
678
688
702
713
723
727
739
751
760
765
778
786
784
800
806
819
827
840
836
857
865
870
883
887
900
900
900
890
883
876
853
838
826
816
791
786
771
763
759
756
751
748
744
747
747
755
752
764
780
790
810
828
859
886
906
933
950
969
984
991
992
1005
993
997
998
1002
1007
998
989
989
984
981
971
976
967
972
968
973
986
990
1002
1016
1030
1046
1057
1073
1086
1106
1121
1135
1149
1169
1205
1220
1239
1254
1277
1292
1310
1320
1336
1338
1363
1360
1375
1379
1374
1360
1346
1334
1317
1300
1271
1257
1228
1204
1176
1159
1149
1128
1122
1103
1100
1081
1089
1095
1113
1120
1137
1152
1170
1189
1212
1229
1231
1247
1263
1269
1272
1280
1277
1277
1269
1269
1243
1231
1210
1181
1163
1133
1094
1066
1057
1030
1012
999
998
995
989
997
1002
1000
1000
1001
1003
1006
1015
1028
1035
1045
1051
1058
1065
1078
1089
1102
1118
1125
1135
1141
1152
1167
1169
1182
1191
1204
1202
1225
1226
1235
1244
1227
1243
1238
1230
1244
1236
1233
1230
1229
1224
1218
1215
1210
1202
1201
1200
1193
1198
1198
1208
1202
1206
1208
1208
1200
1208
1209
1218
1225
1228
1242
1253
1281
1290
1305
1328
1341
1363
1393
1409
1434
1453
1470
1486
1497
1514
1525
1526
1537
1533
1515
1506
1504
1513
1517
1533
1531
1529
1542
1555
1559
1563
1567
1581
1589
1607
1619
1620
1621
1639
1637
1643
1641
1649
1651
1640
1650
1653
1630
1632
1619
1607
1604
1595
1601
1594
1606
1608
1632
1638
1645
1667
1672
1684
1674
1672
1680
1685
1690
1691
1699
1697
1700
1707
1719
1713
1703
1699
1704
1699
1717
1729
1745
1754
1768
1801
1815
1826
1849
1875
1894
1917
1943
1974
2005
2035
2058
2099
2121
2139
2162
2175
2191
2193
2198
2187
2180
2169
2145
2129
2125
2119
2122
2107
2115
2111
2119
2127
2118
2125
2116
2105
2095
2079
2069
2036
2021
2012
2009
1962
1939
1896
1864
1851
1825
1805
1796
1791
1784
1776
1751
1729
1704
1665
1645
1611
1601
1589
1584
1578
1576
1568
1565
1566
1583
1595
1620
1645
1661
1686
1712
1729
1757
1764
1777
1776
1772
1771
1766
1748
1743
1719
1720
1707
1702
1686
1683
1657
1654
1640
1637
1634
1634
1614
1611
1608
1626
1625
1638
1640
1664
1665
1661
1659
1646
1638
1621
1614
1599
1584
1565
1558
1544
1539
1533
1535
1523
1513
1513
1501
1490
1505
1494
1478
1474
1478
1490
1507
1504
1525
1555
1573
1593
1619
1635
1653
1664
1671
1685
1688
1677
1678
1670
1661
1647
1649
1660
1668
1672
1660
1676
1672
1677
1677
1683
1689
1696
1702
1721
1734
1756
1754
1771
1770
1773
1772
1775
1735
1708
1678
1641
1619
1560
1538
1514
1498
1469
1465
1458
1456
1449
1450
1456
1473
1482
1481
1489
1511
1519
1546
1567
1576
1597
1604
1612
1606
1603
1576
1563
1541
1511
1492
1470
1455
1445
1428
1448
1470
1493
1520
1548
1603
1629
1668
1706
1747
1767
1790
1804
1809
1819
1828
1846
1868
1871
1872
1879
1879
1871
1871
1862
1859
1864
1875
1871
1891
1899
1913
1930
1939
1960
1994
2019
2047
2063
2069
2068
2069
2064
2053
2031
2021
1978
1957
1930
1908
1886
1852
1853
1847
1865
1875
1884
1908
1913
1926
1947
1970
2004
2044
2097
2119
2158
2187
2222
2247
2253
2258
2268
2250
2248
2247
2230
2230
2210
2196
2164
2143
2129
2100
2080
2049
2031
1989
1982
1974
1971
1967
1953
1950
1929
1918
1901
1884
1872
1834
1829
1815
1814
1804
1805
1791
1785
1779
1778
1788
1792
1798
1807
1805
1808
1817
1833
1850
1865
1880
1887
1905
1892
1904
1901
1898
1900
1891
1874
1870
1857
1839
1825
1817
1798
1797
1807
1792
1803
1808
1825
1820
1841
1829
1827
1824
1817
1809
1796
1807
1806
1812
1812
1810
1808
1783
1778
1769
1735
1711
1701
1677
1636
1592
1570
1525
1488
1457
1431
1396
1358
1318
1290
1266
1253
1223
1221
1199
1201
1205
1202
1218
1233
1250
1277
1315
1345
1396
1429
1471
1510
1537
1550
1581
1593
1613
1629
1643
1664
1673
1700
1705
1724
1727
1728
1732
1728
1738
1726
1719
1712
1680
1672
1649
1651
1631
1622
1621
1613
1597
1583
1587
1588
1589
1589
1582
1586
1595
1599
1607
1622
1644
1652
1675
1698
1719
1747
1769
1790
1812
1821
1833
1825
1838
1836
1825
1818
1826
1821
1816
1807
1794
1776
1749
1740
1721
1707
1713
1703
1696
1691
1693
1681
1681
1697
1699
1711
1706
1718
1717
1733
1730
1733
1736
1747
1757
1763
1773
1775
1796
1806
1819
1835
1827
1841
1844
1830
1827
1822
1815
1820
1811
1818
1818
1809
1802
1828
1844
1835
1845
1844
1821
1810
1785
1764
1737
1734
1746
1756
1772
1796
1806
1834
1859
1879
1929
1949
1967
1998
2021
2053
2094
2132
2163
2187
2224
2245
2270
2303
2314
2317
2297
2295
2292
2254
2241
2208
2209
2199
2189
2193
2180
2160
2138
2121
2094
2078
2052
2037
2025
2019
2007
2010
2000
2012
2019
2028
2039
2062
2080
2084
2103
2125
2128
2128
2157
2171
2167
2176
2177
2151
2118
2067
2035
1981
1914
1875
1824
1780
1762
1742
1734
1735
1735
1743
1753
1768
1791
1806
1827
1847
1850
1867
1871
1898
1917
1946
1969
1993
2025
2033
2038
2042
2033
2025
2001
1997
1990
1970
1982
1974
1976
1984
1988
1997
1991
2015
2019
2025
2010
2030
2044
2060
2070
2091
2102
2113
2137
2151
2137
2130
2117
2097
2083
2071
2052
2070
2050
2045
2017
2002
1979
1968
1936
1923
1909
1888
1878
1857
1842
1837
1822
1809
1807
1798
1787
1763
1738
1706
1679
1678
1650
1644
1627
1622
1632
1654
1662
1689
1712
1720
1709
1698
1703
1683
1661
1652
1645
1634
1627
1631
1605
1602
1575
1547
1512
1488
1460
1425
1399
1371
1344
1338
1332
1324
1336
1350
1366
1375
1377
1377
1379
1373
1381
1380
1383
1386
1400
1416
1421
1428
1411
1406
1386
1368
1351
1341
1332
1326
1306
1306
1287
1262
1226
1211
1179
1149
1132
1127
1116
1114
1114
1119
1131
1150
1168
1201
1230
1266
1295
1330
1355
1379
1414
1453
1485
1531
1579
1623
1672
1719
1768
1804
1848
1876
1904
1928
1951
1961
1980
1979
1993
1997
2004
2026
2031
2026
2012
2003
1991
1987
1962
1947
1916
1890
1862
1852
1831
1817
1803
1781
1743
1702
1666
1641
1613
1594
1588
1596
1598
1611
1604
1624
1626
1633
1646
1672
1686
1701
1720
1732
1755
1782
1801
1810
1819
1818
1784
1767
1760
1746
1710
1701
1677
1678
1682
1698
1697
1700
1705
1695
1692
1700
1717
1740
1787
1834
1882
1938
1989
2035
2084
2122
2163
2180
2185
2188
2167
2129
2117
2082
2060
2032
2018
2001
1970
1929
1905
1864
1844
1821
1797
1795
1787
1765
1783
1800
1831
1865
1906
1959
2001
2030
2039
2078
2084
2084
2091
2088
2071
2044
2011
1988
1948
1931
1897
1869
1850
1820
1786
1757
1721
1698
1672
1672
1656
1655
1659
1664
1679
1688
1708
1731
1761
1775
1796
1817
1823
1838
1871
1898
1927
1959
1971
1999
2021
2048
2057
2078
2093
2115
2123
2139
2137
2140
2141
2150
2146
2141
2130
2134
2118
2114
2113
2091
2091
2079
2068
2058
2051
2040
2012
2000
1978
1964
1946
1932
1915
1889
1885
1878
1866
1852
1849
1836
1815
1807
1810
1805
1804
1805
1809
1806
1791
1797
1784
1795
1789
1797
1787
1775
1758
1740
1732
1722
1713
1698
1708
1698
1680
1669
1664
1658
1654
1655
1642
1632
1628
1601
1593
1590
1583
1577
1580
1584
1584
1595
1595
1616
1632
1644
1660
1668
1695
1709
1727
1762
1775
1806
1828
1844
1857
1862
1875
1881
1890
1890
1892
1886
1868
1837
1817
1800
1778
1759
1746
1745
1731
1730
1717
1709
1697
1709
1691
1687
1679
1677
1662
1651
1636
1606
1576
1561
1556
1547
1521
1530
1532
1522
1530
1551
1569
1589
1633
1657
1716
1760
1767
1801
1815
1839
1865
1885
1914
1922
1919
1916
1902
1886
1864
1846
1827
1798
1754
1721
1685
1654
1625
1613
1588
1574
1572
1568
1562
1558
1553
1543
1523
1516
1520
1518
1499
1511
1496
1504
1487
1493
1509
1533
1542
1575
1575
1590
1600
1603
1588
1559
1544
1516
1505
1480
1460
1408
1371
1331
1287
1267
1261
1261
1270
1279
1291
1326
1366
1403
1442
1480
1542
1576
1607
1648
1668
1695
1708
1733
1724
1716
1693
1683
1650
1619
1565
1530
1488
1448
1416
1387
1371
1361
1359
1374
1379
1390
1402
1437
1457
1498
1542
1581
1616
1654
1676
1701
1726
1763
1774
1808
1814
1830
1835
1838
1838
1835
1833
1811
1798
1773
1757
1750
1741
1711
1697
1710
1710
1703
1702
1704
1715
1727
1750
1770
1761
1774
1768
1777
1760
1766
1770
1783
1794
1801
1810
1831
1846
1862
1880
1892
1880
1903
1891
1934
1932
1942
1967
1979
1990
2004
2029
2035
2052
2059
2075
2091
2088
2098
2105
2111
2110
2115
2124
2137
2145
2152
2127
2129
2108
2104
2099
2069
2040
2018
1994
1947
1916
1887
1850
1829
1791
1769
1726
1704
1667
1650
1610
1593
1572
1564
1536
1538
1529
1512
1500
1491
1479
1465
1452
1429
1412
1397
1393
1379
1366
1353
1354
1357
1353
1353
1370
1377
1403
1409
1425
1435
1444
1468
1481
1517
1528
1546
1560
1564
1574
1569
1571
1572
1577
1570
1578
1560
1548
1536
1508
1480
1470
1461
1440
1427
1420
1397
1374
1369
1361
1360
1341
1333
1314
1299
1279
1259
1234
1202
1172
1153
1140
1118
1102
1097
1091
1075
1067
1066
1054
1037
1019
1013
989
966
948
939
921
904
888
892
891
885
877
867
859
856
844
841
825
814
810
809
811
814
814
809
813
815
807
814
814
808
808
795
787
782
776
775
779
786
793
807
822
832
843
875
883
908
927
940
962
977
1005
1036
1050
1082
1101
1129
1160
1171
1199
1207
1213
1224
1225
1229
1232
1229
1228
1240
1238
1234
1236
1240
1219
1196
1182
1170
1158
1157
1158
1174
1152
1155
1143
1130
1124
1116
1097
1077
1058
1043
1026
1046
1064
1067
1072
1077
1086
1097
1089
1109
1121
1118
1153
1188
1209
1220
1246
1262
1277
1273
1284
1278
1265
1253
1228
1214
1197
1190
1166
1152
1127
1123
1115
1134
1136
1152
1149
1159
1159
1163
1167
1167
1187
1211
1217
1226
1237
1230
1232
1238
1237
1227
1227
1212
1209
1199
1194
1184
1175
1174
1173
1167
1167
1156
1153
1141
1143
1136
1129
1133
1122
1137
1145
1149
1150
1159
1175
1193
1202
1208
1220
1230
1249
1275
1285
1312
1330
1347
1363
1373
1390
1397
1409
1414
1424
1414
1409
1433
1428
1434
1447
1450
1444
1447
1426
1425
1409
1415
1407
1394
1367
1358
1344
1328
1333
1321
1309
1307
1301
1284
1292
1288
1301
1328
1344
1362
1371
1392
1413
1436
1424
1441
1444
1460
1467
1472
1469
1464
1452
1454
1450
1440
1419
1406
1401
1380
1355
1348
1332
1299
1281
1257
1234
1215
1192
1180
1159
1149
1119
1107
1085
1053
1026
1016
994
984
959
946
926
907
895
860
823
780
741
689
649
619
589
555
527
502
483
458
442
429
413
410
404
400
399
408
413
426
440
451
467
493
515
536
560
573
588
606
612
628
645
667
689
714
723
744
766
776
798
812
825
837
851
849
867
876
895
902
913
931
943
955
962
962
975
972
977
982
987
990
988
989
986
982
979
976
969
962
960
953
948
941
936
927
909
896
882
865
841
824
814
784
760
732
706
669
641
601
572
545
519
493
475
464
443
438
426
408
404
393
387
393
392
399
405
417
426
444
460
482
507
525
547
574
605
627
657
696
724
745
766
797
826
843
858
894
900
908
918
926
937
942
949
945
935
948
942
947
957
966
970
977
974
971
978
985
975
992
1001
1015
1026
1037
1037
1051
1058
1072
1073
1081
1081
1077
1089
1080
1083
1087
1087
1093
1072
1075
1069
1074
1071
1072
1072
1080
1083
1078
1085
1081
1085
1091
1087
1095
1097
1101
1098
1094
1085
1075
1060
1061
1069
1067
1076
1082
1079
1079
1089
1081
1085
1086
1078
1091
1092
1109
1108
1112
1112
1134
1137
1147
1144
1143
1156
1152
1143
1139
1131
1126
1130
1123
1129
1128
1136
1131
1135
1129
1124
1132
1131
1131
1130
1127
1122
1118
1110
1109
1097
1106
1110
1115
1120
1129
1119
1120
1128
1127
1119
1117
1114
1097
1096
1084
1075
1072
1062
1043
1018
1008
986
970
965
966
972
984
983
977
989
992
989
1007
999
1011
1017
1028
1031
1026
1029
1035
1035
1039
1032
1041
1028
1027
1014
994
984
961
937
934
914
900
893
888
882
878
871
877
876
878
875
875
874
882
880
896
890
907
902
913
918
917
908
907
888
883
874
869
862
846
838
833
829
821
817
815
812
801
794
786
781
770
757
757
739
740
730
733
739
730
721
715
717
706
703
698
697
702
697
698
696
698
693
701
699
699
693
693
696
687
683
681
690
684
679
678
671
660
651
653
644
647
648
646
655
657
653
649
658
656
649
646
645
648
638
647
648
655
643
648
647
655
655
662
653
664
663
661
654
647
644
639
638
629
625
634
634
636
631
628
626
620
609
614
598
593
578
570
556
553
552
549
542
544
518
512
500
498
483
484
477
468
463
457
454
447
450
450
457
453
455
457
462
454
464
458
461
469
468
482
498
502
501
511
512
509
510
512
514
513
508
514
505
502
501
509
514
516
525
524
522
523
524
523
520
517
516
520
514
507
505
502
504
500
494
498
496
492
498
487
492
481
481
478
479
475
473
475
470
472
467
468
461
459
451
450
445
439
431
429
432
433
428
435
434
438
442
444
447
450
441
445
446
451
454
456
462
462
464
471
466
465
458
452
447
445
444
439
432
433
426
436
427
425
419
424
424
421
417
419
417
418
417
423
424
423
422
425
419
416
409
409
401
409
402
399
393
395
394
394
391
395
391
395
392
390
398
390
398
401
401
405
411
413
413
421
421
428
424
431
423
382
227
-1
2
-2
-2
1
0
1
1
431
407
-2
0
-1
0
0

