;UFOS3
;Measurement details: channel = D, date = 02.06.2018, time = 12:16:41
Exposure=230
Gain=0
Temperature=27.4
Accummulate=4
1.416 mu
1.42 amas
44.76 hs
0 ozone
0 uva
0 uvb
0 uve
[Value]
0
381
380
381
382
382
380
381
423
422
448
440
425
429
456
440
439
418
449
447
433
424
472
452
444
421
474
453
439
442
478
453
435
426
476
456
449
421
466
461
429
422
477
458
444
423
473
463
437
424
459
448
425
431
476
451
424
428
472
454
443
422
461
449
433
420
484
452
436
420
471
447
427
437
480
457
435
428
461
452
439
430
477
451
436
430
471
457
424
429
473
459
429
431
471
462
424
419
480
449
419
427
458
455
433
425
474
451
432
423
467
457
432
431
472
453
431
431
468
451
434
435
481
461
441
435
462
457
435
426
454
447
434
426
471
472
430
433
463
450
443
433
466
456
428
430
466
452
424
454
462
456
425
425
481
458
447
425
470
462
422
423
465
456
448
443
465
459
452
425
471
453
440
449
467
457
428
436
476
445
429
423
468
462
439
429
488
457
439
438
459
474
427
438
468
459
440
431
482
453
439
428
466
455
437
428
470
449
441
431
475
455
423
443
462
453
432
422
460
464
443
426
471
457
439
433
463
449
431
418
469
449
427
432
467
455
433
431
462
455
447
431
464
458
433
436
474
448
447
429
465
453
437
428
467
468
434
437
477
453
427
451
473
459
441
417
459
450
440
420
457
448
426
437
472
457
432
432
478
463
435
425
461
467
442
420
469
447
437
431
458
468
436
421
460
457
434
428
469
454
444
424
468
458
440
437
465
448
441
416
468
460
451
428
473
459
436
437
463
455
428
431
463
454
428
433
466
449
445
431
477
453
436
429
470
448
454
423
476
469
432
431
462
466
430
437
471
463
437
429
476
458
428
435
462
447
428
429
473
449
452
433
469
450
450
428
485
451
437
434
459
457
444
427
462
459
441
431
470
453
437
425
461
452
434
439
462
448
435
430
460
460
432
422
467
447
440
420
464
468
441
427
476
467
440
429
478
444
442
431
467
451
433
422
459
452
447
432
463
449
437
441
460
455
430
427
468
451
443
430
462
455
428
415
480
459
426
437
468
457
441
434
454
459
430
430
463
460
438
418
467
443
435
439
461
448
440
437
466
459
451
423
469
454
435
435
466
456
430
432
463
458
441
421
469
444
439
445
469
455
449
436
466
447
438
434
466
452
433
434
461
453
440
429
472
446
438
427
484
446
446
435
472
448
427
443
458
459
432
432
463
445
440
421
469
450
436
446
464
446
438
435
463
448
438
427
459
455
437
450
466
452
441
436
462
457
442
440
464
459
438
440
453
454
444
429
461
452
431
422
459
447
442
432
461
454
452
443
469
451
430
432
468
452
436
440
469
457
436
428
464
447
443
424
464
459
438
437
460
449
434
432
465
455
433
436
466
454
435
440
466
451
434
449
479
442
445
426
459
449
445
443
469
448
439
435
463
446
436
435
463
448
431
439
470
446
429
436
466
450
450
426
472
446
438
428
473
449
426
438
458
450
462
430
467
445
432
425
458
452
430
425
454
456
422
427
458
436
452
438
464
444
436
426
457
453
429
423
463
449
432
435
459
450
440
437
469
456
438
424
469
443
441
437
470
444
437
439
466
444
430
425
459
439
442
427
460
449
439
437
474
446
437
416
454
453
433
427
453
448
443
436
446
446
432
431
455
449
434
427
465
451
438
435
455
437
433
441
458
455
436
431
462
455
434
439
457
448
444
444
458
453
442
514
461
457
453
431
460
451
440
433
463
441
429
434
466
441
442
433
466
452
442
435
461
443
442
435
459
447
433
438
459
461
445
426
465
445
431
432
471
457
446
433
462
442
435
434
454
452
432
440
461
448
437
434
458
444
442
433
460
445
439
422
466
447
437
436
451
451
441
434
471
447
443
433
461
444
431
431
460
448
440
430
466
446
443
443
459
443
448
430
463
451
457
438
454
450
436
437
459
453
441
441
461
457
441
430
456
444
452
442
458
449
432
434
454
450
432
433
461
449
443
440
455
444
430
428
464
452
443
442
457
447
437
427
455
441
443
438
463
453
438
430
454
451
444
459
465
444
439
434
458
445
437
440
458
450
439
437
465
443
440
436
454
454
440
436
456
442
434
433
453
446
440
437
457
451
442
431
459
444
436
438
454
445
446
438
455
451
433
432
460
446
450
427
464
448
441
439
456
449
438
440
460
447
460
422
460
440
449
426
454
453
434
434
467
452
427
429
457
464
442
430
448
450
454
436
461
444
447
444
459
444
456
440
456
451
446
434
449
442
442
436
453
444
454
438
455
441
450
441
458
444
443
436
455
448
431
427
457
449
454
428
455
443
437
439
451
438
428
433
453
450
436
434
455
453
441
430
453
444
441
438
451
442
440
424
458
448
451
426
452
452
437
429
449
438
435
430
459
447
436
435
453
449
449
439
461
446
438
452
453
453
439
439
448
443
440
431
439
437
447
446
462
447
433
440
459
444
442
430
453
449
439
431
449
446
441
439
458
453
443
433
454
449
441
432
456
428
435
439
457
448
446
445
455
439
440
430
462
440
452
431
459
451
439
431
448
442
455
442
454
446
451
439
460
446
436
442
451
444
438
436
452
450
448
434
461
440
447
439
457
448
448
435
456
441
438
446
454
443
441
437
444
451
451
442
453
444
450
431
445
434
442
425
445
450
440
439
454
444
442
438
448
448
440
431
448
439
443
444
448
438
439
434
453
441
439
435
456
436
438
429
461
436
448
443
456
446
449
442
448
445
440
437
453
441
457
439
452
438
449
445
462
442
450
437
449
438
440
436
449
463
443
437
454
446
462
435
448
448
440
439
459
444
451
434
480
444
450
442
450
445
440
441
443
436
444
439
455
438
436
435
444
434
447
431
452
440
459
442
444
441
444
441
453
443
443
451
446
439
441
440
453
437
444
438
452
446
445
446
461
443
447
437
446
446
446
444
459
446
452
435
455
438
448
434
453
429
459
437
446
444
451
433
451
440
443
435
455
444
456
438
447
443
446
441
461
437
436
440
447
441
449
430
457
446
450
434
450
429
451
440
454
444
452
447
460
440
450
423
441
434
436
434
442
445
446
440
441
443
451
433
467
439
437
446
462
435
444
434
442
440
452
441
447
434
452
446
454
445
453
440
457
444
444
440
452
441
447
436
458
443
451
437
446
435
448
434
452
438
434
444
457
445
447
456
448
447
442
435
442
439
458
438
446
435
443
438
453
439
444
440
435
445
450
446
454
448
449
434
451
445
443
431
451
445
443
446
449
444
450
434
445
438
441
435
440
445
456
438
437
441
441
430
452
440
450
441
451
442
452
439
448
444
455
448
450
453
454
434
451
446
445
432
451
439
451
443
462
451
443
438
445
439
457
450
456
446
454
449
450
445
451
429
455
437
451
437
458
439
456
435
449
442
431
450
455
432
434
454
439
438
447
440
445
446
440
448
458
444
460
445
442
436
456
444
449
444
456
439
441
430
452
436
446
435
454
439
441
437
454
444
453
437
448
451
443
435
446
442
448
440
457
440
450
431
450
432
454
441
448
450
444
442
442
444
449
442
450
446
442
439
443
448
435
439
454
434
453
435
443
439
448
443
446
449
442
438
452
442
451
445
445
448
450
437
453
443
444
438
441
447
439
437
440
443
454
442
446
442
445
432
458
438
454
440
437
439
438
439
433
436
442
435
455
442
438
444
444
437
440
436
436
434
436
435
441
441
452
442
453
450
451
442
439
444
445
450
451
436
444
435
444
433
452
441
445
438
441
437
441
441
445
442
440
431
450
429
443
441
439
441
442
439
465
438
443
440
438
440
449
444
446
441
448
423
444
441
432
445
448
440
444
434
449
426
447
434
445
431
454
443
445
436
445
445
439
431
444
431
441
433
430
442
449
440
433
442
440
428
454
442
444
436
440
449
452
446
447
440
440
437
439
435
443
439
440
438
432
440
434
432
438
448
452
440
444
441
441
438
437
440
437
437
442
440
439
436
449
427
446
440
440
443
445
444
443
435
444
449
448
440
448
433
439
441
445
445
454
445
442
437
446
440
446
435
451
432
444
438
453
447
444
439
452
440
459
439
450
431
444
444
444
437
458
433
456
439
441
434
441
437
453
437
438
440
444
445
449
441
450
438
441
431
448
440
445
438
453
440
439
440
435
436
452
456
442
436
441
437
444
451
446
429
442
436
443
442
441
444
451
428
456
428
450
443
439
451
448
433
449
437
446
437
435
438
439
442
445
445
450
432
449
445
448
437
441
442
453
433
448
446
440
425
449
443
437
440
442
456
453
437
460
437
463
426
456
442
444
445
430
443
446
435
446
452
447
439
449
441
443
440
445
444
445
444
446
433
450
440
458
436
433
431
450
440
451
439
444
445
443
444
443
451
462
435
449
441
442
432
455
442
446
438
441
438
451
439
458
432
447
445
448
443
443
437
449
445
441
433
444
442
439
431
437
444
448
443
445
436
447
432
449
441
455
436
450
443
439
446
449
445
456
430
441
451
444
437
450
435
449
435
440
439
448
435
448
454
438
444
450
449
442
438
449
458
447
430
459
440
444
437
445
451
451
432
445
439
447
441
455
449
454
435
458
442
451
441
444
445
441
439
449
448
442
437
452
452
446
442
450
447
449
431
450
438
441
437
450
442
449
443
446
440
441
446
450
445
451
433
441
445
459
456
450
433
450
440
452
439
434
444
451
439
439
426
438
437
450
432
464
437
450
432
452
448
461
430
448
444
443
441
445
443
442
440
439
445
437
428
445
442
440
436
445
435
438
431
446
442
455
437
455
452
440
436
447
447
454
432
465
449
441
455
454
444
443
435
450
453
445
439
449
451
443
431
453
446
453
443
456
444
443
441
439
442
451
431
456
442
438
439
456
449
445
439
461
442
446
434
453
440
446
435
451
437
432
451
453
449
441
437
452
445
441
431
453
442
448
431
453
443
454
452
443
434
437
442
460
441
455
438
451
447
448
436
451
450
443
445
446
441
450
427
456
455
450
429
449
447
444
440
454
442
438
434
447
446
442
432
451
447
446
433
453
444
449
432
463
451
441
440
457
451
440
435
456
446
450
428
449
456
435
435
452
445
433
439
455
439
447
431
443
442
446
436
451
453
434
435
448
449
449
435
444
444
433
442
455
435
436
430
457
439
435
438
455
452
444
440
460
451
437
431
455
440
438
437
451
439
439
432
451
448
435
440
452
447
446
435
454
449
446
433
459
447
440
443
460
448
451
443
457
441
441
438
455
457
441
441
457
452
453
432
453
451
451
438
450
445
438
438
459
458
443
440
444
448
442
448
458
453
451
443
457
455
454
434
456
447
445
442
455
460
436
437
460
445
447
443
450
449
432
429
452
455
443
428
458
452
445
434
456
449
439
441
454
444
443
436
459
446
441
433
463
440
443
425
454
453
438
441
459
454
453
430
458
454
437
433
454
449
442
432
456
444
432
432
459
449
443
434
456
447
449
432
470
445
442
432
456
446
442
429
453
449
453
442
446
452
443
436
466
458
431
434
456
453
445
440
452
448
440
427
454
451
435
441
452
448
442
433
461
445
446
429
461
444
441
435
454
453
439
436
463
457
453
432
450
447
436
433
454
457
450
435
456
450
451
445
456
450
436
434
450
453
444
435
455
451
435
435
463
454
438
432
458
452
439
432
463
449
455
426
460
446
442
432
471
449
446
442
449
452
446
437
453
459
443
437
463
448
436
442
460
454
433
426
448
455
433
435
463
447
445
434
463
450
451
431
454
435
461
429
465
439
431
436
457
452
437
431
456
461
445
431
462
453
449
435
457
450
451
434
464
447
441
443
459
450
443
433
460
460
428
433
454
462
437
436
477
457
445
438
456
450
438
441
453
464
441
432
453
453
437
432
466
449
440
435
462
453
444
442
461
452
442
435
462
442
448
449
471
454
454
438
456
455
442
429
464
454
447
439
469
456
437
441
454
451
437
428
473
456
444
438
472
480
438
440
465
444
443
436
455
463
440
440
463
464
436
439
459
449
444
447
464
458
438
446
460
455
441
450
460
454
454
435
453
452
443
435
462
465
429
431
457
457
439
434
464
461
436
438
459
444
443
423
453
456
437
442
458
454
446
433
460
456
444
434
466
456
440
431
454
457
441
430
462
454
432
435
467
457
443
431
458
452
441
440
453
446
447
443
458
449
449
435
460
461
437
430
459
466
440
447
468
449
445
441
472
460
443
437
462
457
442
439
468
447
440
429
470
449
444
442
446
447
442
430
463
444
423
451
470
457
439
440
455
460
433
434
460
449
444
440
463
461
431
433
474
449
440
439
463
443
441
439
456
462
433
442
463
457
439
429
457
454
433
433
465
455
449
433
465
466
438
442
464
449
444
440
474
448
440
430
464
450
444
431
462
456
448
430
456
457
447
424
462
460
451
448
477
454
445
431
460
449
440
429
459
450
442
437
468
452
435
433
461
447
444
437
460
453
444
435
458
448
439
426
467
457
442
441
463
452
435
436
462
444
439
439
459
444
438
439
463
454
443
428
462
458
448
430
463
461
429
428
463
450
444
434
454
456
437
436
457
456
433
432
468
448
443
442
474
450
443
427
475
452
437
439
450
453
442
430
466
445
443
432
459
459
434
450
463
460
438
435
454
459
436
446
462
456
433
422
466
450
437
433
470
458
452
432
454
462
442
430
451
456
442
440
459
475
443
429
444
448
448
441
456
449
437
426
453
454
436
434
460
460
437
428
458
446
437
436
455
458
441
441
460
451
433
434
460
475
440
440
454
451
444
431
456
454
429
446
456
441
446
442
458
450
444
432
458
451
436
430
462
450
442
424
457
455
442
434
447
446
436
430
451
450
443
432
461
459
437
432
455
453
447
433
450
449
435
433
460
466
436
437
458
451
445
430
469
443
456
432
461
459
447
433
451
451
434
433
465
441
435
431
460
452
436
438
466
446
444
436
472
448
443
448
454
455
445
434
471
446
441
438
463
445
441
429
452
457
436
439
467
446
442
433
450
453
428
430
447
446
444
452
458
447
441
438
453
451
440
432
459
453
442
434
458
449
439
436
460
450
446
435
452
450
441
447
456
450
436
435
444
442
444
423
454
452
441
441
457
444
445
434
452
451
434
433
459
461
435
430
448
441
439
435
456
448
437
429
458
459
440
450
463
447
437
429
461
447
438
442
466
450
446
436
458
447
445
444
457
446
440
444
450
447
438
437
450
448
436
431
468
445
433
437
463
458
439
431
476
463
449
436
468
450
450
435
456
452
457
432
455
464
436
434
445
452
434
437
458
444
449
437
458
457
440
428
462
456
440
428
460
462
442
434
459
454
433
440
461
456
442
431
461
454
441
424
439
454
445
425
453
458
431
435
451
444
444
437
467
443
444
423
463
448
438
429
453
446
449
435
453
437
428
436
441
441
446
445
455
441
444
435
452
442
433
430
461
447
445
444
455
454
449
437
455
444
451
440
456
450
453
446
453
454
446
450
448
459
447
441
456
458
440
432
465
471
447
436
456
463
449
429
460
443
440
451
463
463
448
431
457
459
452
439
447
442
451
444
461
458
434
439
455
456
440
428
452
458
439
436
452
454
447
439
454
440
441
430
452
448
443
430
463
457
444
423
450
446
439
425
464
456
435
436
474
454
454
438
453
455
435
441
462
445
441
430
453
453
443
428
452
461
451
438
473
446
445
431
463
445
438
429
457
454
436
435
455
466
442
432
447
449
438
432
461
445
443
436
464
447
430
435
441
441
447
427
469
447
439
436
456
455
438
432
454
453
438
445
459
446
433
432
455
445
443
432
459
442
441
434
455
477
439
438
460
449
452
449
464
450
445
432
451
454
432
431
451
464
446
442
445
453
446
441
458
448
451
437
453
448
435
443
466
456
437
440
456
466
436
433
457
458
446
428
455
447
446
433
451
452
445
441
456
454
445
441
457
450
448
437
450
460
429
442
453
447
446
433
463
456
442
425
460
448
445
436
454
444
441
434
461
450
451
445
456
449
454
433
450
442
448
433
451
458
435
429
453
458
442
431
452
457
440
437
455
453
439
446
458
456
455
431
455
466
439
446
460
448
433
433
467
450
435
434
459
458
437
433
453
459
453
436
457
456
438
437
464
459
451
442
467
453
449
440
456
455
447
431
452
442
437
440
463
449
450
437
453
447
445
435
460
453
439
433
473
455
441
450
464
456
440
428
460
452
436
445
462
453
432
443
458
451
441
438
453
449
441
439
459
454
438
448
457
447
445
430
454
450
451
436
449
445
438
431
461
454
433
435
468
445
438
444
451
446
439
441
445
462
451
447
450
445
437
432
442
449
440
442
462
448
454
432
458
438
447
433
469
450
430
434
458
454
453
442
451
454
438
433
469
453
457
439
445
443
441
446
381
381
382
378
381
382
381
381
460
440
382
380
381
0
0

