;UFOS3
;Measurement details: channel = Z-D, date = 02.06.2018, time = 12:26:42
Exposure=236
Gain=0
Temperature=27.5
Accummulate=4
1.44 mu
1.445 amas
43.792 hs
326 ozone
0 uva
0 uvb
0 uve
[Value]
0
1
3
0
-2
-1
-1
-1
-2
-4
-1
2
-1
-1
-2
-1
-3
-4
1
-2
-2
-2
3
-1
-1
1
2
-1
-2
-2
1
0
-1
-2
1
-1
1
0
1
-1
-1
-1
2
1
0
1
-1
-1
1
1
-2
-1
-1
3
0
-4
-1
1
-2
1
-1
-1
0
-2
0
-1
-1
-1
0
-5
0
0
0
0
0
-3
2
-2
2
2
3
-1
1
0
0
-1
-1
3
-1
0
1
-3
-2
-3
2
-4
4
-2
-1
1
1
-4
1
-2
-2
-1
1
3
1
0
-3
-2
2
-1
0
0
-1
1
-1
-1
-2
1
2
0
-1
1
2
-3
0
-1
0
-1
0
1
1
-3
-1
0
-2
-5
-1
-1
1
3
-1
1
1
1
2
-3
1
-2
-1
-2
-3
-2
1
-2
-3
2
1
0
1
0
1
1
-1
2
1
-2
-2
-2
3
-2
-1
-3
0
3
0
0
-4
-2
-1
-2
1
1
1
1
0
-2
-3
2
0
0
4
0
1
-1
3
-1
-2
-2
-1
0
0
0
1
-3
1
-2
-3
-1
0
0
0
-4
1
1
2
-1
2
-2
2
1
5
-1
0
-1
-1
-4
1
0
2
-1
2
-1
-1
3
1
-1
-2
-1
1
-2
4
3
1
-2
4
-1
-3
1
2
1
1
-2
-1
4
-2
-1
0
-2
5
-1
0
1
1
0
-1
1
1
2
0
-2
-1
2
0
3
1
-2
3
-2
2
-1
-2
-2
-1
-3
0
0
-3
0
-1
0
-2
-1
5
0
-1
2
0
0
-2
0
1
0
1
-1
-1
4
1
0
0
-1
3
2
0
-2
0
0
-2
-2
-1
1
1
0
4
1
-2
1
0
-1
1
1
-1
2
2
1
0
-2
1
-2
1
-2
2
2
0
-1
0
3
0
0
-1
2
0
-2
1
0
2
2
-3
1
3
1
-1
-1
-1
-1
0
-2
0
2
0
0
2
3
1
0
0
-1
0
0
-1
0
2
1
3
2
-1
-3
2
-1
0
-1
1
-1
2
0
-1
3
3
1
0
1
1
0
0
0
0
1
0
1
1
0
0
1
1
2
-4
-1
0
1
-1
0
-1
2
1
2
4
0
-1
1
1
-2
2
0
0
0
-1
0
-1
1
3
1
1
-1
-1
2
2
1
2
0
1
6
0
1
3
0
3
2
2
3
4
1
1
2
2
1
-1
1
3
-1
0
-2
3
3
3
0
2
0
1
3
2
-2
3
1
2
1
1
1
0
-3
3
2
3
1
1
-1
4
3
3
3
2
0
7
1
-1
3
3
1
2
2
3
-2
1
-1
3
2
-1
2
2
1
3
-1
1
2
-1
1
1
1
3
0
1
3
1
3
2
1
2
-1
-1
3
0
0
2
0
3
2
1
0
1
-1
2
0
1
2
3
5
3
-1
0
0
2
3
2
0
-2
-1
2
3
3
4
1
0
3
2
2
-1
5
2
3
1
0
1
3
1
0
0
0
2
2
2
2
4
2
0
0
1
3
0
4
0
1
0
3
1
3
2
-1
0
0
3
1
0
3
2
4
5
3
-1
3
3
3
-2
4
2
3
1
2
3
0
3
5
3
1
1
3
0
1
3
0
1
1
-1
1
0
5
3
2
1
3
0
1
0
3
2
2
0
3
0
0
4
3
0
5
5
2
2
3
2
4
3
6
2
3
3
2
1
5
4
5
1
2
-1
4
1
4
4
3
2
3
1
1
3
3
4
5
0
1
1
4
3
4
4
0
2
3
4
1
7
5
5
2
1
3
1
2
2
6
4
5
5
6
5
4
4
5
8
6
4
4
2
7
9
3
3
7
7
3
5
3
4
5
6
2
3
8
4
5
8
6
7
9
9
7
3
7
7
6
6
7
5
6
5
9
7
6
8
5
6
7
6
10
6
5
7
8
8
8
8
11
7
7
10
13
8
8
6
11
8
11
9
12
12
12
12
12
12
12
13
14
13
13
13
14
13
14
15
14
11
15
13
7
11
16
15
14
11
16
14
17
14
17
15
19
17
19
21
20
21
23
22
23
26
27
27
27
28
30
32
32
33
36
32
38
35
37
37
41
38
41
40
42
43
44
41
43
45
43
42
40
38
40
41
42
42
43
43
43
42
47
47
49
50
50
51
52
50
56
58
59
59
63
64
64
68
71
68
70
73
76
75
79
80
80
83
84
84
84
87
85
84
86
86
79
81
84
82
80
81
83
82
79
86
87
87
84
86
89
88
88
89
92
89
92
94
95
101
98
99
101
102
103
106
111
112
112
116
121
125
125
127
128
133
137
141
144
145
147
144
152
149
151
150
155
158
157
152
160
157
161
162
159
158
160
162
165
162
167
167
165
169
167
163
166
166
171
168
167
169
169
164
169
166
168
169
165
165
162
163
157
162
167
166
171
173
172
174
177
176
182
183
187
191
194
194
199
196
195
198
207
203
212
210
218
221
222
231
237
239
250
251
257
262
271
277
286
297
298
310
323
328
334
343
352
355
360
369
384
382
387
389
400
408
411
418
424
420
422
426
418
427
426
425
428
425
423
419
421
420
414
417
420
424
427
422
431
437
441
439
444
443
446
449
456
461
461
471
478
474
478
487
495
497
499
499
509
507
517
508
516
513
518
523
518
521
516
521
523
527
523
528
533
531
538
540
544
553
560
567
575
580
592
597
598
593
589
582
582
580
578
573
569
559
563
562
567
566
571
568
577
572
580
581
598
612
629
638
651
662
669
669
677
676
670
663
672
664
653
635
625
608
599
581
579
563
552
537
528
523
517
510
517
515
520
522
529
539
541
562
565
581
594
611
634
640
655
667
677
681
690
705
709
726
732
736
745
748
757
760
778
784
791
801
813
814
822
838
844
854
852
851
845
839
832
805
798
788
776
756
743
731
729
719
717
714
711
708
714
712
719
721
730
736
751
771
797
823
849
869
890
915
936
938
951
953
960
954
958
963
959
961
950
949
954
943
945
930
925
928
940
934
931
949
948
958
970
979
998
1018
1026
1038
1054
1072
1089
1111
1125
1145
1167
1173
1198
1226
1237
1244
1268
1268
1288
1307
1321
1330
1325
1327
1317
1300
1287
1269
1252
1232
1206
1183
1163
1138
1117
1104
1084
1081
1063
1065
1052
1060
1066
1073
1090
1101
1114
1133
1153
1177
1184
1198
1206
1217
1227
1227
1232
1241
1234
1229
1214
1205
1197
1163
1143
1111
1085
1059
1034
1012
998
981
967
959
959
959
968
970
973
969
971
977
974
989
1005
1001
1012
1016
1026
1035
1050
1060
1075
1090
1094
1103
1115
1121
1133
1141
1151
1151
1178
1188
1195
1200
1201
1220
1200
1205
1208
1205
1210
1206
1199
1194
1196
1195
1207
1189
1172
1170
1168
1163
1165
1160
1170
1158
1175
1176
1174
1178
1176
1170
1183
1186
1186
1195
1211
1219
1235
1253
1275
1291
1316
1328
1353
1370
1390
1420
1433
1447
1463
1468
1486
1498
1497
1493
1483
1480
1472
1478
1486
1492
1499
1514
1509
1514
1523
1537
1537
1542
1563
1569
1588
1588
1593
1593
1608
1614
1615
1611
1608
1607
1616
1611
1597
1602
1585
1577
1567
1566
1555
1561
1572
1569
1586
1588
1605
1617
1635
1642
1629
1637
1631
1647
1651
1654
1652
1658
1670
1677
1675
1681
1666
1661
1670
1668
1677
1685
1705
1721
1738
1761
1778
1797
1812
1847
1856
1878
1905
1936
1964
2001
2031
2060
2073
2101
2127
2153
2159
2168
2167
2143
2137
2123
2109
2093
2091
2082
2086
2069
2073
2068
2073
2089
2087
2076
2070
2060
2060
2036
2023
1999
1987
1974
1949
1930
1900
1862
1838
1807
1788
1767
1752
1748
1747
1740
1717
1684
1661
1634
1606
1576
1567
1556
1551
1543
1543
1531
1538
1539
1563
1566
1579
1613
1630
1659
1672
1700
1722
1734
1744
1740
1735
1740
1724
1708
1716
1690
1689
1683
1668
1665
1651
1639
1630
1615
1599
1608
1589
1590
1577
1581
1592
1586
1612
1611
1624
1622
1625
1621
1610
1612
1598
1582
1579
1557
1536
1522
1506
1500
1499
1495
1493
1486
1479
1463
1458
1460
1466
1445
1445
1442
1455
1467
1479
1497
1527
1537
1552
1591
1598
1611
1621
1640
1650
1652
1643
1641
1629
1628
1620
1619
1626
1630
1630
1632
1640
1647
1647
1643
1654
1658
1661
1660
1690
1708
1727
1731
1737
1738
1739
1741
1730
1703
1678
1640
1608
1573
1535
1500
1480
1462
1446
1447
1439
1426
1433
1425
1432
1442
1448
1463
1465
1478
1492
1518
1541
1542
1569
1577
1576
1574
1581
1556
1536
1507
1481
1457
1438
1426
1410
1407
1430
1441
1464
1491
1528
1550
1602
1636
1669
1702
1727
1759
1769
1777
1784
1796
1810
1826
1838
1842
1839
1840
1843
1833
1832
1821
1818
1831
1838
1844
1863
1873
1885
1895
1930
1946
1981
2011
2026
2029
2035
2026
2019
2003
1991
1978
1940
1922
1897
1864
1843
1823
1817
1811
1826
1841
1847
1867
1883
1891
1902
1934
1963
2013
2052
2082
2126
2149
2175
2208
2211
2216
2216
2217
2206
2200
2192
2177
2166
2145
2116
2097
2074
2057
2036
2005
1988
1956
1939
1924
1929
1918
1914
1904
1891
1880
1869
1849
1828
1803
1787
1781
1776
1770
1779
1764
1746
1753
1751
1737
1747
1763
1764
1764
1771
1788
1804
1818
1830
1840
1857
1860
1857
1858
1859
1854
1853
1851
1846
1834
1821
1808
1789
1782
1771
1760
1757
1760
1763
1769
1786
1785
1801
1794
1795
1798
1778
1769
1767
1765
1775
1768
1776
1766
1773
1750
1740
1734
1710
1677
1659
1637
1602
1568
1539
1505
1462
1430
1398
1370
1332
1295
1267
1243
1221
1205
1192
1180
1177
1185
1182
1194
1219
1234
1261
1285
1331
1365
1412
1441
1483
1506
1521
1550
1564
1584
1596
1612
1634
1647
1671
1681
1692
1684
1692
1698
1701
1708
1698
1680
1678
1656
1635
1621
1613
1598
1590
1583
1581
1568
1558
1556
1547
1554
1554
1551
1558
1567
1574
1583
1591
1598
1627
1639
1669
1681
1713
1732
1760
1773
1789
1805
1797
1792
1801
1794
1795
1788
1788
1787
1775
1744
1739
1714
1697
1685
1672
1673
1663
1672
1658
1656
1643
1660
1657
1664
1679
1678
1686
1674
1692
1706
1699
1695
1715
1722
1719
1740
1743
1763
1770
1786
1796
1785
1804
1807
1801
1797
1791
1780
1777
1782
1769
1771
1780
1771
1785
1791
1815
1815
1808
1787
1771
1740
1721
1706
1706
1705
1732
1745
1765
1778
1805
1819
1849
1880
1909
1934
1957
2001
2014
2056
2089
2108
2140
2178
2203
2217
2259
2262
2276
2256
2252
2242
2214
2198
2173
2171
2157
2143
2146
2126
2109
2096
2082
2053
2039
2014
2001
1986
1973
1975
1980
1971
1973
1981
1983
1994
2027
2041
2048
2072
2087
2096
2100
2114
2110
2130
2134
2127
2109
2081
2039
1992
1933
1882
1832
1782
1749
1720
1707
1695
1704
1696
1715
1726
1745
1756
1788
1798
1814
1817
1828
1852
1858
1883
1923
1937
1972
1983
2005
1999
1995
2000
1985
1982
1961
1949
1934
1938
1936
1936
1956
1953
1954
1962
1977
1981
1984
1981
1997
2009
2026
2035
2045
2057
2073
2110
2110
2107
2096
2074
2059
2052
2048
2025
2029
2020
2005
1983
1967
1945
1928
1913
1892
1873
1856
1837
1832
1816
1806
1786
1786
1777
1767
1745
1728
1709
1683
1657
1642
1611
1608
1602
1597
1608
1623
1635
1658
1682
1693
1685
1683
1670
1654
1642
1628
1612
1615
1599
1597
1579
1569
1552
1519
1490
1466
1428
1411
1368
1350
1320
1310
1303
1310
1316
1335
1341
1362
1352
1360
1350
1353
1351
1355
1347
1371
1370
1394
1401
1402
1391
1378
1370
1353
1330
1319
1312
1310
1284
1283
1269
1233
1209
1183
1161
1129
1111
1105
1094
1100
1096
1106
1112
1124
1145
1179
1203
1234
1270
1304
1326
1362
1391
1421
1464
1508
1550
1592
1635
1688
1730
1778
1818
1840
1868
1899
1919
1919
1939
1940
1951
1963
1983
1994
1996
1992
1982
1971
1954
1953
1929
1906
1881
1858
1836
1814
1800
1785
1775
1749
1713
1673
1638
1611
1585
1566
1562
1561
1570
1578
1584
1594
1598
1607
1618
1635
1656
1667
1689
1710
1727
1745
1762
1784
1791
1783
1753
1748
1724
1711
1686
1676
1655
1646
1654
1664
1665
1672
1674
1666
1662
1673
1688
1713
1756
1806
1855
1913
1963
2011
2049
2085
2122
2135
2154
2146
2126
2100
2073
2056
2022
2002
1975
1954
1937
1901
1865
1833
1819
1783
1769
1767
1751
1748
1760
1767
1791
1829
1875
1930
1963
2001
2018
2034
2040
2059
2057
2047
2038
2004
1972
1946
1924
1891
1874
1837
1816
1785
1754
1731
1690
1672
1653
1642
1632
1631
1629
1638
1653
1668
1681
1704
1724
1749
1767
1792
1792
1807
1837
1867
1889
1917
1934
1956
1994
2005
2030
2038
2050
2073
2090
2094
2097
2103
2110
2110
2116
2102
2083
2090
2082
2083
2070
2059
2055
2041
2032
2023
2004
2000
1975
1960
1943
1930
1912
1898
1875
1851
1845
1840
1827
1817
1803
1798
1779
1771
1771
1779
1777
1777
1774
1770
1750
1765
1750
1760
1753
1754
1746
1741
1725
1710
1696
1692
1679
1677
1665
1665
1656
1639
1634
1630
1613
1619
1611
1606
1594
1574
1566
1557
1550
1562
1550
1556
1556
1557
1564
1590
1594
1609
1625
1643
1650
1678
1695
1719
1738
1753
1793
1812
1823
1823
1838
1848
1849
1854
1849
1845
1824
1807
1783
1774
1733
1715
1707
1710
1697
1702
1674
1679
1675
1674
1661
1654
1637
1643
1626
1618
1605
1580
1545
1538
1515
1521
1489
1502
1499
1502
1497
1529
1533
1568
1605
1634
1679
1726
1750
1766
1776
1802
1830
1857
1880
1875
1881
1880
1864
1853
1833
1801
1786
1764
1723
1684
1657
1625
1590
1575
1550
1539
1531
1529
1529
1531
1525
1502
1496
1482
1479
1481
1475
1478
1467
1466
1453
1453
1482
1492
1513
1545
1548
1563
1578
1566
1552
1533
1521
1484
1475
1449
1419
1377
1331
1308
1263
1245
1239
1239
1245
1255
1268
1306
1336
1378
1415
1458
1499
1551
1581
1616
1631
1666
1679
1690
1687
1682
1665
1649
1613
1578
1539
1491
1460
1415
1387
1365
1340
1336
1337
1352
1353
1363
1368
1406
1428
1470
1516
1555
1591
1616
1637
1665
1690
1720
1739
1765
1777
1788
1783
1803
1793
1794
1789
1768
1759
1741
1722
1709
1697
1680
1661
1658
1675
1669
1661
1678
1680
1693
1700
1721
1728
1735
1731
1743
1726
1734
1732
1736
1753
1763
1778
1801
1817
1827
1828
1845
1848
1860
1864
1895
1897
1908
1923
1927
1952
1955
1974
1991
2014
2015
2022
2035
2044
2047
2060
2067
2065
2075
2088
2093
2092
2102
2086
2090
2074
2059
2053
2023
1999
1965
1934
1893
1881
1838
1816
1789
1758
1723
1683
1673
1638
1609
1582
1555
1541
1524
1514
1510
1497
1478
1458
1460
1443
1432
1420
1409
1392
1370
1357
1345
1325
1332
1316
1324
1328
1335
1344
1354
1371
1385
1394
1401
1421
1438
1453
1478
1498
1513
1529
1537
1550
1545
1532
1541
1547
1538
1547
1536
1507
1503
1480
1455
1441
1440
1407
1409
1398
1370
1354
1347
1342
1333
1309
1299
1289
1266
1252
1235
1203
1175
1160
1135
1119
1099
1079
1078
1071
1053
1047
1038
1032
1019
1004
985
965
945
932
918
903
888
874
870
871
876
869
858
846
830
825
818
810
805
792
797
797
798
793
801
802
796
796
802
796
792
786
778
776
768
760
766
772
776
779
795
804
811
834
848
873
884
905
924
947
958
983
1010
1038
1056
1084
1109
1132
1155
1171
1183
1193
1192
1199
1205
1203
1216
1210
1209
1206
1209
1212
1216
1198
1178
1170
1150
1138
1135
1134
1140
1131
1134
1116
1112
1099
1089
1082
1067
1043
1021
1009
1024
1052
1046
1058
1055
1080
1073
1072
1085
1093
1110
1136
1165
1181
1208
1222
1245
1250
1258
1251
1246
1241
1216
1203
1196
1170
1162
1152
1128
1117
1103
1095
1105
1117
1126
1132
1134
1137
1141
1147
1153
1161
1188
1201
1211
1209
1201
1214
1214
1214
1202
1195
1189
1182
1179
1169
1162
1162
1149
1150
1152
1137
1137
1126
1123
1128
1111
1106
1114
1102
1115
1121
1121
1123
1145
1148
1174
1179
1185
1200
1207
1226
1259
1271
1292
1306
1324
1343
1345
1375
1378
1388
1388
1399
1388
1394
1409
1396
1413
1426
1421
1425
1419
1401
1400
1387
1385
1379
1368
1339
1338
1322
1310
1314
1305
1292
1276
1283
1267
1263
1271
1277
1304
1320
1332
1351
1361
1395
1405
1404
1422
1415
1437
1440
1452
1439
1431
1425
1419
1420
1412
1391
1375
1371
1356
1333
1323
1307
1276
1249
1224
1208
1189
1166
1159
1136
1123
1095
1083
1060
1038
1008
995
982
960
940
932
914
893
874
849
807
772
727
680
638
607
569
548
517
492
470
453
437
424
406
404
401
400
397
404
410
417
432
446
465
487
506
531
549
566
578
591
603
616
633
656
676
701
717
730
752
757
781
800
813
821
839
838
849
863
872
889
894
910
922
929
945
949
961
961
965
971
968
978
971
969
959
965
959
956
945
942
945
928
928
920
916
903
882
872
860
848
832
806
791
771
749
728
686
661
626
593
559
534
503
486
463
454
439
434
416
407
396
390
384
382
391
386
392
408
419
436
455
475
500
510
538
569
595
618
647
676
717
730
751
776
809
823
850
866
875
892
901
911
915
915
922
930
928
920
921
921
938
946
941
948
952
955
959
964
957
973
987
997
1010
1020
1017
1027
1037
1045
1049
1060
1055
1062
1067
1062
1068
1065
1058
1057
1051
1052
1049
1048
1048
1048
1056
1058
1054
1059
1053
1064
1066
1070
1074
1073
1078
1078
1081
1071
1062
1051
1041
1041
1035
1052
1053
1059
1054
1056
1066
1059
1064
1059
1055
1069
1074
1082
1080
1094
1098
1104
1106
1122
1119
1112
1120
1121
1126
1122
1116
1109
1101
1097
1100
1105
1103
1111
1107
1109
1103
1109
1101
1106
1103
1110
1098
1091
1085
1078
1073
1077
1086
1094
1097
1103
1092
1106
1097
1101
1099
1095
1087
1077
1073
1061
1057
1047
1025
1015
992
982
969
944
944
947
950
963
953
957
967
961
969
979
977
988
993
1005
1001
1007
1004
1011
1008
1014
1018
1020
1005
1001
998
978
962
940
917
913
890
886
875
874
866
859
852
855
859
858
857
859
853
858
862
868
872
892
882
897
897
896
890
879
870
861
854
842
844
828
819
815
803
797
799
792
790
788
778
773
763
753
740
738
728
729
716
721
718
718
702
706
694
695
690
682
685
686
681
686
688
680
682
687
682
682
677
671
669
672
668
666
672
673
674
667
656
648
644
644
633
631
632
638
631
641
641
636
645
639
637
637
637
644
627
630
638
639
640
628
635
640
641
643
647
644
649
645
639
633
629
619
625
620
611
620
616
622
615
616
613
602
601
598
593
581
561
551
546
536
542
541
539
525
510
504
489
484
475
477
470
457
458
455
453
447
438
439
447
444
448
454
449
447
453
448
454
458
464
473
482
491
498
495
504
502
511
507
504
502
500
502
490
492
497
499
505
506
510
515
519
512
514
519
509
508
507
504
503
502
492
495
491
496
489
488
490
481
483
480
479
477
471
469
472
465
472
467
460
470
459
463
449
448
442
443
438
434
427
427
426
423
424
426
428
429
427
436
432
434
434
439
443
444
447
453
450
455
460
458
461
457
448
446
436
439
435
435
427
426
418
422
419
419
415
418
413
411
412
413
410
409
413
414
415
419
420
414
414
409
405
402
395
398
398
386
391
390
387
388
384
385
388
395
383
382
381
383
386
392
394
400
401
402
406
413
416
416
416
427
417
376
222
-2
1
2
0
-3
0
0
-1
420
399
-2
-1
3
0
0

