;UFOS3
;Measurement details: channel = D, date = 02.06.2018, time = 12:37:22
Exposure=206
Gain=0
Temperature=27.7
Accummulate=4
1.469 mu
1.474 amas
42.717 hs
0 ozone
0 uva
0 uvb
0 uve
[Value]
0
382
382
382
383
382
381
383
422
422
445
436
425
427
451
438
439
419
446
446
431
423
463
448
445
422
468
452
439
440
474
449
433
427
470
453
449
422
464
459
429
422
471
455
445
422
469
462
436
423
456
444
425
430
473
452
423
426
466
451
443
423
458
445
435
422
484
447
435
418
464
444
427
436
475
457
435
425
455
447
439
429
471
450
435
428
468
455
425
430
467
454
429
431
467
458
424
421
476
447
422
426
455
449
435
425
468
450
432
424
463
453
430
431
467
452
432
429
465
449
434
436
478
460
439
432
460
453
434
426
454
445
434
426
469
467
431
435
462
448
446
432
462
453
431
429
463
450
424
452
460
453
425
423
476
456
445
426
468
461
424
424
460
453
446
441
464
457
453
427
465
454
440
448
463
456
428
431
469
440
431
421
464
458
438
430
484
456
439
437
453
474
428
437
462
461
437
431
474
449
439
426
462
451
436
426
464
443
440
430
470
451
423
441
459
450
433
421
454
461
445
423
466
454
438
430
459
444
432
420
464
448
429
429
462
454
433
431
462
453
448
429
463
456
436
437
471
446
446
428
462
449
436
427
463
465
434
438
472
450
427
447
469
456
442
418
457
447
437
420
454
448
427
436
467
452
433
431
480
463
438
423
457
464
441
419
467
444
434
431
454
464
436
424
458
456
435
428
466
452
442
424
465
455
438
439
463
444
439
414
461
458
450
427
471
456
435
433
459
453
429
430
457
452
429
433
464
448
445
429
473
447
437
431
463
447
451
423
475
464
431
429
459
464
429
435
465
460
437
430
475
458
429
435
456
446
431
428
468
446
449
432
468
450
449
426
482
449
444
435
457
455
446
430
459
460
439
432
463
453
435
427
456
449
434
436
459
447
436
428
459
461
433
422
464
447
439
421
462
463
440
427
473
460
440
426
474
442
443
431
465
450
434
423
457
451
448
433
463
448
439
440
453
452
430
426
465
447
442
429
459
452
429
416
481
454
427
435
464
452
442
432
451
456
429
429
458
458
437
419
464
444
435
439
456
445
437
437
463
456
449
427
466
452
435
433
462
453
431
432
463
456
437
423
463
445
439
443
465
451
448
434
458
447
437
433
463
449
435
432
456
449
441
428
467
443
440
428
467
446
446
435
468
446
427
444
453
456
431
428
459
446
442
422
467
448
431
443
461
445
437
432
460
447
438
428
455
452
437
449
462
450
440
436
458
451
442
438
460
454
440
439
454
453
445
430
458
449
431
425
456
446
440
428
457
452
454
445
467
448
430
435
464
450
439
438
468
456
436
431
463
445
440
423
463
455
441
437
454
450
434
433
461
456
432
437
459
452
433
439
464
450
435
446
474
440
446
428
454
447
445
442
472
447
439
432
460
442
437
433
458
447
433
439
468
448
428
435
463
447
447
426
467
446
438
426
470
449
425
437
456
448
462
429
462
445
433
425
458
450
434
423
454
454
422
428
457
436
455
434
460
444
436
427
458
449
431
423
459
447
432
436
457
447
436
435
466
455
436
423
465
443
439
437
468
446
437
440
465
441
431
425
458
437
443
430
459
449
442
437
472
441
435
412
452
449
433
428
450
445
442
434
446
442
433
431
453
448
432
424
465
450
438
437
454
437
433
441
452
452
437
430
461
454
432
438
456
447
445
438
453
449
444
506
461
454
453
427
460
448
438
436
458
440
430
433
462
440
443
435
461
446
442
432
460
442
442
433
458
447
433
438
457
458
445
425
461
443
432
430
470
455
444
432
461
444
435
433
453
449
433
438
460
447
437
434
458
443
443
430
457
445
438
420
460
442
437
435
452
448
439
434
467
443
440
431
458
441
429
430
456
448
441
430
467
445
443
442
456
443
448
430
459
452
456
438
450
453
437
435
457
450
440
440
463
451
440
429
451
442
451
441
457
445
433
433
452
446
433
433
457
446
445
441
457
443
431
425
460
448
443
439
456
445
437
426
453
441
440
438
460
452
439
432
452
450
445
456
463
444
438
435
456
445
438
439
456
448
439
435
461
444
439
437
453
452
442
438
454
440
436
433
450
447
439
437
456
449
443
434
455
442
438
438
452
442
445
435
456
446
433
434
459
445
449
429
459
445
441
436
454
447
440
440
459
449
459
424
456
437
449
422
452
447
436
433
465
452
430
430
456
462
440
432
449
445
454
436
459
445
447
444
457
444
456
439
454
450
445
435
450
443
440
435
453
442
454
438
455
444
449
440
456
445
443
435
453
448
433
426
454
447
454
429
453
442
439
437
451
440
428
433
449
447
435
434
454
453
440
432
450
443
440
438
449
442
441
425
456
448
450
427
451
450
438
431
450
438
435
428
458
447
436
437
454
448
451
441
460
446
441
451
451
453
441
439
449
443
442
431
440
438
445
447
461
442
431
441
457
445
442
430
449
450
440
430
450
447
445
439
458
453
445
432
454
448
442
434
453
427
435
439
454
447
444
445
453
438
441
428
460
440
450
431
457
448
439
430
450
444
451
439
450
445
453
438
457
445
437
443
450
443
439
437
449
451
448
435
460
437
447
439
455
447
449
435
455
440
442
444
452
443
440
438
446
448
452
441
452
443
448
432
445
433
441
423
446
447
443
439
451
442
440
436
449
446
441
433
446
438
443
443
448
438
439
432
453
440
437
432
453
436
438
433
456
433
451
442
455
445
450
442
447
444
442
438
452
438
453
439
451
436
448
442
458
442
450
434
448
436
440
434
450
460
442
437
452
444
459
436
447
449
443
439
454
443
448
432
477
443
448
441
450
447
439
441
442
435
446
438
455
439
436
434
443
435
445
432
449
442
457
441
444
438
444
442
449
444
442
449
445
438
442
441
451
437
444
434
447
449
441
443
459
443
447
433
445
445
443
443
460
448
454
433
453
440
446
434
451
430
456
437
450
444
450
433
453
441
444
438
452
445
454
434
445
443
444
441
460
436
438
438
446
440
450
428
457
445
448
434
450
428
450
438
452
443
453
444
457
438
452
425
439
436
434
434
444
445
446
439
442
443
452
432
462
442
435
447
460
433
441
434
444
437
451
441
445
432
451
441
455
444
449
439
454
441
444
441
450
441
445
437
457
441
449
436
446
431
445
435
453
439
435
443
454
444
447
452
447
444
439
434
443
438
456
438
446
435
444
438
454
441
442
441
436
444
450
444
453
449
446
431
449
445
444
431
451
443
444
442
448
443
448
438
442
437
440
431
440
441
454
439
435
442
441
431
450
440
449
439
449
440
452
439
448
443
454
446
450
454
454
436
451
442
441
431
450
436
449
443
459
448
445
437
443
437
456
450
455
447
451
448
448
443
450
431
453
439
451
435
455
437
455
437
449
442
433
445
454
432
431
453
440
438
445
441
443
449
441
446
454
443
458
443
441
436
458
441
449
442
452
440
442
429
451
439
445
434
452
436
441
436
450
445
450
434
448
450
442
435
446
440
445
438
457
439
448
430
447
433
450
439
445
449
445
440
441
443
446
444
447
444
440
443
441
446
434
439
452
433
451
431
442
439
448
443
443
448
442
436
451
441
452
444
447
447
450
437
451
441
443
437
440
444
440
437
437
440
451
441
444
441
443
434
457
441
454
440
435
438
439
437
433
434
440
434
455
439
438
445
446
437
438
436
437
435
438
435
443
439
451
440
452
445
451
441
439
441
446
450
450
436
444
435
443
432
450
445
446
439
440
438
444
441
447
442
439
432
450
430
442
443
438
439
443
439
463
439
444
437
440
442
451
444
442
439
446
427
442
440
435
443
449
436
446
434
447
428
447
434
445
430
453
441
447
435
443
444
442
428
444
433
439
432
432
441
447
440
436
443
439
428
454
441
445
434
444
452
449
447
449
441
440
436
441
435
444
439
440
438
432
438
434
432
443
448
452
443
443
441
441
436
435
441
439
437
441
442
441
434
446
429
447
439
441
443
445
444
442
436
444
447
448
442
449
435
439
438
446
442
452
445
443
436
447
436
447
435
450
432
443
438
453
444
445
436
449
439
458
439
447
430
444
445
444
438
456
432
455
440
440
436
442
439
452
437
437
440
442
445
446
442
451
439
440
431
448
440
442
437
451
439
441
440
434
436
452
449
440
438
441
435
441
450
447
432
441
433
442
440
440
443
449
429
453
430
449
439
439
450
448
431
448
436
447
432
434
441
440
440
445
444
450
434
450
444
448
437
440
442
450
433
449
445
440
425
449
444
436
441
443
456
451
437
460
436
459
426
455
441
446
444
429
444
446
434
444
452
447
438
449
443
443
438
444
446
446
442
443
434
448
439
455
436
433
430
450
440
449
438
444
444
444
444
443
445
460
436
446
446
444
432
455
441
445
437
443
436
451
439
457
430
444
445
446
441
443
437
445
448
439
435
442
441
439
432
441
442
446
442
444
437
445
432
446
437
452
435
448
443
438
442
448
449
454
430
441
453
444
438
449
434
449
432
439
437
446
435
447
453
438
441
449
447
442
440
447
453
444
431
457
439
443
437
447
450
450
434
446
438
447
441
456
446
452
436
457
440
450
438
443
440
445
439
450
447
442
436
450
452
446
440
449
443
450
431
450
438
439
438
448
441
449
439
446
442
441
443
450
442
449
433
440
446
458
451
451
433
448
438
451
439
432
441
451
438
438
426
442
435
448
431
463
436
450
434
451
449
456
430
446
445
442
439
446
444
442
439
440
446
438
430
447
442
438
434
447
436
437
433
447
440
453
435
456
447
439
432
446
443
453
434
464
444
444
451
456
443
441
437
447
454
446
442
449
447
443
432
452
444
451
444
450
443
442
440
439
441
452
434
454
443
441
439
455
447
448
440
457
441
444
435
452
441
442
434
448
435
433
450
449
448
441
436
449
443
439
430
451
443
448
431
450
443
453
451
442
435
435
442
459
442
456
437
448
445
446
435
449
448
443
445
445
441
450
429
448
452
453
430
449
448
444
442
451
440
440
434
446
446
442
431
449
448
444
431
455
443
447
430
461
450
438
439
455
449
443
436
458
444
449
425
447
453
434
435
450
445
434
439
453
438
448
434
445
444
443
432
451
451
434
435
450
448
447
434
446
443
436
440
453
435
439
432
456
438
436
434
455
449
441
438
459
449
436
432
452
438
439
436
450
440
440
432
453
445
436
440
454
446
446
434
452
446
444
433
457
447
440
440
461
448
451
441
455
443
439
441
454
453
441
442
457
449
453
434
453
449
450
437
450
446
441
436
455
456
442
437
447
449
441
446
456
452
452
439
456
452
449
437
450
448
445
440
455
458
438
435
456
445
447
443
450
447
434
430
448
450
440
429
456
449
445
435
453
444
439
439
450
440
446
437
459
446
440
430
462
440
443
428
450
450
436
438
457
452
450
428
460
449
438
434
453
447
444
435
454
443
434
434
456
447
443
434
453
442
448
431
469
445
440
432
454
447
447
426
453
446
452
444
444
453
442
434
464
455
431
432
456
451
442
436
451
446
438
429
453
448
436
441
453
448
441
432
462
444
445
429
458
442
439
433
451
452
438
436
463
455
453
431
451
444
437
434
456
451
450
435
457
451
453
442
455
448
437
434
446
448
444
433
456
447
435
433
460
451
439
432
458
455
440
431
459
448
453
427
462
444
440
432
470
448
450
439
447
451
447
437
451
456
443
434
461
445
434
441
459
449
431
426
447
453
433
435
463
446
446
433
461
448
451
429
452
437
460
428
467
439
433
435
451
451
437
430
457
454
445
430
460
448
445
436
455
448
448
435
460
446
443
441
453
449
442
433
456
458
428
431
456
459
438
435
474
454
444
436
456
449
438
440
449
459
440
432
451
449
438
432
461
448
442
435
463
449
444
443
457
451
445
433
459
440
447
448
465
452
454
440
454
453
442
429
463
451
446
439
465
452
437
441
453
449
437
428
467
454
443
437
470
477
438
434
460
445
442
437
457
460
442
440
464
461
436
438
463
446
444
447
464
457
439
447
461
451
440
448
456
453
452
434
451
448
444
433
457
460
429
431
457
454
437
433
461
461
440
438
458
443
444
424
451
453
439
441
456
454
445
432
460
454
443
434
465
453
439
432
452
452
441
431
462
452
434
435
467
453
443
432
456
452
442
438
452
442
446
440
455
450
448
434
460
456
439
430
456
463
441
446
465
449
447
441
470
457
443
436
458
454
443
437
468
445
441
428
469
444
444
440
447
449
440
430
462
442
426
450
466
454
438
442
455
457
436
439
457
446
442
441
459
458
433
433
473
447
441
440
463
442
443
437
457
457
433
443
464
456
439
428
457
452
433
434
461
453
450
435
466
464
437
438
463
448
441
438
469
447
442
433
463
448
442
429
461
454
449
431
456
456
446
422
458
460
448
446
473
451
445
432
462
447
440
432
456
450
440
436
465
452
438
434
462
442
443
436
459
449
442
433
455
446
440
425
465
453
441
440
462
450
436
438
462
444
440
439
458
442
436
440
461
452
443
430
460
457
446
429
463
460
429
430
463
448
445
432
457
454
437
435
456
455
432
433
466
445
445
439
475
450
441
432
471
452
437
437
452
450
443
429
467
445
442
431
460
459
430
448
460
458
436
437
450
454
436
447
458
455
434
425
464
448
435
434
469
454
451
430
458
458
443
429
451
451
440
441
459
472
441
430
444
450
449
441
457
451
437
426
450
455
438
432
458
458
437
427
455
446
437
435
455
455
444
440
459
449
432
433
457
470
440
438
451
449
446
433
455
450
432
445
456
439
446
443
455
450
443
433
458
447
437
431
459
448
443
426
452
455
443
433
446
443
436
430
449
448
442
430
458
460
438
429
455
450
449
431
450
449
437
429
459
462
436
436
458
449
442
431
467
442
454
433
460
457
447
431
451
451
436
432
465
439
436
431
457
451
439
436
465
445
446
435
471
448
444
445
449
456
447
433
470
448
443
439
460
447
441
430
453
455
437
441
466
445
444
433
449
450
431
427
447
445
444
447
457
447
440
437
455
446
439
433
461
451
444
431
456
450
438
436
457
447
446
435
452
447
440
447
455
448
434
434
443
443
441
424
451
451
441
439
457
441
444
435
451
449
430
435
457
459
435
429
450
440
437
431
455
448
436
432
454
459
438
448
464
447
440
429
463
447
441
440
465
448
446
434
460
447
444
443
454
444
443
446
447
448
437
438
450
447
438
434
465
442
433
433
463
453
439
432
470
458
445
440
464
450
450
435
457
449
456
433
452
463
438
434
446
448
435
436
458
443
449
437
455
456
440
428
460
453
441
427
458
459
440
435
459
452
434
439
459
454
442
430
458
452
441
425
437
452
445
428
452
456
433
434
448
443
444
436
467
440
445
424
462
446
438
428
451
447
448
432
453
438
430
437
441
442
446
445
455
439
447
438
451
442
435
430
459
445
445
440
452
450
448
437
453
442
450
440
454
448
453
448
451
454
444
446
447
457
447
439
456
454
442
432
463
467
448
438
458
457
449
433
461
439
442
451
463
460
446
433
456
457
451
437
447
441
452
443
462
455
434
440
456
454
440
426
452
453
437
438
454
451
446
440
458
440
441
431
453
447
441
434
460
452
444
423
448
449
438
428
465
451
437
436
475
455
450
439
452
452
434
441
460
444
441
428
451
451
445
429
451
459
448
439
471
445
445
431
463
443
439
428
454
448
438
435
455
460
442
434
448
446
438
431
460
443
444
437
464
445
431
434
444
442
447
427
470
443
440
435
457
453
437
432
453
451
439
446
459
444
435
434
455
445
444
432
461
440
440
431
456
474
438
436
456
442
451
448
463
448
445
432
451
452
435
432
450
460
445
441
442
457
448
442
456
447
452
438
453
448
437
441
464
454
437
443
457
462
437
433
455
456
444
430
453
445
446
435
449
452
445
444
456
451
442
439
457
447
446
435
451
454
432
441
453
446
446
432
464
453
442
425
460
446
445
436
454
446
439
434
460
448
448
444
454
445
453
432
449
443
447
432
450
456
436
426
455
453
442
433
451
453
439
438
454
450
440
449
458
454
454
431
458
461
440
447
459
446
433
430
466
448
436
435
459
457
437
431
457
455
452
435
459
454
438
435
460
456
450
441
465
450
449
438
455
455
451
432
453
440
438
441
458
446
452
436
451
445
442
437
459
447
437
433
470
453
436
449
465
456
440
428
456
448
436
441
462
453
432
443
457
447
442
435
455
447
440
437
455
452
439
449
457
448
442
428
453
446
449
437
451
441
437
434
461
454
433
435
464
446
437
442
449
444
439
442
446
460
449
448
450
443
437
431
439
448
440
442
461
446
451
431
457
441
448
434
468
446
432
431
458
450
454
441
454
450
439
432
468
451
457
437
445
443
441
447
381
382
383
383
382
383
382
382
457
437
382
384
381
0
0

