;UFOS3
;Measurement details: channel = Z, date = 02.06.2018, time = 14:06:30
Exposure=234
Gain=0
Temperature=28.1
Accummulate=4
1.846 mu
1.861 amas
32.526 hs
0 ozone
0 uva
0 uvb
0 uve
[Value]
0
385
382
385
384
386
383
384
424
424
456
446
427
430
463
443
442
419
453
454
437
426
480
457
450
427
479
460
445
447
483
462
442
429
483
463
458
426
474
466
433
428
486
467
451
429
484
468
442
430
468
457
429
434
480
462
427
433
480
461
448
428
468
455
439
426
494
458
442
427
478
454
433
442
486
462
442
430
467
456
444
436
483
457
439
436
476
465
428
434
484
464
432
436
481
469
429
424
487
457
428
431
467
460
437
431
482
456
438
427
478
461
435
437
478
461
435
432
473
455
441
441
489
465
442
439
468
463
439
430
464
452
437
431
481
476
435
441
473
453
452
440
474
462
436
434
473
459
429
461
471
462
429
427
488
465
453
430
476
469
429
427
470
463
456
450
471
467
457
431
480
461
446
457
473
467
434
441
485
452
436
426
478
467
445
433
492
461
447
444
469
481
432
443
474
468
445
437
488
459
447
434
472
463
441
431
474
455
446
435
484
461
427
448
470
461
439
425
467
472
453
428
478
461
445
437
474
457
435
425
477
452
432
435
475
460
437
437
466
462
454
433
474
465
438
443
480
452
452
433
472
459
441
431
473
479
440
445
485
459
432
461
479
465
446
424
466
458
443
424
464
457
429
443
480
466
440
437
486
469
441
432
468
473
447
424
481
455
442
439
468
473
443
429
467
465
439
434
479
462
449
428
476
465
446
446
469
455
445
421
475
467
458
432
479
464
440
440
472
463
433
436
471
460
435
440
468
456
453
435
486
457
444
438
478
457
461
427
488
476
438
436
471
471
435
443
481
470
443
436
485
465
435
441
465
452
436
434
476
456
458
438
477
459
456
433
490
459
447
439
467
464
450
436
471
469
443
438
476
456
444
430
469
459
440
442
470
456
440
433
472
469
437
429
475
454
447
426
471
478
445
434
484
477
449
435
487
451
449
438
478
458
441
430
467
464
455
441
470
456
443
450
468
463
438
431
477
457
451
436
473
461
436
423
488
464
431
442
479
466
446
440
464
467
433
432
472
465
444
426
475
449
439
446
469
454
447
444
473
464
458
432
475
463
443
440
472
460
437
440
472
468
445
428
476
454
448
451
478
462
458
441
474
456
445
441
474
459
439
442
471
460
447
434
482
455
447
432
495
453
456
440
481
456
431
450
465
465
441
435
474
455
448
430
474
456
441
453
474
456
446
441
473
454
445
433
469
465
444
461
477
461
448
443
474
464
450
446
472
465
445
447
462
464
452
435
471
458
438
432
470
456
450
437
470
465
461
451
481
460
437
441
480
462
446
447
480
468
443
436
475
457
448
431
473
468
446
446
471
462
443
441
474
467
439
444
478
462
443
448
474
461
442
453
488
449
453
434
471
458
451
449
478
456
448
442
471
452
445
440
473
457
441
447
475
458
433
445
478
458
457
435
482
456
445
436
484
456
432
444
470
460
472
437
479
451
439
431
466
461
440
432
465
463
430
437
466
444
461
445
472
453
447
433
465
461
438
429
474
456
443
444
472
458
450
447
479
464
446
429
481
452
447
445
479
454
447
447
478
451
439
434
472
448
451
435
470
461
451
445
486
453
448
420
464
461
443
438
464
457
454
441
458
454
441
442
465
458
441
433
477
462
443
446
467
447
442
450
465
464
447
438
472
465
439
448
468
459
455
451
467
464
451
527
476
469
464
439
469
460
449
445
472
453
442
444
474
449
452
444
476
460
454
443
471
454
452
443
475
459
443
447
469
471
456
434
474
457
439
442
481
468
454
445
476
456
446
445
463
467
446
451
473
458
451
449
472
457
453
443
475
456
452
434
481
461
450
452
467
462
454
448
487
458
455
447
476
457
440
446
474
460
453
445
483
459
455
458
476
455
464
445
475
464
473
454
470
471
455
452
480
471
461
459
480
477
457
449
473
467
474
464
480
471
456
457
480
475
457
461
485
476
469
465
487
473
458
451
494
480
471
467
481
473
462
451
482
465
469
466
492
484
471
460
489
482
478
493
500
477
473
470
495
486
476
479
498
494
481
479
507
489
484
484
503
503
492
486
514
494
487
483
507
495
489
489
508
500
492
481
509
494
489
490
509
496
496
487
508
503
490
488
517
500
510
485
524
504
501
499
517
513
505
500
528
517
531
495
530
517
529
505
535
539
520
523
557
543
517
520
548
558
533
526
547
542
555
537
560
543
547
543
559
543
559
539
560
554
554
537
561
547
549
539
561
547
564
541
561
549
554
547
567
552
549
546
564
554
538
533
566
553
561
535
567
553
555
554
569
559
550
553
581
577
567
561
590
585
574
567
593
581
583
585
597
593
593
582
621
615
615
596
629
630
622
617
641
639
637
637
676
666
661
666
692
691
694
691
716
703
702
721
724
728
719
725
735
726
724
721
729
729
735
736
758
739
724
734
752
735
733
721
748
751
744
731
754
759
757
751
775
770
765
755
780
777
773
768
790
770
780
785
809
806
804
808
816
807
809
794
836
809
828
808
842
829
815
803
826
822
834
827
835
832
846
830
856
853
848
853
873
873
868
874
888
888
884
869
898
866
871
869
883
875
875
858
882
869
869
879
897
880
882
888
901
914
933
928
948
949
958
947
962
952
958
934
956
956
934
929
929
907
895
886
883
884
860
848
856
841
837
840
849
837
844
842
873
859
868
875
900
893
905
910
963
939
970
975
990
986
993
998
1016
1020
1022
1020
1045
1036
1059
1042
1068
1065
1074
1076
1103
1090
1105
1101
1114
1111
1109
1110
1116
1128
1095
1080
1085
1070
1077
1033
1045
1037
1017
1010
1032
1015
1021
1002
1060
1021
1031
1031
1040
1053
1057
1075
1100
1118
1142
1154
1194
1192
1199
1204
1231
1225
1242
1214
1250
1237
1249
1232
1233
1227
1228
1219
1231
1214
1209
1216
1212
1207
1206
1216
1224
1217
1241
1243
1274
1274
1280
1298
1327
1319
1338
1342
1373
1392
1411
1420
1455
1461
1475
1475
1508
1495
1523
1523
1548
1542
1574
1547
1555
1534
1530
1499
1514
1477
1466
1441
1441
1418
1413
1381
1380
1365
1356
1347
1369
1338
1351
1366
1385
1382
1401
1395
1441
1443
1459
1447
1475
1457
1486
1491
1497
1490
1500
1491
1495
1456
1452
1410
1408
1375
1359
1330
1320
1303
1285
1274
1264
1263
1269
1247
1288
1271
1257
1280
1303
1272
1281
1281
1307
1300
1335
1332
1344
1330
1365
1368
1392
1400
1409
1405
1434
1437
1440
1443
1465
1461
1479
1468
1504
1492
1504
1496
1512
1495
1506
1497
1518
1496
1493
1499
1509
1495
1492
1495
1474
1465
1461
1454
1456
1447
1483
1455
1471
1458
1472
1458
1477
1465
1472
1480
1468
1491
1507
1511
1533
1542
1563
1563
1598
1613
1635
1639
1682
1695
1715
1716
1744
1746
1763
1760
1771
1769
1767
1748
1753
1753
1783
1767
1774
1793
1792
1790
1828
1815
1834
1825
1854
1847
1878
1867
1878
1884
1888
1897
1902
1908
1901
1875
1896
1890
1878
1850
1870
1853
1852
1844
1860
1845
1856
1836
1855
1866
1886
1898
1903
1909
1914
1912
1902
1910
1918
1894
1933
1915
1934
1929
1950
1929
1945
1925
1949
1939
1940
1966
1994
1989
1993
2049
2048
2054
2092
2109
2138
2154
2172
2217
2250
2263
2307
2319
2340
2361
2398
2402
2412
2416
2434
2406
2397
2372
2378
2349
2355
2350
2362
2334
2335
2336
2356
2346
2362
2338
2349
2338
2326
2295
2292
2275
2255
2238
2246
2200
2182
2124
2123
2084
2084
2052
2043
2040
2034
2018
1996
1983
1964
1924
1914
1887
1865
1853
1857
1853
1847
1840
1856
1839
1876
1858
1893
1918
1936
1952
1984
2007
2022
2032
2055
2041
2051
2050
2036
2026
2034
2005
2013
2003
1987
1974
1968
1960
1948
1931
1927
1926
1930
1919
1911
1917
1924
1915
1950
1936
1965
1950
1941
1946
1937
1933
1912
1898
1906
1875
1884
1858
1841
1834
1832
1824
1826
1808
1806
1789
1790
1783
1796
1784
1795
1782
1800
1799
1814
1826
1847
1869
1894
1926
1942
1942
1971
1953
1985
1969
1990
1980
1963
1952
1947
1953
1961
1969
1967
1976
1977
1970
1993
1970
1990
2001
1997
2005
2023
2038
2083
2064
2071
2073
2076
2075
2070
2045
2021
1992
1962
1914
1889
1853
1826
1828
1811
1799
1791
1774
1789
1764
1803
1791
1813
1792
1828
1836
1847
1860
1884
1896
1911
1912
1924
1918
1920
1893
1871
1862
1838
1818
1790
1782
1766
1758
1795
1797
1820
1830
1876
1909
1962
1989
2019
2050
2066
2087
2104
2106
2121
2139
2152
2157
2162
2183
2171
2174
2177
2179
2182
2176
2172
2177
2178
2196
2208
2219
2224
2246
2275
2306
2320
2345
2374
2364
2386
2368
2367
2353
2332
2328
2289
2266
2245
2227
2215
2183
2185
2154
2181
2194
2219
2229
2239
2252
2266
2272
2323
2354
2408
2420
2477
2477
2518
2544
2571
2565
2562
2550
2559
2538
2557
2520
2511
2487
2477
2447
2438
2395
2411
2351
2354
2303
2305
2283
2294
2283
2291
2261
2250
2238
2235
2219
2212
2182
2172
2154
2144
2134
2156
2135
2130
2118
2136
2118
2126
2135
2128
2135
2158
2172
2166
2194
2200
2212
2232
2241
2241
2219
2235
2233
2235
2230
2218
2218
2220
2172
2188
2153
2163
2149
2134
2155
2155
2149
2180
2153
2185
2173
2166
2169
2162
2151
2154
2148
2163
2142
2165
2161
2156
2134
2115
2115
2106
2061
2059
2046
1993
1948
1941
1901
1848
1827
1801
1789
1753
1689
1693
1631
1656
1596
1611
1587
1589
1591
1570
1604
1619
1620
1661
1704
1738
1768
1820
1854
1882
1905
1921
1953
1963
1977
2001
2004
2044
2043
2074
2070
2087
2076
2104
2090
2115
2094
2093
2094
2066
2062
2036
2035
2039
1996
2004
1988
1991
1961
1977
1963
1961
1962
1969
1959
1977
1971
1988
1976
2010
2021
2038
2052
2070
2086
2124
2146
2156
2168
2201
2199
2207
2192
2208
2212
2209
2189
2196
2194
2186
2151
2159
2123
2129
2082
2092
2083
2076
2085
2079
2071
2074
2051
2077
2086
2088
2086
2104
2090
2117
2105
2112
2115
2133
2130
2148
2173
2160
2175
2207
2203
2213
2213
2238
2243
2227
2207
2222
2198
2197
2188
2197
2208
2197
2188
2209
2219
2235
2230
2244
2218
2207
2157
2173
2141
2147
2137
2147
2158
2185
2191
2228
2244
2271
2294
2339
2366
2386
2404
2445
2493
2519
2529
2576
2597
2622
2645
2691
2693
2708
2685
2692
2658
2636
2631
2613
2591
2599
2565
2579
2575
2566
2547
2518
2486
2478
2438
2438
2421
2403
2407
2422
2402
2393
2409
2424
2411
2469
2466
2513
2494
2527
2516
2535
2560
2586
2557
2576
2575
2547
2516
2482
2430
2386
2335
2283
2233
2191
2149
2161
2131
2139
2141
2161
2158
2182
2193
2224
2241
2261
2258
2289
2292
2302
2331
2367
2383
2421
2425
2480
2458
2459
2457
2451
2423
2418
2393
2396
2396
2397
2388
2407
2421
2418
2401
2440
2447
2452
2434
2458
2466
2475
2481
2493
2522
2542
2546
2580
2561
2553
2529
2536
2514
2508
2483
2508
2472
2468
2433
2438
2402
2400
2361
2354
2332
2304
2311
2299
2284
2267
2247
2256
2245
2228
2201
2200
2175
2140
2106
2114
2086
2083
2071
2072
2059
2081
2101
2136
2145
2173
2146
2147
2141
2129
2094
2103
2097
2078
2071
2071
2055
2055
2003
2006
1970
1942
1889
1873
1845
1818
1789
1791
1771
1769
1776
1803
1810
1821
1805
1828
1833
1822
1807
1831
1833
1847
1834
1886
1881
1863
1857
1876
1854
1822
1786
1806
1775
1782
1742
1759
1764
1697
1677
1668
1631
1593
1587
1592
1561
1571
1550
1564
1581
1602
1611
1658
1691
1707
1739
1780
1820
1843
1855
1905
1947
1984
2039
2086
2108
2169
2207
2275
2300
2319
2353
2393
2419
2418
2426
2449
2458
2452
2447
2493
2477
2486
2471
2467
2452
2446
2416
2411
2384
2346
2319
2323
2298
2283
2259
2247
2211
2165
2129
2113
2085
2044
2046
2074
2068
2086
2068
2109
2085
2094
2107
2140
2165
2162
2186
2216
2238
2256
2257
2289
2295
2280
2251
2248
2230
2203
2183
2191
2163
2145
2142
2171
2184
2167
2181
2172
2173
2179
2182
2225
2273
2315
2344
2430
2472
2515
2558
2612
2651
2656
2667
2682
2654
2625
2597
2577
2550
2516
2475
2492
2457
2415
2368
2366
2338
2302
2262
2290
2270
2255
2266
2293
2308
2351
2392
2458
2481
2511
2524
2591
2560
2592
2556
2592
2580
2533
2500
2490
2447
2429
2376
2385
2352
2300
2264
2253
2225
2189
2158
2172
2145
2139
2126
2165
2173
2180
2199
2245
2247
2269
2282
2335
2321
2329
2342
2408
2429
2451
2453
2501
2526
2553
2565
2576
2602
2620
2616
2652
2657
2631
2638
2668
2665
2644
2629
2657
2630
2606
2589
2617
2603
2569
2571
2566
2555
2540
2500
2525
2490
2472
2436
2458
2413
2397
2371
2384
2377
2352
2343
2361
2339
2313
2290
2309
2313
2306
2300
2322
2306
2304
2285
2319
2309
2300
2290
2294
2273
2225
2225
2242
2228
2215
2194
2205
2201
2165
2169
2180
2173
2153
2138
2148
2141
2109
2091
2112
2096
2098
2073
2103
2092
2098
2089
2153
2140
2156
2166
2184
2209
2220
2239
2280
2310
2309
2329
2382
2380
2374
2389
2423
2417
2395
2383
2405
2393
2355
2322
2341
2299
2280
2244
2274
2261
2249
2216
2238
2206
2234
2188
2220
2183
2182
2171
2180
2155
2119
2075
2083
2080
2054
2023
2063
2048
2042
2034
2083
2083
2120
2139
2202
2241
2279
2298
2345
2351
2370
2381
2429
2469
2434
2443
2455
2449
2404
2389
2415
2362
2324
2279
2261
2223
2173
2149
2135
2128
2092
2070
2093
2097
2078
2062
2082
2049
2030
2022
2061
2035
2022
2016
2040
2015
2007
2016
2070
2068
2102
2106
2152
2139
2141
2100
2099
2075
2037
2005
2022
1994
1933
1885
1878
1815
1776
1768
1797
1799
1790
1792
1876
1896
1930
1948
2044
2099
2107
2137
2200
2214
2231
2235
2280
2283
2255
2242
2243
2207
2143
2107
2083
2023
1979
1939
1940
1915
1886
1893
1910
1929
1914
1941
1976
1996
2039
2074
2128
2167
2195
2201
2254
2298
2295
2317
2359
2376
2374
2366
2418
2401
2375
2368
2371
2340
2326
2289
2308
2302
2263
2243
2269
2276
2254
2234
2266
2279
2283
2295
2342
2328
2313
2306
2337
2331
2311
2308
2357
2358
2358
2362
2422
2421
2428
2422
2471
2464
2464
2475
2503
2515
2527
2545
2566
2582
2588
2589
2631
2653
2644
2634
2676
2696
2667
2688
2725
2704
2707
2713
2754
2745
2737
2712
2741
2720
2691
2666
2678
2625
2591
2551
2554
2496
2465
2428
2396
2375
2330
2280
2287
2241
2188
2184
2174
2146
2112
2096
2113
2111
2056
2049
2063
2041
2022
2004
2005
1995
1934
1919
1955
1915
1900
1890
1926
1903
1900
1917
1950
1970
1966
1977
2011
2021
2019
2032
2082
2108
2105
2115
2156
2169
2147
2131
2178
2176
2140
2145
2154
2127
2101
2068
2092
2041
2029
1995
2021
1998
1954
1917
1960
1944
1919
1890
1906
1887
1848
1814
1832
1798
1757
1726
1734
1697
1668
1640
1660
1632
1621
1596
1622
1603
1570
1556
1571
1534
1492
1469
1487
1453
1432
1418
1435
1427
1406
1397
1415
1395
1368
1348
1380
1362
1340
1331
1360
1346
1323
1330
1355
1338
1339
1329
1360
1334
1317
1321
1343
1323
1305
1291
1316
1319
1310
1303
1349
1354
1342
1365
1425
1428
1439
1450
1487
1522
1512
1544
1589
1612
1616
1647
1716
1716
1740
1751
1797
1786
1784
1774
1832
1817
1796
1798
1811
1811
1805
1793
1829
1783
1767
1738
1748
1747
1707
1736
1749
1737
1714
1703
1703
1694
1668
1665
1654
1635
1584
1562
1631
1622
1619
1625
1665
1663
1666
1640
1680
1702
1694
1714
1765
1803
1805
1817
1863
1892
1853
1842
1857
1861
1834
1810
1809
1791
1756
1731
1729
1707
1685
1683
1724
1724
1713
1700
1748
1739
1726
1733
1768
1779
1788
1799
1834
1834
1800
1806
1835
1859
1805
1799
1809
1803
1789
1761
1779
1769
1732
1756
1760
1742
1739
1726
1736
1731
1712
1698
1717
1718
1716
1701
1747
1741
1750
1735
1790
1797
1798
1802
1828
1846
1866
1874
1918
1937
1947
1952
1998
2017
2008
2012
2039
2051
2039
2019
2058
2052
2050
2057
2081
2094
2059
2039
2056
2039
2027
2011
2033
1985
1981
1949
1960
1964
1934
1904
1916
1911
1888
1889
1924
1908
1936
1945
2000
1999
2008
2040
2080
2063
2067
2057
2112
2111
2099
2109
2097
2092
2088
2067
2095
2046
2023
2012
2025
1982
1953
1931
1921
1901
1856
1831
1840
1794
1774
1738
1749
1723
1680
1651
1637
1608
1597
1582
1571
1543
1510
1491
1483
1462
1420
1370
1355
1300
1233
1178
1166
1120
1076
1045
1035
1004
973
941
944
932
911
915
915
910
899
911
935
947
962
967
1019
1042
1052
1077
1112
1118
1132
1132
1176
1199
1194
1221
1264
1292
1283
1305
1342
1348
1368
1375
1414
1426
1416
1423
1460
1481
1478
1497
1518
1514
1528
1533
1571
1565
1559
1567
1596
1578
1585
1567
1588
1578
1571
1569
1573
1554
1541
1544
1534
1537
1517
1513
1513
1490
1470
1438
1461
1416
1380
1359
1369
1337
1288
1242
1249
1199
1152
1094
1096
1048
1021
981
991
968
965
921
931
938
892
891
896
908
891
908
934
942
967
966
1013
1041
1044
1064
1130
1161
1167
1190
1253
1302
1307
1321
1390
1405
1402
1443
1482
1496
1499
1484
1535
1533
1525
1518
1534
1551
1534
1513
1546
1563
1546
1556
1576
1568
1571
1571
1605
1577
1591
1592
1632
1636
1638
1632
1667
1669
1679
1684
1712
1687
1687
1699
1696
1712
1709
1706
1719
1686
1693
1681
1694
1681
1681
1678
1711
1696
1697
1701
1704
1719
1716
1709
1727
1718
1728
1726
1730
1704
1700
1673
1691
1691
1685
1698
1698
1702
1701
1701
1722
1728
1708
1691
1740
1750
1738
1721
1754
1761
1756
1751
1798
1779
1780
1792
1803
1797
1769
1761
1774
1770
1762
1752
1760
1765
1766
1763
1791
1769
1755
1762
1772
1777
1766
1738
1754
1760
1724
1724
1742
1747
1751
1751
1766
1752
1752
1741
1765
1765
1746
1730
1759
1740
1717
1677
1696
1682
1654
1617
1646
1615
1578
1571
1615
1605
1609
1586
1602
1609
1589
1615
1643
1621
1623
1617
1659
1665
1652
1630
1660
1673
1664
1657
1694
1664
1648
1626
1647
1599
1572
1540
1547
1531
1498
1487
1507
1513
1484
1468
1482
1478
1480
1459
1495
1478
1483
1478
1514
1505
1499
1504
1518
1529
1526
1488
1545
1495
1481
1470
1484
1473
1446
1421
1440
1426
1411
1417
1423
1402
1388
1378
1392
1366
1359
1332
1355
1319
1311
1302
1327
1351
1304
1294
1308
1292
1300
1280
1293
1284
1275
1262
1285
1280
1263
1264
1282
1301
1284
1269
1270
1275
1265
1260
1271
1272
1274
1253
1268
1248
1227
1224
1245
1226
1197
1209
1231
1244
1209
1210
1239
1241
1222
1206
1230
1221
1219
1202
1227
1227
1232
1222
1229
1230
1226
1227
1244
1235
1239
1224
1243
1249
1206
1210
1218
1209
1208
1187
1224
1209
1202
1185
1216
1200
1191
1171
1186
1170
1154
1129
1144
1120
1114
1111
1122
1107
1104
1062
1064
1048
1047
1016
1033
1032
1006
990
1016
1017
988
977
993
1004
990
986
1011
1011
989
1006
1015
1021
1017
1001
1038
1058
1050
1057
1080
1065
1055
1060
1088
1078
1061
1048
1075
1069
1046
1044
1073
1087
1082
1068
1101
1098
1072
1068
1099
1090
1081
1070
1089
1076
1067
1055
1072
1061
1056
1036
1056
1046
1040
1039
1055
1040
1043
1024
1040
1031
1025
1020
1039
1027
1012
1005
1040
1016
997
1008
1014
1006
977
952
983
976
967
975
993
987
965
984
998
995
988
984
1006
1002
994
999
1021
1018
1008
1022
1030
1020
1011
989
1007
999
1002
984
987
979
971
963
994
977
953
955
991
961
953
961
965
961
957
953
959
989
981
970
969
967
954
936
936
947
943
939
956
940
942
919
949
931
935
919
960
940
919
916
945
948
949
940
956
968
946
940
989
977
984
969
980
968
917
725
382
383
384
382
383
383
383
384
984
946
382
383
384
0
0

