;UFOS3
;Measurement details: channel = Z-D, date = 02.06.2018, time = 14:16:52
Exposure=288
Gain=0
Temperature=27.8
Accummulate=4
1.911 mu
1.929 amas
31.252 hs
323 ozone
0 uva
0 uvb
0 uve
[Value]
0
0
-1
-2
0
2
-1
0
-2
1
0
2
-2
1
-2
-1
-5
4
-3
0
1
0
-2
3
2
4
0
1
2
2
1
-2
2
2
1
1
3
2
2
5
1
2
0
-1
1
0
2
5
0
3
4
-1
2
1
-1
0
-1
2
2
0
2
0
3
3
1
4
0
1
0
-1
2
1
1
2
5
1
-2
1
3
1
2
0
0
5
1
3
3
3
1
3
0
4
4
3
2
3
3
4
4
2
1
0
5
2
1
0
2
1
3
1
0
2
2
2
1
2
1
3
1
-1
-1
3
0
2
0
3
5
-1
2
0
2
1
3
3
2
2
0
3
2
1
0
-1
2
1
-1
2
1
3
4
2
-1
-1
4
0
4
3
3
1
0
4
4
3
2
1
2
1
1
2
0
1
2
0
2
3
-1
4
2
0
3
1
1
4
4
1
6
1
2
3
3
1
4
3
3
3
0
1
1
4
3
6
3
2
0
-4
6
3
4
3
1
4
4
3
4
2
3
2
2
4
1
0
5
2
3
4
2
5
5
2
-2
0
4
4
3
2
0
3
1
1
1
0
7
2
5
1
4
2
0
0
2
1
1
2
3
1
5
2
2
4
5
3
3
1
2
1
4
4
3
1
3
3
-1
0
1
1
3
1
3
0
3
4
2
0
0
2
1
1
2
4
3
2
6
5
2
3
-1
0
2
5
3
5
2
0
3
6
4
2
4
1
4
3
6
-1
3
4
0
2
4
1
2
0
2
3
0
1
5
3
5
3
2
4
3
2
3
3
6
3
4
1
3
4
4
3
3
5
2
2
4
3
3
2
0
-1
3
3
3
1
4
2
2
2
1
0
5
3
4
5
5
2
3
3
5
2
3
5
3
2
4
2
0
2
1
3
0
2
2
1
1
0
3
1
0
4
2
3
3
3
4
3
2
3
4
2
3
4
2
8
3
1
3
4
3
3
6
3
1
2
2
4
1
2
2
1
4
5
3
2
2
2
3
1
5
4
4
2
2
1
2
6
6
3
3
1
2
5
3
3
4
1
2
3
4
3
5
9
4
4
2
4
5
4
1
5
2
3
5
1
1
3
5
2
2
2
2
2
2
7
4
2
3
5
6
6
6
5
5
5
6
6
8
4
5
4
4
4
3
4
5
2
4
2
3
4
5
4
6
5
2
2
-1
4
7
2
5
5
2
5
5
3
4
2
4
3
4
5
5
2
5
5
3
5
5
3
5
3
5
3
3
4
0
2
5
2
3
2
5
3
7
5
2
5
2
3
4
3
0
3
6
5
3
4
2
5
3
2
7
4
4
5
5
4
3
8
3
7
3
5
4
6
5
6
8
2
2
4
4
6
5
5
5
5
9
6
6
2
7
1
6
5
5
2
4
4
11
5
5
6
3
5
5
5
4
3
7
7
3
5
6
2
4
5
2
6
7
4
4
7
5
4
6
7
3
3
2
5
7
7
8
4
4
5
2
5
3
6
4
4
5
2
8
9
4
3
6
5
6
6
5
3
4
4
7
4
7
7
7
5
3
6
3
6
7
6
6
6
5
5
5
5
2
8
6
5
6
5
5
4
4
7
3
5
8
3
6
4
6
4
3
5
3
5
5
7
3
5
4
5
6
3
7
3
8
7
6
6
7
6
4
7
5
10
8
6
8
7
7
2
5
9
6
4
6
8
9
6
8
4
4
6
7
4
6
5
10
8
6
7
7
7
6
6
9
8
9
9
6
7
6
5
11
4
8
8
7
7
8
7
9
6
8
9
8
5
7
9
8
10
9
10
6
8
9
7
5
8
9
8
11
11
8
6
7
10
8
11
10
11
9
8
13
11
9
10
11
10
11
9
11
14
10
10
9
6
11
11
13
10
12
9
12
12
13
12
11
11
15
15
12
12
13
17
16
14
15
15
19
18
16
13
16
13
22
20
25
20
22
23
24
22
21
21
22
25
21
23
26
26
28
25
24
24
23
27
27
24
23
21
23
22
25
25
28
28
24
30
28
27
30
28
28
31
32
32
36
36
38
38
38
43
40
42
48
43
43
43
45
51
47
49
49
48
52
48
47
46
53
49
48
47
46
46
46
49
50
49
48
51
50
49
51
52
58
55
54
52
57
55
54
54
58
60
57
60
65
60
60
68
69
74
75
73
76
78
79
83
83
86
90
91
90
90
95
94
93
96
93
98
99
93
99
101
99
102
101
100
99
102
105
106
109
102
106
102
106
110
110
111
106
108
107
103
110
107
108
111
106
110
108
107
109
110
108
110
110
110
114
113
118
116
123
124
124
125
129
128
132
131
138
136
136
142
141
142
148
150
153
156
160
163
164
171
173
176
180
190
188
192
203
207
211
219
230
233
240
242
250
250
260
260
273
270
278
281
287
292
293
294
304
301
302
298
305
308
312
309
309
308
307
311
310
310
308
310
309
314
320
320
328
325
324
328
337
335
341
339
345
344
353
357
362
365
364
375
383
383
385
386
390
394
393
395
398
402
404
403
403
401
399
397
403
402
405
406
412
414
419
418
427
429
439
443
453
458
462
471
473
469
464
465
468
466
464
460
463
455
456
456
458
456
459
464
472
472
480
488
492
507
519
529
544
546
552
550
561
558
560
549
551
542
531
525
515
504
489
480
478
469
455
447
440
434
432
429
432
432
440
443
447
452
465
470
489
500
504
522
545
554
563
572
582
589
598
606
612
613
627
632
645
649
656
659
667
672
685
687
701
707
720
719
730
733
737
737
731
726
715
696
688
686
670
655
646
635
627
628
625
622
629
625
633
624
638
641
648
657
677
693
710
742
768
779
802
825
837
851
864
865
869
854
863
872
867
870
867
866
861
852
851
840
835
841
846
838
840
847
851
862
871
879
898
914
912
935
952
959
975
993
1009
1039
1050
1069
1092
1107
1130
1138
1150
1168
1182
1196
1209
1220
1227
1213
1208
1206
1191
1178
1173
1146
1125
1104
1092
1072
1056
1041
1028
1016
1003
1000
1001
994
1006
1015
1030
1036
1046
1070
1081
1100
1110
1122
1129
1138
1138
1147
1149
1149
1153
1140
1130
1118
1110
1083
1067
1034
1012
986
961
945
929
914
901
894
901
897
910
906
920
914
928
922
921
934
951
951
969
975
980
993
1008
1020
1039
1046
1057
1064
1084
1085
1103
1114
1119
1125
1139
1149
1168
1163
1166
1183
1167
1178
1182
1166
1183
1170
1167
1167
1166
1159
1151
1150
1142
1129
1132
1118
1122
1115
1129
1126
1131
1125
1132
1130
1128
1132
1132
1139
1137
1156
1158
1181
1195
1209
1232
1248
1266
1288
1319
1338
1368
1376
1388
1411
1423
1449
1460
1458
1467
1454
1459
1461
1457
1459
1465
1467
1489
1497
1494
1505
1510
1521
1526
1543
1547
1553
1576
1578
1584
1590
1587
1597
1606
1608
1603
1583
1596
1595
1578
1581
1571
1557
1554
1550
1544
1544
1542
1554
1568
1572
1577
1592
1601
1618
1617
1600
1611
1617
1616
1629
1633
1624
1635
1640
1646
1650
1646
1641
1653
1649
1667
1683
1694
1711
1725
1760
1778
1796
1826
1852
1869
1885
1933
1948
1987
2006
2043
2083
2104
2123
2145
2166
2171
2178
2184
2166
2164
2146
2132
2117
2105
2109
2115
2101
2093
2098
2104
2112
2102
2107
2105
2086
2074
2054
2037
2019
1996
1988
1978
1939
1913
1875
1856
1824
1800
1777
1768
1760
1761
1740
1734
1710
1675
1637
1622
1586
1572
1567
1563
1554
1556
1550
1549
1558
1581
1589
1608
1634
1653
1679
1698
1729
1746
1762
1770
1774
1773
1773
1757
1751
1747
1735
1719
1712
1717
1702
1694
1678
1664
1658
1651
1646
1646
1626
1630
1631
1642
1637
1654
1664
1672
1678
1671
1656
1653
1655
1643
1628
1612
1602
1586
1563
1551
1539
1538
1537
1537
1519
1520
1504
1497
1506
1494
1485
1480
1489
1493
1505
1514
1542
1556
1574
1601
1631
1651
1663
1679
1684
1697
1699
1699
1694
1682
1679
1682
1671
1688
1697
1698
1691
1697
1701
1703
1705
1712
1715
1725
1735
1749
1771
1797
1794
1797
1809
1812
1806
1806
1772
1746
1720
1673
1629
1600
1574
1547
1529
1515
1506
1491
1491
1488
1488
1500
1503
1507
1506
1520
1543
1558
1578
1603
1608
1632
1637
1651
1640
1639
1616
1600
1577
1537
1520
1503
1485
1469
1464
1479
1499
1524
1548
1580
1623
1664
1702
1741
1774
1805
1823
1847
1844
1856
1875
1898
1900
1911
1931
1925
1922
1921
1919
1917
1907
1914
1917
1939
1944
1956
1975
1983
1994
2028
2054
2071
2111
2132
2130
2135
2133
2124
2114
2095
2083
2038
2021
1990
1966
1938
1930
1912
1908
1926
1936
1955
1969
1975
1992
2013
2041
2074
2109
2165
2199
2230
2256
2289
2314
2330
2338
2339
2322
2321
2314
2299
2296
2272
2268
2240
2211
2194
2172
2153
2125
2095
2056
2047
2042
2043
2033
2035
2024
2006
1995
1980
1977
1937
1915
1905
1879
1893
1882
1890
1866
1858
1859
1851
1854
1857
1868
1877
1874
1889
1899
1913
1927
1943
1953
1969
1974
1978
1989
1988
1979
1986
1968
1960
1962
1943
1933
1913
1891
1888
1880
1870
1889
1884
1888
1905
1898
1910
1913
1908
1912
1892
1895
1881
1884
1890
1889
1896
1892
1886
1870
1856
1852
1826
1803
1777
1758
1726
1686
1649
1609
1568
1532
1498
1467
1428
1387
1353
1332
1320
1297
1285
1264
1265
1261
1263
1286
1306
1322
1345
1375
1427
1463
1514
1547
1583
1615
1637
1656
1693
1693
1720
1732
1756
1779
1794
1810
1829
1813
1828
1824
1834
1832
1825
1808
1810
1781
1760
1749
1742
1720
1715
1706
1703
1691
1681
1677
1679
1682
1680
1674
1682
1692
1696
1693
1717
1740
1748
1778
1793
1821
1862
1866
1896
1918
1934
1948
1937
1941
1943
1943
1937
1934
1936
1918
1914
1915
1879
1857
1844
1822
1812
1815
1804
1808
1801
1793
1798
1788
1803
1812
1810
1820
1823
1824
1828
1836
1851
1854
1861
1875
1876
1889
1901
1918
1930
1940
1947
1957
1967
1970
1958
1956
1938
1938
1932
1931
1938
1940
1930
1935
1941
1966
1971
1969
1973
1946
1932
1904
1875
1868
1872
1878
1884
1891
1927
1938
1966
1980
2014
2051
2075
2097
2134
2169
2195
2241
2266
2306
2340
2370
2399
2426
2449
2472
2476
2469
2452
2446
2411
2401
2368
2358
2347
2349
2350
2331
2313
2287
2279
2252
2225
2204
2182
2183
2165
2164
2164
2157
2162
2168
2184
2190
2219
2231
2246
2267
2288
2287
2295
2319
2333
2330
2347
2338
2316
2283
2237
2190
2137
2075
2022
1965
1929
1901
1884
1875
1878
1882
1882
1897
1922
1945
1953
1978
1989
2004
2018
2038
2056
2083
2121
2142
2165
2188
2211
2212
2210
2202
2202
2191
2176
2156
2142
2142
2146
2135
2156
2161
2165
2164
2178
2191
2194
2193
2211
2231
2244
2243
2258
2271
2296
2325
2323
2332
2316
2297
2280
2261
2259
2248
2257
2231
2227
2193
2186
2152
2133
2114
2089
2078
2069
2040
2034
2012
1997
1985
1979
1976
1965
1955
1923
1913
1871
1845
1833
1806
1792
1786
1789
1794
1810
1823
1852
1879
1889
1879
1865
1858
1848
1830
1812
1801
1794
1795
1792
1770
1763
1737
1702
1669
1633
1609
1571
1539
1515
1487
1467
1474
1470
1481
1493
1504
1520
1522
1511
1517
1519
1519
1525
1528
1535
1540
1556
1567
1566
1563
1555
1543
1522
1494
1484
1476
1462
1450
1438
1421
1389
1362
1333
1309
1280
1260
1247
1238
1245
1234
1236
1254
1272
1295
1325
1357
1402
1432
1468
1501
1522
1566
1607
1642
1696
1747
1787
1840
1897
1950
2000
2035
2067
2107
2122
2151
2162
2176
2183
2189
2217
2220
2237
2246
2237
2229
2220
2212
2191
2170
2142
2115
2096
2073
2055
2037
2019
2001
1966
1935
1889
1859
1825
1794
1776
1767
1772
1776
1784
1793
1796
1812
1818
1835
1851
1872
1888
1905
1925
1947
1980
2003
2015
2024
2013
2000
1973
1961
1940
1918
1897
1884
1868
1882
1885
1894
1899
1901
1888
1891
1891
1912
1948
1990
2043
2099
2168
2217
2273
2319
2355
2400
2431
2440
2436
2416
2379
2355
2322
2289
2281
2247
2233
2194
2161
2124
2085
2070
2041
2015
2009
1998
1994
2007
2015
2047
2078
2132
2186
2228
2266
2300
2322
2327
2348
2336
2340
2326
2300
2251
2223
2187
2168
2135
2102
2081
2046
2008
1972
1942
1912
1888
1889
1864
1875
1864
1880
1888
1905
1934
1947
1982
1995
2023
2044
2054
2079
2104
2138
2168
2203
2212
2239
2276
2295
2327
2328
2344
2367
2395
2395
2398
2402
2412
2420
2409
2405
2390
2389
2375
2375
2370
2370
2356
2334
2331
2317
2302
2297
2266
2251
2234
2224
2195
2180
2154
2139
2121
2116
2106
2093
2097
2079
2052
2047
2041
2042
2042
2045
2052
2045
2027
2035
2023
2036
2029
2036
2025
2008
1985
1976
1955
1957
1942
1944
1936
1927
1911
1896
1900
1891
1875
1882
1870
1865
1847
1822
1819
1814
1801
1796
1796
1795
1802
1809
1817
1834
1844
1870
1887
1905
1916
1949
1970
1995
2014
2045
2074
2094
2109
2117
2138
2137
2144
2141
2144
2136
2125
2097
2072
2041
2016
1996
1977
1981
1971
1974
1960
1954
1940
1940
1934
1924
1914
1920
1900
1882
1865
1841
1803
1785
1775
1762
1745
1754
1745
1748
1751
1780
1796
1828
1870
1911
1961
2009
2033
2057
2066
2103
2141
2162
2175
2196
2195
2184
2169
2162
2130
2115
2085
2066
2017
1979
1945
1903
1876
1853
1826
1812
1796
1796
1797
1798
1781
1770
1744
1733
1744
1739
1741
1722
1715
1723
1705
1719
1737
1759
1779
1811
1826
1835
1856
1846
1824
1805
1774
1744
1727
1707
1678
1620
1576
1544
1493
1470
1462
1464
1470
1477
1494
1529
1583
1626
1664
1721
1762
1828
1865
1910
1922
1956
1966
1995
1992
1978
1955
1935
1911
1875
1813
1777
1716
1684
1646
1605
1586
1582
1584
1588
1603
1617
1625
1665
1683
1736
1792
1833
1867
1908
1942
1969
1995
2033
2056
2084
2096
2113
2106
2122
2115
2119
2107
2093
2078
2065
2032
2020
2010
2001
1966
1977
1992
1982
1978
1989
1993
2009
2026
2039
2049
2044
2050
2056
2050
2050
2057
2065
2080
2093
2105
2127
2140
2165
2178
2194
2188
2202
2218
2243
2262
2262
2286
2295
2305
2322
2342
2358
2382
2391
2399
2409
2415
2435
2437
2455
2445
2464
2469
2479
2486
2493
2483
2477
2460
2448
2435
2402
2378
2347
2314
2267
2230
2197
2163
2131
2102
2058
2017
1995
1959
1927
1885
1865
1844
1827
1811
1802
1800
1769
1762
1742
1734
1720
1704
1685
1673
1641
1631
1626
1600
1597
1579
1586
1593
1591
1623
1628
1654
1666
1674
1700
1713
1722
1740
1773
1811
1820
1838
1843
1854
1843
1853
1857
1859
1855
1855
1852
1815
1811
1780
1753
1739
1728
1703
1695
1670
1657
1633
1617
1625
1606
1580
1583
1555
1530
1511
1494
1453
1434
1403
1376
1349
1331
1320
1306
1290
1281
1276
1259
1257
1237
1220
1202
1174
1147
1132
1114
1087
1084
1061
1071
1066
1056
1051
1038
1032
1017
1009
995
996
975
971
977
968
976
971
977
977
986
968
975
965
967
962
957
946
934
934
939
941
945
949
970
982
999
1016
1045
1063
1092
1112
1133
1157
1176
1203
1240
1265
1290
1318
1361
1390
1405
1434
1447
1460
1465
1467
1478
1476
1477
1483
1489
1477
1493
1491
1483
1467
1443
1431
1411
1402
1401
1394
1410
1404
1388
1369
1368
1348
1339
1329
1305
1283
1264
1247
1270
1288
1289
1305
1305
1319
1321
1321
1346
1351
1364
1399
1445
1467
1488
1507
1525
1540
1554
1538
1546
1534
1518
1488
1477
1452
1432
1411
1396
1366
1354
1360
1374
1375
1397
1396
1407
1408
1408
1409
1427
1438
1474
1480
1494
1500
1492
1491
1508
1508
1487
1486
1481
1469
1460
1444
1436
1436
1431
1428
1429
1417
1415
1405
1397
1394
1384
1379
1387
1372
1401
1391
1391
1401
1416
1431
1450
1462
1479
1485
1501
1519
1560
1582
1601
1622
1643
1672
1684
1699
1709
1715
1734
1732
1724
1731
1742
1744
1759
1766
1768
1778
1762
1753
1746
1723
1736
1724
1707
1676
1660
1652
1635
1630
1618
1602
1605
1594
1579
1581
1578
1594
1630
1649
1672
1689
1706
1741
1754
1756
1769
1765
1796
1809
1803
1795
1789
1784
1784
1774
1771
1751
1720
1719
1704
1672
1653
1635
1599
1569
1548
1507
1498
1473
1452
1438
1410
1380
1358
1338
1304
1273
1253
1233
1213
1187
1169
1144
1125
1103
1073
1016
975
915
862
810
769
724
694
659
627
598
571
549
536
524
511
512
502
496
506
513
528
544
562
584
609
647
664
696
709
732
750
763
786
811
831
851
881
897
923
947
970
994
1005
1023
1043
1057
1068
1081
1098
1107
1126
1140
1155
1171
1187
1197
1214
1213
1221
1222
1234
1227
1239
1234
1229
1223
1222
1218
1208
1213
1201
1195
1191
1187
1179
1168
1154
1130
1117
1098
1081
1060
1036
1015
989
955
921
879
836
799
761
714
683
650
622
597
576
560
551
533
521
510
503
486
498
493
497
504
526
534
553
579
603
629
658
688
726
755
793
828
867
904
936
970
1005
1034
1051
1075
1110
1134
1143
1155
1168
1176
1176
1183
1185
1186
1189
1181
1187
1201
1214
1216
1223
1224
1230
1226
1235
1236
1249
1270
1279
1292
1309
1319
1329
1334
1350
1350
1364
1366
1358
1374
1365
1375
1374
1370
1369
1355
1356
1353
1346
1353
1361
1356
1365
1353
1369
1366
1368
1374
1373
1373
1387
1384
1390
1398
1378
1363
1356
1341
1339
1352
1348
1359
1368
1368
1366
1371
1369
1377
1374
1374
1372
1387
1394
1403
1409
1414
1428
1443
1457
1454
1451
1463
1451
1457
1446
1443
1433
1437
1424
1436
1438
1438
1436
1434
1440
1433
1435
1424
1435
1429
1435
1425
1423
1411
1400
1400
1393
1408
1421
1422
1428
1426
1428
1425
1434
1431
1420
1412
1405
1399
1386
1365
1366
1341
1324
1300
1282
1257
1235
1239
1236
1247
1254
1250
1246
1266
1259
1275
1288
1280
1293
1286
1318
1304
1316
1317
1318
1323
1319
1329
1329
1319
1315
1305
1278
1259
1229
1212
1195
1168
1156
1147
1143
1136
1133
1119
1123
1134
1133
1122
1132
1128
1129
1135
1141
1142
1160
1163
1176
1179
1171
1165
1159
1150
1135
1119
1118
1111
1098
1077
1070
1062
1061
1051
1049
1043
1040
1029
1017
1009
989
983
978
958
953
947
947
953
942
933
933
921
914
906
908
903
904
899
907
902
905
899
909
908
903
901
891
887
885
881
885
896
893
885
882
868
858
842
849
843
841
830
840
847
844
850
850
851
850
839
843
842
846
840
841
849
855
845
838
841
856
860
864
859
860
865
859
852
848
837
832
833
820
830
830
831
824
818
819
816
812
803
793
786
767
754
747
723
723
723
727
717
706
686
670
654
655
635
639
626
618
615
606
598
593
589
593
599
597
594
603
599
606
610
607
613
613
618
632
645
655
661
668
675
672
678
679
673
678
675
674
672
662
663
678
679
681
686
693
688
689
689
691
686
683
684
678
676
671
667
666
667
657
661
657
656
654
648
645
645
647
635
639
638
632
635
636
625
625
620
618
610
606
599
598
592
584
580
572
568
576
575
573
580
583
583
588
586
592
596
598
603
596
606
610
610
619
618
623
622
622
609
603
600
594
595
591
576
583
577
574
569
568
561
569
565
568
558
556
561
564
563
561
569
568
562
571
563
562
546
545
546
545
537
536
530
530
528
538
528
527
525
532
529
523
522
527
529
534
546
550
550
559
558
562
564
571
576
578
574
514
301
-3
0
-1
0
1
0
-1
-1
575
549
-2
1
-2
0
0

