;UFOS3
;Measurement details: channel = D, date = 02.06.2018, time = 14:26:51
Exposure=292
Gain=0
Temperature=27.8
Accummulate=4
1.981 mu
2.001 amas
30.017 hs
0 ozone
0 uva
0 uvb
0 uve
[Value]
0
384
382
383
382
382
383
383
427
427
468
457
431
436
476
451
447
425
472
461
445
433
494
463
454
432
489
466
449
450
493
473
447
435
491
476
461
428
479
470
437
433
497
476
456
431
495
473
448
434
476
469
431
440
492
467
430
435
491
467
451
429
474
461
445
431
498
464
445
430
493
462
434
445
494
468
443
434
475
464
447
438
489
464
442
441
483
470
431
437
501
475
438
441
491
479
434
426
495
467
428
435
478
471
439
436
490
463
442
432
485
466
438
442
485
472
438
440
482
463
442
443
497
472
445
441
482
471
442
435
475
463
441
432
487
484
438
444
481
458
456
442
482
469
438
438
483
469
433
467
486
469
432
431
494
473
457
438
482
479
431
433
477
469
459
456
478
472
460
432
487
464
448
462
484
471
439
445
493
459
438
432
483
474
449
437
500
470
449
448
478
490
433
448
477
468
447
440
497
465
449
436
485
469
446
433
481
458
448
440
495
468
430
454
478
467
441
429
479
481
454
433
483
466
446
442
491
464
438
426
485
460
433
440
480
468
438
441
469
468
459
439
478
471
440
449
487
461
455
437
479
464
445
438
482
487
442
449
491
468
433
469
487
468
449
424
472
466
447
428
472
460
431
450
487
473
440
440
487
473
443
435
481
483
449
428
490
459
446
443
480
482
441
433
472
470
443
436
485
468
452
433
487
469
449
449
474
462
448
425
480
473
463
435
481
475
445
442
479
466
437
440
480
464
435
441
477
464
452
439
496
466
444
439
485
463
465
427
492
484
439
438
479
478
436
447
494
472
444
437
489
471
434
445
471
454
437
437
483
462
461
440
483
465
459
436
495
464
449
441
472
469
452
435
471
473
447
439
479
465
444
434
484
463
444
448
473
457
442
437
480
475
438
432
481
457
446
429
480
488
448
435
489
482
446
436
497
458
452
440
485
464
440
433
474
465
458
443
473
462
443
450
474
472
438
433
484
457
452
438
481
464
435
424
491
472
432
444
489
471
449
445
470
474
433
438
479
472
446
424
480
450
441
454
479
455
448
447
482
474
457
433
482
468
443
441
476
470
437
442
477
480
447
428
486
456
446
455
485
467
458
444
486
459
444
442
478
466
440
442
476
464
451
436
486
457
451
436
502
457
455
443
484
460
434
456
474
472
441
438
486
459
450
428
475
459
442
457
478
460
443
445
482
457
445
434
476
470
446
463
483
466
449
446
479
469
451
448
480
474
447
449
465
465
454
436
477
467
437
432
474
458
452
439
476
468
461
453
485
465
438
444
487
467
447
449
484
473
446
438
479
460
448
432
482
473
446
447
478
462
441
442
474
468
440
446
483
464
441
452
483
464
440
458
493
453
451
439
475
460
452
453
481
458
446
442
478
456
443
444
483
460
441
449
479
462
435
446
479
461
458
434
490
457
443
439
490
460
433
447
474
462
477
437
482
453
439
435
468
463
437
433
465
463
429
439
469
448
464
446
474
453
445
433
469
463
437
430
473
458
442
443
478
460
448
448
480
467
446
431
487
452
446
446
479
455
446
451
480
452
440
435
480
454
449
435
475
466
448
447
487
455
444
422
468
464
444
434
467
460
450
440
457
456
441
438
465
461
440
433
478
462
443
447
467
450
439
452
469
466
444
440
475
462
438
447
469
463
455
453
467
467
451
546
470
472
463
440
470
463
445
446
473
451
441
443
478
450
449
443
482
463
450
445
471
451
451
440
475
460
440
444
468
474
452
432
474
456
435
440
479
465
451
444
472
452
443
445
463
465
438
446
473
460
447
443
467
455
449
439
475
453
445
433
481
456
447
447
462
462
447
443
484
456
451
443
474
454
435
442
471
456
448
439
478
454
449
449
469
452
457
440
471
458
466
447
463
461
444
444
472
464
450
451
472
465
447
435
460
453
461
453
466
457
438
443
467
461
439
446
471
456
452
448
469
452
434
436
477
464
449
450
465
458
443
434
459
449
448
446
475
463
450
439
469
462
454
473
472
451
447
444
469
455
443
450
466
461
445
447
476
454
446
445
463
464
451
446
469
452
443
443
467
455
447
448
466
462
447
439
468
450
446
450
464
453
454
444
465
462
439
439
470
455
460
438
475
453
448
447
463
463
449
445
470
457
472
432
469
454
458
431
463
466
442
443
475
460
435
440
469
478
447
440
459
457
462
447
469
452
455
453
468
454
466
448
468
462
454
439
461
450
449
443
462
451
468
448
463
451
458
451
466
454
452
447
467
456
437
436
468
458
463
437
463
450
446
450
459
449
434
437
460
460
442
439
461
463
447
441
463
453
452
448
462
455
447
432
470
458
460
436
461
460
441
441
459
446
442
438
470
455
445
446
462
460
458
453
468
455
445
462
461
461
448
449
459
452
449
440
444
446
455
453
475
455
439
450
468
453
449
439
461
462
449
439
458
453
453
449
469
463
453
443
462
459
451
439
466
436
441
444
469
459
455
453
462
451
451
435
471
448
463
436
468
465
447
439
460
451
465
450
463
456
460
446
467
460
444
456
460
451
443
447
464
463
452
444
470
448
453
451
467
459
458
444
466
452
447
454
465
454
443
451
452
464
461
451
460
456
455
441
453
444
448
431
451
459
450
448
460
452
449
447
454
457
448
440
458
450
448
456
457
447
447
444
465
448
447
443
462
448
444
438
474
445
459
453
462
454
459
450
460
454
447
448
463
454
465
447
463
446
459
455
471
452
458
446
457
445
442
442
455
475
449
446
460
457
472
445
456
457
449
446
467
453
457
442
496
453
457
452
459
455
447
448
454
445
452
446
461
447
442
444
454
442
457
435
460
454
467
450
455
451
452
449
461
454
452
461
455
450
448
448
460
447
450
446
465
458
454
454
475
452
455
444
454
459
453
453
468
457
460
440
465
447
456
440
460
439
467
446
458
452
461
439
461
448
452
445
464
459
470
445
453
452
455
450
473
444
445
449
452
451
459
437
466
456
461
441
458
432
460
449
464
450
464
453
470
447
460
430
449
442
444
446
452
454
455
445
446
453
458
442
476
448
443
451
474
443
451
441
451
445
461
450
455
443
459
456
462
456
459
450
466
454
455
448
462
449
456
443
469
449
459
442
454
444
454
444
465
447
441
453
467
452
458
465
458
454
449
440
454
451
465
445
453
445
452
446
460
447
453
451
440
454
458
450
461
459
459
443
456
456
452
439
464
452
454
456
457
452
459
443
454
450
451
439
449
453
461
450
443
451
450
440
460
449
458
447
462
452
466
448
458
455
463
460
459
463
463
441
458
457
450
438
457
449
460
451
472
461
451
446
455
446
467
464
462
456
467
459
457
454
458
436
463
446
459
447
465
449
465
442
457
449
436
457
464
439
439
462
446
448
452
450
452
458
447
456
468
456
469
461
450
443
465
452
459
454
464
446
450
439
460
444
457
442
462
449
450
444
461
454
460
439
458
460
453
443
454
453
457
447
472
447
458
437
456
442
462
447
451
457
451
449
447
454
459
454
457
454
447
449
451
460
444
450
460
441
464
442
450
448
459
453
450
458
447
445
461
450
460
454
454
456
458
444
459
454
449
444
448
456
446
445
448
451
462
452
454
451
451
439
467
449
462
448
442
446
446
448
440
444
450
441
465
450
443
456
452
444
445
441
444
443
443
443
449
448
462
449
459
456
462
450
447
450
456
463
461
442
455
443
452
444
462
451
451
448
448
449
449
451
454
449
445
439
463
435
448
452
446
449
446
444
476
443
451
452
446
453
458
453
454
446
455
431
453
448
443
457
456
446
453
439
457
436
453
443
450
436
462
454
456
443
452
453
447
439
452
438
448
443
438
455
454
451
439
448
447
433
464
453
453
441
449
459
467
458
459
449
449
442
446
441
452
447
447
447
437
448
442
440
447
460
458
447
455
452
446
448
444
449
442
448
451
448
448
439
460
435
454
450
449
453
453
454
450
444
451
453
457
447
458
443
445
445
457
456
463
453
451
441
453
449
454
440
462
438
451
451
461
454
451
447
457
450
470
448
457
440
450
452
454
443
467
444
466
444
447
443
448
443
462
444
444
447
453
455
459
451
460
450
448
440
457
448
455
448
462
449
448
451
443
445
459
469
447
444
449
444
453
459
452
437
449
446
450
448
447
451
463
437
465
438
458
449
443
464
456
437
456
445
459
442
443
448
448
449
453
450
458
439
457
455
453
444
449
452
462
438
458
454
447
430
457
452
445
450
449
468
463
446
470
444
475
432
465
450
452
457
433
453
455
441
455
460
453
445
460
451
451
446
452
455
455
451
454
442
458
449
464
444
435
439
464
447
459
442
449
460
452
456
450
461
470
443
458
451
452
440
464
455
451
444
449
446
459
448
467
440
452
455
453
454
450
441
455
456
449
440
449
451
446
437
446
450
456
450
452
449
454
440
459
451
468
441
457
452
445
454
456
454
462
436
451
462
454
447
464
441
454
441
450
448
458
444
456
466
442
449
463
459
449
448
460
467
453
440
472
448
451
446
455
465
458
436
456
452
452
448
464
457
467
441
468
449
458
449
451
451
450
446
461
458
448
443
456
464
456
452
456
456
458
438
458
445
447
445
459
449
458
451
453
451
447
456
457
456
458
441
449
454
466
465
456
442
459
447
460
446
438
451
458
449
446
433
447
441
461
437
480
444
457
442
463
457
472
440
457
454
452
450
452
454
448
449
445
455
444
437
452
450
446
443
452
445
443
439
455
451
461
442
460
462
444
441
458
454
462
444
473
460
450
468
464
451
447
446
457
463
452
450
457
461
452
440
463
456
463
451
463
452
449
449
444
451
460
441
466
448
445
448
465
457
455
450
469
450
454
442
461
451
455
445
460
444
439
464
461
459
452
444
460
455
446
439
462
453
457
438
465
450
463
460
450
441
443
451
470
449
464
447
454
455
454
444
464
459
450
454
453
451
455
435
465
462
459
440
459
456
451
448
462
451
446
440
453
457
449
437
459
456
453
438
464
455
455
438
472
460
446
449
466
467
447
441
465
453
457
434
458
472
440
444
458
453
441
447
467
446
456
441
448
449
452
446
460
465
443
442
458
458
464
443
454
454
444
451
460
438
446
436
465
449
446
442
464
465
452
453
469
461
444
437
461
449
446
445
460
452
447
436
460
459
443
448
465
451
450
446
465
459
452
440
467
456
447
450
468
465
462
449
469
452
446
451
461
470
448
451
467
469
460
442
464
465
459
445
456
455
447
446
469
466
451
444
454
460
450
459
469
464
462
449
466
465
461
443
463
457
452
450
466
473
446
445
477
455
454
451
460
459
437
440
456
464
450
434
470
462
452
441
463
466
446
452
463
452
454
445
467
455
447
441
471
449
450
434
464
463
446
450
464
463
465
436
465
468
446
440
463
464
447
442
469
451
440
438
469
456
448
446
461
450
457
438
477
454
448
441
464
455
454
435
461
458
462
451
454
458
455
445
475
474
439
442
466
463
452
450
465
462
445
432
463
462
444
450
460
459
452
440
479
456
455
433
475
455
447
443
462
461
444
442
473
471
464
440
458
453
443
443
465
470
460
445
466
458
463
452
468
460
444
445
457
462
452
443
463
463
441
445
474
472
446
440
465
463
448
438
469
462
463
432
469
454
450
442
484
459
460
450
456
464
454
449
457
471
448
442
472
457
441
450
472
471
438
432
454
463
440
442
473
456
456
444
471
462
461
438
461
446
475
436
472
449
438
445
464
459
444
438
466
473
454
441
470
465
455
444
467
460
462
439
478
455
451
451
465
460
451
438
468
470
435
441
463
475
445
441
488
468
452
448
464
458
444
447
463
476
449
436
462
463
447
440
474
465
448
447
473
467
454
455
468
473
450
443
471
452
456
462
482
469
463
449
466
468
445
436
473
474
457
448
477
470
443
449
463
461
443
436
484
467
452
445
483
502
448
443
473
455
449
445
465
473
448
450
474
479
444
449
471
463
454
456
476
473
445
453
471
473
446
459
470
462
462
443
466
469
451
442
473
479
436
439
465
467
442
441
477
468
446
447
468
449
453
430
464
473
446
451
463
471
452
438
466
469
454
443
472
466
444
442
465
472
446
437
471
467
439
445
480
465
451
436
465
462
450
448
460
461
456
453
464
461
459
443
476
478
443
438
477
479
448
460
480
458
454
451
488
476
449
445
474
473
448
444
482
462
447
438
481
458
455
451
454
457
451
437
473
457
429
465
477
468
444
448
464
471
439
445
468
459
450
450
475
482
438
444
485
462
450
450
475
453
448
444
465
471
441
450
473
475
442
433
469
467
442
441
473
467
460
443
478
474
446
450
482
464
450
448
490
457
445
438
475
466
451
434
471
477
454
437
466
467
455
429
476
468
457
462
487
476
457
438
472
463
444
437
473
459
449
446
480
467
442
442
471
456
451
444
468
469
452
443
478
457
446
434
472
469
449
453
476
462
441
447
471
455
450
449
469
458
443
445
472
468
453
436
471
469
454
439
472
469
436
436
472
458
454
441
462
472
443
446
468
469
440
442
480
460
452
449
489
461
451
437
491
466
442
447
460
465
451
439
477
454
451
439
467
479
442
465
470
472
447
446
461
474
444
456
467
468
445
434
478
459
442
442
478
469
460
437
465
474
446
439
457
471
451
449
470
482
448
436
452
462
455
450
465
463
441
435
459
462
446
440
469
466
446
435
468
458
444
446
467
467
452
447
467
464
440
441
471
493
447
448
460
461
455
441
466
463
437
456
466
449
456
450
461
458
453
442
465
464
443
439
469
461
451
434
461
465
447
439
456
452
443
437
459
462
451
440
467
470
442
437
461
469
460
441
458
462
444
437
470
484
442
441
467
458
453
437
478
460
465
440
473
471
458
442
459
461
440
440
478
451
444
438
467
461
445
445
472
457
458
444
484
457
451
460
457
467
451
445
480
455
451
451
474
458
448
439
459
472
444
449
477
453
451
438
459
463
438
433
452
458
451
464
464
454
451
449
460
464
448
441
470
462
451
441
465
461
446
444
469
460
459
445
462
456
445
459
462
456
440
442
451
453
449
431
463
457
448
450
464
452
452
445
459
462
439
443
467
472
442
439
458
449
445
441
463
462
444
439
465
474
450
462
475
455
446
438
469
456
446
446
474
461
454
443
470
454
455
452
466
455
449
455
456
456
446
445
459
458
444
444
476
454
439
445
473
467
444
439
488
473
458
450
471
461
456
443
464
465
465
440
464
478
443
442
454
465
443
445
465
453
459
448
465
467
449
436
474
466
447
434
465
481
451
443
468
463
441
447
474
468
454
438
469
462
449
432
445
470
451
433
462
468
438
443
461
452
456
446
478
452
451
432
472
457
443
439
462
455
459
443
462
446
433
446
448
451
456
454
467
451
457
444
460
450
440
442
470
453
454
455
460
470
454
446
463
452
463
450
463
462
462
454
466
464
454
457
455
467
456
452
463
473
449
439
475
480
454
447
466
475
458
437
469
454
447
465
472
475
454
442
464
471
462
448
456
456
462
452
469
466
442
451
464
470
450
432
459
476
445
445
462
467
460
448
462
448
452
437
463
458
454
437
473
470
454
432
457
455
448
431
473
469
445
443
488
467
462
444
463
466
443
451
469
456
450
437
459
463
452
437
460
472
455
450
490
455
451
438
471
457
449
437
465
462
445
445
464
476
450
442
454
461
450
441
468
456
450
443
473
459
438
440
448
451
457
434
482
454
448
445
465
464
444
438
461
460
447
455
466
458
442
442
464
458
452
440
466
449
451
441
462
475
445
443
470
459
459
458
476
457
452
441
459
463
439
438
455
479
452
452
449
465
455
452
464
461
459
447
463
459
444
451
476
469
444
452
467
480
442
443
464
470
452
437
461
454
454
439
461
463
456
454
462
466
453
443
468
462
454
442
458
474
437
451
459
458
452
439
473
466
449
434
467
456
451
445
460
455
449
442
471
464
457
456
464
457
465
439
457
453
459
443
461
467
439
435
463
478
449
440
457
469
450
447
460
463
449
457
467
472
465
439
464
474
448
455
470
459
441
438
477
461
444
445
466
472
446
442
463
474
464
444
470
468
445
444
472
473
458
452
480
465
456
447
464
465
456
441
459
452
443
451
471
457
459
446
461
457
445
445
467
465
445
443
482
466
447
459
472
467
449
437
468
461
445
453
472
462
439
451
466
463
447
448
462
460
448
447
466
468
443
457
465
457
451
437
459
462
457
443
457
456
446
440
473
465
441
442
477
452
445
453
455
456
447
452
454
476
458
458
459
454
443
443
450
459
446
455
471
457
462
439
467
450
457
445
485
461
435
440
467
466
463
452
460
472
444
442
480
465
468
447
455
456
450
455
383
382
382
382
382
383
382
382
470
453
381
384
383
0
0

