;UFOS3
;Measurement details: channel = D, date = 02.06.2018, time = 14:46:51
Exposure=294
Gain=0
Temperature=27.5
Accummulate=4
2.139 mu
2.167 amas
27.526 hs
0 ozone
0 uva
0 uvb
0 uve
[Value]
0
383
382
382
380
382
381
383
424
428
465
455
433
436
474
450
445
424
467
458
443
430
491
462
451
427
487
464
447
451
492
470
443
434
493
471
457
427
476
468
435
430
494
475
452
430
493
471
444
435
475
468
430
439
490
465
429
435
489
466
448
428
472
459
440
428
496
463
444
430
488
461
433
444
494
469
444
432
474
465
445
439
487
461
441
438
484
470
432
437
498
472
437
440
489
477
432
424
494
468
428
435
475
469
440
434
490
464
442
430
484
464
437
442
484
469
438
437
482
462
439
443
495
470
444
441
478
472
439
432
473
461
441
431
485
481
436
443
480
455
454
443
481
466
437
437
484
469
433
467
481
468
431
434
495
471
454
437
482
477
429
429
476
466
457
454
476
472
460
431
486
462
446
460
482
468
434
444
490
458
434
432
480
473
447
434
502
467
446
449
476
489
432
445
475
467
445
439
495
465
447
434
484
469
444
434
482
456
447
439
496
466
431
452
477
466
438
426
474
479
452
432
484
463
446
441
489
463
436
423
483
457
432
440
481
465
439
441
470
468
457
437
479
469
438
446
486
459
454
437
479
465
444
433
480
485
443
449
485
469
432
470
486
470
447
422
471
466
445
428
473
460
433
446
487
474
439
442
486
472
443
435
478
481
447
427
488
455
445
439
480
479
443
433
472
468
441
435
485
464
450
430
483
468
450
449
473
461
445
424
478
469
463
435
483
474
444
440
480
466
435
437
480
462
434
440
475
460
454
438
493
465
445
437
485
460
463
427
491
481
438
438
477
478
434
446
493
473
441
433
487
468
429
443
468
456
435
441
480
458
459
441
482
465
460
435
494
461
449
443
470
467
452
436
471
474
444
437
478
464
444
432
480
464
438
447
475
459
440
437
480
472
434
429
478
455
446
429
476
487
447
432
490
481
448
437
497
455
447
439
480
463
440
431
471
464
458
443
475
460
443
449
475
466
438
431
487
456
451
437
481
464
434
422
489
470
432
442
488
469
448
442
469
471
433
437
479
468
445
426
479
452
440
452
476
457
447
446
479
472
456
433
480
467
442
440
477
465
436
441
476
476
446
429
486
453
446
453
482
465
457
446
484
458
444
440
476
463
438
445
475
463
448
433
484
457
449
434
500
455
454
442
484
462
433
453
469
470
436
437
484
457
446
431
475
461
440
456
476
460
444
442
478
455
444
436
474
469
440
460
484
464
445
443
476
467
451
447
478
474
446
449
464
464
451
435
475
464
436
429
473
457
451
437
472
467
461
450
485
464
437
441
484
466
447
449
481
471
445
438
478
459
447
429
480
471
446
444
477
460
442
441
473
467
438
444
480
460
441
449
480
461
441
459
489
449
452
438
473
457
453
451
477
457
447
442
472
455
442
441
481
457
438
448
478
459
431
445
478
461
455
437
486
457
442
436
486
459
432
445
472
462
475
436
482
454
436
431
467
461
438
430
464
464
429
436
468
445
461
444
472
450
442
430
468
463
435
428
474
457
438
444
473
460
446
445
478
466
444
428
484
450
445
442
476
453
444
448
480
454
439
433
478
447
450
433
476
462
447
446
490
454
442
420
464
461
439
436
467
458
450
441
456
450
440
441
465
458
439
431
475
460
443
443
465
447
441
449
466
466
443
437
474
464
439
446
466
460
452
451
464
466
449
543
471
472
462
439
467
459
446
441
470
452
436
442
475
448
448
440
480
462
449
441
472
450
449
438
474
460
442
442
466
473
452
431
474
459
436
437
478
469
449
441
471
452
442
443
463
466
441
448
471
459
444
444
465
457
447
439
474
453
446
431
481
456
445
444
462
460
447
443
480
455
452
441
471
455
433
439
469
456
444
436
476
451
448
448
466
452
454
440
469
459
465
445
465
462
445
444
471
461
449
450
470
467
443
434
460
451
461
452
465
457
440
440
464
461
436
443
470
456
450
450
468
453
435
433
474
461
451
450
463
454
443
432
463
445
446
446
472
464
448
438
468
460
453
471
474
454
447
441
464
455
442
447
465
459
444
447
475
451
445
444
459
463
452
443
469
451
440
439
464
453
448
446
466
461
445
439
467
448
444
450
462
450
451
442
463
458
438
438
471
456
458
437
473
453
446
447
463
463
444
446
467
456
471
428
466
453
457
432
462
463
441
441
473
461
433
436
468
477
446
437
456
455
462
446
466
448
455
451
466
451
464
447
467
459
453
438
460
451
450
439
460
450
468
447
463
450
456
451
465
454
450
443
466
456
438
432
469
457
462
436
460
448
444
446
459
449
434
435
459
460
444
439
461
459
446
440
462
452
448
445
459
452
446
434
469
455
455
434
460
461
441
441
457
446
442
436
468
456
444
444
461
458
455
449
469
452
442
459
462
460
448
446
456
453
445
438
443
445
454
452
476
455
434
449
469
451
451
437
461
463
448
437
457
455
450
448
468
463
452
441
459
458
450
441
463
434
439
446
467
458
452
451
461
448
449
432
472
448
457
434
468
464
444
435
458
452
463
451
460
454
457
445
467
459
444
451
459
449
442
444
464
456
454
442
470
447
452
450
468
456
456
441
465
450
446
452
462
450
442
449
450
460
459
449
458
452
454
438
454
441
449
429
454
457
449
445
460
448
447
447
457
457
445
439
459
449
447
454
455
446
447
441
463
445
448
443
461
444
444
436
471
446
457
451
462
451
456
449
457
452
446
447
463
450
464
445
461
445
456
452
469
450
454
442
455
446
440
441
456
472
445
445
461
457
472
443
452
456
446
444
465
450
453
443
493
452
457
452
457
453
445
447
450
443
450
445
461
445
439
441
451
442
455
437
460
449
466
448
453
449
450
450
458
451
450
461
452
448
449
449
458
444
449
446
464
457
451
450
476
451
454
442
451
457
449
453
468
455
459
440
464
446
454
440
457
440
466
443
457
453
460
438
459
446
451
442
463
455
469
445
454
449
455
448
470
442
441
447
453
449
454
433
466
455
458
440
454
435
457
443
463
447
460
450
469
445
457
428
448
440
440
442
453
452
454
448
448
453
457
441
477
448
440
453
474
443
446
439
448
444
458
449
454
441
458
455
464
451
459
451
464
452
451
447
458
448
456
443
465
447
457
442
455
441
455
442
460
446
442
453
466
452
454
464
454
452
446
439
450
446
466
446
452
440
450
446
457
446
451
452
440
452
456
452
459
457
455
440
453
457
449
439
464
453
449
455
457
449
456
443
450
448
449
443
450
450
461
445
443
452
447
439
459
448
460
445
459
451
461
445
456
454
462
458
457
460
464
441
456
454
447
437
455
445
461
450
471
461
449
443
451
446
465
463
461
452
466
459
460
453
459
433
461
448
458
443
460
448
464
444
456
447
436
458
464
442
439
462
445
447
452
447
452
457
449
457
467
452
468
458
449
444
462
451
455
452
462
444
449
435
456
443
453
441
460
447
450
443
460
454
460
441
457
460
450
441
455
453
451
446
471
450
453
439
459
441
460
448
454
457
449
449
446
453
458
452
456
454
447
446
452
460
441
447
460
441
461
441
449
448
459
451
450
456
446
447
460
450
458
450
451
455
457
442
460
452
451
444
448
453
443
443
447
450
461
450
452
449
447
441
468
446
457
449
441
445
446
446
437
441
449
438
463
450
443
452
450
442
445
441
442
439
441
442
447
448
460
447
460
456
460
446
442
449
454
463
457
441
452
440
450
439
460
450
450
447
445
446
447
449
453
447
442
437
460
434
448
448
444
448
445
446
473
442
450
449
445
451
456
452
451
446
454
430
453
448
440
452
457
446
451
438
455
436
454
442
449
435
462
452
453
442
450
450
445
436
447
435
447
441
437
452
454
448
439
450
446
434
464
451
453
440
449
457
464
453
455
449
448
444
445
443
451
445
446
447
434
448
441
441
446
458
456
449
453
447
445
447
442
445
443
448
448
448
446
443
457
433
455
446
444
452
450
451
450
443
450
453
453
445
456
440
444
446
456
454
460
451
452
443
452
444
454
439
463
436
451
447
461
451
450
443
461
448
469
445
457
436
450
452
450
441
467
440
466
444
448
440
448
441
460
442
445
447
451
454
456
450
459
450
446
439
454
446
451
444
459
447
446
448
438
442
457
459
446
443
447
444
450
459
451
434
447
443
450
449
444
452
461
435
465
434
455
448
443
463
456
438
454
446
456
439
442
444
447
448
453
452
456
435
455
453
452
443
448
451
461
441
454
453
447
433
455
451
442
446
447
468
461
443
470
443
474
431
465
448
454
456
434
452
453
442
451
459
452
444
458
448
449
444
453
453
450
448
453
440
455
445
462
440
436
436
461
446
456
443
449
457
450
455
449
458
471
445
460
452
451
442
463
449
448
445
448
444
459
447
465
438
453
452
453
453
449
443
455
455
448
442
450
450
447
439
445
450
455
447
450
443
453
437
456
449
467
440
454
450
443
453
455
453
463
434
450
463
450
446
461
441
452
439
446
448
457
442
454
465
443
449
461
458
447
449
456
465
451
437
471
448
451
445
452
462
456
436
453
447
450
447
462
455
462
441
467
447
456
447
448
451
447
445
458
456
446
442
455
463
456
448
456
455
456
441
456
446
447
443
456
447
455
451
452
452
446
452
458
456
456
440
448
454
466
466
452
442
457
447
462
448
435
450
457
447
444
433
445
441
460
437
477
441
454
441
460
459
474
438
453
455
451
448
454
450
446
446
445
452
441
437
450
448
446
441
453
442
443
439
454
449
460
442
461
459
444
440
455
454
462
444
472
459
447
467
459
449
446
444
456
463
452
448
457
458
449
438
458
454
461
450
463
452
451
450
441
450
461
439
463
448
446
448
463
458
454
444
469
450
452
440
461
449
452
444
458
442
436
462
459
458
452
441
458
453
448
438
458
451
455
438
463
452
462
459
448
439
443
450
470
448
462
449
456
457
454
446
460
459
450
455
452
451
454
435
462
461
458
437
457
455
449
448
464
448
444
441
451
456
448
437
460
455
451
438
461
454
457
437
471
459
444
447
468
469
444
440
462
452
455
433
456
473
438
444
457
452
440
446
465
446
453
437
446
450
455
442
459
464
441
442
457
455
459
441
452
452
442
449
464
442
446
436
467
446
442
443
466
464
449
450
467
461
441
437
459
446
442
445
458
448
445
437
460
459
440
447
463
453
452
443
462
457
449
439
463
458
447
450
468
464
462
445
465
452
445
449
461
470
446
450
467
464
460
441
459
463
459
443
457
454
447
443
467
465
452
445
455
459
447
459
466
461
459
447
467
465
459
442
461
456
451
451
467
469
442
445
473
454
453
451
458
454
440
436
458
464
448
434
468
458
452
441
464
464
446
446
463
450
452
442
464
455
444
439
468
448
449
433
462
458
446
448
462
460
467
432
464
465
444
441
462
462
448
440
465
450
439
435
469
454
447
445
459
450
457
437
476
452
445
440
462
453
455
430
460
454
459
448
452
459
451
442
472
469
438
440
467
463
451
448
464
463
443
433
463
460
441
450
461
457
449
440
475
454
453
434
472
452
444
443
459
460
444
442
472
473
462
437
458
451
440
441
463
466
457
442
462
455
461
452
464
458
441
442
456
461
452
440
462
461
438
444
475
468
445
438
463
462
445
438
469
458
463
432
468
453
449
438
482
458
457
448
457
460
454
447
459
470
448
440
471
456
441
451
472
470
435
429
454
464
438
442
473
456
455
440
468
458
457
438
459
446
472
434
472
447
434
442
464
457
443
438
464
471
451
438
469
462
453
445
466
457
460
439
477
455
448
451
466
458
448
438
469
467
434
441
463
472
442
442
488
468
450
450
462
457
443
444
462
471
448
439
461
464
446
438
471
460
446
444
472
464
452
450
466
470
450
443
469
450
452
459
479
467
461
448
461
468
445
435
473
472
457
448
478
470
442
451
463
460
444
435
483
465
450
443
483
500
448
445
472
451
447
444
464
472
447
452
471
476
443
444
470
461
453
456
474
471
444
453
472
473
444
457
468
463
460
442
462
468
449
442
472
478
437
438
464
467
443
441
476
469
445
446
466
449
452
429
464
469
443
449
466
463
454
440
466
468
454
441
474
462
446
440
462
470
446
434
468
466
436
444
478
462
449
435
463
462
448
445
459
460
455
448
463
459
457
441
474
476
444
437
473
482
448
456
479
458
452
450
487
472
449
443
471
471
448
443
477
461
446
433
479
457
454
451
452
458
449
437
470
459
427
464
476
467
442
447
464
472
441
442
468
454
448
448
473
478
436
444
482
459
449
448
476
452
449
443
463
470
438
450
470
472
443
435
469
464
438
441
472
463
455
441
476
473
445
447
480
463
449
445
486
455
447
438
475
462
449
436
469
473
454
437
463
466
451
428
475
467
453
458
482
475
451
437
468
462
445
439
474
460
448
443
480
465
443
442
469
453
450
444
468
469
451
442
473
457
444
433
471
466
448
449
473
461
442
446
470
454
448
449
469
457
444
445
472
465
448
436
475
467
452
437
471
467
435
436
470
454
454
439
464
470
443
445
467
467
437
441
480
460
451
448
486
458
446
434
490
466
441
446
457
461
449
435
475
455
451
436
465
476
438
463
469
469
445
443
459
472
445
452
467
466
443
432
478
457
443
441
476
468
459
437
464
474
448
438
461
470
451
446
468
482
449
435
451
458
454
449
462
466
442
433
458
461
445
440
468
466
443
432
464
455
443
443
463
466
452
449
464
460
437
438
470
492
447
447
459
461
453
440
463
464
434
452
463
449
454
451
460
455
452
440
465
459
444
435
468
461
450
434
463
465
449
442
454
452
442
434
455
461
451
440
465
469
444
438
460
465
455
438
457
460
443
437
466
485
442
442
467
460
452
436
476
456
465
440
468
472
455
439
460
461
439
440
478
448
442
436
465
461
445
444
472
457
453
441
480
455
450
458
457
463
452
441
479
452
449
448
474
459
444
439
459
470
442
446
473
452
450
437
456
462
438
434
454
457
451
462
462
453
447
447
460
463
445
439
467
460
448
444
464
460
444
443
466
461
454
444
460
453
446
454
463
457
438
441
450
453
450
429
461
458
448
447
466
450
449
443
459
463
438
442
465
470
439
439
456
446
447
440
461
459
444
438
465
476
447
459
474
453
445
435
471
456
446
446
476
458
451
443
465
452
450
451
462
455
448
457
456
455
444
446
457
458
443
440
475
451
438
444
472
467
443
438
487
470
453
446
472
459
455
441
463
464
463
438
462
475
440
442
451
465
441
444
465
452
456
445
464
466
446
435
474
465
448
432
465
477
448
440
469
462
440
447
472
467
449
440
470
460
445
429
444
468
451
430
462
465
439
442
458
450
454
445
474
451
447
431
470
457
445
436
461
454
455
440
460
442
434
442
444
449
454
452
464
451
453
445
457
449
438
439
470
454
454
451
459
470
452
443
463
453
464
448
461
458
461
454
465
464
453
460
453
465
452
450
461
470
448
439
475
480
454
447
466
473
455
436
470
452
446
463
472
475
455
437
462
471
460
446
452
453
459
449
469
466
438
448
463
467
449
431
458
472
444
442
458
468
458
448
461
450
448
438
465
457
451
437
466
469
451
428
456
456
450
431
474
466
444
442
486
464
462
444
461
464
442
452
469
455
448
435
460
460
452
436
456
473
455
445
488
452
451
438
469
457
446
437
464
462
445
444
462
475
450
440
453
458
450
438
465
452
450
441
472
456
436
438
449
449
455
432
480
454
448
446
465
461
442
437
461
459
444
452
467
454
441
440
464
455
447
438
466
448
446
442
462
489
442
446
468
460
458
458
472
454
450
437
459
463
439
437
455
480
453
453
449
466
456
449
463
461
456
445
461
458
440
450
473
468
441
450
465
474
442
441
461
472
450
435
462
455
450
437
457
463
454
453
460
463
451
443
468
460
450
441
458
473
436
453
458
456
455
437
471
467
445
431
467
455
451
443
459
454
445
441
467
462
454
454
462
461
459
440
457
451
456
440
461
467
439
435
461
473
451
439
454
467
449
446
461
461
445
452
467
471
461
437
462
475
446
454
467
458
439
438
475
462
443
444
465
470
443
440
461
471
459
443
470
469
441
443
466
470
457
450
477
465
458
447
461
463
457
439
462
452
444
449
469
456
458
442
458
454
447
446
467
463
445
442
480
464
444
457
470
466
446
435
466
459
442
454
470
463
436
449
466
462
446
446
460
456
445
444
463
468
443
461
468
456
451
433
459
458
456
442
456
454
444
439
472
464
440
443
475
449
442
452
453
453
445
450
452
473
456
458
458
453
446
441
447
460
445
451
469
454
465
439
463
448
455
442
481
463
435
438
465
465
462
453
458
471
444
436
479
464
463
446
452
457
447
453
380
383
383
382
381
383
380
382
466
453
383
382
383
0
0

