;UFOS3
;Measurement details: channel = S, date = 02.06.2018, time = 14:37:30
Exposure=314
Gain=0
Temperature=27.7
Accummulate=4
2.061 mu
2.085 amas
28.693 hs
0 ozone
0 uva
0 uvb
0 uve
[Value]
0
381
382
382
382
383
381
384
427
427
472
461
433
436
477
451
450
424
473
463
447
433
500
466
457
434
494
469
451
454
500
477
445
439
499
476
464
430
482
473
441
434
501
480
458
437
499
479
449
437
480
472
433
442
496
474
431
440
495
469
454
433
478
467
446
432
503
469
448
431
498
466
440
450
500
470
448
439
479
469
449
443
494
466
445
442
486
473
435
441
505
480
441
445
495
483
435
429
498
475
431
438
485
473
441
441
496
468
445
435
491
467
439
445
488
473
442
441
485
464
444
447
502
472
451
444
486
476
445
436
479
466
447
434
489
487
442
448
487
459
461
445
488
473
439
443
489
477
433
474
489
477
434
436
497
474
461
437
487
485
430
433
481
471
463
459
480
477
465
438
492
468
453
468
488
475
440
449
496
464
438
434
487
479
454
441
507
471
452
452
480
493
438
449
480
473
450
444
497
466
450
439
489
473
449
438
485
459
451
443
500
468
430
457
484
471
442
433
481
485
457
435
487
468
451
446
495
470
440
427
489
462
436
444
486
472
444
444
473
473
461
442
483
473
445
452
489
463
460
442
484
469
446
439
484
491
446
454
494
473
439
479
493
472
451
427
475
469
454
429
476
461
435
449
493
476
445
445
490
477
448
439
482
486
451
431
491
459
450
445
482
487
447
437
477
474
446
441
490
471
455
437
491
473
453
452
478
467
452
428
483
476
468
441
486
477
448
446
486
473
439
444
486
464
439
445
480
468
454
444
500
471
449
442
491
464
465
430
498
487
443
442
478
481
440
450
499
478
449
442
493
471
434
447
475
459
443
445
486
465
463
444
487
468
464
440
499
465
454
448
477
474
453
442
477
477
448
440
484
468
451
438
488
468
445
452
479
460
447
442
485
477
441
435
484
460
451
432
485
495
452
436
493
491
449
440
503
463
455
444
485
467
446
435
476
469
463
446
480
465
449
455
477
474
441
434
490
462
455
442
488
471
439
428
495
477
435
446
493
477
454
446
474
480
436
443
484
474
448
430
486
453
446
458
482
461
452
451
488
478
463
437
488
473
449
444
481
474
440
449
480
486
449
433
493
459
450
461
488
472
463
448
493
463
445
443
483
468
445
448
481
467
453
440
490
464
452
442
491
461
464
447
491
463
436
462
479
478
442
443
490
465
451
434
480
464
446
462
483
467
449
448
485
461
449
436
480
475
448
468
492
470
451
450
483
475
455
452
484
481
451
452
469
468
461
442
484
470
444
436
480
462
458
444
482
470
470
458
490
470
442
448
491
471
450
455
485
477
450
442
483
466
452
439
487
477
455
453
486
465
448
447
481
473
445
448
487
469
449
454
489
469
447
466
499
456
457
442
482
465
460
455
484
459
453
445
483
460
449
448
489
466
445
455
484
465
437
450
485
467
462
440
495
464
448
447
497
464
438
452
479
470
484
442
491
459
443
438
472
464
445
440
474
470
434
443
474
450
467
455
479
457
450
437
475
471
443
431
479
465
447
449
482
468
455
454
487
474
448
434
494
458
452
452
486
460
450
456
488
463
445
441
482
456
457
441
481
471
453
453
496
460
451
427
474
469
448
442
474
466
457
446
461
460
446
446
473
467
446
438
483
468
448
452
474
457
448
457
474
472
449
443
483
474
445
456
474
471
460
458
473
472
457
562
479
478
468
444
477
468
451
450
479
458
445
451
483
455
454
450
488
472
457
448
479
459
458
449
479
466
449
451
475
485
459
438
480
466
443
445
489
476
455
449
481
458
449
452
468
474
447
455
479
468
453
450
475
462
457
448
484
463
455
441
488
466
452
454
468
469
457
449
494
465
460
451
482
465
446
449
480
467
452
448
485
464
459
459
478
463
466
450
479
468
476
458
476
472
456
454
485
477
462
461
481
476
454
443
473
462
473
463
478
470
448
455
478
472
450
459
482
468
462
463
484
467
449
448
494
476
468
467
479
470
458
449
476
462
464
460
487
481
465
453
483
477
470
489
488
469
462
458
484
472
461
467
479
478
465
465
494
471
464
459
480
482
470
464
487
470
461
462
488
474
469
466
488
486
467
461
494
476
469
474
488
479
480
469
493
488
465
467
500
485
490
466
506
482
475
475
493
493
479
475
499
486
502
461
503
485
490
466
495
500
474
475
510
494
466
473
503
513
481
475
495
494
498
480
504
487
491
489
501
485
502
481
504
498
494
477
503
490
486
481
499
489
510
487
504
490
498
494
504
495
489
488
511
502
480
480
518
506
513
488
519
504
504
510
523
513
506
507
533
537
522
516
545
546
533
527
550
541
538
538
552
546
539
527
562
551
553
524
551
553
526
531
544
537
530
527
561
544
536
534
555
552
553
547
570
558
546
566
569
572
562
563
578
569
567
558
566
573
587
579
607
588
566
584
606
587
583
570
596
595
584
569
592
590
584
582
603
599
589
574
596
597
591
577
604
576
586
591
620
615
606
606
619
605
604
588
630
604
614
591
627
621
599
591
613
605
620
604
623
613
619
607
631
626
613
626
638
626
624
628
650
648
637
626
651
629
631
623
643
632
623
609
628
612
605
613
617
604
596
603
604
622
616
605
620
620
623
612
627
624
637
622
651
660
655
657
678
672
671
676
685
697
692
692
710
703
710
721
728
720
719
720
741
727
731
728
751
730
732
727
758
730
735
725
728
715
713
702
706
695
688
689
700
687
701
680
699
687
700
700
720
708
724
712
740
735
737
750
774
800
784
783
801
801
815
791
797
803
796
794
815
797
804
785
841
794
802
789
801
794
788
789
797
793
804
810
823
824
823
827
846
843
863
853
890
889
912
904
919
919
926
931
954
948
954
975
966
970
965
966
979
961
967
951
972
951
934
934
953
922
924
901
911
907
902
899
918
915
913
902
933
919
937
928
954
940
972
942
960
959
963
943
956
950
951
940
952
943
948
911
912
903
901
889
902
865
858
857
861
858
869
849
890
879
888
874
891
872
900
900
922
907
929
930
953
929
954
927
941
943
946
949
960
960
968
965
966
980
995
979
1020
996
993
1011
1047
1012
1029
1025
1040
1032
1045
1031
1036
1021
1032
1022
1025
1018
1017
1005
1023
1012
1009
1007
1020
1009
1015
1002
1023
1005
1018
1013
1027
1025
1048
1036
1067
1060
1072
1095
1122
1122
1136
1170
1162
1175
1182
1188
1217
1224
1259
1246
1264
1255
1264
1272
1290
1278
1288
1291
1278
1290
1287
1275
1287
1290
1287
1273
1291
1292
1286
1272
1292
1284
1282
1286
1291
1293
1295
1279
1282
1275
1274
1259
1267
1262
1272
1249
1242
1254
1246
1239
1260
1257
1268
1263
1273
1272
1287
1280
1286
1294
1308
1301
1309
1309
1309
1278
1298
1290
1280
1270
1290
1282
1307
1304
1343
1338
1346
1363
1386
1402
1450
1471
1489
1501
1533
1555
1573
1588
1617
1622
1675
1673
1706
1708
1743
1728
1764
1731
1764
1760
1763
1790
1808
1790
1789
1809
1785
1773
1771
1770
1759
1755
1740
1735
1721
1690
1686
1663
1634
1605
1610
1571
1562
1541
1536
1502
1488
1463
1471
1437
1445
1420
1441
1430
1435
1434
1453
1453
1470
1461
1490
1488
1498
1483
1510
1510
1524
1521
1562
1536
1536
1513
1539
1527
1541
1520
1516
1522
1503
1496
1478
1482
1469
1448
1435
1414
1396
1376
1379
1377
1359
1370
1379
1364
1383
1364
1389
1402
1425
1442
1451
1473
1484
1478
1500
1489
1489
1478
1463
1452
1450
1418
1428
1402
1394
1377
1383
1383
1359
1354
1345
1346
1362
1344
1339
1341
1341
1337
1377
1366
1390
1396
1408
1428
1449
1460
1461
1478
1497
1487
1524
1506
1490
1498
1493
1488
1485
1486
1492
1497
1500
1503
1515
1510
1535
1522
1536
1544
1547
1542
1560
1571
1592
1614
1617
1617
1636
1610
1613
1583
1572
1541
1513
1484
1453
1437
1425
1419
1409
1392
1387
1374
1397
1377
1389
1399
1393
1403
1411
1428
1477
1451
1461
1456
1456
1464
1483
1466
1461
1446
1435
1397
1409
1394
1387
1389
1403
1397
1420
1429
1470
1462
1520
1539
1568
1568
1614
1620
1630
1617
1632
1638
1642
1638
1667
1657
1673
1655
1655
1669
1664
1650
1631
1642
1646
1625
1676
1670
1687
1690
1710
1741
1780
1792
1815
1825
1825
1824
1838
1833
1844
1830
1817
1818
1792
1800
1777
1780
1776
1790
1786
1785
1794
1796
1796
1801
1802
1807
1817
1832
1858
1884
1905
1911
1951
1941
1974
1966
1972
1973
1965
1962
1951
1932
1922
1904
1885
1842
1838
1800
1798
1780
1779
1773
1775
1761
1758
1754
1776
1772
1785
1767
1786
1746
1753
1737
1739
1714
1704
1700
1705
1695
1707
1684
1690
1672
1681
1687
1695
1692
1716
1702
1736
1715
1731
1733
1749
1755
1764
1749
1749
1755
1754
1754
1758
1738
1742
1732
1715
1691
1705
1685
1697
1690
1714
1697
1706
1709
1710
1720
1738
1740
1710
1704
1711
1701
1715
1722
1712
1705
1715
1694
1701
1686
1666
1659
1657
1611
1620
1570
1568
1538
1518
1507
1483
1445
1450
1403
1398
1353
1333
1326
1314
1310
1309
1300
1306
1288
1310
1314
1323
1331
1362
1392
1439
1430
1474
1497
1510
1495
1536
1538
1532
1549
1550
1572
1580
1573
1614
1587
1633
1583
1626
1602
1604
1619
1571
1603
1597
1579
1592
1592
1579
1569
1582
1566
1566
1559
1558
1564
1575
1561
1579
1558
1576
1564
1591
1585
1593
1605
1651
1640
1676
1687
1715
1743
1748
1767
1764
1778
1790
1748
1763
1752
1758
1737
1758
1735
1716
1699
1680
1662
1668
1648
1660
1626
1631
1624
1617
1626
1629
1626
1655
1668
1667
1674
1701
1709
1715
1723
1749
1766
1773
1785
1793
1797
1814
1813
1845
1838
1861
1829
1843
1841
1825
1835
1831
1820
1825
1795
1802
1798
1779
1760
1769
1732
1739
1718
1716
1689
1689
1658
1666
1684
1671
1688
1732
1742
1770
1778
1814
1847
1857
1868
1925
1923
1955
1970
1994
2040
2062
2054
2106
2127
2154
2172
2206
2199
2202
2163
2173
2150
2143
2119
2101
2077
2065
2048
2052
2021
2010
1973
1977
1977
1953
1930
1917
1923
1910
1894
1907
1890
1905
1903
1937
1936
1959
1969
1973
1968
1952
1960
1964
1970
1969
1952
1962
1970
1981
1946
1934
1887
1873
1831
1822
1780
1743
1743
1748
1733
1730
1724
1748
1745
1778
1766
1820
1799
1836
1837
1878
1895
1943
1923
1962
1989
2006
1997
2005
2000
1988
1968
1953
1965
1944
1943
1970
1977
1992
1985
2015
2014
2024
2028
2043
2035
2055
2021
2044
2045
2030
2022
2031
2025
2048
2020
2048
2022
1987
2002
1994
1977
1972
1969
1968
1980
1964
1957
1960
1957
1941
1916
1945
1935
1930
1914
1924
1919
1919
1927
1931
1940
1947
1913
1929
1915
1897
1888
1900
1884
1869
1857
1870
1840
1848
1838
1859
1845
1852
1830
1829
1802
1774
1777
1761
1746
1721
1711
1718
1704
1671
1640
1637
1598
1576
1523
1526
1483
1475
1458
1446
1433
1449
1469
1500
1495
1525
1517
1533
1557
1567
1579
1610
1633
1635
1663
1677
1675
1698
1658
1677
1660
1639
1601
1592
1580
1560
1546
1539
1515
1488
1451
1443
1428
1405
1368
1386
1375
1365
1348
1376
1371
1389
1388
1451
1466
1465
1506
1554
1577
1591
1619
1672
1709
1758
1771
1844
1897
1901
1934
1984
2007
2016
2042
2098
2088
2120
2122
2137
2159
2185
2186
2205
2218
2202
2199
2214
2201
2201
2171
2165
2147
2124
2117
2113
2085
2090
2056
2073
2026
1985
1959
1958
1940
1895
1891
1909
1898
1882
1875
1896
1881
1889
1891
1919
1917
1925
1911
1963
1977
1979
2001
2029
2021
2013
1990
1995
1978
1942
1922
1950
1928
1918
1936
1965
1972
1986
1975
2005
1994
2006
2024
2071
2128
2155
2211
2281
2332
2381
2399
2450
2489
2492
2477
2480
2462
2419
2378
2404
2378
2333
2314
2304
2279
2236
2220
2199
2158
2136
2106
2114
2098
2099
2075
2121
2126
2152
2197
2255
2298
2297
2324
2367
2372
2364
2378
2396
2395
2366
2346
2353
2355
2345
2319
2347
2320
2282
2239
2250
2234
2188
2185
2179
2150
2159
2141
2156
2156
2171
2167
2214
2205
2235
2231
2268
2265
2247
2249
2255
2269
2293
2278
2319
2344
2337
2345
2378
2395
2383
2382
2422
2416
2422
2424
2480
2477
2481
2485
2512
2500
2511
2488
2510
2459
2445
2434
2448
2427
2416
2374
2389
2368
2355
2330
2324
2328
2319
2323
2360
2364
2334
2339
2366
2353
2349
2337
2374
2378
2361
2345
2378
2373
2354
2369
2371
2358
2338
2294
2312
2271
2251
2214
2241
2190
2167
2143
2150
2125
2093
2077
2105
2080
2069
2027
2049
2037
2016
2020
2045
2052
2054
2046
2077
2077
2090
2100
2138
2147
2139
2168
2201
2220
2213
2218
2260
2277
2269
2285
2334
2355
2321
2327
2368
2362
2344
2349
2384
2366
2377
2340
2373
2369
2378
2373
2440
2423
2421
2426
2426
2423
2401
2386
2372
2384
2331
2309
2316
2270
2218
2191
2202
2161
2113
2090
2092
2093
2055
2042
2071
2066
2075
2070
2143
2174
2204
2200
2255
2265
2334
2342
2409
2431
2457
2494
2522
2523
2480
2448
2438
2421
2364
2315
2304
2259
2204
2150
2157
2116
2104
2083
2108
2112
2107
2109
2117
2095
2095
2113
2178
2221
2229
2268
2319
2364
2359
2389
2435
2444
2413
2403
2393
2368
2321
2282
2263
2238
2171
2130
2112
2081
2014
1953
1942
1880
1823
1798
1806
1783
1761
1754
1775
1792
1799
1827
1899
1926
1984
2034
2115
2156
2163
2186
2221
2233
2207
2200
2215
2201
2139
2050
2039
1966
1894
1871
1872
1869
1857
1850
1941
1961
1977
2007
2106
2198
2206
2275
2368
2421
2482
2526
2598
2636
2652
2665
2704
2707
2673
2657
2666
2649
2613
2597
2582
2554
2487
2448
2422
2393
2327
2301
2296
2269
2260
2249
2280
2289
2268
2245
2283
2284
2249
2250
2280
2287
2271
2271
2346
2357
2338
2362
2396
2399
2427
2423
2495
2519
2516
2528
2586
2619
2619
2610
2646
2658
2660
2671
2729
2749
2741
2752
2797
2803
2784
2778
2830
2836
2824
2835
2893
2892
2866
2851
2852
2826
2784
2751
2740
2714
2675
2627
2611
2567
2514
2472
2468
2455
2397
2356
2377
2348
2277
2267
2271
2217
2206
2193
2227
2206
2171
2142
2156
2132
2088
2068
2081
2034
2006
1980
2010
1972
1960
1957
1966
1977
1990
1988
2049
2055
2041
2096
2132
2157
2147
2174
2211
2247
2225
2237
2282
2280
2284
2287
2313
2336
2283
2282
2331
2299
2278
2258
2274
2230
2203
2179
2185
2166
2093
2082
2066
2053
1988
1954
1979
1964
1912
1884
1886
1846
1792
1750
1758
1748
1705
1710
1731
1704
1683
1663
1693
1638
1620
1588
1604
1583
1529
1500
1525
1533
1511
1489
1524
1524
1507
1480
1518
1497
1472
1456
1475
1455
1418
1398
1433
1422
1394
1387
1434
1419
1416
1407
1439
1423
1394
1381
1412
1382
1366
1354
1384
1397
1391
1400
1454
1462
1476
1482
1553
1577
1588
1616
1672
1683
1689
1737
1811
1816
1858
1891
1947
1960
1975
1991
2027
2012
2015
1998
2040
2040
2027
2008
2044
2038
2008
2000
2025
2008
1990
1966
1973
1970
1920
1917
1926
1922
1870
1854
1883
1834
1799
1776
1795
1755
1746
1731
1813
1788
1786
1811
1852
1869
1870
1884
1944
1925
1938
1937
1979
2019
2002
2063
2102
2110
2078
2077
2083
2072
2027
2015
2000
1954
1897
1870
1923
1939
1924
1924
1952
1962
1945
1922
1968
1966
1936
1940
1981
2013
2008
2015
2057
2080
2051
2033
2045
2042
2032
2000
2019
2006
1983
1971
1975
1952
1920
1908
1945
1944
1929
1921
1945
1920
1906
1903
1925
1937
1965
1976
2029
2040
2015
2034
2088
2130
2105
2126
2180
2207
2221
2237
2282
2299
2295
2342
2380
2378
2397
2390
2394
2379
2374
2364
2392
2384
2371
2363
2373
2357
2343
2326
2347
2335
2300
2266
2249
2248
2227
2200
2227
2234
2224
2225
2245
2255
2216
2223
2248
2261
2268
2263
2323
2344
2354
2379
2421
2472
2434
2445
2487
2474
2483
2468
2507
2461
2466
2425
2441
2425
2388
2327
2320
2283
2210
2178
2191
2144
2126
2115
2123
2097
2066
2057
2079
2023
2002
1956
1988
1937
1911
1889
1855
1827
1784
1751
1752
1683
1633
1601
1576
1515
1453
1392
1357
1315
1242
1200
1182
1131
1098
1058
1061
1047
1010
1000
1021
1023
1030
1063
1087
1095
1125
1161
1204
1252
1262
1281
1329
1339
1338
1339
1383
1403
1411
1440
1491
1527
1549
1565
1603
1633
1644
1687
1709
1722
1723
1753
1782
1804
1814
1809
1859
1881
1874
1881
1894
1885
1870
1848
1859
1860
1831
1857
1889
1893
1862
1861
1875
1883
1884
1870
1884
1874
1832
1812
1816
1810
1758
1736
1729
1673
1638
1601
1606
1561
1517
1478
1466
1407
1362
1303
1285
1228
1192
1161
1138
1103
1077
1073
1061
1054
1033
1031
1044
1048
1044
1067
1118
1123
1136
1178
1247
1280
1286
1308
1392
1415
1427
1442
1500
1533
1578
1602
1667
1716
1757
1772
1825
1859
1848
1856
1896
1931
1914
1932
1972
1954
1970
1965
1979
1990
1962
1958
2006
1997
1981
1982
2031
2057
2030
2034
2075
2082
2054
2088
2116
2117
2105
2081
2123
2123
2094
2070
2068
2086
2049
2025
2047
2068
2049
2059
2080
2070
2072
2057
2095
2069
2091
2085
2142
2149
2153
2144
2160
2155
2161
2142
2156
2141
2123
2133
2133
2138
2142
2147
2149
2133
2129
2121
2136
2130
2120
2119
2162
2154
2165
2175
2196
2226
2211
2209
2244
2232
2239
2239
2231
2215
2198
2171
2189
2208
2198
2230
2235
2247
2245
2247
2264
2258
2244
2213
2257
2267
2242
2236
2244
2250
2237
2231
2258
2233
2228
2262
2251
2268
2235
2207
2207
2211
2175
2160
2156
2141
2137
2108
2113
2091
2063
2045
2042
2051
2018
1974
2000
2001
1969
1980
1984
2019
2020
2033
2056
2052
2065
2058
2105
2111
2109
2110
2147
2157
2128
2099
2119
2081
2040
1970
1982
1936
1882
1871
1904
1881
1873
1850
1861
1863
1831
1852
1871
1832
1827
1813
1854
1858
1855
1832
1871
1911
1894
1887
1946
1891
1887
1867
1889
1863
1839
1810
1829
1810
1781
1773
1784
1788
1761
1746
1749
1744
1725
1691
1715
1681
1664
1646
1670
1645
1628
1618
1613
1621
1613
1582
1638
1593
1589
1587
1607
1609
1582
1578
1597
1596
1585
1587
1604
1592
1579
1576
1587
1582
1573
1556
1577
1542
1530
1512
1529
1548
1491
1472
1498
1480
1475
1479
1496
1472
1470
1456
1476
1472
1443
1444
1464
1490
1467
1448
1450
1472
1455
1456
1479
1489
1499
1485
1509
1509
1479
1488
1521
1513
1479
1485
1508
1521
1480
1488
1507
1520
1495
1466
1493
1474
1463
1430
1448
1440
1417
1401
1386
1378
1365
1347
1357
1342
1322
1296
1295
1291
1236
1233
1220
1206
1190
1166
1199
1194
1172
1151
1187
1182
1173
1168
1196
1200
1192
1183
1216
1208
1213
1229
1259
1261
1269
1243
1258
1256
1277
1260
1291
1299
1277
1271
1301
1315
1283
1272
1296
1321
1293
1292
1303
1303
1275
1284
1289
1281
1269
1243
1269
1291
1275
1275
1291
1277
1256
1252
1286
1263
1239
1230
1244
1233
1201
1204
1232
1245
1230
1217
1254
1245
1221
1212
1241
1235
1217
1201
1213
1198
1186
1172
1183
1185
1173
1156
1186
1170
1166
1171
1189
1178
1175
1167
1190
1183
1181
1192
1219
1209
1195
1191
1237
1211
1182
1192
1205
1192
1166
1149
1171
1164
1148
1153
1168
1160
1131
1152
1169
1162
1138
1138
1155
1157
1148
1148
1168
1168
1146
1170
1174
1162
1149
1124
1144
1144
1143
1119
1134
1117
1109
1105
1136
1128
1098
1107
1143
1115
1107
1120
1122
1121
1112
1123
1124
1150
1137
1138
1148
1141
1133
1127
1130
1140
1125
1134
1140
1127
1139
1108
1129
1107
1115
1094
1139
1108
1075
1063
1085
1082
1074
1060
1059
1074
1039
1030
1072
1056
1059
1023
1029
1004
947
758
382
384
379
382
381
383
381
382
1095
1064
381
383
380
0
0

