;UFOS3
;Measurement details: channel = D, date = 02.06.2018, time = 15:07:43
Exposure=419
Gain=0
Temperature=27.2
Accummulate=4
2.34 mu
2.379 amas
24.916 hs
0 ozone
0 uva
0 uvb
0 uve
[Value]
0
380
380
382
380
381
379
380
427
434
487
471
436
443
490
458
457
430
495
470
457
436
510
471
461
437
497
471
457
464
504
492
453
446
506
483
467
436
488
478
444
442
509
487
463
440
507
482
456
442
485
486
439
450
500
473
434
445
501
474
459
440
481
471
452
440
507
473
452
440
508
473
443
456
506
479
454
441
485
475
454
451
499
469
449
447
493
483
437
446
513
488
444
452
500
493
443
433
504
485
437
447
492
481
448
448
501
474
451
443
494
472
446
455
497
479
445
446
489
471
447
452
504
478
455
453
491
483
452
443
487
472
452
440
494
499
444
455
489
464
464
449
493
480
443
451
492
488
436
484
501
481
439
441
504
480
470
445
491
492
435
438
485
479
468
466
486
483
468
440
500
472
459
471
496
480
443
456
501
468
441
440
491
485
462
446
511
481
455
458
488
502
440
458
483
475
455
448
503
475
452
443
496
480
456
443
490
464
454
447
508
476
438
462
486
476
446
441
485
496
463
441
493
472
456
453
510
475
444
432
494
467
439
451
492
479
447
448
473
476
469
446
487
482
447
459
493
466
466
449
488
474
452
447
488
502
452
459
499
479
441
494
500
476
456
431
477
478
459
434
481
469
438
457
496
487
447
450
494
479
452
444
489
496
454
436
502
463
454
453
495
494
451
443
481
481
449
445
496
480
462
443
493
480
462
458
483
472
455
431
488
482
471
445
489
484
453
453
493
475
442
448
495
474
442
452
482
473
459
448
508
476
452
450
499
470
471
434
503
499
448
446
484
490
439
457
510
484
450
446
497
477
439
450
476
464
445
453
490
471
469
449
491
473
466
447
507
473
458
452
480
479
461
449
480
485
451
446
485
472
454
439
501
472
446
456
481
467
450
443
489
484
442
440
486
464
454
437
487
506
459
444
497
498
452
447
513
464
458
444
488
472
451
441
481
473
471
453
483
470
452
460
486
481
443
438
498
465
460
448
490
471
442
433
501
484
437
454
502
484
460
452
478
489
437
445
491
483
454
429
491
458
447
472
488
466
458
459
493
484
466
441
488
475
451
450
486
480
443
452
484
496
454
436
496
465
453
468
496
476
466
455
500
467
450
449
485
472
446
455
481
469
457
442
496
468
459
445
517
465
465
453
494
468
441
468
481
483
445
443
495
470
455
439
482
471
446
470
487
471
454
452
491
466
452
442
485
479
451
478
498
475
455
454
487
479
458
456
487
487
456
456
471
475
459
447
485
473
446
437
483
465
463
446
481
475
469
460
493
474
441
451
493
476
454
461
491
483
452
446
487
468
455
441
492
484
454
457
490
471
450
450
482
479
445
452
492
475
451
459
496
474
450
469
504
457
460
443
486
465
465
462
488
468
455
449
485
459
452
453
495
467
447
460
489
471
436
460
487
470
465
448
496
466
450
451
505
465
438
457
482
475
498
444
496
468
445
439
476
469
443
441
472
472
439
444
476
453
470
459
482
461
452
436
474
475
442
436
481
468
448
454
483
468
458
456
490
476
452
437
495
460
450
454
486
461
454
457
491
461
451
442
489
460
459
442
482
471
455
456
499
460
454
426
474
474
450
442
477
468
458
452
464
463
444
445
475
473
445
442
486
471
449
456
473
455
447
461
476
476
448
445
487
477
446
458
475
472
463
463
473
480
460
597
482
482
474
450
477
469
451
455
482
457
446
451
484
453
458
453
491
472
462
454
480
456
458
447
483
467
448
451
476
491
461
435
481
468
443
446
487
479
458
452
481
459
451
457
466
476
446
457
480
468
456
454
471
464
455
447
482
463
452
441
492
464
453
457
465
472
455
452
492
463
457
453
481
467
443
447
481
464
447
449
484
459
457
457
478
461
465
447
475
466
475
456
470
471
451
450
480
473
461
460
481
475
447
440
470
461
471
462
472
467
445
450
472
471
443
454
478
467
456
457
475
462
441
441
490
471
461
465
473
466
446
440
467
457
456
456
481
475
457
446
479
473
462
485
479
459
457
453
475
468
446
461
469
473
450
457
484
461
451
450
468
473
461
452
477
460
450
448
476
463
456
456
475
474
453
445
477
458
453
464
471
465
462
452
473
468
448
449
478
465
469
446
483
461
454
455
471
473
455
454
473
466
479
436
474
462
467
441
471
475
446
451
484
470
440
445
476
495
455
444
462
466
469
453
477
457
463
463
475
460
476
458
474
469
464
446
473
460
457
449
467
457
481
454
469
457
465
463
471
463
457
455
476
463
443
443
477
462
470
447
472
457
455
459
465
456
441
446
468
469
453
447
470
472
454
450
474
462
460
460
468
461
455
445
479
466
464
441
468
470
444
450
461
454
448
448
481
466
454
455
471
468
462
464
476
462
450
469
468
472
457
459
466
461
454
448
448
455
462
463
481
468
444
459
480
462
460
445
471
473
458
445
464
464
459
457
478
474
463
449
469
471
462
450
472
445
448
454
479
473
459
464
467
460
461
442
483
457
464
441
478
478
450
447
467
458
476
459
476
466
466
456
475
469
448
465
465
454
450
454
473
471
459
453
477
456
459
459
476
470
463
452
474
460
454
466
472
458
452
463
456
473
470
458
465
465
462
448
459
451
454
439
460
470
457
456
471
461
455
457
465
466
456
451
467
456
457
468
466
456
457
452
476
457
454
455
470
456
451
447
486
460
467
466
470
461
469
460
465
462
451
458
472
461
471
455
471
459
469
467
480
464
468
451
463
458
443
450
460
486
456
456
467
467
481
453
457
469
452
455
477
460
461
450
512
466
467
461
469
466
452
454
457
453
459
454
466
454
448
449
461
451
466
445
470
460
474
455
463
461
458
458
467
460
460
471
457
457
454
457
466
454
457
456
478
472
460
465
483
461
464
452
458
469
459
461
475
468
467
448
474
455
462
449
464
452
475
453
468
466
466
448
467
454
459
452
472
470
481
455
460
457
463
460
482
449
451
457
458
462
463
442
475
464
469
452
461
443
464
456
472
456
471
460
480
452
471
436
453
447
450
451
459
464
461
455
455
463
467
450
488
456
447
464
485
452
454
447
456
454
468
460
459
452
469
465
469
464
470
460
477
462
461
457
470
459
464
451
477
456
464
451
460
454
460
449
474
456
448
461
476
467
462
474
462
462
460
447
459
459
475
454
462
454
458
453
466
459
459
461
446
459
463
462
468
470
464
451
463
468
460
444
476
464
457
468
465
461
464
448
458
461
457
452
458
461
469
457
447
464
457
453
470
458
465
458
466
462
471
457
467
466
471
471
465
469
471
448
464
460
457
443
468
460
465
459
478
473
459
455
461
455
475
472
470
463
479
467
470
461
468
443
472
458
469
452
470
460
471
454
468
458
442
467
474
449
445
474
454
458
460
458
458
470
457
466
477
464
479
472
456
454
470
459
465
462
470
450
459
447
467
452
463
452
469
457
458
452
470
461
470
450
464
465
460
449
461
464
459
456
484
457
466
446
467
449
469
456
461
467
459
458
453
468
467
463
465
465
449
458
460
472
449
458
468
451
466
447
459
459
468
464
459
468
456
452
466
459
467
460
461
464
464
449
473
462
456
454
454
464
451
454
456
459
474
461
458
463
457
448
477
457
467
460
450
454
455
461
448
453
455
449
475
460
450
467
461
449
452
450
452
453
448
450
456
458
472
457
471
465
467
453
450
458
463
476
468
450
461
453
455
449
466
457
457
456
456
457
457
458
460
456
453
446
469
447
456
460
456
460
455
456
481
455
458
463
450
460
463
461
463
457
464
440
459
458
450
465
465
457
458
446
467
444
460
454
459
443
471
461
460
450
459
461
456
445
458
445
455
451
447
464
462
459
442
457
454
440
476
462
461
448
456
467
479
466
467
461
456
454
453
449
458
457
454
458
440
457
450
450
451
471
469
459
463
457
452
458
450
455
450
457
456
454
453
448
465
442
461
458
453
462
461
462
461
455
457
465
466
458
463
453
451
454
465
464
470
460
460
450
461
458
466
450
471
445
456
459
472
462
454
460
469
459
480
458
466
449
457
463
459
454
476
455
477
451
456
452
455
451
469
449
453
459
458
464
463
461
465
460
451
448
463
455
462
454
470
454
458
460
448
450
466
478
451
451
454
453
462
474
458
445
457
451
461
454
453
462
472
448
473
446
466
456
451
476
464
446
462
454
466
448
448
455
454
458
462
459
467
446
463
466
462
452
457
459
474
447
466
464
454
439
467
462
452
459
457
477
474
454
478
453
486
440
474
461
462
467
441
459
462
450
461
468
460
453
468
456
463
453
459
462
458
460
459
450
468
456
471
451
443
443
470
454
467
453
459
473
454
466
461
471
482
453
468
459
461
450
473
459
455
454
452
455
468
457
473
447
460
465
460
462
457
454
462
464
455
448
459
456
455
450
452
460
464
458
458
453
463
450
468
462
474
449
463
458
452
466
465
463
470
443
458
478
463
456
471
451
461
449
455
457
466
453
463
477
452
456
469
468
457
459
468
479
463
448
480
458
457
456
461
478
465
445
462
456
461
457
470
465
475
449
475
456
465
456
458
458
457
458
467
466
457
451
465
477
465
458
465
465
464
449
464
454
455
453
464
456
467
462
459
460
455
463
462
467
468
448
456
461
477
479
462
449
463
456
470
454
444
464
467
457
450
441
454
450
470
448
500
453
467
452
466
466
484
448
462
465
461
460
459
463
457
456
451
467
449
444
463
456
453
451
460
452
451
449
459
457
469
449
468
470
454
449
463
461
469
453
485
471
456
485
468
460
453
453
461
474
464
460
465
473
456
448
471
466
471
462
468
464
459
459
453
460
473
447
475
455
455
458
469
466
464
458
482
459
459
448
468
458
463
453
464
451
444
475
469
473
458
453
467
462
454
451
470
464
467
447
471
462
475
471
456
449
449
460
477
460
471
455
463
467
463
454
471
472
455
467
459
460
465
447
473
474
468
449
465
463
455
460
472
459
451
450
460
466
456
446
468
467
461
445
471
463
463
447
478
468
453
459
474
482
451
448
469
462
465
443
464
491
445
453
463
461
448
457
476
454
462
447
455
459
461
454
467
473
451
451
464
466
470
452
459
465
451
461
472
447
457
445
476
458
448
452
474
477
460
466
479
469
449
445
471
452
452
460
468
456
452
447
469
468
448
458
472
461
459
455
472
471
461
450
470
469
452
460
475
475
470
458
476
460
455
459
468
483
454
459
474
481
469
450
471
476
468
451
464
467
451
457
473
479
462
451
463
469
457
472
476
474
470
461
473
476
471
454
469
467
459
462
476
487
452
453
487
463
460
464
468
464
443
448
465
475
458
443
475
471
459
453
472
478
452
461
470
459
460
454
474
464
452
453
477
453
458
442
466
471
455
460
476
471
483
445
470
477
450
450
469
474
455
451
477
462
449
443
480
466
458
458
471
460
465
449
485
462
455
452
471
464
461
443
471
466
468
460
458
466
461
456
482
485
445
450
474
474
465
462
472
475
452
439
471
472
450
459
466
466
460
448
489
466
459
447
481
460
451
454
469
469
452
452
478
484
473
448
465
465
446
453
470
480
468
451
467
468
470
465
477
472
448
452
464
473
460
450
472
473
449
453
482
485
451
450
471
471
454
447
474
468
471
440
477
464
461
452
499
469
465
460
460
472
462
460
465
480
455
453
479
467
445
462
483
484
444
440
460
475
445
451
483
464
464
449
478
470
469
447
468
454
485
443
481
458
444
453
471
467
449
446
472
482
457
450
477
477
465
458
474
469
470
449
488
464
457
461
474
470
456
450
474
478
441
450
471
483
449
452
500
482
460
459
470
470
452
453
468
485
458
449
469
476
453
449
480
470
456
453
478
477
461
464
475
483
459
455
481
460
460
473
493
479
470
459
473
480
452
444
483
488
467
458
486
483
450
463
472
469
449
444
497
477
459
455
493
524
454
454
484
463
456
454
473
483
455
463
480
490
449
457
478
475
465
469
486
480
450
463
483
487
453
467
475
472
474
452
471
483
460
449
481
493
442
446
472
475
451
451
489
481
450
458
473
457
464
436
474
483
452
463
471
475
460
448
476
482
464
453
485
474
452
450
472
486
452
447
478
480
444
455
489
473
456
444
470
471
456
462
468
474
462
458
467
470
467
450
484
489
453
445
484
494
456
473
489
465
458
461
500
487
459
454
482
486
456
452
489
471
454
445
489
468
467
465
461
468
464
446
481
469
433
481
484
481
451
458
469
481
449
453
478
464
459
460
487
497
443
455
496
470
458
461
487
464
458
454
469
482
442
464
482
488
448
444
482
478
447
448
480
476
465
453
485
485
454
460
494
476
457
455
504
467
453
447
482
479
456
444
476
486
461
449
476
479
464
436
483
478
463
473
496
490
462
447
478
475
454
446
485
472
456
453
490
477
450
451
479
462
459
455
477
482
461
455
484
467
453
442
482
478
458
462
485
469
450
456
477
464
456
460
479
466
450
455
482
477
460
443
486
479
463
449
479
476
442
448
480
465
461
450
474
483
454
459
475
479
449
452
492
469
461
461
500
471
456
443
503
474
450
457
463
475
458
448
487
465
462
447
477
491
448
481
474
486
453
457
467
489
454
463
474
480
453
439
488
469
448
454
484
480
470
446
470
488
455
447
467
483
458
459
478
492
457
445
460
471
465
461
473
477
449
442
464
473
457
452
480
479
455
445
474
465
454
458
476
478
462
461
474
472
447
449
477
510
457
458
469
469
462
452
473
471
444
467
473
461
467
459
468
468
459
451
468
474
452
446
478
470
459
443
472
480
456
450
461
459
451
443
464
471
464
451
475
478
454
452
466
477
467
454
464
471
453
448
475
506
449
454
475
470
464
448
492
470
477
447
479
484
465
451
466
474
444
452
486
462
451
446
474
471
452
459
479
465
466
452
494
466
460
475
463
475
460
454
494
462
459
462
484
470
458
448
468
481
452
459
481
467
457
448
463
477
447
444
460
469
458
485
469
469
458
462
466
475
456
451
476
470
456
453
474
470
453
455
473
470
469
450
467
467
452
469
470
465
446
453
458
462
458
440
470
472
455
459
473
462
461
456
469
473
448
452
471
483
448
451
463
459
453
451
469
470
449
450
470
492
459
477
485
463
451
445
480
466
454
457
483
469
461
453
472
465
463
462
469
465
456
466
461
465
453
459
467
471
452
451
484
461
445
455
484
480
456
449
500
484
467
460
479
470
464
452
474
474
472
447
471
490
451
450
459
480
446
454
473
464
468
456
476
477
456
444
485
475
453
444
472
493
457
451
480
478
447
460
486
480
462
449
481
473
454
439
454
483
459
441
471
479
445
454
465
461
466
460
482
459
456
442
477
466
454
444
471
463
466
451
468
454
441
454
452
458
466
464
475
460
463
455
466
464
443
451
479
464
466
463
468
486
458
458
471
461
475
464
470
467
470
467
471
476
466
470
461
475
463
464
469
485
457
447
481
493
461
459
471
484
462
446
478
461
454
478
482
489
465
451
469
480
469
458
463
464
469
462
480
475
450
462
471
482
456
438
466
488
452
456
468
482
469
458
470
456
460
445
471
469
460
446
480
482
459
440
467
465
457
442
482
479
451
453
498
478
472
453
468
476
450
462
481
468
456
447
470
473
462
444
466
483
465
461
505
464
465
448
480
463
455
449
473
475
455
453
472
487
457
452
460
470
456
448
472
462
458
454
486
466
448
450
452
460
464
441
494
465
457
458
472
474
451
448
471
473
456
464
471
466
448
451
475
465
460
451
475
456
459
450
471
486
451
450
481
472
469
472
484
467
460
448
466
474
448
450
464
492
460
469
459
480
463
462
474
473
466
459
472
473
449
460
481
479
450
462
472
490
448
449
470
485
459
446
469
466
463
446
464
475
463
467
471
478
458
457
476
472
465
450
468
485
446
464
467
467
464
447
481
477
457
439
475
466
460
453
467
466
457
453
481
472
465
469
473
472
470
446
464
460
469
454
466
479
446
441
469
488
459
448
462
482
457
457
468
473
456
467
478
482
476
444
468
488
454
464
475
472
450
446
482
474
450
452
475
483
452
452
470
486
469
454
481
482
450
451
482
482
465
465
488
475
464
458
471
473
465
451
465
459
452
459
479
468
467
453
463
463
450
455
479
474
452
453
494
478
454
471
485
479
456
446
478
471
449
464
480
470
445
466
472
475
452
457
470
472
454
457
477
479
448
473
474
465
461
444
468
472
463
451
464
466
453
451
484
477
449
455
488
462
450
464
462
467
453
462
458
490
466
466
469
466
453
453
455
469
449
464
479
465
475
446
471
458
465
454
501
475
447
448
475
475
474
463
466
483
451
450
492
476
474
457
461
467
456
463
381
381
380
381
381
381
380
381
477
462
382
379
380
0
0

