;UFOS3
;Measurement details: channel = S, date = 02.06.2018, time = 15:27:34
Exposure=460
Gain=0
Temperature=27.0
Accummulate=4
2.573 mu
2.628 amas
22.439 hs
0 ozone
0 uva
0 uvb
0 uve
[Value]
0
380
379
379
380
382
381
380
428
432
487
470
439
443
491
455
456
429
498
469
461
439
511
472
467
441
501
475
460
466
507
494
462
449
508
486
472
438
488
480
450
444
510
492
468
442
508
487
461
448
489
490
442
453
503
477
435
452
506
476
461
442
483
473
457
441
510
475
458
443
510
478
440
459
506
481
458
441
487
477
455
453
500
470
451
452
495
485
440
448
519
492
447
456
506
496
443
435
507
488
437
448
497
484
450
450
505
475
454
447
500
478
448
460
501
482
447
449
495
474
449
455
507
478
459
459
493
486
455
445
488
473
452
443
497
500
446
460
493
469
469
455
492
482
447
450
497
494
440
490
504
486
441
445
506
481
475
446
497
496
436
440
487
483
471
473
490
485
471
443
503
476
465
475
497
482
443
461
507
472
443
444
495
490
463
451
514
483
459
462
490
506
441
463
486
477
458
458
506
478
455
449
500
485
459
445
490
467
457
450
511
478
440
464
492
479
446
439
490
504
469
445
500
473
461
460
512
478
449
434
501
472
439
455
494
484
449
453
476
477
473
448
488
484
450
464
495
469
471
451
494
476
452
451
489
508
457
465
502
480
448
499
505
479
458
434
481
481
460
436
487
473
443
462
503
488
450
454
496
486
455
446
493
499
461
436
506
464
458
453
498
499
455
447
481
486
451
446
499
482
463
446
499
484
467
461
485
474
457
433
492
485
476
449
493
487
457
455
497
477
445
454
499
477
446
457
486
475
462
450
510
477
457
453
501
473
475
434
505
503
453
450
488
494
445
460
512
488
453
450
496
480
442
457
479
469
447
452
492
475
474
451
494
481
472
450
510
476
464
456
487
482
463
456
485
489
454
448
491
477
459
446
506
475
450
460
485
471
453
448
493
487
444
444
490
467
456
440
494
515
459
447
503
501
454
447
519
466
462
450
493
475
456
443
483
476
477
458
486
475
456
463
487
484
448
440
503
468
463
450
494
473
445
436
506
491
437
457
507
490
462
459
480
494
438
450
493
483
456
432
494
463
450
476
491
472
463
464
499
491
471
443
492
478
458
453
488
485
443
456
488
500
458
439
501
469
456
472
499
480
471
459
504
470
453
454
490
478
450
458
486
473
459
447
500
472
463
447
527
473
472
458
499
474
444
473
486
490
450
447
504
473
461
442
485
474
451
472
494
479
456
457
494
467
455
449
489
485
453
483
505
480
458
457
488
486
464
458
490
488
460
460
474
482
464
450
487
476
449
440
487
467
467
452
485
481
475
466
499
479
446
455
501
481
459
467
497
492
455
450
488
471
459
446
496
491
458
462
495
474
454
453
486
482
450
452
496
479
456
465
496
477
451
474
510
462
462
450
491
472
470
466
495
475
460
454
491
462
454
457
497
472
450
466
494
477
441
462
489
475
470
450
502
470
452
455
511
472
441
462
488
483
506
449
501
470
452
443
477
474
448
445
478
480
441
450
482
460
475
466
487
464
458
441
479
478
447
440
489
477
456
457
490
472
465
462
497
481
457
439
499
469
458
457
491
468
461
465
496
466
454
448
495
466
467
447
489
478
459
461
508
464
459
432
479
479
454
450
482
473
463
453
468
467
451
450
480
476
448
445
495
479
450
464
480
460
452
467
483
482
454
452
492
485
450
463
481
480
468
471
481
486
467
616
485
491
480
457
478
475
457
462
488
463
451
459
491
460
465
458
500
480
466
460
486
461
465
452
489
476
456
458
482
501
469
442
487
474
446
453
495
486
463
459
488
465
456
464
474
483
452
465
487
474
463
460
480
468
462
456
489
470
457
448
502
471
461
464
470
481
462
457
502
467
466
461
492
471
450
456
489
472
459
455
492
469
463
464
489
469
474
453
486
474
483
464
479
481
461
463
489
489
473
468
490
482
457
449
477
469
482
466
482
477
455
462
482
478
452
466
488
471
466
466
487
471
449
453
501
484
474
474
482
476
457
452
477
466
465
463
492
486
470
457
492
482
472
494
491
467
469
463
486
484
461
471
482
486
465
470
497
474
463
463
481
485
477
467
491
471
464
465
489
481
472
473
489
492
466
460
497
475
470
483
489
480
475
470
494
485
464
468
498
480
490
465
505
483
475
473
491
494
476
474
495
486
504
457
498
481
491
464
494
500
471
474
505
496
463
469
502
523
480
471
488
491
494
479
499
480
489
488
499
486
501
481
502
493
493
475
502
485
483
477
492
484
510
484
496
487
492
493
501
492
485
487
508
498
473
476
514
501
508
482
512
494
499
503
510
507
492
491
517
521
508
501
528
530
512
510
536
526
521
521
531
527
520
510
542
535
531
507
533
538
507
518
526
515
510
513
546
531
521
521
539
538
532
535
552
541
528
548
552
555
542
543
552
546
545
543
540
551
562
558
583
567
543
560
579
561
563
550
571
577
556
545
570
566
561
557
579
576
564
547
573
575
568
556
577
549
556
565
591
585
578
579
588
575
585
562
598
576
589
561
599
601
570
564
588
578
602
580
602
586
591
582
604
607
585
600
609
593
594
596
623
622
606
597
622
597
600
602
614
608
601
584
604
587
578
594
597
582
573
588
579
604
598
585
596
600
602
587
605
600
610
596
622
635
627
628
649
641
644
644
658
665
658
654
674
667
670
687
688
677
681
675
705
685
688
686
705
690
686
681
725
684
696
692
691
679
681
669
671
665
654
660
674
656
674
653
672
657
672
671
693
681
692
679
704
704
699
715
733
770
743
746
760
768
781
749
759
767
750
754
775
758
757
746
813
763
764
749
755
759
746
746
756
751
762
764
777
772
774
779
798
793
818
797
833
831
856
839
864
864
869
876
893
891
894
911
904
911
906
912
916
909
908
902
917
911
887
885
904
880
872
855
866
873
860
862
879
880
871
861
892
877
893
882
903
886
923
897
913
905
917
890
908
891
896
883
898
896
897
862
863
851
849
836
857
819
811
821
818
823
826
806
849
839
850
831
845
827
862
856
883
867
894
888
914
889
917
880
904
904
909
912
915
927
932
925
926
944
951
937
986
955
958
970
1007
980
983
976
992
990
1007
995
986
976
989
978
982
974
975
963
981
963
958
960
976
960
969
954
985
964
967
967
981
975
997
986
1026
1015
1016
1041
1073
1072
1079
1109
1107
1118
1125
1132
1160
1164
1198
1181
1199
1202
1208
1212
1231
1224
1231
1237
1221
1229
1229
1227
1234
1239
1239
1227
1246
1250
1236
1215
1247
1231
1226
1242
1236
1232
1240
1221
1226
1223
1223
1214
1210
1199
1215
1198
1182
1200
1187
1179
1206
1197
1206
1203
1216
1211
1228
1208
1225
1235
1244
1239
1232
1241
1244
1212
1232
1233
1218
1211
1240
1241
1248
1246
1285
1281
1295
1299
1338
1348
1381
1402
1426
1443
1478
1492
1518
1527
1557
1546
1602
1617
1646
1636
1673
1662
1683
1664
1698
1685
1681
1715
1747
1714
1709
1730
1703
1694
1694
1690
1672
1685
1668
1663
1650
1625
1615
1586
1556
1535
1542
1507
1499
1487
1469
1430
1424
1393
1408
1380
1386
1362
1386
1363
1369
1370
1387
1388
1414
1400
1420
1422
1417
1416
1435
1450
1449
1460
1502
1464
1474
1447
1477
1460
1481
1463
1455
1460
1445
1439
1424
1436
1418
1401
1392
1369
1339
1334
1331
1341
1320
1331
1344
1321
1331
1316
1346
1354
1382
1396
1401
1427
1430
1432
1445
1434
1440
1425
1411
1397
1394
1369
1373
1356
1340
1338
1336
1339
1314
1305
1303
1303
1309
1304
1288
1297
1284
1289
1333
1315
1343
1341
1358
1369
1393
1409
1404
1421
1442
1437
1469
1452
1432
1453
1442
1431
1433
1443
1445
1451
1451
1457
1466
1461
1491
1471
1497
1486
1505
1501
1503
1520
1539
1573
1568
1561
1580
1567
1558
1529
1529
1495
1463
1438
1415
1397
1381
1371
1369
1355
1339
1341
1365
1330
1353
1357
1357
1363
1370
1388
1424
1404
1410
1413
1410
1420
1429
1426
1413
1401
1390
1345
1366
1358
1338
1354
1359
1358
1376
1373
1421
1419
1470
1481
1510
1511
1552
1562
1557
1561
1570
1578
1584
1583
1602
1592
1611
1603
1593
1612
1608
1595
1578
1586
1587
1582
1629
1625
1637
1622
1650
1684
1721
1738
1754
1763
1761
1764
1781
1771
1778
1778
1762
1759
1724
1743
1728
1716
1720
1737
1732
1734
1742
1739
1741
1742
1738
1746
1752
1773
1803
1817
1830
1841
1883
1872
1911
1902
1902
1912
1905
1897
1880
1863
1851
1831
1814
1776
1776
1737
1733
1733
1714
1717
1716
1707
1713
1702
1716
1707
1725
1705
1732
1691
1694
1695
1685
1669
1648
1650
1657
1644
1657
1634
1647
1614
1634
1647
1651
1642
1673
1653
1687
1660
1681
1685
1696
1697
1711
1697
1699
1707
1704
1702
1702
1693
1688
1683
1662
1640
1656
1643
1655
1635
1666
1641
1656
1663
1660
1662
1679
1706
1659
1661
1662
1648
1660
1681
1657
1647
1661
1639
1653
1630
1611
1608
1609
1573
1572
1522
1524
1495
1470
1467
1439
1398
1401
1368
1356
1314
1298
1291
1281
1280
1278
1272
1275
1256
1283
1288
1294
1298
1317
1356
1393
1391
1433
1454
1461
1457
1496
1500
1487
1506
1499
1533
1543
1532
1572
1540
1582
1539
1574
1562
1560
1567
1531
1550
1548
1535
1542
1542
1540
1525
1539
1519
1528
1514
1510
1510
1523
1524
1533
1520
1535
1530
1558
1543
1549
1558
1603
1598
1632
1642
1659
1694
1688
1713
1708
1723
1738
1703
1714
1700
1714
1691
1712
1686
1669
1646
1632
1613
1612
1602
1613
1582
1590
1581
1581
1583
1590
1585
1602
1621
1620
1626
1647
1657
1669
1678
1692
1713
1718
1739
1746
1751
1769
1758
1788
1787
1809
1781
1789
1784
1768
1786
1785
1782
1781
1747
1747
1756
1729
1708
1719
1696
1695
1662
1660
1647
1647
1622
1621
1645
1622
1641
1681
1701
1721
1732
1766
1806
1802
1816
1878
1860
1884
1911
1933
1979
1995
1990
2046
2072
2091
2107
2142
2132
2140
2102
2112
2089
2086
2059
2036
2013
2007
1990
1995
1963
1944
1920
1919
1920
1897
1872
1866
1872
1858
1842
1858
1848
1850
1856
1886
1878
1912
1908
1923
1911
1901
1902
1904
1909
1911
1898
1910
1908
1918
1907
1875
1832
1816
1791
1764
1736
1701
1713
1698
1690
1679
1684
1702
1696
1742
1724
1793
1749
1787
1783
1825
1846
1889
1872
1900
1929
1946
1950
1939
1938
1925
1914
1905
1911
1888
1884
1912
1920
1929
1933
1959
1957
1965
1966
1979
1977
2001
1965
1985
1991
1969
1952
1985
1978
1987
1961
1995
1972
1934
1964
1937
1927
1927
1912
1920
1924
1898
1893
1898
1911
1885
1868
1892
1880
1880
1855
1872
1863
1868
1866
1875
1897
1897
1866
1883
1861
1842
1838
1846
1821
1820
1799
1831
1795
1793
1784
1809
1801
1810
1785
1783
1749
1723
1740
1720
1699
1682
1665
1674
1661
1632
1604
1591
1563
1536
1480
1494
1447
1448
1426
1411
1401
1413
1435
1471
1468
1492
1483
1501
1517
1531
1532
1568
1600
1598
1626
1640
1639
1647
1619
1640
1618
1600
1556
1563
1542
1528
1516
1514
1484
1451
1420
1426
1406
1367
1343
1364
1355
1341
1322
1349
1343
1364
1362
1417
1428
1441
1475
1518
1549
1547
1577
1643
1669
1720
1724
1785
1858
1846
1888
1921
1953
1956
1991
2035
2027
2056
2048
2079
2100
2126
2123
2147
2152
2131
2136
2151
2148
2137
2110
2104
2084
2066
2058
2059
2019
2035
2007
2025
1970
1932
1913
1912
1879
1846
1857
1859
1846
1831
1832
1850
1836
1836
1857
1864
1868
1881
1875
1905
1928
1921
1948
1976
1962
1960
1941
1949
1932
1894
1877
1887
1874
1856
1891
1919
1921
1941
1923
1955
1942
1959
1983
2018
2081
2090
2148
2216
2273
2319
2334
2386
2416
2428
2401
2410
2393
2347
2326
2330
2315
2274
2249
2248
2225
2179
2163
2137
2116
2086
2059
2055
2050
2041
2024
2067
2077
2097
2134
2193
2255
2246
2261
2306
2301
2302
2325
2337
2334
2294
2295
2294
2304
2283
2259
2285
2268
2223
2192
2191
2176
2129
2132
2123
2110
2112
2082
2118
2107
2113
2115
2164
2161
2177
2171
2213
2210
2181
2180
2210
2224
2255
2219
2257
2292
2277
2288
2319
2333
2327
2327
2362
2348
2348
2359
2419
2419
2414
2425
2441
2438
2432
2427
2440
2399
2377
2377
2388
2357
2362
2318
2332
2303
2300
2280
2272
2272
2268
2274
2302
2302
2271
2281
2312
2301
2296
2296
2324
2323
2304
2287
2319
2323
2294
2307
2314
2312
2276
2247
2264
2211
2192
2159
2179
2148
2111
2097
2099
2078
2043
2026
2053
2041
2025
1992
1998
1989
1968
1977
2000
2015
2011
1999
2025
2016
2048
2052
2087
2097
2088
2111
2133
2159
2158
2176
2216
2225
2219
2234
2282
2296
2273
2273
2303
2305
2292
2293
2314
2305
2325
2280
2317
2323
2324
2321
2396
2373
2377
2367
2363
2368
2358
2323
2315
2329
2286
2266
2262
2227
2167
2159
2145
2131
2069
2035
2048
2055
2014
2006
2040
2028
2040
2023
2089
2116
2160
2163
2203
2207
2293
2290
2364
2377
2399
2432
2468
2455
2418
2385
2382
2368
2313
2255
2260
2215
2165
2113
2112
2069
2063
2038
2070
2061
2066
2072
2074
2053
2053
2065
2130
2193
2194
2234
2268
2312
2303
2325
2390
2378
2355
2351
2344
2320
2262
2234
2211
2192
2126
2091
2070
2035
1982
1915
1907
1850
1791
1764
1778
1755
1718
1726
1753
1762
1761
1803
1870
1886
1951
2007
2083
2101
2128
2144
2174
2187
2149
2149
2163
2159
2095
2022
2000
1929
1854
1845
1841
1842
1814
1824
1908
1917
1939
1965
2076
2175
2160
2225
2322
2365
2432
2474
2553
2588
2586
2619
2648
2653
2616
2610
2612
2591
2558
2543
2528
2492
2424
2398
2379
2350
2274
2254
2259
2226
2228
2218
2233
2248
2232
2209
2232
2241
2203
2202
2232
2252
2220
2223
2295
2304
2301
2321
2351
2349
2380
2367
2438
2484
2467
2492
2545
2576
2564
2550
2590
2605
2609
2615
2673
2689
2680
2702
2737
2757
2728
2722
2764
2795
2766
2779
2841
2834
2808
2786
2785
2770
2741
2702
2682
2660
2615
2586
2562
2515
2465
2418
2422
2413
2349
2305
2322
2320
2237
2234
2243
2183
2158
2155
2188
2163
2129
2113
2118
2105
2049
2032
2045
2002
1969
1941
1973
1951
1927
1935
1940
1951
1962
1947
2017
2026
2012
2069
2097
2123
2108
2133
2174
2196
2183
2191
2250
2235
2239
2237
2273
2297
2237
2241
2288
2262
2230
2219
2227
2187
2155
2152
2134
2126
2058
2046
2031
2023
1954
1927
1955
1942
1875
1852
1858
1821
1765
1717
1742
1733
1676
1682
1709
1683
1648
1642
1678
1616
1598
1563
1585
1559
1514
1476
1509
1517
1489
1471
1498
1510
1495
1457
1508
1488
1457
1453
1455
1442
1406
1379
1414
1412
1381
1378
1422
1402
1392
1391
1429
1405
1373
1371
1392
1368
1366
1346
1377
1387
1376
1387
1437
1447
1452
1469
1541
1564
1566
1597
1655
1668
1672
1717
1770
1792
1841
1870
1917
1935
1938
1955
2000
1984
1982
1966
2015
2007
1998
1978
2016
2009
1968
1963
2013
1982
1971
1945
1953
1951
1897
1900
1908
1902
1846
1827
1868
1817
1777
1753
1794
1740
1721
1709
1790
1773
1761
1782
1812
1832
1853
1860
1919
1913
1915
1913
1957
1986
1979
2042
2070
2084
2048
2047
2052
2056
2003
1994
1967
1935
1871
1848
1904
1912
1892
1899
1932
1939
1925
1898
1930
1946
1909
1915
1954
1985
1979
1999
2027
2053
2031
2002
2018
2021
1998
1982
1993
1988
1966
1943
1951
1931
1906
1887
1936
1924
1908
1896
1924
1898
1877
1886
1905
1927
1953
1959
2004
2014
1995
2011
2060
2129
2080
2099
2151
2173
2204
2212
2249
2268
2271
2320
2346
2355
2361
2358
2364
2361
2351
2338
2357
2355
2350
2323
2341
2326
2325
2299
2311
2308
2269
2239
2234
2212
2197
2182
2208
2206
2203
2198
2210
2226
2195
2200
2223
2236
2239
2247
2284
2319
2322
2344
2397
2449
2410
2415
2455
2446
2454
2438
2473
2431
2432
2403
2398
2395
2360
2299
2278
2252
2170
2158
2163
2121
2112
2085
2096
2075
2034
2039
2049
1998
1976
1942
1972
1914
1890
1881
1831
1816
1767
1739
1747
1668
1619
1590
1562
1506
1445
1382
1349
1306
1236
1199
1183
1135
1093
1053
1056
1051
1011
1003
1018
1031
1031
1079
1077
1105
1124
1158
1199
1244
1259
1282
1322
1334
1331
1338
1376
1397
1406
1439
1476
1514
1546
1551
1593
1618
1633
1670
1693
1707
1704
1743
1770
1786
1810
1796
1844
1862
1857
1870
1877
1865
1859
1835
1838
1848
1820
1830
1862
1876
1840
1858
1862
1863
1863
1860
1864
1852
1823
1798
1805
1814
1750
1734
1715
1662
1624
1597
1599
1552
1503
1473
1464
1401
1352
1302
1280
1224
1191
1152
1139
1107
1077
1076
1051
1053
1034
1035
1046
1057
1048
1066
1125
1121
1140
1179
1251
1276
1293
1310
1389
1414
1418
1436
1499
1526
1566
1601
1663
1708
1754
1758
1802
1852
1822
1844
1872
1921
1900
1923
1955
1950
1956
1941
1975
1980
1948
1946
1994
1988
1968
1964
2012
2049
2021
2021
2070
2084
2049
2084
2124
2107
2099
2081
2118
2099
2083
2069
2060
2072
2037
2002
2038
2062
2044
2049
2067
2052
2069
2054
2084
2062
2066
2078
2132
2133
2137
2125
2153
2140
2152
2133
2142
2124
2110
2125
2115
2129
2134
2130
2140
2110
2115
2110
2119
2119
2103
2114
2148
2147
2153
2172
2188
2218
2201
2203
2226
2213
2236
2233
2216
2201
2189
2165
2181
2196
2198
2216
2219
2234
2231
2240
2238
2256
2232
2199
2242
2259
2243
2218
2244
2241
2226
2215
2250
2228
2221
2249
2241
2256
2222
2192
2195
2199
2167
2151
2147
2133
2124
2103
2104
2087
2056
2043
2044
2034
2006
1966
1989
1999
1967
1961
1982
1998
2024
2026
2058
2040
2062
2050
2106
2111
2110
2101
2146
2150
2127
2093
2109
2073
2035
1971
1973
1931
1875
1867
1897
1879
1877
1846
1850
1859
1833
1845
1867
1843
1819
1808
1844
1852
1852
1841
1877
1905
1898
1896
1952
1885
1890
1866
1887
1862
1841
1818
1823
1808
1779
1769
1785
1788
1751
1744
1748
1746
1727
1701
1705
1692
1668
1654
1676
1649
1625
1622
1614
1629
1615
1584
1643
1595
1589
1591
1607
1607
1589
1573
1603
1607
1586
1606
1604
1598
1580
1577
1598
1585
1579
1551
1578
1542
1540
1514
1528
1565
1490
1467
1499
1487
1485
1476
1494
1478
1471
1462
1470
1485
1447
1449
1461
1500
1459
1467
1452
1478
1465
1459
1484
1496
1488
1482
1507
1511
1485
1492
1529
1509
1485
1491
1505
1530
1480
1488
1508
1531
1495
1481
1497
1475
1469
1428
1447
1444
1422
1402
1395
1384
1371
1354
1360
1342
1327
1295
1298
1300
1231
1233
1224
1211
1193
1170
1205
1203
1165
1157
1187
1187
1180
1177
1206
1199
1194
1192
1218
1219
1222
1244
1258
1267
1273
1242
1258
1265
1285
1269
1304
1308
1274
1276
1308
1326
1292
1275
1296
1326
1299
1301
1314
1311
1283
1293
1293
1289
1280
1245
1275
1303
1275
1286
1290
1282
1262
1262
1289
1271
1249
1241
1253
1249
1207
1212
1233
1256
1244
1227
1262
1258
1221
1220
1244
1240
1220
1211
1233
1210
1190
1175
1183
1187
1182
1165
1181
1173
1171
1179
1201
1187
1183
1172
1185
1192
1185
1199
1220
1218
1197
1203
1246
1218
1190
1209
1216
1206
1179
1152
1181
1172
1153
1170
1172
1166
1136
1165
1170
1176
1150
1150
1163
1162
1153
1157
1175
1177
1151
1182
1184
1168
1162
1136
1157
1150
1146
1133
1137
1133
1123
1111
1148
1137
1103
1116
1155
1125
1118
1123
1129
1129
1122
1133
1125
1164
1144
1146
1156
1150
1142
1139
1135
1152
1130
1144
1155
1132
1150
1111
1140
1119
1123
1109
1157
1118
1079
1082
1091
1089
1085
1066
1069
1080
1045
1043
1081
1071
1060
1032
1034
1020
958
766
377
381
378
379
377
378
379
377
1104
1069
377
378
378
0
0

