;UFOS3
;Measurement details: channel = Z-D, date = 02.06.2018, time = 15:56:54
Exposure=535
Gain=0
Temperature=26.4
Accummulate=4
3.02 mu
3.083 amas
18.815 hs
325 ozone
0 uva
0 uvb
0 uve
[Value]
0
0
-1
-1
-1
0
1
2
-3
1
-1
-2
-2
-1
-2
-3
-2
-3
-1
-4
0
-2
-1
0
1
-3
0
2
1
1
-1
-1
0
-2
-1
0
2
1
3
-3
-1
-2
2
1
2
-1
-1
-2
4
-1
2
0
-2
0
0
-2
-2
-2
0
-1
0
1
1
-3
0
2
0
1
1
-1
1
0
0
0
0
3
-2
2
4
0
-1
-3
2
2
1
1
0
0
2
0
2
1
-1
-1
3
3
3
0
-3
2
5
-1
-2
0
0
0
-2
2
0
3
1
-2
1
0
4
0
1
2
1
0
2
4
-1
-1
-1
-2
3
-2
-3
2
-1
2
0
-2
2
1
4
4
0
2
-1
-1
3
3
-1
1
3
0
1
2
2
2
1
1
-1
0
0
0
-2
1
0
1
0
0
-4
1
0
-1
2
1
1
1
0
1
2
0
2
-1
1
2
1
-3
4
3
3
2
1
0
2
-2
3
0
-1
0
0
-1
1
1
-1
-3
1
-2
0
2
0
-1
2
0
0
2
0
5
-2
-1
-1
1
4
3
-1
-1
2
0
1
-2
1
-2
2
-1
0
-1
-3
1
-1
1
4
1
-2
0
1
-1
3
-1
1
-2
0
0
0
-2
2
3
1
2
1
3
-1
0
2
-1
-2
0
3
0
0
2
1
2
-2
-1
2
-1
3
0
-2
1
4
2
0
-1
0
-1
2
2
2
1
1
-1
-2
-1
2
2
2
1
2
1
2
2
1
-2
-1
0
1
2
3
1
2
-3
3
1
-1
-1
3
1
-1
2
2
0
2
1
3
1
2
-2
1
3
1
0
5
0
0
1
3
0
1
-1
2
2
1
2
1
3
3
-1
0
4
-1
4
1
1
4
-1
3
-1
1
2
1
2
2
0
5
4
4
2
0
3
3
1
0
1
1
1
1
0
2
3
3
4
2
0
-1
3
1
0
1
3
3
3
-1
-1
0
1
3
-1
3
2
2
1
1
2
2
6
1
1
-2
3
3
3
-1
1
0
3
3
2
2
2
0
0
-2
2
2
3
2
1
0
2
1
2
-2
1
0
2
2
0
0
3
4
1
1
2
3
-1
0
1
4
3
0
0
2
2
1
-2
3
0
4
1
1
3
1
4
3
3
0
2
1
1
1
2
0
-3
2
1
2
3
0
2
2
2
2
1
2
3
0
4
0
-1
4
0
1
-1
2
-1
0
4
1
6
3
4
2
1
-5
2
4
1
4
4
0
3
2
2
3
1
-2
1
3
-3
4
0
5
3
2
2
3
4
2
0
4
3
2
1
1
4
3
0
5
3
1
2
3
3
4
4
2
2
1
5
4
-2
4
4
0
1
1
2
5
2
2
1
1
2
3
1
4
1
5
5
1
4
1
4
4
2
4
1
0
3
4
4
4
0
3
-1
3
2
4
4
4
2
4
3
4
2
4
4
4
4
2
5
6
6
5
-1
4
3
2
1
1
0
6
4
3
3
3
4
5
5
2
4
4
8
0
1
2
3
6
3
5
2
3
-1
-1
1
4
4
4
3
0
7
4
5
7
1
5
-2
4
5
5
1
0
4
6
5
6
6
3
3
4
3
4
5
6
3
7
4
5
9
1
3
5
6
1
5
5
4
4
6
5
4
1
3
5
0
4
5
5
3
1
2
3
3
3
0
0
7
4
2
5
2
5
3
2
2
4
7
1
4
8
7
4
6
4
5
2
3
1
4
3
5
4
5
4
3
4
2
6
5
3
1
7
6
7
5
6
4
5
7
3
5
3
4
3
3
3
2
4
7
3
5
1
4
3
2
7
5
6
5
5
5
5
5
7
2
4
2
8
6
4
3
5
2
3
5
7
7
4
3
4
6
6
3
5
8
4
7
7
4
6
4
4
5
6
6
8
2
9
7
9
3
8
6
6
5
7
7
6
8
8
8
8
7
7
6
8
6
5
5
6
3
6
1
5
7
6
5
5
5
6
8
6
9
9
6
9
7
10
9
7
9
6
8
9
6
7
8
8
7
8
9
12
6
8
7
6
7
10
12
10
11
10
11
9
10
9
9
11
10
10
11
11
8
8
8
12
12
10
9
14
10
12
10
15
11
16
15
16
12
17
13
16
16
13
12
15
17
16
17
18
21
21
19
18
19
17
17
19
17
21
18
18
23
17
18
20
18
16
20
19
19
23
20
21
17
24
21
24
20
23
21
21
22
24
24
26
25
27
25
27
26
30
28
32
31
34
30
33
36
29
35
40
34
35
37
40
38
41
39
42
39
43
40
41
43
46
43
44
45
43
46
45
47
48
50
49
48
48
46
46
45
49
48
46
47
47
48
46
49
52
47
52
50
46
50
49
49
50
53
57
56
55
55
61
62
61
63
62
63
67
65
69
69
69
69
70
72
73
76
76
76
79
80
89
87
89
87
94
97
96
98
102
107
111
112
122
120
123
126
128
129
135
137
143
144
143
151
153
152
155
155
160
157
164
161
166
167
168
166
172
168
171
173
172
171
176
175
178
178
181
184
186
189
193
192
193
198
198
203
207
206
213
214
214
214
221
221
229
238
231
237
239
240
240
242
247
242
244
245
247
247
246
244
246
246
249
248
257
250
255
258
266
273
272
275
280
282
291
294
294
297
296
295
299
294
299
300
303
303
299
303
304
305
309
319
314
315
323
327
338
349
351
365
365
374
377
377
375
378
377
371
373
367
370
352
345
339
340
325
318
321
308
302
299
299
299
299
299
303
311
311
320
324
331
342
346
356
368
385
395
405
415
420
429
430
435
445
452
458
465
472
469
482
485
491
499
497
504
512
520
513
519
523
534
541
534
536
533
529
525
513
501
499
498
481
476
473
467
469
474
470
471
472
484
486
495
499
511
520
529
543
564
589
609
623
643
654
676
685
694
700
700
698
698
703
712
698
706
691
687
683
683
676
676
666
673
670
662
671
678
677
687
693
699
714
718
733
745
753
766
783
799
820
835
843
865
886
905
917
935
953
966
978
991
1001
1015
1013
1015
1014
997
986
981
962
951
938
926
910
902
893
887
868
860
861
857
853
870
872
882
893
897
908
927
931
941
944
944
954
958
965
967
956
964
942
942
932
919
898
879
853
836
815
798
778
766
764
755
753
756
757
765
771
777
773
785
790
792
802
825
828
840
856
862
869
894
909
920
935
941
948
970
976
988
1003
1006
1019
1027
1036
1042
1051
1053
1069
1053
1057
1059
1054
1059
1052
1042
1037
1032
1033
1026
1018
1008
994
993
986
984
978
987
984
988
986
993
992
983
990
1002
995
992
1014
1013
1029
1044
1060
1089
1103
1124
1144
1171
1185
1216
1228
1248
1256
1281
1302
1304
1316
1322
1322
1324
1328
1326
1329
1346
1347
1365
1369
1373
1383
1397
1402
1409
1421
1436
1445
1454
1470
1465
1473
1471
1481
1482
1480
1478
1465
1471
1471
1461
1454
1442
1421
1423
1421
1412
1408
1405
1411
1420
1429
1438
1446
1454
1458
1458
1448
1447
1457
1458
1459
1465
1462
1473
1478
1496
1494
1494
1495
1503
1513
1530
1534
1569
1578
1605
1626
1649
1669
1694
1731
1749
1773
1816
1843
1872
1898
1923
1952
1982
2005
2031
2040
2053
2063
2061
2041
2038
2031
2017
2014
1996
1994
1989
1972
1975
1980
1972
1981
1981
1982
1972
1950
1948
1921
1910
1888
1871
1857
1841
1804
1778
1741
1722
1684
1667
1647
1632
1633
1625
1611
1595
1571
1547
1511
1497
1470
1453
1446
1447
1442
1439
1436
1438
1433
1458
1462
1491
1521
1545
1569
1598
1614
1646
1648
1667
1666
1668
1673
1664
1648
1658
1642
1641
1632
1634
1618
1605
1593
1583
1572
1570
1569
1569
1552
1546
1549
1557
1559
1572
1578
1583
1589
1587
1575
1574
1570
1555
1538
1529
1510
1505
1485
1457
1451
1448
1444
1439
1441
1425
1412
1404
1400
1407
1384
1389
1386
1399
1410
1424
1444
1469
1475
1504
1536
1557
1564
1582
1587
1609
1605
1608
1604
1589
1591
1587
1586
1602
1603
1614
1595
1619
1624
1622
1619
1638
1645
1651
1656
1687
1688
1707
1721
1723
1720
1727
1729
1712
1682
1672
1644
1599
1571
1528
1506
1480
1463
1447
1438
1426
1419
1427
1427
1430
1436
1439
1439
1449
1462
1481
1500
1523
1526
1539
1554
1555
1561
1557
1529
1516
1486
1465
1438
1419
1399
1391
1389
1402
1416
1437
1464
1499
1532
1581
1603
1634
1684
1703
1727
1738
1743
1745
1775
1783
1813
1813
1823
1834
1828
1833
1831
1819
1819
1826
1829
1834
1858
1869
1887
1883
1907
1928
1962
1993
2016
2028
2036
2033
2041
2033
2013
2004
1998
1938
1928
1914
1875
1847
1840
1840
1828
1844
1864
1872
1878
1892
1908
1925
1953
1981
2015
2065
2096
2133
2154
2194
2207
2220
2217
2225
2212
2207
2195
2184
2175
2158
2153
2119
2101
2076
2065
2045
2015
1998
1965
1951
1945
1946
1943
1927
1926
1918
1891
1885
1867
1850
1822
1811
1806
1803
1798
1804
1785
1787
1781
1779
1782
1782
1789
1797
1801
1802
1821
1840
1842
1860
1870
1880
1888
1893
1885
1896
1886
1893
1889
1870
1872
1856
1836
1824
1816
1814
1802
1792
1794
1803
1798
1822
1808
1826
1824
1828
1826
1805
1800
1798
1786
1798
1800
1803
1797
1799
1773
1764
1757
1734
1703
1686
1667
1635
1600
1567
1530
1481
1452
1419
1393
1358
1320
1292
1258
1250
1227
1222
1208
1206
1207
1211
1220
1237
1256
1290
1317
1365
1400
1444
1477
1512
1534
1554
1582
1609
1610
1635
1646
1670
1680
1701
1706
1730
1723
1730
1732
1746
1737
1730
1721
1712
1696
1664
1671
1659
1638
1635
1619
1627
1611
1604
1585
1603
1598
1599
1600
1603
1614
1616
1630
1642
1657
1682
1691
1706
1734
1757
1781
1807
1821
1837
1847
1848
1845
1850
1836
1833
1837
1830
1834
1824
1798
1796
1755
1751
1741
1724
1724
1711
1721
1718
1705
1705
1705
1720
1719
1737
1728
1733
1743
1745
1748
1763
1756
1768
1775
1789
1792
1796
1818
1823
1843
1844
1852
1873
1862
1857
1855
1841
1838
1833
1841
1839
1845
1834
1834
1847
1868
1871
1874
1874
1847
1835
1811
1794
1774
1775
1779
1790
1803
1821
1836
1869
1877
1914
1944
1974
1999
2028
2058
2083
2118
2150
2186
2214
2246
2276
2299
2337
2346
2348
2334
2336
2315
2286
2265
2248
2243
2227
2223
2231
2214
2198
2173
2152
2136
2115
2094
2068
2065
2048
2055
2046
2057
2044
2054
2069
2073
2099
2109
2124
2135
2167
2167
2180
2191
2197
2212
2215
2205
2188
2159
2117
2072
2021
1963
1913
1861
1824
1786
1784
1782
1768
1789
1785
1801
1817
1840
1852
1876
1894
1903
1912
1938
1941
1966
1995
2022
2055
2065
2080
2091
2090
2086
2076
2072
2048
2035
2004
2026
2023
2022
2028
2032
2047
2040
2052
2065
2065
2071
2078
2086
2110
2123
2132
2151
2166
2190
2198
2194
2181
2163
2147
2138
2124
2110
2110
2105
2094
2078
2048
2027
2008
1988
1972
1957
1943
1931
1915
1902
1879
1867
1859
1854
1849
1832
1813
1796
1742
1726
1725
1693
1686
1680
1688
1690
1707
1711
1741
1769
1778
1762
1758
1744
1728
1712
1704
1691
1689
1680
1667
1663
1658
1627
1593
1569
1532
1510
1473
1440
1420
1396
1377
1372
1380
1391
1407
1416
1424
1418
1425
1430
1422
1426
1432
1420
1431
1443
1460
1461
1464
1460
1454
1439
1420
1391
1379
1376
1368
1355
1343
1338
1300
1284
1254
1229
1194
1172
1172
1159
1162
1161
1164
1175
1193
1210
1247
1281
1310
1335
1384
1414
1437
1466
1492
1537
1584
1621
1680
1723
1768
1817
1861
1897
1927
1950
1984
2006
2015
2027
2034
2039
2055
2067
2083
2084
2091
2067
2059
2045
2027
2004
2003
1976
1948
1917
1908
1900
1884
1859
1836
1807
1757
1726
1697
1671
1651
1649
1649
1661
1666
1676
1680
1682
1696
1706
1729
1743
1766
1789
1800
1807
1840
1857
1879
1890
1875
1843
1836
1828
1805
1778
1772
1747
1741
1749
1765
1762
1763
1766
1759
1752
1765
1786
1812
1852
1915
1945
2010
2063
2103
2151
2201
2226
2259
2273
2258
2239
2207
2181
2163
2132
2108
2079
2074
2041
2002
1968
1943
1922
1895
1872
1863
1855
1856
1870
1890
1906
1947
1982
2033
2073
2110
2127
2152
2155
2179
2163
2171
2148
2120
2079
2054
2020
2005
1974
1940
1926
1894
1855
1827
1799
1779
1748
1746
1741
1736
1734
1744
1755
1769
1786
1824
1834
1858
1871
1901
1907
1921
1953
1975
2011
2049
2059
2076
2108
2120
2141
2157
2176
2196
2214
2206
2220
2222
2231
2233
2220
2224
2207
2201
2201
2200
2194
2183
2175
2162
2158
2140
2133
2114
2086
2079
2062
2053
2032
2017
1990
1970
1959
1959
1938
1935
1924
1915
1901
1877
1884
1880
1877
1886
1887
1878
1860
1872
1866
1865
1867
1864
1855
1846
1831
1820
1801
1798
1792
1785
1771
1771
1764
1743
1745
1736
1728
1730
1717
1710
1690
1695
1673
1668
1656
1659
1649
1655
1656
1670
1662
1701
1695
1716
1736
1748
1772
1788
1808
1834
1855
1879
1903
1929
1930
1942
1956
1959
1970
1969
1968
1960
1939
1925
1905
1875
1851
1827
1808
1815
1802
1808
1789
1795
1773
1771
1764
1762
1758
1752
1751
1719
1712
1684
1656
1632
1627
1619
1609
1614
1601
1612
1611
1638
1650
1680
1720
1741
1804
1836
1859
1889
1903
1925
1938
1972
1997
2005
2004
1992
1981
1963
1948
1914
1906
1873
1838
1799
1771
1745
1703
1686
1664
1649
1648
1643
1644
1648
1622
1615
1602
1595
1582
1591
1588
1574
1573
1565
1551
1557
1577
1595
1619
1647
1648
1670
1682
1671
1659
1640
1619
1583
1579
1551
1527
1490
1438
1411
1356
1341
1323
1330
1340
1356
1365
1401
1441
1490
1514
1563
1617
1657
1704
1730
1751
1771
1790
1805
1804
1795
1785
1759
1724
1697
1656
1612
1560
1535
1490
1466
1445
1441
1440
1455
1459
1465
1489
1513
1548
1578
1628
1667
1695
1741
1756
1780
1806
1848
1851
1894
1900
1902
1905
1932
1919
1914
1910
1892
1873
1870
1837
1821
1816
1797
1783
1794
1803
1796
1783
1791
1802
1820
1841
1851
1857
1864
1850
1866
1859
1856
1852
1867
1889
1908
1906
1939
1943
1964
1977
1983
1989
1996
2009
2024
2030
2048
2061
2081
2084
2095
2119
2134
2149
2165
2163
2194
2191
2181
2208
2213
2202
2218
2230
2241
2246
2241
2230
2235
2215
2195
2181
2158
2149
2112
2081
2045
2011
1968
1946
1916
1894
1861
1814
1786
1767
1730
1699
1672
1663
1648
1624
1625
1618
1592
1576
1571
1563
1550
1531
1515
1496
1478
1462
1460
1436
1439
1434
1425
1434
1439
1460
1470
1481
1492
1495
1516
1530
1548
1560
1593
1614
1627
1646
1652
1663
1650
1653
1660
1663
1653
1654
1645
1621
1611
1585
1568
1552
1542
1516
1510
1487
1473
1453
1453
1442
1432
1410
1408
1381
1367
1344
1321
1293
1273
1247
1229
1208
1191
1172
1169
1152
1145
1136
1128
1122
1106
1079
1075
1056
1026
1004
1000
980
964
949
948
953
941
935
935
914
907
891
892
891
873
868
869
873
869
861
867
868
867
858
870
865
859
849
853
841
841
841
833
842
843
854
869
882
890
911
930
954
969
993
999
1031
1041
1065
1100
1129
1147
1174
1204
1223
1257
1267
1276
1286
1289
1289
1298
1306
1309
1306
1313
1301
1312
1312
1310
1289
1277
1252
1245
1239
1239
1243
1232
1230
1222
1217
1206
1198
1191
1174
1155
1138
1117
1106
1119
1145
1144
1151
1154
1173
1174
1173
1190
1195
1204
1235
1267
1292
1315
1325
1341
1361
1364
1353
1357
1353
1326
1305
1299
1283
1270
1252
1229
1207
1209
1192
1213
1214
1226
1228
1241
1237
1239
1247
1261
1266
1298
1312
1316
1324
1320
1311
1316
1318
1304
1310
1299
1295
1290
1281
1271
1267
1261
1253
1258
1244
1249
1233
1225
1222
1214
1219
1217
1207
1223
1238
1226
1237
1252
1254
1286
1285
1305
1310
1320
1341
1373
1375
1404
1417
1441
1462
1462
1484
1496
1506
1518
1520
1505
1505
1533
1528
1535
1546
1553
1553
1545
1530
1521
1506
1513
1510
1496
1467
1455
1448
1438
1435
1421
1407
1402
1397
1385
1380
1399
1397
1429
1446
1462
1471
1494
1526
1533
1527
1554
1540
1558
1574
1570
1566
1566
1547
1559
1545
1536
1519
1496
1505
1485
1446
1438
1420
1390
1364
1351
1321
1298
1280
1265
1245
1222
1198
1182
1161
1127
1101
1092
1072
1057
1036
1014
1002
978
956
925
887
843
802
753
700
664
634
610
574
547
524
506
488
469
456
453
447
445
446
445
460
468
487
499
514
542
568
584
610
624
642
657
668
677
705
722
739
768
789
801
823
841
861
870
882
900
906
918
927
945
956
969
983
997
1006
1017
1031
1042
1042
1049
1057
1061
1060
1066
1063
1062
1054
1055
1048
1044
1037
1035
1024
1018
1019
1009
998
990
977
962
941
927
907
888
868
843
821
794
757
720
686
650
620
593
561
536
513
509
488
477
464
452
444
437
430
433
433
445
441
459
473
490
510
529
555
576
599
625
657
681
718
746
784
806
833
868
893
896
926
951
966
977
990
996
1006
1008
1016
1015
1014
1017
1011
1014
1033
1036
1031
1042
1043
1042
1046
1054
1058
1067
1080
1094
1104
1119
1120
1136
1145
1153
1158
1168
1165
1161
1173
1162
1175
1169
1177
1171
1157
1161
1149
1156
1161
1152
1154
1159
1166
1157
1165
1165
1178
1172
1188
1185
1189
1185
1194
1179
1161
1151
1141
1142
1144
1156
1160
1168
1161
1160
1172
1166
1166
1170
1170
1177
1179
1193
1196
1203
1197
1215
1221
1235
1234
1234
1241
1235
1233
1228
1221
1221
1213
1207
1212
1216
1222
1214
1223
1225
1214
1225
1214
1222
1207
1223
1208
1215
1202
1186
1188
1189
1199
1202
1205
1206
1212
1206
1206
1220
1210
1215
1197
1191
1178
1165
1160
1158
1143
1123
1092
1085
1069
1043
1047
1055
1050
1060
1065
1060
1066
1067
1077
1083
1078
1090
1090
1107
1108
1110
1103
1104
1120
1120
1122
1116
1103
1109
1089
1079
1063
1042
1020
1011
996
972
972
957
955
950
945
948
948
949
945
947
943
958
957
970
968
976
977
982
990
990
973
979
957
951
943
940
937
918
904
895
895
895
882
883
871
865
863
850
841
834
819
808
801
798
793
795
797
796
781
776
771
776
760
758
760
764
758
758
756
748
757
759
759
752
756
744
740
744
735
743
746
747
732
734
726
717
709
713
701
700
699
702
705
705
709
711
714
709
707
701
702
707
698
700
708
711
703
700
700
710
711
713
707
715
720
718
714
699
697
684
691
679
680
683
687
680
672
678
676
675
664
660
652
641
625
617
600
593
595
601
589
588
572
557
549
547
532
530
521
514
507
503
501
490
491
489
498
492
500
504
503
505
507
504
502
510
518
522
536
546
546
554
557
563
561
556
557
558
553
556
550
548
552
556
559
565
571
573
571
576
564
568
570
566
558
560
554
556
549
549
546
543
538
545
538
537
534
538
533
531
528
524
525
520
520
521
511
512
507
512
500
495
493
492
484
481
474
469
468
471
471
469
475
475
481
479
488
483
487
493
491
491
497
501
503
501
509
511
508
505
500
490
486
485
487
481
476
475
472
474
461
465
457
464
461
461
463
458
457
457
455
458
465
463
470
466
456
455
447
440
443
439
440
433
435
432
431
433
428
428
429
435
434
427
430
428
435
441
440
448
449
449
450
460
463
469
466
468
463
421
248
-2
-2
1
2
0
-2
-1
1
465
444
-3
1
-1
0
0

