;UFOS3
;Measurement details: channel = S-D, date = 02.06.2018, time = 15:47:46
Exposure=555
Gain=0
Temperature=26.6
Accummulate=4
2.865 mu
2.924 amas
19.937 hs
0 ozone
105576 uva
673 uvb
98 uve
[Value]
0
0
0
-2
-2
0
-1
2
-2
-2
0
-4
-3
0
3
-2
2
-4
-3
-4
-1
-2
2
0
-1
1
1
2
2
1
3
-4
3
0
3
3
3
2
4
-2
0
1
3
1
2
0
2
4
3
4
-2
-2
2
2
2
2
2
2
2
0
5
-2
2
1
3
2
2
2
2
3
2
4
0
4
2
-2
2
1
5
1
1
0
-1
3
-2
-1
1
2
3
3
1
0
0
3
2
0
2
0
1
2
2
3
0
-2
1
3
1
3
3
1
1
0
-1
3
5
3
0
0
2
0
2
5
3
0
0
6
-2
2
-2
-1
2
1
1
1
5
1
1
0
3
1
1
2
2
0
0
2
2
2
2
4
3
1
1
2
1
5
0
1
2
4
1
-3
2
2
4
5
6
0
1
4
5
4
2
2
4
3
2
1
1
1
1
0
0
3
1
-2
2
2
4
2
4
2
4
1
-2
0
1
-1
1
3
1
2
2
2
4
-2
2
2
0
3
-3
2
0
3
0
-2
2
5
-1
4
3
0
0
1
4
2
0
3
3
-1
0
1
2
1
2
2
1
4
0
0
2
2
0
2
4
-2
2
-1
4
1
1
1
2
1
3
2
3
2
3
1
0
0
1
2
0
2
1
1
1
2
2
0
2
0
2
0
3
2
3
1
2
-2
3
2
0
3
2
0
2
2
2
1
0
1
4
1
4
2
1
3
0
2
0
2
2
3
2
2
0
0
2
7
1
4
0
1
0
1
3
4
-1
0
4
4
4
3
-1
-1
5
-1
4
1
1
1
1
0
4
2
1
2
2
1
0
2
0
0
2
3
3
-1
5
1
2
3
2
1
-1
-1
2
0
0
2
0
3
1
2
2
-1
5
2
3
2
2
3
2
-2
1
3
4
4
3
3
2
3
4
-1
6
3
0
4
3
0
1
2
3
1
2
0
6
3
1
3
4
0
4
2
3
1
0
1
3
0
3
4
2
1
3
1
4
2
4
1
4
2
4
0
1
1
5
1
4
2
3
1
2
0
4
3
2
2
5
2
2
2
1
1
2
5
8
2
2
3
-1
4
1
2
3
2
2
1
2
3
0
3
6
1
4
1
3
2
4
0
2
0
0
2
1
3
4
3
0
-1
2
3
1
3
4
3
1
4
-1
4
3
2
4
0
4
2
3
4
4
4
2
3
3
5
1
3
0
1
1
3
2
2
2
3
0
2
3
1
3
3
0
3
3
1
3
3
2
2
2
0
4
1
1
2
4
1
2
6
3
1
3
4
5
3
3
4
2
1
6
2
4
3
-1
2
4
1
3
2
4
1
4
4
2
3
3
6
2
1
5
3
3
3
6
2
3
4
4
0
1
-2
2
3
3
2
3
2
5
5
1
5
1
4
2
3
2
3
5
1
3
2
4
4
6
7
5
2
4
5
3
4
3
4
4
4
2
5
0
-1
3
3
5
2
5
3
3
2
5
3
6
5
4
1
6
5
6
2
4
2
3
5
4
1
5
1
5
2
4
5
4
6
3
2
3
3
3
3
4
4
4
2
4
3
2
6
3
7
2
2
6
3
6
4
2
1
5
4
4
1
5
3
6
2
6
5
5
3
4
1
3
4
3
4
3
6
4
2
5
5
3
3
5
5
4
3
6
2
3
3
6
5
5
3
8
6
5
5
7
5
4
6
2
4
6
5
4
6
3
8
3
4
4
8
3
5
6
2
2
4
4
6
4
4
7
3
7
5
4
3
7
7
7
7
5
1
4
5
6
8
4
6
5
5
3
3
5
6
7
8
5
10
5
3
5
6
6
3
5
7
6
6
5
6
6
6
4
7
5
4
8
6
2
5
2
5
8
8
7
7
5
4
7
7
7
7
5
3
5
5
6
6
7
8
5
5
8
6
5
6
2
6
2
4
7
6
8
8
5
6
4
10
8
8
8
6
6
10
10
7
6
7
8
5
8
7
7
6
6
7
9
8
9
11
6
9
8
7
10
10
10
7
11
9
8
7
9
7
8
7
9
8
9
8
9
8
6
12
8
8
10
5
8
8
11
11
7
11
11
9
13
12
12
11
9
7
10
10
13
14
11
10
11
13
12
12
14
12
18
14
10
14
12
15
13
14
15
16
13
16
18
16
17
15
17
16
15
14
18
14
19
13
21
16
17
21
17
17
21
20
16
17
19
16
20
18
18
18
17
20
22
21
22
20
21
16
23
21
23
20
20
23
21
18
22
17
23
24
21
22
22
21
25
24
25
20
25
20
26
23
24
26
29
25
23
25
26
31
26
27
29
30
31
29
35
35
37
37
40
40
40
41
44
45
47
48
48
50
52
48
55
57
53
54
57
55
57
58
60
57
61
56
58
58
54
57
55
55
57
55
57
54
55
61
55
60
66
63
68
67
67
68
73
74
72
77
80
80
81
86
81
88
87
85
93
90
91
90
95
94
92
93
94
92
92
93
91
91
94
89
88
93
91
89
93
91
91
94
98
95
98
101
102
103
108
107
110
109
113
107
108
109
111
111
114
111
111
109
109
110
117
111
115
116
118
114
123
122
122
128
131
135
135
136
138
138
134
133
138
134
132
132
129
127
128
120
121
119
117
113
116
119
115
117
117
117
118
121
124
128
131
131
136
141
145
147
154
161
164
167
168
169
173
180
186
189
190
192
199
195
203
207
212
211
214
216
224
217
217
221
223
219
223
221
225
220
217
213
212
205
201
197
196
194
189
189
191
187
189
186
191
191
196
199
205
206
215
224
232
237
244
260
262
274
279
284
289
287
291
287
290
290
288
287
290
291
287
282
290
283
290
283
281
283
282
281
284
290
292
292
299
305
311
316
322
328
338
344
357
359
364
375
386
394
400
404
412
419
422
432
440
440
435
446
443
444
447
435
436
427
412
421
410
412
403
396
396
398
396
393
396
405
405
407
414
412
426
426
435
435
440
434
429
434
435
429
433
429
422
421
419
411
403
397
389
384
376
371
363
359
352
349
348
355
358
357
367
368
371
372
381
380
389
395
405
404
417
424
430
434
445
448
447
448
457
457
460
468
466
469
470
482
486
485
499
504
502
507
517
520
520
532
533
537
534
526
527
521
519
511
516
505
501
501
495
497
492
496
499
494
503
490
493
494
503
506
517
528
525
531
543
548
559
576
593
598
609
632
641
652
662
675
695
700
718
730
741
743
748
755
755
761
775
770
772
770
773
767
778
766
774
774
786
780
775
776
774
770
769
772
770
778
771
768
770
770
760
752
750
744
746
734
739
735
724
728
732
733
733
736
743
748
746
750
752
763
760
768
764
765
768
760
768
761
766
763
770
771
779
785
806
814
833
856
876
890
917
937
951
988
1015
1030
1049
1068
1101
1112
1140
1150
1184
1193
1210
1216
1221
1216
1227
1232
1239
1251
1278
1276
1272
1275
1270
1244
1243
1238
1230
1221
1209
1194
1178
1162
1136
1116
1108
1085
1065
1056
1041
1011
1003
969
968
952
943
923
918
903
912
912
911
915
921
926
946
943
960
955
965
966
984
987
988
1004
1019
1010
1014
1012
1019
1018
1017
1012
1000
1001
994
981
979
971
957
944
926
907
900
885
884
876
878
876
879
874
874
877
890
905
918
940
955
967
978
979
986
980
972
967
964
939
933
918
906
894
884
880
879
880
862
846
844
843
841
837
835
835
827
834
853
860
879
895
910
920
944
953
963
977
991
997
1006
993
993
987
993
987
989
992
1006
999
1011
1009
1007
1014
1019
1017
1023
1033
1044
1051
1072
1069
1088
1105
1110
1119
1127
1121
1108
1079
1060
1040
1009
992
967
952
934
929
913
904
903
898
898
898
900
904
906
914
924
937
957
952
955
959
965
965
974
963
963
940
934
911
900
904
891
895
896
904
917
934
956
973
1012
1034
1057
1064
1091
1096
1097
1114
1115
1115
1132
1137
1163
1154
1161
1152
1160
1150
1148
1140
1143
1140
1143
1147
1159
1171
1186
1187
1203
1237
1257
1281
1299
1313
1317
1316
1331
1326
1332
1321
1318
1306
1293
1287
1289
1272
1270
1273
1275
1279
1285
1286
1291
1294
1293
1304
1316
1328
1343
1366
1389
1403
1428
1436
1449
1451
1451
1455
1442
1441
1424
1412
1400
1377
1357
1334
1313
1299
1283
1277
1259
1258
1251
1246
1252
1256
1259
1266
1271
1262
1266
1259
1242
1239
1219
1208
1202
1197
1202
1200
1187
1194
1181
1182
1176
1184
1189
1188
1199
1203
1209
1216
1225
1237
1246
1252
1260
1251
1242
1253
1243
1252
1247
1241
1226
1218
1216
1201
1194
1183
1184
1187
1192
1196
1205
1205
1215
1221
1224
1217
1213
1211
1203
1201
1202
1203
1203
1209
1208
1196
1188
1178
1158
1158
1147
1125
1103
1082
1060
1041
1015
1004
986
961
944
916
891
867
856
841
828
824
813
809
809
808
816
820
831
846
870
905
926
946
971
1000
1018
1026
1035
1036
1045
1041
1053
1060
1067
1074
1088
1087
1096
1099
1109
1099
1097
1099
1089
1096
1093
1084
1085
1087
1078
1071
1082
1062
1073
1066
1056
1060
1064
1070
1068
1073
1073
1072
1078
1095
1114
1119
1139
1149
1171
1195
1203
1226
1236
1248
1253
1254
1261
1246
1251
1235
1250
1233
1232
1220
1215
1197
1173
1161
1149
1145
1133
1134
1139
1116
1120
1126
1126
1139
1147
1154
1171
1180
1203
1199
1208
1232
1251
1255
1255
1274
1285
1289
1305
1318
1322
1320
1336
1326
1329
1327
1325
1318
1316
1307
1308
1302
1287
1274
1267
1252
1249
1241
1239
1212
1204
1189
1182
1172
1161
1173
1180
1186
1216
1233
1251
1278
1304
1323
1347
1365
1391
1411
1425
1459
1479
1507
1526
1545
1581
1612
1628
1649
1660
1662
1666
1638
1633
1618
1611
1596
1571
1560
1554
1529
1515
1512
1482
1474
1459
1438
1429
1418
1405
1403
1388
1386
1379
1387
1402
1397
1415
1422
1439
1448
1458
1448
1439
1435
1442
1433
1440
1451
1457
1446
1440
1423
1410
1377
1360
1320
1298
1272
1248
1238
1231
1231
1224
1230
1251
1243
1260
1273
1291
1291
1324
1324
1353
1374
1398
1422
1444
1455
1472
1478
1475
1472
1470
1455
1447
1436
1439
1444
1447
1457
1476
1474
1489
1491
1501
1508
1518
1522
1521
1506
1516
1508
1506
1502
1511
1503
1511
1505
1498
1489
1468
1463
1465
1455
1455
1452
1449
1447
1431
1425
1422
1434
1420
1410
1409
1409
1403
1386
1392
1404
1397
1414
1414
1424
1421
1413
1404
1389
1381
1375
1364
1355
1351
1340
1335
1330
1332
1327
1330
1327
1345
1322
1306
1286
1277
1261
1242
1223
1213
1204
1197
1189
1170
1140
1120
1093
1066
1035
1016
987
966
954
957
946
960
968
983
1003
1018
1017
1030
1049
1062
1072
1091
1115
1137
1157
1169
1167
1176
1166
1162
1142
1120
1097
1081
1071
1067
1051
1032
1019
1001
967
950
930
905
889
886
886
876
867
870
872
891
905
938
962
985
1011
1032
1059
1090
1117
1157
1192
1237
1266
1312
1354
1392
1416
1446
1483
1500
1509
1552
1560
1584
1584
1609
1623
1643
1651
1658
1670
1664
1669
1671
1658
1651
1639
1627
1609
1589
1584
1573
1561
1563
1538
1525
1498
1465
1438
1416
1391
1379
1372
1365
1362
1377
1366
1374
1372
1377
1380
1390
1395
1409
1410
1430
1443
1460
1478
1493
1483
1483
1466
1459
1454
1424
1407
1403
1394
1398
1411
1431
1444
1461
1446
1462
1467
1491
1501
1544
1577
1616
1671
1728
1775
1820
1863
1901
1919
1936
1928
1926
1901
1879
1851
1832
1822
1793
1782
1768
1735
1706
1675
1638
1619
1604
1575
1561
1565
1554
1557
1576
1594
1629
1653
1699
1732
1773
1792
1808
1818
1824
1834
1846
1850
1835
1820
1815
1810
1810
1798
1783
1773
1751
1720
1702
1683
1659
1661
1637
1623
1627
1620
1626
1620
1644
1637
1671
1676
1711
1709
1729
1716
1714
1712
1708
1727
1742
1753
1765
1780
1809
1820
1818
1833
1839
1861
1872
1866
1887
1896
1921
1930
1936
1937
1951
1960
1946
1937
1939
1906
1905
1900
1888
1871
1877
1863
1837
1818
1808
1785
1788
1786
1781
1793
1797
1792
1798
1807
1815
1801
1812
1816
1823
1830
1822
1821
1819
1827
1828
1827
1821
1819
1802
1767
1745
1723
1713
1688
1681
1654
1636
1620
1612
1577
1570
1560
1546
1525
1532
1521
1512
1507
1496
1505
1515
1511
1519
1525
1533
1541
1556
1569
1595
1607
1614
1636
1658
1668
1674
1692
1718
1730
1740
1766
1772
1782
1797
1799
1808
1810
1810
1818
1813
1811
1817
1812
1819
1826
1835
1841
1864
1871
1867
1884
1886
1859
1863
1849
1829
1820
1796
1783
1761
1727
1693
1659
1649
1616
1601
1585
1568
1555
1543
1525
1535
1533
1544
1553
1593
1623
1659
1681
1709
1733
1782
1808
1850
1882
1929
1956
1961
1951
1945
1908
1890
1851
1830
1776
1742
1709
1664
1635
1609
1581
1559
1558
1555
1572
1581
1578
1579
1564
1567
1587
1629
1676
1716
1740
1771
1797
1829
1844
1858
1872
1868
1851
1842
1823
1789
1744
1711
1675
1646
1609
1574
1541
1494
1445
1391
1347
1310
1294
1271
1247
1249
1236
1260
1252
1288
1319
1364
1406
1454
1503
1555
1602
1630
1663
1672
1685
1671
1680
1662
1638
1592
1536
1490
1425
1383
1355
1341
1338
1343
1347
1388
1414
1457
1491
1544
1623
1689
1739
1812
1877
1941
1990
2038
2065
2099
2105
2126
2118
2122
2108
2101
2072
2057
2040
2008
1975
1938
1900
1863
1822
1795
1749
1749
1721
1720
1729
1739
1728
1724
1725
1721
1712
1722
1724
1726
1734
1741
1747
1773
1794
1814
1829
1842
1867
1871
1895
1928
1964
1983
1993
2029
2058
2069
2062
2068
2073
2096
2125
2147
2165
2183
2203
2213
2215
2230
2237
2245
2257
2277
2278
2298
2309
2313
2307
2273
2243
2227
2195
2177
2143
2117
2079
2048
2002
1962
1935
1904
1881
1853
1831
1811
1774
1749
1723
1708
1685
1671
1656
1651
1640
1644
1612
1605
1586
1565
1546
1527
1494
1483
1459
1459
1440
1435
1428
1443
1452
1469
1478
1502
1520
1542
1553
1584
1602
1623
1637
1662
1685
1692
1700
1719
1731
1745
1738
1741
1751
1741
1748
1744
1735
1734
1719
1708
1680
1659
1655
1635
1610
1579
1545
1513
1487
1469
1447
1439
1420
1405
1377
1346
1312
1272
1242
1225
1208
1198
1194
1186
1174
1174
1151
1148
1127
1117
1097
1073
1059
1032
1019
1005
1013
1004
996
1010
1005
1000
1000
991
989
971
959
947
933
919
914
917
910
908
912
907
912
911
916
916
904
906
901
896
889
880
864
878
881
898
913
933
951
983
1001
1031
1057
1080
1108
1143
1165
1200
1227
1266
1307
1348
1368
1410
1432
1455
1468
1472
1478
1481
1483
1489
1497
1497
1496
1501
1488
1490
1491
1487
1484
1468
1456
1435
1431
1405
1401
1391
1384
1362
1347
1337
1315
1291
1269
1253
1239
1240
1240
1253
1268
1280
1295
1315
1341
1358
1383
1404
1406
1414
1417
1441
1471
1493
1513
1549
1564
1567
1552
1549
1524
1515
1484
1458
1420
1379
1363
1384
1405
1413
1411
1415
1416
1421
1419
1423
1418
1417
1430
1456
1463
1488
1497
1510
1537
1532
1519
1513
1512
1502
1479
1483
1478
1476
1458
1439
1424
1405
1399
1415
1406
1409
1420
1412
1399
1388
1388
1394
1415
1456
1470
1487
1508
1505
1524
1545
1567
1586
1607
1636
1663
1694
1704
1737
1758
1782
1804
1827
1845
1847
1842
1844
1853
1843
1833
1842
1838
1838
1835
1815
1813
1806
1802
1793
1785
1766
1737
1716
1704
1705
1696
1695
1693
1684
1697
1699
1701
1699
1702
1716
1718
1725
1747
1778
1801
1830
1861
1862
1889
1908
1906
1923
1925
1931
1939
1940
1904
1905
1903
1868
1869
1837
1803
1771
1729
1682
1663
1635
1611
1604
1599
1583
1557
1540
1544
1528
1494
1484
1441
1440
1414
1390
1358
1331
1295
1273
1238
1218
1167
1137
1107
1051
1005
964
904
851
802
765
716
684
644
616
595
583
560
549
546
546
548
558
580
593
623
651
680
716
746
784
809
833
845
851
863
880
903
920
955
977
1011
1046
1078
1086
1111
1146
1172
1193
1204
1228
1254
1276
1294
1312
1321
1334
1351
1360
1367
1361
1360
1347
1342
1330
1334
1328
1335
1354
1350
1349
1361
1355
1371
1363
1358
1360
1345
1328
1308
1285
1270
1249
1219
1196
1161
1131
1111
1091
1050
1015
980
957
903
869
820
789
736
709
677
643
620
600
594
584
569
564
563
556
571
580
594
619
643
670
705
742
774
810
831
864
908
922
955
986
1023
1066
1110
1159
1186
1236
1272
1291
1320
1337
1354
1379
1396
1403
1416
1433
1437
1450
1451
1448
1463
1448
1451
1452
1463
1457
1485
1494
1505
1516
1526
1543
1550
1549
1564
1574
1577
1586
1582
1583
1587
1579
1568
1559
1543
1536
1515
1520
1540
1542
1547
1557
1549
1545
1546
1559
1542
1571
1592
1602
1614
1632
1624
1629
1633
1634
1635
1625
1628
1611
1623
1614
1616
1621
1616
1606
1600
1607
1606
1607
1606
1611
1609
1619
1628
1641
1657
1666
1675
1688
1690
1708
1700
1713
1717
1689
1674
1664
1648
1662
1675
1674
1691
1706
1709
1700
1721
1721
1717
1714
1706
1703
1711
1717
1712
1712
1702
1725
1718
1707
1717
1709
1710
1711
1719
1705
1694
1673
1665
1643
1644
1629
1621
1607
1594
1584
1560
1555
1535
1519
1508
1492
1481
1475
1465
1461
1466
1475
1485
1502
1519
1537
1540
1557
1562
1576
1582
1589
1596
1611
1606
1609
1591
1586
1560
1523
1486
1449
1405
1378
1364
1364
1358
1357
1348
1340
1345
1342
1340
1344
1320
1323
1316
1331
1332
1356
1349
1362
1375
1385
1388
1388
1379
1379
1367
1363
1347
1332
1319
1308
1296
1281
1271
1261
1267
1258
1251
1241
1233
1221
1209
1189
1181
1173
1160
1156
1137
1137
1131
1125
1122
1117
1116
1110
1098
1100
1100
1103
1107
1102
1091
1094
1094
1100
1103
1092
1099
1086
1095
1086
1078
1077
1067
1063
1058
1047
1031
1025
1020
1002
991
991
985
982
972
978
976
980
974
970
973
963
962
969
968
968
965
960
960
972
957
970
984
1000
989
1003
1006
993
995
1009
998
996
1004
996
1005
996
1010
1002
1008
999
990
990
972
963
950
949
938
928
901
885
881
876
870
850
838
831
822
807
786
768
745
729
716
708
697
697
698
689
692
698
697
694
705
712
714
716
713
721
716
729
737
763
762
770
766
777
769
787
788
803
797
803
801
807
805
805
794
807
816
812
810
815
804
806
798
781
773
777
771
783
782
786
786
787
788
784
786
774
771
765
753
749
738
734
735
738
735
743
740
756
742
742
744
744
738
725
721
714
702
702
692
690
684
692
688
695
687
686
691
696
697
695
695
698
699
703
720
722
721
724
718
721
709
705
713
706
699
694
678
670
674
678
671
665
679
669
673
675
675
668
669
669
666
675
666
673
673
676
677
685
673
675
667
659
656
659
651
647
642
644
635
643
636
630
635
631
643
635
633
637
641
644
648
647
653
651
657
659
658
664
661
659
655
651
658
648
649
646
645
643
634
626
630
626
619
607
604
596
591
590
586
577
575
565
566
572
562
565
553
551
531
486
294
1
-2
1
0
0
0
-1
-2
601
584
0
-2
-1
0
0

