;UFOS3
;Measurement details: channel = Z, date = 02.06.2018, time = 15:46:40
Exposure=503
Gain=0
Temperature=26.7
Accummulate=4
2.848 mu
2.926 amas
20.072 hs
0 ozone
0 uva
0 uvb
0 uve
[Value]
0
378
378
379
379
378
378
379
427
434
485
472
437
446
488
458
457
429
501
473
464
438
512
473
467
440
499
474
460
467
507
494
457
449
508
486
475
438
489
480
449
443
516
494
469
444
509
490
458
447
487
491
441
455
502
481
436
453
504
478
463
442
484
475
455
443
508
477
456
441
510
477
445
462
507
479
456
442
486
479
459
454
501
470
451
454
496
485
440
449
520
495
448
459
506
497
447
435
508
489
435
452
498
484
452
452
502
476
454
450
500
477
447
459
503
481
447
453
493
472
450
457
510
479
459
458
493
485
453
446
487
475
453
444
495
501
449
458
496
470
470
454
494
482
446
454
498
492
440
492
504
487
441
448
507
484
478
447
495
496
435
441
488
481
470
475
490
484
472
444
502
478
465
477
497
482
442
466
506
471
444
446
496
491
464
449
515
485
458
465
490
507
442
462
488
477
457
457
506
478
456
449
503
486
459
446
494
464
457
450
512
478
440
466
490
480
449
443
491
506
468
447
498
474
461
458
513
478
447
434
500
471
440
457
496
485
446
454
475
478
475
448
490
486
452
464
497
471
468
452
493
480
454
452
491
510
459
465
502
480
447
504
505
480
462
435
482
484
460
435
486
473
441
464
502
488
450
455
495
489
455
448
493
500
457
438
506
469
459
455
499
503
453
449
483
486
453
445
500
484
468
445
497
485
465
463
483
473
457
436
494
487
478
446
493
488
458
457
497
479
446
456
498
477
444
458
487
478
463
453
510
481
455
454
502
476
476
436
506
506
454
448
488
494
442
460
511
491
454
452
500
483
442
455
479
468
446
450
494
475
474
453
498
480
473
451
510
477
463
457
486
483
465
457
483
491
452
450
492
480
460
445
509
477
450
461
485
472
455
449
495
491
444
446
490
468
456
441
493
519
462
446
504
505
453
452
520
469
465
452
491
476
453
441
483
480
477
458
487
474
457
462
486
484
448
442
502
467
465
450
496
476
446
434
507
492
438
459
507
490
463
457
481
496
440
449
494
486
457
434
496
464
449
480
493
470
463
465
498
492
473
445
493
479
457
454
489
486
445
458
489
503
460
440
499
468
456
475
501
484
475
461
505
470
451
456
490
479
453
461
486
473
460
448
502
472
464
450
528
470
471
457
500
475
443
478
487
490
450
449
503
473
464
444
485
475
449
475
490
476
456
458
493
469
455
449
492
483
456
482
509
480
459
460
488
486
464
460
494
491
460
460
476
485
467
453
492
477
448
441
487
467
470
453
484
479
477
467
500
477
448
456
501
483
457
468
499
490
458
451
490
474
457
447
497
492
458
465
497
474
455
456
487
485
453
457
499
481
459
465
501
480
453
477
512
460
465
447
489
472
471
467
496
473
461
458
492
463
456
457
495
473
449
466
490
477
441
464
491
478
471
453
504
471
455
458
514
470
444
463
488
482
510
449
503
472
449
445
481
476
448
446
479
484
442
448
483
461
477
465
487
465
459
441
480
480
444
441
488
479
455
460
490
475
467
464
497
482
457
443
502
471
458
457
493
468
462
466
498
467
452
449
495
465
465
446
490
479
460
464
506
464
458
433
479
480
454
449
482
472
464
456
467
466
451
449
481
478
449
447
497
484
453
462
478
463
452
467
484
482
455
450
493
490
452
464
482
480
469
474
483
487
467
631
485
491
480
460
480
477
456
459
488
462
453
462
491
459
463
459
499
482
468
463
485
462
468
451
489
479
454
458
482
504
466
443
487
476
447
454
495
487
465
461
490
464
458
467
471
484
453
465
489
474
463
462
480
471
465
456
490
470
459
450
502
473
463
466
471
480
463
461
502
470
465
463
490
477
448
456
491
472
457
456
491
469
466
464
491
466
476
457
484
473
485
464
480
484
465
462
491
486
470
470
492
488
460
450
479
472
486
471
483
480
456
462
485
480
452
468
490
477
470
472
490
473
452
456
502
485
474
477
482
478
458
455
482
470
466
469
494
491
473
462
495
484
479
501
491
471
475
468
492
487
466
476
485
493
472
479
506
483
469
472
490
496
486
475
498
478
472
471
499
490
482
480
498
501
474
468
503
483
478
488
497
483
482
476
500
492
471
476
507
491
498
478
513
489
483
482
499
501
488
486
506
498
519
470
512
498
507
480
510
517
489
493
528
516
483
492
523
547
503
496
511
517
518
507
523
505
513
512
526
511
528
508
528
521
519
504
528
513
509
505
521
512
540
509
521
512
518
522
524
517
513
510
532
521
498
498
538
524
530
506
532
522
522
524
531
527
510
510
537
541
528
520
548
548
527
530
556
545
545
544
558
555
546
540
571
566
569
540
570
582
554
571
577
572
570
583
614
601
592
595
613
617
616
615
636
622
614
637
642
643
629
635
641
637
638
629
629
639
647
645
670
662
629
647
672
651
650
642
666
674
658
649
673
670
670
672
694
686
683
669
692
700
690
686
712
683
692
702
732
729
712
718
729
719
724
700
743
720
733
704
749
748
715
716
733
729
749
732
747
743
745
734
759
765
741
758
767
763
765
773
794
792
775
770
799
776
778
780
797
797
784
773
797
791
782
803
810
803
799
815
818
841
840
841
856
864
867
852
864
855
858
840
858
867
846
835
844
824
811
802
809
807
785
771
791
778
768
787
789
778
783
786
812
802
806
813
837
839
843
852
908
883
902
912
920
919
934
929
945
949
941
952
970
962
987
968
994
981
999
1007
1023
1009
1021
1007
1021
1025
1010
1020
1024
1051
1009
999
1004
996
1002
955
968
969
945
945
974
953
955
950
1026
976
990
984
1003
1006
1008
1029
1047
1064
1089
1102
1134
1139
1148
1158
1184
1175
1192
1167
1199
1188
1207
1186
1194
1187
1177
1176
1177
1167
1168
1182
1161
1156
1144
1160
1167
1162
1176
1180
1214
1217
1209
1228
1267
1253
1271
1269
1295
1323
1331
1345
1384
1390
1408
1402
1445
1441
1466
1461
1487
1488
1528
1502
1512
1507
1503
1469
1485
1456
1442
1422
1433
1407
1403
1372
1368
1357
1343
1348
1367
1331
1339
1363
1367
1382
1389
1376
1426
1427
1433
1423
1449
1430
1455
1452
1470
1452
1468
1442
1456
1416
1419
1363
1355
1326
1313
1295
1281
1277
1259
1245
1232
1241
1248
1232
1279
1249
1245
1267
1294
1269
1274
1275
1296
1304
1331
1334
1346
1346
1370
1390
1415
1422
1439
1431
1465
1462
1468
1476
1502
1490
1521
1504
1541
1527
1536
1532
1538
1530
1542
1528
1551
1526
1516
1527
1532
1522
1505
1515
1497
1485
1476
1469
1471
1468
1489
1467
1474
1462
1473
1467
1477
1476
1487
1493
1476
1498
1506
1522
1545
1567
1581
1577
1614
1642
1650
1653
1716
1719
1734
1752
1762
1784
1804
1793
1811
1817
1813
1795
1811
1811
1829
1835
1831
1854
1855
1861
1891
1885
1900
1902
1924
1922
1956
1944
1957
1963
1965
1972
1970
1975
1968
1946
1966
1951
1936
1923
1934
1917
1919
1893
1923
1908
1898
1885
1907
1912
1937
1948
1948
1944
1966
1947
1949
1949
1956
1922
1959
1955
1979
1970
1986
1983
1993
1971
2011
2003
1992
2039
2062
2052
2068
2130
2136
2157
2180
2209
2231
2268
2286
2330
2364
2377
2425
2448
2463
2479
2522
2523
2548
2548
2555
2530
2525
2502
2509
2481
2483
2464
2474
2466
2467
2454
2470
2471
2488
2450
2466
2440
2433
2400
2396
2376
2359
2338
2344
2298
2267
2219
2207
2158
2163
2131
2132
2125
2107
2098
2075
2070
2040
2002
1981
1953
1927
1924
1926
1936
1914
1909
1925
1911
1947
1937
1977
1999
2025
2052
2072
2111
2113
2137
2156
2151
2162
2154
2139
2139
2136
2110
2115
2109
2103
2093
2083
2076
2057
2054
2042
2040
2044
2022
2014
2030
2029
2024
2070
2050
2066
2062
2050
2053
2041
2042
2015
2008
1996
1975
1989
1949
1919
1941
1926
1907
1909
1899
1896
1884
1870
1874
1876
1859
1873
1864
1895
1889
1905
1916
1940
1956
1992
2031
2046
2039
2049
2061
2081
2069
2085
2080
2067
2068
2059
2064
2063
2076
2085
2079
2078
2086
2110
2085
2105
2110
2111
2129
2143
2163
2211
2176
2191
2199
2201
2201
2196
2170
2145
2120
2083
2020
1992
1971
1943
1938
1927
1907
1894
1881
1907
1873
1904
1898
1911
1905
1941
1941
1950
1961
1994
2003
2016
2016
2026
2022
2015
1987
1982
1967
1939
1913
1877
1874
1859
1842
1898
1890
1918
1928
1969
2020
2059
2094
2125
2152
2172
2193
2205
2211
2234
2237
2262
2284
2267
2296
2293
2295
2285
2312
2298
2295
2296
2304
2309
2328
2331
2351
2355
2375
2405
2430
2457
2477
2509
2494
2518
2515
2496
2492
2473
2470
2420
2404
2372
2356
2339
2306
2313
2287
2297
2322
2343
2360
2375
2388
2399
2414
2456
2488
2543
2560
2608
2612
2656
2684
2708
2702
2686
2692
2694
2672
2683
2648
2644
2611
2595
2573
2557
2536
2533
2487
2487
2424
2412
2407
2409
2402
2412
2386
2379
2373
2357
2357
2339
2304
2294
2274
2275
2259
2277
2250
2244
2244
2255
2250
2245
2261
2246
2261
2278
2320
2290
2312
2325
2334
2351
2380
2359
2352
2359
2349
2360
2344
2340
2343
2337
2312
2302
2256
2282
2259
2253
2275
2273
2259
2292
2273
2300
2286
2282
2294
2278
2262
2274
2270
2276
2260
2272
2283
2267
2241
2235
2225
2220
2163
2161
2142
2092
2043
2051
2001
1946
1925
1891
1883
1845
1783
1770
1727
1749
1679
1706
1677
1674
1694
1651
1691
1708
1719
1756
1801
1823
1863
1919
1936
1983
1999
2015
2045
2068
2075
2094
2097
2147
2146
2182
2176
2174
2182
2217
2203
2216
2200
2196
2205
2167
2176
2148
2141
2153
2099
2114
2094
2087
2063
2086
2059
2056
2059
2062
2066
2074
2076
2091
2075
2118
2129
2141
2165
2175
2191
2231
2257
2261
2289
2303
2322
2315
2304
2308
2315
2308
2304
2299
2294
2296
2256
2282
2234
2231
2196
2193
2189
2180
2192
2192
2171
2183
2165
2185
2208
2199
2187
2204
2191
2210
2207
2220
2225
2244
2237
2260
2275
2271
2281
2309
2317
2314
2317
2348
2351
2332
2300
2332
2299
2298
2304
2319
2327
2307
2288
2314
2338
2342
2340
2348
2324
2330
2271
2281
2245
2251
2247
2256
2271
2299
2316
2343
2362
2379
2403
2447
2480
2493
2524
2563
2602
2631
2657
2692
2714
2738
2768
2813
2803
2827
2802
2792
2781
2767
2744
2719
2716
2710
2687
2687
2689
2690
2658
2632
2591
2588
2553
2547
2530
2507
2526
2521
2516
2506
2511
2528
2531
2581
2569
2643
2594
2637
2625
2643
2669
2690
2673
2691
2677
2665
2627
2570
2542
2486
2431
2368
2335
2285
2251
2264
2241
2241
2240
2256
2254
2286
2301
2328
2335
2370
2355
2384
2406
2404
2424
2471
2494
2531
2530
2567
2572
2546
2590
2551
2532
2508
2495
2489
2506
2485
2492
2503
2514
2510
2496
2529
2544
2546
2534
2556
2566
2575
2581
2592
2625
2653
2636
2690
2651
2642
2623
2636
2603
2607
2583
2618
2576
2550
2531
2545
2498
2484
2449
2454
2418
2390
2417
2393
2378
2344
2325
2333
2329
2306
2286
2290
2270
2233
2192
2209
2171
2175
2150
2143
2140
2159
2187
2216
2229
2256
2228
2230
2219
2193
2174
2180
2181
2143
2155
2141
2121
2118
2079
2084
2049
2013
1966
1954
1915
1884
1870
1855
1843
1843
1840
1867
1889
1886
1867
1902
1902
1884
1872
1893
1893
1910
1896
1946
1936
1928
1929
1930
1919
1878
1845
1867
1849
1841
1796
1815
1830
1753
1739
1719
1691
1656
1642
1654
1622
1637
1616
1626
1634
1655
1678
1722
1753
1763
1797
1839
1877
1909
1926
1961
2008
2037
2102
2148
2165
2225
2264
2347
2358
2383
2427
2464
2498
2490
2504
2516
2519
2517
2520
2557
2537
2541
2538
2530
2516
2499
2457
2471
2447
2401
2394
2382
2356
2337
2327
2313
2282
2223
2183
2167
2147
2107
2112
2126
2141
2148
2134
2175
2149
2153
2174
2204
2236
2224
2251
2285
2299
2325
2319
2353
2359
2353
2297
2303
2290
2263
2243
2249
2232
2216
2204
2231
2249
2232
2241
2232
2241
2247
2243
2289
2331
2379
2405
2488
2532
2579
2624
2672
2727
2719
2728
2738
2710
2683
2657
2633
2608
2550
2541
2542
2521
2471
2422
2435
2392
2358
2330
2348
2338
2316
2331
2356
2367
2420
2437
2516
2543
2573
2582
2645
2623
2644
2609
2645
2638
2590
2545
2543
2506
2504
2433
2422
2405
2343
2318
2308
2276
2237
2211
2225
2195
2180
2173
2231
2231
2225
2258
2283
2298
2327
2330
2384
2371
2380
2404
2460
2477
2504
2499
2549
2576
2595
2613
2627
2649
2663
2678
2707
2711
2673
2683
2714
2705
2687
2673
2687
2686
2655
2633
2664
2651
2619
2620
2620
2600
2591
2548
2584
2525
2514
2482
2506
2465
2432
2421
2430
2416
2389
2387
2413
2387
2363
2337
2354
2353
2336
2331
2357
2352
2345
2327
2343
2333
2342
2324
2324
2310
2270
2264
2271
2278
2250
2228
2250
2247
2199
2203
2230
2215
2186
2170
2190
2177
2127
2123
2146
2132
2131
2105
2138
2127
2125
2128
2199
2180
2187
2199
2215
2237
2260
2268
2300
2344
2334
2370
2404
2404
2400
2428
2454
2447
2414
2414
2428
2433
2374
2361
2372
2319
2299
2272
2300
2277
2285
2249
2257
2234
2269
2223
2248
2219
2209
2198
2203
2181
2134
2102
2115
2112
2078
2058
2094
2085
2075
2070
2108
2122
2156
2171
2234
2265
2301
2333
2361
2375
2392
2401
2452
2477
2456
2451
2468
2467
2421
2412
2436
2392
2334
2309
2274
2245
2188
2160
2155
2158
2121
2093
2117
2123
2105
2077
2107
2067
2046
2043
2068
2066
2040
2037
2047
2042
2019
2031
2085
2079
2106
2129
2166
2165
2145
2126
2111
2104
2049
2034
2040
2028
1961
1900
1894
1846
1791
1801
1807
1828
1804
1819
1899
1918
1952
1976
2064
2150
2118
2152
2213
2214
2233
2247
2286
2290
2251
2249
2255
2226
2152
2114
2088
2045
2006
1965
1955
1931
1882
1905
1932
1947
1926
1956
1996
2011
2056
2079
2136
2187
2199
2212
2274
2304
2285
2309
2356
2378
2359
2369
2421
2413
2373
2371
2367
2335
2323
2280
2305
2304
2259
2254
2264
2276
2257
2242
2268
2285
2289
2291
2350
2335
2310
2314
2333
2351
2312
2304
2354
2369
2352
2370
2416
2420
2420
2423
2457
2458
2457
2470
2496
2516
2514
2521
2553
2559
2566
2577
2633
2643
2613
2607
2665
2691
2647
2683
2710
2680
2678
2691
2740
2734
2715
2693
2713
2705
2663
2642
2657
2606
2569
2525
2525
2483
2440
2417
2382
2361
2324
2258
2281
2227
2165
2190
2160
2152
2098
2090
2094
2106
2046
2038
2057
2027
2009
1990
2007
2003
1918
1931
1956
1910
1891
1889
1926
1896
1903
1918
1945
1965
1940
1968
1999
2022
1992
2009
2077
2095
2078
2090
2136
2138
2117
2117
2146
2149
2112
2126
2142
2104
2067
2055
2076
2012
1998
1961
2000
1978
1932
1891
1930
1934
1896
1868
1884
1875
1833
1785
1812
1785
1733
1722
1728
1702
1656
1616
1648
1630
1601
1590
1614
1599
1562
1539
1559
1527
1476
1463
1467
1442
1422
1402
1429
1433
1404
1390
1413
1390
1357
1336
1376
1368
1324
1336
1359
1343
1315
1321
1350
1333
1332
1333
1344
1331
1315
1314
1338
1319
1307
1277
1320
1318
1303
1299
1347
1352
1327
1352
1413
1416
1437
1437
1477
1515
1495
1532
1572
1607
1599
1622
1693
1700
1714
1732
1784
1752
1754
1740
1812
1778
1756
1775
1778
1780
1774
1756
1806
1754
1747
1705
1729
1729
1684
1726
1725
1717
1683
1677
1686
1690
1646
1644
1635
1625
1568
1542
1613
1603
1596
1612
1643
1654
1642
1620
1662
1676
1658
1690
1733
1776
1769
1783
1829
1849
1820
1803
1817
1821
1788
1775
1764
1759
1722
1688
1695
1675
1656
1650
1688
1696
1690
1684
1726
1711
1702
1703
1735
1749
1766
1768
1798
1796
1769
1764
1811
1837
1765
1767
1779
1767
1752
1734
1739
1735
1698
1727
1731
1715
1712
1698
1692
1693
1675
1678
1689
1683
1671
1672
1698
1708
1706
1701
1748
1766
1751
1760
1785
1806
1826
1827
1872
1897
1899
1921
1940
1970
1946
1958
1984
1995
1979
1963
1997
2007
1993
1997
2029
2068
1993
1980
2004
1980
1983
1960
1991
1939
1937
1897
1914
1915
1882
1861
1868
1870
1825
1839
1885
1857
1880
1890
1933
1957
1942
1979
2023
2002
2014
1997
2056
2041
2044
2053
2024
2029
2016
1999
2033
1979
1968
1963
1967
1930
1898
1859
1858
1841
1797
1775
1787
1748
1729
1690
1703
1681
1630
1597
1592
1573
1547
1566
1530
1502
1478
1466
1443
1427
1383
1341
1323
1273
1205
1154
1146
1104
1061
1032
1020
995
978
942
940
931
908
922
919
913
896
916
929
947
965
956
1008
1040
1044
1074
1103
1105
1121
1126
1149
1178
1170
1191
1232
1265
1251
1280
1304
1312
1326
1343
1370
1382
1372
1378
1421
1454
1441
1465
1488
1469
1473
1479
1519
1508
1497
1504
1543
1529
1527
1518
1534
1515
1518
1518
1514
1502
1489
1501
1488
1478
1463
1456
1457
1444
1411
1394
1415
1368
1336
1325
1331
1301
1247
1202
1226
1178
1123
1079
1068
1031
1010
969
981
963
954
914
925
938
884
878
888
914
886
905
935
939
959
966
1001
1028
1026
1045
1122
1135
1136
1160
1225
1276
1267
1280
1345
1364
1354
1394
1445
1446
1442
1435
1482
1479
1463
1453
1470
1492
1474
1445
1484
1508
1481
1490
1515
1507
1521
1507
1537
1515
1525
1527
1575
1572
1577
1567
1616
1607
1615
1614
1630
1620
1608
1629
1622
1632
1639
1643
1652
1617
1624
1611
1619
1628
1599
1611
1641
1626
1620
1629
1629
1657
1635
1637
1651
1643
1668
1654
1644
1635
1631
1617
1615
1621
1619
1639
1628
1634
1629
1631
1639
1660
1634
1613
1660
1680
1655
1653
1677
1690
1679
1669
1710
1696
1688
1726
1724
1726
1702
1671
1690
1696
1686
1674
1682
1682
1694
1685
1704
1687
1678
1683
1685
1699
1682
1644
1674
1693
1651
1640
1659
1677
1676
1668
1693
1663
1676
1660
1697
1685
1677
1639
1671
1672
1635
1594
1627
1597
1589
1543
1570
1540
1498
1501
1547
1542
1535
1516
1534
1541
1519
1543
1569
1553
1548
1544
1581
1581
1573
1554
1573
1604
1589
1579
1639
1568
1572
1541
1554
1523
1491
1464
1475
1461
1434
1425
1435
1444
1416
1402
1413
1422
1416
1396
1422
1416
1410
1410
1449
1437
1427
1433
1438
1456
1449
1422
1471
1430
1413
1402
1409
1410
1371
1358
1372
1370
1338
1347
1350
1340
1320
1323
1329
1308
1301
1270
1289
1264
1259
1248
1267
1315
1245
1230
1253
1242
1234
1231
1250
1222
1218
1208
1221
1238
1201
1207
1230
1258
1222
1227
1205
1229
1212
1207
1218
1225
1218
1194
1210
1207
1165
1168
1189
1183
1148
1163
1174
1200
1156
1163
1182
1198
1166
1152
1181
1165
1169
1142
1165
1180
1174
1175
1170
1186
1175
1168
1191
1182
1186
1172
1181
1200
1143
1168
1161
1156
1142
1130
1173
1165
1141
1117
1157
1145
1129
1114
1133
1126
1096
1078
1095
1076
1063
1068
1078
1065
1056
1018
1021
1009
1014
987
1000
996
958
952
973
993
958
937
955
986
957
957
969
974
955
978
986
991
992
959
994
1022
998
1016
1028
1028
1010
1010
1050
1035
1017
1009
1030
1036
1001
1005
1026
1049
1039
1027
1060
1055
1019
1020
1049
1052
1034
1033
1055
1033
1020
1009
1022
1021
1015
993
1012
1000
990
994
1016
1003
997
980
985
986
971
974
999
990
962
965
1013
975
949
970
984
973
942
920
951
943
923
943
953
948
921
951
955
964
942
947
960
969
946
958
978
983
955
984
993
975
970
943
957
965
952
934
947
940
927
920
962
946
913
923
957
927
917
928
920
927
905
923
919
957
934
929
934
925
908
900
900
917
891
911
920
904
917
879
913
887
903
890
936
912
873
881
904
909
915
901
916
938
900
903
951
935
943
924
925
934
878
712
377
377
376
378
377
377
378
377
946
910
375
377
378
0
0

