;UFOS3
;Measurement details: channel = S-D, date = 02.06.2018, time = 15:57:48
Exposure=605
Gain=0
Temperature=26.4
Accummulate=4
3.037 mu
3.099 amas
18.705 hs
0 ozone
104175 uva
619 uvb
90 uve
[Value]
0
0
0
0
2
-2
-2
-1
-1
0
-3
-4
-3
-3
-1
-1
-1
2
1
-4
0
-1
2
2
1
2
1
1
1
3
4
-3
0
4
1
2
4
3
1
-3
-1
0
3
2
0
0
2
2
-1
3
1
1
1
3
2
2
-2
2
0
1
2
0
1
3
3
2
2
-3
2
1
0
5
2
0
3
-1
5
1
1
1
-3
0
0
1
2
0
4
0
0
3
1
4
2
0
2
2
0
1
4
-2
2
-2
1
4
1
4
2
0
4
2
1
1
2
-2
-1
2
1
1
4
0
4
4
4
2
2
3
1
-2
-1
2
3
3
1
-1
4
3
0
0
0
0
6
-1
1
4
0
-1
2
2
4
5
1
2
2
-2
3
1
1
-1
2
1
5
3
2
1
6
2
4
-2
3
0
2
2
1
1
1
1
5
1
3
0
-2
1
3
2
3
3
2
0
0
2
5
2
3
2
-1
0
-1
0
2
2
3
1
-1
0
1
1
-1
0
4
0
-1
1
0
3
3
3
4
-1
0
1
2
2
2
1
1
5
1
1
1
1
4
2
-1
2
1
2
2
0
3
-2
4
3
1
-1
4
4
0
3
0
1
4
2
0
2
-2
0
1
-1
2
2
-2
1
2
1
0
-3
0
0
2
1
4
2
4
3
2
-2
2
2
0
1
3
1
2
1
3
-1
3
1
2
1
2
2
3
-1
4
4
2
1
0
3
4
0
2
0
2
-1
3
0
2
2
3
4
2
0
3
2
1
1
2
4
-1
0
3
4
5
4
0
0
5
3
-1
4
2
1
1
2
0
0
3
1
3
3
3
3
0
2
1
0
1
4
3
4
2
2
0
1
2
3
3
2
3
-1
3
1
1
3
5
5
2
1
3
-1
0
3
2
3
3
1
2
1
5
-3
3
4
1
2
4
-1
-1
2
2
1
-1
1
3
1
2
1
1
3
3
1
0
2
1
-1
2
3
2
3
0
2
1
3
1
2
4
1
-1
4
1
4
-1
3
1
0
3
2
-1
2
2
1
2
1
2
3
1
2
1
1
3
2
3
3
1
5
1
0
-1
0
4
-1
2
6
2
-1
2
0
2
2
4
0
-1
0
1
2
4
1
2
2
2
2
3
-1
-4
3
3
1
5
-1
2
-2
2
3
4
1
2
5
1
3
3
3
0
1
2
4
-1
2
5
3
2
1
2
4
5
4
4
1
0
0
-1
3
0
4
6
5
6
-2
3
2
-1
-1
4
2
3
-1
7
0
1
3
1
4
2
1
0
2
2
1
4
0
3
2
0
0
5
1
2
3
1
3
-1
3
2
1
3
4
4
2
3
0
1
-1
4
1
5
3
1
1
1
3
3
2
1
0
5
0
3
3
5
4
3
1
3
5
1
3
4
0
5
2
4
1
4
2
3
0
5
3
3
3
0
2
0
2
4
4
4
2
5
3
6
2
3
4
3
4
2
4
3
2
5
2
2
1
2
3
4
3
3
2
3
6
2
2
4
5
4
0
0
4
7
1
4
6
6
5
4
3
4
4
3
1
4
2
1
2
5
3
5
2
0
5
6
3
4
3
5
3
1
1
7
4
2
7
4
5
4
8
5
3
4
7
3
6
2
4
5
3
2
5
4
1
4
1
6
3
4
5
5
3
8
2
1
3
6
4
5
3
3
6
3
2
1
5
3
3
6
2
4
7
6
2
4
4
7
4
3
2
6
1
5
5
8
6
4
7
6
6
3
6
4
5
4
1
3
5
5
6
5
6
8
6
4
3
6
2
6
6
5
4
8
3
8
7
7
1
6
2
2
2
4
7
5
2
8
5
3
5
1
4
4
1
7
6
4
5
2
6
8
2
8
6
8
4
6
5
6
7
7
7
4
7
5
6
7
10
6
3
7
8
2
2
6
7
5
3
8
5
5
4
6
3
6
6
6
8
7
9
5
8
6
7
4
3
7
8
3
4
7
6
7
7
9
7
6
9
9
9
7
6
5
7
8
6
6
7
8
6
7
7
8
9
8
9
9
8
7
8
10
5
9
7
8
7
14
7
10
6
7
7
9
10
8
10
8
7
9
7
8
10
9
8
10
11
10
7
12
6
12
10
12
12
12
12
10
13
8
14
11
8
13
11
11
11
12
13
14
14
15
14
13
14
16
17
16
15
13
15
14
12
15
13
15
13
14
11
16
15
17
14
14
16
16
19
16
16
18
17
19
17
18
19
16
17
21
16
19
19
19
17
18
22
20
17
19
18
23
21
22
21
21
17
23
21
22
22
17
21
18
25
20
26
25
25
22
23
19
24
24
26
29
28
29
25
31
32
35
34
36
38
39
39
40
40
41
38
46
44
47
46
51
47
49
53
48
52
54
51
50
51
52
53
49
49
49
51
53
51
52
49
54
53
56
51
53
60
58
59
62
64
62
63
65
66
73
66
72
71
78
78
74
78
79
79
81
85
82
83
84
81
89
85
83
83
87
87
86
80
88
85
86
83
84
84
84
83
90
91
91
88
92
90
99
98
99
97
99
96
98
100
106
101
104
100
104
101
106
99
101
105
110
106
107
110
108
110
117
114
117
119
123
120
127
129
131
130
129
129
120
122
120
120
122
117
117
115
111
112
108
108
107
106
107
106
112
112
111
115
116
118
123
125
128
135
138
139
149
147
152
157
156
164
168
170
174
178
180
186
187
193
193
195
197
200
202
209
208
206
206
211
209
210
216
214
216
208
206
206
202
191
189
192
185
184
179
184
177
176
184
183
183
186
191
188
193
201
209
212
223
232
238
248
252
264
270
271
276
278
282
276
277
280
279
280
281
278
283
274
289
276
278
269
268
273
269
273
274
274
273
282
290
291
300
304
309
315
325
328
337
345
354
360
371
375
384
389
393
399
410
417
422
420
427
433
428
429
430
426
424
412
414
406
409
397
400
382
389
389
383
388
391
387
394
398
396
405
408
411
421
417
430
427
430
420
420
422
422
419
413
411
404
404
393
381
376
369
365
355
352
346
343
341
340
339
346
347
358
357
361
370
369
368
378
383
394
398
409
413
420
426
434
433
439
441
448
451
451
458
455
463
467
472
478
481
486
489
492
500
504
509
514
517
521
521
528
524
516
516
510
503
497
496
494
486
495
489
487
482
489
484
488
484
488
482
487
491
506
509
515
520
530
543
554
556
574
590
599
615
633
635
649
664
683
691
707
718
737
734
738
738
747
751
764
766
760
757
758
760
765
758
771
765
771
771
773
764
762
766
762
759
763
768
770
760
755
757
752
751
741
737
735
724
728
727
714
715
720
723
727
732
732
735
735
739
740
752
750
752
760
755
757
754
755
752
754
747
758
763
761
782
794
805
828
844
868
884
906
929
949
967
1007
1023
1043
1060
1083
1111
1124
1142
1166
1183
1197
1197
1207
1211
1226
1220
1239
1243
1265
1255
1259
1263
1251
1246
1229
1224
1211
1205
1205
1189
1169
1149
1126
1111
1087
1083
1061
1032
1026
1007
985
973
954
941
928
906
907
896
901
896
902
903
908
918
931
930
944
938
950
952
964
970
982
989
1001
1003
1003
999
1010
1010
1009
1004
997
994
981
969
968
961
949
926
920
898
887
883
876
870
862
870
873
864
872
867
884
896
908
929
947
960
974
978
981
980
971
957
949
932
927
910
902
891
881
871
868
868
860
840
838
836
840
830
825
829
821
825
846
852
867
885
904
915
934
942
955
965
976
974
997
987
979
983
979
980
988
984
992
990
990
1001
1013
1004
1009
1011
1019
1031
1029
1048
1057
1062
1074
1082
1108
1120
1121
1108
1101
1079
1055
1032
1005
983
963
941
936
920
907
894
894
891
891
889
896
898
902
904
912
927
947
948
958
949
956
957
961
954
955
938
926
900
900
897
881
879
883
898
917
927
959
970
1006
1024
1045
1049
1084
1090
1089
1104
1110
1100
1116
1136
1146
1146
1150
1144
1150
1139
1134
1135
1126
1128
1134
1132
1152
1160
1178
1179
1191
1218
1249
1266
1294
1300
1307
1314
1321
1316
1318
1316
1304
1305
1276
1292
1274
1275
1264
1256
1262
1271
1269
1287
1287
1291
1282
1287
1301
1307
1331
1363
1378
1390
1414
1423
1431
1444
1446
1449
1432
1428
1418
1398
1385
1375
1351
1313
1305
1282
1277
1263
1249
1243
1242
1237
1241
1246
1249
1255
1266
1253
1249
1245
1233
1227
1212
1200
1188
1185
1183
1182
1183
1171
1170
1168
1169
1177
1181
1183
1188
1194
1204
1208
1222
1227
1237
1239
1243
1239
1243
1239
1237
1234
1241
1231
1222
1214
1208
1189
1190
1174
1182
1189
1190
1184
1182
1193
1202
1206
1209
1208
1197
1201
1200
1190
1194
1195
1194
1196
1199
1184
1183
1164
1152
1145
1128
1106
1098
1074
1054
1031
1008
995
968
954
939
908
889
867
846
829
824
811
803
800
807
799
806
815
827
841
865
890
921
938
959
992
996
1010
1024
1027
1039
1041
1045
1055
1058
1076
1080
1079
1092
1085
1093
1084
1086
1091
1084
1081
1083
1077
1077
1069
1071
1064
1065
1057
1058
1056
1052
1054
1060
1056
1064
1055
1065
1065
1072
1090
1097
1111
1127
1135
1152
1174
1199
1212
1231
1240
1243
1247
1253
1230
1240
1234
1233
1226
1217
1215
1199
1180
1166
1153
1137
1133
1132
1119
1117
1112
1106
1111
1114
1121
1140
1148
1164
1168
1183
1191
1202
1223
1232
1246
1253
1265
1272
1282
1293
1291
1312
1307
1317
1315
1322
1321
1307
1310
1308
1299
1292
1290
1282
1264
1257
1252
1244
1237
1217
1214
1192
1173
1168
1152
1155
1157
1167
1172
1201
1230
1245
1269
1288
1307
1333
1353
1380
1394
1409
1439
1467
1492
1511
1540
1566
1591
1610
1637
1647
1650
1640
1626
1615
1609
1598
1574
1563
1542
1541
1511
1506
1483
1468
1448
1450
1431
1418
1401
1385
1390
1388
1378
1375
1378
1380
1388
1408
1416
1425
1431
1443
1436
1420
1429
1419
1423
1435
1429
1434
1444
1426
1413
1397
1364
1340
1302
1281
1260
1228
1227
1212
1221
1215
1222
1237
1234
1257
1262
1273
1287
1308
1327
1340
1361
1386
1399
1430
1442
1457
1462
1464
1461
1455
1448
1430
1431
1419
1423
1430
1446
1452
1462
1469
1482
1495
1494
1498
1501
1502
1491
1498
1500
1492
1486
1496
1486
1495
1503
1489
1473
1461
1448
1438
1440
1443
1436
1430
1437
1413
1413
1408
1409
1406
1391
1392
1403
1386
1375
1378
1377
1385
1391
1404
1407
1413
1388
1395
1370
1373
1360
1350
1349
1338
1326
1329
1314
1318
1314
1317
1319
1330
1308
1287
1276
1251
1236
1222
1213
1200
1190
1188
1172
1159
1134
1106
1082
1050
1024
1000
974
961
945
939
941
952
958
973
981
1010
1002
1023
1031
1048
1061
1081
1101
1120
1146
1162
1159
1167
1163
1140
1129
1107
1091
1075
1059
1053
1037
1012
1009
987
949
944
920
895
881
875
870
867
859
862
867
883
894
924
948
968
999
1030
1052
1074
1103
1138
1176
1229
1257
1301
1338
1372
1412
1424
1465
1482
1501
1531
1538
1571
1576
1589
1610
1626
1635
1638
1638
1644
1641
1649
1634
1624
1617
1603
1587
1579
1566
1553
1539
1541
1534
1510
1488
1451
1435
1403
1383
1359
1365
1346
1352
1360
1352
1361
1351
1350
1362
1368
1380
1388
1402
1406
1423
1438
1457
1469
1469
1470
1449
1437
1435
1405
1396
1385
1380
1385
1390
1410
1422
1441
1436
1451
1450
1469
1490
1522
1554
1597
1654
1704
1751
1804
1836
1882
1905
1917
1901
1900
1884
1853
1828
1809
1793
1772
1756
1731
1713
1690
1661
1627
1596
1582
1565
1543
1547
1546
1539
1551
1572
1605
1644
1684
1714
1749
1765
1782
1799
1806
1816
1821
1824
1812
1801
1793
1784
1779
1766
1766
1758
1731
1699
1685
1658
1635
1629
1622
1604
1612
1591
1604
1603
1621
1619
1652
1656
1693
1696
1701
1707
1692
1689
1684
1701
1726
1726
1750
1770
1785
1794
1796
1809
1825
1837
1848
1842
1860
1862
1893
1892
1907
1912
1922
1922
1918
1924
1908
1893
1883
1871
1859
1851
1847
1827
1822
1802
1787
1769
1755
1757
1759
1774
1781
1782
1779
1783
1793
1784
1793
1781
1805
1803
1798
1799
1798
1798
1800
1802
1795
1798
1769
1748
1740
1705
1686
1672
1655
1628
1619
1602
1586
1565
1554
1542
1531
1520
1506
1495
1492
1491
1487
1475
1486
1482
1499
1502
1520
1524
1537
1555
1575
1595
1604
1612
1642
1642
1653
1676
1695
1716
1716
1731
1757
1764
1775
1771
1786
1792
1786
1794
1794
1780
1798
1794
1797
1806
1820
1820
1843
1854
1853
1855
1850
1846
1840
1813
1804
1787
1776
1751
1734
1710
1675
1641
1628
1597
1580
1563
1549
1540
1517
1508
1517
1509
1525
1536
1579
1596
1637
1662
1685
1704
1746
1792
1820
1863
1897
1927
1935
1937
1911
1883
1863
1827
1804
1756
1726
1685
1648
1610
1589
1556
1542
1535
1534
1548
1567
1559
1552
1537
1546
1575
1607
1655
1693
1721
1740
1771
1806
1820
1840
1840
1837
1825
1809
1798
1756
1721
1690
1653
1620
1596
1554
1520
1479
1426
1377
1334
1300
1269
1257
1236
1236
1227
1237
1237
1269
1297
1341
1377
1442
1474
1529
1579
1603
1631
1645
1659
1648
1651
1642
1619
1569
1509
1462
1407
1364
1337
1325
1328
1322
1334
1372
1392
1432
1474
1524
1599
1655
1718
1777
1845
1907
1959
2013
2046
2065
2077
2096
2095
2092
2076
2064
2051
2028
2009
1975
1949
1914
1876
1834
1803
1767
1732
1721
1692
1699
1699
1712
1714
1710
1700
1700
1692
1704
1692
1703
1712
1712
1725
1752
1774
1778
1810
1812
1829
1850
1864
1897
1923
1957
1957
1995
2032
2039
2026
2046
2054
2070
2092
2121
2137
2160
2176
2188
2182
2199
2204
2210
2220
2245
2241
2266
2278
2282
2266
2247
2209
2198
2155
2152
2107
2073
2039
2021
1971
1934
1901
1866
1852
1823
1791
1780
1751
1725
1701
1683
1661
1646
1628
1630
1630
1625
1595
1588
1552
1550
1525
1506
1480
1463
1450
1431
1416
1421
1415
1421
1424
1448
1453
1478
1500
1516
1525
1550
1579
1600
1609
1635
1660
1663
1681
1688
1693
1706
1708
1721
1727
1720
1715
1726
1706
1708
1686
1673
1662
1636
1623
1609
1588
1553
1518
1485
1471
1445
1425
1410
1408
1383
1360
1324
1289
1249
1218
1197
1196
1176
1178
1168
1155
1150
1139
1130
1105
1105
1074
1058
1041
1017
993
986
990
987
978
991
986
989
986
988
978
954
935
929
913
913
899
908
899
895
893
896
897
901
905
899
893
890
889
884
872
864
850
864
872
883
893
913
942
969
981
1025
1049
1065
1093
1120
1151
1178
1217
1242
1284
1316
1348
1385
1408
1431
1446
1447
1456
1460
1459
1468
1472
1477
1468
1475
1470
1463
1462
1465
1452
1443
1430
1415
1405
1382
1383
1371
1363
1347
1321
1311
1293
1274
1239
1228
1223
1220
1215
1240
1246
1260
1281
1295
1317
1340
1353
1376
1385
1394
1402
1415
1442
1470
1506
1530
1535
1533
1528
1522
1506
1490
1469
1429
1400
1363
1350
1356
1393
1384
1385
1391
1397
1399
1389
1401
1402
1396
1409
1436
1440
1455
1466
1490
1501
1503
1497
1487
1486
1472
1454
1454
1450
1445
1435
1419
1397
1383
1379
1392
1387
1392
1382
1405
1371
1363
1370
1369
1386
1423
1445
1464
1478
1483
1501
1532
1536
1555
1578
1612
1631
1673
1683
1707
1729
1756
1781
1802
1816
1822
1809
1807
1822
1809
1820
1809
1800
1815
1803
1792
1784
1789
1772
1770
1755
1736
1710
1686
1678
1677
1656
1663
1661
1666
1680
1671
1678
1674
1681
1688
1688
1688
1719
1749
1769
1790
1821
1837
1860
1873
1882
1889
1881
1900
1898
1896
1880
1869
1869
1850
1827
1802
1768
1731
1706
1651
1633
1607
1583
1580
1575
1549
1531
1516
1509
1500
1461
1448
1420
1411
1383
1372
1327
1301
1279
1254
1218
1195
1153
1113
1088
1034
988
937
892
834
789
751
709
668
638
611
585
568
547
537
537
538
538
553
568
588
606
639
664
705
732
772
794
814
822
832
841
865
885
913
942
967
994
1038
1061
1068
1099
1126
1149
1164
1191
1206
1230
1259
1263
1286
1295
1311
1329
1328
1346
1338
1335
1326
1318
1308
1315
1315
1316
1322
1327
1327
1337
1334
1347
1335
1334
1332
1321
1299
1281
1264
1247
1225
1198
1172
1143
1124
1094
1065
1032
998
969
933
888
852
803
766
731
695
657
634
609
597
583
568
560
552
552
552
561
572
586
612
632
660
692
728
776
802
820
856
883
915
937
968
1011
1043
1088
1139
1168
1221
1250
1269
1294
1313
1321
1348
1371
1385
1389
1412
1406
1415
1419
1427
1427
1423
1430
1433
1445
1441
1452
1470
1479
1493
1501
1515
1529
1522
1538
1556
1556
1556
1552
1565
1556
1551
1548
1534
1516
1501
1487
1491
1508
1525
1514
1523
1522
1519
1521
1526
1513
1539
1563
1567
1591
1608
1605
1602
1595
1601
1596
1600
1590
1582
1588
1574
1586
1580
1581
1585
1580
1581
1576
1571
1585
1587
1574
1587
1601
1603
1623
1641
1645
1660
1673
1671
1675
1679
1674
1660
1642
1639
1625
1628
1641
1648
1661
1670
1671
1682
1682
1693
1687
1693
1675
1676
1684
1683
1682
1685
1669
1679
1689
1680
1689
1682
1685
1683
1681
1668
1653
1642
1645
1618
1615
1599
1592
1581
1564
1554
1530
1532
1501
1498
1474
1474
1451
1447
1437
1427
1441
1442
1462
1472
1495
1506
1500
1529
1533
1553
1562
1561
1574
1583
1593
1578
1567
1550
1529
1501
1455
1423
1378
1354
1339
1326
1327
1331
1323
1314
1318
1309
1317
1320
1302
1303
1303
1316
1311
1327
1318
1335
1351
1356
1351
1370
1349
1354
1342
1348
1325
1307
1297
1298
1275
1257
1251
1245
1239
1230
1229
1219
1207
1203
1186
1174
1150
1149
1135
1127
1115
1125
1105
1102
1100
1094
1076
1094
1074
1075
1069
1075
1066
1076
1073
1071
1077
1076
1077
1071
1078
1075
1072
1060
1057
1057
1048
1047
1026
1017
1012
1006
992
984
963
964
963
959
960
964
962
963
953
957
954
946
952
949
951
944
943
948
942
946
946
954
961
977
967
981
988
980
983
986
979
972
972
980
986
983
980
983
977
977
975
966
952
948
928
922
909
909
890
872
858
858
846
841
825
820
808
792
770
747
731
709
699
691
685
684
683
676
671
686
679
687
688
702
698
703
703
700
704
720
730
751
757
760
752
759
756
770
779
786
788
787
786
789
787
793
785
792
796
801
794
800
790
783
779
767
760
758
759
761
767
774
774
779
771
772
767
764
756
750
740
739
722
715
718
725
731
727
729
736
735
727
730
728
716
708
706
711
691
682
677
670
673
674
666
683
674
677
674
685
680
679
675
690
684
692
699
706
700
707
700
708
697
696
695
692
680
675
671
662
662
666
656
661
655
661
657
656
657
655
653
654
654
659
655
663
661
662
667
672
665
658
650
645
640
639
638
639
630
629
630
624
621
626
624
625
625
625
627
628
627
633
636
634
635
639
633
652
645
646
644
641
638
639
643
636
634
638
636
633
623
622
613
620
606
599
586
587
574
579
568
567
567
560
554
558
558
555
545
536
515
474
284
-2
-3
2
-2
0
-1
0
-1
589
568
-3
-3
-1
0
0

