;UFOS3
;Measurement details: channel = Z, date = 02.06.2018, time = 16:06:41
Exposure=573
Gain=0
Temperature=26.1
Accummulate=4
3.205 mu
3.273 amas
17.623 hs
0 ozone
0 uva
0 uvb
0 uve
[Value]
0
379
376
377
377
376
377
377
426
435
489
474
439
444
492
459
460
431
506
474
470
440
514
476
468
442
502
477
464
472
509
502
462
455
510
490
480
440
490
483
451
447
517
493
472
446
511
491
462
450
490
496
444
458
507
485
436
453
505
480
466
443
483
476
459
444
513
478
460
444
511
478
446
464
509
486
461
445
485
480
458
456
502
472
452
457
499
488
442
449
525
497
448
458
508
501
446
437
511
494
437
453
497
486
452
460
504
481
457
449
501
480
449
462
509
487
448
454
494
476
451
457
510
482
464
459
495
490
457
446
488
479
459
446
497
504
450
461
496
471
474
459
497
486
447
455
501
498
439
500
506
488
442
450
508
484
481
450
497
501
436
445
488
484
474
478
495
488
475
445
505
483
467
481
500
487
444
466
510
474
448
449
498
492
470
453
520
486
460
468
493
513
442
469
494
478
461
461
505
478
456
448
506
486
464
449
493
467
461
454
512
483
440
470
493
482
448
445
489
512
473
448
501
477
465
462
517
483
449
435
501
472
437
460
497
489
450
458
478
481
480
453
491
487
455
470
495
472
472
454
495
483
459
452
493
512
460
472
504
483
449
515
512
484
462
433
483
484
462
439
488
475
442
466
506
493
451
458
497
489
459
453
494
507
459
440
508
467
462
457
500
505
456
450
484
487
454
445
504
485
471
449
502
488
473
464
486
476
462
438
500
492
483
452
493
490
459
458
500
481
446
459
500
480
447
462
489
483
464
457
513
483
456
455
507
481
476
436
508
509
457
453
489
499
446
463
516
494
455
453
501
485
441
459
482
473
447
455
498
475
475
458
499
482
474
455
514
478
465
459
485
488
466
460
487
494
454
450
493
479
461
446
511
479
450
463
486
475
456
450
499
497
442
445
491
471
461
444
494
527
464
450
507
508
454
452
528
470
467
453
493
483
457
446
487
480
485
463
489
478
459
464
488
489
449
443
506
467
466
453
497
477
448
436
509
497
441
459
509
493
463
461
482
499
441
455
496
487
458
434
498
464
452
485
496
472
468
469
500
496
478
444
496
482
462
459
488
489
443
460
491
508
462
439
500
470
460
479
506
486
474
467
508
477
455
460
495
483
452
465
487
474
463
449
507
474
466
452
504
476
477
464
503
474
444
483
488
495
453
452
506
473
466
449
488
479
450
481
494
479
459
460
496
473
457
448
494
490
456
491
510
482
465
459
490
490
470
464
494
497
463
464
477
487
467
453
494
481
450
440
487
471
474
453
485
482
480
472
500
481
449
458
504
483
459
471
499
496
462
454
496
477
461
449
501
495
462
469
499
478
455
458
488
486
453
456
498
483
461
469
503
480
452
481
514
462
467
452
492
472
472
474
499
478
464
459
493
462
459
460
498
476
452
472
494
481
440
466
491
480
474
455
507
471
454
462
518
472
445
467
491
488
518
456
509
476
451
445
481
478
449
451
481
486
445
452
482
459
479
471
490
469
463
443
484
483
448
442
488
480
459
463
490
474
472
468
503
488
461
443
501
475
460
459
493
469
465
471
501
469
456
453
496
467
467
447
495
480
461
467
510
469
459
433
482
484
454
452
484
475
464
456
467
467
452
454
482
482
450
448
502
485
455
466
480
464
454
471
484
486
455
452
495
490
451
468
483
482
471
477
483
494
468
652
486
498
484
462
482
476
459
462
491
465
454
462
492
458
465
461
503
487
470
468
486
460
468
453
491
477
455
460
485
506
470
444
490
477
448
456
500
490
465
465
494
466
457
470
474
488
455
467
491
479
465
464
482
469
466
457
491
473
460
454
505
477
465
468
472
485
466
463
509
470
468
466
492
474
449
458
495
475
460
462
493
470
465
466
490
471
473
459
487
476
489
464
480
484
468
466
493
491
474
475
495
490
460
449
481
474
488
472
483
481
456
464
483
482
454
471
490
476
469
474
490
475
450
456
508
487
477
481
487
479
461
456
479
468
467
470
492
492
474
460
495
487
478
502
491
470
475
469
491
488
463
477
484
495
474
480
507
478
469
471
485
493
485
474
497
479
467
470
498
488
479
481
496
505
470
465
499
479
474
489
494
486
481
475
498
489
472
474
503
488
497
475
510
486
476
480
497
503
483
482
503
492
515
467
509
494
501
474
507
515
482
489
521
506
475
488
511
541
498
486
505
506
513
497
517
496
503
507
515
499
521
504
520
512
515
492
519
505
500
496
511
504
533
501
512
503
511
512
517
511
503
505
522
512
489
491
527
513
522
501
526
511
510
517
523
516
500
502
525
531
517
510
538
542
515
520
542
530
529
532
541
539
530
523
557
551
553
527
555
566
535
551
559
551
549
560
591
578
569
576
592
592
591
594
611
599
588
612
610
615
606
607
615
611
608
599
597
609
618
613
641
627
600
621
642
622
620
611
639
643
630
614
644
642
639
639
667
662
652
637
664
667
661
650
678
649
653
666
690
693
678
682
686
682
686
666
711
686
691
670
709
711
680
672
696
685
713
693
717
700
710
696
716
725
699
722
724
718
721
725
750
751
739
729
748
733
738
742
761
760
747
739
762
751
740
765
775
765
759
779
769
803
800
794
806
819
818
806
813
805
808
791
813
820
800
788
796
782
769
764
762
767
750
740
753
744
734
753
752
745
751
748
779
764
772
779
800
798
800
810
870
841
858
865
870
878
890
884
903
902
892
904
923
919
937
918
942
934
951
952
972
958
965
954
968
971
947
962
968
994
951
945
946
954
957
913
914
922
905
901
931
905
914
905
987
934
943
939
956
971
963
980
1004
1020
1043
1056
1081
1091
1096
1112
1135
1118
1144
1118
1142
1138
1151
1134
1142
1131
1127
1127
1127
1114
1108
1123
1098
1109
1093
1106
1109
1110
1116
1127
1152
1148
1146
1169
1197
1193
1207
1201
1231
1259
1265
1279
1316
1331
1332
1330
1372
1372
1391
1391
1419
1419
1460
1426
1449
1435
1437
1405
1419
1393
1393
1361
1370
1361
1354
1325
1309
1303
1306
1305
1319
1283
1287
1306
1319
1338
1340
1332
1373
1368
1381
1365
1382
1366
1398
1387
1414
1389
1398
1377
1391
1353
1353
1302
1293
1273
1262
1240
1229
1223
1218
1202
1177
1198
1200
1178
1237
1198
1199
1221
1249
1225
1222
1234
1253
1267
1292
1291
1305
1300
1337
1350
1365
1371
1393
1389
1427
1424
1429
1431
1456
1444
1472
1463
1503
1485
1493
1491
1495
1486
1494
1475
1501
1487
1468
1478
1487
1479
1467
1474
1438
1434
1434
1414
1422
1423
1442
1419
1426
1417
1424
1417
1430
1422
1430
1430
1424
1448
1462
1468
1498
1513
1528
1529
1569
1591
1604
1606
1659
1668
1673
1705
1717
1729
1742
1746
1749
1769
1763
1758
1757
1765
1783
1781
1783
1812
1807
1813
1848
1838
1859
1857
1883
1887
1905
1891
1911
1919
1915
1931
1923
1929
1919
1894
1913
1899
1881
1875
1884
1871
1873
1841
1865
1845
1840
1832
1852
1862
1888
1890
1894
1900
1907
1890
1893
1889
1899
1863
1911
1903
1919
1908
1931
1931
1935
1915
1949
1949
1939
1978
2009
2011
2016
2082
2074
2106
2129
2157
2176
2221
2236
2284
2311
2338
2382
2396
2412
2434
2465
2480
2493
2515
2506
2481
2473
2447
2453
2431
2435
2421
2438
2411
2413
2404
2425
2419
2427
2402
2413
2395
2376
2350
2347
2326
2304
2281
2297
2241
2230
2164
2154
2113
2117
2085
2078
2082
2055
2047
2016
2022
1992
1962
1936
1908
1888
1879
1880
1901
1867
1871
1884
1876
1905
1900
1932
1949
1992
2012
2031
2061
2076
2092
2118
2113
2112
2110
2103
2087
2100
2072
2094
2068
2070
2049
2041
2045
2016
2013
2003
2006
2017
2000
1982
2000
1994
1986
2034
2016
2032
2030
2013
2017
2010
2018
1986
1973
1966
1947
1953
1923
1900
1907
1896
1878
1874
1860
1862
1841
1833
1837
1843
1829
1841
1827
1860
1858
1866
1874
1904
1922
1951
1994
1999
1999
2028
2023
2040
2042
2057
2045
2031
2031
2017
2034
2026
2044
2055
2054
2051
2053
2081
2051
2069
2083
2092
2097
2119
2144
2177
2151
2160
2177
2173
2167
2167
2137
2117
2077
2059
1991
1970
1951
1917
1909
1886
1881
1877
1857
1885
1855
1872
1878
1884
1874
1914
1918
1927
1935
1970
1974
1983
1986
2001
1986
1979
1959
1939
1940
1913
1889
1837
1851
1830
1812
1862
1869
1885
1896
1934
1976
2033
2055
2083
2123
2133
2154
2175
2181
2203
2207
2223
2249
2229
2265
2254
2258
2262
2284
2270
2267
2270
2269
2285
2299
2300
2322
2324
2345
2370
2398
2428
2451
2485
2455
2481
2472
2464
2461
2445
2437
2394
2373
2340
2327
2304
2282
2284
2261
2278
2297
2319
2342
2352
2344
2369
2381
2419
2454
2511
2518
2581
2581
2617
2649
2669
2666
2647
2644
2654
2632
2634
2609
2607
2565
2562
2539
2525
2498
2493
2455
2449
2390
2389
2383
2383
2378
2380
2359
2354
2345
2335
2319
2309
2278
2263
2252
2244
2233
2249
2225
2228
2215
2227
2223
2226
2236
2226
2230
2260
2290
2260
2287
2299
2301
2322
2350
2324
2320
2339
2320
2329
2325
2306
2321
2318
2275
2289
2242
2252
2234
2235
2261
2249
2232
2271
2260
2278
2263
2263
2262
2247
2244
2241
2240
2257
2232
2251
2252
2242
2211
2198
2200
2194
2147
2137
2116
2073
2014
2019
1980
1929
1894
1868
1865
1826
1758
1757
1706
1729
1662
1675
1657
1657
1675
1631
1673
1687
1697
1738
1774
1802
1846
1890
1914
1966
1981
2003
2020
2040
2056
2082
2086
2118
2121
2154
2153
2150
2149
2199
2175
2189
2181
2173
2178
2146
2154
2123
2124
2133
2075
2096
2075
2074
2049
2069
2045
2037
2043
2045
2040
2056
2064
2080
2066
2087
2116
2118
2149
2157
2176
2201
2231
2242
2259
2284
2296
2290
2283
2290
2292
2293
2278
2289
2274
2269
2235
2257
2212
2213
2172
2176
2159
2157
2174
2163
2169
2167
2138
2167
2193
2185
2168
2196
2178
2197
2182
2202
2206
2216
2214
2230
2259
2253
2259
2288
2299
2303
2300
2318
2337
2305
2293
2308
2275
2272
2284
2282
2306
2293
2262
2301
2309
2317
2309
2330
2308
2299
2242
2259
2225
2223
2231
2237
2254
2271
2286
2333
2334
2352
2377
2424
2457
2472
2508
2539
2577
2601
2628
2670
2681
2709
2741
2771
2788
2790
2781
2773
2763
2724
2724
2698
2685
2681
2655
2662
2660
2654
2631
2598
2559
2556
2532
2536
2506
2482
2504
2503
2497
2486
2484
2505
2507
2545
2541
2619
2573
2614
2604
2631
2643
2666
2644
2660
2652
2635
2595
2552
2521
2460
2407
2344
2315
2261
2221
2242
2221
2210
2217
2234
2242
2258
2278
2309
2323
2347
2328
2363
2385
2374
2408
2454
2473
2505
2507
2543
2543
2526
2567
2519
2503
2482
2477
2458
2483
2467
2468
2479
2502
2494
2483
2511
2527
2520
2511
2538
2545
2545
2554
2571
2601
2624
2626
2654
2623
2619
2603
2602
2579
2587
2559
2592
2554
2533
2509
2516
2472
2464
2422
2414
2392
2383
2388
2375
2360
2324
2312
2317
2307
2290
2272
2277
2243
2214
2163
2177
2159
2163
2135
2126
2127
2143
2167
2191
2221
2233
2208
2203
2211
2187
2152
2155
2163
2129
2144
2124
2115
2100
2065
2055
2027
1990
1946
1942
1906
1867
1853
1840
1830
1817
1826
1867
1866
1869
1846
1889
1876
1868
1855
1887
1872
1895
1887
1931
1929
1901
1914
1919
1906
1857
1839
1845
1835
1822
1789
1801
1817
1747
1724
1703
1688
1640
1629
1638
1608
1619
1603
1618
1627
1656
1668
1708
1745
1748
1784
1828
1866
1899
1908
1954
1991
2023
2085
2135
2149
2222
2243
2334
2343
2363
2398
2444
2485
2457
2492
2501
2507
2494
2502
2529
2517
2523
2514
2514
2490
2472
2444
2451
2422
2383
2374
2369
2338
2331
2302
2297
2265
2212
2172
2145
2128
2098
2098
2117
2118
2127
2127
2148
2138
2136
2162
2188
2227
2202
2234
2267
2290
2301
2302
2328
2344
2332
2290
2291
2281
2246
2236
2231
2215
2186
2190
2203
2225
2212
2237
2228
2226
2238
2230
2279
2323
2357
2382
2476
2511
2564
2598
2649
2716
2696
2705
2725
2687
2656
2634
2609
2587
2537
2523
2522
2505
2454
2398
2412
2383
2344
2321
2327
2325
2301
2318
2350
2356
2403
2436
2501
2527
2547
2564
2624
2603
2618
2601
2618
2614
2574
2544
2517
2488
2498
2407
2401
2381
2324
2297
2293
2268
2221
2192
2212
2183
2175
2160
2223
2203
2219
2249
2275
2282
2313
2312
2371
2364
2366
2393
2431
2462
2481
2478
2533
2550
2580
2593
2607
2624
2640
2659
2687
2693
2645
2670
2694
2684
2678
2660
2666
2660
2629
2617
2649
2632
2591
2602
2597
2582
2563
2531
2561
2514
2498
2466
2489
2445
2408
2410
2411
2396
2374
2365
2388
2367
2349
2321
2332
2328
2320
2323
2345
2332
2328
2301
2323
2319
2335
2317
2318
2285
2244
2247
2248
2260
2234
2220
2223
2227
2185
2186
2213
2207
2172
2157
2174
2165
2131
2114
2128
2114
2124
2084
2129
2120
2120
2108
2187
2161
2176
2194
2197
2227
2242
2260
2291
2325
2322
2360
2396
2390
2389
2417
2441
2443
2397
2387
2404
2408
2355
2339
2351
2298
2278
2252
2282
2266
2269
2232
2243
2225
2248
2205
2234
2204
2183
2188
2190
2170
2127
2092
2102
2099
2064
2051
2073
2078
2065
2064
2100
2106
2144
2153
2217
2254
2295
2319
2349
2363
2369
2386
2435
2460
2432
2442
2448
2450
2401
2390
2410
2384
2317
2294
2257
2229
2176
2154
2145
2144
2102
2088
2099
2110
2090
2071
2087
2056
2041
2024
2058
2043
2033
2019
2039
2028
2013
2018
2065
2067
2089
2120
2158
2147
2137
2111
2107
2089
2032
2012
2030
2014
1956
1895
1890
1848
1783
1796
1799
1821
1793
1803
1890
1907
1934
1964
2055
2146
2108
2142
2201
2206
2229
2231
2266
2284
2238
2236
2236
2218
2135
2099
2088
2027
1996
1956
1948
1924
1888
1900
1924
1941
1926
1943
1985
1999
2046
2069
2124
2170
2185
2205
2260
2295
2276
2287
2348
2362
2341
2348
2396
2399
2351
2355
2358
2324
2318
2270
2286
2288
2244
2234
2250
2266
2239
2225
2263
2277
2279
2272
2324
2321
2295
2292
2327
2330
2298
2297
2333
2351
2330
2352
2410
2403
2406
2401
2432
2446
2451
2460
2481
2490
2494
2521
2535
2541
2560
2561
2602
2627
2601
2604
2641
2672
2638
2671
2701
2663
2665
2682
2719
2729
2692
2671
2687
2692
2651
2630
2632
2606
2548
2504
2512
2470
2428
2400
2373
2348
2312
2245
2261
2225
2149
2186
2149
2133
2090
2079
2074
2099
2038
2028
2046
2011
1999
1985
1995
1999
1915
1917
1944
1900
1879
1882
1911
1885
1893
1905
1935
1963
1932
1954
1988
2012
1979
1998
2064
2079
2065
2080
2124
2125
2105
2104
2133
2134
2097
2116
2123
2086
2067
2030
2066
2001
1983
1954
1985
1967
1922
1890
1907
1921
1887
1862
1873
1860
1829
1775
1811
1772
1725
1722
1719
1689
1642
1614
1645
1632
1595
1573
1608
1587
1550
1530
1557
1522
1466
1456
1468
1436
1421
1395
1426
1433
1403
1393
1406
1384
1353
1334
1368
1359
1326
1333
1355
1338
1307
1320
1343
1334
1327
1329
1347
1335
1309
1310
1334
1318
1298
1270
1322
1310
1302
1296
1337
1349
1328
1349
1418
1413
1428
1437
1475
1516
1493
1535
1569
1592
1582
1616
1699
1692
1705
1725
1774
1749
1742
1727
1803
1779
1750
1761
1772
1773
1764
1757
1794
1752
1729
1708
1710
1730
1674
1731
1704
1716
1681
1673
1670
1685
1635
1636
1631
1614
1561
1544
1608
1603
1591
1602
1642
1649
1638
1616
1647
1679
1656
1680
1736
1763
1763
1780
1814
1843
1819
1799
1808
1819
1793
1765
1761
1752
1711
1688
1691
1677
1653
1646
1691
1696
1686
1677
1717
1707
1687
1695
1736
1740
1761
1765
1789
1793
1757
1759
1794
1836
1761
1764
1766
1765
1738
1724
1734
1730
1695
1706
1722
1707
1701
1695
1685
1683
1671
1666
1678
1679
1669
1663
1694
1706
1710
1700
1744
1760
1749
1751
1781
1800
1814
1814
1866
1892
1897
1905
1932
1954
1943
1945
1972
1990
1978
1960
1989
1995
1981
1984
2018
2066
1980
1976
1993
1974
1969
1952
1981
1936
1929
1889
1901
1912
1884
1849
1860
1873
1821
1840
1873
1855
1870
1883
1934
1937
1938
1969
2014
1990
2007
1991
2048
2037
2034
2053
2017
2027
2007
2002
2033
1974
1952
1951
1958
1924
1886
1862
1856
1843
1792
1768
1780
1742
1720
1679
1684
1677
1621
1594
1590
1575
1542
1562
1519
1499
1470
1464
1446
1427
1383
1332
1316
1269
1201
1150
1137
1105
1054
1032
1017
992
979
943
943
925
907
924
922
912
898
913
927
948
962
956
1012
1037
1040
1075
1105
1104
1117
1131
1152
1174
1169
1196
1230
1264
1244
1283
1298
1310
1325
1341
1369
1381
1367
1376
1417
1454
1428
1466
1479
1462
1476
1474
1518
1506
1492
1511
1545
1528
1529
1511
1534
1513
1512
1516
1505
1502
1490
1492
1479
1477
1455
1454
1454
1445
1402
1391
1410
1367
1330
1319
1326
1294
1240
1196
1219
1177
1117
1082
1070
1030
1006
972
976
962
950
915
921
943
887
885
893
916
882
902
936
940
963
964
1008
1034
1029
1052
1117
1139
1137
1159
1222
1275
1260
1281
1341
1364
1350
1389
1437
1444
1441
1434
1479
1478
1459
1448
1460
1492
1463
1443
1482
1506
1481
1499
1499
1503
1517
1507
1536
1508
1517
1523
1561
1567
1567
1562
1602
1598
1621
1604
1633
1615
1597
1625
1616
1624
1640
1640
1645
1616
1623
1607
1607
1616
1599
1608
1635
1623
1615
1629
1629
1650
1626
1629
1642
1641
1665
1640
1633
1628
1624
1606
1613
1621
1615
1633
1614
1634
1622
1633
1635
1651
1625
1609
1655
1675
1652
1658
1661
1687
1679
1666
1705
1689
1685
1721
1718
1725
1699
1674
1681
1696
1673
1672
1668
1683
1691
1677
1699
1693
1663
1679
1682
1695
1672
1644
1670
1681
1635
1631
1653
1670
1681
1667
1681
1662
1666
1647
1688
1674
1667
1637
1662
1666
1618
1588
1619
1604
1575
1539
1566
1534
1500
1496
1547
1532
1531
1509
1520
1539
1515
1539
1570
1555
1546
1529
1576
1578
1569
1549
1570
1603
1579
1569
1633
1564
1563
1532
1551
1518
1490
1463
1470
1463
1423
1418
1434
1448
1408
1398
1408
1415
1414
1394
1414
1410
1411
1409
1452
1427
1420
1433
1439
1448
1454
1412
1467
1421
1407
1403
1404
1400
1368
1349
1362
1368
1331
1341
1350
1337
1315
1318
1325
1310
1296
1271
1284
1256
1258
1238
1265
1316
1243
1222
1246
1240
1234
1233
1248
1219
1222
1202
1222
1235
1196
1205
1217
1259
1215
1231
1196
1228
1206
1196
1215
1220
1210
1189
1205
1205
1163
1165
1188
1188
1145
1166
1176
1205
1150
1163
1178
1195
1164
1154
1173
1168
1164
1140
1165
1177
1174
1170
1164
1177
1171
1167
1194
1179
1182
1165
1174
1203
1142
1160
1156
1154
1145
1123
1169
1165
1133
1118
1152
1140
1130
1119
1123
1115
1094
1077
1092
1067
1058
1069
1076
1062
1053
1014
1019
1005
1013
982
1001
1003
949
943
971
990
953
939
957
984
950
961
971
976
952
974
985
990
993
965
989
1022
996
1016
1026
1029
1009
1008
1048
1035
1006
1007
1028
1036
994
1000
1020
1053
1037
1020
1057
1051
1021
1017
1049
1045
1036
1035
1054
1032
1019
1004
1019
1022
1008
991
1011
998
992
999
1015
999
996
975
988
988
964
980
997
989
969
969
1012
979
951
970
982
970
939
921
946
938
916
941
954
945
921
953
953
964
937
946
962
965
947
951
978
984
951
990
993
975
972
942
957
964
954
933
947
943
928
922
959
949
911
919
956
919
908
925
920
925
912
919
916
962
930
934
937
927
913
905
900
916
887
910
913
899
915
878
906
889
894
889
945
908
872
874
906
909
913
906
916
939
901
908
954
939
940
925
929
936
876
710
376
375
375
376
375
376
374
377
941
908
375
376
377
0
0

