;UFOS3
;Measurement details: channel = D, date = 02.06.2018, time = 16:16:53
Exposure=608
Gain=0
Temperature=26.0
Accummulate=4
3.422 mu
3.497 amas
16.39 hs
0 ozone
0 uva
0 uvb
0 uve
[Value]
0
375
375
375
374
374
376
375
426
437
490
474
441
450
491
462
463
435
507
470
472
443
514
477
466
444
503
477
465
470
510
499
464
454
511
490
476
442
492
482
451
448
518
497
471
447
511
491
461
451
490
497
445
458
506
485
439
454
507
482
463
444
485
473
459
444
512
477
458
443
512
480
446
465
509
485
459
447
488
481
458
459
502
472
451
459
498
489
441
451
524
498
449
461
510
501
447
436
510
493
438
454
498
487
452
460
504
482
455
449
502
476
449
464
509
487
446
456
494
476
450
461
510
482
465
464
496
487
456
449
489
478
457
447
497
504
451
463
496
470
476
456
496
487
449
454
497
496
442
502
507
488
442
451
510
483
483
452
499
501
437
441
488
487
476
476
491
489
475
446
506
483
469
479
499
489
444
466
508
474
446
450
497
494
468
452
519
487
459
472
493
513
441
467
491
479
460
460
507
479
459
450
504
488
464
448
492
466
458
454
513
482
440
468
492
485
447
446
490
513
470
448
502
475
463
462
515
482
449
437
502
474
438
462
501
491
449
457
475
482
481
454
491
488
455
469
496
473
472
455
496
482
457
453
493
515
460
472
506
482
450
518
508
483
462
436
481
485
465
440
485
474
445
467
504
492
453
459
494
489
456
453
493
505
459
438
510
467
463
457
500
504
456
448
482
486
455
445
502
486
470
452
499
491
472
468
483
479
461
436
495
493
482
450
493
489
458
458
500
481
445
458
501
482
445
461
489
483
463
453
510
484
456
457
502
481
481
436
510
510
456
451
490
497
444
465
514
491
454
452
500
484
440
456
482
471
448
458
496
477
475
455
497
479
475
453
515
479
465
461
488
486
463
460
484
495
450
452
492
479
464
446
509
480
449
466
487
477
457
452
496
495
445
447
492
469
457
442
494
528
461
451
506
509
456
454
525
470
468
453
490
478
456
446
485
480
484
464
490
479
457
464
490
488
448
443
506
468
464
452
495
475
448
438
509
495
439
459
510
492
464
462
484
501
440
451
495
488
457
435
495
461
450
487
493
477
464
466
497
495
474
445
495
479
457
454
488
486
443
457
491
508
461
439
501
471
457
480
502
485
474
461
509
474
451
457
489
481
453
464
484
471
459
448
504
472
466
451
504
473
470
462
503
471
443
480
485
492
450
452
504
474
463
445
484
478
452
478
492
480
461
456
495
471
454
451
492
485
454
486
505
482
463
458
490
488
468
462
491
494
460
461
474
485
465
452
490
478
446
438
487
467
474
452
485
482
479
470
500
479
444
456
501
484
460
473
497
498
457
453
493
474
459
449
498
494
458
466
497
478
455
457
489
485
454
454
496
482
459
468
498
479
451
480
514
461
468
449
489
471
471
471
494
475
462
457
489
462
454
460
495
475
451
468
494
480
440
464
490
476
472
454
506
470
449
462
518
469
442
465
490
487
518
451
507
477
451
444
478
474
446
447
478
484
441
447
480
458
477
465
487
466
459
439
481
480
446
440
487
479
457
459
489
472
472
465
499
482
457
438
503
470
455
458
490
467
460
469
497
467
455
451
496
466
465
446
491
476
457
464
506
467
459
429
480
480
455
449
481
475
462
453
462
466
450
450
477
479
446
443
498
487
453
462
477
460
452
468
481
483
453
452
495
487
448
464
482
479
467
473
483
489
470
656
485
494
483
460
478
473
457
459
484
460
451
463
489
457
462
458
500
483
467
464
483
460
465
452
488
474
453
454
478
504
468
440
482
475
445
453
493
487
461
458
489
462
452
464
468
482
450
464
487
472
462
460
478
469
460
453
487
468
456
449
500
472
462
467
468
480
460
457
501
465
464
461
488
472
446
454
491
470
452
454
490
467
460
461
486
465
469
455
481
473
482
460
477
480
458
457
487
482
469
464
487
483
451
443
476
467
479
464
474
474
448
459
476
474
444
463
481
468
462
465
482
464
441
452
500
479
465
472
478
473
451
449
474
462
455
459
483
483
464
452
485
479
470
494
482
460
465
459
481
477
453
465
473
480
458
469
492
467
456
457
472
480
469
461
481
464
456
456
480
472
461
465
480
488
457
450
483
461
459
473
480
467
463
457
481
473
453
456
485
470
480
455
491
467
458
460
475
481
462
460
479
470
491
442
482
468
475
446
478
486
453
461
490
477
441
449
481
508
461
452
468
471
476
461
482
462
468
470
478
464
485
465
482
474
474
453
479
463
459
454
469
464
491
462
471
465
468
472
476
467
464
462
480
474
448
446
487
470
475
449
476
465
464
465
467
463
449
449
469
475
459
452
478
480
456
457
481
471
464
465
473
469
459
452
482
476
474
447
471
483
447
462
467
458
453
459
491
475
459
462
473
477
468
473
484
473
456
480
476
480
464
467
470
470
460
459
454
464
472
468
489
479
451
470
487
470
466
455
475
481
466
449
469
471
463
466
490
483
469
453
475
477
470
460
480
450
453
463
485
482
466
469
474
468
471
449
492
467
467
449
486
488
455
452
471
465
488
470
483
471
471
462
480
483
455
470
472
461
457
462
480
483
462
462
479
461
463
468
482
484
470
462
480
467
458
476
478
470
460
474
463
484
476
464
470
474
470
455
464
459
461
446
465
478
464
464
477
470
461
464
468
475
459
454
473
464
459
471
475
464
466
457
484
465
467
463
476
463
457
453
495
463
474
477
474
470
476
469
473
472
458
469
479
468
484
465
477
463
478
478
491
475
474
459
470
465
447
458
467
496
462
463
472
478
491
459
464
478
458
461
488
468
464
456
528
476
476
467
476
474
458
462
461
460
463
463
470
461
452
455
469
460
475
451
473
471
483
462
472
472
462
468
471
473
467
483
463
466
458
464
466
463
464
465
483
480
462
474
489
471
472
457
465
479
467
472
481
480
473
457
480
464
471
457
467
458
485
461
477
475
478
456
475
462
468
458
478
482
485
462
465
467
472
468
491
453
453
465
463
470
468
448
483
472
474
458
465
450
472
460
483
461
477
468
487
459
478
441
454
452
456
459
465
471
470
464
462
473
474
456
495
462
452
474
494
463
459
453
459
463
475
468
465
457
472
471
476
475
478
467
489
471
467
465
475
464
472
458
482
467
469
456
466
460
466
455
482
464
451
470
483
473
468
484
466
470
464
455
468
466
480
463
469
461
462
463
472
466
468
469
451
469
466
468
475
476
473
456
467
479
466
451
482
473
464
474
471
467
470
457
461
468
467
460
460
471
475
466
453
474
462
460
478
466
473
467
473
473
480
462
474
473
481
482
472
477
478
453
468
470
459
451
474
472
472
467
487
483
465
456
466
460
481
478
474
471
492
475
478
471
471
448
477
468
481
460
475
469
476
458
476
469
445
477
481
459
447
481
458
469
469
469
461
485
463
477
483
473
487
480
461
461
476
465
471
475
476
459
466
455
475
458
472
457
474
463
467
459
473
469
479
458
471
471
462
457
467
474
461
462
494
464
474
450
472
460
476
466
468
479
467
466
459
478
469
475
470
471
457
464
468
480
455
465
476
459
472
453
466
463
475
473
464
477
462
459
475
466
475
469
464
472
471
457
475
471
461
460
458
475
457
470
460
465
479
472
462
476
463
458
487
464
470
465
458
460
462
469
452
462
460
456
481
468
454
472
468
455
452
457
456
458
452
456
463
464
478
466
479
475
477
462
456
463
476
491
473
452
466
460
461
461
471
467
465
465
460
466
459
464
465
466
457
453
479
453
460
466
459
469
458
466
489
462
462
474
455
468
466
468
470
465
471
446
466
465
453
473
472
467
464
451
472
451
464
462
464
449
477
469
467
459
466
470
460
453
460
448
456
461
451
471
464
468
447
464
458
449
487
473
471
460
461
474
486
476
474
468
459
458
459
458
468
464
462
467
441
465
455
455
456
484
476
466
472
467
457
467
454
461
456
463
461
461
460
454
472
444
469
466
459
474
468
469
466
459
462
471
469
467
469
458
455
464
470
475
476
470
465
454
467
469
470
454
480
449
462
468
478
469
457
467
477
465
489
463
474
453
462
469
466
462
480
465
483
460
462
461
462
456
474
455
458
467
466
470
471
471
473
470
458
459
466
466
468
464
476
463
466
462
453
457
471
501
458
461
463
461
469
484
462
450
466
456
466
461
457
467
482
456
482
448
471
464
458
489
469
453
465
461
474
454
454
462
460
466
471
465
474
454
470
479
465
459
461
470
479
453
470
471
460
444
470
474
455
467
463
487
484
463
481
461
497
448
479
466
467
476
445
465
465
456
465
478
466
462
474
461
465
459
460
468
464
467
465
457
475
465
478
458
445
448
475
464
473
464
461
483
458
478
463
482
490
461
478
469
467
458
480
467
460
464
457
462
475
466
478
452
465
475
466
473
461
459
463
470
459
453
465
462
461
457
455
469
469
465
461
460
471
457
477
466
484
455
467
465
456
472
474
471
476
449
466
488
469
460
473
457
464
453
460
466
477
458
468
486
459
464
474
476
467
468
480
488
469
457
485
464
460
464
466
486
473
449
467
461
464
462
476
472
481
457
479
463
470
465
463
465
461
466
474
474
461
458
471
487
471
469
469
471
470
457
469
463
458
459
471
463
471
468
467
465
463
473
468
473
474
454
463
471
486
490
466
453
469
463
473
460
448
473
467
468
458
450
458
455
476
453
519
458
472
457
475
475
487
460
468
475
471
470
466
472
463
464
454
473
455
449
468
463
458
455
462
461
457
454
464
463
475
456
474
478
457
456
469
470
478
459
489
479
460
506
473
467
459
460
466
483
473
470
473
483
467
456
475
474
479
470
473
469
463
467
457
469
482
454
484
462
462
470
476
474
471
462
491
470
464
455
475
467
472
461
469
457
450
487
479
484
462
461
476
469
456
457
476
476
476
455
477
472
485
479
466
455
454
471
481
467
481
459
465
475
468
461
477
482
461
477
465
469
468
456
481
482
475
458
472
473
461
470
478
465
454
459
469
479
460
450
475
473
464
452
475
468
474
456
486
473
459
464
480
491
457
451
478
473
471
450
469
505
450
460
469
467
452
466
484
458
470
454
459
465
468
463
474
482
454
457
474
474
478
459
464
472
454
471
479
451
461
450
488
464
455
461
478
487
465
478
488
476
454
456
474
458
454
471
475
466
457
452
477
476
450
467
478
469
465
461
479
480
464
458
471
476
458
466
481
482
477
465
483
466
460
472
472
492
460
471
484
496
474
458
473
486
478
459
468
478
459
469
481
487
468
459
467
472
463
484
481
480
477
474
481
486
475
458
477
475
466
471
479
502
458
463
490
468
467
472
473
473
445
454
472
484
461
451
482
482
461
462
477
488
455
470
477
464
470
457
479
470
457
462
485
463
463
447
470
481
462
470
482
478
502
452
475
484
454
461
478
482
460
457
480
468
455
445
488
474
460
470
474
463
471
456
493
471
460
463
480
471
464
451
479
473
474
468
467
473
468
472
488
495
448
461
479
481
475
474
478
482
461
446
479
479
454
470
473
475
465
454
499
473
463
456
490
470
455
461
474
477
459
455
489
494
482
459
470
469
453
464
476
489
474
459
473
477
477
475
483
478
451
461
471
484
468
457
473
485
451
461
488
496
454
457
479
480
457
451
478
473
480
448
486
473
470
459
509
473
471
466
466
483
469
467
468
488
461
462
487
474
448
476
490
491
446
446
462
481
451
457
489
472
471
459
484
480
482
458
474
459
493
454
485
465
451
462
478
474
456
455
476
491
463
458
484
485
472
466
480
475
478
453
493
474
461
471
480
476
467
454
480
488
451
463
474
488
453
459
510
492
464
472
473
477
456
461
472
496
469
459
472
482
460
455
489
476
461
461
486
484
467
473
481
495
467
462
486
468
462
489
503
488
480
468
480
489
458
452
487
504
476
466
494
493
454
474
480
483
453
449
508
488
465
462
507
549
466
468
486
467
460
465
480
490
462
475
488
499
455
466
485
479
474
477
496
490
456
470
490
496
458
476
484
477
488
459
477
492
464
457
488
501
448
456
477
487
452
458
494
493
457
466
478
464
467
442
478
491
459
477
477
483
464
458
481
494
471
459
491
484
459
461
479
499
459
455
483
490
449
462
497
479
463
452
473
480
464
470
474
481
469
472
475
476
477
462
488
502
461
452
490
507
462
486
500
472
466
469
505
498
466
457
485
495
463
463
498
480
460
453
494
475
476
475
470
479
470
452
488
477
437
497
487
491
456
467
475
493
452
463
485
471
466
471
491
510
447
467
507
479
464
472
493
469
463
464
472
492
451
473
489
500
454
449
485
486
454
455
486
486
473
462
490
498
460
470
504
485
462
462
513
472
459
455
486
484
463
450
481
498
467
455
481
487
470
443
491
486
471
486
506
500
466
450
486
481
462
456
491
483
461
459
494
484
457
462
484
470
463
462
484
493
470
464
488
476
457
448
485
484
464
472
493
478
452
465
481
468
466
470
485
476
457
460
492
484
471
450
494
486
467
461
486
481
447
454
491
474
471
458
480
495
458
469
483
487
455
460
504
478
465
473
509
478
463
450
510
482
456
467
471
484
467
456
495
473
471
456
479
504
456
499
479
495
459
467
472
501
460
470
484
491
462
448
493
473
456
462
494
489
474
454
479
496
455
456
473
489
465
468
482
495
464
454
465
481
472
472
479
486
456
452
467
481
465
460
490
487
464
456
478
475
459
467
481
487
476
470
479
476
450
458
482
527
461
468
477
479
470
462
478
478
450
476
482
469
475
469
473
476
467
463
475
484
459
453
480
479
468
451
477
488
461
458
466
467
457
450
468
483
471
464
477
486
463
458
473
486
478
460
468
485
460
454
484
524
451
461
485
477
474
457
499
480
490
459
486
495
478
460
469
484
452
462
494
467
456
450
480
480
456
468
487
473
478
457
502
475
467
497
468
488
464
466
508
468
466
474
492
482
467
455
475
492
459
472
490
480
463
457
470
487
452
450
466
475
464
503
474
477
466
477
472
479
465
460
479
480
462
462
479
478
458
469
476
481
479
465
474
470
457
479
476
475
452
460
461
472
464
447
479
482
460
470
481
468
468
464
476
479
452
461
473
490
451
465
469
464
462
458
474
478
457
461
480
509
468
493
493
467
458
452
488
472
462
466
494
476
468
467
481
468
471
472
474
475
463
478
467
471
458
466
468
479
458
463
492
471
455
464
494
486
460
452
507
493
476
470
483
480
473
460
479
482
480
459
476
501
456
458
465
489
452
465
482
471
479
465
483
488
460
453
495
487
458
452
477
504
465
463
483
487
453
469
495
487
468
458
491
482
458
451
459
490
463
447
477
489
453
466
471
468
474
469
489
467
462
449
483
476
461
455
477
468
475
460
475
462
443
465
458
469
478
475
482
464
470
463
473
475
447
462
486
473
474
472
474
493
467
466
475
467
493
470
474
475
482
475
480
486
473
483
464
482
472
475
473
498
463
453
489
507
468
471
476
493
469
452
486
467
458
496
492
498
473
459
474
491
474
469
466
474
477
473
487
487
457
471
476
492
462
445
473
494
460
464
477
489
482
468
478
468
468
453
481
478
472
451
487
491
462
443
477
475
469
447
490
486
459
460
509
487
484
461
472
485
455
476
489
478
461
456
477
481
468
453
469
495
473
471
526
472
471
451
484
470
463
459
481
483
461
462
479
497
464
465
468
478
469
461
476
473
468
463
497
473
453
455
458
468
471
448
504
474
464
471
476
483
457
455
475
482
459
469
481
472
452
463
482
471
467
461
480
465
467
459
474
527
457
458
485
476
474
484
493
474
466
456
470
485
452
456
468
503
467
485
462
492
472
473
481
488
473
460
478
485
454
467
487
492
452
474
484
504
452
461
475
498
465
452
475
478
471
450
467
481
471
481
473
485
469
466
481
478
473
459
473
498
451
478
473
472
470
456
491
484
460
444
480
474
464
464
474
472
462
462
488
479
473
479
479
480
479
455
468
469
477
465
476
486
447
449
473
497
465
457
468
496
463
467
474
483
459
478
487
493
486
456
472
499
461
475
480
480
458
453
492
481
457
465
482
494
455
461
476
497
477
463
494
489
457
460
487
490
474
476
497
483
470
464
478
484
472
461
472
463
457
471
486
477
471
460
469
474
453
466
483
481
456
464
507
487
460
486
492
492
464
454
480
478
453
476
490
480
451
477
476
486
458
471
478
481
459
465
481
488
454
488
482
474
471
450
473
483
470
460
470
475
461
456
491
489
453
466
496
467
460
473
465
476
457
473
464
504
471
479
478
471
460
462
460
477
457
477
484
473
489
454
474
462
471
467
517
485
448
457
482
482
481
472
475
491
458
459
500
482
479
464
466
479
463
471
374
375
377
375
375
376
373
375
481
467
374
375
376
0
0

