;UFOS3
;Measurement details: channel = Z-D, date = 02.06.2018, time = 16:26:54
Exposure=650
Gain=0
Temperature=25.7
Accummulate=4
3.664 mu
3.748 amas
15.193 hs
328 ozone
0 uva
0 uvb
0 uve
[Value]
0
0
0
3
-1
-1
0
-1
-3
-3
-2
-2
0
-1
2
-3
1
-2
-3
-2
-3
-1
2
3
-1
-1
3
-2
3
-2
-2
-1
1
-1
1
-1
-1
-2
0
1
0
-1
3
-1
1
2
0
-1
1
-2
1
1
-1
1
4
-1
3
-1
0
0
-1
2
-1
-1
3
1
1
-1
1
-2
0
0
1
3
1
1
-1
2
1
0
-2
-4
1
-2
-1
-1
-1
-2
1
0
-1
3
6
-3
0
0
1
0
1
2
0
-2
0
1
-1
-1
2
0
5
1
0
1
-2
0
2
4
-1
2
1
-1
0
-1
1
5
2
0
-1
1
1
2
3
0
-1
0
-2
-2
2
1
2
3
1
2
-1
0
2
0
2
0
-1
3
1
-1
-1
3
0
-1
3
1
2
2
1
-1
-1
2
1
2
2
0
3
1
0
-1
-1
0
1
2
1
-1
2
-3
4
0
1
-3
4
0
3
2
2
1
-2
0
1
-1
0
-2
3
1
-4
-3
0
2
2
3
-1
1
2
2
3
0
0
0
-3
3
4
-2
1
-1
3
-2
1
3
3
-1
0
2
1
-2
3
2
3
1
1
-1
3
2
1
-1
-1
-2
2
0
3
0
2
2
0
1
2
-1
0
3
1
2
1
0
3
2
0
4
2
0
1
1
2
0
0
1
0
-2
1
0
2
0
-2
1
-1
1
-1
4
1
-4
1
1
0
-2
-1
3
0
-2
2
0
2
0
6
5
1
3
-3
-3
2
1
2
1
6
-1
2
2
0
-1
4
1
3
-2
1
0
4
1
2
3
1
0
0
2
3
2
2
1
0
2
5
0
2
1
2
3
7
-2
0
5
0
0
3
1
4
3
1
1
2
1
0
0
-2
0
2
1
2
-2
-2
1
2
1
0
0
2
2
5
3
2
4
1
1
2
4
-2
1
-1
1
4
2
1
3
3
3
0
-1
4
1
3
2
-3
4
4
1
3
2
2
3
1
6
-1
2
4
3
3
2
4
2
-1
2
2
0
-2
1
4
1
3
1
1
2
2
-1
4
6
0
-1
2
-2
3
3
1
5
1
0
3
-1
-1
2
3
4
-1
2
2
1
2
3
-1
6
3
4
3
2
4
4
3
0
3
2
0
2
3
3
3
1
1
1
6
3
2
0
1
2
2
3
1
2
0
7
1
1
2
5
0
1
4
1
4
0
5
1
2
5
1
1
1
3
2
3
5
3
2
4
4
-2
3
2
-1
0
0
0
4
2
2
3
2
2
0
3
4
0
1
0
-2
3
3
5
1
4
4
1
2
2
2
-1
1
6
4
1
3
5
3
1
3
1
6
0
1
3
0
3
1
0
0
2
3
-2
2
1
2
0
5
3
3
0
2
1
1
5
3
2
2
3
1
4
-1
1
3
-1
4
1
2
-1
2
7
3
3
4
1
0
5
0
0
6
3
5
2
4
2
3
4
3
1
2
7
6
3
2
2
6
3
3
2
4
4
-1
3
-2
4
2
4
3
3
4
3
3
5
5
5
2
-1
6
4
2
3
1
4
2
3
3
5
4
1
6
5
4
2
4
2
3
7
4
3
2
4
5
4
2
2
9
5
3
2
1
7
4
3
6
0
7
2
4
4
2
0
6
1
3
2
0
3
5
3
5
4
0
3
3
1
2
3
3
6
4
3
5
3
3
-1
3
4
3
3
3
3
6
5
4
4
4
2
5
4
2
3
5
5
8
6
5
6
6
2
8
5
7
4
6
5
5
6
3
7
4
3
3
2
3
2
3
4
6
3
1
3
3
4
6
4
4
3
3
-1
7
5
6
0
5
5
3
6
4
5
4
4
6
6
7
3
10
4
6
3
7
5
4
5
3
5
5
2
3
7
6
3
5
5
5
7
4
5
3
5
6
4
7
4
2
6
7
4
4
6
6
8
7
4
7
3
5
7
3
8
7
4
4
5
6
5
10
4
6
5
5
6
6
5
6
12
8
7
5
7
6
5
8
10
8
5
6
6
6
4
4
6
9
6
7
7
7
6
7
10
10
8
7
8
6
7
5
9
9
8
10
6
9
7
10
7
8
5
7
9
11
8
6
9
8
8
10
13
10
12
10
9
12
9
12
11
12
13
15
15
11
9
13
13
12
16
12
11
14
13
14
15
11
15
14
14
12
12
16
13
16
18
15
13
15
13
12
14
17
15
17
13
16
13
15
16
16
17
15
20
18
18
18
19
19
21
20
21
26
20
21
23
24
25
26
24
25
29
25
28
28
24
31
28
31
31
27
26
28
32
28
28
31
30
32
30
34
34
34
33
33
33
32
31
34
32
33
32
35
30
35
34
33
34
32
30
34
36
36
33
36
34
36
34
41
41
45
40
42
44
44
43
46
51
46
49
45
49
51
49
50
52
56
54
60
58
56
59
63
61
65
70
68
72
74
73
78
80
81
85
88
89
88
94
95
99
96
103
104
110
107
108
113
110
116
111
116
113
113
120
118
118
122
117
120
124
124
124
125
130
133
129
134
134
136
136
138
137
148
145
151
147
153
158
156
159
163
165
167
170
171
178
174
175
180
177
181
178
181
183
185
182
190
183
181
182
187
185
185
182
189
189
191
194
200
203
205
205
212
217
223
228
226
227
222
226
234
231
233
227
231
238
236
237
241
243
244
246
249
247
259
262
269
269
281
288
294
296
295
298
303
299
297
294
297
295
290
279
275
274
263
257
255
248
244
244
245
240
237
239
239
245
248
251
259
260
273
278
285
292
300
313
323
326
339
345
352
355
358
364
370
376
384
381
389
389
404
406
408
408
414
418
425
425
429
429
438
443
440
441
442
435
432
427
418
408
405
394
395
394
386
389
398
391
390
393
411
404
419
422
438
446
452
461
481
497
515
536
552
568
585
587
599
600
607
601
602
609
614
604
614
598
597
592
591
583
589
577
583
579
578
573
577
581
586
595
606
607
613
624
638
647
659
674
689
712
722
729
749
770
777
793
810
824
834
857
865
877
894
895
885
889
887
874
873
863
852
835
829
810
805
791
788
778
777
772
773
772
776
781
795
794
803
810
821
831
837
838
844
847
849
852
852
850
847
835
835
821
808
787
772
750
739
719
697
687
682
671
661
671
674
670
678
684
687
697
708
707
708
721
742
744
760
773
784
792
812
824
837
854
872
874
884
906
908
916
931
937
945
949
962
965
980
978
979
972
969
968
976
971
956
954
952
945
933
929
917
909
904
903
899
902
904
897
897
895
898
902
897
896
907
903
911
917
925
945
958
970
999
1006
1028
1047
1064
1089
1110
1137
1151
1161
1177
1193
1207
1213
1226
1228
1227
1230
1236
1235
1256
1268
1267
1283
1284
1301
1307
1316
1326
1326
1350
1345
1371
1368
1378
1384
1373
1387
1387
1389
1382
1374
1374
1378
1361
1355
1342
1335
1331
1316
1320
1310
1312
1315
1320
1332
1333
1336
1350
1349
1353
1335
1342
1347
1351
1348
1363
1363
1368
1375
1385
1381
1389
1389
1408
1413
1428
1433
1473
1476
1506
1534
1553
1584
1597
1641
1657
1680
1719
1750
1778
1812
1832
1857
1882
1904
1934
1944
1962
1964
1964
1959
1943
1944
1919
1913
1904
1901
1894
1890
1879
1883
1879
1889
1883
1875
1874
1856
1851
1826
1806
1790
1771
1766
1748
1711
1678
1647
1627
1598
1580
1557
1546
1533
1537
1522
1502
1484
1462
1429
1408
1385
1369
1355
1365
1362
1351
1346
1358
1364
1374
1390
1414
1433
1458
1492
1509
1547
1560
1571
1591
1593
1587
1593
1592
1577
1582
1578
1558
1557
1558
1544
1543
1527
1520
1503
1503
1504
1508
1498
1483
1490
1493
1497
1509
1517
1520
1521
1521
1524
1513
1505
1494
1480
1461
1445
1439
1426
1393
1386
1382
1377
1379
1366
1367
1347
1334
1339
1338
1327
1321
1318
1328
1336
1357
1377
1399
1418
1438
1477
1491
1505
1523
1524
1542
1538
1538
1528
1531
1528
1522
1524
1544
1544
1552
1549
1560
1555
1573
1570
1581
1583
1585
1600
1617
1637
1645
1653
1671
1660
1671
1666
1663
1634
1608
1580
1543
1512
1479
1451
1426
1415
1400
1391
1381
1365
1378
1365
1381
1389
1382
1392
1401
1414
1424
1451
1471
1469
1493
1497
1497
1501
1494
1469
1462
1434
1397
1390
1368
1354
1330
1337
1351
1356
1383
1411
1441
1481
1502
1545
1572
1618
1639
1661
1673
1672
1695
1713
1717
1740
1750
1772
1763
1763
1764
1759
1761
1763
1773
1767
1789
1800
1808
1824
1835
1846
1873
1899
1926
1950
1977
1968
1980
1969
1972
1958
1941
1932
1901
1875
1856
1827
1810
1790
1791
1773
1784
1807
1819
1830
1839
1846
1861
1883
1932
1963
2009
2039
2072
2094
2116
2142
2149
2156
2143
2142
2135
2129
2114
2107
2098
2083
2043
2031
2029
1998
1988
1959
1933
1897
1895
1887
1888
1882
1879
1875
1851
1845
1828
1822
1810
1785
1766
1757
1751
1750
1762
1744
1740
1737
1728
1727
1738
1743
1753
1751
1751
1776
1782
1797
1815
1822
1836
1844
1846
1842
1849
1841
1843
1834
1824
1823
1810
1791
1770
1765
1764
1741
1752
1752
1756
1753
1774
1767
1773
1784
1779
1772
1755
1753
1752
1751
1754
1757
1757
1752
1749
1731
1722
1716
1688
1665
1640
1622
1594
1546
1523
1484
1449
1409
1392
1353
1319
1287
1251
1230
1212
1193
1196
1183
1181
1177
1174
1191
1207
1229
1251
1284
1327
1355
1407
1434
1479
1501
1517
1540
1554
1570
1591
1603
1631
1644
1654
1677
1683
1691
1697
1694
1700
1700
1696
1681
1674
1649
1639
1631
1618
1601
1603
1594
1590
1575
1566
1557
1562
1564
1575
1567
1570
1573
1576
1593
1608
1617
1632
1656
1669
1690
1724
1742
1769
1792
1802
1809
1805
1802
1807
1798
1802
1801
1792
1788
1789
1767
1750
1715
1711
1687
1690
1681
1678
1689
1680
1672
1663
1683
1681
1683
1697
1701
1703
1702
1711
1711
1725
1718
1741
1743
1747
1766
1767
1777
1800
1805
1817
1815
1834
1826
1827
1809
1806
1796
1802
1799
1802
1807
1812
1792
1816
1823
1838
1845
1843
1817
1806
1782
1763
1747
1745
1754
1764
1772
1802
1816
1837
1861
1881
1903
1937
1954
1988
2017
2053
2084
2118
2155
2181
2205
2231
2263
2289
2302
2305
2291
2294
2262
2247
2223
2213
2200
2184
2186
2188
2167
2162
2137
2129
2097
2077
2050
2030
2041
2012
2020
2021
2022
2010
2024
2034
2039
2061
2073
2091
2101
2125
2124
2139
2154
2168
2170
2178
2165
2164
2119
2083
2032
1975
1919
1880
1837
1795
1763
1754
1743
1749
1748
1761
1774
1794
1805
1827
1844
1858
1870
1881
1898
1915
1940
1974
1989
2023
2034
2052
2048
2059
2051
2046
2026
2018
1995
1988
1992
1991
1991
2000
2016
2011
2010
2029
2034
2040
2041
2054
2059
2080
2093
2107
2116
2135
2155
2163
2159
2151
2135
2107
2101
2102
2087
2093
2073
2060
2042
2022
1994
1985
1961
1934
1934
1919
1907
1885
1866
1856
1840
1833
1833
1820
1820
1789
1761
1735
1706
1706
1673
1663
1647
1654
1663
1679
1691
1705
1743
1747
1742
1736
1716
1698
1679
1684
1671
1661
1662
1654
1631
1624
1599
1584
1549
1514
1488
1460
1420
1392
1374
1359
1361
1356
1369
1391
1390
1411
1400
1405
1407
1402
1411
1405
1410
1419
1429
1435
1444
1450
1439
1434
1417
1402
1381
1365
1354
1349
1335
1316
1310
1282
1263
1236
1212
1182
1163
1165
1153
1155
1149
1156
1165
1174
1205
1238
1257
1297
1329
1354
1384
1411
1449
1484
1524
1567
1615
1643
1695
1752
1785
1832
1877
1906
1936
1956
1993
1999
2010
2013
2015
2038
2038
2060
2057
2056
2054
2036
2027
2013
1986
1973
1947
1926
1902
1884
1865
1859
1840
1814
1790
1742
1706
1682
1659
1639
1627
1635
1640
1651
1658
1665
1673
1698
1690
1705
1729
1743
1769
1790
1804
1827
1837
1854
1865
1859
1836
1821
1809
1779
1759
1749
1736
1723
1724
1743
1750
1756
1743
1744
1739
1746
1766
1790
1844
1900
1931
2002
2050
2092
2138
2180
2212
2227
2247
2228
2224
2177
2164
2140
2119
2097
2068
2058
2022
1983
1953
1924
1900
1883
1863
1852
1842
1839
1851
1881
1899
1932
1974
2025
2056
2097
2109
2144
2140
2158
2152
2151
2139
2113
2067
2039
2004
1997
1960
1938
1904
1873
1838
1816
1785
1757
1737
1731
1711
1728
1708
1741
1740
1761
1783
1799
1832
1841
1866
1884
1890
1905
1935
1961
1995
2021
2039
2066
2084
2109
2127
2140
2163
2177
2199
2204
2204
2205
2211
2211
2206
2211
2186
2197
2185
2174
2170
2170
2154
2151
2137
2129
2115
2109
2083
2061
2059
2040
2019
1998
1975
1962
1952
1945
1928
1929
1915
1912
1889
1876
1868
1872
1870
1872
1867
1861
1849
1868
1859
1857
1857
1856
1851
1830
1830
1812
1793
1794
1788
1773
1771
1763
1755
1743
1727
1731
1711
1723
1701
1703
1694
1671
1665
1665
1643
1654
1636
1646
1645
1662
1653
1691
1699
1711
1721
1747
1752
1783
1805
1833
1845
1867
1893
1924
1927
1947
1949
1958
1959
1965
1956
1954
1938
1912
1886
1869
1836
1821
1809
1808
1800
1806
1783
1777
1766
1768
1761
1752
1747
1747
1731
1719
1704
1685
1651
1636
1624
1618
1589
1607
1596
1603
1617
1626
1653
1675
1714
1733
1793
1844
1866
1882
1898
1923
1942
1970
1992
1996
2002
1983
1980
1953
1938
1916
1893
1870
1829
1792
1770
1729
1704
1684
1665
1656
1640
1640
1640
1646
1630
1614
1605
1593
1584
1584
1582
1581
1566
1564
1543
1558
1574
1595
1599
1644
1646
1673
1679
1668
1651
1629
1608
1593
1574
1545
1524
1484
1431
1404
1363
1344
1331
1335
1340
1359
1371
1402
1438
1486
1527
1561
1622
1661
1690
1728
1748
1782
1786
1803
1802
1794
1773
1761
1736
1696
1647
1606
1555
1527
1496
1464
1444
1443
1446
1448
1461
1477
1488
1512
1540
1587
1626
1667
1704
1738
1752
1777
1810
1844
1856
1885
1899
1909
1904
1911
1920
1918
1905
1898
1878
1860
1846
1821
1822
1804
1785
1786
1797
1792
1782
1801
1800
1823
1833
1853
1854
1856
1853
1859
1864
1848
1859
1872
1884
1904
1909
1928
1936
1956
1975
1974
1975
2000
1997
2033
2039
2053
2072
2074
2091
2101
2124
2137
2154
2164
2182
2188
2190
2183
2204
2215
2216
2218
2231
2238
2242
2247
2224
2237
2212
2210
2190
2164
2144
2110
2083
2033
2017
1973
1945
1925
1881
1862
1825
1799
1760
1735
1702
1681
1668
1653
1627
1630
1620
1597
1578
1570
1562
1555
1530
1528
1504
1478
1469
1463
1439
1437
1430
1435
1434
1444
1460
1470
1481
1491
1510
1517
1535
1551
1563
1593
1620
1635
1648
1657
1663
1657
1653
1651
1660
1661
1664
1647
1628
1615
1578
1575
1552
1537
1517
1504
1504
1470
1456
1453
1446
1435
1412
1418
1391
1365
1343
1331
1297
1271
1253
1226
1206
1193
1182
1169
1166
1147
1141
1131
1123
1107
1089
1077
1046
1026
1011
997
977
973
951
952
957
949
935
931
921
908
897
895
889
878
868
871
872
872
871
874
871
878
863
873
864
863
857
862
845
839
843
840
840
849
851
866
874
897
912
937
955
981
993
1004
1034
1046
1077
1103
1130
1150
1170
1215
1234
1251
1278
1285
1294
1298
1300
1313
1307
1312
1318
1312
1313
1316
1317
1311
1305
1283
1258
1253
1241
1236
1252
1249
1241
1231
1222
1217
1193
1191
1183
1157
1135
1122
1115
1133
1148
1154
1159
1166
1177
1184
1181
1203
1203
1214
1251
1287
1298
1317
1333
1357
1370
1373
1365
1360
1356
1343
1323
1302
1297
1273
1255
1239
1218
1210
1197
1222
1213
1244
1238
1251
1243
1255
1254
1269
1276
1312
1318
1329
1336
1328
1322
1334
1329
1317
1312
1313
1307
1296
1283
1271
1264
1269
1268
1269
1256
1248
1239
1231
1234
1224
1225
1222
1214
1232
1233
1235
1244
1257
1268
1285
1298
1315
1318
1331
1355
1384
1390
1424
1435
1456
1481
1476
1497
1508
1518
1523
1534
1526
1526
1543
1541
1548
1556
1571
1571
1560
1543
1538
1522
1520
1517
1514
1480
1467
1460
1443
1439
1432
1412
1408
1407
1391
1387
1406
1411
1442
1462
1477
1484
1511
1536
1551
1551
1558
1556
1581
1588
1585
1578
1578
1564
1557
1553
1547
1530
1503
1511
1491
1458
1449
1424
1401
1372
1354
1326
1310
1292
1272
1255
1244
1211
1188
1164
1147
1105
1095
1086
1060
1041
1025
999
983
962
943
898
844
803
756
707
678
637
606
577
547
527
505
495
481
463
465
455
451
452
455
464
478
494
509
530
543
573
591
617
627
645
661
675
695
712
728
753
774
789
807
831
852
864
883
897
906
919
928
944
953
972
984
998
1005
1017
1030
1043
1050
1054
1055
1067
1070
1069
1073
1071
1073
1061
1066
1063
1060
1044
1040
1039
1040
1029
1015
1008
1000
981
972
953
941
916
893
867
850
827
801
760
726
697
654
617
595
568
547
520
510
491
485
467
454
452
442
431
433
441
446
455
467
483
497
515
537
562
581
606
645
669
696
730
760
793
817
846
878
901
915
936
964
979
986
1002
1015
1020
1023
1030
1032
1028
1021
1017
1024
1040
1047
1050
1059
1062
1058
1059
1073
1064
1080
1094
1100
1123
1136
1137
1151
1152
1167
1169
1182
1185
1176
1188
1181
1187
1191
1187
1189
1179
1169
1171
1166
1167
1176
1177
1169
1175
1172
1170
1188
1188
1197
1198
1198
1201
1209
1205
1194
1183
1181
1162
1161
1159
1164
1178
1185
1169
1185
1181
1183
1184
1191
1185
1195
1203
1212
1215
1224
1224
1233
1234
1247
1242
1253
1256
1254
1253
1246
1241
1229
1240
1227
1231
1238
1236
1236
1238
1252
1238
1242
1235
1233
1234
1237
1215
1223
1213
1209
1203
1205
1214
1227
1222
1231
1221
1235
1234
1232
1231
1225
1213
1206
1202
1189
1179
1176
1156
1136
1109
1109
1082
1065
1066
1063
1072
1076
1075
1080
1079
1084
1099
1105
1101
1104
1107
1117
1125
1135
1128
1125
1136
1133
1131
1135
1114
1122
1108
1096
1070
1050
1036
1019
1005
990
982
979
965
967
964
956
960
972
962
963
964
961
969
977
984
998
991
1008
1004
1007
996
991
972
971
962
953
942
933
912
912
903
900
891
888
893
884
877
861
861
848
833
833
819
816
808
799
813
803
794
787
781
784
772
776
770
775
774
773
769
765
770
776
774
772
774
755
757
754
749
753
758
758
747
748
740
734
721
723
718
712
714
720
721
715
719
725
719
720
713
715
711
713
706
716
713
721
714
716
709
723
721
723
725
732
728
722
719
718
702
703
703
698
694
694
700
698
692
688
681
677
669
665
664
652
634
622
610
602
611
608
598
593
574
560
551
550
537
538
523
522
516
516
509
499
500
501
512
501
506
510
511
511
515
515
512
519
522
535
544
550
554
557
562
567
570
568
568
568
567
563
553
556
555
563
566
571
574
585
581
577
579
583
569
571
571
570
568
559
555
557
548
551
549
554
543
547
545
541
548
539
528
537
528
526
525
522
523
522
519
514
508
500
507
505
501
496
481
479
476
482
483
482
485
489
495
488
493
491
495
497
500
502
501
511
511
515
519
522
519
521
506
501
497
492
496
487
484
486
480
482
476
465
471
478
470
467
464
463
464
472
468
463
471
474
479
476
464
470
456
453
450
453
450
447
443
444
439
445
436
438
433
437
446
435
433
443
438
451
447
458
460
457
458
463
472
473
474
480
472
424
250
-3
-1
0
0
-2
-1
-1
0
475
448
-7
-1
1
0
0

