;UFOS3
;Measurement details: channel = Z-D, date = 02.06.2018, time = 16:46:55
Exposure=758
Gain=0
Temperature=25.2
Accummulate=4
4.25 mu
4.369 amas
12.844 hs
323 ozone
0 uva
0 uvb
0 uve
[Value]
0
-2
1
1
-2
0
1
0
-3
2
-2
-3
-1
-3
-1
-1
0
-1
-1
-2
0
0
-1
1
-2
-3
-2
3
4
2
4
3
-2
0
0
1
1
1
-1
-3
0
2
3
0
0
0
0
-1
-2
1
0
2
-2
0
0
-2
2
-1
-3
0
2
3
4
0
1
0
2
1
1
0
-1
-1
-1
-1
2
1
2
-1
-2
2
-3
-1
-1
-1
3
3
-1
-2
1
0
3
-3
-2
2
-1
-1
0
-1
0
0
1
-2
2
1
1
0
1
-1
4
-1
2
-3
0
2
6
1
3
-1
-1
-3
0
-1
-3
1
5
1
-2
4
2
-1
0
2
-1
3
2
0
1
4
1
3
0
1
-1
2
-1
0
4
0
-1
5
2
-1
0
4
2
-1
0
0
-2
-2
0
3
0
2
-1
3
0
1
1
1
1
1
0
1
3
0
-1
2
3
-2
0
3
3
1
2
1
0
-2
2
2
3
1
-5
-1
0
0
1
-3
3
1
1
1
1
2
0
1
0
1
4
0
-1
0
-2
-1
1
-1
1
1
0
1
2
1
2
2
3
0
2
1
0
-1
1
0
0
3
-1
-1
0
-2
3
1
0
0
-1
-1
0
-1
1
1
2
0
-2
-3
2
3
4
1
1
1
0
-1
1
4
4
1
3
1
2
1
3
1
1
0
-2
1
0
2
0
0
3
-1
1
4
1
2
2
0
1
0
1
5
1
6
3
-3
2
1
2
0
1
1
5
1
3
1
-1
-2
0
-1
4
0
-2
3
1
1
3
4
0
3
-2
3
2
0
3
-1
3
0
1
2
1
3
1
1
4
0
3
2
1
3
1
7
2
3
2
5
2
0
4
4
-1
-1
2
2
-1
0
2
2
4
3
3
1
1
0
2
-1
2
1
2
1
0
2
0
1
5
2
2
1
-3
1
3
6
1
1
0
2
3
0
2
1
2
0
2
0
0
1
1
1
1
2
1
2
0
0
0
0
-1
4
2
-1
0
3
0
1
4
1
1
2
2
1
2
1
2
4
3
2
2
4
1
1
3
2
1
3
4
2
2
2
1
0
-2
-1
3
0
0
0
2
2
3
-3
3
1
2
3
1
5
1
3
3
5
2
4
3
0
1
0
3
4
3
0
0
2
5
4
3
2
3
3
-1
4
1
0
2
2
3
3
2
3
4
2
4
1
2
2
4
2
1
0
3
-1
16
2
5
-1
5
2
2
1
2
3
2
-1
4
1
0
4
-1
3
1
1
3
2
2
2
2
2
0
3
3
-1
3
2
1
1
3
1
1
-1
3
3
3
4
1
2
2
3
2
2
3
4
-1
3
1
3
2
2
4
0
-1
1
6
3
4
1
0
3
3
3
0
2
5
0
1
-1
4
5
1
0
-1
3
3
-3
4
2
1
2
1
-1
5
2
3
1
4
1
-1
0
2
3
2
2
3
1
7
3
-1
-2
2
3
5
1
1
3
2
1
2
1
5
3
3
1
3
3
4
3
3
2
4
0
5
1
3
6
6
4
7
0
3
3
1
6
3
6
2
1
4
2
3
3
4
4
2
2
5
1
4
2
3
1
5
2
3
4
6
3
5
2
5
3
4
0
2
2
0
6
2
1
3
8
3
3
4
5
6
4
5
3
0
4
2
6
3
5
3
5
3
2
3
2
6
3
3
2
1
2
1
3
7
3
5
4
3
4
6
4
4
3
6
6
7
2
4
3
3
4
4
6
7
5
3
2
5
5
5
1
8
6
1
2
4
6
3
2
3
2
6
-1
1
6
5
5
5
5
7
4
8
4
6
0
4
4
2
7
5
3
2
5
7
2
5
3
4
4
1
1
8
0
6
3
8
6
4
4
6
2
9
4
5
7
5
3
4
2
9
5
7
3
4
5
6
8
5
6
6
8
5
5
5
6
5
-1
4
2
4
5
6
5
3
2
5
5
8
6
6
4
3
5
6
4
6
6
8
5
3
5
5
5
9
5
6
8
8
5
10
5
4
6
8
6
7
6
6
7
5
8
5
5
6
3
9
4
8
11
8
7
9
8
6
9
9
7
6
8
5
8
8
10
10
11
10
12
9
6
8
6
12
12
9
12
7
9
9
11
12
8
9
13
12
9
9
12
13
10
10
8
11
13
13
12
12
9
13
10
13
13
9
14
11
14
15
13
12
11
10
12
13
14
13
13
17
14
14
12
15
13
14
15
14
15
14
13
17
18
18
18
20
17
20
20
21
23
18
22
25
21
22
19
24
23
24
21
26
23
22
25
22
22
22
23
24
23
29
25
28
27
27
25
27
26
26
25
25
27
28
30
25
26
26
25
29
26
28
26
26
27
29
29
27
27
35
30
31
29
33
32
35
37
40
35
39
40
39
38
39
43
40
41
40
47
44
44
48
47
52
50
50
51
53
56
58
56
62
62
61
69
69
69
71
74
72
78
79
78
80
82
81
83
87
85
88
87
88
90
89
93
96
93
93
93
97
95
98
98
97
102
98
103
105
109
112
113
113
112
118
116
119
120
122
124
126
126
127
132
132
135
141
134
139
142
142
142
147
144
149
149
147
145
149
146
148
147
148
146
159
150
153
155
156
154
157
160
165
169
173
174
177
184
187
184
185
185
185
181
191
185
190
191
195
193
200
199
204
205
206
212
213
224
223
224
236
240
241
246
248
246
248
249
247
247
247
247
235
233
232
221
218
215
212
207
203
202
201
196
200
197
202
205
214
216
219
223
228
234
242
251
253
267
277
279
293
301
296
303
309
311
317
322
328
334
338
334
342
341
346
357
354
358
361
365
365
369
377
378
376
377
373
371
372
362
355
352
343
337
337
337
331
334
340
338
340
338
354
361
366
369
374
388
394
410
424
438
457
469
487
500
517
523
532
534
538
536
533
537
538
531
540
536
535
529
521
513
517
512
504
510
501
508
505
507
516
517
527
533
541
552
558
573
583
593
608
622
629
646
660
673
691
708
720
735
748
760
779
796
800
798
806
800
801
786
790
778
767
759
748
739
730
729
718
709
707
710
705
697
712
711
718
732
736
739
750
753
758
760
763
762
772
770
770
765
762
758
749
734
732
708
697
672
658
642
630
620
618
605
596
599
604
606
620
618
625
621
638
648
642
657
677
686
701
715
719
731
748
760
781
793
803
808
824
830
847
856
870
870
887
881
896
900
906
913
907
900
910
905
900
902
892
888
878
877
868
865
852
838
838
828
829
821
832
826
832
828
827
830
826
823
832
834
836
847
857
867
881
893
917
934
955
972
991
1006
1032
1054
1071
1079
1103
1111
1134
1135
1148
1153
1152
1146
1163
1170
1181
1186
1201
1212
1219
1224
1236
1241
1250
1259
1274
1286
1296
1295
1306
1305
1305
1312
1318
1308
1302
1298
1303
1290
1284
1273
1271
1256
1257
1234
1228
1226
1221
1229
1238
1243
1242
1257
1266
1262
1258
1259
1261
1267
1266
1253
1264
1273
1278
1287
1296
1300
1300
1301
1324
1325
1349
1354
1386
1402
1424
1461
1477
1502
1527
1551
1578
1596
1632
1663
1698
1724
1746
1781
1799
1821
1854
1863
1878
1875
1887
1874
1861
1843
1843
1834
1822
1825
1820
1805
1806
1808
1803
1804
1803
1798
1795
1776
1770
1732
1729
1702
1688
1673
1657
1622
1607
1567
1541
1510
1497
1468
1465
1463
1458
1441
1421
1401
1387
1354
1332
1309
1300
1287
1288
1292
1283
1284
1291
1295
1305
1310
1347
1371
1396
1415
1446
1465
1501
1505
1519
1531
1528
1531
1529
1513
1517
1507
1506
1491
1493
1483
1474
1469
1470
1450
1453
1455
1442
1435
1437
1433
1432
1442
1451
1466
1465
1462
1461
1463
1445
1451
1429
1413
1412
1394
1369
1359
1344
1347
1329
1324
1319
1308
1308
1289
1286
1284
1278
1267
1270
1265
1281
1290
1295
1320
1351
1358
1390
1404
1427
1446
1456
1469
1480
1494
1486
1484
1475
1474
1463
1473
1488
1492
1488
1493
1511
1502
1514
1515
1528
1533
1538
1544
1566
1583
1604
1605
1611
1613
1620
1620
1609
1578
1559
1532
1503
1461
1433
1411
1391
1370
1351
1346
1343
1328
1339
1326
1340
1345
1342
1350
1359
1371
1387
1397
1424
1421
1437
1452
1458
1447
1445
1425
1405
1385
1354
1334
1314
1303
1290
1286
1299
1309
1338
1362
1390
1423
1453
1486
1525
1555
1582
1598
1610
1617
1637
1651
1662
1692
1686
1704
1713
1704
1704
1710
1703
1704
1706
1717
1726
1752
1752
1769
1780
1797
1824
1844
1872
1891
1921
1924
1924
1925
1910
1897
1888
1880
1836
1829
1805
1784
1760
1736
1738
1733
1736
1749
1776
1782
1788
1805
1818
1840
1877
1915
1950
1978
2015
2036
2053
2076
2093
2085
2094
2077
2077
2069
2061
2059
2033
2018
2000
1970
1959
1942
1930
1904
1885
1841
1837
1841
1836
1845
1827
1823
1817
1794
1791
1781
1753
1741
1718
1707
1711
1703
1706
1695
1685
1687
1687
1688
1688
1696
1705
1704
1712
1730
1748
1751
1768
1780
1787
1801
1798
1793
1801
1801
1794
1789
1778
1772
1772
1753
1741
1721
1722
1710
1712
1704
1714
1723
1734
1731
1740
1740
1736
1734
1721
1714
1706
1699
1708
1704
1721
1702
1703
1688
1671
1669
1650
1624
1598
1581
1553
1513
1481
1445
1417
1376
1350
1320
1283
1249
1228
1193
1185
1166
1150
1139
1146
1149
1146
1168
1186
1193
1229
1261
1294
1328
1369
1399
1440
1464
1479
1504
1531
1534
1552
1565
1588
1605
1630
1633
1650
1645
1652
1663
1660
1660
1659
1637
1632
1620
1606
1588
1586
1567
1572
1554
1553
1534
1527
1525
1525
1534
1534
1537
1546
1546
1551
1557
1574
1594
1606
1624
1649
1641
1688
1705
1728
1744
1755
1766
1763
1764
1768
1768
1758
1757
1768
1756
1742
1727
1707
1688
1677
1666
1657
1651
1649
1643
1647
1627
1638
1637
1654
1659
1656
1664
1668
1665
1672
1682
1699
1685
1696
1701
1711
1721
1736
1745
1761
1762
1778
1783
1795
1793
1794
1785
1769
1765
1767
1766
1762
1774
1767
1761
1782
1797
1803
1802
1804
1789
1764
1748
1727
1713
1711
1719
1730
1735
1767
1783
1802
1811
1855
1869
1903
1917
1953
1988
2007
2044
2083
2110
2143
2171
2194
2216
2248
2261
2268
2253
2250
2230
2207
2183
2170
2156
2149
2146
2142
2134
2120
2093
2090
2054
2045
2025
2009
1989
1983
1973
1972
1972
1973
1991
1994
2005
2019
2035
2043
2061
2088
2088
2100
2120
2130
2130
2138
2131
2122
2075
2039
1997
1949
1888
1838
1788
1757
1743
1728
1718
1716
1717
1720
1737
1764
1775
1795
1828
1833
1831
1846
1866
1879
1897
1941
1950
1979
2006
2007
2019
2024
2019
2005
1991
1989
1968
1960
1963
1950
1953
1970
1968
1973
1981
1990
2003
2003
2002
2014
2036
2036
2051
2064
2086
2107
2127
2132
2119
2111
2094
2075
2072
2066
2051
2052
2039
2020
2005
1985
1960
1952
1927
1908
1892
1879
1866
1854
1837
1822
1806
1805
1801
1800
1771
1747
1737
1702
1676
1670
1654
1636
1629
1631
1641
1649
1669
1680
1715
1723
1718
1707
1692
1679
1657
1646
1658
1635
1636
1630
1613
1600
1586
1558
1520
1491
1466
1440
1398
1374
1356
1337
1343
1335
1346
1364
1373
1378
1380
1379
1388
1383
1386
1384
1381
1399
1399
1417
1426
1419
1416
1408
1396
1376
1355
1344
1333
1325
1314
1308
1288
1271
1239
1212
1193
1173
1148
1140
1131
1137
1131
1137
1145
1167
1198
1221
1253
1285
1311
1347
1373
1396
1428
1466
1504
1543
1592
1621
1670
1726
1764
1810
1859
1872
1910
1940
1956
1965
1979
1990
1997
1998
2018
2025
2030
2038
2012
2011
1996
1992
1959
1945
1915
1901
1872
1868
1842
1831
1818
1789
1754
1712
1692
1661
1620
1606
1604
1615
1614
1632
1633
1647
1651
1656
1663
1688
1711
1727
1745
1761
1781
1799
1830
1836
1841
1836
1798
1794
1786
1766
1742
1723
1711
1703
1710
1726
1729
1734
1732
1719
1725
1730
1753
1769
1817
1880
1909
1968
2026
2065
2111
2147
2184
2207
2215
2207
2196
2164
2128
2117
2087
2073
2033
2030
1997
1970
1926
1906
1885
1859
1837
1840
1822
1820
1833
1853
1865
1919
1952
2002
2032
2069
2090
2113
2119
2146
2117
2125
2118
2093
2041
2010
2004
1967
1936
1910
1877
1863
1816
1786
1767
1737
1718
1723
1692
1704
1693
1716
1721
1745
1763
1780
1816
1821
1847
1863
1879
1889
1911
1948
1975
2004
2009
2038
2073
2089
2098
2114
2144
2149
2178
2184
2178
2186
2189
2200
2188
2185
2168
2170
2167
2159
2160
2143
2137
2124
2116
2101
2087
2083
2063
2043
2024
2016
2010
1983
1951
1948
1932
1933
1906
1912
1897
1889
1860
1860
1852
1852
1844
1857
1851
1842
1828
1846
1843
1837
1836
1844
1834
1815
1807
1789
1778
1775
1766
1755
1753
1751
1743
1724
1723
1714
1709
1706
1699
1689
1669
1662
1652
1636
1636
1637
1637
1621
1638
1638
1653
1674
1688
1698
1719
1732
1742
1768
1797
1808
1835
1858
1880
1900
1910
1922
1935
1947
1943
1945
1947
1941
1922
1896
1878
1855
1831
1804
1784
1795
1789
1786
1771
1763
1763
1758
1753
1738
1733
1737
1722
1699
1687
1665
1635
1625
1606
1608
1583
1599
1589
1597
1598
1613
1643
1662
1690
1717
1781
1826
1853
1870
1878
1908
1927
1946
1972
1985
1976
1979
1966
1948
1924
1897
1890
1853
1814
1785
1754
1716
1686
1669
1653
1640
1625
1633
1639
1635
1615
1614
1590
1576
1572
1575
1570
1561
1558
1554
1532
1553
1551
1581
1595
1634
1633
1656
1664
1659
1642
1624
1608
1575
1564
1540
1524
1477
1433
1384
1354
1343
1330
1322
1335
1348
1361
1389
1435
1469
1519
1561
1602
1653
1690
1722
1735
1771
1775
1790
1795
1787
1772
1753
1717
1691
1648
1609
1560
1529
1493
1454
1441
1433
1437
1444
1459
1470
1473
1508
1530
1571
1620
1655
1694
1729
1755
1771
1797
1825
1842
1882
1891
1899
1901
1904
1905
1908
1896
1886
1869
1856
1830
1818
1806
1796
1766
1778
1783
1782
1771
1781
1803
1813
1825
1847
1845
1850
1838
1851
1851
1852
1849
1861
1882
1897
1903
1926
1935
1955
1966
1975
1973
1987
1997
2025
2030
2046
2060
2078
2086
2106
2114
2139
2145
2155
2154
2175
2179
2179
2195
2212
2197
2211
2218
2229
2242
2242
2225
2217
2210
2200
2173
2161
2138
2107
2072
2025
2009
1969
1935
1915
1882
1848
1802
1786
1753
1724
1691
1677
1659
1645
1622
1625
1613
1598
1581
1571
1553
1550
1526
1518
1496
1473
1463
1461
1440
1437
1431
1432
1433
1431
1456
1474
1479
1500
1501
1517
1535
1545
1566
1586
1607
1626
1639
1646
1659
1652
1656
1659
1654
1658
1660
1646
1621
1605
1584
1568
1544
1529
1513
1513
1505
1477
1444
1440
1443
1436
1415
1403
1392
1372
1342
1325
1297
1272
1248
1226
1212
1189
1171
1170
1158
1151
1142
1130
1122
1098
1082
1065
1050
1031
1008
1001
978
965
952
957
953
941
936
934
924
907
901
895
885
873
863
880
868
874
868
873
871
884
871
880
866
864
861
857
838
847
836
842
838
841
849
872
881
894
913
939
949
980
990
1011
1042
1059
1068
1100
1129
1156
1175
1211
1240
1258
1275
1286
1285
1302
1304
1309
1312
1307
1318
1315
1311
1312
1316
1318
1300
1278
1258
1253
1246
1233
1246
1253
1241
1233
1233
1216
1210
1193
1178
1163
1146
1129
1104
1129
1152
1152
1156
1168
1186
1181
1184
1200
1203
1218
1249
1271
1303
1325
1331
1355
1373
1371
1364
1372
1356
1342
1319
1311
1294
1269
1258
1238
1216
1208
1199
1215
1224
1237
1241
1253
1250
1249
1255
1267
1279
1309
1316
1334
1334
1327
1327
1333
1328
1320
1317
1307
1305
1303
1289
1275
1270
1269
1270
1262
1259
1256
1248
1235
1242
1225
1227
1227
1218
1230
1236
1245
1251
1264
1279
1295
1299
1316
1322
1337
1360
1386
1393
1418
1434
1459
1478
1480
1509
1510
1514
1528
1533
1521
1530
1545
1539
1553
1563
1552
1572
1560
1543
1539
1526
1530
1518
1514
1487
1477
1464
1437
1444
1439
1415
1414
1417
1393
1400
1420
1416
1441
1466
1483
1495
1513
1537
1556
1550
1572
1561
1581
1594
1597
1589
1577
1572
1574
1560
1556
1540
1508
1510
1498
1463
1454
1437
1403
1386
1357
1332
1319
1295
1285
1253
1248
1214
1199
1164
1148
1113
1103
1087
1058
1041
1031
1008
986
961
940
891
858
806
754
715
676
640
605
580
555
529
516
495
476
467
459
459
454
458
460
468
481
495
515
531
558
579
600
619
637
659
665
681
698
711
728
762
777
797
819
834
854
871
886
904
913
932
937
945
965
976
990
1000
1015
1017
1038
1047
1056
1060
1058
1069
1076
1076
1077
1073
1074
1066
1082
1064
1056
1048
1047
1047
1041
1034
1023
1009
994
987
972
957
942
916
893
874
859
831
807
768
736
699
661
624
599
567
548
524
514
497
488
466
465
451
449
440
444
445
448
458
477
483
506
518
544
571
588
619
650
672
706
733
769
797
830
849
883
916
918
945
976
987
997
1006
1020
1026
1032
1030
1033
1029
1031
1028
1036
1047
1060
1055
1063
1067
1068
1063
1072
1075
1090
1113
1117
1125
1138
1140
1157
1162
1172
1183
1191
1191
1186
1201
1187
1202
1193
1193
1187
1188
1185
1173
1179
1182
1188
1188
1187
1191
1185
1189
1194
1206
1204
1204
1211
1204
1212
1217
1195
1178
1177
1167
1178
1165
1182
1188
1195
1185
1187
1195
1201
1194
1198
1200
1197
1219
1220
1220
1228
1232
1236
1249
1255
1253
1265
1272
1274
1266
1258
1252
1244
1240
1238
1246
1246
1238
1246
1252
1257
1240
1246
1245
1244
1239
1245
1233
1229
1233
1214
1218
1220
1223
1230
1231
1243
1240
1242
1237
1245
1240
1241
1225
1224
1215
1200
1180
1177
1169
1147
1125
1113
1088
1076
1064
1079
1089
1090
1088
1083
1095
1097
1100
1121
1111
1116
1127
1132
1129
1144
1134
1133
1146
1144
1142
1149
1131
1141
1121
1102
1087
1063
1042
1030
1017
997
992
986
989
975
974
969
977
977
971
974
966
985
986
992
991
999
1010
1018
1018
1006
999
999
990
978
963
964
957
944
931
920
912
904
907
896
900
898
887
878
857
857
842
838
820
822
813
815
823
809
800
799
791
787
784
780
778
780
777
785
779
776
781
777
785
780
778
770
769
757
758
761
765
768
755
755
751
735
730
723
721
719
714
721
735
725
731
734
730
732
728
728
714
732
722
720
724
727
719
723
722
731
729
734
730
735
740
735
732
722
710
707
714
702
703
708
707
704
701
697
698
688
677
681
666
658
636
633
620
620
619
619
613
597
579
569
553
554
545
538
537
526
520
520
516
509
502
504
515
510
513
516
514
518
520
519
524
527
528
542
549
561
567
573
575
571
578
577
579
580
570
575
563
560
569
567
577
576
586
585
592
589
586
587
581
586
583
582
578
568
571
568
555
557
555
559
555
553
553
550
555
542
538
539
538
531
537
533
530
527
528
522
515
512
510
507
503
497
488
486
480
491
492
490
490
499
495
499
501
504
504
502
507
510
512
519
514
520
527
533
523
528
507
510
507
503
497
500
491
490
483
489
480
478
475
480
477
474
470
474
467
476
471
475
480
478
484
475
469
470
464
460
456
454
458
451
442
451
447
446
444
439
442
454
443
441
443
444
445
455
463
461
464
468
468
470
477
481
483
486
475
432
256
-5
-2
1
0
-3
-2
0
1
484
458
-2
2
-1
0
0

