;UFOS3
;Measurement details: channel = D, date = 02.06.2018, time = 16:36:54
Exposure=701
Gain=0
Temperature=25.5
Accummulate=4
3.937 mu
4.035 amas
14.012 hs
0 ozone
0 uva
0 uvb
0 uve
[Value]
0
374
373
371
373
373
374
371
425
436
490
478
440
451
490
462
465
433
509
472
478
444
513
479
470
445
504
479
469
476
510
506
468
459
513
493
480
444
492
484
455
452
520
498
478
448
512
497
464
453
492
501
446
462
509
488
440
460
509
482
467
448
483
478
464
446
516
482
461
448
515
482
447
469
512
491
461
450
491
484
462
462
504
478
455
463
499
493
443
454
529
503
454
463
510
506
451
439
511
498
441
459
499
489
454
462
505
484
460
456
504
480
451
470
510
489
450
457
494
480
452
460
511
484
465
467
499
493
460
451
490
483
461
450
502
511
454
469
499
474
476
463
497
492
450
459
501
502
442
507
510
496
441
455
511
486
489
456
503
506
438
447
492
491
479
484
496
491
477
447
505
486
474
485
503
489
446
472
511
478
444
452
501
500
474
457
523
496
462
474
492
519
443
471
495
482
462
463
508
483
457
455
509
492
468
453
493
466
459
455
512
485
442
474
494
487
450
447
491
518
475
452
504
476
468
469
519
486
452
436
504
476
438
463
504
493
446
459
478
482
484
458
491
490
455
474
495
474
474
459
498
487
461
461
495
522
465
475
507
485
452
527
513
485
467
437
485
488
468
443
488
479
447
470
509
495
453
465
499
493
460
455
497
508
460
442
510
471
465
464
502
512
456
453
486
492
456
449
506
490
472
453
501
494
476
470
483
478
465
439
503
501
484
454
494
498
465
460
502
485
447
462
500
485
449
464
490
484
466
457
514
487
456
460
504
485
482
437
512
517
459
454
490
502
444
467
520
495
457
456
502
489
443
461
480
474
448
463
497
476
480
457
502
488
479
457
517
484
469
465
490
489
469
465
488
497
456
452
494
483
466
450
511
481
452
468
486
477
458
452
500
498
445
453
492
472
462
444
499
534
466
455
511
513
456
455
532
471
470
456
493
482
458
448
487
484
487
468
493
478
459
466
491
491
451
444
504
472
465
454
499
479
449
436
514
501
438
463
510
498
467
464
484
506
438
453
498
492
460
433
502
464
449
493
499
477
469
470
503
501
480
447
495
483
461
458
490
494
447
463
493
510
463
442
499
471
460
485
507
491
476
466
511
476
455
461
491
486
452
467
487
476
460
448
505
476
468
456
542
478
477
466
504
474
443
480
488
497
453
451
508
478
465
449
485
479
451
484
497
480
462
458
496
474
457
450
495
489
457
493
512
483
465
460
492
492
470
462
492
500
464
463
474
489
469
457
488
480
450
441
489
473
478
457
484
484
484
472
503
481
449
460
503
488
463
475
500
501
462
455
493
478
460
454
501
499
461
471
498
481
458
459
491
490
455
455
502
485
459
468
503
484
451
482
517
462
467
452
493
474
474
476
498
477
463
460
492
463
458
467
498
477
454
475
495
484
441
472
491
480
477
456
507
472
451
467
523
470
443
467
492
493
527
452
509
478
453
447
478
479
449
451
480
488
444
451
482
461
477
472
489
468
462
442
483
482
446
443
490
481
460
464
489
474
473
470
500
486
459
443
499
477
460
457
494
468
466
473
500
470
458
455
497
466
467
448
493
476
460
468
510
466
462
434
482
484
457
450
479
478
463
458
466
467
455
451
480
482
451
446
500
488
452
469
482
463
451
471
482
485
454
454
497
496
449
467
482
484
474
480
483
494
471
683
487
500
483
465
478
476
456
461
486
463
452
463
492
457
464
463
504
485
469
467
485
460
469
451
491
478
454
458
483
510
470
440
484
477
444
456
499
492
463
466
492
460
458
468
471
488
451
471
488
472
465
466
477
467
461
454
486
473
456
454
502
474
463
467
468
485
463
460
504
468
466
464
491
473
447
458
492
473
452
459
490
468
462
462
490
467
473
456
484
473
483
461
479
486
461
460
490
493
473
469
491
486
453
447
479
470
482
468
477
478
452
460
475
474
446
468
484
471
461
469
485
469
444
455
503
482
470
478
479
472
451
450
472
466
459
463
486
486
470
454
489
484
469
500
485
463
468
462
482
480
453
470
475
486
461
472
496
469
454
459
475
480
473
461
484
464
456
459
482
475
465
467
483
492
456
453
485
465
461
475
479
469
466
462
482
478
453
457
486
471
482
458
492
470
458
458
477
484
465
461
481
473
494
443
483
468
477
450
478
490
453
463
491
478
442
458
484
514
465
454
472
476
478
463
482
461
469
472
479
466
486
466
483
477
479
454
483
464
461
456
468
467
497
463
472
466
473
475
475
471
462
462
485
479
449
449
489
470
479
454
480
461
463
469
469
466
447
446
471
477
462
452
482
485
456
458
484
471
469
467
472
472
461
455
484
480
475
447
471
482
448
464
463
460
454
461
492
478
462
462
478
478
469
476
484
475
455
479
479
481
468
468
474
470
464
457
452
468
474
467
494
481
451
473
491
471
472
457
475
484
469
452
470
473
465
467
492
483
472
455
477
480
476
461
481
451
453
463
489
486
468
473
477
470
475
451
493
469
468
449
490
490
456
454
471
463
490
470
488
473
474
463
483
489
454
474
471
461
458
462
481
487
463
461
480
462
463
471
484
486
474
466
482
469
458
477
480
468
456
476
463
486
475
465
468
474
472
456
464
460
461
445
465
481
465
460
477
471
463
467
470
477
463
456
476
465
459
473
476
463
467
462
489
467
466
465
476
464
458
454
499
463
475
478
474
475
475
468
473
474
459
469
481
468
485
463
480
465
480
479
491
478
478
459
469
466
447
461
470
501
463
462
472
481
497
459
464
483
459
462
490
470
464
456
535
477
478
469
479
479
458
463
462
462
465
464
472
462
454
462
468
459
477
451
475
474
487
464
476
475
465
469
474
475
469
484
461
468
460
466
470
466
466
466
484
484
466
480
492
473
475
459
468
480
466
472
481
486
475
457
484
468
470
459
469
460
491
463
481
476
479
456
476
464
469
460
479
488
486
466
465
467
472
470
496
454
454
468
466
477
470
448
487
476
478
461
465
451
473
463
487
461
476
468
492
460
482
441
455
452
457
464
466
474
474
466
460
479
477
458
498
465
455
478
496
465
461
452
461
464
476
472
465
461
475
474
476
479
482
469
490
474
468
466
479
467
474
455
485
469
470
458
468
462
467
456
481
466
453
471
488
478
469
487
466
471
469
458
468
468
483
463
468
464
462
467
471
467
467
471
452
470
470
472
474
479
478
459
471
484
468
451
484
474
464
480
471
471
474
461
464
473
471
462
462
471
476
470
451
478
463
461
484
471
475
465
475
474
480
465
481
479
482
488
471
480
481
454
472
474
460
453
478
476
475
467
490
486
468
462
469
464
483
481
476
475
499
478
480
471
474
447
481
470
483
463
474
473
475
460
479
471
443
482
489
460
451
486
463
472
472
470
463
487
467
481
485
477
491
482
465
463
477
469
472
477
477
458
471
458
474
461
472
460
475
465
469
461
474
469
479
456
473
477
463
460
470
474
463
465
497
467
473
450
473
460
481
468
472
482
470
469
458
483
469
479
473
476
461
468
470
489
460
467
477
462
472
456
470
462
477
477
467
484
462
465
476
472
477
468
470
472
469
457
479
477
462
463
460
479
457
469
465
469
481
476
465
481
464
461
489
465
473
467
463
459
464
473
455
464
465
459
485
469
454
475
468
456
452
458
458
459
455
459
465
468
483
467
482
477
481
463
456
468
475
495
475
455
468
463
459
461
475
466
467
469
463
470
458
464
468
466
456
454
483
452
463
468
461
471
458
467
488
465
465
477
458
469
470
475
472
467
474
448
463
470
456
478
476
472
464
450
478
452
467
466
468
450
480
473
470
460
467
472
460
456
462
451
455
461
450
473
468
473
447
468
458
449
490
474
471
459
464
478
488
477
479
469
461
459
462
458
469
469
463
472
441
468
459
455
456
486
480
468
472
468
460
469
456
462
457
465
463
465
461
452
471
444
473
470
462
475
473
473
466
460
463
474
470
469
472
460
458
464
469
480
477
469
469
456
472
471
472
456
483
451
463
473
479
470
460
472
481
470
491
465
475
456
465
472
468
468
481
468
486
461
465
463
463
458
475
460
461
469
466
473
474
472
472
475
457
462
465
469
468
466
480
463
469
466
454
459
475
517
459
461
465
462
471
489
463
454
467
458
467
461
457
471
486
461
482
453
474
464
457
494
469
452
467
463
474
459
454
465
463
469
473
467
477
455
471
481
464
460
465
469
482
455
472
471
459
443
473
479
458
468
467
487
487
465
485
461
498
449
482
472
468
483
444
467
467
457
467
478
463
466
479
462
469
459
462
470
464
469
468
459
477
463
482
460
444
450
481
461
476
463
465
487
456
482
464
483
495
464
479
469
469
460
487
471
458
463
458
462
479
470
483
455
467
474
466
474
461
461
466
471
459
457
467
462
462
458
457
470
472
466
461
461
475
461
484
472
486
458
468
466
457
472
477
475
480
449
463
491
471
465
476
457
465
456
463
468
478
463
471
490
461
465
476
479
470
469
481
493
471
461
489
468
461
464
468
491
474
452
470
464
468
465
477
473
487
456
482
465
473
466
463
466
463
467
477
478
463
460
471
488
473
473
471
474
474
459
471
464
456
464
472
463
476
472
468
465
462
476
470
475
474
454
460
473
490
495
465
456
471
464
477
461
448
473
470
470
457
451
458
455
478
459
527
459
474
461
477
476
491
462
469
478
470
472
465
474
463
467
456
475
457
452
469
466
459
459
465
461
460
457
465
464
479
456
475
481
457
458
469
473
479
460
491
481
460
511
475
470
461
462
465
487
473
472
474
487
462
459
478
477
483
469
476
470
464
471
458
471
485
454
484
461
459
474
475
473
474
465
493
471
462
457
476
470
475
464
468
460
454
491
479
489
464
467
475
468
458
464
479
480
480
454
480
474
490
483
463
456
456
473
484
470
485
458
466
480
471
466
476
486
464
478
466
469
472
457
483
482
479
462
472
475
460
472
479
467
458
459
468
478
462
452
480
476
466
454
478
468
479
460
488
472
460
472
480
494
458
455
478
477
475
453
471
508
449
462
466
469
454
469
487
463
471
457
456
466
471
467
474
484
457
457
478
477
482
461
466
475
456
474
482
452
466
453
492
467
457
463
481
493
470
484
493
478
457
456
476
462
457
476
475
468
458
452
479
478
453
470
481
469
466
467
475
483
465
460
475
478
462
470
479
483
481
469
487
469
463
473
473
496
458
470
488
497
475
460
473
492
480
459
469
478
460
470
485
489
469
464
466
475
465
490
488
482
480
471
483
489
479
462
477
477
465
474
482
509
460
464
493
471
467
476
477
477
444
454
472
487
463
454
481
483
467
465
477
488
454
473
481
466
475
457
480
471
458
466
486
464
467
448
472
482
466
474
484
484
510
455
476
487
457
465
480
487
462
462
483
469
455
445
492
474
463
473
480
467
474
461
494
474
460
463
477
470
464
453
483
474
478
469
470
476
470
476
492
499
450
459
480
484
477
476
479
485
462
448
475
481
459
471
474
479
470
453
507
474
465
456
486
470
453
464
476
480
459
458
488
499
489
462
473
472
451
465
475
495
476
464
473
478
481
478
487
479
451
462
471
489
466
459
474
486
453
462
493
499
456
462
479
484
460
456
482
473
481
450
489
475
473
457
513
476
472
467
468
484
471
471
468
492
464
464
489
473
450
480
495
493
447
448
464
482
453
458
495
475
473
459
483
480
483
459
476
462
495
454
488
467
450
462
480
476
457
453
479
496
464
458
485
487
475
467
484
477
482
453
496
479
467
477
481
478
466
456
483
490
453
465
475
494
453
461
515
497
466
474
475
482
458
465
474
500
468
459
472
481
459
458
490
476
461
463
486
487
469
479
484
498
471
469
491
472
464
492
506
487
482
469
484
491
458
454
491
508
483
471
496
497
456
475
480
491
456
453
510
494
467
469
507
561
468
467
486
469
462
467
481
492
466
478
488
502
457
470
487
482
479
482
500
492
456
473
489
497
462
475
484
479
491
462
475
495
467
461
492
503
450
458
479
489
455
459
496
496
457
470
478
466
472
444
480
492
459
477
481
498
467
457
483
497
477
459
493
483
460
464
481
506
459
454
483
495
450
464
503
482
466
451
476
479
469
475
477
483
469
474
476
478
480
462
491
504
464
455
491
510
461
491
504
472
467
472
508
504
469
460
486
495
464
464
497
483
462
458
496
480
478
477
470
480
472
454
491
478
436
506
487
493
456
470
475
497
452
466
487
466
465
469
494
517
447
470
507
480
466
476
496
470
467
465
474
492
452
478
490
506
455
453
490
490
453
455
487
487
476
467
490
498
464
473
508
489
462
463
521
473
462
457
489
486
463
454
482
501
468
458
483
491
474
442
496
491
470
488
509
499
470
452
485
486
462
458
492
487
461
459
497
489
453
464
488
471
466
468
485
494
471
467
490
479
459
449
488
488
467
469
499
479
455
469
486
470
467
474
486
478
459
462
497
485
473
451
496
489
468
461
484
485
448
455
491
476
472
460
483
497
462
477
486
490
456
460
506
479
467
478
510
478
466
455
516
483
455
470
473
485
467
458
498
477
472
462
484
504
457
505
479
498
462
473
475
504
463
477
486
495
461
452
496
476
454
468
494
490
477
456
480
501
456
455
478
491
468
471
485
502
464
456
466
484
472
474
481
488
456
455
472
482
465
461
494
488
464
458
479
479
462
470
486
491
478
476
483
482
452
458
483
536
464
471
476
480
472
465
481
482
450
480
482
473
476
473
476
479
469
467
474
487
460
454
479
481
472
456
478
493
464
460
469
469
457
452
471
486
479
467
477
489
466
461
473
488
481
464
469
486
461
455
487
533
453
462
485
479
475
456
499
482
493
460
485
503
480
465
471
490
451
465
498
470
454
451
482
482
460
470
490
472
478
459
507
474
470
502
465
493
464
472
512
471
469
479
494
488
468
459
476
494
462
475
494
482
467
457
474
489
455
451
467
478
467
509
477
481
471
480
473
479
467
460
482
481
464
466
483
483
460
469
480
483
484
463
476
472
462
484
479
473
453
464
466
475
469
448
481
482
463
471
481
470
470
467
474
481
454
464
473
494
452
471
467
464
464
460
476
481
457
460
481
514
470
500
500
471
459
453
492
472
463
467
499
475
468
469
481
472
478
479
476
475
466
484
467
469
457
471
468
481
460
468
493
473
455
466
494
491
460
458
510
496
479
472
488
479
478
466
484
485
481
459
475
504
456
460
467
492
456
467
485
472
480
466
487
488
464
455
500
490
462
453
479
507
466
462
488
491
451
474
499
490
474
460
494
482
460
452
463
498
462
449
479
492
452
465
473
470
478
471
491
467
462
453
485
477
462
458
482
469
478
462
477
461
447
469
459
473
483
480
484
465
470
467
473
478
446
465
488
476
476
473
477
497
466
470
477
472
499
475
475
476
488
479
481
490
478
487
465
486
469
480
474
499
467
457
494
509
472
475
478
495
472
453
486
468
462
496
493
498
479
463
475
494
478
470
469
478
483
474
493
492
455
475
475
494
464
447
474
501
460
466
481
494
486
469
480
469
473
452
483
481
476
452
488
497
465
444
479
477
469
452
491
489
463
462
511
493
488
462
472
489
456
478
491
481
466
458
481
485
472
453
471
497
477
472
536
472
477
454
486
473
464
466
482
490
465
467
483
499
467
466
473
481
473
462
476
477
470
464
500
475
455
457
459
470
476
449
508
478
466
476
476
484
458
457
479
487
462
475
482
473
458
465
482
474
470
466
479
464
469
462
478
535
459
458
486
479
475
485
494
476
469
457
474
486
453
462
469
509
469
494
464
494
473
477
480
491
475
462
481
489
455
472
492
495
458
474
484
511
453
464
477
504
467
457
481
479
473
448
467
484
479
484
476
490
473
467
487
481
475
461
473
503
453
484
472
471
472
454
492
489
463
445
479
476
466
466
475
476
462
465
491
480
476
483
483
487
481
458
470
469
482
467
478
489
445
451
473
503
469
458
468
500
465
473
474
483
461
482
488
494
490
457
474
504
461
477
483
483
458
457
493
482
459
466
482
495
458
463
478
504
484
467
497
492
457
461
489
493
478
480
501
488
471
467
478
487
477
462
470
463
460
473
485
479
472
461
467
473
456
466
485
485
457
467
512
490
465
489
498
498
467
458
485
479
456
480
489
480
454
483
477
489
458
471
481
484
460
470
486
487
453
490
485
475
474
454
473
487
473
462
470
477
461
459
497
490
456
469
500
467
459
476
468
479
458
474
462
507
474
480
482
473
463
468
464
480
456
480
488
476
494
454
476
462
474
471
525
490
449
461
483
484
486
473
477
495
456
461
503
487
482
467
466
482
463
474
373
373
372
372
375
374
372
373
483
470
373
372
372
0
0

