;UFOS3
;Measurement details: channel = D, date = 02.06.2018, time = 16:58:08
Exposure=1219
Gain=0
Temperature=24.8
Accummulate=4
4.656 mu
4.812 amas
11.556 hs
0 ozone
0 uva
0 uvb
0 uve
[Value]
0
372
370
371
371
372
370
372
435
462
504
504
462
481
516
486
500
459
531
494
526
472
538
505
503
475
532
509
507
519
547
552
509
498
545
523
517
476
520
515
487
488
561
541
517
485
544
535
502
495
519
544
476
505
539
528
462
501
536
517
503
481
508
508
501
481
548
510
496
483
555
511
480
511
541
528
499
477
511
518
491
502
534
503
483
503
530
527
468
489
572
542
480
506
542
550
485
463
546
546
465
504
531
519
484
509
530
522
493
495
538
511
481
520
554
524
475
499
520
511
476
498
544
514
502
506
523
529
493
487
512
512
495
476
528
552
484
511
527
507
516
498
524
533
475
498
534
547
468
568
546
530
470
492
540
515
537
495
535
548
456
475
517
525
516
532
535
521
512
474
538
528
514
528
535
529
470
518
546
508
471
491
532
541
515
493
563
535
492
519
516
571
467
514
524
509
493
503
527
516
481
488
546
532
502
483
520
490
491
493
546
518
470
508
516
522
474
487
513
585
514
486
544
502
504
513
556
519
478
463
541
512
456
510
539
541
472
496
497
510
530
490
518
530
485
516
523
505
508
498
529
519
491
503
517
577
501
522
537
518
481
620
559
515
496
465
512
524
499
467
514
516
474
510
545
534
486
503
521
530
495
490
521
556
487
472
547
501
501
502
534
559
488
488
510
535
484
476
539
531
511
492
531
540
518
507
513
510
492
470
536
537
525
488
519
536
499
497
537
522
473
502
533
525
475
506
519
523
496
492
552
523
483
495
537
523
515
462
543
575
496
488
514
543
468
506
557
538
484
490
530
523
467
492
507
509
476
504
530
509
516
489
535
523
514
496
559
519
503
508
515
529
502
507
518
543
481
479
526
516
506
479
549
517
479
510
510
521
489
484
532
542
463
487
518
505
491
478
530
608
498
490
545
562
476
490
584
499
508
485
515
516
492
477
516
518
533
507
528
512
486
501
520
526
478
470
544
499
502
487
523
509
479
467
553
546
462
503
550
542
500
501
512
556
457
488
527
531
491
455
534
493
474
558
532
512
508
512
533
541
513
473
528
511
496
488
517
535
470
495
525
560
498
467
529
502
486
536
544
530
512
505
549
506
474
496
522
521
479
507
510
498
495
479
543
505
507
493
608
513
513
499
538
504
471
533
515
542
480
484
543
513
498
483
510
516
478
524
529
515
495
492
523
507
487
481
528
529
486
539
556
519
498
497
518
531
507
497
519
538
499
496
504
528
501
493
517
507
479
468
512
500
518
490
513
518
520
508
530
511
469
496
536
524
492
520
537
542
498
488
526
511
490
488
534
543
489
510
530
515
487
493
521
525
484
479
532
527
496
506
534
516
477
521
563
484
498
480
521
507
517
513
533
519
497
498
517
485
489
499
527
508
480
518
530
527
462
515
514
513
515
495
543
505
474
511
580
499
467
508
526
539
605
485
553
521
479
472
510
510
476
483
506
530
474
484
508
493
511
513
522
503
499
463
511
523
470
474
524
529
495
495
523
503
518
510
536
520
490
470
530
517
487
489
526
500
503
514
536
499
495
491
534
497
501
475
525
509
485
508
548
500
495
458
511
522
485
486
510
511
494
487
483
503
480
478
510
520
476
477
538
537
474
505
512
494
479
510
507
521
480
482
537
541
478
505
510
521
503
522
512
538
510
876
517
544
527
509
504
509
479
497
516
488
481
501
525
484
493
505
538
530
507
512
513
485
505
477
520
515
486
483
515
572
505
465
511
510
471
493
531
531
490
503
525
487
485
513
492
522
480
506
522
506
499
498
509
498
492
484
515
508
480
493
543
505
495
508
485
527
493
494
548
493
492
503
524
515
469
491
530
510
476
492
524
499
489
488
527
502
509
492
506
508
522
492
505
525
501
496
521
536
512
507
526
527
476
469
511
504
522
499
503
519
477
497
504
508
470
509
510
505
487
505
514
499
464
486
545
516
510
524
510
510
475
480
498
498
484
489
514
527
505
488
527
522
505
540
510
489
504
496
509
527
477
506
497
528
494
516
536
500
479
488
504
518
515
497
510
487
485
489
512
513
499
506
513
543
476
478
512
492
490
521
514
505
491
494
514
507
484
490
519
503
522
500
527
505
487
492
503
526
496
492
510
502
536
471
515
490
516
482
513
527
480
498
521
510
463
490
512
571
500
482
503
512
508
501
510
489
497
507
510
492
527
504
515
510
518
485
521
494
486
485
492
493
545
496
496
495
506
514
501
507
491
496
517
512
470
476
525
504
509
486
513
497
499
506
498
500
475
474
496
511
495
477
516
521
482
495
518
508
501
507
498
506
491
495
507
517
506
472
496
529
466
511
488
486
482
505
527
513
496
500
508
518
496
518
513
513
484
518
512
519
505
508
506
504
496
492
473
504
509
503
525
526
474
513
527
504
508
491
510
525
504
479
502
510
497
503
530
519
510
482
507
517
520
495
517
485
480
498
522
537
496
511
504
507
518
479
534
502
493
473
523
529
483
486
500
490
539
510
532
510
503
497
510
534
479
510
500
485
488
499
520
534
486
492
503
490
494
504
515
531
501
508
510
504
485
518
514
499
488
527
490
524
507
496
494
516
501
486
494
496
489
473
499
524
501
491
506
510
497
504
498
519
497
491
515
502
488
512
517
501
503
496
537
504
511
509
509
503
492
489
543
498
506
527
504
514
514
506
505
512
496
514
512
505
529
498
515
505
531
526
534
529
518
497
501
510
467
495
503
556
499
499
506
531
539
493
496
528
489
501
542
506
495
494
607
523
521
507
521
528
493
495
496
502
503
497
504
499
487
503
510
499
520
491
509
522
530
504
525
518
503
515
511
525
516
537
496
515
499
513
506
514
505
514
529
540
502
532
534
529
520
497
507
535
513
521
518
543
515
503
528
516
516
503
502
499
537
503
535
531
531
503
520
506
515
504
518
545
527
511
503
508
517
512
544
493
487
512
502
527
508
480
532
524
524
502
501
492
517
505
539
504
522
511
538
503
532
477
485
487
506
511
507
525
528
514
502
534
527
507
555
510
496
538
548
526
505
497
501
512
525
524
504
511
525
522
527
537
538
518
551
528
514
514
533
512
523
496
536
519
511
508
507
510
517
503
541
518
497
516
546
540
515
545
511
530
522
508
526
535
539
522
521
528
515
526
525
528
530
526
509
531
520
532
532
547
546
514
524
556
527
505
548
542
516
547
524
534
529
517
516
543
538
527
516
534
530
530
497
547
518
523
546
529
531
528
529
543
541
521
544
548
544
557
528
534
541
508
530
529
506
508
538
551
536
528
551
559
528
522
529
536
548
551
536
546
593
552
557
547
547
513
555
556
577
539
542
558
550
538
567
562
513
574
580
543
525
576
537
557
552
556
532
585
548
566
568
561
574
559
533
541
547
539
542
556
538
519
544
528
546
518
539
526
537
523
540
525
543
531
549
521
540
540
531
524
536
542
528
536
576
539
551
515
545
536
554
541
543
561
542
536
514
564
529
561
542
542
516
534
536
573
521
531
543
533
534
515
540
526
552
554
532
563
531
532
553
544
548
536
529
544
527
520
548
550
521
527
519
554
516
543
529
533
548
544
523
559
519
525
562
531
527
540
527
523
538
549
525
537
528
524
562
547
511
555
542
520
508
527
527
530
515
529
530
543
561
541
565
560
561
536
521
543
559
596
553
516
536
539
528
541
553
536
535
543
530
545
515
530
538
536
512
519
559
518
527
536
531
546
522
542
556
536
531
561
520
542
533
553
544
543
548
513
530
541
518
554
536
551
524
510
549
518
529
547
540
515
557
554
546
539
543
550
535
534
532
520
522
543
528
555
545
558
515
542
531
525
586
567
556
539
539
555
582
568
563
562
542
547
546
541
557
561
547
566
509
559
543
544
537
586
560
554
566
555
540
559
535
546
532
547
548
549
546
538
556
524
561
563
549
574
566
569
558
551
549
563
556
557
556
539
534
547
551
572
563
550
552
527
550
565
558
530
572
528
541
566
560
555
524
562
562
554
580
546
556
529
535
555
546
549
559
562
568
540
543
545
544
530
552
534
545
555
545
560
561
564
555
565
536
548
539
547
553
552
556
538
557
544
531
535
557
637
530
540
543
546
556
584
532
529
548
528
546
532
528
550
571
544
554
522
547
536
525
581
533
518
528
533
545
524
514
533
524
537
543
531
544
517
533
555
522
520
525
543
557
526
544
545
528
513
548
557
525
545
545
571
581
542
561
535
580
523
557
552
542
569
510
541
535
532
542
560
532
539
555
525
548
529
520
542
532
541
535
536
558
535
555
532
510
518
560
538
555
550
540
582
522
578
546
575
589
547
569
550
551
547
572
548
531
540
529
543
560
546
562
531
541
562
541
558
535
540
531
549
529
534
545
539
542
542
531
556
551
547
541
538
563
552
586
562
581
542
550
550
531
560
561
560
566
526
550
590
556
547
559
535
536
534
540
549
570
542
550
576
542
542
549
566
554
560
580
589
562
551
582
557
537
558
553
592
570
537
566
555
567
559
572
578
590
546
581
560
566
564
553
551
558
568
575
580
546
550
557
593
567
567
559
564
560
549
547
554
538
558
563
546
563
562
555
546
554
573
551
568
567
539
548
566
591
602
545
533
549
552
561
536
522
565
545
560
537
524
530
527
569
545
662
539
560
547
563
561
578
563
560
577
563
572
551
574
550
562
538
568
537
535
561
551
543
553
547
559
557
550
560
551
574
544
561
581
545
548
558
566
573
553
586
580
543
644
559
558
548
554
548
595
569
572
562
594
542
547
567
563
580
562
558
565
551
561
542
563
588
542
575
543
550
569
554
566
568
544
589
561
538
539
559
560
571
551
546
535
529
593
561
581
531
549
555
549
525
547
560
569
564
526
541
554
574
560
531
518
522
551
545
542
558
522
536
555
548
542
550
576
534
567
542
548
543
548
568
564
558
542
550
551
524
556
551
539
518
533
537
551
526
519
551
546
530
515
538
538
548
535
552
535
524
552
551
578
520
525
558
562
556
540
546
616
525
551
547
559
548
567
590
549
567
552
550
561
569
577
573
585
552
552
579
582
586
565
559
575
552
577
578
534
563
539
598
561
545
555
573
596
563
591
587
561
541
544
562
538
537
580
562
557
537
537
571
576
539
571
574
560
556
564
567
578
551
552
550
573
549
562
563
573
580
561
579
551
552
577
563
604
550
579
601
627
581
577
578
612
598
562
575
599
564
591
593
606
581
567
565
578
568
601
593
585
581
579
576
587
574
557
571
581
560
581
584
640
567
577
595
573
568
597
585
585
539
565
576
598
569
552
589
595
563
578
575
593
542
579
580
560
576
550
571
565
547
571
585
559
570
550
560
580
576
584
594
584
654
560
570
595
549
577
589
599
563
576
587
578
560
545
609
585
564
601
587
574
586
578
609
585
566
581
592
579
568
563
594
579
594
577
565
572
577
600
595
613
545
567
589
590
593
600
579
594
569
551
582
589
561
586
581
590
580
560
628
578
560
557
590
565
539
567
573
575
551
551
581
608
592
558
559
562
533
567
566
589
575
560
556
574
578
591
594
583
535
567
566
596
562
557
565
594
549
568
595
615
554
568
585
589
559
560
582
576
588
549
599
580
592
569
639
584
583
575
564
599
580
584
570
601
567
576
596
573
540
596
599
594
534
541
547
576
543
551
603
567
569
555
573
582
598
561
575
563
609
560
596
575
556
576
586
587
566
563
586
607
562
567
582
598
577
575
580
577
586
543
593
578
566
584
573
571
561
550
570
593
554
579
572
601
557
572
635
624
564
597
568
593
557
564
568
612
572
561
560
575
549
549
574
557
543
543
562
565
552
569
564
582
561
559
577
558
546
608
608
588
585
566
588
596
552
552
590
627
585
567
585
597
536
575
559
592
532
538
616
593
560
565
614
723
572
577
585
576
571
586
598
613
573
610
606
637
570
599
606
597
603
609
626
610
562
587
601
609
565
575
588
581
609
565
576
606
570
566
592
609
546
558
572
594
547
561
595
612
558
583
577
566
584
544
588
606
566
606
590
610
577
571
599
630
603
575
623
603
572
595
610
645
578
581
605
630
571
595
641
609
593
570
593
608
594
609
597
608
587
596
586
587
600
575
598
631
572
560
589
632
566
618
615
571
557
572
607
620
567
554
580
600
554
552
598
580
550
551
582
567
581
582
562
575
571
545
586
573
517
632
574
597
545
574
567
612
544
569
595
559
572
579
595
649
537
583
629
583
565
588
602
563
568
573
565
598
538
580
584
615
540
542
587
590
535
539
568
580
559
553
564
586
544
560
597
570
533
541
614
546
530
535
560
563
534
520
546
576
538
530
553
567
548
511
566
565
535
578
586
568
535
513
552
558
527
525
560
565
524
528
568
560
522
538
551
532
536
530
551
572
545
545
543
550
525
518
561
563
538
555
582
558
528
556
563
553
555
569
571
567
544
551
600
578
572
537
592
583
559
560
569
567
530
545
586
571
569
551
574
596
550
579
573
579
543
549
599
566
546
576
608
557
545
532
609
562
533
559
553
576
555
547
597
571
570
557
570
611
549
633
565
602
551
576
564
613
555
566
577
592
547
534
583
559
534
566
581
583
563
539
565
596
532
541
564
580
558
571
580
597
556
550
550
583
563
576
568
585
543
541
555
572
561
555
588
581
555
547
563
568
551
567
578
584
582
577
567
572
542
551
570
666
557
582
576
578
576
581
580
584
550
595
593
587
591
583
575
584
576
581
573
603
568
559
578
589
577
563
582
607
559
563
561
566
551
549
559
598
588
569
568
591
575
563
566
590
590
574
567
598
571
566
595
678
557
574
600
593
597
572
615
593
620
567
589
617
595
574
561
601
543
572
598
567
553
543
576
576
549
572
580
562
580
544
610
563
560
625
542
589
541
564
611
543
549
570
568
575
547
530
538
553
523
546
555
549
521
510
523
555
508
504
512
537
515
599
522
547
530
561
530
537
536
529
538
548
526
532
551
545
523
549
540
559
569
542
549
541
531
576
555
551
529
550
538
562
552
531
562
570
546
565
566
549
557
558
558
563
536
556
544
583
526
565
543
545
548
548
553
563
533
553
563
622
557
607
583
538
532
519
575
543
532
536
570
540
537
540
539
526
548
538
521
536
519
552
517
522
508
535
514
544
514
532
551
526
507
532
563
553
521
523
586
566
555
553
554
552
553
543
566
564
565
545
549
606
538
541
545
590
537
562
574
564
580
559
582
583
549
543
597
584
545
541
566
609
557
561
586
601
538
575
608
585
570
557
597
586
546
550
556
595
550
536
571
595
541
566
563
559
585
576
583
554
548
548
574
577
562
552
582
566
583
558
573
553
534
571
548
568
590
588
581
550
570
570
559
586
534
574
585
575
583
581
572
604
560
581
570
568
619
584
568
562
593
583
581
593
588
600
555
589
567
589
567
610
563
551
595
626
567
593
569
594
568
546
590
566
557
622
597
607
585
565
567
593
575
574
561
585
582
575
591
590
547
582
561
595
555
528
563
599
548
558
575
589
597
567
573
565
570
538
582
579
587
543
589
605
555
529
580
573
568
543
584
577
545
556
603
587
583
549
552
576
539
574
584
572
546
544
571
569
560
538
545
590
566
569
670
555
568
538
572
557
546
560
565
582
546
553
561
586
546
559
551
559
562
547
549
553
547
546
589
547
526
533
520
544
551
519
598
558
547
564
549
563
529
531
552
569
535
551
552
544
530
550
560
545
551
544
549
533
548
537
546
645
525
518
554
546
551
567
574
545
539
524
541
561
516
538
534
590
533
593
527
577
543
550
555
572
545
533
552
577
520
547
564
582
520
554
559
601
513
538
537
593
536
529
547
555
547
507
520
549
553
566
531
567
546
534
555
546
548
520
533
570
512
557
526
525
534
508
556
559
513
498
534
534
527
529
531
533
519
525
561
536
542
558
553
553
546
516
522
523
556
538
537
554
493
511
533
577
535
522
521
582
529
545
537
550
518
551
553
563
569
518
525
570
525
548
533
551
526
515
555
548
516
530
544
562
516
533
538
579
552
532
568
555
516
522
554
553
543
557
563
553
524
530
534
555
538
530
523
510
514
536
542
540
527
520
514
527
495
532
547
545
510
534
589
553
520
566
562
572
519
517
542
540
504
552
550
536
507
558
528
544
508
542
542
548
510
534
547
549
502
567
551
529
542
510
525
558
525
516
529
533
516
520
559
560
510
538
566
518
510
538
512
537
512
542
510
585
532
549
549
535
521
532
517
541
501
544
543
532
569
510
526
523
531
541
618
557
498
517
538
538
546
537
527
556
510
521
565
545
534
525
511
541
515
521
371
372
370
372
369
369
369
371
534
513
371
371
370
0
0

