;UFOS3
;Measurement details: channel = S-D, date = 02.06.2018, time = 17:18:32
Exposure=1571
Gain=0
Temperature=24.4
Accummulate=4
5.584 mu
5.882 amas
9.277 hs
0 ozone
107702 uva
431 uvb
116 uve
[Value]
0
0
0
0
-2
2
1
1
-1
3
-3
1
0
0
0
-1
-2
1
2
-3
5
1
4
2
0
2
3
4
0
1
0
5
-1
3
2
2
5
0
1
6
4
6
3
4
0
1
2
2
-3
1
1
2
0
2
5
0
3
3
1
0
0
3
4
4
1
5
2
-2
3
0
4
1
7
1
0
2
4
1
3
2
5
3
-1
5
0
-2
3
2
2
2
5
3
3
5
1
2
2
2
1
2
2
2
2
3
2
5
1
6
2
4
1
2
4
2
6
0
2
4
4
5
5
3
0
1
3
6
4
4
1
-1
2
-2
1
2
0
8
4
0
5
5
1
2
6
5
1
6
2
5
1
2
1
5
3
3
3
-2
5
5
6
5
2
0
-1
5
1
1
2
4
1
1
-3
3
3
0
1
3
1
5
0
4
5
3
-1
5
2
2
2
4
4
4
0
2
1
5
3
3
6
3
1
4
1
0
2
6
0
5
2
2
4
0
3
-1
1
2
6
-2
3
1
2
7
8
1
6
4
4
3
2
1
2
5
4
1
0
2
2
1
7
2
1
2
5
0
5
0
2
-1
4
5
2
1
0
5
1
5
5
3
2
1
2
3
1
3
4
3
4
5
3
1
2
2
1
1
1
2
3
2
5
1
3
2
3
2
0
2
2
3
7
1
2
3
4
2
2
4
4
7
3
4
6
0
7
3
6
1
7
3
4
2
3
2
1
6
3
5
5
4
6
2
3
2
1
4
2
3
1
6
5
3
3
4
-3
3
7
3
4
-1
1
4
2
1
3
4
2
1
0
5
4
1
6
5
1
7
4
2
1
6
0
3
1
2
1
2
1
4
0
1
4
4
3
3
4
4
2
1
1
3
6
-1
1
3
3
4
2
3
3
3
6
4
1
2
3
3
2
5
3
6
3
4
-2
5
0
5
2
3
6
3
3
2
2
5
2
3
2
3
0
1
3
4
4
4
3
0
3
4
5
2
5
1
3
3
4
7
3
4
3
6
0
3
1
5
9
5
4
4
3
4
4
7
2
6
3
4
5
9
5
3
1
0
1
3
4
1
3
1
2
-1
3
1
2
4
6
7
2
5
5
4
3
4
1
5
1
7
2
4
2
1
3
4
6
4
0
2
2
4
6
1
1
6
4
0
6
4
2
5
7
4
4
3
3
6
1
4
1
4
1
1
5
3
3
0
3
5
2
5
3
4
3
4
2
4
4
-1
2
0
4
1
1
5
2
2
7
3
2
5
2
3
6
2
5
4
5
6
5
-1
1
3
5
4
3
3
3
3
4
2
2
3
2
5
4
5
5
0
3
6
3
0
-1
5
5
7
3
5
3
6
2
3
5
5
1
4
3
3
4
7
2
9
0
4
4
7
5
0
6
4
4
4
5
6
4
7
4
4
4
4
3
5
7
5
5
5
7
5
3
3
8
3
4
5
5
1
4
9
5
6
5
1
5
3
6
7
4
7
5
5
2
5
4
5
7
1
6
1
3
3
7
4
5
3
6
4
4
6
2
5
2
5
6
3
5
4
3
9
6
2
4
4
3
5
7
2
7
6
6
1
8
4
7
4
7
4
9
6
7
2
5
4
5
5
5
5
6
2
5
5
6
4
9
2
6
8
7
2
9
10
6
7
7
10
6
6
5
6
6
6
5
5
2
4
4
6
6
9
8
6
7
6
3
4
5
7
3
6
3
4
5
7
6
3
8
5
6
7
3
6
9
3
5
5
6
6
5
5
2
5
11
4
5
6
5
4
6
1
4
5
5
6
7
8
7
4
2
8
9
7
4
6
9
8
4
4
9
12
7
3
6
6
6
4
9
8
5
7
9
7
4
8
4
4
7
8
5
9
7
8
10
5
10
3
7
5
7
7
9
5
10
8
5
7
5
8
9
9
2
5
9
7
5
7
6
6
11
4
8
9
9
7
8
9
8
13
5
8
8
7
3
12
9
5
8
6
10
6
9
7
10
7
7
12
6
8
8
9
8
7
8
9
8
10
7
6
9
10
10
8
11
7
8
9
8
12
8
7
4
7
7
9
11
8
7
6
8
9
11
6
11
7
12
11
12
7
8
10
5
10
14
12
10
12
12
9
11
13
9
9
14
8
10
10
10
10
13
11
12
12
10
12
14
8
11
13
13
12
12
10
12
14
10
10
10
15
11
15
11
11
13
10
10
15
14
13
12
18
11
9
15
13
12
14
11
11
15
15
12
13
8
11
13
16
11
13
13
17
15
14
11
14
16
19
16
18
19
16
21
15
16
17
19
19
18
21
19
22
22
24
26
22
24
25
26
24
24
29
26
27
26
27
27
28
26
27
30
27
28
25
25
28
26
30
28
19
30
29
29
34
27
27
33
34
33
36
32
40
37
36
37
39
39
41
40
40
40
44
43
43
45
46
46
48
46
49
47
48
47
50
48
48
45
46
44
47
48
49
46
46
46
51
47
52
47
51
51
51
53
56
55
54
61
59
61
61
58
58
65
58
62
61
61
61
65
65
69
70
68
67
68
66
71
72
67
77
72
71
75
78
80
78
75
75
78
73
75
73
67
75
69
73
71
71
68
70
72
68
65
71
69
70
74
73
75
78
82
81
86
88
91
94
98
107
101
105
106
108
111
114
120
122
122
121
124
128
127
130
133
137
143
138
136
138
141
145
140
139
139
140
141
137
134
135
133
132
130
130
125
125
126
129
125
130
127
129
127
132
138
139
145
147
153
158
163
173
175
185
192
199
202
207
210
217
221
213
215
220
217
213
217
216
210
208
216
208
211
205
208
201
199
199
202
203
203
208
210
213
218
223
226
230
238
239
252
256
267
262
281
285
292
301
304
312
316
328
333
339
344
345
350
350
349
353
352
340
335
338
331
336
339
330
334
328
336
328
331
334
340
341
340
342
349
343
349
353
356
348
354
348
347
345
340
340
332
330
326
320
316
313
307
298
288
297
290
278
278
278
274
277
284
286
296
300
308
305
304
319
331
331
345
345
361
369
376
387
398
394
400
401
415
414
420
424
426
432
433
440
444
441
453
462
464
465
473
470
478
480
482
481
487
475
473
465
459
453
458
441
438
435
438
433
429
436
434
431
431
421
430
430
429
437
446
453
461
458
482
487
494
505
521
537
541
565
577
589
605
613
634
643
659
675
683
697
711
706
721
725
733
744
747
741
743
746
752
744
755
754
765
755
746
747
749
746
744
744
745
743
751
744
744
730
725
716
722
704
700
692
684
686
683
679
682
680
684
686
686
688
692
691
690
696
689
693
699
705
703
695
702
718
707
720
727
729
740
750
775
784
805
823
860
877
903
927
951
977
1011
1028
1056
1079
1098
1119
1154
1176
1192
1200
1215
1230
1241
1228
1258
1251
1266
1268
1293
1281
1288
1280
1274
1254
1248
1237
1229
1206
1210
1191
1173
1145
1128
1112
1088
1061
1044
1032
1011
989
971
951
939
914
910
897
883
880
877
877
878
883
891
900
912
918
926
924
937
938
950
967
967
982
997
1003
1013
1002
1010
1021
1020
1015
1006
1011
1002
1001
998
985
974
969
954
937
918
906
908
906
904
905
904
911
913
906
921
943
952
972
986
1003
1014
1015
1015
1009
1005
992
982
969
956
939
919
919
905
894
890
886
876
852
852
851
851
844
830
832
838
837
854
864
882
906
909
936
946
968
980
999
1004
1016
1021
1022
1019
1023
1015
1022
1022
1022
1034
1039
1042
1050
1056
1053
1056
1064
1068
1077
1084
1100
1111
1120
1141
1159
1169
1179
1174
1170
1167
1135
1116
1093
1056
1040
1007
996
980
972
956
950
948
939
949
939
949
945
945
954
955
978
993
997
993
999
992
999
997
999
985
978
959
938
932
930
911
911
913
935
942
953
984
995
1038
1054
1071
1092
1117
1123
1125
1130
1150
1147
1165
1174
1192
1200
1202
1196
1202
1201
1193
1186
1185
1181
1194
1200
1212
1227
1243
1246
1270
1290
1321
1343
1357
1374
1374
1389
1402
1388
1398
1390
1378
1372
1349
1353
1348
1344
1353
1337
1344
1354
1357
1359
1366
1365
1362
1363
1374
1398
1415
1434
1457
1469
1483
1497
1506
1507
1513
1511
1503
1495
1468
1470
1456
1430
1402
1377
1371
1342
1334
1335
1324
1307
1301
1306
1311
1301
1313
1322
1328
1327
1332
1313
1302
1295
1287
1276
1266
1267
1262
1262
1258
1249
1242
1247
1250
1258
1256
1266
1279
1276
1280
1283
1301
1312
1320
1321
1325
1319
1321
1323
1316
1320
1313
1308
1298
1293
1290
1271
1265
1256
1251
1261
1265
1259
1269
1278
1285
1283
1283
1295
1272
1272
1266
1267
1265
1265
1271
1260
1266
1258
1255
1244
1228
1214
1197
1180
1156
1132
1113
1089
1068
1049
1027
998
990
954
932
910
896
887
869
861
860
849
859
855
861
864
880
893
911
952
982
996
1019
1053
1064
1078
1091
1091
1104
1105
1108
1110
1125
1135
1150
1155
1160
1155
1167
1156
1157
1158
1147
1158
1150
1147
1148
1146
1146
1141
1132
1134
1127
1123
1123
1119
1127
1127
1141
1133
1140
1134
1149
1161
1181
1181
1200
1212
1230
1258
1272
1292
1307
1321
1322
1321
1328
1308
1317
1312
1312
1306
1302
1286
1282
1258
1235
1224
1214
1216
1205
1204
1196
1181
1180
1189
1199
1193
1217
1231
1233
1246
1268
1271
1282
1305
1319
1322
1324
1351
1358
1367
1382
1391
1401
1394
1411
1403
1409
1402
1393
1394
1392
1377
1372
1377
1367
1346
1343
1329
1323
1314
1297
1291
1283
1255
1251
1235
1233
1242
1250
1266
1281
1310
1333
1345
1377
1397
1427
1449
1470
1484
1513
1535
1566
1579
1604
1629
1672
1690
1718
1736
1753
1756
1744
1729
1726
1704
1694
1679
1652
1625
1637
1615
1590
1576
1565
1545
1531
1517
1509
1485
1468
1476
1465
1463
1459
1459
1466
1470
1485
1492
1516
1524
1533
1517
1509
1501
1505
1518
1519
1517
1523
1516
1514
1492
1486
1457
1423
1388
1359
1332
1321
1302
1303
1295
1297
1296
1316
1312
1332
1353
1360
1370
1393
1400
1424
1455
1481
1491
1513
1529
1554
1560
1554
1555
1538
1532
1518
1513
1503
1516
1529
1534
1539
1549
1568
1575
1589
1587
1591
1589
1591
1583
1588
1597
1578
1571
1580
1578
1585
1579
1569
1560
1544
1530
1524
1524
1537
1524
1516
1510
1498
1494
1499
1495
1482
1478
1478
1482
1466
1461
1463
1467
1469
1481
1489
1488
1490
1478
1478
1465
1450
1446
1433
1429
1414
1404
1406
1400
1401
1398
1407
1393
1410
1383
1371
1348
1335
1311
1306
1293
1276
1266
1257
1249
1226
1206
1174
1151
1108
1083
1058
1030
1019
1000
1005
1005
1009
1017
1035
1056
1073
1073
1087
1096
1108
1118
1142
1169
1188
1210
1218
1222
1234
1221
1214
1192
1174
1150
1140
1118
1106
1099
1081
1067
1045
1018
1001
973
954
932
936
930
924
920
916
926
944
952
986
1008
1031
1067
1095
1123
1142
1176
1209
1253
1299
1333
1367
1409
1453
1488
1517
1542
1557
1577
1617
1621
1646
1656
1675
1687
1708
1719
1719
1726
1741
1729
1732
1722
1707
1704
1691
1669
1654
1655
1629
1632
1625
1595
1588
1563
1524
1509
1486
1461
1441
1436
1425
1427
1442
1428
1433
1429
1427
1441
1444
1458
1474
1468
1488
1508
1524
1539
1547
1550
1541
1533
1526
1516
1482
1475
1459
1462
1461
1478
1483
1497
1517
1515
1525
1533
1546
1565
1604
1647
1691
1730
1799
1846
1894
1935
1970
1992
2009
1999
1989
1970
1948
1917
1909
1889
1865
1848
1824
1800
1772
1745
1706
1676
1674
1652
1628
1626
1630
1619
1650
1668
1697
1730
1771
1816
1849
1861
1885
1885
1892
1899
1909
1917
1898
1879
1887
1875
1875
1860
1851
1838
1810
1778
1765
1756
1719
1713
1707
1689
1695
1680
1687
1699
1709
1710
1738
1745
1767
1773
1788
1779
1783
1773
1771
1777
1803
1815
1842
1842
1872
1880
1885
1896
1906
1911
1920
1933
1953
1953
1976
1991
1998
2001
2011
2021
2011
2010
1995
1981
1963
1961
1949
1938
1933
1911
1895
1884
1859
1855
1850
1844
1848
1861
1863
1862
1873
1872
1874
1862
1878
1869
1888
1882
1876
1880
1881
1895
1884
1884
1888
1870
1855
1831
1792
1785
1761
1753
1735
1720
1691
1676
1664
1641
1626
1610
1606
1590
1584
1580
1572
1565
1550
1564
1569
1554
1582
1580
1579
1594
1610
1628
1645
1667
1677
1686
1720
1721
1738
1760
1770
1786
1789
1817
1836
1835
1857
1859
1861
1877
1863
1872
1865
1866
1871
1870
1872
1888
1899
1894
1929
1929
1929
1939
1945
1916
1922
1898
1889
1880
1860
1834
1813
1784
1752
1717
1703
1675
1660
1636
1622
1609
1599
1585
1583
1589
1604
1613
1653
1674
1713
1728
1766
1787
1820
1862
1906
1945
1973
2007
2015
2006
1978
1955
1925
1896
1865
1824
1796
1760
1716
1681
1656
1624
1617
1614
1602
1624
1627
1632
1626
1618
1621
1644
1683
1728
1768
1790
1824
1843
1875
1894
1900
1910
1907
1902
1880
1860
1829
1789
1760
1715
1682
1657
1621
1582
1546
1487
1448
1394
1366
1343
1324
1298
1298
1281
1303
1293
1327
1363
1404
1440
1504
1552
1600
1643
1669
1692
1717
1729
1711
1722
1690
1686
1638
1576
1527
1476
1416
1393
1386
1383
1396
1405
1443
1466
1502
1548
1598
1665
1736
1788
1858
1922
1993
2033
2084
2126
2135
2150
2167
2153
2171
2148
2150
2115
2094
2076
2047
2023
1978
1946
1911
1871
1833
1800
1780
1764
1751
1770
1780
1772
1778
1769
1764
1755
1771
1755
1773
1770
1787
1782
1826
1839
1858
1882
1878
1903
1923
1960
1979
2003
2025
2024
2065
2092
2113
2114
2119
2132
2151
2165
2188
2215
2232
2244
2262
2259
2266
2270
2283
2286
2325
2322
2330
2361
2349
2339
2323
2276
2274
2218
2210
2181
2152
2117
2084
2050
1998
1970
1937
1915
1893
1856
1842
1811
1779
1756
1734
1721
1713
1694
1685
1683
1677
1650
1644
1619
1594
1576
1551
1532
1518
1496
1482
1469
1471
1471
1482
1490
1507
1514
1546
1546
1574
1590
1616
1637
1650
1670
1698
1713
1729
1736
1735
1750
1763
1768
1764
1771
1775
1775
1784
1762
1757
1740
1722
1704
1690
1675
1661
1632
1602
1571
1541
1516
1491
1470
1474
1452
1423
1401
1370
1330
1296
1265
1254
1235
1228
1218
1218
1207
1195
1178
1175
1145
1138
1114
1095
1075
1055
1033
1025
1034
1032
1020
1033
1031
1025
1029
1023
992
986
971
966
960
939
942
944
947
926
934
931
942
945
941
941
932
922
927
918
912
903
895
902
911
917
938
964
977
1007
1025
1062
1086
1101
1144
1160
1191
1222
1257
1297
1330
1370
1398
1432
1447
1474
1480
1491
1492
1506
1505
1506
1504
1511
1504
1514
1514
1509
1503
1512
1504
1488
1473
1460
1445
1421
1425
1405
1408
1384
1358
1364
1337
1304
1289
1271
1261
1259
1260
1281
1286
1313
1333
1350
1370
1385
1401
1427
1435
1440
1449
1470
1491
1509
1557
1577
1580
1570
1577
1562
1546
1531
1511
1470
1451
1413
1387
1408
1436
1429
1443
1438
1447
1447
1440
1450
1440
1438
1450
1472
1485
1506
1512
1536
1549
1548
1539
1539
1531
1519
1497
1501
1490
1494
1478
1458
1437
1426
1415
1425
1426
1444
1434
1428
1419
1416
1407
1415
1428
1467
1482
1519
1524
1533
1544
1571
1580
1605
1626
1658
1682
1711
1734
1761
1773
1802
1829
1847
1853
1865
1859
1852
1861
1862
1852
1861
1850
1855
1835
1838
1827
1822
1813
1809
1799
1780
1762
1728
1719
1717
1707
1710
1703
1706
1725
1715
1724
1724
1711
1718
1740
1746
1764
1789
1812
1843
1866
1879
1899
1928
1924
1935
1929
1950
1938
1932
1912
1911
1906
1877
1871
1843
1801
1769
1731
1680
1667
1636
1614
1617
1599
1592
1565
1554
1546
1526
1504
1482
1453
1443
1422
1398
1372
1330
1305
1280
1246
1223
1178
1137
1107
1066
1013
971
919
869
810
776
730
700
656
631
607
590
579
570
565
563
571
583
598
615
638
663
701
738
774
803
832
847
855
859
870
890
908
933
973
1002
1023
1049
1083
1108
1120
1156
1179
1200
1214
1231
1257
1282
1293
1307
1320
1336
1360
1357
1376
1364
1360
1355
1345
1328
1339
1329
1345
1349
1349
1351
1362
1355
1362
1367
1357
1354
1340
1327
1311
1289
1262
1250
1223
1197
1165
1132
1112
1086
1055
1021
986
951
911
869
832
782
744
723
687
657
631
621
604
600
582
580
583
590
588
601
619
642
666
688
719
769
793
834
848
882
910
942
965
996
1030
1080
1118
1157
1194
1242
1270
1290
1323
1345
1349
1369
1390
1414
1425
1432
1432
1441
1440
1448
1462
1451
1447
1452
1466
1466
1473
1495
1502
1514
1527
1544
1565
1546
1563
1581
1585
1580
1580
1582
1583
1579
1564
1566
1536
1532
1524
1524
1527
1543
1546
1552
1552
1539
1549
1545
1537
1567
1591
1605
1613
1632
1633
1626
1627
1627
1630
1619
1618
1613
1615
1603
1611
1615
1612
1617
1604
1608
1604
1607
1607
1605
1617
1622
1630
1635
1666
1663
1688
1691
1694
1697
1701
1707
1701
1686
1674
1652
1651
1655
1662
1677
1693
1703
1700
1713
1711
1714
1715
1720
1691
1705
1708
1714
1712
1708
1696
1721
1715
1715
1713
1710
1714
1712
1702
1697
1679
1672
1658
1639
1637
1630
1607
1600
1578
1578
1551
1548
1522
1517
1497
1496
1485
1480
1472
1457
1461
1470
1489
1497
1510
1534
1537
1547
1563
1578
1582
1584
1591
1602
1612
1603
1592
1571
1542
1512
1473
1441
1402
1370
1356
1351
1351
1349
1348
1329
1334
1329
1338
1348
1326
1321
1319
1338
1336
1341
1344
1360
1379
1382
1366
1371
1366
1375
1365
1348
1339
1322
1314
1300
1283
1273
1262
1262
1262
1247
1248
1243
1227
1216
1200
1189
1175
1162
1147
1157
1132
1136
1125
1122
1124
1119
1101
1103
1094
1100
1096
1098
1099
1098
1087
1092
1087
1093
1091
1100
1096
1096
1093
1075
1081
1082
1065
1064
1042
1040
1028
1018
1017
1001
987
988
988
984
978
978
971
979
969
970
966
965
965
966
966
957
969
952
957
966
963
974
973
989
992
993
992
991
989
994
994
984
996
992
990
991
1001
997
1002
991
982
982
968
961
948
942
928
918
896
882
872
871
852
849
832
826
811
794
783
755
737
726
720
701
697
702
693
688
691
700
692
693
699
708
714
712
713
718
713
723
736
761
770
769
765
767
773
783
786
800
799
797
801
800
806
796
791
806
815
813
808
806
807
796
787
779
771
770
768
777
775
780
785
783
784
779
780
775
767
765
751
749
736
729
726
737
740
741
745
753
740
735
732
732
731
721
719
706
707
699
686
683
688
689
682
693
689
686
688
692
691
695
692
692
697
703
706
720
721
720
712
716
706
704
709
699
694
687
680
675
671
674
671
665
668
669
669
671
668
663
664
663
667
673
672
674
665
672
682
686
673
668
661
662
658
662
650
648
640
644
635
638
633
639
645
636
638
642
641
637
639
642
638
650
644
651
652
663
660
658
656
655
653
651
652
644
653
642
641
644
648
620
625
632
622
613
602
601
592
587
576
579
581
571
566
566
561
563
559
548
526
483
295
0
-1
-3
-1
-1
-3
-2
-2
602
578
-2
-2
0
0
0

