;UFOS3
;Measurement details: channel = Z, date = 02.06.2018, time = 17:57:09
Exposure=2089
Gain=0
Temperature=23.3
Accummulate=4
8.311 mu
9.947 amas
5.22 hs
0 ozone
0 uva
0 uvb
0 uve
[Value]
0
362
365
365
365
366
365
365
445
490
523
533
488
524
539
513
547
488
561
533
597
509
571
545
549
515
568
541
557
579
592
613
562
545
586
568
570
515
553
554
533
536
607
593
569
530
585
589
550
541
552
595
513
560
580
575
489
555
574
552
546
525
535
543
551
521
592
548
535
527
597
551
518
566
577
578
541
514
536
566
527
554
578
536
519
557
573
573
502
529
627
597
520
560
586
604
531
501
591
601
500
557
566
558
518
569
563
569
539
545
581
549
514
583
613
568
512
548
555
549
506
540
584
551
545
560
557
575
538
527
544
552
536
514
565
611
522
567
561
544
569
547
559
585
510
544
573
604
499
651
597
576
503
544
578
551
608
543
585
607
484
511
553
577
568
597
580
569
557
509
579
580
567
582
577
576
504
582
593
550
501
540
575
594
572
538
614
588
534
578
545
638
492
576
566
540
534
552
557
557
514
530
597
587
552
524
553
519
527
538
585
564
506
556
548
567
505
530
538
670
563
525
595
533
556
572
605
568
517
492
583
552
481
562
586
595
502
543
525
544
587
536
558
583
524
575
554
549
557
545
570
568
538
553
549
654
550
585
586
558
520
727
618
555
540
497
552
577
540
503
550
564
505
560
593
583
523
558
551
575
537
538
554
620
526
504
596
536
549
548
576
621
523
536
542
589
523
511
582
582
563
538
570
598
577
555
547
552
535
511
584
600
577
529
550
589
544
538
577
563
507
552
578
578
509
556
555
573
534
534
593
572
520
540
577
576
563
495
586
649
543
530
541
595
498
558
603
591
519
535
567
564
494
536
539
551
512
562
575
547
559
530
581
569
564
544
617
570
551
558
552
574
543
567
557
604
515
518
565
563
557
519
597
564
518
563
540
566
527
521
577
601
490
534
555
543
524
522
575
705
545
535
597
634
503
532
655
528
561
520
543
563
535
514
551
560
606
556
575
555
530
542
557
576
514
503
592
530
545
530
563
551
517
507
607
607
490
545
601
598
542
549
548
614
480
531
567
583
530
484
585
531
506
643
576
562
563
565
575
601
564
513
566
543
542
530
548
592
497
542
567
623
537
501
564
540
521
598
596
583
552
557
601
545
506
544
562
571
517
559
541
533
534
515
592
544
552
539
600
558
559
550
584
542
502
600
554
603
515
525
591
557
546
529
541
564
510
584
574
559
536
532
559
556
514
521
572
577
523
606
611
564
550
537
554
581
561
542
555
593
546
535
537
580
544
542
551
544
520
502
548
539
579
529
545
564
570
559
572
552
505
539
584
575
538
578
584
606
540
531
571
564
524
539
579
600
526
564
573
565
522
536
562
580
526
512
575
577
540
552
583
564
512
576
624
521
540
522
557
547
564
569
580
573
539
545
557
516
529
551
564
553
517
573
573
585
488
575
545
561
566
546
591
546
500
569
655
533
503
560
577
603
710
529
615
578
514
509
543
549
509
529
543
587
516
522
544
538
559
571
558
547
545
492
553
572
508
513
568
583
540
544
566
539
584
563
589
564
533
509
570
572
525
523
569
539
549
570
584
539
540
541
580
542
547
511
572
545
523
559
596
543
539
494
551
575
525
532
550
561
535
527
509
542
513
517
546
571
509
521
594
599
508
561
550
539
511
562
542
574
513
524
591
598
514
554
550
572
552
584
546
601
557
1127
561
600
587
564
537
554
514
544
556
525
519
550
565
513
537
555
589
587
558
570
553
513
553
514
569
564
524
518
559
648
550
500
550
555
501
541
581
591
533
556
568
520
522
573
526
571
519
555
565
550
548
546
544
536
532
521
551
557
516
540
592
548
542
560
513
589
538
539
605
532
530
557
574
567
505
534
581
554
510
545
567
544
525
528
580
545
556
539
553
552
574
538
547
586
545
544
566
606
573
557
578
583
510
503
562
553
582
543
541
576
516
547
538
553
505
564
550
548
528
557
558
544
498
535
618
571
567
588
555
559
505
527
536
544
520
531
555
585
561
536
582
573
552
602
548
526
563
548
559
593
516
565
533
592
544
587
597
549
518
538
546
572
576
543
556
528
533
535
558
567
553
566
564
620
514
524
563
539
536
589
567
557
540
545
567
550
527
545
572
551
586
562
579
558
528
539
546
587
552
539
560
552
599
519
565
535
573
537
564
594
523
555
577
563
506
544
561
661
558
531
551
574
560
563
564
535
551
569
564
541
596
567
573
568
591
538
584
543
538
532
533
549
620
549
537
544
561
585
541
567
541
555
575
577
515
532
589
565
566
544
572
557
561
573
546
561
527
516
545
572
558
531
576
594
529
564
584
578
566
578
549
567
552
571
564
588
573
531
548
614
520
595
541
551
545
594
611
595
570
577
581
602
561
611
588
606
553
611
593
609
593
595
585
586
580
579
537
593
603
585
607
634
556
609
626
587
603
577
598
622
598
563
595
603
591
594
635
623
614
568
602
623
634
602
629
583
577
602
634
661
598
622
606
615
642
585
652
613
591
572
634
646
587
590
605
588
672
624
665
634
614
606
623
671
585
635
612
598
606
627
648
680
604
623
616
613
614
639
648
685
633
650
646
644
616
680
656
647
630
698
635
688
657
654
646
691
667
644
652
662
646
624
651
697
661
646
664
666
639
654
638
667
633
630
662
639
617
657
663
645
653
644
699
662
677
679
672
676
660
667
745
689
698
744
699
726
726
718
718
737
703
748
737
726
762
719
744
741
779
779
783
781
760
737
734
765
685
736
737
816
732
728
726
772
782
710
699
763
697
716
780
732
711
728
894
782
781
761
790
809
768
769
777
815
817
829
839
847
842
874
883
872
911
858
872
909
914
879
916
896
864
883
868
889
874
899
827
865
823
853
836
864
838
861
878
912
848
918
901
918
918
879
905
970
941
963
960
1021
986
991
1027
1031
1048
1039
1036
1074
1130
1081
1130
1120
1121
1082
1107
1080
1099
1077
1086
1133
1083
1075
1047
1063
1069
1064
1104
1028
1027
1071
1058
1105
1071
1042
1108
1101
1101
1074
1063
1062
1077
1062
1116
1057
1081
1058
1091
1024
1066
973
955
953
978
976
952
977
982
953
931
981
976
953
1020
975
963
1024
1043
1028
1004
1001
1018
1064
1077
1097
1071
1110
1142
1148
1170
1204
1221
1206
1263
1245
1228
1246
1275
1257
1286
1252
1305
1288
1271
1286
1273
1279
1285
1256
1311
1275
1234
1259
1287
1280
1231
1269
1187
1219
1203
1178
1194
1207
1200
1177
1170
1189
1160
1176
1172
1182
1179
1182
1149
1194
1181
1226
1229
1263
1290
1253
1279
1354
1333
1316
1405
1419
1395
1473
1437
1475
1480
1483
1487
1551
1539
1532
1525
1566
1558
1581
1541
1643
1597
1633
1663
1655
1660
1674
1669
1706
1714
1693
1721
1748
1720
1750
1704
1706
1713
1658
1682
1686
1634
1632
1658
1682
1631
1601
1629
1628
1592
1566
1572
1597
1603
1613
1589
1606
1679
1596
1607
1599
1586
1534
1597
1617
1639
1605
1605
1648
1629
1625
1697
1708
1651
1752
1800
1772
1768
1884
1858
1911
1928
1973
1965
2075
2053
2111
2144
2178
2217
2228
2216
2264
2283
2298
2314
2364
2320
2284
2317
2293
2290
2261
2275
2265
2260
2227
2243
2228
2236
2229
2241
2197
2209
2181
2164
2143
2136
2114
2068
2074
2106
2031
2008
1923
1940
1901
1906
1865
1846
1874
1838
1826
1778
1834
1758
1789
1739
1717
1675
1685
1698
1764
1675
1685
1709
1712
1713
1722
1778
1780
1844
1885
1879
1949
1928
1943
1992
1998
2000
1987
1977
1994
1976
1963
1996
2003
1968
1965
1962
2008
1948
1982
1956
1957
1973
1957
1914
1974
1919
1938
1996
1959
1955
1970
1951
1935
1953
1960
1911
1908
1882
1863
1891
1858
1779
1835
1821
1774
1735
1766
1755
1738
1703
1724
1725
1725
1756
1725
1773
1770
1782
1773
1776
1815
1873
1967
1911
1875
1927
1949
1938
1973
1988
1968
1958
1981
1951
1988
1954
1997
2006
2002
1997
2005
2073
2023
2042
2057
2063
2100
2074
2134
2155
2143
2142
2188
2134
2161
2128
2144
2117
2079
2050
1971
1964
1962
1906
1938
1887
1921
1865
1832
1890
1847
1848
1892
1879
1845
1908
1909
1899
1928
1941
1952
1944
1960
1952
1929
1908
1929
1896
1916
1860
1864
1772
1799
1772
1769
1851
1843
1839
1850
1868
1930
1987
2003
2025
2060
2056
2068
2100
2096
2140
2170
2159
2220
2130
2228
2215
2220
2205
2279
2252
2247
2270
2257
2252
2296
2278
2310
2313
2326
2359
2394
2408
2421
2468
2434
2483
2484
2453
2487
2455
2454
2375
2376
2350
2344
2315
2302
2276
2263
2266
2312
2330
2373
2368
2357
2376
2359
2412
2491
2518
2508
2580
2556
2581
2655
2642
2622
2588
2631
2628
2614
2635
2581
2567
2524
2500
2520
2486
2482
2468
2466
2437
2380
2389
2379
2375
2356
2378
2354
2346
2363
2338
2345
2333
2314
2277
2292
2248
2273
2262
2268
2261
2267
2270
2249
2270
2265
2258
2266
2290
2415
2282
2320
2329
2369
2378
2421
2337
2345
2377
2342
2382
2355
2324
2368
2381
2333
2324
2280
2306
2283
2268
2356
2290
2269
2302
2299
2329
2304
2286
2310
2288
2300
2300
2271
2298
2258
2283
2324
2251
2236
2230
2250
2240
2172
2156
2148
2093
2032
2049
2031
1938
1919
1900
1905
1891
1796
1784
1743
1785
1693
1728
1711
1691
1746
1647
1711
1716
1733
1778
1834
1831
1901
1951
1934
2005
2015
2010
2062
2069
2107
2116
2133
2183
2168
2208
2188
2163
2180
2246
2219
2242
2246
2210
2263
2166
2239
2177
2188
2215
2146
2179
2133
2125
2116
2139
2105
2069
2101
2082
2111
2134
2130
2146
2122
2152
2191
2182
2218
2205
2223
2233
2289
2287
2308
2340
2334
2349
2347
2323
2351
2337
2338
2315
2313
2346
2313
2341
2267
2277
2221
2224
2221
2206
2237
2234
2220
2224
2190
2227
2290
2256
2239
2254
2234
2237
2240
2261
2271
2303
2293
2303
2343
2309
2321
2339
2371
2353
2380
2416
2422
2385
2361
2378
2342
2321
2361
2345
2394
2362
2324
2369
2365
2399
2383
2395
2388
2391
2302
2322
2284
2295
2297
2306
2318
2345
2377
2414
2439
2426
2464
2493
2565
2553
2597
2604
2660
2684
2712
2728
2770
2779
2833
2854
2835
2867
2856
2843
2804
2789
2810
2749
2759
2757
2712
2730
2729
2758
2749
2653
2607
2608
2595
2608
2562
2518
2597
2549
2571
2541
2548
2557
2559
2626
2620
2786
2622
2690
2676
2691
2707
2728
2732
2725
2740
2718
2686
2597
2603
2514
2483
2391
2388
2317
2290
2309
2295
2277
2293
2302
2318
2343
2352
2377
2379
2444
2405
2437
2490
2443
2487
2529
2565
2593
2580
2632
2626
2604
2736
2599
2588
2567
2556
2531
2607
2557
2570
2576
2628
2555
2566
2601
2604
2626
2600
2600
2628
2620
2659
2646
2685
2738
2684
2758
2694
2683
2716
2668
2677
2684
2624
2696
2648
2594
2584
2589
2557
2573
2519
2481
2465
2447
2510
2457
2476
2383
2408
2391
2381
2350
2376
2364
2371
2321
2255
2259
2265
2280
2236
2209
2200
2224
2264
2281
2312
2341
2279
2284
2305
2264
2253
2242
2283
2214
2260
2205
2211
2180
2176
2168
2133
2096
2058
2030
1998
1926
1962
1914
1927
1890
1922
1951
1973
1955
1945
1980
1983
1956
1932
1972
1975
1998
1989
2010
2007
1986
2022
1998
2017
1918
1911
1935
1944
1914
1884
1871
1964
1805
1819
1773
1767
1725
1743
1761
1696
1712
1701
1689
1725
1757
1781
1807
1848
1848
1869
1940
1984
2006
2018
2045
2096
2124
2212
2235
2229
2322
2332
2460
2443
2452
2500
2552
2614
2577
2645
2632
2594
2586
2599
2645
2599
2607
2664
2609
2600
2552
2534
2560
2540
2469
2495
2474
2444
2423
2424
2392
2383
2287
2281
2224
2247
2199
2210
2205
2217
2249
2236
2264
2229
2243
2288
2283
2357
2291
2355
2397
2447
2410
2424
2433
2477
2454
2381
2374
2408
2348
2374
2341
2348
2305
2302
2312
2340
2333
2374
2343
2338
2355
2376
2381
2454
2492
2499
2578
2654
2660
2743
2763
2894
2818
2826
2817
2790
2748
2772
2718
2706
2626
2638
2627
2633
2557
2501
2520
2512
2443
2451
2431
2449
2378
2453
2468
2456
2534
2537
2609
2644
2649
2698
2750
2718
2746
2715
2701
2738
2703
2667
2641
2606
2695
2527
2494
2501
2416
2435
2401
2396
2322
2319
2315
2295
2283
2246
2353
2325
2318
2403
2394
2398
2425
2451
2491
2484
2478
2529
2559
2571
2584
2609
2655
2669
2699
2725
2714
2747
2765
2837
2808
2832
2756
2791
2816
2806
2825
2807
2781
2779
2765
2725
2741
2759
2714
2745
2708
2726
2699
2650
2721
2641
2612
2589
2610
2563
2515
2544
2543
2519
2485
2489
2513
2525
2492
2467
2446
2454
2422
2464
2453
2460
2463
2436
2423
2456
2459
2473
2458
2426
2345
2385
2364
2405
2356
2342
2336
2365
2280
2324
2324
2361
2271
2293
2295
2290
2244
2226
2238
2222
2245
2205
2259
2245
2271
2249
2355
2291
2302
2312
2296
2366
2373
2415
2399
2474
2452
2505
2534
2507
2486
2582
2584
2583
2513
2522
2512
2544
2486
2485
2511
2439
2420
2377
2401
2418
2410
2376
2372
2340
2393
2335
2360
2343
2311
2323
2309
2293
2257
2223
2212
2231
2183
2187
2201
2221
2202
2219
2230
2254
2299
2278
2362
2411
2438
2490
2483
2504
2511
2524
2555
2602
2586
2609
2573
2589
2512
2519
2576
2549
2436
2462
2378
2383
2295
2291
2271
2299
2245
2227
2212
2242
2227
2207
2215
2187
2169
2170
2183
2190
2177
2184
2168
2175
2155
2186
2215
2189
2210
2312
2310
2291
2281
2247
2244
2246
2151
2142
2141
2201
2102
2045
2017
1999
1894
1955
1921
1988
1912
1926
2063
2075
2082
2123
2222
2438
2264
2302
2321
2334
2364
2401
2415
2438
2360
2411
2374
2383
2265
2263
2232
2174
2156
2123
2111
2071
2009
2048
2073
2103
2057
2077
2122
2155
2235
2221
2272
2347
2330
2351
2403
2447
2415
2439
2479
2516
2469
2496
2531
2576
2496
2519
2489
2456
2470
2391
2423
2437
2373
2406
2388
2441
2387
2363
2395
2461
2451
2414
2496
2473
2432
2473
2473
2533
2438
2444
2483
2534
2481
2514
2580
2561
2560
2550
2575
2600
2600
2649
2648
2669
2660
2704
2682
2714
2753
2739
2768
2841
2776
2773
2811
2874
2805
2882
2890
2823
2834
2856
2897
2936
2873
2832
2845
2882
2813
2784
2806
2782
2703
2682
2660
2629
2608
2587
2530
2515
2485
2409
2430
2382
2278
2414
2289
2304
2218
2249
2209
2273
2172
2185
2200
2130
2151
2140
2139
2207
2030
2080
2137
2035
2029
2056
2066
2022
2040
2072
2057
2131
2056
2138
2149
2208
2115
2141
2225
2274
2194
2233
2260
2296
2258
2269
2260
2311
2247
2273
2295
2258
2197
2167
2259
2142
2119
2105
2117
2110
2053
2029
2048
2087
2029
1999
2009
2014
1971
1909
1949
1918
1859
1903
1873
1831
1769
1731
1771
1775
1720
1723
1735
1756
1675
1666
1685
1662
1586
1604
1587
1556
1542
1526
1553
1594
1545
1542
1510
1511
1466
1446
1485
1498
1449
1463
1496
1463
1414
1458
1465
1446
1465
1477
1469
1454
1429
1421
1488
1437
1442
1382
1451
1444
1414
1440
1450
1467
1435
1484
1552
1544
1574
1565
1617
1669
1630
1713
1713
1741
1727
1762
1862
1851
1845
1902
1949
1888
1880
1865
1966
1906
1885
1924
1896
1938
1915
1900
1960
1914
1893
1861
1845
1903
1818
1955
1827
1884
1810
1838
1798
1862
1777
1777
1766
1781
1710
1672
1753
1730
1711
1775
1780
1807
1777
1754
1794
1844
1773
1819
1863
1919
1926
1945
1962
2002
1955
1949
1937
1991
1934
1946
1916
1920
1840
1837
1820
1828
1809
1804
1856
1848
1833
1829
1851
1869
1839
1875
1894
1901
1950
1937
1927
1947
1898
1909
1932
2071
1905
1944
1918
1912
1906
1900
1885
1883
1837
1895
1888
1869
1871
1848
1823
1845
1823
1842
1802
1850
1822
1811
1823
1855
1859
1860
1887
1941
1896
1915
1915
1947
1958
1972
2013
2080
2085
2094
2071
2123
2123
2126
2110
2167
2158
2148
2131
2176
2153
2159
2190
2321
2138
2135
2164
2140
2159
2121
2153
2107
2126
2053
2053
2101
2072
2021
1996
2067
1958
2024
2046
2016
2031
2032
2096
2115
2093
2167
2174
2152
2214
2148
2252
2204
2207
2323
2157
2222
2155
2194
2240
2126
2122
2160
2124
2117
2063
2024
2017
1986
1949
1950
1931
1924
1864
1829
1829
1851
1768
1734
1713
1713
1674
1803
1632
1647
1614
1649
1565
1541
1532
1477
1424
1393
1309
1284
1252
1213
1161
1172
1099
1116
1123
1072
1045
1023
1008
1067
1017
1021
1000
1039
1029
1062
1085
1078
1132
1175
1159
1207
1214
1221
1251
1269
1276
1301
1294
1341
1327
1411
1360
1456
1411
1444
1470
1486
1492
1522
1495
1546
1545
1662
1591
1682
1647
1595
1605
1599
1685
1646
1646
1648
1707
1667
1669
1684
1664
1652
1693
1685
1626
1654
1624
1665
1609
1615
1583
1627
1568
1594
1544
1555
1553
1497
1444
1467
1472
1429
1368
1331
1371
1302
1255
1217
1168
1145
1126
1091
1097
1073
1069
1040
1006
1095
987
993
989
1053
988
1040
1059
1058
1108
1092
1150
1170
1139
1170
1277
1292
1263
1292
1339
1444
1397
1448
1490
1556
1472
1556
1617
1596
1598
1595
1647
1642
1594
1611
1616
1655
1598
1587
1625
1683
1617
1667
1644
1649
1692
1691
1682
1646
1654
1695
1710
1739
1728
1735
1777
1753
1798
1778
1794
1769
1753
1812
1763
1806
1837
1832
1806
1758
1792
1774
1750
1814
1739
1801
1793
1804
1798
1803
1795
1836
1777
1836
1794
1795
1899
1831
1776
1769
1818
1787
1784
1799
1805
1827
1755
1796
1780
1827
1785
1841
1794
1764
1815
1877
1812
1863
1810
1854
1846
1824
1880
1846
1844
1961
1894
1917
1892
1850
1840
1878
1838
1862
1842
1870
1874
1859
1879
1884
1831
1869
1840
1881
1832
1795
1828
1863
1809
1819
1834
1862
1892
1847
1858
1830
1859
1817
1874
1871
1866
1803
1847
1867
1784
1740
1798
1777
1764
1708
1735
1708
1662
1673
1729
1731
1723
1678
1669
1722
1668
1744
1755
1739
1711
1708
1757
1749
1749
1713
1710
1785
1772
1771
1905
1719
1749
1702
1708
1674
1646
1655
1632
1646
1584
1593
1593
1614
1567
1584
1562
1579
1598
1567
1556
1572
1562
1576
1643
1581
1576
1585
1559
1605
1614
1561
1657
1598
1577
1592
1546
1568
1507
1509
1513
1537
1481
1505
1490
1480
1463
1488
1475
1446
1453
1433
1428
1392
1421
1398
1396
1467
1380
1346
1393
1388
1379
1409
1404
1363
1364
1347
1358
1390
1326
1364
1354
1437
1356
1455
1328
1409
1347
1363
1369
1393
1345
1333
1348
1373
1286
1310
1325
1352
1272
1322
1330
1399
1268
1316
1294
1387
1301
1297
1315
1317
1316
1252
1266
1316
1330
1354
1288
1339
1326
1309
1335
1316
1333
1297
1297
1359
1270
1339
1270
1276
1283
1248
1311
1321
1253
1233
1275
1269
1254
1263
1250
1252
1221
1218
1237
1186
1194
1235
1218
1214
1189
1133
1121
1111
1155
1133
1114
1128
1028
1068
1076
1134
1083
1059
1052
1153
1080
1110
1087
1104
1064
1113
1113
1126
1147
1089
1087
1167
1117
1161
1130
1168
1140
1129
1171
1169
1123
1150
1157
1170
1107
1146
1144
1211
1182
1169
1214
1200
1140
1151
1187
1179
1173
1200
1186
1180
1123
1141
1134
1165
1149
1137
1117
1095
1106
1139
1134
1133
1110
1098
1074
1109
1047
1119
1120
1121
1071
1116
1173
1123
1067
1141
1131
1133
1058
1048
1061
1060
1016
1096
1080
1055
1031
1121
1053
1090
1042
1107
1090
1105
1051
1100
1111
1103
1058
1160
1122
1095
1116
1066
1068
1117
1069
1056
1062
1069
1052
1044
1099
1095
1023
1068
1103
1030
1024
1067
1010
1056
1025
1065
1012
1127
1048
1083
1082
1051
1036
1054
1011
1047
979
1059
1037
1018
1084
992
1006
1002
1018
1045
1165
1054
969
1010
1024
1029
1049
1040
1036
1078
1018
1037
1093
1080
1063
1057
1036
1074
998
820
365
363
364
364
363
363
364
365
1058
1011
362
364
365
0
0

