;UFOS3
;Measurement details: channel = Z-D, date = 02.06.2018, time = 17:47:20
Exposure=1732
Gain=0
Temperature=23.5
Accummulate=4
7.474 mu
8.48 amas
6.216 hs
360 ozone
0 uva
0 uvb
0 uve
[Value]
0
1
-3
1
0
0
1
1
-1
2
1
0
1
-1
2
3
-1
-1
-2
0
6
-3
1
4
5
3
1
0
2
2
2
1
1
0
3
1
2
1
1
2
2
0
4
1
-1
-1
2
3
1
2
3
3
6
-1
1
3
-2
0
5
-1
1
1
-2
6
1
0
2
3
2
3
1
-1
5
2
0
5
2
4
1
-2
0
4
0
3
3
2
3
2
6
0
2
-1
6
2
4
4
2
5
1
2
0
6
5
1
3
5
3
0
-1
5
-3
2
1
-1
7
1
1
1
2
1
6
0
0
-1
1
0
1
2
2
1
2
3
2
2
3
2
3
0
-2
2
1
4
0
6
5
-1
3
3
0
3
-2
4
3
4
-4
3
1
2
0
0
4
2
3
0
2
2
1
1
3
1
2
5
-2
2
2
2
2
1
2
4
-2
5
0
1
3
1
4
0
1
5
1
2
4
5
5
3
1
3
2
2
0
-1
2
3
1
1
4
2
0
5
3
5
4
4
2
0
3
-2
0
1
-1
1
5
5
1
5
-1
4
2
4
1
2
1
0
5
3
1
4
0
1
0
2
3
9
2
2
4
5
3
2
2
0
3
0
0
1
1
1
2
1
2
2
-1
1
3
2
1
5
0
1
3
-1
2
0
1
2
3
2
0
0
3
2
2
-1
0
2
1
3
4
3
1
0
0
3
4
1
4
4
1
2
1
1
1
2
2
4
2
4
1
3
3
3
1
2
3
6
1
6
4
4
2
3
-1
2
1
2
3
2
3
3
-3
0
5
1
0
2
1
1
3
5
0
2
2
2
-1
4
2
3
-1
2
2
-1
2
1
4
1
1
3
4
1
5
0
2
0
3
2
1
2
2
0
1
3
3
2
6
2
0
1
0
0
2
5
4
4
5
1
1
-1
3
3
5
0
2
3
6
2
2
0
4
2
5
4
2
4
2
2
3
1
7
3
2
4
3
4
1
2
2
2
2
0
2
-1
-3
-1
5
3
2
6
5
2
0
3
4
3
5
3
2
5
0
4
-1
4
4
2
4
1
4
0
4
4
-1
1
1
4
1
1
5
5
5
5
4
4
-2
1
4
2
7
6
4
3
5
2
5
3
3
2
4
6
6
3
6
4
5
2
2
3
0
6
0
2
2
5
2
3
7
0
4
3
77
4
4
4
7
3
6
4
4
-2
3
4
2
3
-2
4
1
3
5
4
3
5
5
5
0
7
3
4
3
5
3
2
5
9
4
4
7
0
6
5
3
1
2
4
5
2
5
3
1
7
4
3
5
1
4
1
6
6
4
3
4
3
4
-1
4
4
1
4
4
2
2
3
4
7
3
5
3
2
4
7
4
5
5
5
5
3
4
3
6
4
3
2
4
6
3
2
5
-1
7
1
1
5
5
7
6
4
7
3
7
4
4
4
5
5
3
3
3
5
3
4
3
1
3
6
5
2
5
9
3
6
3
6
4
3
4
2
7
3
6
4
6
7
7
4
3
7
1
7
2
1
3
2
3
7
6
0
4
5
6
6
2
3
8
5
5
5
5
9
5
3
3
5
1
4
6
3
6
7
7
2
5
3
5
1
6
1
2
0
6
5
5
3
5
3
7
6
7
5
4
1
7
4
9
5
4
5
6
6
4
5
5
5
6
5
5
6
3
5
9
1
5
6
8
8
6
7
4
7
6
6
2
5
6
7
4
9
9
4
7
7
9
10
5
8
7
6
3
5
4
5
7
5
3
5
5
6
6
8
8
5
4
6
6
1
4
3
5
6
5
6
4
6
7
7
6
5
8
8
9
8
3
8
7
10
8
4
9
4
7
7
9
9
8
6
3
11
8
3
4
7
2
8
7
9
10
3
5
10
4
-2
12
9
8
7
9
7
5
6
10
4
8
8
8
4
9
6
9
9
9
6
7
8
8
7
7
7
8
5
8
8
7
5
10
7
11
6
12
9
10
7
7
15
9
11
7
7
12
4
6
6
12
10
13
5
10
10
9
8
6
6
10
11
9
9
9
11
10
11
7
10
4
9
10
9
12
12
11
11
12
7
10
12
13
11
12
10
10
16
10
9
12
10
12
11
12
13
9
12
10
11
10
12
12
11
10
10
11
8
11
12
10
15
11
16
10
10
16
13
15
10
10
15
17
12
15
15
15
11
14
11
14
12
16
17
17
17
17
14
16
17
19
16
17
18
20
16
15
14
18
18
15
16
18
16
12
17
21
16
18
21
19
17
19
19
22
21
21
17
20
19
15
18
20
18
21
17
16
24
24
20
20
18
20
21
20
21
24
22
20
20
23
23
19
28
21
26
24
24
27
28
24
22
26
28
25
31
26
30
29
31
29
27
31
30
28
32
33
35
34
34
37
43
40
39
39
44
41
42
42
45
46
48
47
45
49
46
49
47
49
50
53
52
49
50
52
52
55
57
52
54
55
55
57
52
57
60
59
58
63
59
64
67
63
67
68
69
68
65
71
70
77
71
75
77
74
81
81
80
76
80
85
79
79
84
81
81
86
82
82
80
82
82
82
93
88
87
88
84
87
92
92
93
98
98
102
105
104
102
101
102
106
107
107
110
117
110
114
115
114
115
117
122
126
124
124
132
129
136
134
142
142
143
148
146
148
145
144
140
144
147
139
134
137
129
128
124
128
122
121
120
121
120
120
118
124
124
128
131
131
138
142
145
148
157
158
163
180
177
182
188
189
191
194
198
204
204
203
215
211
216
215
217
224
223
224
226
224
227
233
228
232
235
235
230
233
234
227
224
223
222
219
212
215
211
209
216
223
219
220
227
241
236
241
243
257
259
267
280
289
303
320
330
345
355
360
371
380
383
377
383
380
383
386
385
385
376
379
371
367
365
362
355
352
351
346
348
345
352
350
357
361
365
368
378
380
395
399
408
421
430
440
453
466
481
499
503
519
533
548
558
570
583
593
595
603
604
612
601
607
600
593
593
578
579
578
570
562
563
558
562
557
558
562
566
566
571
579
573
581
592
584
580
589
587
582
584
583
575
575
567
560
548
543
524
512
495
490
484
464
467
460
457
450
460
461
460
471
484
478
487
497
509
516
533
552
566
573
583
600
606
627
645
660
678
687
697
713
733
739
747
760
763
778
775
784
787
790
797
796
788
789
777
780
777
765
762
755
750
737
734
714
705
705
691
689
687
691
688
687
685
682
679
678
677
680
686
688
698
704
717
736
752
768
777
802
815
844
859
892
898
923
940
960
971
986
1004
1006
1025
1032
1035
1041
1064
1070
1078
1095
1116
1118
1124
1133
1151
1152
1174
1181
1191
1196
1197
1201
1206
1197
1204
1210
1202
1200
1184
1194
1183
1162
1170
1148
1135
1130
1119
1102
1094
1090
1100
1100
1099
1104
1109
1110
1107
1108
1098
1091
1097
1099
1093
1104
1106
1118
1127
1126
1140
1159
1155
1190
1208
1217
1232
1261
1288
1319
1356
1371
1401
1428
1469
1492
1513
1559
1586
1628
1650
1690
1709
1729
1762
1792
1801
1818
1828
1834
1820
1806
1796
1793
1775
1776
1769
1765
1745
1743
1740
1741
1748
1731
1726
1711
1693
1683
1666
1632
1615
1595
1582
1569
1543
1502
1468
1445
1412
1400
1365
1357
1348
1347
1340
1313
1298
1278
1258
1235
1211
1205
1192
1199
1199
1197
1195
1201
1215
1230
1249
1273
1296
1325
1355
1388
1410
1433
1455
1477
1479
1488
1487
1493
1476
1498
1496
1468
1479
1484
1473
1466
1463
1465
1445
1445
1444
1435
1428
1420
1426
1437
1431
1454
1449
1455
1458
1452
1451
1438
1438
1416
1403
1392
1375
1346
1331
1320
1306
1301
1287
1285
1268
1266
1241
1233
1237
1240
1219
1219
1223
1234
1243
1251
1281
1306
1318
1343
1383
1396
1412
1430
1448
1460
1466
1465
1472
1458
1462
1466
1467
1482
1496
1504
1499
1518
1515
1521
1530
1540
1544
1558
1573
1581
1605
1621
1629
1632
1642
1649
1642
1629
1600
1589
1556
1524
1486
1456
1436
1408
1395
1374
1375
1367
1350
1350
1347
1350
1361
1353
1356
1376
1381
1391
1405
1426
1439
1437
1453
1462
1454
1443
1419
1419
1388
1361
1331
1308
1298
1279
1275
1280
1298
1318
1351
1377
1409
1438
1472
1515
1538
1565
1589
1602
1619
1630
1645
1655
1678
1691
1714
1724
1718
1715
1724
1716
1734
1737
1743
1754
1779
1795
1808
1816
1839
1868
1886
1916
1939
1950
1963
1973
1966
1957
1947
1931
1925
1880
1867
1845
1827
1800
1777
1777
1765
1775
1805
1820
1824
1838
1851
1858
1882
1907
1955
1994
2014
2048
2074
2089
2117
2125
2118
2126
2110
2099
2096
2090
2084
2056
2035
2009
2000
1988
1967
1961
1929
1910
1881
1875
1875
1881
1882
1868
1862
1845
1836
1830
1829
1808
1782
1764
1762
1762
1758
1760
1749
1738
1741
1743
1741
1746
1762
1757
1765
1769
1789
1800
1818
1827
1844
1856
1862
1861
1862
1868
1858
1863
1855
1849
1831
1817
1813
1800
1783
1789
1773
1774
1773
1777
1775
1795
1793
1798
1799
1794
1794
1777
1775
1765
1765
1764
1765
1767
1753
1763
1743
1727
1726
1700
1678
1640
1622
1599
1559
1528
1490
1446
1407
1387
1353
1321
1283
1253
1232
1220
1199
1182
1177
1184
1186
1188
1205
1211
1237
1265
1300
1344
1382
1409
1454
1493
1516
1539
1556
1578
1593
1608
1627
1652
1652
1678
1690
1700
1707
1722
1720
1717
1722
1715
1704
1696
1680
1666
1650
1641
1627
1624
1618
1628
1597
1592
1593
1587
1592
1600
1602
1597
1610
1610
1625
1641
1657
1671
1693
1717
1714
1761
1772
1799
1815
1834
1843
1839
1839
1849
1826
1820
1833
1828
1824
1813
1799
1781
1748
1739
1710
1723
1713
1716
1723
1716
1698
1707
1713
1719
1728
1741
1722
1739
1744
1757
1748
1768
1756
1766
1787
1788
1798
1795
1811
1831
1834
1844
1853
1862
1862
1857
1843
1838
1839
1845
1844
1847
1852
1846
1835
1856
1874
1888
1882
1884
1859
1845
1825
1802
1780
1795
1792
1811
1820
1847
1856
1884
1889
1936
1956
1987
2010
2035
2068
2105
2142
2159
2201
2240
2255
2294
2313
2344
2351
2360
2346
2349
2326
2289
2279
2263
2262
2244
2232
2232
2217
2198
2169
2171
2139
2118
2102
2082
2075
2060
2063
2055
2048
2041
2067
2075
2088
2106
2120
2117
2150
2170
2167
2175
2201
2211
2221
2239
2215
2201
2163
2124
2079
2024
1971
1916
1874
1836
1813
1805
1785
1794
1799
1808
1820
1832
1847
1876
1894
1916
1920
1939
1957
1967
1995
2033
2049
2080
2084
2111
2098
2110
2090
2089
2085
2083
2069
2039
2047
2045
2042
2065
2069
2078
2063
2077
2097
2093
2102
2110
2110
2129
2149
2162
2178
2198
2213
2220
2219
2204
2179
2170
2157
2152
2147
2155
2140
2121
2099
2078
2056
2043
2014
1993
1978
1962
1953
1941
1933
1906
1895
1888
1880
1866
1861
1836
1822
1784
1767
1760
1726
1721
1705
1706
1723
1724
1735
1770
1791
1804
1796
1789
1769
1751
1731
1735
1723
1721
1714
1709
1695
1678
1658
1633
1598
1562
1542
1509
1461
1437
1428
1404
1402
1414
1413
1435
1441
1464
1449
1462
1470
1454
1451
1452
1449
1472
1480
1488
1505
1494
1498
1479
1460
1449
1425
1410
1401
1397
1379
1374
1359
1328
1306
1276
1265
1220
1208
1199
1188
1199
1207
1204
1218
1232
1260
1288
1313
1352
1384
1415
1446
1472
1512
1549
1569
1628
1676
1715
1767
1814
1852
1905
1952
1980
2002
2028
2053
2061
2084
2070
2084
2108
2104
2122
2131
2139
2113
2109
2099
2088
2058
2046
2015
2000
1974
1961
1947
1929
1910
1885
1864
1799
1776
1732
1716
1699
1693
1695
1704
1720
1721
1736
1734
1741
1750
1778
1790
1812
1833
1858
1872
1896
1920
1930
1937
1930
1907
1890
1873
1859
1835
1824
1797
1795
1805
1816
1829
1821
1821
1808
1812
1826
1857
1881
1920
1977
2006
2085
2132
2184
2226
2255
2303
2325
2331
2323
2300
2261
2241
2209
2194
2176
2146
2130
2091
2076
2031
2013
1983
1952
1929
1936
1918
1928
1934
1948
1972
2023
2058
2115
2143
2188
2194
2226
2239
2263
2238
2238
2227
2198
2152
2124
2091
2078
2037
2018
1981
1949
1908
1885
1863
1836
1813
1816
1790
1805
1796
1804
1818
1834
1853
1889
1915
1919
1948
1972
1976
1989
2023
2037
2078
2108
2123
2139
2180
2197
2221
2231
2260
2269
2287
2277
2291
2302
2296
2306
2292
2300
2268
2294
2274
2265
2268
2247
2258
2242
2240
2215
2202
2193
2173
2151
2145
2129
2115
2092
2072
2052
2045
2041
2020
2014
1998
2000
1963
1963
1966
1947
1955
1966
1948
1952
1924
1947
1937
1943
1943
1945
1933
1920
1902
1890
1884
1871
1867
1858
1857
1844
1849
1821
1827
1813
1799
1811
1791
1786
1774
1757
1750
1734
1735
1741
1736
1736
1740
1751
1747
1761
1789
1803
1823
1835
1846
1881
1895
1921
1940
1963
1995
2018
2026
2042
2046
2057
2052
2070
2051
2057
2032
2015
1991
1962
1932
1908
1897
1906
1887
1893
1880
1875
1857
1856
1851
1856
1832
1838
1820
1807
1800
1763
1736
1717
1700
1714
1688
1686
1690
1701
1704
1717
1746
1768
1805
1839
1883
1935
1960
1984
1995
2028
2046
2072
2099
2106
2093
2086
2069
2052
2036
2007
1990
1964
1927
1894
1859
1829
1794
1778
1752
1740
1733
1741
1738
1728
1721
1705
1688
1679
1681
1683
1674
1667
1654
1656
1628
1648
1651
1680
1695
1735
1737
1748
1763
1765
1748
1722
1703
1684
1668
1625
1620
1572
1523
1486
1446
1417
1407
1416
1434
1443
1451
1485
1534
1589
1614
1654
1713
1767
1793
1827
1854
1883
1884
1908
1908
1889
1875
1862
1826
1797
1742
1704
1651
1623
1587
1550
1540
1534
1536
1534
1556
1570
1583
1622
1643
1684
1734
1785
1805
1839
1858
1894
1910
1946
1959
2000
2009
2008
2016
2031
2020
2033
2023
2009
1980
1961
1934
1931
1919
1912
1881
1885
1905
1894
1894
1898
1906
1935
1942
1953
1969
1972
1965
1973
1967
1968
1966
1988
1993
2016
2023
2034
2062
2079
2085
2099
2101
2132
2121
2157
2156
2192
2190
2208
2217
2228
2252
2270
2274
2299
2286
2310
2313
2322
2341
2357
2343
2351
2356
2375
2389
2382
2362
2358
2354
2336
2315
2284
2261
2235
2197
2156
2135
2083
2056
2038
2007
1982
1935
1915
1876
1845
1807
1788
1765
1752
1728
1730
1721
1702
1685
1673
1664
1657
1634
1623
1600
1578
1560
1556
1535
1539
1524
1532
1529
1542
1562
1572
1589
1605
1606
1617
1635
1654
1665
1700
1723
1737
1751
1765
1770
1755
1759
1772
1776
1761
1773
1755
1732
1711
1694
1671
1652
1637
1597
1615
1599
1575
1555
1539
1539
1528
1506
1500
1476
1463
1443
1427
1381
1358
1343
1305
1295
1273
1260
1246
1241
1222
1224
1217
1205
1177
1168
1151
1120
1101
1084
1081
1058
1032
1018
1024
1027
1011
1012
999
988
976
960
961
957
935
934
941
942
930
941
944
940
944
933
942
928
935
930
926
906
910
905
904
910
909
927
943
956
963
981
1007
1030
1043
1071
1093
1117
1121
1166
1179
1212
1232
1264
1303
1334
1349
1356
1380
1391
1400
1397
1405
1403
1410
1410
1416
1418
1415
1408
1414
1393
1375
1350
1342
1338
1324
1333
1346
1342
1322
1317
1307
1292
1285
1255
1251
1230
1204
1194
1216
1242
1245
1254
1254
1275
1275
1268
1286
1291
1308
1343
1379
1395
1424
1427
1460
1470
1474
1465
1468
1456
1431
1417
1400
1377
1369
1354
1326
1310
1299
1299
1315
1317
1337
1331
1359
1343
1345
1350
1364
1377
1404
1417
1430
1441
1430
1432
1436
1429
1415
1423
1414
1404
1395
1381
1380
1371
1365
1372
1366
1350
1351
1344
1329
1330
1320
1315
1317
1310
1336
1333
1336
1345
1360
1374
1389
1405
1411
1427
1435
1467
1486
1507
1530
1554
1566
1590
1591
1610
1625
1638
1638
1646
1643
1639
1671
1655
1660
1681
1680
1677
1681
1659
1652
1637
1641
1628
1622
1603
1590
1569
1554
1554
1547
1527
1525
1521
1495
1514
1521
1522
1547
1585
1595
1610
1631
1663
1673
1678
1692
1682
1702
1707
1719
1712
1693
1688
1688
1670
1672
1646
1626
1622
1607
1576
1561
1541
1515
1484
1457
1427
1401
1384
1377
1345
1335
1320
1291
1258
1234
1190
1180
1161
1138
1121
1108
1079
1062
1039
1020
970
926
869
810
768
730
690
659
625
596
572
553
534
518
510
502
498
494
499
508
514
526
541
560
582
608
634
652
678
692
712
731
741
757
781
794
821
842
868
889
908
926
941
967
982
990
1003
1013
1030
1039
1057
1072
1095
1098
1103
1117
1135
1145
1149
1149
1165
1165
1167
1173
1164
1162
1164
1154
1151
1142
1138
1129
1128
1122
1119
1105
1091
1087
1060
1053
1032
1023
994
962
946
924
897
868
829
795
755
713
679
649
620
601
569
565
533
524
516
501
498
494
482
485
488
498
504
524
536
551
575
595
618
649
667
709
737
771
804
843
872
905
934
958
984
1006
1032
1057
1069
1088
1091
1111
1114
1111
1110
1125
1117
1122
1117
1123
1142
1145
1144
1160
1154
1164
1168
1167
1164
1187
1205
1215
1223
1235
1244
1246
1273
1276
1292
1299
1288
1290
1299
1290
1307
1306
1301
1297
1283
1288
1283
1282
1288
1286
1289
1298
1291
1282
1305
1296
1301
1306
1310
1315
1314
1323
1308
1304
1287
1278
1271
1270
1271
1290
1292
1291
1289
1289
1303
1305
1302
1307
1294
1304
1315
1325
1328
1339
1329
1356
1357
1379
1369
1371
1379
1376
1366
1378
1356
1358
1353
1344
1356
1351
1363
1363
1349
1371
1359
1363
1354
1360
1347
1360
1354
1349
1325
1324
1323
1318
1342
1341
1347
1345
1348
1353
1349
1356
1361
1342
1340
1335
1319
1298
1297
1284
1269
1256
1231
1214
1196
1171
1162
1170
1174
1183
1195
1191
1186
1189
1207
1225
1213
1223
1219
1247
1235
1249
1231
1248
1250
1252
1247
1243
1226
1229
1219
1200
1182
1153
1139
1122
1103
1089
1087
1082
1074
1066
1061
1071
1070
1072
1066
1069
1063
1064
1070
1082
1082
1092
1093
1104
1113
1106
1090
1087
1070
1065
1043
1051
1048
1031
1018
1001
995
1000
990
981
985
974
970
949
942
935
922
923
903
903
900
892
898
891
871
879
863
865
855
861
853
856
854
859
859
845
848
857
861
856
848
844
845
838
831
835
836
843
826
833
825
807
798
800
789
789
786
797
798
796
809
796
806
789
792
791
783
788
783
787
795
793
791
786
795
802
803
804
801
800
806
799
798
786
775
780
770
769
762
775
773
762
764
760
755
754
745
738
728
721
704
689
670
671
682
676
669
654
635
625
610
608
591
596
589
577
570
565
565
559
550
558
568
561
562
567
566
569
569
569
572
576
580
596
604
609
622
628
623
631
637
631
638
634
632
629
616
619
624
628
639
639
637
654
648
644
642
644
639
643
641
639
635
630
618
616
618
620
613
620
613
608
607
599
606
602
599
594
596
588
588
587
582
582
576
571
562
566
563
558
553
544
531
534
534
528
536
537
541
540
546
550
549
546
557
549
556
571
563
568
563
573
572
581
583
572
562
560
559
556
547
547
539
543
534
543
539
532
528
527
528
516
522
517
524
519
524
526
525
531
528
529
529
521
515
507
501
508
504
491
495
501
490
501
492
487
493
501
499
488
493
490
501
505
506
512
515
516
522
530
524
536
534
537
532
478
280
1
-2
-1
-1
1
1
-2
-1
536
514
-4
0
0
0
0

