;UFOS3
;Measurement details: channel = D, date = 02.06.2018, time = 17:38:31
Exposure=2218
Gain=0
Temperature=23.8
Accummulate=4
6.809 mu
7.479 amas
7.132 hs
0 ozone
0 uva
0 uvb
0 uve
[Value]
0
367
366
367
366
367
367
367
455
502
531
545
501
537
552
530
563
502
572
532
624
519
585
557
565
530
579
556
573
595
610
632
579
565
604
583
579
532
570
569
544
553
631
613
586
546
598
606
563
562
566
616
524
575
596
589
501
571
586
573
562
539
545
557
565
536
606
564
553
544
615
563
532
578
590
598
559
528
549
578
538
570
591
552
528
576
587
587
516
545
644
614
534
580
604
624
544
513
604
616
513
578
580
570
532
590
575
585
554
561
598
563
526
602
632
582
522
566
566
564
515
556
598
561
561
578
569
589
549
540
555
566
551
533
576
628
537
583
574
559
587
561
572
604
523
562
589
623
513
680
608
592
518
559
593
564
630
560
601
624
494
528
565
591
582
618
595
581
573
522
589
598
584
601
591
590
516
600
609
565
511
554
592
616
592
553
631
608
548
597
559
657
504
596
580
552
545
572
573
572
527
546
614
606
569
540
566
530
540
548
599
577
521
573
562
585
515
547
550
698
581
542
612
544
572
586
618
580
531
507
598
567
488
583
603
614
510
561
534
557
607
550
568
601
535
597
564
561
571
560
584
582
552
570
561
678
567
598
598
574
533
776
642
569
554
510
564
588
556
515
560
578
520
578
607
598
536
574
562
590
554
552
568
636
536
521
610
550
565
564
589
641
540
555
554
602
539
525
592
600
582
556
582
619
598
569
557
565
548
522
600
618
599
542
560
608
560
555
595
577
516
571
590
595
520
576
567
587
544
547
611
585
530
557
592
590
575
500
600
673
556
546
549
613
509
573
616
609
530
550
585
579
505
550
551
568
524
577
586
555
577
546
595
584
579
560
633
584
564
572
564
590
558
586
566
618
523
527
577
577
572
533
614
580
529
581
549
580
541
536
588
618
497
551
567
558
541
535
588
730
562
548
609
652
512
546
674
538
575
533
550
575
551
529
564
576
623
581
590
570
538
555
570
589
527
511
606
546
561
544
576
563
532
516
622
623
499
558
620
618
557
565
559
635
488
542
579
597
542
490
594
543
515
668
587
578
578
584
591
615
580
524
578
559
556
540
560
608
510
545
583
643
552
510
576
551
535
620
612
599
570
569
615
560
514
557
574
584
526
577
552
543
544
529
609
560
567
552
719
577
574
563
605
551
518
617
564
619
527
537
605
573
559
543
553
578
521
603
586
573
552
547
568
570
527
535
585
592
530
624
628
577
560
552
568
597
575
555
565
609
560
548
544
595
556
557
563
556
530
510
562
552
596
543
553
577
584
569
583
566
514
548
594
589
551
592
597
622
554
542
586
580
533
551
594
617
535
579
583
576
536
548
574
594
539
520
585
592
555
568
595
579
522
590
641
531
553
531
566
554
586
583
592
587
550
556
563
526
540
566
570
563
528
591
587
602
498
590
553
575
579
561
607
556
510
587
674
542
511
575
590
621
737
537
627
595
523
521
551
562
516
538
553
606
525
534
556
551
571
584
573
558
558
502
562
585
514
523
581
603
554
552
577
549
599
577
601
576
541
521
581
590
537
534
579
552
565
585
593
549
553
553
594
553
558
520
586
559
530
568
609
548
551
502
560
586
530
540
560
572
543
538
512
557
530
523
559
584
515
531
611
616
516
574
557
547
523
574
553
588
521
533
608
614
521
570
561
582
562
599
559
614
570
1201
570
618
600
580
542
565
520
556
564
530
528
565
577
523
545
569
599
601
569
589
559
519
563
522
575
574
538
533
571
670
561
507
556
567
505
547
592
604
541
566
580
526
535
582
530
585
524
567
574
561
556
555
553
549
540
530
559
565
523
554
608
558
556
571
515
601
548
546
618
538
540
570
582
582
509
544
591
562
513
556
573
557
530
537
595
555
566
552
561
562
581
549
552
599
554
550
571
621
583
566
591
594
517
510
570
563
592
551
550
587
518
552
544
560
510
578
555
560
534
567
563
552
499
542
632
581
571
606
561
566
510
536
542
551
527
537
558
595
569
539
589
587
563
615
553
532
574
555
563
606
516
568
536
605
546
594
603
551
519
542
549
576
587
549
558
529
538
543
561
576
561
575
567
627
516
525
570
540
543
602
569
564
542
548
571
551
530
550
579
557
590
566
583
561
532
547
547
594
553
543
556
552
604
514
566
534
576
539
566
595
520
555
574
563
501
546
560
672
557
529
549
568
558
560
562
529
546
565
557
540
594
566
572
566
589
535
584
543
532
529
526
544
622
548
528
543
554
586
534
569
535
553
574
581
510
531
587
558
559
539
568
555
558
568
538
557
519
507
538
565
553
522
565
593
519
554
576
569
557
569
539
559
540
564
549
579
557
511
535
598
497
585
521
529
528
574
592
577
549
554
557
576
532
589
562
577
520
581
567
581
563
563
551
549
549
544
499
560
569
548
575
599
518
576
589
553
565
544
555
582
561
521
551
565
544
558
591
575
569
521
554
580
587
551
578
533
520
544
576
612
543
567
542
560
589
522
593
557
525
513
574
591
521
529
541
527
617
566
605
571
547
541
552
606
515
564
537
520
527
550
568
605
516
544
535
528
528
555
560
608
544
568
554
553
521
583
561
549
527
597
525
584
547
544
526
576
551
526
530
548
528
510
540
588
550
537
554
565
539
555
538
571
535
531
569
540
519
565
569
544
554
543
595
550
563
565
546
552
526
530
608
543
542
590
541
571
563
556
547
563
530
575
559
551
584
539
560
558
592
595
593
592
566
540
534
566
481
538
539
625
533
539
540
594
598
529
516
583
516
538
607
547
523
530
705
585
574
547
576
586
530
526
522
547
539
535
533
535
521
565
552
536
571
526
533
575
577
536
578
567
533
557
537
573
558
584
512
559
520
551
525
555
534
553
563
600
524
589
564
582
563
522
531
588
551
560
546
603
546
539
565
562
553
538
515
549
592
539
591
576
571
535
555
535
557
540
552
613
561
547
531
546
555
550
597
520
513
554
533
586
539
507
579
567
566
543
526
525
547
527
592
524
557
541
583
531
579
492
488
501
535
549
529
563
567
547
526
578
561
535
599
539
518
582
591
572
525
513
517
547
549
565
514
543
556
550
556
583
585
550
599
571
543
547
575
547
560
517
573
556
533
536
529
542
542
523
582
549
510
548
586
584
535
580
524
560
554
525
553
572
558
545
541
561
524
548
537
552
548
546
515
552
525
555
546
576
575
529
532
596
542
510
574
573
524
588
538
562
543
534
522
581
564
557
525
563
545
559
497
592
533
555
578
554
550
556
541
580
568
542
579
587
571
602
543
551
570
518
545
553
509
524
561
599
558
546
571
597
539
534
537
557
558
561
541
557
640
560
577
562
549
506
559
573
594
533
532
576
535
532
575
580
487
591
592
542
509
587
535
569
551
564
516
621
546
583
577
577
592
566
529
548
549
547
548
586
539
515
562
545
559
525
557
535
538
528
563
534
555
536
566
527
555
549
537
534
543
553
525
545
606
551
562
515
553
553
571
553
556
582
553
548
509
597
522
590
554
557
518
548
551
609
532
548
554
549
542
519
557
531
565
583
543
589
527
535
563
562
564
541
532
556
528
521
560
573
519
538
522
582
522
579
546
548
571
569
527
601
522
541
591
546
529
555
541
521
553
570
535
552
527
533
586
566
498
576
553
521
491
534
524
535
503
530
529
548
584
551
584
572
572
537
514
545
577
642
557
503
531
549
515
554
559
535
540
561
535
564
511
537
547
547
511
523
587
529
537
542
547
570
523
563
569
549
534
594
521
558
533
571
565
560
564
519
534
563
525
585
546
584
529
510
573
527
523
565
546
511
565
567
545
547
548
557
532
536
523
512
502
548
526
568
542
564
497
545
526
526
611
589
563
537
536
554
593
572
561
563
532
532
537
530
555
564
542
582
481
561
536
541
523
609
564
555
573
556
529
562
517
533
520
536
535
537
531
520
540
497
549
560
525
578
562
567
548
551
532
553
549
557
547
531
518
550
547
585
564
552
546
507
539
579
562
515
583
521
530
587
555
556
501
584
566
559
595
542
560
530
525
560
547
552
549
583
572
534
546
545
538
513
542
521
537
565
541
560
562
570
550
579
521
561
525
553
555
556
554
530
562
536
522
529
553
682
511
535
535
552
564
605
512
522
553
513
546
523
514
560
590
557
555
517
548
540
527
622
539
521
526
543
567
535
520
549
538
560
568
543
568
526
542
593
522
527
529
563
576
533
556
552
527
503
556
584
530
554
545
586
599
551
556
537
599
521
560
561
544
597
494
536
532
528
540
568
523
549
566
510
557
524
504
537
521
550
531
542
569
540
559
529
486
510
561
536
555
557
533
609
494
594
539
580
602
546
585
548
546
548
580
546
517
543
515
539
567
559
559
526
535
577
538
567
525
538
513
546
520
528
541
524
540
547
512
560
548
542
524
525
567
559
602
563
576
531
537
539
514
561
560
562
564
515
542
609
564
540
548
527
515
530
540
558
581
548
545
591
541
538
534
574
544
569
595
599
559
551
573
544
508
550
533
595
556
509
546
526
550
532
548
556
581
511
553
531
544
543
531
524
538
555
564
578
527
532
538
599
556
568
544
558
551
545
523
551
519
555
550
527
553
548
539
517
542
569
530
556
556
517
532
562
601
623
519
510
525
545
560
520
504
578
537
566
527
520
516
512
571
543
731
526
558
545
557
554
571
567
546
573
552
569
528
570
535
555
514
567
520
521
547
539
519
535
524
549
547
531
538
526
559
521
537
570
515
531
546
557
560
534
574
573
519
704
535
548
529
543
526
602
564
576
551
613
520
543
563
557
584
554
539
559
534
559
525
554
590
523
573
526
534
574
534
558
571
536
596
562
518
531
548
553
580
549
521
523
521
613
564
603
513
555
555
542
512
564
571
597
584
528
546
575
611
576
536
521
525
569
546
555
576
510
538
570
553
551
548
601
528
589
539
556
537
561
576
573
572
561
559
565
511
578
556
547
513
546
544
571
529
527
567
562
541
520
547
553
567
553
556
534
524
571
550
599
508
518
564
574
556
542
532
649
502
544
515
540
522
565
588
527
547
538
512
539
556
566
557
580
523
522
561
570
579
550
532
560
526
576
563
502
549
512
609
551
523
549
560
612
560
620
601
556
525
538
554
516
515
602
557
548
515
518
562
574
521
573
560
541
543
561
545
581
530
549
520
572
534
556
545
560
577
556
568
529
540
584
534
609
521
575
586
635
549
556
539
599
575
525
537
580
531
580
568
597
561
543
533
547
548
608
581
577
570
578
552
588
563
540
547
572
535
576
557
660
541
555
558
538
530
587
558
563
486
542
547
582
542
523
564
580
534
576
538
577
504
571
559
530
562
520
545
551
511
567
567
538
548
525
514
559
566
577
573
565
694
542
526
573
507
561
564
587
526
555
546
547
523
500
593
555
525
602
554
540
560
554
583
563
530
572
558
547
533
537
574
551
573
552
537
544
563
617
568
606
500
552
559
571
588
604
542
569
543
510
552
555
529
571
553
575
559
532
634
557
534
542
565
540
503
556
551
556
524
535
567
613
594
554
540
550
508
570
545
588
572
548
526
561
567
595
590
571
500
552
544
594
534
535
527
583
517
556
565
614
513
549
553
562
525
533
544
539
560
524
578
554
584
542
641
553
553
548
515
577
548
568
525
587
537
565
576
548
496
606
591
583
498
513
510
561
523
545
604
552
556
539
547
585
598
552
553
530
594
538
567
552
519
548
544
553
529
534
549
582
523
552
557
593
566
575
564
563
587
512
584
567
554
588
549
554
555
533
538
579
538
576
535
578
517
547
632
628
526
590
526
582
523
541
537
608
563
550
528
559
531
542
571
546
537
543
550
566
559
591
556
597
562
586
574
548
519
636
608
586
580
555
573
585
522
536
570
642
583
561
573
608
517
586
548
615
520
534
627
605
550
563
621
810
561
569
549
546
534
565
561
584
525
589
564
621
524
567
573
560
583
594
607
582
516
567
580
594
536
557
557
561
615
551
540
592
549
546
570
599
517
539
541
573
510
539
569
612
520
566
538
536
563
507
550
578
527
592
559
590
535
534
552
617
580
533
591
569
519
567
563
631
526
538
551
605
516
560
612
562
544
518
531
561
547
592
553
579
545
580
539
543
578
554
561
625
548
537
555
634
539
631
613
551
530
562
589
636
553
531
555
593
543
539
591
577
530
549
570
562
591
599
553
579
578
530
578
564
487
675
542
595
515
566
536
612
514
559
580
519
550
562
574
674
500
577
629
562
545
595
590
537
553
568
534
590
509
584
578
635
517
527
589
603
522
528
557
592
563
567
555
599
552
575
607
587
532
538
648
544
530
544
559
570
537
525
546
598
542
546
560
586
565
508
577
583
542
625
610
583
544
516
563
578
541
543
574
600
533
540
583
582
527
565
565
539
553
553
569
610
570
576
541
567
528
525
566
580
543
565
593
563
520
566
557
549
556
584
566
560
533
533
609
569
575
522
594
578
545
562
549
556
508
537
587
562
569
539
568
607
540
601
570
576
544
548
612
570
545
603
629
551
549
533
626
556
528
566
543
582
553
544
605
574
579
559
557
627
543
681
527
607
536
582
544
630
546
567
569
598
554
528
582
543
515
576
577
580
555
533
552
602
504
536
547
567
552
573
559
590
540
541
527
592
556
585
564
586
523
533
537
567
563
560
596
581
553
553
547
568
543
577
584
588
597
581
556
564
523
535
548
712
539
583
561
561
563
574
556
562
521
586
574
576
579
566
543
562
552
576
528
592
544
530
540
567
557
551
554
599
532
544
531
541
523
525
532
597
590
571
536
569
562
552
533
577
586
573
533
588
551
543
568
713
516
546
577
568
590
546
595
572
621
543
557
615
590
559
527
600
511
568
591
554
533
517
556
562
524
579
565
548
592
539
619
555
560
683
524
610
527
586
654
541
564
606
584
615
569
549
560
576
540
583
582
597
544
534
544
600
533
530
532
569
541
697
536
588
565
622
540
547
568
554
547
563
537
560
565
559
535
581
533
578
603
565
558
539
533
601
549
551
520
556
533
548
553
531
561
576
535
571
555
540
554
571
551
561
533
560
524
588
507
592
523
537
550
552
540
562
521
566
557
664
572
655
601
532
529
516
594
547
540
545
598
550
549
581
550
542
592
579
535
569
543
600
534
544
528
582
533
584
541
575
585
552
523
567
592
577
534
539
617
589
584
581
558
566
567
558
573
571
572
548
535
628
528
541
530
600
522
570
570
558
588
558
588
581
527
536
607
593
529
528
548
623
546
565
577
616
514
580
618
574
559
558
598
586
522
537
538
588
525
522
561
602
522
572
542
540
592
584
565
529
521
540
553
567
548
546
574
544
580
552
559
534
510
571
522
561
604
597
568
525
560
565
524
591
498
578
568
568
581
570
554
599
533
578
542
548
644
585
535
533
596
579
570
589
587
602
523
573
546
589
537
607
547
530
574
627
545
602
539
579
547
516
568
538
531
644
593
605
583
557
537
583
559
573
540
585
577
574
583
597
534
592
546
598
544
509
547
605
538
557
570
594
618
571
564
557
570
522
578
577
593
524
579
613
536
508
581
566
574
536
580
573
532
559
617
603
600
546
538
591
529
593
590
580
546
541
575
567
568
525
528
600
576
589
738
548
573
529
567
554
545
576
563
604
553
562
562
597
546
580
552
566
585
561
539
564
550
553
616
549
528
541
508
553
565
524
631
579
564
597
543
580
530
538
560
587
538
563
550
545
532
575
577
552
568
563
556
534
571
547
552
724
528
514
568
553
561
603
599
551
553
536
555
587
520
567
535
627
545
658
529
610
559
579
566
607
554
545
571
607
522
567
572
609
526
583
580
652
510
564
536
636
547
547
556
576
571
508
511
568
580
614
539
600
573
559
578
569
580
542
544
610
532
610
543
541
565
529
586
595
529
507
550
554
550
564
550
562
542
556
597
551
562
609
584
587
572
537
531
536
594
579
558
583
481
528
542
612
557
544
526
630
550
584
553
574
534
585
581
586
616
542
525
610
543
580
539
582
549
532
579
574
531
560
564
594
530
567
555
624
587
565
611
590
529
549
583
576
573
613
598
593
537
563
556
589
573
569
531
521
535
575
561
570
546
546
517
548
488
570
569
568
527
573
640
591
545
624
610
622
543
549
569
568
512
599
582
553
523
615
544
579
521
591
573
593
523
573
580
578
518
624
584
554
582
537
543
607
549
542
551
564
545
542
601
604
531
582
609
535
533
580
523
569
530
581
519
642
557
595
587
567
552
583
542
579
505
597
576
559
622
534
541
555
559
596
708
602
514
553
566
567
585
578
556
597
537
555
609
587
565
560
529
584
551
567
367
366
367
368
368
369
366
368
556
529
367
367
365
0
0

