;UFOS3
;Measurement details: channel = Z, date = 02.06.2018, time = 17:47:04
Exposure=1732
Gain=0
Temperature=23.6
Accummulate=4
7.453 mu
8.446 amas
6.243 hs
0 ozone
0 uva
0 uvb
0 uve
[Value]
0
366
364
367
365
365
366
367
438
478
512
515
474
501
529
505
524
475
545
517
570
489
556
527
532
498
551
526
532
554
571
587
537
523
566
546
541
499
538
535
509
514
589
569
543
511
562
563
527
521
538
571
497
534
561
552
476
530
558
535
524
504
520
528
529
502
573
533
517
509
576
532
503
539
559
555
523
499
524
544
509
531
556
523
502
533
556
551
490
510
604
571
503
534
569
579
512
487
571
573
483
534
552
538
500
544
548
548
517
522
558
533
497
556
588
546
494
525
538
532
491
520
566
531
524
535
538
551
516
506
529
534
516
502
547
586
505
540
543
525
545
526
542
564
496
524
557
579
487
616
571
558
488
525
558
534
575
523
562
579
474
498
537
554
544
570
558
547
539
493
558
557
542
557
556
551
490
549
571
531
486
516
557
568
548
517
591
564
512
553
533
608
480
550
547
525
513
533
545
539
501
510
573
563
531
506
540
506
510
516
569
544
491
534
534
548
491
508
526
632
539
507
576
521
532
545
578
545
502
480
562
531
471
536
567
569
487
522
510
529
561
516
540
562
506
550
541
531
537
524
550
544
518
528
533
621
529
553
562
540
503
688
591
535
521
482
535
552
521
486
531
540
491
535
569
559
506
533
537
553
517
515
540
591
507
492
574
521
528
525
557
593
507
517
526
561
508
497
560
557
542
517
550
572
552
536
530
536
516
492
562
573
553
509
537
568
522
522
560
545
496
531
555
553
493
533
539
548
517
516
573
546
506
521
560
551
540
477
567
613
520
512
526
572
482
537
580
567
503
514
551
543
480
515
526
532
495
525
555
526
541
510
563
546
540
522
586
545
529
532
533
553
522
539
538
576
497
500
547
540
534
503
575
544
500
540
526
542
509
505
555
573
477
515
540
524
511
501
556
662
527
517
570
604
490
512
624
511
538
506
528
543
517
501
535
542
573
538
553
533
512
519
538
553
500
487
569
517
527
510
543
531
503
487
583
579
478
520
577
574
523
528
534
592
470
510
550
557
512
470
560
513
491
606
555
540
540
543
559
573
543
497
546
529
523
510
535
566
485
512
548
597
521
484
547
522
507
570
576
562
536
532
578
528
493
521
542
549
499
534
529
519
514
499
573
525
532
517
658
537
538
525
569
521
492
571
536
570
501
507
568
534
523
509
528
543
497
558
552
541
520
516
541
537
503
507
552
555
506
577
588
547
526
521
540
558
537
521
538
568
526
519
520
558
528
521
533
530
500
486
534
522
552
510
531
547
549
534
555
534
491
516
562
551
520
551
564
579
521
513
550
544
507
517
557
574
508
544
553
543
507
518
544
557
510
496
557
555
521
532
563
546
496
555
598
501
523
503
538
529
543
544
560
546
522
522
540
504
510
527
546
532
502
548
553
561
477
552
531
540
542
525
572
527
491
546
622
520
487
538
553
576
663
510
589
553
500
494
529
534
494
510
528
565
495
509
526
516
536
544
541
529
526
478
536
551
492
497
549
560
520
523
547
525
555
540
565
544
512
492
550
549
511
509
548
523
531
545
562
520
517
517
562
521
528
495
554
531
506
533
575
522
519
479
535
552
506
509
534
537
518
512
498
525
503
500
531
547
494
503
574
571
495
538
531
520
501
538
527
553
500
508
571
575
497
535
534
549
527
559
533
571
536
1019
544
578
562
541
523
536
499
524
541
509
502
529
548
502
518
533
565
560
535
547
535
502
533
498
546
544
510
504
541
613
528
487
533
537
486
519
559
563
517
530
553
508
510
548
510
553
502
536
549
532
530
527
528
520
518
508
536
535
500
523
573
530
524
540
499
565
521
521
583
515
515
537
551
541
492
519
562
534
497
523
547
527
512
512
560
528
537
518
539
529
551
521
531
560
524
521
544
574
547
537
559
558
499
491
543
531
558
526
528
552
501
526
525
531
492
546
534
534
512
536
542
524
485
514
591
550
545
562
536
539
497
510
519
522
508
516
537
562
539
518
561
554
534
578
531
514
540
529
539
568
502
540
522
565
523
557
572
529
506
520
528
554
552
526
538
514
518
521
541
548
532
542
541
589
500
507
546
520
520
563
545
535
521
525
546
535
510
529
551
533
563
537
561
538
511
525
533
564
535
520
541
531
575
497
547
521
552
519
548
569
509
534
558
548
494
527
546
629
543
517
532
549
542
543
545
518
536
545
543
528
572
543
554
549
565
521
562
530
524
520
520
528
595
532
522
528
544
560
529
548
522
540
559
557
503
515
569
545
548
529
555
541
541
552
533
543
513
510
531
553
539
517
557
572
518
540
566
558
547
559
536
551
535
550
552
566
554
516
536
588
509
573
532
538
533
574
592
577
554
559
565
579
550
588
576
583
539
590
578
590
576
575
571
569
565
562
529
572
583
568
594
611
543
590
607
573
584
562
583
604
582
551
580
587
577
590
618
605
597
563
591
604
613
584
615
570
568
589
615
640
591
610
594
604
629
572
635
601
583
565
622
634
578
581
594
583
650
617
645
619
601
594
611
654
581
620
607
592
598
617
635
661
596
613
617
608
610
631
644
671
626
641
638
635
612
663
650
637
624
682
630
682
652
652
644
682
664
643
652
655
646
623
654
690
656
640
657
655
636
642
636
657
627
621
650
634
613
646
655
635
646
640
684
653
668
673
666
673
658
664
740
687
695
735
700
723
721
719
717
733
704
746
738
731
760
726
751
743
772
774
778
775
761
738
742
762
700
738
743
811
730
733
735
772
773
712
708
757
702
722
784
736
718
726
881
778
777
760
791
804
768
778
787
817
829
838
853
861
852
883
898
888
914
876
889
917
925
895
921
902
881
892
879
899
883
900
843
872
841
864
847
872
853
876
894
918
863
923
917
929
925
903
926
977
956
978
987
1038
1013
1009
1049
1054
1070
1063
1065
1095
1144
1103
1150
1140
1142
1103
1128
1104
1118
1102
1105
1139
1107
1087
1064
1075
1080
1080
1116
1050
1050
1087
1071
1115
1089
1057
1120
1119
1114
1090
1088
1080
1097
1087
1135
1073
1098
1079
1105
1051
1083
995
984
976
995
996
964
994
990
971
947
997
989
965
1029
992
971
1026
1053
1037
1018
1020
1043
1075
1092
1109
1093
1116
1149
1165
1181
1219
1229
1214
1271
1262
1249
1260
1294
1275
1302
1266
1322
1308
1298
1302
1299
1297
1301
1273
1320
1291
1250
1280
1300
1290
1247
1278
1214
1230
1224
1189
1203
1220
1218
1198
1195
1206
1182
1193
1188
1193
1196
1199
1177
1214
1206
1239
1252
1289
1306
1276
1309
1371
1354
1344
1427
1432
1420
1482
1470
1495
1505
1506
1504
1559
1559
1550
1540
1586
1583
1603
1570
1662
1625
1641
1670
1671
1669
1690
1693
1727
1730
1706
1739
1750
1733
1761
1725
1722
1733
1674
1708
1701
1648
1666
1673
1687
1655
1629
1640
1648
1603
1602
1607
1621
1629
1635
1622
1631
1696
1625
1630
1623
1617
1574
1630
1638
1670
1631
1636
1674
1669
1659
1726
1744
1686
1780
1813
1799
1800
1902
1876
1927
1947
1995
1984
2083
2073
2129
2164
2186
2240
2241
2231
2276
2308
2317
2336
2372
2346
2310
2332
2307
2315
2273
2297
2274
2277
2246
2264
2245
2262
2256
2262
2224
2231
2210
2190
2170
2147
2134
2095
2094
2128
2059
2029
1956
1968
1922
1934
1886
1878
1891
1863
1853
1797
1849
1779
1804
1757
1735
1699
1707
1716
1766
1698
1705
1724
1730
1742
1740
1790
1801
1855
1895
1895
1956
1936
1959
2005
2003
2018
1999
1997
1998
2002
1988
1998
2015
1978
1978
1965
2004
1959
1980
1958
1958
1970
1957
1920
1979
1933
1938
2003
1963
1959
1978
1962
1947
1954
1970
1921
1920
1892
1876
1890
1859
1797
1841
1818
1781
1757
1771
1764
1747
1715
1740
1741
1735
1764
1741
1776
1777
1787
1787
1795
1829
1881
1970
1921
1893
1934
1961
1954
1987
1999
1978
1967
1985
1971
1990
1972
2003
2019
2012
2006
2012
2066
2027
2044
2057
2068
2100
2079
2125
2158
2146
2140
2190
2140
2161
2133
2131
2115
2079
2052
1975
1963
1960
1904
1938
1887
1914
1869
1832
1882
1843
1850
1886
1867
1841
1904
1909
1903
1917
1939
1962
1942
1956
1959
1938
1924
1929
1914
1918
1873
1861
1783
1812
1779
1768
1847
1841
1845
1859
1885
1932
1990
2005
2040
2065
2066
2092
2108
2119
2150
2169
2165
2215
2149
2238
2229
2226
2211
2286
2249
2254
2267
2265
2257
2303
2285
2315
2310
2346
2373
2392
2419
2431
2461
2437
2488
2487
2458
2485
2456
2456
2394
2379
2349
2350
2315
2297
2293
2269
2268
2321
2336
2371
2366
2366
2376
2369
2416
2489
2518
2507
2592
2566
2591
2659
2649
2638
2607
2648
2630
2620
2643
2593
2582
2536
2512
2523
2500
2484
2483
2468
2445
2385
2385
2385
2389
2370
2384
2358
2352
2359
2340
2353
2336
2315
2283
2295
2259
2278
2263
2266
2257
2262
2263
2243
2271
2270
2251
2264
2291
2411
2289
2322
2334
2360
2380
2421
2352
2359
2390
2348
2374
2352
2338
2356
2366
2329
2324
2272
2305
2283
2271
2343
2286
2272
2295
2305
2325
2304
2287
2309
2285
2300
2298
2279
2298
2263
2281
2302
2261
2244
2228
2252
2239
2181
2160
2144
2097
2037
2052
2032
1948
1925
1902
1903
1885
1797
1777
1739
1779
1691
1714
1703
1694
1735
1658
1712
1717
1737
1775
1829
1843
1897
1943
1944
2013
2015
2022
2061
2078
2111
2116
2134
2183
2163
2206
2190
2166
2192
2248
2224
2239
2239
2220
2265
2169
2230
2174
2191
2200
2138
2168
2134
2142
2107
2136
2105
2079
2102
2093
2112
2126
2131
2141
2121
2148
2196
2180
2224
2212
2223
2254
2286
2295
2316
2344
2344
2349
2350
2334
2347
2335
2343
2325
2322
2342
2319
2340
2274
2281
2211
2232
2221
2207
2248
2243
2222
2237
2198
2229
2289
2262
2232
2258
2244
2248
2247
2277
2277
2308
2297
2305
2350
2305
2321
2341
2368
2355
2383
2412
2418
2380
2359
2376
2351
2330
2363
2353
2403
2367
2321
2372
2372
2400
2387
2400
2384
2386
2314
2324
2284
2310
2304
2312
2320
2352
2375
2416
2427
2432
2457
2497
2565
2560
2596
2617
2665
2676
2710
2740
2770
2786
2833
2859
2850
2882
2864
2855
2819
2799
2811
2766
2782
2768
2724
2736
2741
2754
2739
2667
2627
2619
2615
2607
2568
2541
2598
2564
2575
2540
2557
2569
2577
2642
2629
2772
2646
2692
2675
2700
2721
2749
2748
2750
2748
2719
2695
2625
2609
2529
2487
2405
2403
2328
2306
2319
2297
2288
2301
2306
2334
2345
2352
2386
2397
2444
2416
2450
2489
2457
2494
2545
2572
2605
2590
2653
2635
2606
2719
2602
2600
2583
2579
2539
2602
2572
2575
2584
2629
2573
2573
2606
2618
2639
2621
2620
2634
2635
2669
2660
2695
2747
2706
2760
2718
2710
2714
2681
2682
2686
2653
2710
2667
2616
2597
2596
2575
2578
2527
2493
2476
2456
2518
2470
2490
2397
2413
2411
2391
2356
2384
2368
2374
2323
2266
2274
2261
2282
2245
2212
2217
2221
2266
2289
2311
2339
2286
2295
2304
2272
2248
2251
2282
2221
2260
2218
2215
2188
2175
2174
2134
2099
2061
2035
1990
1928
1966
1928
1916
1901
1923
1945
1974
1966
1945
1994
1997
1963
1942
1970
1966
2004
1995
2012
2013
1993
2028
2002
2020
1933
1916
1941
1935
1918
1885
1879
1954
1808
1816
1771
1777
1715
1736
1748
1688
1715
1709
1692
1727
1751
1785
1812
1851
1849
1877
1944
1980
2013
2025
2053
2094
2126
2210
2247
2244
2329
2340
2466
2467
2477
2517
2557
2617
2584
2650
2628
2605
2607
2611
2645
2622
2627
2664
2630
2613
2576
2550
2574
2550
2495
2503
2490
2460
2439
2433
2404
2404
2302
2287
2232
2249
2205
2215
2212
2232
2261
2243
2272
2240
2251
2290
2287
2355
2308
2366
2406
2454
2414
2438
2443
2495
2466
2402
2398
2412
2363
2370
2355
2352
2318
2316
2324
2346
2335
2378
2353
2350
2359
2391
2404
2465
2506
2518
2600
2668
2688
2759
2781
2904
2835
2851
2852
2808
2765
2784
2736
2722
2644
2652
2646
2635
2586
2524
2542
2521
2457
2460
2448
2458
2411
2464
2476
2475
2553
2553
2634
2659
2677
2720
2761
2747
2776
2732
2733
2755
2724
2688
2664
2623
2698
2546
2522
2519
2432
2432
2413
2408
2333
2333
2335
2305
2303
2273
2357
2337
2332
2406
2411
2422
2444
2464
2517
2500
2490
2548
2564
2594
2612
2627
2676
2698
2732
2738
2739
2771
2793
2847
2815
2855
2782
2811
2833
2827
2843
2824
2810
2804
2775
2752
2768
2782
2741
2772
2734
2743
2718
2674
2737
2668
2634
2622
2627
2582
2531
2564
2561
2542
2511
2500
2535
2529
2517
2482
2457
2473
2450
2475
2469
2479
2478
2449
2446
2468
2480
2482
2467
2436
2369
2400
2384
2416
2366
2362
2348
2390
2311
2347
2344
2367
2301
2305
2308
2302
2256
2250
2250
2245
2271
2228
2277
2259
2288
2258
2351
2310
2319
2336
2329
2383
2398
2423
2423
2485
2470
2520
2555
2542
2518
2601
2608
2597
2544
2540
2545
2559
2506
2498
2524
2453
2431
2402
2426
2435
2444
2391
2396
2358
2410
2354
2389
2348
2330
2333
2324
2320
2264
2238
2235
2248
2212
2202
2216
2240
2229
2235
2247
2275
2311
2290
2385
2417
2453
2504
2504
2519
2545
2545
2587
2643
2611
2623
2596
2611
2545
2548
2595
2565
2465
2472
2399
2401
2326
2304
2288
2313
2266
2247
2245
2263
2230
2231
2242
2206
2188
2187
2206
2204
2189
2198
2181
2185
2175
2192
2219
2208
2232
2318
2318
2311
2303
2266
2260
2251
2177
2172
2163
2211
2115
2047
2027
2013
1907
1954
1934
1997
1934
1952
2067
2094
2107
2138
2229
2427
2289
2323
2348
2368
2388
2412
2437
2458
2389
2422
2393
2398
2291
2273
2242
2181
2164
2135
2115
2087
2024
2066
2080
2110
2077
2109
2147
2170
2251
2247
2296
2357
2354
2370
2431
2471
2435
2466
2511
2546
2495
2521
2567
2595
2527
2549
2523
2490
2487
2414
2451
2463
2410
2428
2410
2476
2402
2392
2423
2478
2475
2445
2506
2505
2464
2491
2503
2549
2466
2469
2511
2555
2503
2543
2601
2588
2590
2576
2605
2632
2646
2666
2677
2695
2705
2725
2722
2733
2768
2768
2799
2849
2811
2790
2839
2898
2831
2918
2924
2862
2858
2880
2930
2972
2900
2865
2886
2909
2846
2822
2834
2799
2739
2709
2696
2664
2627
2607
2558
2544
2518
2435
2458
2405
2309
2415
2307
2322
2242
2255
2240
2284
2191
2207
2217
2160
2173
2164
2162
2210
2054
2096
2139
2063
2053
2074
2083
2036
2059
2088
2082
2140
2091
2146
2158
2222
2145
2165
2250
2281
2230
2250
2294
2321
2282
2285
2298
2334
2275
2310
2324
2280
2217
2201
2271
2167
2136
2110
2145
2136
2085
2051
2060
2099
2040
2016
2028
2023
1992
1924
1969
1928
1872
1914
1876
1846
1787
1749
1778
1782
1732
1730
1756
1759
1682
1675
1696
1662
1600
1606
1612
1567
1552
1534
1558
1592
1544
1544
1519
1519
1477
1456
1493
1497
1449
1460
1494
1471
1420
1466
1471
1458
1465
1475
1476
1455
1437
1434
1489
1442
1443
1398
1456
1449
1423
1448
1463
1482
1447
1486
1556
1555
1572
1580
1626
1680
1631
1718
1715
1753
1739
1777
1871
1866
1861
1908
1964
1910
1912
1893
1986
1927
1909
1938
1926
1961
1934
1919
1974
1927
1913
1869
1867
1921
1831
1946
1856
1905
1828
1856
1823
1873
1794
1784
1784
1785
1714
1688
1762
1760
1735
1783
1796
1820
1797
1771
1808
1853
1791
1847
1898
1933
1940
1961
1988
2023
1984
1971
1969
2003
1952
1957
1929
1928
1865
1852
1836
1842
1823
1817
1868
1861
1853
1846
1876
1877
1857
1885
1906
1926
1955
1955
1953
1970
1924
1941
1955
2076
1923
1962
1939
1932
1920
1912
1904
1898
1857
1915
1904
1885
1886
1871
1842
1857
1840
1847
1824
1859
1846
1832
1849
1877
1880
1884
1911
1961
1915
1937
1939
1978
1983
2003
2040
2108
2109
2116
2101
2143
2151
2153
2148
2188
2185
2167
2176
2201
2174
2190
2219
2324
2172
2171
2194
2168
2186
2140
2180
2141
2160
2077
2081
2126
2094
2048
2027
2076
1982
2043
2071
2041
2054
2072
2120
2141
2125
2196
2208
2193
2238
2189
2278
2229
2242
2327
2195
2252
2188
2213
2267
2159
2153
2180
2155
2142
2092
2054
2040
2027
1967
1968
1951
1937
1890
1847
1850
1874
1794
1756
1739
1723
1690
1792
1646
1665
1633
1647
1577
1557
1546
1487
1443
1398
1319
1290
1260
1215
1163
1160
1106
1112
1111
1060
1042
1021
1007
1056
1015
1016
998
1032
1031
1060
1080
1077
1134
1168
1162
1211
1217
1222
1251
1269
1279
1310
1295
1342
1340
1419
1370
1454
1426
1450
1483
1494
1503
1531
1506
1555
1565
1662
1602
1689
1657
1610
1622
1630
1699
1661
1659
1676
1723
1686
1691
1698
1682
1676
1701
1688
1648
1672
1640
1682
1629
1631
1604
1630
1593
1602
1561
1565
1570
1510
1457
1476
1475
1440
1374
1336
1370
1308
1255
1217
1176
1151
1130
1087
1101
1069
1060
1030
1010
1080
992
987
986
1045
992
1034
1059
1061
1099
1094
1144
1163
1152
1169
1274
1290
1271
1302
1360
1448
1418
1454
1497
1552
1497
1568
1628
1608
1613
1608
1667
1658
1608
1617
1634
1671
1621
1609
1651
1701
1639
1673
1672
1664
1715
1707
1704
1667
1681
1709
1737
1752
1748
1754
1787
1784
1818
1805
1822
1792
1772
1830
1788
1829
1860
1850
1830
1780
1812
1805
1784
1835
1763
1823
1834
1821
1818
1839
1818
1859
1811
1845
1830
1829
1909
1850
1813
1793
1829
1810
1801
1818
1835
1846
1788
1825
1802
1850
1818
1863
1819
1793
1847
1898
1838
1881
1851
1875
1871
1847
1913
1879
1875
1969
1927
1933
1918
1876
1870
1897
1869
1888
1861
1902
1905
1884
1915
1909
1862
1900
1877
1903
1871
1834
1864
1886
1832
1840
1854
1893
1907
1874
1876
1866
1883
1840
1895
1896
1892
1835
1876
1888
1805
1777
1824
1799
1788
1734
1757
1734
1679
1687
1746
1734
1739
1705
1702
1732
1690
1755
1777
1750
1733
1727
1785
1770
1779
1729
1749
1807
1787
1790
1905
1744
1765
1721
1733
1704
1666
1670
1652
1660
1605
1609
1610
1630
1581
1594
1589
1598
1612
1588
1581
1588
1581
1587
1651
1599
1591
1600
1588
1632
1633
1584
1668
1609
1593
1594
1566
1589
1532
1526
1529
1542
1506
1517
1504
1501
1477
1499
1488
1459
1464
1444
1447
1408
1436
1412
1414
1550
1392
1361
1411
1388
1392
1411
1419
1372
1373
1358
1379
1407
1334
1372
1366
1444
1371
1444
1348
1411
1363
1371
1370
1396
1365
1340
1367
1384
1302
1325
1339
1356
1286
1325
1338
1390
1284
1332
1307
1388
1304
1304
1318
1322
1324
1267
1278
1328
1333
1354
1297
1351
1335
1324
1345
1331
1339
1314
1315
1363
1285
1334
1292
1282
1294
1261
1322
1325
1261
1246
1279
1281
1271
1270
1256
1255
1231
1223
1246
1192
1199
1240
1221
1216
1191
1140
1132
1118
1158
1128
1121
1132
1043
1066
1078
1134
1079
1058
1061
1147
1080
1103
1089
1103
1073
1116
1116
1122
1147
1090
1099
1171
1119
1160
1144
1165
1143
1137
1173
1175
1133
1151
1161
1171
1122
1149
1153
1214
1186
1162
1218
1197
1143
1154
1187
1182
1178
1202
1198
1184
1139
1143
1140
1167
1153
1139
1130
1109
1112
1142
1130
1140
1120
1108
1091
1113
1059
1118
1122
1118
1078
1107
1161
1109
1077
1135
1121
1128
1055
1045
1067
1064
1020
1089
1083
1066
1035
1110
1065
1091
1040
1099
1084
1104
1066
1096
1110
1104
1063
1144
1126
1104
1109
1065
1074
1116
1073
1057
1067
1069
1053
1043
1100
1096
1031
1068
1092
1032
1023
1060
1016
1053
1023
1061
1018
1117
1053
1079
1075
1056
1037
1053
1019
1043
992
1052
1033
1021
1073
990
1013
1002
1013
1038
1137
1054
974
1007
1024
1031
1049
1041
1036
1069
1019
1040
1097
1071
1065
1058
1037
1077
994
811
365
365
365
364
366
365
364
365
1062
1016
363
365
366
0
0

