;UFOS3
;Measurement details: channel = Z-D, date = 02.06.2018, time = 18:17:35
Exposure=2762
Gain=0
Temperature=22.8
Accummulate=4
10.308 mu
15.409 amas
3.233 hs
579 ozone
0 uva
0 uvb
0 uve
[Value]
0
1
-2
0
2
-1
0
0
0
0
-2
2
-3
1
-2
2
1
0
-3
2
0
-1
2
6
2
-3
1
4
2
5
4
3
6
4
4
-1
-2
4
1
3
1
3
4
-4
-1
2
2
-1
3
1
1
4
1
1
2
1
-1
9
0
-5
4
1
4
3
1
3
0
3
2
6
5
1
1
-1
-2
-2
3
0
3
-1
1
3
1
2
6
7
0
-1
4
1
1
4
2
0
5
1
3
0
1
1
0
1
7
-1
0
0
5
4
4
1
3
3
4
1
3
4
1
-1
2
-1
3
3
4
1
2
2
1
-3
4
2
-2
-1
0
4
2
0
6
6
4
2
1
3
4
0
1
2
1
3
1
2
2
-2
2
1
7
1
3
3
2
7
-3
1
1
-3
-1
3
2
-3
4
2
0
8
3
2
2
1
0
2
-4
1
6
2
2
2
3
-1
3
2
4
0
2
-3
1
0
3
1
0
6
6
1
4
2
3
4
5
5
5
4
3
5
1
1
3
2
1
0
1
0
3
4
2
3
1
3
0
0
2
4
6
2
2
-1
3
6
6
4
2
3
0
4
2
2
5
1
3
-2
2
0
0
4
1
4
3
-1
5
1
0
1
5
2
2
8
-1
8
4
3
-1
3
3
3
2
1
4
7
7
2
4
2
0
4
3
1
1
1
1
2
6
3
6
-1
2
0
1
5
1
2
0
6
0
4
5
7
4
3
4
2
2
-2
-1
2
2
2
6
1
5
2
2
3
6
0
1
4
2
4
2
0
5
6
0
-2
4
5
2
5
4
5
-3
1
6
5
9
0
5
2
0
1
4
3
4
1
4
3
1
4
4
6
3
18
6
0
2
5
-1
1
5
5
3
-1
-1
-2
-2
1
3
3
4
4
-4
0
4
5
1
4
4
1
4
6
6
2
4
5
5
3
3
4
1
4
6
6
-2
6
7
4
4
-2
6
2
3
3
2
4
2
5
7
3
5
4
6
0
4
5
4
2
2
0
1
4
2
5
4
2
2
5
3
3
4
9
3
0
4
2
2
3
3
-4
6
2
4
0
2
2
1
4
3
6
1
3
1
5
5
2
9
5
4
1
9
3
5
7
2
8
4
3
2
1
5
4
5
8
7
8
4
5
-1
1
8
6
3
1
3
4
1
3
9
2
7
5
0
5
7
5
6
4
5
2
7
3
3
4
4
6
0
3
10
4
5
3
6
-1
0
5
2
3
10
1
5
3
4
6
5
4
6
2
4
3
6
0
3
1
4
3
4
7
5
9
2
-2
8
3
-2
5
4
4
3
5
3
3
2
5
8
4
3
3
2
0
1
5
2
0
3
7
2
3
3
3
-2
2
3
2
6
3
1
5
5
-1
1
4
5
2
8
5
0
3
5
10
5
4
6
5
0
3
5
9
5
1
7
5
3
1
4
3
4
3
5
9
4
5
1
-1
4
3
3
3
4
3
5
6
4
4
3
4
5
4
5
1
0
10
7
5
4
10
6
5
6
1
4
4
3
7
4
4
6
2
7
3
7
4
3
1
8
6
2
6
3
3
4
5
8
3
2
6
4
8
3
5
7
4
3
1
3
4
6
4
5
5
3
4
4
4
2
8
4
6
8
2
8
-2
2
5
8
5
0
6
1
6
6
2
4
5
6
3
3
8
7
6
8
6
6
9
5
7
5
5
7
5
7
7
7
8
7
6
7
8
7
9
6
3
5
4
7
9
2
4
6
9
5
5
9
6
5
2
6
2
4
13
7
8
5
3
6
8
7
5
5
6
8
5
1
8
6
5
7
2
1
4
2
4
4
9
4
6
6
8
6
1
6
12
6
7
13
4
7
6
7
12
8
12
11
8
7
4
6
8
7
9
9
5
7
2
5
11
7
5
6
9
8
9
9
9
8
6
8
5
6
8
7
6
9
7
8
9
6
6
10
8
13
4
10
9
9
11
10
7
9
10
11
10
9
9
7
10
15
7
6
7
8
13
6
10
9
9
12
11
9
6
7
9
8
3
10
11
8
6
3
10
10
7
8
11
11
14
10
12
9
13
12
10
10
12
11
11
9
16
9
11
7
8
7
15
10
13
11
10
9
15
8
13
9
11
16
13
9
16
8
10
12
12
8
10
13
10
18
11
13
11
14
14
11
12
13
10
15
12
13
11
12
16
17
15
11
14
13
14
12
19
17
14
15
15
16
16
12
12
15
16
19
10
15
19
17
17
16
14
18
18
15
17
15
14
17
19
20
15
18
17
18
19
16
16
16
17
17
21
17
21
18
17
20
13
19
15
15
22
19
18
16
19
21
18
22
20
21
19
21
16
19
22
21
18
24
21
23
23
18
25
23
22
26
27
25
26
24
26
28
28
28
27
30
25
33
28
33
24
33
32
31
33
38
35
34
37
41
35
35
37
37
34
39
45
39
43
40
43
40
44
43
41
44
37
44
44
41
49
46
41
46
44
46
44
45
54
50
49
47
51
47
49
51
51
54
57
54
56
52
56
54
57
60
58
56
62
57
56
62
52
62
63
61
56
57
56
62
62
62
58
65
59
65
64
66
64
71
70
72
73
74
70
74
71
73
78
73
76
76
76
80
76
82
78
82
84
80
79
87
88
91
91
94
95
96
100
101
99
100
99
94
96
98
97
92
96
91
90
87
88
85
80
83
80
79
81
81
83
82
84
88
89
91
92
91
98
104
103
108
114
118
118
118
129
128
130
134
133
133
137
138
142
135
140
141
146
150
147
147
146
154
151
155
154
152
158
152
155
156
151
153
149
149
150
141
145
140
145
141
140
150
145
142
152
163
158
168
168
172
177
182
193
200
213
214
230
233
245
248
249
257
261
264
266
258
261
264
257
262
257
254
252
250
245
242
246
239
239
233
240
230
236
241
238
243
247
249
256
255
264
270
273
284
294
303
310
311
324
336
344
353
364
372
385
394
407
413
419
428
429
425
426
430
425
423
420
417
413
409
411
407
398
407
409
403
412
410
408
414
409
419
422
418
415
421
419
420
419
412
408
411
407
403
395
395
386
377
368
358
346
343
339
325
323
325
320
322
326
328
328
332
346
349
351
362
373
383
387
399
419
426
430
452
460
471
482
502
514
526
528
549
558
559
577
583
587
602
600
605
613
608
619
613
601
610
598
598
593
583
576
569
571
563
550
538
536
535
521
519
514
511
509
510
504
505
504
505
500
508
510
512
521
529
535
546
557
584
586
598
616
638
647
676
693
704
715
732
754
760
779
789
799
807
806
821
841
844
861
872
893
895
901
921
923
940
945
958
965
964
968
977
982
970
970
970
959
963
962
960
945
941
927
914
903
901
874
878
857
866
859
861
863
854
861
858
857
851
846
854
850
848
849
845
858
856
869
881
888
902
907
930
940
962
973
1019
1039
1064
1096
1126
1137
1176
1207
1229
1246
1289
1313
1348
1383
1410
1433
1465
1481
1509
1511
1530
1544
1541
1535
1525
1513
1517
1509
1497
1487
1493
1473
1468
1470
1461
1455
1458
1443
1438
1412
1404
1376
1358
1334
1316
1306
1292
1254
1233
1192
1186
1155
1124
1111
1103
1101
1086
1082
1070
1049
1031
1017
997
980
973
956
976
964
970
971
985
981
1002
1015
1051
1075
1095
1124
1148
1174
1210
1219
1246
1253
1250
1265
1264
1259
1276
1264
1246
1260
1272
1273
1263
1256
1265
1236
1247
1236
1249
1230
1226
1224
1233
1230
1255
1258
1254
1255
1250
1257
1239
1232
1209
1199
1181
1167
1156
1144
1110
1109
1103
1092
1086
1066
1063
1045
1043
1045
1036
1021
1026
1019
1031
1053
1051
1073
1098
1100
1139
1171
1186
1200
1213
1237
1251
1253
1257
1263
1268
1257
1259
1264
1280
1292
1303
1289
1309
1325
1331
1339
1349
1361
1364
1372
1401
1412
1433
1434
1439
1428
1451
1439
1441
1414
1397
1370
1335
1310
1294
1256
1239
1221
1212
1205
1198
1184
1177
1184
1185
1186
1182
1197
1203
1198
1207
1231
1250
1239
1259
1260
1269
1264
1258
1229
1221
1200
1171
1147
1129
1108
1105
1099
1098
1108
1137
1153
1180
1206
1233
1276
1298
1324
1347
1360
1392
1390
1410
1418
1435
1464
1463
1495
1494
1502
1511
1503
1506
1518
1522
1531
1553
1566
1574
1600
1615
1617
1657
1671
1696
1721
1752
1752
1744
1743
1737
1740
1706
1708
1662
1659
1642
1614
1611
1577
1567
1571
1590
1598
1613
1623
1623
1640
1648
1673
1694
1730
1766
1799
1819
1827
1843
1866
1885
1863
1877
1860
1848
1846
1836
1831
1805
1802
1773
1767
1748
1729
1731
1700
1677
1655
1665
1655
1656
1664
1656
1655
1649
1634
1625
1625
1611
1596
1576
1561
1573
1560
1574
1557
1549
1554
1556
1564
1554
1575
1576
1580
1589
1593
1616
1633
1645
1652
1664
1668
1668
1668
1666
1669
1669
1658
1659
1653
1634
1621
1618
1602
1597
1593
1592
1591
1603
1592
1617
1607
1613
1623
1608
1612
1602
1581
1578
1582
1589
1590
1581
1572
1581
1553
1553
1547
1520
1495
1456
1453
1422
1390
1367
1328
1301
1258
1232
1208
1177
1138
1116
1092
1084
1066
1058
1050
1051
1052
1052
1068
1087
1104
1139
1167
1200
1235
1268
1299
1343
1364
1367
1394
1416
1425
1452
1453
1475
1496
1524
1521
1533
1538
1543
1538
1547
1553
1546
1520
1525
1517
1497
1490
1479
1463
1463
1464
1463
1442
1430
1434
1440
1436
1439
1447
1443
1455
1455
1464
1480
1495
1509
1526
1545
1544
1582
1612
1625
1632
1656
1666
1662
1657
1665
1644
1645
1643
1647
1635
1639
1613
1596
1566
1564
1556
1557
1550
1545
1543
1538
1537
1530
1532
1553
1554
1563
1571
1563
1566
1576
1573
1591
1583
1594
1610
1622
1625
1644
1647
1661
1659
1670
1676
1688
1686
1682
1678
1664
1666
1663
1666
1669
1673
1664
1674
1685
1691
1714
1713
1699
1691
1673
1653
1641
1614
1623
1624
1636
1649
1674
1689
1710
1724
1761
1782
1800
1823
1849
1873
1898
1943
1968
1999
2029
2048
2088
2100
2126
2139
2143
2137
2133
2121
2070
2081
2051
2045
2030
2026
2027
2012
1996
1959
1968
1944
1931
1897
1883
1885
1874
1868
1858
1852
1857
1865
1886
1893
1900
1922
1907
1940
1981
1966
1968
1996
1991
2010
2008
2006
2004
1962
1921
1888
1834
1788
1738
1695
1662
1636
1635
1626
1629
1632
1646
1640
1670
1696
1715
1732
1746
1740
1759
1780
1788
1806
1854
1865
1885
1900
1919
1917
1923
1887
1914
1903
1885
1872
1858
1867
1862
1861
1875
1875
1885
1883
1891
1906
1904
1916
1926
1927
1943
1960
1970
1974
2007
2010
2020
2015
2015
1979
1975
1968
1949
1942
1957
1940
1933
1914
1893
1879
1856
1830
1815
1797
1781
1767
1760
1752
1742
1725
1722
1712
1708
1694
1677
1657
1625
1609
1602
1585
1561
1549
1560
1564
1576
1582
1607
1635
1640
1653
1623
1613
1600
1570
1584
1577
1568
1562
1571
1539
1540
1517
1491
1449
1417
1404
1371
1333
1311
1299
1280
1284
1279
1284
1316
1321
1330
1328
1326
1334
1320
1336
1329
1326
1339
1344
1358
1360
1363
1361
1360
1338
1313
1299
1291
1287
1283
1258
1253
1246
1216
1189
1164
1144
1122
1106
1100
1089
1094
1096
1105
1109
1123
1152
1178
1195
1240
1270
1298
1324
1343
1377
1421
1444
1499
1534
1569
1615
1665
1708
1744
1783
1809
1832
1861
1887
1900
1899
1897
1913
1931
1926
1956
1964
1953
1936
1933
1927
1908
1888
1873
1846
1830
1810
1796
1777
1766
1743
1727
1700
1654
1627
1585
1580
1555
1551
1552
1556
1572
1578
1592
1590
1598
1609
1639
1650
1655
1678
1697
1704
1734
1764
1778
1773
1764
1745
1731
1722
1703
1678
1672
1647
1642
1653
1663
1676
1679
1665
1658
1663
1679
1690
1706
1763
1805
1835
1922
1956
1997
2041
2076
2106
2131
2131
2137
2116
2093
2062
2037
2012
1998
1978
1959
1931
1905
1858
1844
1823
1798
1772
1773
1763
1763
1774
1796
1817
1868
1896
1956
1971
2021
2008
2046
2063
2078
2059
2065
2042
2038
1970
1954
1921
1904
1879
1859
1828
1805
1759
1736
1707
1688
1665
1670
1662
1658
1651
1655
1683
1691
1704
1726
1756
1766
1793
1803
1813
1828
1851
1881
1908
1933
1950
1966
1995
2022
2044
2054
2068
2086
2112
2107
2106
2127
2120
2138
2113
2111
2079
2120
2095
2090
2091
2060
2082
2078
2055
2046
2038
2024
2009
1985
1975
1959
1945
1931
1909
1890
1884
1884
1861
1862
1851
1841
1804
1809
1805
1806
1812
1812
1804
1813
1766
1795
1797
1801
1782
1797
1782
1768
1750
1747
1732
1726
1723
1716
1718
1712
1696
1681
1684
1674
1665
1670
1654
1651
1634
1631
1613
1602
1605
1601
1590
1603
1608
1608
1617
1638
1651
1663
1682
1694
1709
1741
1748
1776
1795
1825
1843
1864
1873
1885
1888
1907
1900
1911
1906
1898
1889
1864
1844
1811
1792
1771
1749
1770
1745
1745
1738
1728
1725
1715
1719
1711
1705
1703
1692
1680
1668
1636
1615
1583
1567
1586
1562
1564
1566
1571
1575
1594
1616
1639
1677
1699
1747
1799
1830
1832
1851
1863
1902
1924
1942
1950
1940
1944
1920
1904
1885
1867
1846
1826
1797
1752
1715
1690
1668
1636
1625
1609
1600
1610
1604
1612
1595
1580
1572
1558
1559
1554
1553
1549
1534
1545
1511
1516
1526
1564
1570
1608
1607
1628
1637
1632
1619
1595
1590
1561
1537
1512
1496
1453
1418
1378
1339
1317
1317
1313
1336
1339
1347
1387
1420
1464
1498
1534
1582
1644
1670
1700
1721
1754
1757
1771
1771
1760
1743
1728
1693
1669
1631
1584
1530
1504
1479
1450
1432
1428
1422
1444
1443
1467
1455
1496
1529
1560
1614
1658
1686
1715
1734
1764
1772
1825
1829
1860
1866
1880
1890
1892
1882
1889
1881
1870
1847
1825
1803
1800
1794
1775
1741
1760
1766
1764
1757
1770
1776
1806
1804
1824
1833
1830
1834
1841
1820
1837
1834
1851
1852
1883
1886
1895
1925
1943
1953
1965
1964
1984
1965
2017
2010
2035
2040
2073
2080
2076
2105
2119
2121
2136
2145
2167
2162
2173
2183
2195
2191
2214
2213
2212
2226
2233
2211
2202
2195
2192
2157
2131
2117
2093
2063
2017
1995
1950
1924
1908
1878
1848
1806
1791
1749
1726
1686
1674
1662
1635
1624
1621
1604
1592
1571
1572
1554
1545
1527
1516
1494
1467
1452
1452
1426
1431
1425
1429
1429
1435
1457
1477
1479
1496
1512
1514
1525
1544
1562
1592
1611
1621
1640
1649
1657
1651
1654
1657
1653
1649
1650
1648
1614
1605
1580
1560
1548
1532
1504
1502
1494
1467
1455
1442
1444
1429
1413
1404
1390
1369
1360
1334
1296
1276
1256
1229
1213
1189
1184
1172
1164
1140
1143
1137
1121
1111
1090
1073
1052
1031
1020
1003
987
972
956
956
961
950
948
941
926
918
907
900
902
883
876
880
883
883
884
878
883
889
879
883
882
880
872
875
854
851
850
847
849
853
862
876
895
906
922
949
956
984
1013
1016
1035
1062
1088
1108
1145
1161
1191
1216
1249
1270
1282
1293
1304
1294
1312
1313
1320
1327
1334
1330
1330
1325
1332
1329
1315
1297
1272
1269
1253
1243
1262
1264
1258
1248
1238
1224
1215
1203
1189
1168
1165
1133
1122
1136
1165
1166
1180
1182
1203
1205
1199
1215
1210
1235
1260
1301
1323
1339
1347
1379
1393
1394
1376
1379
1375
1347
1338
1329
1302
1293
1274
1261
1228
1225
1217
1232
1251
1259
1246
1272
1265
1266
1270
1289
1298
1319
1327
1347
1354
1343
1347
1352
1345
1339
1342
1323
1323
1318
1292
1290
1290
1290
1287
1288
1277
1267
1269
1258
1261
1253
1244
1250
1243
1252
1251
1256
1267
1279
1286
1302
1324
1340
1339
1362
1384
1401
1415
1449
1459
1476
1509
1510
1516
1535
1544
1550
1558
1555
1555
1575
1570
1571
1596
1589
1594
1585
1569
1561
1551
1547
1531
1526
1506
1487
1488
1465
1463
1462
1437
1439
1447
1423
1434
1432
1438
1456
1498
1510
1519
1545
1564
1582
1584
1602
1597
1614
1610
1621
1619
1601
1591
1589
1586
1578
1558
1535
1532
1522
1487
1487
1459
1428
1393
1386
1349
1334
1314
1299
1278
1258
1240
1220
1183
1174
1133
1121
1100
1094
1061
1048
1027
1009
990
959
918
875
825
767
731
692
655
620
599
567
544
527
507
499
483
477
469
476
478
478
492
505
512
532
553
573
596
622
644
661
679
688
710
720
741
761
787
803
829
853
873
886
910
927
933
946
958
966
985
991
997
1021
1036
1047
1060
1073
1083
1088
1090
1096
1102
1105
1113
1108
1113
1102
1104
1104
1099
1085
1081
1079
1077
1072
1066
1054
1036
1034
1021
995
987
968
947
919
895
882
848
830
791
763
716
681
653
621
591
572
545
529
513
511
491
479
480
465
457
463
461
472
479
496
503
532
548
574
599
615
645
675
706
738
763
796
832
864
894
918
954
956
980
1009
1021
1043
1047
1061
1059
1079
1069
1070
1066
1065
1075
1067
1088
1096
1094
1106
1106
1107
1112
1118
1119
1130
1146
1159
1174
1178
1199
1198
1209
1230
1234
1237
1242
1233
1250
1238
1240
1242
1243
1247
1234
1231
1223
1232
1225
1236
1230
1235
1239
1223
1238
1246
1233
1246
1259
1256
1249
1268
1256
1247
1236
1224
1214
1226
1217
1224
1232
1241
1230
1237
1239
1239
1243
1249
1241
1248
1258
1278
1276
1284
1276
1301
1307
1310
1309
1316
1315
1314
1316
1315
1302
1302
1296
1292
1292
1296
1302
1300
1301
1306
1303
1308
1291
1306
1291
1298
1289
1284
1268
1269
1276
1273
1283
1279
1288
1297
1296
1302
1303
1306
1301
1283
1286
1288
1271
1261
1246
1236
1223
1210
1184
1172
1143
1126
1128
1130
1141
1140
1156
1136
1147
1142
1162
1184
1173
1169
1178
1198
1190
1197
1200
1193
1206
1209
1201
1194
1181
1186
1180
1157
1130
1115
1091
1088
1058
1044
1049
1036
1039
1032
1026
1028
1031
1033
1023
1027
1024
1021
1030
1049
1042
1053
1062
1060
1078
1065
1050
1045
1034
1033
1012
1007
1005
990
983
966
967
955
962
950
946
942
944
923
913
912
894
894
876
870
867
862
863
866
846
845
841
838
829
831
825
833
836
828
821
821
827
831
840
824
829
824
817
804
800
813
812
812
798
807
796
781
775
775
761
766
760
764
766
763
781
774
773
776
765
777
764
767
764
769
762
767
766
765
765
774
773
772
768
785
774
774
772
757
749
750
749
738
738
743
748
745
739
735
728
730
725
715
704
698
679
671
654
661
653
657
651
638
617
610
595
597
577
570
572
559
558
553
546
543
532
541
543
550
546
550
554
552
553
554
553
559
566
576
582
595
603
606
597
613
623
618
617
615
611
612
608
601
605
605
617
626
625
637
632
626
626
628
624
625
626
619
612
615
607
609
604
610
596
603
600
598
596
586
592
592
581
579
581
578
579
576
565
570
562
571
550
548
551
541
545
534
524
511
520
516
519
520
530
528
533
535
535
540
543
539
543
549
546
554
550
557
563
564
565
564
547
546
545
542
544
533
527
531
519
526
522
523
518
522
513
510
512
510
517
516
506
521
511
517
521
521
516
510
505
498
498
488
491
490
487
489
486
488
479
482
480
485
493
484
488
484
484
497
492
504
510
507
509
514
520
527
520
529
525
469
280
-3
0
0
0
-1
-3
1
0
528
507
-1
1
-2
0
0

