;UFOS3
;Measurement details: channel = Z, date = 02.06.2018, time = 18:27:15
Exposure=3116
Gain=0
Temperature=22.6
Accummulate=4
11.249 mu
20.729 amas
2.337 hs
0 ozone
0 uva
0 uvb
0 uve
[Value]
0
364
361
362
362
362
362
362
464
532
547
573
524
570
578
558
606
528
600
576
685
554
617
594
606
564
614
592
619
651
649
693
631
611
639
619
626
568
605
604
583
597
678
660
638
590
635
653
603
609
596
665
562
627
631
634
528
624
620
607
598
577
574
589
615
576
648
602
592
583
654
600
569
629
626
647
599
564
574
624
576
618
629
584
565
625
627
632
546
586
697
666
567
630
642
677
588
546
647
670
538
627
615
601
566
645
605
633
595
608
635
604
557
671
682
622
556
614
595
600
541
600
635
602
605
628
596
630
592
580
583
607
594
573
611
681
575
637
607
592
638
608
606
654
555
612
628
676
544
757
653
637
549
610
630
600
692
607
647
676
519
566
598
642
632
677
641
627
613
557
628
644
638
654
636
636
545
653
650
603
540
599
631
660
643
595
678
661
579
650
587
720
527
650
619
582
585
619
595
615
561
589
661
655
618
580
596
556
576
591
638
615
549
616
590
626
544
589
576
777
627
588
659
578
619
645
664
626
565
535
643
608
513
632
645
671
539
603
561
592
667
594
602
648
576
649
594
606
616
608
624
624
592
625
593
746
612
655
637
611
572
874
693
603
595
545
596
631
607
546
589
624
546
625
657
642
574
625
596
634
588
597
600
697
568
558
655
585
607
607
627
703
576
597
584
655
574
560
638
649
628
602
622
677
650
617
586
605
585
562
640
671
648
582
593
658
604
596
636
622
559
617
631
643
553
628
602
636
582
593
653
631
567
602
629
639
620
529
639
741
602
586
579
660
536
620
661
653
564
592
619
623
528
591
582
608
558
628
626
590
621
583
641
627
620
605
681
632
606
623
600
640
595
638
607
676
557
563
617
620
623
571
657
620
559
631
582
630
579
571
624
672
522
593
599
596
575
575
627
821
604
599
655
720
539
587
740
574
625
573
579
619
592
569
598
621
686
627
638
610
577
593
605
638
562
542
650
576
602
584
613
602
567
553
673
679
527
605
662
670
601
612
599
693
510
584
616
646
578
514
643
579
545
749
632
622
623
635
636
671
628
558
618
593
601
581
592
659
535
599
625
707
594
543
608
587
569
677
661
653
611
622
662
598
542
598
608
631
558
626
585
576
581
566
657
595
616
599
662
622
619
608
650
587
549
682
596
673
566
575
650
614
602
591
582
624
552
652
627
616
593
588
601
614
562
572
627
640
571
687
679
619
606
595
598
647
621
595
600
658
602
591
577
647
595
602
592
593
566
545
594
591
646
583
586
621
635
621
623
598
546
596
639
637
594
650
644
678
599
585
626
619
569
600
634
672
570
631
623
626
570
590
612
644
579
550
629
645
598
610
639
622
554
643
698
557
592
570
602
596
636
629
641
632
597
601
601
551
574
610
610
606
567
643
630
658
523
649
583
619
627
607
650
599
534
645
748
580
543
624
637
683
830
580
685
654
562
558
584
605
549
583
588
663
562
577
588
591
615
639
610
603
601
526
602
634
549
563
625
656
598
600
621
586
656
627
652
622
580
556
620
646
573
572
618
591
614
639
642
589
605
602
642
598
606
557
631
596
565
621
660
590
597
538
596
636
575
586
599
618
587
579
539
596
562
560
598
635
550
569
662
677
546
625
600
588
556
626
590
633
558
572
664
672
557
615
599
634
605
660
598
674
621
1440
613
682
654
634
577
608
552
603
604
569
562
613
615
555
584
620
647
655
621
648
599
550
612
555
619
624
578
567
616
748
606
544
591
605
537
597
634
661
582
620
627
561
572
638
569
633
561
615
618
604
610
607
593
587
582
568
594
616
557
610
657
598
599
627
544
658
590
592
679
575
576
622
629
632
542
590
645
607
548
602
619
598
568
577
644
599
615
596
606
604
637
589
595
652
604
597
621
680
642
619
643
649
553
544
621
607
650
600
589
646
556
600
577
605
548
633
594
604
574
621
614
593
535
593
693
629
625
668
606
615
548
582
582
599
559
581
599
646
620
588
644
640
612
673
592
570
630
606
604
670
558
625
576
663
594
659
657
599
557
592
590
630
643
599
604
569
588
591
603
633
609
628
614
706
546
569
610
583
590
661
620
615
586
599
621
598
576
603
628
600
649
622
636
612
573
594
591
652
610
586
604
601
663
563
618
581
631
590
621
649
565
612
625
615
542
602
609
759
614
580
599
627
612
622
614
573
600
622
607
589
657
627
628
617
661
586
647
591
582
579
561
595
693
600
573
591
612
649
579
623
586
610
628
636
549
577
646
614
616
597
625
612
614
629
586
615
569
556
587
619
611
574
623
656
568
615
635
634
621
635
588
618
595
633
606
646
618
566
584
675
541
662
573
590
584
660
660
647
617
623
619
647
595
672
630
654
581
663
637
656
639
643
622
626
621
621
558
639
647
617
647
691
588
663
671
628
646
617
631
670
643
591
628
645
623
631
685
666
655
595
634
667
683
638
669
614
603
630
666
716
623
659
626
651
691
613
692
647
603
591
664
690
602
616
624
605
723
658
709
666
636
630
640
725
598
664
624
607
623
651
672
726
606
644
623
627
621
659
664
728
641
679
654
660
622
704
669
650
632
732
635
709
663
657
637
708
671
641
645
664
647
621
655
715
668
650
667
681
647
667
639
688
640
638
675
656
618
675
681
655
670
656
724
669
694
696
664
676
650
661
758
678
679
746
679
725
712
706
695
721
680
741
702
708
748
697
723
723
767
770
770
773
736
709
697
745
627
705
703
810
694
700
696
767
759
680
660
754
666
689
782
707
674
692
923
768
758
726
762
785
718
716
716
761
757
759
760
771
756
802
808
795
835
774
777
840
841
793
850
828
779
814
774
830
807
837
735
801
746
789
747
796
764
793
804
854
763
853
815
851
833
783
801
889
838
862
842
931
861
868
901
908
917
899
874
933
995
929
1002
990
976
929
960
934
964
931
943
1024
941
948
905
926
946
940
991
894
892
939
915
995
929
892
977
969
970
941
908
918
934
915
993
905
944
913
963
885
946
833
813
819
859
875
837
888
892
857
821
899
884
852
929
871
848
927
942
935
878
874
888
942
952
987
928
978
1005
1012
1025
1076
1089
1055
1130
1109
1073
1092
1131
1095
1131
1074
1147
1127
1097
1117
1091
1115
1106
1079
1153
1113
1052
1089
1127
1135
1060
1109
1019
1066
1057
1014
1034
1066
1038
1029
1012
1048
997
1028
1004
1028
1027
1020
989
1038
1007
1066
1056
1100
1128
1077
1095
1189
1131
1113
1203
1221
1170
1265
1216
1271
1254
1253
1248
1343
1328
1321
1287
1353
1325
1366
1297
1443
1364
1406
1438
1431
1427
1444
1431
1495
1484
1452
1501
1516
1471
1526
1444
1455
1473
1402
1432
1436
1366
1391
1422
1462
1398
1365
1392
1413
1349
1328
1328
1362
1350
1367
1340
1358
1460
1347
1373
1353
1326
1275
1345
1380
1408
1336
1334
1408
1367
1372
1452
1475
1364
1512
1552
1510
1494
1617
1591
1637
1653
1701
1652
1824
1770
1832
1847
1894
1919
1922
1891
1947
1955
1974
1993
2050
1982
1951
2006
1976
1976
1939
1974
1938
1938
1904
1947
1913
1930
1899
1942
1880
1897
1866
1843
1820
1809
1810
1755
1771
1825
1737
1727
1628
1655
1627
1624
1588
1581
1612
1580
1556
1490
1596
1486
1555
1495
1486
1428
1451
1465
1547
1440
1463
1480
1484
1473
1473
1543
1541
1607
1649
1629
1722
1665
1696
1741
1746
1750
1746
1728
1752
1731
1720
1757
1776
1722
1748
1729
1792
1727
1779
1739
1738
1766
1760
1695
1792
1697
1728
1796
1737
1717
1763
1736
1715
1739
1761
1684
1703
1659
1657
1699
1658
1559
1641
1608
1551
1505
1550
1536
1537
1487
1524
1512
1530
1571
1526
1584
1572
1577
1559
1554
1600
1664
1787
1687
1631
1677
1732
1697
1762
1771
1736
1738
1775
1751
1789
1727
1771
1792
1787
1769
1794
1872
1814
1836
1852
1867
1894
1860
1925
1941
1931
1912
1983
1907
1955
1916
1943
1925
1889
1862
1779
1777
1794
1719
1784
1715
1765
1690
1648
1725
1670
1669
1724
1690
1654
1727
1732
1710
1731
1748
1760
1732
1761
1736
1724
1689
1724
1696
1731
1669
1687
1571
1619
1586
1580
1691
1678
1659
1644
1663
1725
1791
1790
1805
1845
1822
1832
1869
1863
1914
1930
1924
1999
1866
2002
1977
1986
1969
2083
2025
2027
2053
2041
2025
2087
2043
2076
2071
2103
2130
2147
2173
2182
2222
2174
2229
2249
2208
2263
2218
2233
2156
2153
2122
2126
2096
2086
2077
2047
2040
2107
2109
2175
2135
2131
2155
2109
2182
2265
2271
2241
2342
2286
2307
2411
2381
2366
2295
2383
2356
2359
2380
2319
2308
2264
2230
2269
2239
2231
2213
2248
2199
2137
2156
2151
2142
2116
2145
2113
2132
2156
2107
2141
2129
2128
2070
2108
2047
2093
2050
2073
2073
2083
2058
2056
2097
2074
2053
2061
2108
2305
2076
2128
2130
2177
2192
2257
2127
2144
2183
2134
2185
2146
2125
2183
2215
2151
2127
2083
2103
2095
2088
2197
2096
2070
2098
2120
2158
2121
2090
2138
2107
2124
2132
2091
2123
2073
2089
2144
2056
2050
2037
2078
2068
1992
1980
1982
1914
1864
1901
1891
1798
1788
1759
1780
1776
1675
1650
1622
1680
1571
1608
1592
1577
1654
1511
1584
1591
1616
1644
1715
1699
1764
1815
1780
1875
1852
1839
1905
1903
1950
1946
1972
2023
2001
2051
2012
1972
2010
2074
2048
2068
2093
2055
2126
1967
2099
2008
2045
2075
2001
2040
1980
1987
1966
2008
1958
1918
1956
1926
1966
1988
1995
1988
1974
1992
2066
2018
2078
2036
2058
2054
2120
2117
2138
2166
2156
2174
2186
2129
2186
2152
2162
2137
2135
2186
2164
2200
2109
2126
2064
2057
2059
2031
2092
2079
2072
2065
2025
2078
2157
2111
2086
2088
2070
2058
2083
2104
2117
2169
2136
2147
2195
2151
2154
2165
2212
2198
2221
2270
2278
2223
2209
2220
2191
2139
2206
2182
2253
2203
2148
2202
2193
2228
2209
2233
2224
2244
2128
2172
2119
2140
2154
2152
2149
2194
2223
2264
2295
2260
2284
2317
2421
2392
2430
2410
2476
2493
2524
2517
2575
2567
2638
2650
2628
2673
2654
2636
2596
2591
2618
2544
2570
2568
2526
2526
2555
2594
2588
2460
2424
2424
2420
2416
2375
2337
2433
2365
2396
2357
2356
2371
2368
2458
2442
2663
2430
2508
2486
2509
2520
2535
2557
2549
2560
2527
2522
2418
2442
2340
2323
2233
2252
2156
2147
2171
2154
2127
2155
2148
2189
2204
2211
2239
2221
2303
2251
2277
2345
2274
2322
2373
2406
2434
2425
2476
2482
2425
2633
2433
2431
2411
2407
2361
2468
2410
2435
2408
2503
2398
2415
2447
2453
2489
2453
2438
2483
2465
2509
2481
2527
2589
2522
2586
2529
2521
2558
2496
2516
2525
2465
2559
2498
2429
2423
2421
2418
2436
2376
2314
2312
2302
2386
2322
2370
2237
2281
2271
2253
2209
2270
2245
2271
2217
2135
2138
2159
2190
2134
2088
2084
2100
2154
2150
2201
2231
2141
2155
2201
2148
2138
2131
2188
2096
2174
2096
2111
2080
2088
2068
2039
2014
1974
1938
1910
1823
1906
1832
1848
1793
1843
1855
1901
1866
1851
1897
1906
1869
1854
1876
1894
1923
1904
1921
1902
1888
1945
1906
1951
1818
1819
1856
1875
1847
1823
1785
1919
1715
1749
1683
1702
1648
1694
1705
1628
1655
1639
1614
1663
1696
1740
1751
1782
1769
1792
1871
1911
1941
1944
1951
2009
2031
2133
2137
2118
2231
2212
2371
2342
2338
2393
2435
2509
2464
2555
2524
2467
2472
2487
2528
2476
2473
2558
2493
2485
2437
2415
2445
2432
2355
2396
2361
2326
2312
2326
2285
2305
2193
2203
2102
2170
2104
2127
2099
2129
2168
2150
2168
2121
2150
2219
2178
2285
2194
2272
2314
2385
2300
2343
2316
2395
2364
2283
2283
2328
2246
2288
2255
2269
2223
2216
2208
2248
2239
2303
2265
2253
2271
2302
2278
2365
2398
2391
2471
2558
2545
2640
2640
2814
2695
2720
2706
2669
2627
2673
2613
2603
2490
2524
2523
2545
2461
2401
2428
2426
2336
2374
2331
2366
2280
2367
2374
2352
2450
2432
2499
2533
2534
2609
2638
2615
2646
2601
2586
2625
2615
2580
2565
2498
2665
2443
2391
2419
2329
2351
2322
2333
2235
2252
2235
2210
2204
2153
2291
2252
2221
2333
2313
2304
2344
2364
2418
2406
2371
2449
2453
2484
2490
2512
2571
2579
2607
2625
2638
2635
2677
2767
2703
2755
2642
2698
2723
2705
2742
2734
2678
2695
2665
2621
2645
2663
2628
2661
2626
2650
2623
2554
2668
2576
2527
2532
2526
2480
2429
2480
2462
2445
2414
2413
2450
2466
2450
2402
2366
2379
2339
2412
2377
2387
2398
2372
2345
2386
2409
2427
2408
2371
2268
2327
2302
2367
2295
2290
2261
2312
2221
2283
2267
2321
2203
2249
2241
2243
2185
2185
2174
2168
2205
2167
2215
2201
2242
2195
2324
2242
2258
2268
2235
2318
2329
2367
2333
2434
2391
2459
2480
2466
2423
2555
2543
2524
2443
2455
2443
2485
2423
2418
2452
2389
2365
2330
2334
2380
2394
2334
2326
2291
2354
2292
2316
2295
2258
2289
2259
2261
2212
2190
2166
2195
2143
2165
2160
2210
2179
2200
2195
2228
2285
2219
2320
2369
2400
2465
2430
2449
2470
2470
2500
2565
2538
2575
2525
2545
2455
2482
2550
2542
2387
2438
2314
2365
2258
2256
2211
2283
2224
2207
2169
2214
2170
2179
2191
2163
2137
2144
2145
2155
2154
2177
2137
2158
2143
2193
2188
2161
2166
2324
2301
2276
2283
2226
2232
2219
2124
2129
2131
2216
2107
2034
2002
2014
1879
1967
1903
2019
1894
1931
2080
2093
2066
2120
2214
2524
2261
2302
2298
2312
2347
2392
2383
2417
2332
2402
2355
2387
2242
2246
2217
2154
2161
2137
2126
2072
1984
2053
2066
2109
2043
2083
2107
2146
2249
2224
2246
2342
2321
2337
2386
2443
2391
2423
2459
2509
2439
2480
2519
2578
2465
2515
2461
2450
2457
2358
2403
2426
2348
2408
2376
2455
2360
2349
2388
2479
2452
2405
2475
2466
2411
2462
2470
2536
2421
2440
2454
2536
2460
2516
2574
2547
2551
2524
2551
2581
2596
2652
2640
2662
2648
2703
2672
2694
2744
2744
2750
2855
2759
2769
2795
2880
2783
2914
2898
2826
2815
2854
2885
2954
2863
2825
2838
2875
2800
2782
2802
2767
2693
2686
2667
2638
2619
2607
2535
2538
2510
2405
2444
2387
2276
2469
2278
2329
2218
2261
2219
2297
2168
2212
2231
2127
2165
2160
2150
2265
2034
2110
2169
2051
2040
2110
2086
2020
2061
2100
2064
2147
2058
2168
2162
2260
2142
2165
2259
2303
2203
2239
2270
2327
2277
2306
2282
2340
2277
2317
2331
2293
2211
2191
2316
2161
2129
2131
2142
2143
2078
2056
2058
2123
2045
2028
2042
2054
2010
1932
1983
1962
1880
1971
1916
1867
1796
1760
1796
1815
1754
1760
1779
1803
1701
1694
1728
1701
1615
1660
1630
1582
1587
1570
1595
1656
1596
1596
1530
1558
1500
1490
1523
1545
1490
1508
1543
1514
1452
1516
1500
1493
1519
1534
1510
1499
1471
1466
1552
1491
1493
1431
1512
1491
1465
1499
1483
1505
1467
1532
1611
1587
1631
1611
1661
1737
1676
1782
1752
1793
1782
1817
1935
1909
1887
1984
2026
1928
1933
1914
2027
1950
1923
1983
1940
1995
1971
1968
2016
1967
1954
1912
1899
1975
1864
2071
1865
1953
1860
1903
1840
1933
1829
1838
1816
1848
1761
1717
1802
1787
1752
1843
1828
1857
1834
1804
1841
1917
1804
1879
1923
1971
1980
2009
2026
2067
2014
2008
1985
2055
1993
2015
1972
1990
1889
1893
1865
1886
1873
1866
1924
1914
1895
1893
1902
1910
1901
1952
1963
1972
2025
2012
1988
2007
1959
1973
1976
2182
1957
2026
1980
1969
1974
1974
1934
1942
1888
1978
1955
1942
1954
1933
1885
1910
1889
1920
1859
1927
1899
1877
1878
1922
1925
1935
1943
2020
1956
1977
1983
2007
2024
2040
2073
2169
2168
2182
2130
2198
2200
2203
2175
2232
2255
2236
2201
2277
2232
2251
2268
2450
2210
2224
2250
2222
2247
2194
2245
2191
2229
2132
2120
2202
2166
2109
2046
2160
2019
2109
2123
2096
2110
2110
2173
2189
2170
2262
2259
2239
2313
2238
2366
2289
2302
2460
2226
2333
2227
2288
2361
2214
2201
2268
2210
2224
2171
2119
2092
2073
2024
2045
2013
2022
1952
1902
1901
1946
1840
1813
1787
1796
1752
1947
1704
1742
1699
1770
1642
1617
1618
1559
1501
1471
1383
1371
1325
1282
1222
1260
1157
1190
1207
1130
1109
1075
1075
1157
1075
1080
1046
1113
1086
1127
1150
1146
1204
1248
1222
1294
1286
1286
1322
1348
1346
1382
1373
1436
1386
1501
1422
1565
1484
1525
1557
1577
1572
1612
1568
1649
1631
1786
1694
1823
1755
1679
1688
1696
1796
1736
1738
1747
1807
1761
1770
1802
1747
1752
1800
1797
1705
1751
1710
1787
1685
1693
1678
1729
1659
1704
1630
1660
1647
1592
1525
1562
1565
1521
1449
1414
1468
1394
1348
1306
1241
1224
1207
1176
1167
1147
1150
1109
1066
1192
1056
1063
1047
1129
1043
1131
1132
1135
1202
1177
1234
1260
1218
1251
1377
1397
1341
1374
1429
1555
1496
1543
1597
1682
1564
1672
1748
1700
1699
1709
1775
1763
1684
1718
1718
1770
1690
1689
1736
1800
1723
1785
1750
1745
1827
1810
1787
1741
1755
1805
1810
1854
1841
1851
1894
1869
1928
1904
1909
1892
1857
1950
1878
1929
1977
1966
1928
1863
1916
1915
1858
1951
1834
1948
1919
1927
1933
1937
1918
1972
1894
1969
1901
1910
2057
1979
1889
1873
1949
1918
1912
1938
1939
1974
1875
1933
1897
1969
1888
1976
1920
1888
1947
2034
1933
2018
1936
1988
1966
1934
2012
1986
1978
2126
2043
2049
2027
1992
1964
2010
1976
2001
1962
2023
2019
2014
2016
2039
1974
2025
1972
2025
1977
1924
1958
2011
1942
1972
1980
2019
2052
1993
1987
1984
2010
1953
2025
2010
2028
1932
1996
2030
1919
1875
1952
1915
1920
1854
1874
1841
1793
1823
1880
1871
1873
1813
1791
1855
1803
1897
1907
1889
1854
1854
1905
1884
1897
1845
1846
1948
1912
1928
2104
1851
1898
1835
1840
1811
1782
1807
1772
1796
1721
1730
1718
1757
1693
1735
1688
1706
1752
1704
1678
1704
1701
1712
1794
1707
1701
1722
1676
1745
1759
1689
1821
1742
1716
1756
1672
1704
1630
1644
1641
1680
1609
1641
1612
1612
1590
1640
1611
1579
1595
1569
1549
1508
1556
1529
1522
1750
1497
1465
1526
1504
1509
1554
1550
1481
1491
1473
1479
1530
1444
1504
1465
1588
1486
1637
1458
1551
1479
1509
1491
1534
1477
1455
1487
1530
1407
1439
1454
1501
1379
1465
1452
1552
1377
1449
1405
1538
1425
1426
1437
1454
1453
1358
1366
1441
1466
1506
1400
1477
1452
1441
1470
1441
1467
1427
1419
1496
1398
1477
1390
1388
1418
1359
1445
1459
1366
1349
1383
1392
1381
1398
1374
1373
1345
1346
1374
1293
1309
1365
1343
1339
1303
1247
1227
1213
1284
1254
1223
1249
1108
1168
1168
1254
1188
1168
1146
1283
1187
1228
1194
1217
1163
1237
1229
1232
1283
1199
1179
1295
1233
1285
1233
1295
1262
1251
1287
1287
1236
1276
1274
1298
1225
1283
1260
1351
1318
1294
1354
1326
1249
1274
1311
1303
1299
1353
1324
1315
1240
1266
1254
1298
1273
1273
1229
1205
1219
1273
1247
1257
1232
1218
1175
1225
1143
1245
1235
1231
1176
1237
1320
1235
1190
1288
1256
1269
1167
1164
1169
1173
1115
1236
1191
1169
1136
1262
1160
1208
1141
1237
1206
1233
1157
1231
1235
1219
1163
1299
1247
1217
1246
1178
1177
1249
1181
1171
1173
1187
1168
1162
1221
1234
1140
1201
1230
1131
1137
1197
1109
1172
1133
1191
1111
1262
1166
1215
1207
1164
1156
1187
1114
1170
1077
1193
1153
1140
1220
1106
1104
1113
1126
1183
1335
1193
1072
1132
1141
1142
1173
1174
1158
1206
1132
1166
1229
1202
1185
1185
1147
1208
1115
918
360
360
361
362
361
359
360
361
1178
1118
358
362
361
0
0

