;UFOS3
;Measurement details: channel = S, date = 11.09.2015, time = 13:24:23
Exposure=321
Gain=0
Temperature=22.9
Accummulate=4
2.622019811630256 mu
2.6806274541333677 amas
21.979 hs
207 ozone
142273 uva
11144 uvb
8426 uve
[Value]
-4
249
245
248
248
248
248
249
256
252
280
279
253
254
284
284
255
253
280
290
253
263
302
294
265
263
308
302
270
268
306
294
269
265
298
292
266
264
295
300
266
265
296
297
263
267
309
304
271
268
301
300
263
267
310
305
264
265
302
309
266
271
300
310
267
265
306
296
266
266
294
307
267
270
297
300
265
265
298
296
268
268
309
299
264
266
298
302
266
269
302
307
264
266
301
298
267
265
299
306
268
266
298
303
265
270
309
302
268
267
307
295
268
268
301
307
269
263
298
300
264
267
304
305
264
268
300
295
263
268
304
306
263
268
299
306
262
267
301
299
268
265
304
309
266
266
302
310
266
270
311
307
266
266
304
302
266
268
305
304
265
266
300
299
273
270
303
306
266
265
298
314
266
269
296
307
265
268
303
302
266
267
316
302
269
270
293
301
268
266
300
305
264
269
302
303
267
265
299
302
267
265
297
298
264
266
298
301
264
268
296
297
268
268
305
303
266
263
301
303
267
268
297
307
263
268
303
300
269
267
304
296
268
268
298
302
271
265
310
296
267
264
297
303
265
268
304
300
266
263
301
300
266
264
298
301
267
269
325
299
266
267
307
297
265
264
309
299
264
265
299
296
263
269
302
300
269
262
305
302
268
267
307
303
266
265
309
300
270
264
303
298
266
269
300
298
263
266
303
301
262
264
304
301
265
267
307
305
269
268
301
302
264
265
307
292
271
268
304
297
269
267
303
309
264
264
307
304
268
265
296
302
266
265
305
299
267
266
302
295
264
269
302
307
267
271
301
308
266
271
307
301
269
268
296
298
268
266
299
296
267
268
301
298
267
267
294
300
266
265
307
304
266
268
299
300
267
269
305
302
266
265
298
293
267
268
302
302
267
266
310
299
263
264
299
306
268
267
307
303
266
266
303
309
269
269
306
299
263
270
307
301
269
269
305
306
269
264
300
304
266
268
300
307
269
266
291
302
264
267
303
304
264
265
298
307
265
268
301
303
268
266
306
300
268
265
302
307
265
268
304
316
266
267
301
300
268
269
304
303
266
267
298
296
265
266
308
296
266
266
296
302
269
268
303
298
272
268
298
302
267
264
299
306
262
269
302
305
265
271
305
301
263
269
300
297
268
264
297
304
269
266
303
298
265
265
294
307
265
268
307
309
269
266
301
305
267
268
305
305
266
267
303
308
267
268
303
304
271
267
305
303
269
269
301
300
269
271
304
299
273
268
300
299
268
268
303
310
267
267
300
298
269
267
300
299
267
267
309
300
274
269
306
315
269
269
298
306
271
268
308
305
267
271
303
299
269
267
305
306
270
267
305
310
270
268
304
304
269
269
299
305
267
271
301
309
268
270
303
305
266
272
302
297
272
271
306
307
264
268
310
306
271
269
304
302
272
269
306
300
271
272
311
305
273
270
303
310
278
271
309
299
266
269
299
300
269
270
305
313
268
274
307
303
270
270
300
305
275
272
314
309
272
275
309
305
272
270
308
310
269
274
311
304
270
271
315
310
273
276
307
303
271
273
305
306
271
275
308
310
275
274
313
307
271
274
316
318
277
277
309
305
276
277
310
311
279
279
305
314
281
277
321
316
280
281
312
314
280
284
322
311
285
284
310
319
282
283
320
318
284
281
321
315
281
285
313
314
281
284
323
323
287
288
329
313
285
285
316
318
291
285
321
321
289
287
323
326
291
294
331
326
293
295
332
336
300
305
337
342
306
304
339
339
308
308
344
343
311
308
360
343
313
315
349
345
316
314
350
347
313
319
363
353
322
320
350
347
318
323
364
358
318
324
360
353
318
321
359
357
325
323
365
360
322
320
358
348
319
321
362
358
323
322
352
350
323
324
362
361
328
331
365
361
330
332
366
371
332
331
370
371
332
340
371
373
340
341
378
374
351
349
391
396
363
365
410
403
376
377
414
413
377
381
417
418
386
385
430
420
384
386
418
426
384
388
432
421
385
381
418
422
380
382
421
413
380
383
430
414
382
388
427
422
390
393
427
427
396
394
434
433
406
403
448
438
409
411
447
451
416
421
448
454
417
415
460
449
408
416
452
446
415
415
449
448
413
418
454
462
424
435
465
468
439
439
478
496
455
458
500
497
455
454
498
490
458
454
488
494
450
457
491
496
462
460
500
496
474
473
519
516
487
489
533
529
505
506
558
553
513
514
545
549
509
515
548
541
506
499
526
523
480
484
510
512
474
477
512
510
477
480
521
519
488
495
537
550
513
530
574
589
556
582
607
612
577
592
633
640
612
614
663
667
637
648
680
692
664
667
712
713
680
686
728
728
700
697
735
738
697
691
726
713
667
670
706
690
643
645
675
675
628
632
664
662
634
638
671
685
649
658
699
715
681
705
759
765
739
750
799
815
771
773
819
812
773
770
805
797
754
757
792
779
740
735
768
773
722
719
752
751
717
720
749
761
732
732
776
784
751
765
799
812
786
792
842
838
812
822
877
879
838
850
898
904
862
865
906
903
856
860
883
888
844
832
865
858
805
799
832
809
770
770
793
797
759
749
793
792
756
765
802
803
770
771
816
815
777
782
817
817
781
781
809
807
769
760
806
789
746
741
766
782
718
708
749
724
692
685
720
725
688
691
726
729
690
696
733
753
708
716
752
758
729
742
783
789
752
766
813
822
790
792
839
844
805
813
847
857
832
838
880
883
854
862
906
902
876
884
914
913
883
880
917
913
872
873
900
901
856
852
886
881
841
841
878
881
832
831
877
872
849
853
907
918
894
904
956
973
950
972
1025
1048
1020
1043
1101
1106
1094
1101
1155
1165
1144
1151
1203
1203
1162
1168
1208
1217
1181
1198
1246
1235
1209
1219
1259
1267
1220
1231
1274
1287
1234
1237
1283
1276
1238
1245
1281
1294
1254
1261
1301
1285
1251
1245
1289
1278
1238
1240
1274
1271
1229
1230
1277
1273
1226
1232
1267
1259
1218
1217
1258
1249
1217
1218
1259
1259
1228
1230
1275
1266
1236
1243
1286
1297
1258
1278
1327
1337
1309
1326
1376
1401
1382
1396
1449
1468
1455
1471
1530
1543
1535
1561
1624
1639
1621
1631
1703
1705
1679
1677
1730
1734
1711
1721
1763
1775
1742
1745
1783
1781
1730
1733
1753
1739
1701
1690
1717
1687
1635
1632
1642
1624
1572
1560
1580
1562
1517
1503
1527
1530
1482
1488
1519
1517
1494
1487
1524
1532
1484
1492
1527
1549
1502
1502
1536
1546
1513
1518
1560
1564
1524
1533
1578
1574
1548
1548
1588
1590
1551
1550
1586
1589
1544
1550
1593
1580
1534
1548
1577
1574
1528
1526
1560
1555
1500
1492
1509
1514
1467
1459
1494
1492
1455
1461
1505
1503
1463
1464
1491
1489
1450
1440
1453
1459
1402
1393
1432
1419
1374
1364
1399
1381
1343
1344
1383
1362
1318
1308
1349
1345
1303
1309
1341
1363
1334
1343
1398
1418
1378
1391
1437
1450
1410
1412
1441
1443
1405
1397
1438
1425
1392
1389
1428
1423
1386
1394
1424
1427
1381
1388
1424
1431
1390
1404
1446
1458
1426
1434
1481
1486
1440
1430
1446
1433
1371
1350
1371
1338
1267
1247
1271
1246
1198
1186
1211
1211
1166
1166
1206
1199
1163
1164
1210
1230
1182
1205
1244
1264
1214
1213
1250
1255
1192
1183
1210
1201
1140
1136
1173
1165
1118
1129
1172
1193
1150
1177
1239
1255
1239
1263
1322
1326
1302
1310
1355
1358
1333
1343
1380
1380
1353
1363
1391
1403
1361
1356
1399
1395
1354
1374
1423
1422
1395
1408
1455
1476
1458
1480
1526
1541
1524
1527
1568
1572
1530
1530
1567
1565
1512
1512
1543
1544
1488
1497
1549
1544
1521
1523
1571
1572
1546
1565
1614
1643
1607
1644
1707
1734
1720
1736
1791
1810
1789
1803
1842
1845
1808
1809
1865
1865
1814
1803
1845
1842
1782
1776
1793
1789
1741
1745
1785
1784
1744
1739
1791
1787
1747
1753
1777
1766
1719
1715
1744
1750
1714
1707
1747
1748
1721
1729
1774
1779
1756
1765
1819
1842
1812
1829
1881
1899
1892
1895
1948
1946
1937
1943
2002
1992
1954
1960
2001
1993
1951
1942
1975
1967
1930
1938
1972
1984
1948
1962
2015
2026
1990
1996
2034
2030
1999
2002
2035
2041
2003
2001
2030
2028
1980
1975
2000
1990
1939
1922
1938
1912
1842
1821
1832
1808
1730
1711
1728
1696
1611
1589
1600
1568
1506
1475
1498
1471
1435
1426
1463
1462
1429
1444
1493
1522
1514
1546
1616
1648
1636
1658
1720
1745
1728
1750
1793
1815
1843
1803
1857
1871
1827
1847
1870
1878
1841
1827
1865
1837
1784
1769
1800
1777
1719
1704
1731
1709
1642
1632
1648
1647
1587
1587
1608
1613
1563
1559
1601
1604
1575
1588
1634
1637
1617
1635
1699
1701
1682
1698
1748
1744
1718
1714
1744
1738
1686
1687
1714
1703
1636
1624
1642
1633
1564
1556
1581
1561
1503
1486
1518
1504
1462
1463
1503
1502
1466
1465
1517
1517
1485
1489
1541
1540
1506
1516
1565
1567
1525
1542
1584
1585
1545
1545
1584
1580
1529
1524
1549
1538
1496
1492
1521
1515
1460
1470
1502
1496
1452
1447
1489
1472
1418
1405
1442
1425
1386
1392
1428
1439
1415
1430
1482
1497
1475
1499
1548
1563
1538
1566
1617
1643
1627
1642
1696
1714
1697
1706
1768
1784
1746
1755
1812
1809
1761
1774
1803
1795
1749
1738
1766
1764
1709
1703
1736
1706
1657
1634
1658
1649
1589
1578
1615
1598
1563
1575
1610
1614
1591
1600
1653
1666
1625
1641
1717
1704
1677
1675
1726
1722
1684
1670
1698
1697
1639
1628
1644
1618
1563
1543
1565
1553
1503
1494
1533
1538
1507
1524
1578
1591
1566
1586
1650
1664
1649
1662
1729
1753
1739
1767
1834
1862
1846
1857
1906
1922
1892
1910
1959
1968
1943
1955
2000
2018
1989
2002
2066
2058
2036
2032
2089
2089
2058
2078
2115
2121
2085
2107
2147
2169
2118
2125
2170
2178
2146
2158
2190
2187
2142
2133
2162
2144
2088
2072
2095
2069
2026
2027
2055
2057
2010
2018
2065
2064
2032
2040
2085
2099
2076
2083
2127
2125
2092
2095
2144
2141
2101
2118
2166
2176
2168
2174
2230
2226
2185
2184
2207
2190
2142
2122
2140
2128
2080
2058
2083
2065
1991
1962
1983
1938
1870
1841
1846
1812
1759
1747
1784
1788
1743
1765
1803
1833
1800
1810
1869
1872
1856
1880
1944
1944
1913
1923
1947
1944
1902
1894
1903
1874
1814
1781
1804
1774
1714
1676
1685
1652
1596
1567
1586
1547
1483
1467
1489
1469
1432
1439
1481
1500
1478
1494
1575
1591
1582
1605
1677
1696
1697
1730
1808
1827
1829
1869
1962
1971
1968
2010
2067
2097
2077
2104
2152
2160
2143
2138
2178
2189
2166
2163
2212
2222
2169
2172
2194
2185
2136
2122
2133
2108
2037
2014
2009
1982
1913
1873
1873
1845
1787
1743
1770
1735
1673
1646
1688
1667
1615
1614
1653
1661
1623
1628
1676
1672
1646
1653
1706
1713
1678
1674
1728
1722
1681
1667
1699
1688
1636
1621
1667
1640
1591
1593
1617
1612
1577
1575
1621
1617
1585
1594
1656
1673
1659
1687
1769
1799
1783
1823
1887
1902
1880
1895
1936
1916
1874
1856
1881
1870
1809
1786
1795
1785
1715
1700
1722
1705
1634
1618
1643
1624
1586
1582
1621
1640
1606
1637
1700
1715
1702
1726
1783
1798
1782
1788
1840
1842
1805
1804
1832
1821
1779
1783
1818
1791
1742
1723
1744
1721
1676
1658
1686
1669
1619
1616
1651
1661
1613
1633
1689
1705
1687
1708
1769
1787
1768
1798
1862
1889
1868
1902
1958
1995
1978
1995
2061
2068
2067
2079
2130
2137
2110
2117
2161
2164
2136
2133
2175
2186
2141
2148
2195
2185
2177
2152
2184
2186
2138
2134
2159
2167
2114
2102
2140
2137
2100
2104
2159
2160
2122
2133
2186
2182
2165
2175
2227
2230
2191
2202
2254
2243
2203
2212
2246
2230
2181
2163
2187
2171
2122
2111
2152
2133
2087
2098
2137
2136
2104
2112
2158
2169
2136
2142
2169
2199
2151
2151
2185
2198
2170
2173
2208
2216
2199
2206
2276
2285
2271
2289
2349
2363
2337
2362
2428
2436
2429
2465
2508
2544
2514
2546
2598
2623
2602
2616
2662
2657
2652
2660
2696
2695
2698
2701
2741
2738
2745
2740
2754
2748
2736
2719
2716
2691
2655
2610
2601
2567
2504
2477
2466
2449
2376
2350
2360
2343
2303
2307
2375
2391
2379
2414
2488
2532
2538
2592
2666
2701
2716
2757
2779
2807
2822
2847
2850
2873
2874
2895
2893
2905
2898
2874
2861
2755
2668
2543
2505
2449
2372
2342
2365
2346
2302
2282
2328
2303
2281
2292
2357
2377
2375
2405
2488
2510
2505
2536
2597
2606
2591
2582
2608
2557
2517
2460
2451
2384
2307
2255
2233
2183
2101
2056
2060
2017
1935
1908
1929
1906
1877
1880
1928
1949
1940
1964
2038
2068
2056
2088
2159
2195
2170
2181
2236
2227
2177
2185
2190
2157
2093
2057
2051
1995
1912
1870
1863
1839
1773
1752
1801
1791
1769
1785
1847
1879
1875
1933
2010
2060
2070
2126
2207
2230
2232
2255
2314
2340
2299
2304
2333
2316
2273
2261
2285
2262
2205
2184
2204
2168
2100
2078
2104
2078
2025
2007
2048
2057
2010
2020
2061
2061
2034
2039
2067
2067
2011
2021
2065
2063
2032
2048
2093
2113
2079
2091
2155
2165
2142
2159
2223
2232
2222
2241
2300
2293
2275
2292
2346
2353
2337
2352
2404
2413
2389
2393
2455
2455
2430
2431
2476
2490
2453
2463
2509
2505
2451
2444
2460
2449
2385
2369
2372
2342
2281
2251
2261
2230
2167
2139
2167
2136
2068
2046
2064
2044
2009
1958
1995
1973
1925
1914
1947
1932
1886
1870
1894
1865
1812
1807
1838
1818
1780
1772
1809
1808
1775
1790
1844
1878
1855
1884
1957
1973
1958
1987
2042
2065
2059
2070
2117
2137
2126
2136
2184
2189
2166
2167
2217
2212
2175
2175
2207
2190
2144
2135
2150
2130
2070
2051
2073
2049
1982
1963
1999
1968
1909
1886
1898
1862
1785
1763
1775
1734
1676
1657
1684
1679
1633
1645
1672
1664
1628
1621
1633
1613
1561
1531
1551
1516
1463
1454
1487
1464
1423
1421
1467
1448
1403
1388
1427
1394
1347
1339
1376
1363
1319
1318
1359
1366
1329
1338
1385
1383
1352
1345
1374
1368
1329
1324
1360
1344
1306
1318
1368
1390
1367
1389
1461
1493
1481
1517
1589
1617
1604
1635
1710
1741
1756
1791
1877
1916
1910
1947
2016
2040
2014
2026
2071
2081
2044
2057
2099
2079
2054
2054
2091
2077
2048
2038
2064
2054
2004
1989
2020
2011
1962
1949
1970
1962
1890
1853
1861
1809
1728
1706
1731
1717
1666
1677
1723
1729
1720
1733
1807
1834
1826
1855
1935
1972
1965
2003
2097
2134
2117
2144
2181
2171
2119
2117
2112
2068
2006
1977
1991
1991
1933
1928
1983
1984
1961
1979
2027
2026
1992
2006
2035
2036
1999
2014
2052
2090
2063
2070
2105
2115
2065
2049
2091
2062
2013
1995
2039
2011
1976
1966
1995
1986
1957
1950
1996
1978
1942
1922
1958
1942
1913
1911
1978
1986
1977
1981
2047
2059
2038
2061
2129
2132
2130
2157
2231
2262
2251
2282
2349
2363
2367
2382
2443
2441
2406
2423
2456
2451
2423
2425
2475
2444
2409
2407
2420
2413
2368
2342
2365
2353
2293
2267
2301
2285
2238
2236
2284
2283
2257
2267
2298
2311
2282
2297
2352
2363
2355
2388
2445
2455
2448
2469
2515
2533
2509
2519
2559
2535
2517
2494
2530
2514
2473
2462
2476
2453
2372
2339
2346
2310
2240
2212
2227
2203
2141
2108
2133
2095
2044
2034
2056
2033
1955
1933
1942
1910
1830
1803
1817
1770
1698
1654
1637
1569
1457
1392
1391
1296
1193
1126
1106
1052
976
940
964
932
875
862
898
890
860
874
930
950
933
964
1025
1035
1015
1030
1071
1084
1049
1065
1116
1117
1105
1140
1206
1263
1266
1322
1419
1478
1477
1526
1606
1634
1623
1661
1725
1746
1732
1741
1784
1798
1753
1767
1831
1848
1813
1836
1883
1884
1847
1862
1907
1891
1857
1867
1897
1898
1851
1852
1894
1880
1823
1804
1832
1811
1742
1720
1727
1685
1617
1581
1601
1556
1484
1442
1457
1403
1317
1268
1254
1207
1107
1057
1052
1010
938
924
942
922
874
860
890
883
853
856
903
920
899
921
987
1026
1017
1062
1145
1186
1196
1245
1331
1365
1362
1401
1475
1502
1494
1526
1589
1618
1598
1610
1681
1694
1681
1705
1758
1760
1735
1750
1797
1782
1759
1767
1800
1803
1757
1772
1814
1811
1782
1791
1830
1836
1812
1820
1867
1876
1840
1838
1879
1892
1851
1859
1894
1899
1838
1844
1873
1837
1777
1762
1796
1792
1767
1770
1808
1816
1786
1797
1847
1860
1837
1842
1901
1895
1856
1855
1892
1877
1839
1844
1878
1859
1820
1824
1863
1857
1805
1811
1864
1841
1816
1812
1841
1865
1839
1848
1908
1910
1890
1912
1953
1967
1920
1932
1962
1946
1910
1914
1962
1958
1926
1913
1970
1960
1928
1917
1946
1934
1916
1925
1972
1962
1915
1922
1966
1956
1926
1937
1975
1973
1938
1944
1989
1995
1959
1948
1972
1982
1933
1915
1967
1926
1876
1873
1899
1868
1812
1788
1799
1781
1735
1735
1766
1750
1707
1701
1771
1777
1746
1783
1844
1877
1846
1869
1930
1926
1916
1936
1990
1998
1959
1966
2001
1975
1911
1856
1846
1787
1695
1658
1685
1691
1645
1652
1709
1716
1689
1703
1768
1774
1750
1753
1793
1805
1781
1802
1869
1885
1866
1881
1939
1929
1901
1894
1912
1907
1851
1841
1866
1848
1802
1799
1823
1818
1791
1790
1839
1845
1792
1782
1816
1772
1694
1687
1718
1707
1665
1660
1702
1700
1649
1643
1686
1678
1656
1669
1722
1727
1699
1702
1755
1746
1727
1742
1809
1798
1761
1767
1806
1803
1756
1756
1803
1796
1743
1720
1749
1721
1673
1663
1699
1676
1636
1647
1690
1685
1665
1660
1711
1711
1682
1698
1738
1748
1722
1730
1786
1794
1764
1780
1843
1840
1806
1807
1847
1854
1819
1810
1856
1842
1803
1804
1847
1846
1812
1821
1874
1859
1823
1820
1847
1839
1782
1765
1792
1773
1713
1697
1712
1719
1650
1634
1662
1632
1567
1545
1546
1500
1448
1417
1425
1391
1332
1313
1330
1320
1260
1246
1274
1261
1224
1227
1279
1288
1270
1276
1349
1371
1349
1385
1456
1475
1453
1479
1527
1532
1516
1511
1553
1561
1523
1518
1568
1563
1532
1531
1567
1577
1527
1523
1555
1557
1509
1504
1528
1528
1484
1472
1526
1501
1445
1445
1474
1473
1415
1416
1448
1439
1387
1383
1428
1411
1380
1383
1420
1419
1368
1349
1387
1377
1330
1321
1343
1308
1273
1256
1286
1269
1228
1222
1271
1255
1219
1222
1268
1251
1208
1211
1246
1258
1216
1230
1274
1276
1245
1251
1297
1294
1242
1244
1271
1257
1207
1198
1229
1217
1173
1163
1211
1201
1145
1154
1185
1172
1123
1116
1156
1140
1097
1094
1143
1146
1108
1111
1158
1146
1088
1093
1124
1118
1075
1073
1123
1116
1061
1057
1096
1091
1046
1052
1092
1080
1037
1039
1080
1064
1033
1033
1086
1074
1040
1050
1101
1090
1048
1054
1100
1089
1063
1064
1095
1105
1045
1057
1083
1082
1044
1034
1078
1068
1021
1023
1060
1041
992
988
1016
1005
962
954
992
981
939
940
979
979
929
917
977
952
901
904
950
941
910
908
952
939
898
905
949
944
909
912
951
951
913
914
953
956
909
904
942
930
887
883
918
914
878
880
932
925
885
883
929
923
879
888
930
921
886
886
934
929
895
899
941
919
870
845
873
860
841
849
885
880
845
838
876
873
818
813
851
845
805
812
845
853
826
832
868
881
841
847
893
889
840
829
864
857
807
814
867
860
818
808
852
836
787
773
812
779
744
741
796
772
745
744
812
808
770
788
847
852
803
802
847
839
794
791
837
838
800
799
832
851
794
796
834
827
787
778
805
797
754
753
787
785
745
751
790
788
759
762
809
802
775
776
828
828
806
813
863
878
849
870
915
610
248
249
249
247
248
249
249
247
763
770
247
249
247
-4
-4

