;UFOS3
;Measurement details: channel = Z, date = 11.09.2015, time = 13:33:39
Exposure=470
Gain=0
Temperature=24.9
Accummulate=4
2.7360028702154557 mu
2.8042321096156932 amas
20.975 hs
207 ozone
174581 uva
13991 uvb
9341 uve
[Value]
-8
250
249
250
250
250
250
250
265
260
305
306
259
259
312
313
267
264
310
324
261
271
336
321
270
271
345
336
274
271
342
322
274
273
328
319
272
269
326
331
270
270
320
325
269
275
342
338
279
276
332
332
268
273
347
339
268
267
338
346
272
280
331
350
274
272
342
324
270
272
318
339
272
279
326
330
268
271
326
329
272
273
349
331
268
273
328
336
272
273
332
342
269
271
332
325
272
269
325
341
275
273
326
336
271
279
345
335
271
271
344
325
273
275
329
341
275
270
325
333
266
271
336
337
269
278
329
320
266
275
338
345
266
272
331
339
265
273
332
329
273
269
338
341
270
275
332
347
272
274
347
340
267
270
337
332
269
272
338
338
270
273
331
328
277
277
335
345
271
270
328
352
269
276
325
342
269
275
338
332
268
274
355
333
276
273
319
325
274
271
331
339
270
276
335
335
274
271
326
335
271
272
328
326
267
271
325
336
269
275
324
326
274
274
338
335
272
270
329
336
271
272
326
340
267
274
332
330
273
272
338
327
273
273
324
335
277
273
344
326
270
268
323
335
269
275
337
337
273
268
335
330
275
269
325
335
272
276
368
333
272
272
342
326
271
271
345
328
269
271
330
324
264
275
333
331
275
266
338
331
272
276
339
334
273
270
344
328
276
269
337
330
268
271
333
328
268
274
335
331
266
269
336
330
272
273
342
337
277
273
333
335
268
271
344
320
278
274
339
326
277
273
339
346
269
270
344
339
274
270
324
331
270
268
339
328
272
270
333
326
268
275
330
340
272
277
329
343
271
278
339
334
274
272
321
327
272
273
325
328
271
274
331
325
268
275
319
334
273
266
340
337
270
275
329
329
272
275
338
334
269
272
329
326
271
275
335
338
271
272
347
327
268
271
330
340
276
274
343
338
273
270
336
345
275
278
341
331
267
278
340
332
273
277
338
342
275
272
330
334
270
274
328
337
273
270
315
335
268
273
333
336
269
270
328
344
270
273
333
336
276
270
339
330
271
270
334
343
268
275
338
356
270
273
329
329
272
278
336
335
274
272
328
327
269
268
343
323
270
270
324
332
273
275
333
327
273
275
327
333
272
271
328
341
264
275
333
339
267
283
338
331
266
279
327
324
274
269
325
336
274
273
338
329
269
271
320
343
267
278
343
341
274
272
332
340
272
270
335
339
270
274
335
343
272
274
332
337
275
273
339
336
274
275
332
328
273
276
338
333
280
273
328
330
273
276
335
344
269
273
328
328
275
274
330
328
271
276
345
333
281
278
339
353
271
277
326
344
277
276
343
338
275
280
336
327
276
274
339
341
275
274
340
346
275
275
338
337
275
277
326
342
272
279
331
344
269
278
334
339
272
279
333
326
280
280
337
342
271
277
344
340
280
280
343
339
284
282
342
335
281
287
352
343
286
281
340
354
291
289
353
335
276
282
338
339
281
284
347
364
284
292
347
348
284
286
335
345
289
289
360
348
290
292
351
348
289
287
352
359
283
291
356
348
285
295
365
360
296
299
355
352
292
300
357
359
296
306
368
369
306
312
376
365
305
312
380
387
312
310
368
357
310
309
369
367
312
315
358
373
312
310
390
375
312
315
369
375
312
320
392
370
322
324
370
386
324
331
391
392
330
333
399
394
338
340
395
399
342
356
420
420
355
364
436
413
362
367
422
423
373
370
436
436
373
376
437
438
375
379
443
434
377
384
442
452
386
391
450
455
395
389
455
455
395
394
451
458
396
397
486
451
396
402
455
454
397
396
457
452
390
397
475
461
397
400
454
454
399
406
482
473
406
415
475
467
408
413
472
477
412
415
488
493
419
424
494
491
435
442
517
520
454
461
518
520
479
489
562
556
507
517
581
575
523
528
590
599
530
528
599
603
532
541
594
596
529
530
584
575
527
521
584
594
525
522
596
574
524
525
590
585
516
527
596
592
534
538
616
610
540
549
607
635
556
571
655
644
577
582
653
661
590
600
665
650
594
594
679
657
592
602
673
664
595
599
659
655
598
599
668
669
616
615
691
681
633
641
708
715
653
665
726
736
669
659
739
716
654
660
727
719
663
662
719
720
665
677
743
754
686
703
765
776
733
736
807
844
770
786
859
850
792
787
868
855
795
781
836
837
756
747
803
801
730
716
778
760
707
705
775
764
705
708
789
789
738
744
844
842
781
803
882
912
861
881
963
977
924
940
1010
1040
980
1004
1067
1092
1041
1063
1140
1152
1088
1107
1190
1170
1124
1133
1204
1224
1160
1176
1236
1240
1160
1184
1200
1189
1096
1094
1133
1127
1045
1027
1091
1084
1011
1018
1057
1074
1012
1017
1087
1100
1041
1055
1141
1165
1126
1148
1243
1282
1234
1264
1356
1359
1303
1313
1395
1379
1297
1304
1361
1347
1270
1277
1327
1304
1246
1230
1276
1293
1198
1199
1249
1258
1182
1198
1264
1264
1208
1232
1302
1335
1265
1276
1366
1367
1315
1334
1425
1422
1369
1399
1480
1480
1422
1436
1502
1530
1462
1462
1527
1540
1466
1448
1498
1495
1403
1386
1430
1410
1322
1309
1364
1331
1261
1260
1305
1292
1223
1223
1305
1307
1236
1242
1322
1331
1268
1271
1351
1341
1270
1274
1335
1348
1275
1273
1340
1348
1258
1246
1321
1283
1211
1199
1230
1242
1148
1138
1196
1182
1088
1091
1148
1148
1079
1085
1156
1160
1096
1104
1157
1171
1126
1136
1196
1209
1148
1152
1260
1264
1216
1235
1300
1352
1264
1276
1364
1345
1300
1311
1376
1394
1341
1348
1422
1450
1374
1392
1456
1487
1419
1431
1490
1496
1431
1432
1485
1478
1401
1399
1454
1441
1368
1366
1429
1441
1350
1352
1405
1419
1349
1345
1426
1412
1362
1382
1470
1481
1446
1480
1560
1576
1558
1588
1675
1710
1667
1711
1783
1816
1778
1788
1882
1911
1849
1864
1934
1946
1870
1868
1953
1935
1901
1891
1975
1992
1937
1942
2014
2027
1979
1986
2057
2074
1993
2001
2065
2076
2026
2008
2094
2106
2032
2045
2118
2110
2033
2040
2088
2086
2011
2011
2082
2047
1986
1987
2040
2064
1978
1987
2040
2064
1968
1966
2023
2020
1958
1950
2026
2040
1975
1983
2062
2046
1991
1989
2063
2064
2009
2032
2122
2144
2099
2127
2232
2256
2210
2247
2323
2342
2314
2357
2457
2473
2455
2492
2591
2625
2600
2631
2695
2710
2690
2705
2739
2755
2741
2747
2784
2797
2793
2807
2812
2819
2797
2796
2793
2789
2753
2740
2734
2707
2641
2586
2619
2581
2499
2458
2507
2473
2385
2356
2417
2394
2326
2340
2391
2397
2323
2331
2409
2396
2319
2332
2383
2395
2341
2352
2419
2403
2347
2364
2435
2434
2376
2391
2460
2456
2410
2419
2475
2495
2427
2430
2463
2470
2413
2411
2454
2470
2398
2405
2456
2461
2382
2366
2439
2424
2362
2343
2406
2393
2309
2317
2383
2371
2327
2319
2387
2385
2314
2306
2355
2357
2258
2243
2293
2257
2177
2156
2203
2181
2105
2095
2156
2136
2044
2014
2058
2055
1993
1955
2017
1991
1916
1926
1997
2015
1959
1995
2072
2103
2058
2084
2156
2183
2130
2133
2204
2201
2134
2111
2183
2162
2092
2096
2165
2153
2089
2088
2159
2149
2066
2068
2114
2145
2082
2093
2157
2190
2124
2131
2207
2215
2134
2140
2175
2154
2055
2003
2039
1971
1878
1847
1876
1836
1766
1745
1797
1784
1707
1706
1752
1766
1698
1710
1777
1807
1741
1753
1838
1833
1787
1798
1851
1853
1780
1765
1826
1798
1695
1679
1734
1702
1633
1639
1711
1727
1676
1704
1806
1832
1800
1829
1910
1941
1888
1901
1966
1979
1900
1910
1975
1987
1906
1907
1967
1975
1890
1904
1970
1980
1902
1926
2007
2035
1955
1978
2081
2097
2070
2100
2202
2223
2173
2189
2259
2267
2195
2203
2232
2232
2162
2160
2200
2209
2140
2128
2192
2184
2133
2152
2247
2240
2182
2209
2282
2303
2281
2315
2403
2441
2420
2450
2530
2555
2507
2532
2600
2611
2547
2569
2617
2610
2545
2536
2590
2567
2509
2483
2522
2511
2431
2432
2485
2505
2406
2434
2506
2511
2442
2435
2490
2479
2411
2403
2445
2435
2373
2378
2465
2468
2396
2400
2468
2502
2435
2456
2531
2542
2510
2534
2607
2630
2590
2614
2678
2691
2658
2679
2711
2722
2700
2702
2726
2725
2693
2687
2700
2697
2656
2650
2681
2699
2666
2690
2733
2748
2739
2749
2763
2776
2762
2759
2768
2766
2755
2754
2773
2778
2759
2753
2762
2745
2709
2670
2677
2643
2560
2520
2521
2465
2377
2332
2368
2323
2203
2155
2173
2128
2022
1995
2036
2020
1921
1909
1964
1952
1900
1917
2001
2033
2004
2039
2146
2197
2181
2212
2310
2350
2295
2322
2397
2426
2366
2395
2475
2471
2429
2435
2501
2480
2431
2423
2472
2451
2369
2338
2377
2358
2279
2243
2305
2285
2199
2178
2234
2215
2152
2134
2186
2180
2187
2110
2166
2172
2101
2117
2189
2201
2143
2167
2253
2253
2219
2237
2316
2323
2256
2247
2312
2283
2202
2198
2234
2219
2124
2115
2145
2123
2026
1989
2038
2025
1928
1919
1979
1957
1899
1883
1979
1953
1901
1916
1979
1999
1935
1948
2009
2039
1961
1977
2052
2058
1983
1997
2069
2079
2007
2016
2084
2065
1980
1974
2029
2011
1930
1929
1990
1968
1901
1891
1953
1954
1873
1874
1941
1920
1835
1823
1877
1869
1784
1781
1847
1851
1801
1822
1905
1935
1879
1909
2003
2018
1976
1995
2090
2108
2067
2094
2176
2210
2165
2179
2267
2287
2217
2234
2316
2302
2236
2242
2303
2293
2222
2214
2263
2261
2177
2169
2210
2190
2112
2094
2131
2133
2043
2032
2086
2082
2017
2005
2079
2100
2026
2039
2136
2134
2086
2106
2183
2195
2140
2139
2205
2219
2162
2171
2247
2210
2147
2117
2149
2120
2009
1983
2029
1981
1900
1894
1960
1940
1880
1901
1982
2006
1953
1977
2096
2095
2044
2056
2157
2179
2126
2164
2244
2278
2238
2255
2338
2338
2284
2299
2378
2374
2340
2348
2436
2449
2426
2451
2520
2533
2474
2494
2568
2584
2532
2540
2591
2603
2551
2578
2628
2655
2610
2618
2648
2661
2617
2632
2666
2682
2649
2671
2699
2724
2700
2717
2741
2747
2721
2705
2728
2711
2680
2657
2684
2682
2634
2626
2655
2664
2605
2596
2634
2619
2565
2561
2593
2585
2511
2498
2545
2529
2461
2457
2510
2495
2410
2410
2441
2437
2358
2342
2397
2398
2322
2322
2394
2385
2330
2312
2362
2332
2234
2205
2241
2203
2099
2091
2131
2139
2079
2089
2170
2183
2140
2156
2241
2261
2197
2204
2293
2326
2277
2284
2355
2380
2300
2280
2322
2285
2189
2159
2188
2162
2067
2034
2076
2044
1921
1891
1917
1893
1780
1750
1805
1773
1708
1701
1786
1791
1748
1772
1857
1889
1850
1893
1987
2007
1977
2014
2122
2143
2134
2167
2282
2307
2301
2342
2445
2473
2430
2462
2547
2534
2515
2528
2602
2600
2566
2562
2629
2614
2568
2564
2594
2569
2507
2487
2520
2472
2389
2363
2420
2357
2264
2236
2257
2220
2110
2056
2082
2035
1947
1928
1978
1956
1887
1879
1959
1960
1877
1885
1957
1961
1904
1927
1993
2015
1950
1955
2016
2009
1938
1915
1949
1952
1877
1845
1921
1907
1808
1801
1877
1885
1800
1802
1871
1883
1800
1821
1899
1921
1874
1928
2032
2069
2045
2081
2198
2208
2164
2166
2231
2228
2139
2138
2190
2154
2059
2037
2075
2058
1969
1947
1983
1947
1859
1829
1895
1876
1791
1785
1853
1875
1816
1839
1938
1967
1931
1960
2055
2059
2018
2035
2113
2130
2054
2060
2106
2131
2039
2042
2103
2102
2005
1978
2032
1990
1914
1884
1927
1939
1828
1852
1895
1896
1839
1855
1920
1951
1895
1915
2014
2036
1984
2012
2100
2121
2080
2108
2228
2238
2196
2224
2323
2334
2292
2306
2404
2409
2351
2371
2431
2448
2371
2385
2456
2458
2401
2399
2462
2454
2391
2398
2445
2446
2379
2376
2408
2420
2338
2328
2388
2366
2314
2317
2386
2402
2334
2349
2424
2440
2366
2385
2454
2466
2415
2424
2513
2500
2488
2461
2516
2522
2461
2456
2481
2493
2408
2403
2437
2427
2346
2360
2429
2414
2347
2348
2410
2408
2351
2352
2417
2416
2350
2337
2431
2397
2351
2347
2417
2418
2350
2354
2442
2447
2403
2430
2520
2531
2481
2512
2577
2607
2586
2628
2691
2707
2710
2738
2760
2787
2790
2813
2821
2838
2841
2858
2860
2878
2875
2891
2889
2903
2904
2915
2915
2927
2931
2938
2937
2949
2948
2954
2954
2950
2941
2890
2860
2751
2653
2575
2602
2558
2504
2505
2564
2574
2551
2574
2669
2694
2706
2745
2774
2804
2821
2845
2852
2879
2880
2904
2904
2927
2925
2946
2941
2963
2957
2975
2968
2988
2982
2999
2992
2994
2969
2708
2669
2504
2446
2439
2496
2488
2430
2448
2518
2533
2514
2552
2637
2683
2675
2700
2745
2760
2767
2770
2785
2780
2752
2703
2692
2614
2511
2442
2452
2395
2273
2224
2251
2175
2084
2045
2078
2053
1980
1989
2066
2079
2035
2072
2174
2214
2193
2237
2340
2342
2307
2330
2415
2397
2344
2335
2374
2356
2262
2229
2255
2221
2072
2017
2057
1991
1908
1889
1950
1944
1890
1905
2006
2035
1993
2049
2142
2221
2189
2255
2373
2389
2354
2407
2473
2481
2427
2441
2508
2488
2417
2411
2444
2444
2355
2331
2396
2357
2259
2223
2256
2228
2161
2155
2223
2214
2161
2166
2251
2238
2179
2184
2243
2268
2171
2172
2225
2217
2159
2170
2255
2268
2200
2221
2307
2323
2265
2287
2373
2386
2336
2340
2426
2449
2398
2416
2484
2487
2449
2472
2532
2560
2503
2518
2575
2570
2537
2552
2607
2618
2578
2595
2648
2636
2593
2579
2615
2596
2541
2519
2560
2506
2427
2383
2422
2387
2289
2269
2308
2280
2204
2167
2231
2193
2106
2084
2125
2124
2047
2043
2120
2080
2012
1992
2042
2021
1939
1931
1973
1953
1891
1884
1948
1936
1887
1889
1991
2011
1955
1992
2092
2117
2105
2092
2188
2193
2167
2186
2284
2284
2234
2246
2326
2323
2271
2295
2366
2361
2298
2308
2366
2344
2275
2267
2308
2303
2213
2188
2246
2207
2114
2101
2138
2121
2033
2021
2061
2028
1933
1893
1923
1866
1792
1764
1821
1802
1743
1752
1818
1807
1736
1730
1781
1761
1672
1644
1687
1654
1576
1546
1621
1578
1522
1521
1582
1582
1497
1495
1551
1516
1431
1424
1474
1474
1400
1411
1470
1472
1428
1413
1482
1493
1431
1428
1501
1466
1407
1407
1477
1444
1387
1395
1470
1483
1430
1467
1571
1566
1555
1581
1687
1714
1676
1707
1818
1850
1818
1871
1990
2019
1996
2037
2139
2161
2106
2125
2211
2190
2139
2163
2227
2233
2158
2156
2236
2240
2154
2142
2196
2196
2115
2108
2160
2138
2070
2065
2124
2096
2002
1980
2019
1978
1889
1879
1945
1935
1881
1893
1978
1990
1945
1971
2070
2082
2036
2067
2152
2176
2142
2169
2254
2301
2263
2279
2347
2357
2263
2217
2245
2166
2038
1989
2012
1978
1869
1871
1917
1912
1842
1871
1983
1987
1951
1953
2063
2063
2013
2043
2161
2182
2136
2176
2247
2252
2186
2189
2244
2202
2146
2124
2178
2184
2091
2079
2140
2115
2058
2073
2139
2132
2067
2050
2106
2098
2024
2014
2080
2128
2079
2103
2178
2211
2147
2159
2253
2264
2221
2254
2367
2363
2346
2379
2467
2494
2467
2496
2575
2567
2538
2528
2580
2577
2529
2520
2593
2577
2520
2510
2560
2548
2501
2494
2533
2498
2420
2397
2429
2433
2360
2355
2433
2408
2373
2373
2450
2420
2375
2385
2465
2483
2452
2486
2578
2567
2546
2562
2622
2637
2610
2618
2646
2657
2614
2606
2645
2636
2573
2557
2606
2555
2481
2457
2467
2443
2351
2316
2345
2302
2229
2208
2248
2210
2137
2127
2158
2126
2034
2016
2057
1995
1922
1881
1922
1883
1786
1741
1775
1731
1596
1539
1545
1496
1351
1293
1305
1241
1125
1074
1107
1050
967
956
1002
1011
925
936
1003
1027
974
1014
1122
1133
1116
1156
1254
1285
1251
1283
1414
1386
1340
1352
1432
1447
1426
1451
1569
1602
1557
1584
1682
1701
1661
1701
1792
1817
1770
1784
1861
1827
1721
1689
1709
1667
1551
1540
1589
1555
1489
1523
1589
1644
1613
1653
1765
1809
1773
1803
1895
1911
1857
1860
1906
1886
1797
1759
1786
1748
1621
1589
1635
1608
1512
1484
1524
1478
1382
1341
1371
1310
1186
1132
1142
1113
1004
973
1030
1012
929
915
968
965
896
894
976
972
933
952
1067
1089
1053
1101
1226
1254
1235
1282
1393
1461
1411
1459
1568
1603
1576
1620
1713
1731
1706
1719
1801
1813
1768
1781
1860
1875
1791
1789
1860
1845
1778
1788
1868
1858
1805
1812
1881
1876
1799
1804
1865
1871
1804
1816
1892
1896
1827
1827
1903
1910
1855
1886
1963
1956
1895
1903
1955
1940
1870
1880
1950
1959
1881
1888
1951
1957
1887
1885
1951
1952
1905
1913
1984
2011
1901
1897
1963
1969
1886
1881
1953
1955
1878
1878
1939
1903
1808
1790
1849
1852
1792
1800
1874
1876
1820
1842
1931
1947
1914
1927
2018
2031
1978
1974
2050
2029
1964
1960
2037
2015
1970
1968
2037
2032
1956
1977
2056
2013
1971
1963
2034
2043
1985
1971
2046
2027
1964
1979
2051
2053
1978
1992
2067
2043
1989
2005
2083
2051
1980
1969
2043
2016
1936
1925
1970
1941
1883
1876
1945
1908
1829
1826
1910
1883
1812
1822
1889
1894
1833
1851
1944
1974
1907
1913
1982
2012
1949
1968
2081
2043
2001
2018
2092
2059
1976
1925
1943
1909
1807
1787
1846
1823
1730
1712
1815
1809
1728
1755
1832
1847
1777
1777
1872
1849
1808
1833
1909
1933
1889
1907
2003
1994
1912
1884
1928
1875
1768
1737
1799
1791
1728
1729
1817
1818
1758
1774
1858
1861
1794
1793
1852
1832
1746
1735
1814
1810
1727
1737
1803
1787
1735
1731
1783
1793
1727
1727
1799
1803
1735
1735
1803
1791
1723
1740
1832
1855
1788
1789
1874
1842
1766
1757
1834
1818
1741
1721
1769
1755
1651
1636
1698
1681
1628
1652
1751
1747
1713
1714
1794
1792
1720
1727
1809
1793
1710
1735
1805
1796
1732
1744
1832
1839
1777
1781
1857
1844
1787
1773
1849
1813
1745
1737
1781
1768
1708
1716
1801
1807
1750
1765
1840
1826
1765
1757
1816
1789
1709
1703
1772
1735
1660
1638
1688
1673
1588
1550
1626
1555
1473
1448
1496
1473
1391
1395
1452
1429
1362
1367
1427
1438
1362
1375
1443
1452
1389
1404
1468
1513
1436
1450
1539
1541
1486
1491
1540
1534
1478
1474
1524
1514
1426
1425
1478
1475
1378
1361
1421
1409
1338
1332
1404
1398
1334
1341
1421
1424
1357
1369
1460
1452
1387
1399
1471
1457
1398
1395
1461
1461
1381
1379
1445
1440
1360
1356
1424
1423
1341
1329
1389
1406
1320
1312
1363
1352
1271
1256
1336
1313
1226
1214
1276
1267
1192
1199
1271
1249
1190
1185
1266
1251
1192
1200
1267
1279
1217
1211
1286
1283
1212
1212
1274
1259
1186
1165
1234
1218
1156
1148
1212
1196
1125
1116
1202
1165
1104
1094
1154
1144
1075
1079
1151
1161
1090
1086
1167
1162
1095
1088
1142
1133
1052
1054
1130
1114
1037
1027
1109
1093
1016
1011
1087
1079
1010
997
1078
1063
997
992
1070
1068
1011
1018
1092
1076
991
1002
1075
1075
1009
1012
1097
1091
1005
1015
1082
1074
1012
1010
1081
1065
994
991
1054
1030
956
954
1025
998
920
923
1001
980
901
906
976
953
897
895
946
975
873
880
951
935
883
880
959
947
887
889
971
953
881
881
959
941
886
882
955
949
870
878
940
934
853
851
954
917
844
848
924
908
842
844
913
899
827
837
915
912
851
858
928
921
857
866
938
941
861
854
920
902
834
829
890
885
822
813
884
865
793
792
865
856
776
784
861
852
791
799
871
865
803
811
893
883
808
793
862
849
810
824
897
890
831
840
926
925
842
844
913
907
833
840
888
893
830
827
886
890
819
813
883
871
799
783
848
839
756
764
836
829
755
749
821
806
728
717
793
742
675
672
746
709
651
651
748
728
664
672
755
767
684
695
768
761
697
698
778
775
718
726
789
820
735
743
815
809
753
752
815
815
738
742
800
803
734
738
810
809
752
749
826
809
748
755
836
826
764
766
843
847
790
796
851
600
249
249
249
250
250
249
251
249
696
700
248
250
250
-8
-8

