;UFOS3
;Measurement details: channel = Z, date = 11.09.2015, time = 13:58:39
Exposure=522
Gain=0
Temperature=27.5
Accummulate=4
3.118894182554581 mu
3.183691527980768 amas
18.162 hs
203 ozone
172777 uva
14303 uvb
9965 uve
[Value]
-11
257
256
255
258
256
256
257
274
273
337
337
271
272
342
346
281
278
342
358
271
286
373
353
283
281
382
376
289
288
384
357
292
287
362
354
284
283
363
368
283
283
353
360
280
288
383
378
294
294
369
370
280
288
388
378
278
282
378
385
281
293
368
387
288
284
380
358
282
284
349
382
288
296
363
367
280
285
364
364
285
288
389
367
279
286
366
374
285
288
369
380
280
284
373
361
285
282
359
381
289
285
359
374
283
296
385
372
284
287
380
358
286
287
365
379
290
282
361
369
278
284
376
374
282
290
364
354
279
291
376
384
278
287
364
380
276
284
367
365
287
280
377
385
282
289
369
386
286
289
388
381
282
281
373
369
282
287
378
377
284
286
369
363
289
293
371
386
282
286
366
395
281
290
359
381
282
289
376
372
281
287
394
371
290
288
353
359
286
284
366
382
281
291
371
371
288
283
362
374
281
285
363
362
282
283
361
372
281
290
359
363
286
288
378
375
284
282
367
375
284
287
358
383
281
287
372
365
288
288
377
362
286
287
361
374
294
286
385
358
283
282
356
375
283
288
372
369
284
282
372
366
289
286
362
373
287
292
408
368
284
285
384
362
283
283
386
363
279
285
364
357
275
293
368
366
289
277
377
367
284
288
381
371
288
284
385
363
287
282
371
367
279
284
371
361
277
286
372
367
275
280
376
369
284
287
382
375
290
287
370
372
280
285
383
356
295
290
379
363
288
288
375
388
279
282
387
378
289
284
359
369
284
280
375
366
284
284
369
361
281
292
365
382
284
294
368
386
283
294
375
372
287
285
352
363
288
288
362
361
284
291
366
358
281
289
354
371
285
277
378
375
285
289
363
365
284
290
381
374
284
284
364
359
285
289
375
377
284
289
389
364
282
280
367
380
289
291
386
377
286
283
371
385
289
293
381
368
279
294
377
368
287
293
376
381
289
284
370
374
283
289
364
378
288
285
348
373
281
288
373
371
280
283
359
384
280
288
371
374
287
282
380
364
284
285
370
383
280
291
377
401
285
286
366
367
284
294
372
373
286
286
364
363
284
281
381
357
285
281
357
370
289
288
371
362
290
290
362
369
285
281
361
383
276
289
372
379
281
299
377
369
278
293
363
359
288
279
359
378
286
286
374
365
281
285
352
382
279
294
380
389
286
284
367
377
288
286
375
376
283
286
372
382
286
290
372
377
290
288
378
371
288
290
367
365
285
290
375
366
296
287
364
365
286
290
374
388
281
287
362
362
288
287
366
363
287
286
388
370
299
289
379
399
286
291
362
382
292
289
380
377
285
291
372
365
288
287
377
381
288
287
378
386
290
289
372
372
284
293
358
377
284
295
364
384
282
290
373
376
283
294
369
361
293
293
373
380
279
288
387
377
293
290
379
377
293
294
378
369
290
301
392
380
295
291
373
393
302
300
392
365
285
290
370
371
291
291
378
403
292
303
382
383
289
295
366
380
301
300
401
386
296
303
388
384
296
293
386
390
290
301
391
379
293
301
397
394
303
308
385
382
296
309
384
387
297
309
397
400
311
313
404
390
307
311
407
419
316
315
396
382
313
311
394
395
318
317
384
401
316
313
418
404
311
315
394
403
316
324
422
393
323
322
384
411
317
329
413
419
323
328
419
413
332
335
410
413
335
351
438
437
347
356
454
420
347
355
429
436
360
353
443
444
355
362
445
451
361
366
451
445
359
369
449
458
371
378
459
464
381
370
462
460
380
377
452
459
377
375
497
459
378
388
464
461
382
379
462
459
370
382
484
472
384
385
461
457
382
391
493
485
387
402
480
470
389
398
485
484
394
397
496
499
399
401
499
494
415
421
518
518
430
436
507
507
446
451
553
545
468
478
572
555
482
486
574
588
490
489
584
589
489
499
580
578
493
490
566
560
493
482
569
582
490
484
586
565
488
494
578
571
477
487
579
585
502
504
607
602
503
514
587
627
515
531
648
627
537
537
635
644
548
558
651
635
547
551
666
637
551
561
654
644
549
561
642
642
556
557
645
647
573
574
676
655
581
595
678
688
602
618
697
709
618
611
723
696
601
611
708
698
618
613
697
698
616
632
716
736
638
656
738
746
677
678
767
816
713
725
822
817
725
731
835
814
733
724
799
807
692
694
769
773
684
669
753
738
659
658
757
749
663
661
771
761
690
687
820
812
719
747
851
874
794
815
923
929
860
872
954
998
898
920
1015
1037
949
970
1079
1080
1007
1020
1118
1109
1027
1032
1128
1155
1059
1075
1162
1169
1060
1084
1132
1126
1005
1002
1073
1062
962
946
1039
1031
937
941
1006
1033
938
948
1049
1057
973
977
1092
1111
1045
1064
1184
1221
1147
1176
1297
1302
1211
1228
1330
1316
1212
1221
1295
1294
1194
1192
1266
1247
1164
1149
1225
1238
1115
1116
1193
1201
1101
1111
1212
1204
1124
1144
1238
1275
1167
1179
1299
1304
1224
1230
1356
1351
1264
1297
1399
1404
1327
1335
1425
1467
1354
1365
1459
1470
1366
1356
1439
1440
1322
1305
1380
1362
1252
1242
1320
1289
1196
1194
1279
1255
1161
1164
1279
1270
1168
1176
1280
1295
1197
1196
1309
1295
1197
1207
1283
1296
1205
1200
1287
1303
1189
1174
1277
1236
1137
1127
1191
1213
1083
1075
1162
1151
1026
1035
1114
1120
1025
1030
1126
1126
1042
1050
1122
1147
1065
1083
1162
1175
1094
1106
1231
1233
1156
1173
1265
1329
1206
1216
1337
1311
1244
1257
1355
1367
1282
1285
1391
1410
1307
1334
1421
1459
1349
1370
1443
1447
1360
1370
1445
1434
1341
1331
1414
1404
1314
1299
1390
1397
1283
1286
1354
1378
1280
1287
1376
1368
1292
1317
1418
1433
1370
1397
1507
1524
1471
1501
1616
1643
1578
1621
1724
1754
1676
1698
1821
1836
1760
1774
1880
1889
1787
1779
1899
1870
1810
1806
1920
1938
1855
1861
1959
1975
1889
1904
1999
2027
1911
1927
2019
2010
1938
1920
2031
2044
1941
1951
2063
2067
1949
1948
2016
2032
1924
1933
2018
1976
1899
1893
1964
1984
1882
1890
1975
1998
1878
1869
1955
1950
1857
1867
1943
1985
1877
1893
1989
1969
1893
1893
1998
2002
1914
1941
2047
2078
2008
2040
2174
2201
2126
2156
2261
2269
2214
2255
2393
2405
2355
2390
2524
2549
2499
2538
2630
2640
2595
2606
2668
2693
2642
2655
2715
2739
2702
2714
2739
2743
2703
2681
2713
2705
2643
2626
2660
2626
2538
2487
2542
2502
2386
2357
2444
2402
2294
2270
2350
2333
2239
2243
2317
2334
2231
2244
2339
2329
2230
2239
2310
2329
2245
2252
2366
2332
2255
2263
2365
2367
2290
2298
2397
2389
2317
2323
2423
2438
2341
2335
2398
2408
2330
2319
2403
2416
2317
2324
2412
2429
2304
2304
2380
2369
2285
2271
2360
2355
2241
2242
2331
2323
2261
2243
2343
2339
2237
2233
2314
2313
2189
2178
2264
2218
2111
2095
2166
2141
2039
2029
2117
2099
1983
1954
2009
2021
1910
1883
1974
1951
1850
1866
1952
1973
1900
1928
2029
2061
1991
2025
2116
2146
2057
2061
2158
2167
2076
2051
2135
2120
2017
2033
2132
2117
2028
2028
2121
2113
2011
2022
2070
2109
2019
2029
2131
2151
2066
2073
2175
2188
2087
2083
2148
2126
2008
1960
2011
1951
1838
1803
1858
1812
1722
1710
1778
1767
1658
1664
1730
1750
1658
1659
1758
1774
1692
1710
1808
1816
1737
1748
1826
1824
1730
1724
1811
1785
1654
1634
1720
1688
1593
1588
1681
1706
1626
1655
1779
1804
1745
1774
1871
1910
1828
1852
1930
1951
1845
1859
1946
1961
1856
1853
1947
1952
1842
1856
1951
1948
1843
1871
1979
2010
1905
1934
2063
2063
2014
2046
2186
2196
2117
2138
2232
2234
2134
2139
2203
2197
2108
2098
2167
2180
2074
2064
2164
2154
2079
2091
2214
2220
2132
2147
2239
2269
2213
2247
2365
2399
2351
2383
2483
2518
2434
2459
2548
2560
2477
2498
2573
2565
2474
2464
2557
2525
2446
2417
2503
2472
2367
2373
2445
2458
2343
2372
2454
2469
2391
2375
2446
2445
2358
2346
2410
2400
2314
2307
2421
2432
2337
2338
2437
2466
2370
2392
2485
2501
2435
2470
2569
2592
2526
2546
2647
2657
2603
2616
2673
2683
2638
2638
2686
2676
2636
2616
2660
2662
2590
2584
2644
2653
2601
2622
2689
2699
2677
2684
2719
2731
2708
2697
2720
2713
2683
2681
2733
2733
2700
2687
2720
2697
2640
2601
2639
2613
2514
2464
2497
2441
2317
2293
2336
2302
2158
2113
2144
2122
1985
1958
2022
1995
1883
1866
1946
1933
1857
1873
1969
1994
1956
1995
2123
2168
2124
2148
2284
2326
2245
2264
2371
2392
2311
2328
2447
2444
2370
2372
2474
2452
2385
2379
2453
2427
2320
2294
2355
2337
2232
2202
2279
2262
2152
2136
2210
2186
2108
2100
2170
2165
2183
2065
2150
2155
2049
2077
2167
2181
2100
2129
2225
2236
2167
2198
2302
2308
2205
2212
2295
2263
2155
2153
2218
2205
2085
2084
2133
2112
1991
1955
2040
2010
1890
1883
1967
1954
1853
1846
1961
1929
1875
1884
1974
1982
1895
1914
1995
2026
1921
1942
2043
2049
1938
1964
2052
2066
1961
1979
2075
2069
1949
1938
2025
2006
1890
1893
1980
1953
1863
1862
1948
1940
1837
1840
1940
1927
1807
1796
1869
1862
1747
1749
1838
1846
1774
1784
1892
1922
1845
1876
2001
2006
1936
1959
2071
2093
2022
2051
2154
2192
2117
2132
2245
2267
2178
2195
2305
2286
2205
2209
2287
2273
2180
2178
2244
2249
2150
2139
2192
2172
2071
2059
2125
2123
2006
2001
2076
2070
1990
1965
2066
2096
1984
1994
2126
2122
2042
2062
2168
2174
2099
2094
2185
2214
2119
2145
2238
2199
2118
2083
2151
2118
1975
1943
2029
1977
1870
1865
1952
1928
1853
1872
1976
2000
1903
1939
2094
2083
2011
2029
2130
2158
2080
2119
2210
2262
2198
2214
2322
2318
2249
2260
2356
2362
2292
2314
2414
2434
2381
2404
2502
2513
2432
2449
2538
2557
2482
2495
2559
2580
2510
2535
2607
2639
2564
2564
2625
2629
2582
2580
2644
2647
2609
2624
2672
2698
2656
2668
2714
2711
2683
2661
2699
2681
2634
2626
2662
2658
2602
2590
2637
2648
2560
2562
2615
2602
2535
2520
2573
2567
2472
2450
2518
2496
2428
2413
2493
2478
2384
2376
2427
2434
2311
2306
2395
2393
2286
2287
2389
2372
2291
2277
2357
2325
2204
2176
2234
2198
2070
2057
2123
2123
2045
2053
2165
2170
2111
2123
2228
2250
2158
2176
2283
2310
2233
2245
2348
2368
2275
2250
2324
2283
2158
2132
2184
2161
2046
2013
2084
2058
1908
1870
1914
1916
1770
1729
1813
1776
1682
1677
1801
1799
1725
1747
1858
1875
1819
1859
1976
1993
1944
1980
2115
2136
2102
2135
2265
2291
2259
2302
2440
2446
2389
2423
2524
2519
2475
2493
2574
2573
2522
2524
2614
2609
2529
2534
2582
2559
2475
2453
2502
2467
2357
2339
2426
2350
2244
2215
2259
2216
2090
2047
2089
2036
1926
1899
1987
1956
1869
1856
1964
1974
1855
1860
1962
1956
1879
1898
1993
2013
1916
1931
2008
2008
1907
1894
1948
1962
1859
1831
1936
1920
1794
1784
1896
1893
1773
1787
1868
1887
1780
1787
1904
1920
1848
1897
2027
2061
2016
2043
2197
2210
2122
2154
2236
2238
2125
2105
2207
2156
2029
2024
2081
2063
1948
1931
1989
1961
1842
1827
1897
1876
1773
1769
1849
1878
1793
1822
1941
1970
1900
1932
2057
2064
1997
2010
2112
2135
2030
2030
2107
2135
2012
2024
2121
2109
1978
1962
2041
2005
1895
1878
1940
1947
1819
1834
1902
1888
1811
1840
1923
1938
1873
1891
2022
2030
1950
1988
2096
2118
2050
2079
2214
2231
2175
2200
2324
2328
2257
2290
2402
2404
2331
2337
2415
2443
2337
2352
2447
2449
2369
2360
2459
2454
2368
2369
2450
2444
2350
2351
2406
2426
2315
2309
2382
2352
2291
2299
2386
2393
2309
2325
2414
2430
2346
2353
2448
2474
2385
2390
2501
2496
2489
2433
2525
2523
2438
2430
2482
2503
2383
2374
2438
2432
2326
2339
2427
2420
2315
2319
2403
2405
2313
2328
2423
2415
2316
2322
2431
2401
2312
2320
2413
2412
2321
2326
2434
2439
2364
2401
2509
2518
2445
2475
2565
2596
2553
2592
2673
2695
2686
2718
2740
2772
2766
2794
2795
2817
2815
2836
2833
2855
2851
2865
2866
2882
2880
2892
2896
2907
2906
2919
2918
2925
2931
2931
2933
2924
2926
2860
2853
2741
2642
2558
2599
2549
2478
2476
2555
2553
2521
2545
2655
2677
2680
2717
2750
2785
2796
2830
2832
2863
2858
2887
2887
2907
2906
2929
2922
2942
2938
2960
2952
2970
2962
2982
2972
2983
2959
2720
2667
2508
2425
2421
2498
2497
2409
2417
2509
2527
2479
2519
2623
2670
2641
2681
2728
2748
2748
2758
2768
2776
2746
2708
2694
2633
2510
2427
2461
2406
2271
2209
2258
2191
2075
2025
2088
2056
1964
1965
2079
2080
2008
2058
2177
2215
2168
2212
2342
2344
2284
2309
2419
2403
2324
2315
2375
2371
2253
2214
2287
2243
2063
2013
2077
2005
1904
1870
1963
1947
1872
1883
2013
2036
1970
2028
2146
2222
2173
2229
2372
2394
2328
2380
2469
2479
2417
2418
2511
2492
2402
2403
2462
2457
2340
2316
2419
2371
2242
2205
2265
2223
2148
2142
2226
2221
2143
2146
2253
2258
2168
2180
2260
2287
2158
2150
2240
2215
2148
2151
2267
2279
2187
2213
2317
2328
2243
2263
2374
2390
2315
2330
2423
2456
2381
2398
2486
2489
2436
2453
2539
2556
2487
2491
2571
2576
2519
2534
2608
2620
2566
2573
2649
2638
2581
2569
2625
2605
2532
2511
2572
2514
2412
2388
2442
2397
2284
2251
2321
2303
2188
2163
2255
2223
2099
2074
2140
2144
2028
2031
2145
2102
2001
1992
2067
2040
1931
1933
1994
1969
1887
1870
1973
1952
1876
1883
2011
2023
1944
1975
2106
2135
2101
2076
2201
2209
2153
2168
2288
2288
2227
2236
2342
2334
2254
2269
2376
2375
2281
2285
2379
2349
2271
2259
2324
2317
2209
2189
2278
2221
2117
2104
2153
2133
2029
2004
2089
2062
1927
1898
1947
1888
1786
1767
1841
1815
1739
1748
1837
1827
1734
1735
1805
1781
1675
1646
1711
1684
1574
1539
1647
1602
1525
1521
1608
1600
1497
1500
1583
1552
1443
1425
1500
1506
1394
1416
1495
1493
1422
1413
1503
1518
1434
1436
1519
1486
1402
1414
1509
1471
1390
1397
1500
1495
1420
1454
1601
1587
1557
1581
1701
1720
1668
1708
1839
1858
1804
1852
2003
2031
1994
2027
2148
2163
2103
2119
2223
2206
2136
2147
2238
2252
2154
2152
2256
2256
2160
2144
2224
2214
2111
2098
2172
2167
2073
2058
2157
2128
2005
1977
2048
2010
1898
1877
1967
1969
1877
1896
1994
2001
1944
1972
2091
2090
2029
2056
2174
2186
2124
2161
2269
2313
2253
2278
2379
2384
2263
2233
2284
2194
2040
1993
2041
2001
1862
1873
1942
1942
1848
1867
2008
2017
1943
1957
2082
2089
2010
2034
2183
2197
2132
2165
2269
2275
2184
2193
2265
2239
2146
2115
2209
2212
2086
2086
2160
2147
2056
2072
2163
2157
2073
2058
2139
2121
2018
2018
2108
2151
2068
2103
2207
2228
2142
2160
2276
2290
2219
2248
2385
2385
2332
2382
2486
2503
2465
2493
2590
2588
2539
2531
2599
2580
2537
2527
2613
2595
2526
2516
2584
2570
2509
2498
2564
2532
2431
2400
2460
2463
2361
2368
2467
2423
2369
2368
2467
2441
2382
2386
2485
2508
2449
2478
2593
2581
2544
2571
2628
2652
2615
2626
2661
2683
2623
2616
2665
2649
2578
2567
2628
2585
2504
2456
2505
2474
2364
2332
2373
2328
2242
2210
2287
2242
2151
2126
2197
2157
2052
2023
2101
2033
1943
1894
1978
1928
1794
1762
1821
1780
1624
1559
1601
1555
1377
1317
1358
1289
1145
1092
1158
1097
991
969
1042
1058
935
953
1035
1061
983
1017
1159
1161
1118
1161
1284
1305
1253
1284
1448
1415
1343
1361
1450
1483
1428
1458
1609
1631
1559
1595
1721
1732
1670
1701
1829
1843
1783
1799
1884
1860
1732
1696
1737
1699
1561
1549
1623
1590
1504
1531
1624
1694
1629
1662
1802
1848
1783
1810
1937
1958
1862
1876
1948
1927
1815
1774
1835
1796
1646
1616
1687
1663
1530
1509
1567
1530
1401
1369
1426
1359
1219
1161
1199
1162
1018
996
1083
1059
943
930
1018
1009
918
913
1015
1016
942
957
1100
1114
1057
1103
1265
1290
1241
1283
1432
1495
1413
1460
1591
1637
1571
1625
1746
1758
1710
1719
1828
1848
1772
1781
1890
1901
1802
1806
1897
1883
1789
1791
1896
1901
1815
1827
1910
1909
1805
1813
1897
1900
1815
1825
1922
1935
1841
1835
1954
1946
1868
1901
1997
1996
1905
1916
2004
1976
1880
1897
1981
1989
1898
1909
1983
1986
1899
1902
1990
1996
1921
1924
2029
2054
1918
1910
2003
2000
1899
1904
2000
1999
1883
1893
1984
1938
1829
1807
1902
1891
1810
1816
1911
1915
1835
1859
1971
1992
1927
1940
2062
2068
1985
1996
2101
2071
1976
1973
2070
2054
1983
1984
2088
2078
1978
1990
2099
2047
1981
1976
2072
2080
2004
1987
2083
2068
1978
1978
2084
2091
1987
2003
2112
2090
2000
2020
2126
2098
2004
1982
2091
2061
1959
1947
2013
1986
1903
1903
1994
1961
1853
1844
1961
1929
1833
1843
1933
1941
1843
1862
1990
2013
1917
1935
2015
2058
1958
1977
2134
2089
2022
2037
2140
2098
1998
1951
2001
1964
1832
1813
1898
1864
1755
1735
1863
1851
1743
1767
1877
1907
1798
1796
1919
1884
1824
1844
1940
1973
1904
1920
2050
2038
1931
1901
1976
1928
1786
1764
1849
1850
1741
1746
1873
1869
1778
1788
1906
1907
1819
1818
1906
1876
1769
1758
1865
1854
1752
1749
1863
1837
1763
1753
1826
1843
1752
1756
1841
1842
1757
1768
1848
1839
1738
1753
1867
1903
1802
1812
1928
1891
1776
1790
1876
1873
1768
1753
1819
1815
1676
1659
1745
1728
1646
1663
1787
1795
1727
1729
1839
1831
1733
1750
1855
1846
1733
1745
1853
1842
1746
1762
1886
1881
1791
1799
1905
1888
1816
1796
1901
1856
1764
1752
1830
1821
1725
1731
1844
1855
1774
1797
1890
1873
1797
1784
1867
1848
1737
1728
1827
1785
1681
1675
1744
1729
1618
1577
1686
1614
1505
1475
1550
1530
1416
1423
1511
1476
1387
1391
1482
1490
1389
1393
1493
1495
1407
1421
1517
1560
1452
1467
1589
1588
1512
1508
1587
1583
1487
1496
1574
1553
1456
1451
1519
1526
1398
1386
1471
1447
1351
1346
1454
1448
1360
1360
1475
1462
1375
1395
1511
1495
1412
1428
1519
1508
1426
1426
1507
1510
1407
1396
1499
1490
1382
1382
1473
1480
1359
1356
1440
1459
1346
1337
1415
1406
1298
1275
1395
1370
1254
1242
1332
1321
1210
1214
1319
1296
1208
1206
1320
1298
1213
1227
1313
1334
1234
1231
1329
1322
1240
1232
1337
1295
1211
1195
1288
1271
1173
1176
1267
1243
1151
1142
1262
1220
1124
1113
1202
1200
1094
1101
1199
1205
1111
1107
1219
1208
1108
1115
1195
1182
1078
1077
1180
1166
1062
1056
1157
1150
1035
1045
1139
1126
1035
1024
1132
1118
1017
1015
1119
1113
1028
1040
1144
1129
1008
1022
1121
1114
1034
1038
1155
1146
1020
1031
1135
1131
1029
1033
1129
1105
1023
1015
1106
1074
984
976
1079
1041
943
943
1054
1030
920
927
1022
999
919
915
993
1034
893
901
1001
978
901
899
1003
993
902
910
1025
1003
905
909
1003
982
904
906
999
994
890
900
994
984
882
873
1024
969
868
869
967
948
864
869
956
943
845
852
967
957
872
879
980
973
877
890
983
993
885
885
972
949
856
851
934
931
847
836
941
915
817
810
916
904
792
804
910
891
812
813
930
914
815
826
941
930
828
809
914
892
829
853
950
926
853
862
973
976
867
875
965
957
857
857
931
936
850
851
934
943
840
835
931
919
818
807
902
894
776
785
896
873
777
760
875
850
748
738
848
786
700
690
796
761
675
677
804
778
690
692
804
814
699
712
817
814
711
717
827
826
740
738
833
872
751
761
863
862
769
764
862
867
757
761
847
853
749
759
858
857
769
767
878
854
770
775
876
871
780
784
893
903
816
818
905
645
256
256
255
257
257
256
258
255
713
722
256
257
255
-11
-11

