;UFOS3
;Measurement details: channel = Z, date = 11.09.2015, time = 15:13:42
Exposure=889
Gain=0
Temperature=30.5
Accummulate=4
5.675036542162454 mu
5.9926331851704076 amas
9.089 hs
0 ozone
158979 uva
14666 uvb
11342 uve
[Value]
-11
268
269
267
268
269
269
270
307
300
408
406
295
298
430
412
317
313
431
435
301
326
447
423
316
312
445
438
333
327
456
434
333
331
418
439
322
321
437
435
319
319
422
418
321
329
452
457
343
339
440
444
313
329
457
452
310
316
447
451
320
342
442
446
328
325
438
433
317
325
430
456
326
347
447
441
309
325
446
423
324
332
455
452
311
324
440
455
324
326
433
436
316
320
465
432
319
318
423
455
331
321
438
438
321
346
445
436
318
328
459
439
325
329
456
439
329
317
440
449
309
321
451
445
314
337
435
426
306
334
439
448
311
327
454
437
306
324
446
441
324
314
456
447
316
335
446
452
322
332
501
453
317
318
442
435
313
325
452
458
319
330
453
453
327
343
459
449
319
324
438
458
320
332
434
459
318
328
451
444
314
333
447
441
328
331
437
408
328
321
453
447
316
337
464
453
333
321
445
439
318
328
443
440
319
325
448
448
318
335
447
443
330
329
449
442
321
318
446
437
321
330
447
454
313
331
455
432
328
333
459
446
324
331
442
448
343
331
441
434
316
315
443
439
319
330
459
428
322
316
448
423
331
324
448
452
326
339
455
425
321
327
460
433
317
316
446
441
313
323
436
448
303
337
448
451
330
306
455
441
324
333
471
438
328
320
464
423
326
314
456
443
312
321
457
454
310
325
450
445
303
316
435
439
323
330
457
449
337
330
448
447
313
323
472
433
346
332
470
436
326
328
439
466
312
321
469
461
334
321
449
461
320
314
442
445
318
317
435
450
313
336
441
457
327
342
448
455
318
339
458
439
325
323
447
440
331
328
448
432
319
336
443
430
318
333
449
446
325
306
445
456
324
331
454
435
321
337
473
450
318
324
440
447
324
328
467
457
323
331
474
447
317
318
447
454
333
336
462
464
327
319
451
439
334
340
462
438
307
343
450
456
328
346
435
455
335
316
445
453
320
332
441
468
322
319
441
446
315
327
450
434
314
317
444
458
315
329
453
459
330
319
450
451
321
320
452
464
316
336
441
471
322
323
444
437
320
341
460
452
325
323
467
438
315
316
451
441
319
315
425
441
328
335
463
434
328
335
440
448
324
317
452
468
303
330
460
467
308
351
453
470
310
341
447
447
327
314
451
444
328
327
450
446
313
322
445
462
306
339
463
457
323
323
465
430
328
325
454
451
321
325
442
441
322
331
459
447
333
324
471
442
325
334
456
456
324
332
436
426
340
326
442
452
326
330
447
458
308
325
452
441
330
329
442
434
320
324
460
443
347
334
468
471
324
335
454
464
333
328
474
440
322
335
470
451
329
325
462
459
324
321
459
451
325
324
454
435
322
335
456
443
320
337
432
463
308
329
448
463
311
335
458
438
336
330
454
480
306
328
476
444
326
331
463
462
334
335
460
437
322
346
495
465
335
325
450
455
344
344
476
429
306
320
447
444
320
323
463
472
320
349
447
440
317
327
443
456
339
338
479
451
330
340
458
446
329
321
455
473
313
334
464
454
314
335
440
460
337
344
468
459
314
335
448
457
313
338
465
460
334
344
454
457
323
336
459
469
342
346
453
450
335
337
458
471
344
345
457
453
337
331
473
463
325
339
465
457
333
346
486
453
344
336
466
463
325
344
471
470
328
333
467
450
335
335
461
449
327
358
471
461
340
361
479
444
335
344
450
460
352
332
467
449
334
340
479
468
339
352
476
470
336
349
492
492
351
362
479
458
365
341
472
460
353
350
461
470
349
344
502
460
346
365
471
477
356
360
476
474
343
362
469
487
359
361
467
466
345
361
484
497
346
372
497
489
347
362
499
477
355
357
495
498
350
356
492
494
363
371
476
505
370
375
497
475
366
370
495
514
375
393
523
488
380
390
515
527
391
382
517
532
381
404
522
529
397
392
525
507
400
378
495
529
392
389
531
499
399
405
518
512
376
391
526
510
403
413
526
526
390
410
533
542
396
420
567
538
417
410
551
558
419
433
565
541
412
426
557
540
422
441
563
561
422
442
554
545
428
425
551
534
449
435
577
559
437
457
569
561
441
469
590
564
472
455
595
574
436
461
585
581
475
476
580
590
456
478
602
601
468
491
610
593
497
494
631
645
516
523
653
657
513
513
654
656
536
518
626
623
486
499
638
622
510
495
622
611
490
498
618
625
496
482
655
623
516
504
685
651
515
540
685
688
568
598
711
739
622
625
739
771
601
646
755
771
651
662
799
795
673
691
833
815
681
682
815
824
695
720
859
827
693
817
822
815
662
671
799
775
645
638
778
787
642
659
770
775
657
672
830
811
693
689
858
846
740
750
910
915
799
822
975
973
852
868
1018
984
838
869
978
966
833
844
958
936
832
811
938
952
780
788
918
907
764
792
908
905
766
790
928
966
786
805
949
953
835
829
1025
1005
859
900
1038
1027
922
931
1071
1111
949
959
1098
1102
970
976
1110
1093
950
949
1082
1061
925
925
1034
1030
890
909
1030
1021
884
880
1034
1011
875
885
1037
1040
903
891
1039
1021
876
896
1022
1020
883
885
1024
1009
873
862
1005
959
827
831
953
953
809
790
935
937
759
794
916
889
784
777
931
929
792
818
951
940
829
851
967
990
853
857
1058
1028
904
922
1086
1093
951
971
1130
1114
1004
997
1138
1157
1026
1031
1164
1194
1029
1051
1200
1205
1056
1086
1198
1213
1067
1080
1203
1175
1032
1035
1166
1133
1018
1002
1135
1119
970
987
1108
1118
973
980
1128
1115
977
1012
1161
1165
1047
1058
1218
1230
1109
1147
1304
1298
1199
1257
1386
1410
1284
1307
1464
1486
1372
1372
1524
1527
1395
1385
1561
1544
1439
1438
1583
1613
1480
1485
1628
1631
1507
1526
1658
1659
1524
1551
1680
1678
1557
1520
1681
1672
1527
1547
1692
1675
1537
1534
1672
1669
1499
1529
1645
1608
1480
1479
1605
1599
1451
1469
1597
1583
1440
1431
1577
1563
1434
1428
1568
1581
1443
1453
1610
1611
1456
1472
1644
1635
1499
1533
1708
1708
1602
1627
1796
1811
1702
1736
1901
1897
1784
1819
2003
2009
1927
1945
2118
2144
2037
2081
2232
2235
2115
2139
2276
2259
2159
2172
2303
2311
2196
2208
2324
2307
2171
2160
2300
2264
2128
2112
2218
2168
2028
1991
2112
2088
1909
1892
2014
2001
1830
1809
1939
1923
1774
1794
1929
1929
1773
1786
1939
1907
1761
1787
1911
1911
1785
1797
1965
1914
1790
1806
1968
1950
1845
1844
1988
1983
1868
1899
2039
2047
1918
1923
2047
2052
1915
1924
2058
2057
1920
1952
2080
2095
1912
1907
2039
2042
1913
1898
2068
2024
1876
1881
2035
2015
1909
1889
2019
2018
1869
1868
1998
1988
1816
1824
1961
1897
1768
1761
1885
1852
1690
1678
1840
1806
1649
1629
1736
1738
1592
1563
1697
1668
1533
1547
1691
1683
1572
1607
1761
1774
1642
1687
1827
1838
1703
1723
1884
1871
1757
1715
1877
1845
1695
1721
1876
1851
1722
1733
1868
1857
1711
1730
1839
1867
1722
1746
1890
1893
1766
1778
1915
1918
1780
1788
1892
1894
1731
1690
1812
1732
1579
1560
1679
1627
1495
1488
1617
1576
1435
1448
1562
1571
1438
1430
1570
1591
1465
1480
1625
1611
1492
1490
1644
1625
1485
1489
1604
1580
1416
1420
1537
1499
1366
1360
1518
1516
1388
1409
1606
1578
1480
1522
1674
1679
1556
1590
1720
1718
1564
1601
1722
1744
1589
1599
1730
1727
1590
1612
1739
1725
1595
1634
1774
1788
1640
1669
1866
1831
1737
1767
1949
1963
1832
1844
2003
1994
1845
1861
1988
1959
1829
1830
1935
1939
1806
1791
1930
1928
1792
1829
1991
1970
1847
1872
2005
1999
1905
1956
2087
2110
2032
2057
2222
2224
2081
2114
2272
2283
2112
2144
2284
2276
2109
2111
2254
2224
2087
2075
2208
2181
2029
2030
2183
2166
2020
2056
2184
2176
2062
2059
2180
2159
2032
2030
2157
2131
2010
2014
2175
2156
2022
2041
2181
2196
2064
2076
2248
2227
2112
2165
2326
2305
2199
2208
2394
2375
2261
2275
2421
2403
2273
2277
2428
2404
2284
2280
2400
2380
2246
2252
2371
2378
2256
2284
2443
2448
2332
2345
2466
2465
2356
2331
2449
2448
2328
2331
2490
2480
2323
2322
2438
2427
2261
2245
2374
2321
2161
2152
2258
2193
2002
2002
2126
2085
1890
1849
1964
1908
1722
1701
1828
1819
1656
1635
1773
1775
1623
1644
1810
1800
1706
1757
1952
1966
1863
1892
2070
2092
1965
2006
2159
2144
2023
2052
2220
2203
2081
2084
2245
2219
2101
2104
2229
2190
2036
2019
2146
2102
1988
1938
2101
2052
1898
1886
2033
1979
1883
1870
1999
1983
1968
1854
1980
1984
1811
1855
2003
1998
1858
1892
2047
2014
1918
1938
2117
2113
1942
1959
2090
2078
1905
1912
2025
2004
1853
1871
1979
1948
1772
1744
1879
1847
1673
1692
1831
1794
1671
1650
1824
1783
1674
1686
1842
1838
1692
1718
1856
1863
1711
1746
1891
1880
1729
1758
1920
1901
1758
1776
1906
1918
1740
1744
1872
1836
1706
1686
1843
1816
1678
1673
1807
1804
1651
1655
1817
1815
1638
1619
1766
1733
1576
1570
1717
1723
1609
1613
1784
1769
1663
1681
1854
1852
1742
1767
1931
1943
1805
1847
2009
2015
1897
1921
2081
2081
1935
1969
2123
2100
1966
1992
2100
2091
1946
1957
2083
2075
1931
1934
2031
2004
1855
1855
1976
1962
1795
1803
1954
1917
1786
1766
1907
1907
1782
1792
1975
1944
1821
1863
2002
1995
1896
1880
2044
2029
1898
1944
2074
2035
1900
1880
2000
1961
1783
1762
1893
1839
1693
1708
1827
1803
1667
1698
1856
1869
1721
1743
1930
1952
1816
1824
1988
2011
1873
1915
2062
2094
1993
1999
2143
2139
2030
2037
2180
2192
2061
2093
2240
2247
2143
2176
2323
2307
2186
2205
2352
2344
2250
2240
2383
2366
2258
2282
2414
2430
2302
2315
2443
2422
2315
2321
2448
2441
2343
2370
2481
2503
2385
2405
2537
2519
2399
2383
2514
2479
2365
2366
2474
2452
2336
2323
2445
2450
2299
2316
2429
2412
2274
2283
2396
2380
2227
2229
2361
2314
2194
2192
2326
2288
2172
2167
2267
2247
2093
2099
2222
2203
2073
2076
2243
2201
2082
2076
2215
2165
2009
1990
2095
2038
1875
1880
1999
1985
1872
1863
2025
2027
1925
1942
2086
2105
1967
1973
2142
2144
2031
2040
2218
2196
2067
2061
2177
2129
1976
1950
2058
2017
1885
1857
1974
1928
1757
1723
1827
1804
1624
1598
1743
1686
1548
1546
1733
1713
1608
1617
1773
1775
1671
1721
1882
1871
1784
1826
2013
2017
1938
1956
2138
2146
2068
2123
2266
2275
2170
2215
2376
2354
2255
2274
2413
2403
2303
2306
2446
2435
2301
2305
2454
2385
2258
2244
2353
2325
2147
2149
2258
2203
2061
2033
2138
2096
1923
1871
1985
1927
1773
1754
1892
1876
1730
1714
1886
1857
1711
1737
1877
1869
1735
1763
1896
1906
1774
1790
1915
1889
1770
1762
1867
1863
1734
1695
1839
1821
1672
1661
1825
1785
1641
1666
1819
1789
1650
1662
1834
1818
1711
1753
1935
1951
1869
1893
2083
2108
1968
1989
2130
2106
1960
1967
2090
2050
1865
1875
2005
1959
1796
1794
1917
1882
1703
1700
1809
1813
1656
1650
1792
1788
1660
1703
1853
1874
1766
1797
1966
1963
1847
1869
2016
2019
1886
1892
2018
2041
1879
1891
2029
1998
1854
1832
1972
1913
1786
1747
1869
1879
1694
1723
1844
1824
1700
1728
1853
1859
1748
1765
1938
1941
1812
1867
2014
2007
1899
1947
2127
2134
2026
2045
2192
2217
2108
2127
2284
2274
2165
2175
2309
2303
2161
2166
2329
2340
2207
2212
2339
2340
2210
2193
2345
2339
2198
2196
2310
2344
2152
2163
2288
2249
2135
2159
2296
2276
2144
2163
2295
2317
2173
2192
2335
2353
2223
2225
2408
2382
2396
2271
2410
2384
2269
2261
2388
2379
2216
2223
2349
2317
2163
2185
2305
2316
2154
2168
2317
2297
2163
2165
2323
2308
2158
2165
2345
2307
2157
2167
2310
2313
2164
2174
2360
2321
2209
2237
2396
2429
2269
2328
2465
2475
2375
2433
2578
2594
2506
2547
2659
2667
2626
2633
2695
2712
2683
2696
2730
2744
2726
2727
2764
2766
2776
2772
2793
2792
2796
2788
2801
2779
2752
2713
2730
2686
2587
2538
2596
2580
2400
2389
2499
2455
2311
2336
2451
2454
2355
2388
2583
2581
2521
2578
2677
2711
2699
2737
2763
2790
2803
2827
2832
2856
2855
2875
2877
2889
2890
2896
2893
2867
2802
2643
2627
2557
2366
2333
2442
2400
2287
2282
2424
2402
2252
2296
2430
2435
2336
2373
2538
2580
2485
2529
2653
2660
2610
2606
2676
2664
2572
2502
2574
2511
2343
2289
2366
2310
2148
2103
2203
2132
1974
1927
2048
2013
1882
1872
2029
2023
1896
1950
2126
2170
2061
2106
2267
2273
2187
2198
2343
2318
2203
2188
2322
2289
2135
2111
2230
2162
1946
1906
2025
1966
1815
1792
1917
1917
1780
1796
1962
1966
1867
1922
2090
2167
2065
2124
2300
2322
2207
2267
2394
2409
2285
2308
2443
2409
2284
2289
2402
2382
2213
2200
2341
2302
2126
2107
2195
2169
2029
2047
2176
2162
2033
2048
2195
2194
2061
2074
2214
2222
2055
2058
2194
2178
2042
2044
2214
2217
2072
2112
2249
2262
2143
2153
2327
2323
2202
2222
2363
2391
2280
2286
2432
2434
2328
2354
2460
2482
2373
2378
2503
2507
2392
2424
2532
2539
2432
2451
2578
2562
2449
2449
2563
2525
2402
2388
2506
2452
2301
2270
2367
2349
2169
2160
2282
2266
2089
2071
2206
2175
2012
1985
2108
2105
1931
1965
2106
2068
1925
1913
2030
2009
1850
1857
1972
1949
1824
1813
1949
1920
1805
1808
1999
1974
1869
1896
2056
2092
2061
1984
2161
2139
2057
2069
2221
2245
2129
2139
2278
2284
2152
2178
2333
2313
2183
2184
2338
2302
2171
2167
2289
2263
2120
2102
2207
2173
2035
2039
2128
2109
1954
1936
2060
2032
1871
1835
1960
1872
1737
1709
1844
1805
1681
1698
1828
1813
1670
1696
1814
1792
1626
1594
1732
1695
1533
1496
1676
1618
1482
1496
1621
1606
1461
1463
1610
1542
1403
1395
1538
1533
1357
1389
1540
1500
1401
1380
1524
1514
1406
1403
1551
1503
1380
1389
1520
1495
1357
1362
1515
1519
1383
1429
1631
1605
1524
1534
1725
1711
1620
1659
1837
1847
1743
1790
1984
2009
1919
1964
2137
2131
2031
2047
2208
2185
2059
2079
2225
2207
2081
2085
2244
2216
2094
2069
2216
2196
2045
2032
2165
2133
2005
2010
2153
2102
1945
1931
2038
1992
1849
1832
1950
1936
1818
1856
2012
1986
1882
1917
2072
2096
1975
1999
2152
2164
2064
2095
2256
2273
2192
2211
2349
2364
2203
2172
2267
2193
1991
1932
2056
1974
1811
1835
1952
1946
1803
1822
2002
1984
1904
1907
2085
2071
1952
1987
2195
2196
2070
2119
2255
2255
2125
2148
2244
2205
2099
2072
2197
2193
2041
2029
2170
2147
2007
2021
2152
2139
2037
2015
2146
2103
1972
1957
2113
2129
2029
2051
2199
2206
2086
2098
2265
2291
2151
2189
2367
2373
2267
2313
2464
2465
2393
2430
2575
2568
2475
2468
2557
2564
2454
2461
2589
2562
2453
2445
2566
2540
2449
2431
2557
2497
2384
2344
2455
2460
2313
2317
2461
2392
2309
2306
2462
2424
2321
2326
2476
2483
2374
2409
2563
2562
2477
2502
2613
2618
2562
2558
2644
2651
2571
2546
2650
2618
2519
2506
2600
2556
2442
2416
2492
2461
2318
2278
2379
2310
2205
2173
2302
2260
2109
2091
2212
2168
2011
1987
2105
2053
1914
1863
1974
1946
1780
1744
1876
1794
1612
1553
1638
1592
1384
1329
1411
1342
1163
1111
1235
1165
1007
999
1106
1130
949
974
1119
1123
993
1033
1225
1211
1117
1167
1336
1367
1242
1277
1470
1453
1343
1358
1525
1517
1431
1446
1640
1671
1555
1587
1764
1752
1658
1699
1858
1864
1765
1772
1914
1892
1704
1676
1789
1713
1548
1542
1658
1626
1503
1529
1697
1722
1611
1648
1826
1877
1763
1779
1977
1972
1847
1866
1983
1965
1780
1771
1875
1833
1636
1601
1749
1704
1523
1519
1615
1595
1403
1381
1492
1418
1239
1182
1284
1230
1043
1011
1147
1126
970
963
1090
1089
940
937
1098
1075
968
972
1166
1183
1065
1116
1312
1334
1246
1286
1488
1529
1411
1449
1638
1669
1557
1619
1791
1777
1702
1726
1893
1872
1760
1776
1932
1904
1805
1791
1936
1926
1780
1782
1948
1916
1805
1812
1949
1930
1791
1800
1955
1942
1797
1810
1966
1947
1836
1824
1983
1980
1851
1893
2036
2025
1887
1907
2039
2006
1872
1891
2023
2024
1881
1891
2048
2010
1894
1897
2043
2023
1913
1923
2058
2070
1910
1910
2065
2052
1894
1889
2046
2058
1879
1882
2024
1975
1821
1798
1956
1927
1804
1809
1963
1961
1837
1855
2020
2016
1917
1920
2110
2101
1977
1983
2137
2114
1982
1985
2126
2097
1971
2003
2130
2121
1966
1981
2152
2103
1977
1961
2131
2135
2001
1992
2139
2109
1969
1986
2139
2130
1974
2013
2155
2135
2002
2009
2188
2139
2014
1978
2159
2099
1956
1967
2086
2029
1913
1923
2044
2014
1859
1865
2007
1981
1832
1862
1988
1976
1848
1872
2050
2064
1915
1950
2075
2086
1953
1971
2180
2129
2022
2057
2206
2152
2002
1956
2059
2029
1839
1822
1965
1908
1768
1748
1909
1917
1744
1779
1962
1952
1808
1807
1991
1933
1830
1849
2011
2024
1912
1918
2096
2092
1934
1914
2037
1970
1815
1763
1920
1895
1767
1761
1954
1896
1788
1804
1977
1977
1840
1827
1984
1926
1774
1773
1937
1916
1756
1764
1932
1884
1790
1764
1897
1904
1750
1761
1930
1909
1763
1785
1931
1896
1754
1767
1943
1969
1815
1825
2004
1949
1793
1800
1946
1932
1776
1772
1904
1876
1700
1691
1831
1796
1677
1690
1868
1859
1738
1741
1924
1904
1758
1765
1928
1925
1756
1767
1933
1892
1752
1782
1954
1941
1819
1815
1998
1930
1833
1807
1970
1919
1774
1769
1923
1882
1749
1744
1926
1915
1792
1825
1978
1957
1836
1806
1960
1924
1763
1756
1912
1867
1697
1694
1842
1799
1648
1612
1781
1708
1527
1515
1665
1622
1452
1461
1607
1544
1405
1431
1578
1556
1417
1430
1587
1570
1437
1457
1609
1609
1474
1496
1686
1661
1543
1536
1674
1665
1514
1532
1670
1647
1479
1483
1621
1601
1431
1409
1566
1549
1383
1389
1572
1546
1383
1399
1586
1569
1397
1433
1622
1575
1444
1465
1623
1585
1465
1459
1617
1596
1437
1430
1593
1553
1421
1420
1576
1569
1390
1391
1559
1565
1389
1383
1531
1502
1336
1305
1504
1462
1292
1286
1434
1393
1235
1259
1442
1395
1240
1240
1452
1382
1260
1280
1421
1430
1289
1262
1437
1430
1273
1276
1436
1410
1257
1227
1389
1375
1227
1221
1365
1339
1191
1182
1358
1316
1161
1157
1313
1288
1132
1155
1312
1316
1158
1140
1332
1312
1151
1155
1318
1308
1122
1124
1281
1260
1120
1098
1275
1254
1074
1086
1268
1231
1082
1066
1253
1224
1066
1052
1241
1231
1068
1096
1261
1227
1041
1071
1236
1216
1069
1091
1289
1242
1073
1086
1256
1213
1077
1090
1252
1225
1060
1055
1234
1191
1021
1028
1207
1153
992
1002
1169
1134
970
979
1136
1107
963
970
1126
1109
931
953
1115
1096
960
948
1128
1097
945
958
1123
1091
944
961
1131
1082
962
948
1132
1106
932
956
1112
1079
926
924
1112
1078
906
916
1092
1048
909
921
1087
1033
884
892
1093
1063
919
935
1096
1084
927
936
1101
1080
940
928
1094
1079
895
898
1057
1034
907
891
1058
1014
867
864
1033
1007
836
850
1029
1011
866
866
1024
1014
856
871
1053
1019
880
853
1019
1011
884
905
1064
1029
903
915
1081
1070
914
935
1067
1058
906
910
1045
1036
902
909
1060
1047
881
890
1048
1030
867
855
1015
974
826
850
1000
985
828
806
969
962
790
788
940
897
755
744
915
874
726
722
914
888
737
734
927
907
738
769
947
913
764
763
949
934
793
787
949
976
796
811
971
955
820
819
988
985
817
813
978
965
797
804
984
961
826
816
1011
971
817
835
984
960
832
825
1009
1007
870
868
1033
737
265
268
267
268
266
270
268
268
754
779
267
268
267
-11
-11

