;UFOS3
;Measurement details: channel = S-D, date = 11.09.2015, time = 15:15:12
Exposure=1090
Gain=0
Temperature=30.3
Accummulate=4
5.7688916518589775 mu
6.107582966293225 amas
8.902 hs
313 ozone
120104 uva
516 uvb
136 uve
[Value]
-11
-12
-12
-8
-12
-11
-12
-10
-10
-13
-14
-13
-12
-11
-8
-14
-14
-12
-10
-11
-12
-1
0
-4
0
-2
1
0
0
-2
3
1
-4
2
-2
-1
2
-2
1
-4
-1
-1
-1
0
1
0
-1
1
-1
-1
0
1
0
-1
1
1
0
0
-5
-4
1
1
0
0
-2
-2
-3
2
0
0
1
1
2
2
-1
0
1
-1
1
-1
0
0
-1
-1
0
1
-1
-2
2
0
-3
-1
1
-2
-1
1
1
0
-1
-3
0
0
-1
1
-2
3
2
2
2
-3
0
1
2
0
2
-2
-1
1
0
1
-2
0
1
-1
1
6
0
-2
1
1
0
-1
2
0
0
-1
2
2
5
-1
0
0
4
1
2
-1
-2
1
0
1
4
0
-1
0
0
-1
1
-1
3
-1
2
0
1
3
3
3
2
2
2
-1
5
4
-2
0
2
-1
-2
2
0
2
2
3
-3
2
-1
1
2
-1
1
0
3
3
1
1
3
-1
-1
-1
4
1
-3
1
1
-1
-2
-1
1
1
1
2
3
5
0
2
1
1
0
1
4
4
0
4
0
1
1
1
-1
2
1
-4
2
-2
-3
2
3
2
2
2
-2
-2
2
-1
-1
1
0
-1
3
-1
0
-2
3
-2
-1
-4
-1
-2
1
0
0
1
-1
-3
1
3
0
-1
-1
2
0
2
1
0
-1
-3
2
-3
-2
-1
1
-2
1
2
2
1
1
1
3
-1
0
-2
1
-1
-4
-2
-1
3
0
-2
3
-1
1
0
-2
1
-1
0
1
-3
2
1
2
0
1
1
-1
-2
1
-2
1
-2
-1
2
-3
3
-2
-3
0
3
2
2
0
3
0
-1
2
2
0
-1
-2
3
1
0
2
3
2
-2
-2
0
0
0
0
0
-3
1
-1
2
0
2
0
1
2
-4
0
2
1
3
2
-2
0
0
-1
1
-1
0
0
1
0
0
-2
1
-1
2
0
-1
1
1
0
0
0
1
2
-2
2
1
-1
-2
3
0
1
2
1
0
2
2
-3
-1
0
0
0
2
-1
2
1
2
-2
-2
0
0
3
-1
1
-1
1
3
-1
-2
0
1
0
-2
-1
4
-1
4
0
-2
0
-1
1
1
1
-1
2
0
-1
1
0
3
0
0
1
1
1
0
1
0
0
-2
2
3
2
0
4
1
5
0
2
1
0
-1
0
0
1
2
1
1
1
0
0
0
-1
0
3
-1
2
1
0
1
1
0
2
0
1
3
0
2
0
1
1
1
1
3
3
0
3
-2
1
-2
4
2
1
0
1
2
2
0
1
1
1
2
0
0
2
2
3
2
1
1
2
2
4
3
1
0
5
3
4
-1
1
-2
1
4
1
3
3
3
3
2
1
-1
-1
2
-1
4
0
4
3
1
1
2
2
2
1
5
-1
4
1
3
4
4
1
3
3
1
1
5
2
3
4
1
0
2
4
4
3
3
4
2
2
3
2
6
3
-1
4
3
2
-1
2
5
5
3
5
3
4
0
4
3
2
3
3
5
3
4
5
3
2
4
0
4
4
4
1
1
3
3
1
2
1
3
2
2
1
3
0
3
3
4
3
8
1
4
5
3
2
0
2
3
4
3
-1
2
5
4
4
4
1
4
2
4
4
5
3
2
5
3
2
6
0
3
2
1
2
3
4
5
1
5
0
2
2
6
3
3
3
4
1
3
5
2
2
1
3
5
5
6
4
4
7
5
4
4
6
3
4
5
5
4
4
7
4
4
4
6
8
4
6
6
4
2
3
7
8
5
4
7
7
3
4
5
3
5
7
5
8
8
3
9
4
7
6
7
8
7
7
5
7
7
6
6
9
8
9
9
7
10
7
8
10
11
11
9
13
11
11
13
8
9
8
11
13
12
13
12
12
10
9
15
12
12
13
10
15
13
12
14
16
13
15
12
16
15
14
13
15
17
14
14
19
14
15
14
14
19
12
13
15
17
15
14
15
18
16
18
21
18
17
18
19
20
19
18
16
18
21
19
20
20
17
17
22
20
18
23
26
25
23
22
23
27
23
25
29
28
28
31
32
34
31
37
35
35
37
37
35
40
36
37
39
40
38
34
39
39
37
37
40
37
40
41
39
41
38
38
42
41
42
40
42
42
42
44
47
43
44
47
47
49
48
46
50
52
54
52
56
56
56
56
58
64
59
60
60
61
61
59
64
62
58
61
59
61
59
57
60
62
62
65
63
62
66
69
67
67
71
73
75
78
77
78
80
87
81
81
85
84
87
86
86
87
88
87
91
95
95
96
100
100
100
101
106
111
107
109
117
115
120
119
127
131
121
122
125
125
123
123
125
121
117
117
116
112
108
109
109
106
106
104
107
106
109
111
117
123
122
121
132
136
139
149
155
159
163
168
173
179
183
186
194
201
201
204
211
217
215
218
227
231
232
232
242
246
239
241
246
251
244
248
255
248
249
247
246
245
236
235
231
228
220
223
223
223
218
221
227
227
226
230
241
248
246
256
263
277
280
291
306
315
322
338
352
359
355
356
366
367
359
356
366
358
349
342
350
342
333
329
327
327
318
311
312
303
302
298
308
302
301
306
316
323
315
324
332
341
345
353
368
365
372
381
400
407
404
412
426
433
429
436
450
453
449
451
456
457
444
441
447
442
428
420
426
416
408
405
407
413
400
398
402
403
397
400
412
408
401
402
412
411
401
398
405
404
393
393
394
397
386
378
383
376
363
359
353
348
339
334
332
325
321
323
320
326
323
329
330
344
342
340
352
353
359
363
376
389
391
399
411
420
429
433
456
457
460
465
481
483
485
492
505
513
505
512
528
528
528
531
538
550
546
548
557
551
548
549
552
535
529
524
530
518
503
498
498
498
488
486
488
486
476
474
487
488
480
482
508
518
522
531
554
568
577
599
629
641
655
673
702
712
720
730
764
776
783
797
818
822
820
833
850
860
862
872
883
890
892
898
919
919
920
920
941
935
930
927
932
934
929
925
942
944
934
930
950
941
927
926
925
921
899
901
905
901
880
877
889
884
872
870
874
871
854
850
870
850
847
847
858
858
854
868
877
879
876
892
901
911
921
934
955
985
990
1006
1039
1054
1075
1084
1128
1139
1156
1176
1208
1228
1251
1278
1311
1332
1345
1364
1401
1405
1412
1414
1436
1437
1443
1446
1476
1475
1478
1474
1472
1477
1462
1446
1450
1442
1411
1399
1403
1386
1351
1332
1324
1301
1275
1260
1253
1234
1212
1185
1188
1185
1163
1169
1170
1165
1158
1161
1165
1168
1168
1161
1170
1180
1168
1174
1195
1196
1184
1188
1210
1210
1218
1224
1241
1249
1253
1260
1280
1282
1285
1282
1292
1299
1281
1285
1305
1298
1301
1302
1303
1311
1304
1296
1296
1301
1265
1259
1258
1243
1235
1219
1233
1223
1218
1215
1236
1236
1227
1224
1237
1223
1214
1195
1194
1180
1160
1159
1154
1129
1121
1103
1121
1102
1081
1068
1076
1062
1045
1032
1041
1044
1029
1018
1035
1046
1046
1066
1089
1106
1118
1124
1152
1159
1157
1165
1172
1170
1162
1158
1157
1149
1150
1148
1160
1153
1154
1155
1161
1167
1157
1161
1170
1172
1167
1171
1196
1206
1193
1210
1236
1236
1223
1218
1216
1199
1168
1140
1119
1099
1054
1034
1022
998
980
961
966
953
940
930
940
934
931
924
949
953
951
969
974
980
978
980
981
974
956
944
939
928
900
888
888
873
868
870
881
885
889
911
944
956
983
1000
1040
1037
1038
1056
1075
1080
1079
1093
1105
1113
1110
1119
1132
1129
1127
1113
1136
1134
1135
1145
1166
1171
1169
1186
1209
1205
1239
1263
1287
1298
1307
1310
1327
1329
1329
1326
1330
1317
1309
1301
1304
1304
1280
1277
1300
1299
1298
1308
1316
1338
1330
1345
1360
1384
1400
1414
1457
1476
1492
1510
1536
1560
1578
1568
1592
1597
1594
1589
1609
1609
1585
1585
1587
1581
1572
1558
1560
1542
1535
1518
1543
1538
1526
1532
1541
1543
1540
1545
1550
1528
1512
1512
1526
1519
1517
1506
1517
1522
1521
1531
1543
1558
1558
1567
1601
1593
1616
1631
1661
1677
1690
1707
1721
1736
1753
1756
1781
1773
1768
1769
1783
1777
1776
1758
1771
1764
1744
1746
1752
1762
1763
1764
1787
1799
1807
1816
1826
1808
1816
1815
1807
1812
1811
1805
1809
1814
1809
1791
1785
1767
1760
1733
1710
1693
1651
1630
1604
1573
1543
1509
1494
1464
1425
1388
1369
1321
1289
1266
1253
1240
1214
1207
1211
1198
1210
1215
1246
1269
1288
1323
1361
1398
1422
1459
1492
1507
1530
1544
1561
1575
1591
1596
1623
1632
1640
1645
1652
1650
1647
1637
1635
1620
1600
1585
1576
1563
1528
1506
1508
1480
1456
1439
1435
1410
1393
1387
1397
1385
1367
1363
1376
1377
1367
1381
1403
1410
1424
1435
1466
1471
1487
1502
1525
1529
1530
1512
1521
1517
1507
1476
1485
1466
1446
1432
1433
1401
1374
1352
1346
1340
1299
1294
1292
1274
1255
1260
1259
1260
1258
1260
1275
1279
1271
1279
1301
1308
1292
1308
1337
1332
1322
1340
1358
1344
1346
1339
1349
1344
1330
1324
1318
1306
1291
1290
1288
1283
1262
1264
1264
1259
1248
1248
1252
1241
1221
1214
1209
1194
1179
1175
1185
1194
1197
1215
1243
1266
1262
1278
1306
1328
1337
1363
1385
1404
1411
1430
1459
1476
1496
1501
1535
1545
1545
1555
1565
1581
1564
1564
1570
1563
1550
1536
1546
1540
1520
1509
1502
1478
1469
1444
1426
1414
1386
1382
1375
1372
1355
1362
1370
1372
1376
1387
1406
1419
1425
1421
1459
1463
1464
1471
1481
1483
1470
1471
1465
1462
1443
1426
1430
1386
1358
1341
1336
1310
1289
1292
1294
1296
1298
1308
1341
1351
1357
1384
1417
1422
1436
1456
1484
1508
1534
1566
1601
1625
1643
1653
1678
1693
1700
1707
1729
1738
1745
1751
1769
1789
1797
1802
1818
1830
1843
1841
1858
1861
1866
1866
1879
1877
1895
1909
1916
1924
1938
1936
1937
1948
1962
1957
1957
1966
1943
1925
1924
1920
1892
1880
1870
1852
1834
1840
1839
1836
1821
1833
1831
1835
1839
1855
1868
1866
1884
1888
1897
1902
1898
1915
1911
1914
1915
1916
1934
1950
1970
1986
1995
2003
1998
2006
1998
1969
1963
1943
1928
1896
1903
1880
1861
1840
1816
1779
1763
1735
1699
1653
1626
1605
1561
1547
1547
1542
1537
1546
1567
1580
1591
1608
1637
1640
1656
1664
1692
1693
1706
1717
1735
1721
1719
1691
1676
1664
1611
1593
1571
1547
1523
1490
1466
1428
1406
1373
1353
1313
1282
1262
1258
1247
1226
1225
1239
1246
1262
1279
1318
1346
1363
1400
1430
1462
1477
1512
1554
1587
1611
1651
1692
1718
1755
1794
1830
1856
1865
1893
1900
1914
1939
1933
1940
1950
1964
1964
1965
1978
1971
1973
1957
1952
1946
1930
1904
1875
1855
1814
1784
1753
1727
1688
1656
1631
1600
1557
1537
1498
1471
1448
1442
1435
1415
1417
1413
1417
1413
1418
1426
1426
1433
1441
1454
1457
1469
1476
1483
1488
1482
1468
1469
1452
1434
1418
1401
1395
1380
1374
1373
1378
1372
1364
1378
1378
1368
1368
1398
1409
1422
1459
1506
1540
1573
1612
1637
1658
1682
1696
1701
1687
1674
1654
1639
1629
1608
1586
1564
1550
1522
1497
1486
1464
1437
1407
1403
1387
1364
1367
1375
1377
1384
1411
1442
1469
1492
1506
1541
1559
1571
1585
1599
1604
1598
1586
1600
1589
1569
1571
1571
1560
1546
1520
1504
1493
1464
1456
1435
1424
1412
1401
1400
1402
1406
1414
1433
1454
1471
1480
1513
1526
1544
1571
1595
1625
1647
1671
1703
1744
1760
1780
1802
1820
1849
1847
1882
1895
1904
1906
1919
1922
1922
1930
1924
1927
1928
1933
1942
1940
1940
1937
1946
1943
1946
1935
1932
1917
1909
1898
1895
1886
1884
1893
1899
1912
1917
1924
1940
1934
1942
1956
1968
1970
1988
1992
1989
1989
2006
2002
1991
1984
1971
1958
1951
1933
1923
1904
1898
1883
1888
1877
1887
1896
1897
1899
1911
1909
1920
1932
1940
1949
1948
1935
1946
1950
1951
1949
1966
1962
1983
1999
2011
2026
2063
2087
2076
2098
2145
2151
2139
2173
2230
2240
2195
2241
2347
2350
2253
2259
2408
2414
2277
2328
2476
2464
2338
2369
2495
2503
2333
2397
2535
2523
2410
2419
2564
2553
2424
2398
2571
2573
2442
2421
2522
2426
2281
2199
2248
2180
2116
2101
2118
2108
2096
2111
2166
2191
2175
2223
2321
2364
2262
2306
2471
2461
2346
2389
2518
2540
2400
2430
2578
2581
2437
2466
2587
2608
2457
2481
2619
2652
2480
2527
2637
2578
2470
2161
2227
2083
2056
2064
2075
2073
2081
2099
2147
2181
2166
2207
2307
2328
2245
2261
2397
2412
2295
2313
2403
2350
2230
2169
2175
2073
1995
1960
1917
1858
1823
1779
1728
1700
1674
1662
1650
1649
1660
1686
1704
1739
1775
1807
1834
1865
1897
1938
1941
1963
1971
1969
1976
1970
1954
1930
1898
1863
1820
1780
1725
1663
1629
1588
1555
1535
1531
1531
1538
1551
1574
1603
1638
1680
1742
1789
1836
1885
1933
1967
2005
2030
2046
2051
2080
2089
2058
2067
2069
2047
2027
2011
2004
1981
1953
1918
1903
1862
1847
1826
1802
1782
1797
1791
1784
1780
1803
1798
1814
1809
1813
1816
1805
1794
1800
1799
1801
1813
1830
1850
1861
1868
1881
1904
1922
1929
1942
1962
1998
2011
2016
2034
2053
2060
2064
2065
2112
2132
2120
2127
2183
2191
2139
2149
2231
2218
2172
2193
2258
2253
2188
2208
2282
2245
2176
2173
2205
2183
2112
2098
2092
2050
2003
1984
1955
1912
1895
1881
1860
1837
1822
1790
1736
1742
1736
1714
1709
1700
1694
1682
1673
1643
1638
1619
1593
1578
1569
1555
1548
1534
1538
1542
1536
1548
1577
1591
1607
1633
1663
1702
1707
1737
1763
1790
1800
1819
1842
1870
1878
1888
1900
1905
1925
1930
1929
1938
1943
1929
1930
1926
1916
1905
1873
1857
1850
1825
1805
1782
1760
1744
1725
1710
1681
1656
1636
1615
1570
1540
1507
1473
1443
1425
1424
1418
1410
1404
1402
1405
1395
1380
1386
1360
1339
1311
1295
1279
1235
1215
1208
1209
1193
1187
1199
1186
1180
1167
1165
1134
1119
1105
1110
1096
1077
1075
1096
1094
1088
1096
1110
1119
1109
1109
1115
1108
1088
1089
1087
1084
1069
1076
1094
1095
1113
1132
1181
1196
1223
1249
1303
1319
1345
1386
1422
1455
1489
1525
1585
1622
1651
1691
1732
1754
1766
1770
1797
1797
1800
1795
1817
1809
1813
1815
1815
1814
1805
1800
1804
1784
1769
1767
1757
1747
1738
1723
1716
1701
1668
1636
1602
1550
1499
1465
1453
1442
1426
1430
1445
1450
1462
1486
1519
1560
1578
1600
1651
1684
1719
1760
1811
1848
1870
1903
1921
1924
1901
1890
1851
1818
1792
1747
1726
1720
1698
1694
1695
1709
1719
1725
1744
1755
1767
1763
1762
1761
1766
1771
1783
1808
1820
1826
1841
1839
1836
1823
1812
1794
1791
1775
1770
1758
1751
1736
1729
1717
1716
1710
1722
1717
1714
1699
1687
1690
1671
1678
1689
1700
1727
1741
1764
1788
1798
1816
1832
1854
1884
1906
1937
1975
1992
2032
2051
2070
2125
2142
2128
2142
2191
2183
2147
2158
2209
2198
2140
2152
2205
2189
2134
2124
2163
2150
2097
2077
2086
2058
2018
2009
2015
1998
2000
2006
2017
2028
2022
2033
2055
2058
2051
2078
2116
2136
2120
2146
2214
2229
2181
2215
2296
2305
2222
2232
2308
2287
2218
2203
2276
2264
2169
2160
2198
2142
2093
2033
2035
2003
1954
1942
1915
1880
1873
1844
1830
1799
1779
1768
1744
1703
1689
1658
1615
1590
1560
1524
1489
1433
1397
1331
1265
1189
1136
1069
991
926
874
821
768
727
709
679
645
632
636
626
622
631
651
663
679
701
731
742
747
754
778
786
786
803
821
841
849
876
914
964
1009
1064
1131
1183
1218
1270
1317
1343
1380
1402
1438
1455
1461
1467
1499
1495
1488
1509
1532
1549
1560
1586
1603
1600
1603
1611
1617
1605
1615
1609
1618
1618
1609
1603
1616
1600
1582
1576
1549
1545
1519
1485
1468
1428
1398
1358
1345
1301
1263
1222
1199
1157
1109
1062
1012
966
912
851
809
767
726
694
675
666
634
627
621
617
605
608
618
626
630
654
693
718
748
785
835
871
919
971
1019
1060
1079
1126
1167
1204
1230
1254
1294
1309
1325
1356
1391
1410
1414
1425
1466
1483
1486
1489
1509
1508
1505
1512
1522
1523
1522
1525
1534
1528
1525
1534
1551
1549
1553
1562
1571
1585
1582
1596
1607
1604
1609
1607
1623
1615
1602
1600
1588
1561
1528
1509
1504
1509
1522
1522
1540
1539
1534
1543
1565
1571
1585
1596
1623
1617
1614
1614
1600
1596
1587
1595
1592
1594
1585
1568
1582
1575
1565
1565
1576
1574
1566
1560
1577
1584
1577
1592
1602
1622
1632
1650
1674
1676
1678
1679
1680
1671
1666
1656
1669
1671
1667
1672
1685
1678
1670
1660
1666
1664
1663
1670
1682
1685
1667
1665
1673
1682
1674
1673
1688
1705
1696
1683
1699
1708
1703
1710
1715
1693
1684
1681
1678
1661
1642
1630
1621
1617
1578
1547
1536
1519
1499
1487
1485
1478
1453
1447
1480
1492
1497
1518
1559
1580
1593
1612
1634
1644
1644
1668
1694
1706
1718
1708
1716
1711
1688
1642
1588
1529
1458
1424
1416
1416
1415
1404
1428
1432
1441
1452
1482
1505
1501
1505
1514
1520
1529
1538
1568
1586
1594
1612
1640
1655
1657
1648
1640
1641
1624
1600
1603
1575
1557
1549
1549
1545
1547
1545
1560
1560
1562
1548
1539
1502
1466
1440
1438
1428
1426
1418
1420
1421
1403
1386
1415
1404
1402
1417
1432
1447
1461
1463
1471
1480
1472
1489
1508
1516
1508
1508
1517
1513
1502
1513
1516
1514
1507
1489
1490
1464
1446
1427
1421
1407
1394
1393
1405
1403
1417
1420
1430
1441
1437
1456
1463
1473
1472
1476
1489
1504
1510
1530
1545
1552
1548
1557
1565
1581
1566
1564
1574
1567
1556
1562
1566
1565
1563
1571
1572
1581
1575
1570
1573
1558
1547
1535
1518
1506
1479
1462
1451
1441
1420
1406
1401
1382
1348
1306
1283
1271
1226
1190
1158
1139
1098
1079
1064
1045
1021
993
990
994
970
976
993
1012
1013
1016
1059
1077
1086
1113
1167
1187
1200
1224
1245
1262
1250
1257
1280
1287
1268
1277
1282
1274
1282
1283
1289
1291
1281
1278
1285
1272
1266
1254
1257
1253
1246
1225
1237
1222
1207
1194
1199
1191
1170
1179
1170
1161
1142
1133
1156
1150
1139
1132
1145
1135
1123
1113
1111
1108
1084
1072
1076
1050
1026
1013
1019
1006
999
986
987
981
968
962
975
976
963
955
974
969
969
964
986
985
981
984
1009
1008
998
1002
997
982
959
952
958
944
921
913
921
920
917
905
909
892
879
864
868
862
848
847
859
861
858
858
864
851
843
844
848
841
830
825
841
837
810
814
822
814
801
795
808
801
793
792
803
789
779
779
794
794
786
793
802
799
800
802
812
811
809
812
819
803
796
790
804
792
788
785
793
787
782
768
773
765
742
738
744
730
714
704
715
705
692
686
694
690
674
665
675
667
654
659
664
666
648
650
664
656
645
650
662
661
649
650
669
667
651
653
673
661
654
651
660
647
636
632
638
628
624
618
641
639
624
626
633
628
624
628
637
638
629
634
635
639
640
638
650
632
610
599
597
589
591
593
601
603
589
589
592
586
567
562
562
556
553
554
561
570
569
573
577
584
579
581
598
595
579
566
563
559
544
546
556
567
557
550
556
541
524
510
509
495
495
492
494
493
479
491
514
513
515
528
554
556
543
547
557
547
536
535
544
548
541
536
544
550
535
543
547
545
539
531
532
516
498
499
504
509
493
496
504
502
495
495
513
518
510
511
529
537
539
544
570
576
588
608
617
315
-14
-9
-12
-11
-11
-10
-11
-12
509
514
-11
-12
-14
-11
-11

