;UFOS3
;Measurement details: channel = Z-D, date = 11.09.2015, time = 15:29:23
Exposure=1100
Gain=0
Temperature=30.4
Accummulate=4
6.81126815023415 mu
7.4822068575252185 amas
7.129 hs
271 ozone
122147 uva
895 uvb
196 uve
[Value]
-6
-5
-4
-5
-5
-3
-3
-5
-5
-6
-6
-6
-6
-5
-5
-7
-3
-7
-6
-6
-6
-2
-1
0
1
-2
0
2
-1
-1
-4
-3
1
-1
0
-4
-1
2
-1
2
1
2
-1
0
-3
-1
-4
-2
-2
0
-1
-1
1
0
1
0
0
-1
-3
-2
2
-1
-2
-2
0
3
0
-2
3
-2
3
-1
3
-3
0
-1
2
-1
-1
-1
0
-3
-2
-3
0
1
-2
2
-1
1
-1
-3
3
0
0
-2
2
0
2
3
0
-3
-1
0
0
-1
0
0
-1
1
0
-3
0
0
2
1
0
0
0
0
0
0
3
2
-1
-3
-2
-2
0
1
1
0
-4
2
2
1
1
-2
1
1
0
0
0
0
1
2
-1
-1
-2
1
-1
2
-1
0
0
3
-2
0
1
1
-1
-2
3
0
1
-2
-2
-1
4
1
-1
0
1
-1
0
3
0
-2
1
-2
-1
-2
-2
-1
-2
-2
0
-1
-2
-1
-1
2
-2
1
3
-3
-2
-4
3
3
1
-1
0
1
-2
-1
0
1
-2
-1
1
0
-2
-1
0
-2
-3
0
-1
0
0
-1
-2
2
-1
1
-3
-1
-1
-1
-1
-4
2
-1
0
2
-2
-2
-3
-1
-1
-3
0
4
0
-1
1
2
-2
-1
0
2
-2
-1
2
3
1
-2
-1
2
-1
1
-2
-3
-1
-1
2
0
-1
0
0
1
2
-1
1
0
-1
-2
1
0
2
-1
0
0
2
-2
1
-2
0
-1
-2
0
3
-2
0
0
1
-1
-2
-1
0
-1
1
0
-3
-1
2
-1
-3
-1
1
0
1
0
-1
2
-1
-2
2
0
1
-1
1
-1
0
-1
-4
-1
-1
1
0
0
1
-1
2
0
0
0
-2
-2
-3
-1
2
-1
2
-3
-3
-3
1
1
1
-1
0
-1
1
1
-2
0
1
-2
-1
-3
0
2
-1
-1
-2
1
0
2
0
1
-1
-1
2
0
1
1
-2
2
1
3
-2
0
-2
-1
1
1
1
-1
3
-3
-2
0
2
-2
1
-1
1
0
0
-3
-3
-1
-3
3
1
3
1
0
-3
-2
1
1
-3
1
-3
-1
-3
-1
0
0
1
1
0
0
1
0
-3
-1
-1
0
-1
1
4
3
-2
-2
2
-2
1
1
0
-1
-2
0
-2
-1
0
1
-2
0
-2
1
5
1
0
0
5
0
-2
2
-2
0
1
0
0
0
1
5
1
2
-3
2
2
0
2
-3
2
1
1
0
-1
1
3
1
0
-2
1
-2
2
4
1
2
1
0
-1
1
0
-1
-2
2
-2
2
-1
1
2
2
-1
3
3
4
1
1
-1
-1
-4
1
1
0
2
3
3
3
0
1
1
2
-1
1
3
1
0
2
-1
1
1
2
-1
0
0
2
0
2
1
-1
0
3
1
1
2
2
1
2
3
0
-1
4
0
0
2
0
3
7
2
1
2
2
1
1
3
5
0
4
0
1
5
0
1
2
1
3
3
1
0
3
1
0
2
2
2
2
2
2
1
4
3
0
3
0
1
4
1
4
2
2
0
1
3
-1
3
3
3
4
3
-1
0
0
0
0
1
3
1
-2
3
1
2
4
4
4
3
2
3
8
2
4
2
2
6
2
2
1
5
2
7
3
3
2
2
3
8
2
3
4
4
5
2
4
8
8
4
4
5
5
5
5
4
2
3
5
7
1
5
5
3
8
7
8
6
7
9
6
6
6
9
9
5
6
7
5
8
7
6
7
6
7
6
5
11
7
10
8
7
8
6
8
8
5
8
6
7
9
9
9
7
7
8
11
8
12
11
10
10
11
9
11
11
13
12
15
12
13
15
14
17
17
16
16
16
18
16
16
19
16
20
14
19
18
18
14
15
16
20
20
14
15
17
23
19
20
22
19
22
25
19
18
19
18
18
22
18
22
21
21
23
21
18
23
19
20
17
18
22
21
18
21
24
25
21
21
23
24
24
23
26
25
23
26
27
27
28
24
30
23
30
27
30
29
31
29
30
31
31
35
33
39
37
42
41
44
40
44
48
46
50
47
49
51
47
47
44
50
48
51
53
51
51
49
50
52
48
47
52
48
50
48
53
53
50
50
53
54
53
52
58
56
55
58
59
61
62
61
64
64
67
68
67
70
70
69
71
70
74
72
69
76
76
80
77
76
76
77
78
79
77
75
78
74
76
76
78
78
81
79
87
85
85
86
87
92
92
94
102
97
100
97
99
102
101
102
105
106
102
104
106
110
109
112
120
119
118
123
126
130
133
132
141
147
147
151
153
152
150
152
153
153
149
149
146
144
137
138
139
135
133
128
131
128
130
125
128
134
130
135
140
145
144
153
160
167
166
175
186
192
195
202
212
221
220
224
232
245
240
247
256
261
260
269
282
282
283
285
294
294
289
287
298
298
297
301
302
304
296
304
300
289
281
280
277
275
265
264
269
270
266
268
272
276
277
281
290
298
303
310
326
332
342
359
375
394
401
419
436
439
435
446
455
452
438
441
446
444
433
431
429
420
414
404
408
400
387
383
382
382
368
373
374
377
375
378
390
400
392
403
418
424
425
432
452
458
458
470
481
495
494
504
521
533
533
539
556
559
557
552
564
557
546
545
541
536
524
521
523
511
496
504
506
495
488
489
500
501
492
497
506
513
499
503
502
504
495
489
496
493
486
482
486
485
468
457
464
448
438
431
430
421
410
400
403
400
387
378
394
394
390
396
407
413
413
413
431
434
437
448
457
474
478
482
504
513
529
538
563
569
571
581
597
601
600
606
623
631
630
636
651
661
650
653
671
672
668
676
683
679
672
668
670
655
640
632
637
625
612
601
609
600
583
589
589
594
586
579
593
594
587
592
619
636
638
661
681
705
709
730
756
776
792
819
844
858
873
889
914
933
937
961
971
983
979
981
1003
1009
1015
1014
1036
1053
1060
1069
1088
1096
1098
1103
1129
1122
1113
1114
1126
1119
1112
1118
1138
1127
1128
1121
1134
1137
1117
1113
1110
1102
1090
1071
1082
1065
1055
1044
1045
1043
1038
1032
1042
1027
1015
1007
1007
1009
1005
994
1010
1011
1012
1027
1035
1040
1039
1049
1070
1085
1083
1098
1139
1156
1176
1201
1241
1270
1283
1307
1337
1359
1379
1407
1457
1476
1496
1523
1570
1593
1608
1642
1669
1673
1680
1687
1704
1712
1722
1728
1749
1764
1763
1767
1770
1754
1735
1721
1724
1701
1681
1671
1650
1613
1587
1558
1541
1516
1486
1458
1455
1429
1407
1388
1372
1354
1347
1348
1351
1348
1342
1338
1346
1352
1339
1342
1345
1356
1351
1351
1375
1379
1365
1372
1396
1402
1408
1419
1436
1445
1456
1468
1496
1506
1500
1497
1512
1503
1503
1498
1517
1513
1509
1517
1532
1529
1517
1522
1515
1514
1506
1490
1499
1482
1473
1468
1486
1477
1470
1469
1491
1479
1472
1464
1465
1456
1431
1405
1408
1376
1356
1334
1328
1317
1293
1279
1278
1271
1228
1213
1204
1193
1176
1159
1163
1151
1138
1129
1157
1164
1167
1185
1223
1239
1253
1263
1298
1323
1315
1331
1347
1337
1338
1325
1332
1318
1319
1311
1338
1333
1318
1331
1325
1327
1322
1322
1332
1332
1345
1341
1357
1368
1376
1376
1403
1417
1401
1395
1391
1363
1339
1300
1276
1229
1202
1174
1157
1126
1109
1096
1087
1080
1060
1052
1061
1066
1044
1055
1068
1080
1077
1087
1103
1111
1117
1118
1125
1119
1101
1088
1088
1067
1036
1023
1016
1003
985
984
994
1002
1008
1025
1063
1075
1100
1114
1146
1161
1165
1178
1190
1189
1188
1191
1205
1217
1201
1209
1218
1215
1209
1202
1221
1217
1219
1226
1255
1274
1274
1290
1320
1332
1351
1378
1412
1441
1441
1453
1471
1474
1467
1454
1462
1446
1434
1434
1436
1431
1411
1400
1416
1419
1417
1432
1454
1467
1460
1467
1487
1494
1523
1543
1574
1602
1625
1648
1673
1687
1691
1712
1730
1725
1723
1729
1731
1728
1720
1710
1706
1689
1691
1666
1664
1653
1641
1637
1638
1642
1632
1648
1667
1667
1663
1666
1656
1655
1649
1629
1633
1628
1615
1618
1640
1626
1641
1634
1663
1668
1670
1686
1709
1714
1735
1751
1768
1800
1812
1826
1854
1849
1878
1881
1886
1895
1891
1896
1891
1884
1875
1872
1868
1855
1858
1853
1855
1858
1869
1879
1904
1904
1936
1942
1941
1941
1953
1931
1933
1924
1935
1935
1938
1928
1936
1921
1918
1887
1875
1850
1841
1808
1762
1737
1704
1678
1635
1596
1577
1539
1505
1466
1441
1393
1353
1324
1319
1300
1274
1261
1258
1267
1262
1265
1290
1318
1335
1362
1416
1455
1484
1510
1547
1573
1587
1598
1620
1641
1644
1649
1691
1694
1700
1699
1711
1716
1698
1705
1687
1673
1657
1631
1621
1602
1586
1563
1557
1542
1533
1507
1507
1501
1481
1472
1479
1473
1465
1453
1456
1451
1453
1453
1472
1481
1496
1496
1527
1539
1544
1564
1576
1591
1573
1579
1576
1555
1535
1526
1517
1497
1470
1458
1454
1420
1388
1372
1361
1338
1325
1309
1306
1292
1288
1281
1295
1294
1292
1299
1320
1323
1318
1326
1344
1343
1348
1344
1370
1376
1371
1375
1395
1394
1387
1390
1394
1393
1379
1363
1366
1352
1326
1327
1332
1314
1312
1301
1295
1306
1286
1282
1294
1284
1259
1254
1254
1230
1211
1205
1214
1217
1227
1242
1274
1284
1300
1309
1342
1365
1370
1388
1417
1443
1448
1465
1490
1503
1518
1533
1561
1570
1573
1585
1606
1604
1599
1599
1597
1601
1585
1569
1572
1565
1549
1536
1535
1509
1488
1479
1477
1448
1437
1425
1419
1419
1408
1393
1418
1420
1412
1432
1444
1462
1471
1482
1497
1501
1506
1509
1531
1535
1535
1535
1551
1543
1526
1500
1485
1451
1420
1393
1372
1349
1315
1318
1320
1309
1313
1317
1341
1363
1376
1387
1422
1435
1453
1471
1491
1503
1517
1540
1566
1596
1596
1617
1644
1640
1650
1655
1683
1688
1682
1709
1745
1755
1767
1791
1807
1811
1817
1830
1856
1851
1847
1857
1870
1869
1886
1894
1907
1927
1930
1928
1930
1944
1930
1936
1933
1953
1969
1973
1994
2002
2009
2019
2009
2005
2014
1991
1985
1979
1966
1955
1950
1943
1947
1946
1934
1938
1937
1915
1903
1898
1897
1888
1881
1874
1852
1834
1824
1827
1808
1810
1811
1796
1776
1776
1761
1755
1730
1725
1717
1707
1706
1706
1718
1720
1715
1702
1685
1665
1634
1612
1588
1555
1523
1500
1502
1496
1501
1508
1529
1534
1545
1567
1590
1594
1603
1618
1639
1650
1669
1683
1703
1708
1701
1679
1665
1633
1606
1575
1559
1534
1499
1472
1459
1424
1380
1351
1326
1294
1262
1237
1227
1209
1201
1197
1214
1216
1224
1237
1278
1294
1333
1352
1385
1413
1425
1455
1498
1521
1555
1578
1640
1669
1701
1735
1775
1801
1811
1845
1867
1878
1887
1902
1914
1912
1926
1927
1937
1936
1931
1929
1910
1907
1887
1866
1859
1817
1789
1767
1742
1704
1683
1662
1638
1615
1551
1513
1485
1451
1426
1399
1383
1368
1364
1359
1375
1366
1352
1356
1370
1371
1377
1392
1397
1418
1414
1419
1433
1428
1417
1397
1392
1390
1361
1342
1343
1328
1311
1304
1312
1308
1306
1299
1297
1307
1304
1301
1311
1345
1361
1393
1433
1472
1501
1533
1573
1595
1615
1624
1631
1619
1596
1587
1581
1542
1522
1509
1488
1490
1453
1418
1418
1387
1357
1340
1338
1326
1298
1289
1309
1311
1315
1336
1368
1391
1410
1445
1481
1486
1495
1507
1528
1531
1532
1530
1537
1530
1514
1524
1513
1504
1488
1468
1454
1431
1403
1380
1379
1368
1341
1348
1340
1343
1336
1345
1367
1383
1391
1406
1435
1464
1468
1481
1515
1531
1554
1576
1608
1634
1654
1681
1703
1720
1734
1752
1770
1784
1791
1799
1809
1819
1814
1825
1830
1831
1841
1838
1843
1829
1829
1836
1827
1832
1818
1822
1809
1813
1784
1781
1775
1772
1769
1763
1777
1789
1791
1809
1809
1819
1827
1823
1839
1845
1863
1864
1877
1884
1880
1894
1892
1904
1900
1901
1880
1871
1872
1848
1839
1827
1819
1799
1815
1801
1799
1808
1814
1801
1803
1807
1817
1811
1811
1803
1815
1812
1809
1808
1801
1807
1808
1816
1831
1840
1859
1882
1890
1908
1928
1941
1969
1994
2034
2056
2067
2096
2151
2189
2157
2185
2238
2252
2217
2210
2296
2319
2243
2236
2345
2368
2241
2275
2397
2407
2288
2311
2427
2391
2279
2310
2383
2319
2205
2208
2229
2166
2090
2059
2041
2007
1975
1965
1968
1956
1963
1972
2003
2027
2049
2098
2167
2208
2199
2230
2346
2373
2272
2270
2448
2489
2354
2381
2502
2520
2374
2387
2554
2524
2386
2347
2368
2212
2084
2034
2006
1961
1943
1915
1913
1907
1912
1904
1920
1915
1931
1953
1978
2013
2053
2085
2141
2172
2162
2174
2240
2235
2173
2165
2205
2162
2075
2021
1986
1914
1877
1831
1792
1737
1693
1646
1606
1581
1549
1537
1517
1513
1532
1547
1569
1596
1634
1672
1694
1738
1775
1787
1814
1835
1843
1849
1850
1839
1830
1813
1790
1749
1717
1670
1622
1560
1526
1486
1448
1430
1428
1435
1438
1454
1486
1510
1526
1575
1612
1666
1699
1755
1809
1849
1871
1903
1919
1932
1933
1940
1938
1935
1924
1903
1897
1869
1870
1843
1837
1805
1773
1758
1727
1709
1691
1676
1687
1683
1692
1699
1708
1711
1712
1712
1728
1723
1704
1700
1690
1702
1691
1702
1720
1730
1733
1758
1772
1778
1791
1807
1823
1846
1852
1864
1889
1911
1909
1915
1928
1946
1958
1969
1990
2011
2007
2024
2019
2030
2034
2052
2040
2066
2095
2100
2078
2088
2108
2090
2064
2048
2063
2031
2002
1976
1957
1917
1886
1854
1839
1809
1794
1767
1749
1724
1698
1686
1662
1643
1624
1620
1613
1605
1607
1597
1578
1559
1553
1537
1514
1500
1498
1476
1465
1455
1458
1457
1456
1456
1478
1505
1525
1544
1583
1607
1612
1646
1680
1696
1713
1732
1747
1764
1783
1792
1811
1811
1824
1826
1833
1835
1841
1843
1845
1836
1823
1812
1798
1791
1766
1747
1728
1721
1683
1672
1650
1636
1604
1597
1577
1554
1517
1482
1457
1418
1386
1362
1362
1349
1346
1339
1350
1354
1344
1334
1328
1312
1290
1260
1252
1219
1188
1170
1166
1153
1144
1135
1145
1146
1129
1124
1115
1094
1074
1059
1062
1054
1039
1040
1046
1051
1055
1045
1065
1067
1064
1066
1074
1072
1045
1047
1050
1050
1023
1024
1040
1044
1060
1088
1132
1151
1164
1196
1244
1264
1283
1315
1356
1390
1410
1451
1505
1556
1586
1621
1656
1683
1690
1710
1714
1727
1728
1724
1749
1741
1743
1735
1742
1736
1739
1722
1733
1718
1707
1693
1685
1678
1665
1656
1655
1637
1622
1588
1572
1541
1514
1482
1483
1486
1483
1500
1523
1544
1553
1573
1599
1616
1637
1657
1689
1706
1718
1752
1793
1813
1842
1862
1862
1881
1858
1831
1776
1722
1660
1602
1561
1526
1483
1484
1477
1477
1480
1485
1512
1554
1562
1570
1601
1620
1627
1652
1686
1707
1733
1754
1780
1799
1786
1793
1766
1748
1736
1729
1720
1716
1701
1694
1677
1679
1657
1665
1681
1688
1677
1656
1651
1639
1629
1632
1648
1660
1677
1698
1727
1737
1752
1755
1770
1797
1824
1844
1879
1896
1927
1954
1977
2012
2052
2076
2079
2092
2125
2119
2087
2098
2131
2120
2086
2095
2118
2112
2077
2083
2110
2096
2058
2052
2038
1993
1975
1969
1954
1958
1960
1957
1979
1984
1976
1976
1967
1988
1995
2026
2050
2083
2064
2093
2134
2158
2127
2158
2208
2230
2170
2168
2224
2216
2148
2148
2202
2157
2112
2106
2106
2070
2015
1994
1969
1933
1892
1871
1856
1838
1812
1786
1761
1747
1729
1710
1669
1647
1635
1606
1570
1529
1512
1478
1448
1410
1373
1321
1267
1222
1180
1114
1057
996
937
882
832
778
748
712
669
652
648
638
621
625
647
656
664
690
735
759
794
821
864
896
923
943
983
1000
1006
1012
1044
1061
1084
1118
1162
1194
1220
1245
1280
1300
1322
1345
1375
1392
1427
1433
1442
1424
1382
1348
1312
1269
1226
1197
1197
1192
1183
1187
1214
1249
1290
1319
1363
1407
1433
1458
1501
1507
1521
1514
1514
1497
1461
1427
1402
1352
1303
1271
1248
1226
1186
1166
1155
1122
1081
1044
1002
951
892
840
801
760
720
686
680
660
639
624
623
616
601
602
613
614
626
650
688
716
742
776
833
872
906
945
1007
1047
1084
1116
1175
1207
1238
1273
1309
1340
1369
1371
1404
1421
1432
1435
1451
1459
1458
1456
1460
1449
1444
1453
1465
1467
1469
1475
1487
1479
1466
1464
1473
1478
1474
1474
1488
1499
1494
1497
1522
1536
1528
1542
1570
1579
1567
1560
1567
1558
1546
1549
1560
1570
1557
1561
1564
1564
1554
1555
1561
1564
1576
1581
1600
1583
1577
1573
1579
1565
1565
1559
1562
1565
1559
1559
1552
1519
1495
1458
1468
1471
1477
1480
1488
1491
1504
1516
1539
1556
1582
1597
1622
1649
1649
1649
1656
1654
1635
1639
1641
1640
1637
1640
1654
1646
1641
1648
1652
1643
1646
1641
1664
1650
1658
1651
1646
1656
1637
1659
1666
1671
1669
1674
1676
1667
1680
1678
1685
1693
1675
1656
1665
1645
1642
1609
1605
1583
1583
1571
1554
1549
1526
1518
1524
1515
1510
1505
1528
1530
1517
1531
1558
1585
1594
1602
1621
1615
1626
1646
1671
1684
1686
1693
1706
1703
1676
1637
1607
1548
1518
1495
1476
1456
1430
1413
1429
1431
1432
1445
1468
1477
1471
1483
1492
1500
1485
1512
1538
1555
1567
1586
1612
1625
1615
1578
1558
1529
1475
1446
1444
1442
1432
1434
1456
1453
1460
1473
1496
1511
1507
1501
1504
1480
1461
1448
1454
1448
1439
1431
1441
1453
1439
1436
1438
1447
1433
1437
1447
1454
1444
1456
1453
1450
1445
1456
1480
1489
1495
1502
1504
1487
1476
1471
1468
1477
1466
1441
1427
1416
1379
1348
1354
1334
1340
1363
1383
1407
1421
1434
1443
1448
1437
1443
1452
1446
1435
1430
1446
1440
1443
1451
1467
1477
1484
1487
1507
1510
1499
1493
1493
1483
1452
1456
1448
1429
1416
1428
1444
1460
1472
1482
1492
1500
1492
1478
1475
1465
1445
1426
1422
1407
1388
1363
1358
1348
1315
1287
1273
1257
1210
1190
1179
1150
1124
1116
1119
1103
1092
1090
1104
1101
1087
1097
1102
1101
1108
1122
1137
1147
1153
1165
1199
1208
1210
1201
1200
1212
1207
1194
1201
1192
1162
1153
1144
1135
1108
1091
1092
1089
1074
1067
1069
1081
1074
1068
1091
1101
1095
1103
1138
1135
1137
1136
1141
1149
1137
1128
1147
1138
1120
1112
1123
1107
1098
1093
1104
1098
1081
1075
1075
1072
1059
1046
1044
1035
1008
994
1005
981
971
950
946
948
931
925
939
940
918
919
931
933
928
927
943
951
939
947
959
971
947
954
959
941
923
916
919
902
887
887
893
890
871
861
864
857
838
839
851
838
822
821
834
833
831
822
838
840
829
836
836
819
799
794
802
795
780
771
785
771
764
766
770
761
747
748
748
746
735
731
752
759
747
751
764
753
739
735
754
753
752
755
775
769
759
757
769
764
749
751
757
758
746
744
747
733
708
700
707
694
675
669
668
662
646
646
655
654
646
641
641
636
623
620
628
623
618
623
636
634
627
628
639
639
627
629
633
630
620
624
632
629
622
615
622
619
603
599
606
610
590
593
600
607
592
581
588
578
570
583
598
604
597
598
609
610
600
610
618
615
611
601
606
599
585
580
584
577
570
555
566
558
541
534
548
538
526
526
542
537
530
537
548
545
543
554
571
561
548
539
549
554
555
564
580
583
582
590
596
602
590
593
594
592
586
579
589
592
580
578
586
581
562
561
576
565
546
535
533
519
510
503
516
510
504
495
503
492
472
458
453
438
422
420
420
413
399
403
411
417
414
419
444
443
429
434
450
444
434
436
449
454
453
459
478
484
480
486
500
501
501
496
508
502
489
488
496
493
483
486
503
503
490
493
508
505
499
498
515
512
511
517
539
539
541
549
537
278
-8
-7
-6
-7
-6
-5
-6
-6
449
443
-7
-9
-5
-6
-6

