;UFOS3
;Measurement details: channel = Z, date = 11.09.2015, time = 15:43:56
Exposure=1100
Gain=0
Temperature=30.2
Accummulate=4
8.235816610367284 mu
9.80257628368397 amas
5.304 hs
0 ozone
125578 uva
14571 uvb
11650 uve
[Value]
-7
272
270
271
270
271
271
272
318
312
418
419
306
313
451
426
332
327
447
449
312
343
463
438
331
326
460
451
348
345
472
449
348
346
430
452
338
333
450
452
333
332
431
429
330
345
467
476
359
358
455
462
327
345
470
472
323
332
464
468
333
360
457
464
342
338
450
444
326
338
442
475
341
366
463
455
322
339
457
435
338
349
470
469
320
340
452
470
335
343
446
449
325
336
483
448
330
334
433
474
348
334
450
450
333
367
462
452
330
347
473
455
336
345
471
455
347
332
455
463
318
336
463
458
326
355
447
441
317
350
451
466
320
341
468
450
316
337
460
460
342
326
471
462
327
351
460
469
334
350
528
471
328
330
454
452
325
340
466
478
331
344
470
469
344
361
477
466
331
340
448
474
333
351
445
482
329
344
467
457
323
347
464
454
342
345
450
420
342
335
468
464
327
354
480
469
347
335
456
454
331
344
454
456
332
339
462
464
327
351
460
460
345
346
467
456
334
330
464
451
332
346
464
469
326
345
472
447
344
349
473
463
340
346
453
464
359
346
455
446
327
328
462
454
331
347
475
441
335
328
464
437
347
337
463
465
340
357
467
439
336
340
475
447
328
330
459
454
325
339
451
463
315
351
461
468
344
318
470
459
338
349
487
452
345
334
482
436
338
329
473
459
322
334
470
476
323
342
462
460
310
328
451
454
337
340
473
463
354
345
461
460
321
340
490
449
365
348
484
452
340
343
452
483
324
332
485
478
349
334
462
478
335
327
456
459
332
330
443
464
325
353
453
474
340
361
459
469
331
356
473
454
342
338
464
457
342
342
467
450
332
351
455
440
330
350
463
460
342
320
458
474
338
348
467
451
335
353
490
466
330
338
450
466
339
347
479
473
334
348
492
459
331
329
465
469
349
353
476
481
341
332
469
455
349
358
480
449
320
362
461
471
344
364
446
475
348
334
457
469
334
348
451
486
338
330
457
462
326
342
461
448
322
332
458
475
327
344
467
473
346
333
464
470
333
333
470
480
330
350
453
493
335
341
458
452
335
359
473
468
338
337
481
452
327
329
465
456
334
329
435
458
341
353
480
450
343
352
454
461
341
329
468
486
311
348
476
484
321
375
468
492
320
359
464
463
339
326
465
458
338
342
464
461
325
335
455
481
318
354
483
475
339
338
480
443
342
338
468
461
332
337
458
450
333
344
472
460
349
340
488
456
339
351
471
471
335
349
450
439
357
341
452
470
340
347
461
474
320
340
467
455
345
341
454
449
333
340
472
456
364
350
482
487
336
350
470
480
347
343
490
455
337
350
485
464
339
337
478
476
337
337
472
466
340
337
467
448
333
349
473
455
333
356
444
478
318
346
460
476
319
352
472
451
350
345
468
497
317
339
490
455
342
344
475
481
349
349
476
451
338
364
518
483
348
337
461
471
359
364
492
440
315
333
460
459
331
336
475
490
332
368
459
453
328
342
455
476
354
352
499
461
343
358
473
459
343
334
461
493
319
345
476
464
323
349
446
477
347
358
486
475
323
348
459
469
319
348
478
475
346
356
462
470
334
349
469
485
356
360
463
463
345
349
466
487
356
363
465
462
347
342
485
476
334
348
475
470
340
360
499
463
352
346
483
472
335
358
480
483
338
341
477
458
344
342
469
460
332
370
477
468
344
369
487
447
337
350
452
466
359
338
468
454
334
344
490
475
339
358
481
476
337
354
499
503
357
367
488
463
369
340
471
464
354
355
457
469
348
346
505
461
347
369
471
481
359
364
475
478
345
365
468
493
361
366
462
464
342
365
483
496
339
374
491
489
342
362
495
477
353
352
492
498
344
353
483
489
359
364
467
502
361
367
487
460
352
356
481
504
356
378
506
468
358
370
494
511
367
363
494
513
355
385
500
506
378
370
503
489
381
354
468
515
369
365
505
477
378
384
493
492
349
363
499
482
376
385
495
498
356
379
502
509
362
385
532
500
382
370
507
519
381
398
522
500
363
381
514
498
376
402
518
518
378
404
507
500
387
383
506
488
408
389
534
513
387
409
518
505
387
417
531
504
417
398
538
521
379
407
525
522
416
421
516
526
389
411
537
534
395
418
536
512
422
414
545
568
428
432
563
568
423
425
563
564
447
426
535
533
400
420
560
543
437
418
547
536
419
428
538
548
424
405
579
539
431
416
602
560
421
444
579
577
458
485
584
618
501
500
603
630
457
503
602
616
495
507
632
627
503
519
660
640
503
503
633
642
517
549
680
646
512
661
649
640
491
504
634
618
489
485
620
634
484
506
612
620
499
516
671
647
535
519
687
665
554
566
709
708
585
603
744
743
618
630
781
751
607
645
745
729
608
623
722
712
613
596
716
748
573
581
704
705
560
595
700
698
560
577
712
756
569
579
718
721
598
593
782
754
609
652
784
766
652
664
800
841
672
683
822
824
692
707
828
820
684
680
820
804
676
678
792
791
654
683
803
798
658
661
812
782
651
654
803
815
675
654
801
782
639
664
788
785
646
651
785
770
646
630
773
732
605
610
746
748
603
595
734
750
569
608
725
701
598
589
739
733
600
626
757
742
635
659
761
780
646
651
846
810
693
705
855
867
723
739
889
877
759
755
893
914
781
788
901
940
769
798
942
934
788
812
915
934
790
803
934
896
760
769
895
865
757
734
867
862
713
728
844
860
715
727
871
861
720
749
889
892
767
775
924
927
795
835
984
966
867
911
1031
1060
930
941
1093
1115
999
988
1142
1154
1013
1002
1182
1170
1052
1051
1188
1221
1087
1092
1228
1236
1102
1119
1254
1246
1113
1146
1275
1271
1148
1105
1264
1248
1108
1122
1271
1261
1111
1113
1246
1246
1078
1117
1232
1190
1064
1070
1191
1194
1035
1053
1181
1171
1031
1020
1174
1159
1022
1018
1159
1164
1041
1047
1196
1194
1044
1055
1237
1223
1080
1110
1276
1277
1164
1184
1355
1365
1237
1276
1426
1426
1306
1332
1517
1506
1421
1426
1600
1617
1496
1532
1669
1675
1548
1573
1714
1693
1583
1603
1727
1729
1608
1629
1742
1721
1579
1571
1717
1699
1548
1538
1653
1613
1463
1441
1571
1551
1373
1371
1495
1496
1322
1302
1441
1426
1278
1310
1437
1441
1269
1292
1453
1411
1268
1303
1411
1407
1280
1301
1453
1410
1282
1305
1473
1457
1340
1345
1481
1492
1365
1393
1535
1536
1405
1424
1535
1553
1414
1417
1571
1564
1419
1452
1600
1609
1423
1421
1559
1555
1415
1409
1597
1554
1406
1416
1579
1545
1446
1411
1546
1550
1391
1396
1529
1524
1353
1378
1502
1452
1328
1326
1454
1419
1262
1249
1421
1371
1229
1226
1330
1335
1188
1166
1311
1279
1137
1163
1301
1289
1170
1205
1353
1355
1227
1268
1414
1417
1280
1296
1447
1448
1323
1286
1453
1422
1282
1303
1463
1433
1307
1315
1451
1448
1290
1324
1434
1461
1310
1338
1478
1486
1354
1360
1489
1491
1346
1364
1473
1471
1322
1300
1428
1360
1212
1203
1320
1286
1153
1163
1297
1253
1100
1120
1237
1242
1116
1106
1231
1268
1133
1150
1283
1268
1137
1141
1295
1275
1142
1144
1257
1240
1085
1089
1209
1189
1046
1047
1193
1194
1065
1079
1267
1232
1126
1170
1297
1308
1184
1216
1341
1347
1190
1224
1334
1371
1215
1217
1355
1356
1210
1237
1365
1356
1217
1264
1390
1406
1256
1271
1477
1431
1325
1357
1528
1549
1400
1410
1565
1562
1409
1429
1556
1528
1392
1402
1509
1521
1391
1372
1513
1510
1371
1401
1569
1544
1415
1429
1571
1564
1443
1497
1622
1646
1548
1570
1715
1715
1568
1606
1748
1767
1579
1614
1767
1758
1586
1585
1741
1710
1568
1565
1714
1689
1528
1553
1705
1679
1527
1563
1686
1681
1567
1559
1696
1688
1549
1558
1686
1658
1530
1541
1703
1682
1547
1566
1702
1721
1576
1590
1760
1734
1609
1666
1820
1797
1670
1682
1870
1848
1721
1725
1888
1865
1734
1743
1891
1872
1751
1747
1876
1847
1704
1713
1849
1854
1712
1741
1914
1904
1779
1777
1910
1916
1802
1772
1903
1903
1770
1774
1945
1933
1748
1771
1899
1887
1720
1704
1844
1808
1647
1643
1760
1697
1521
1535
1664
1636
1442
1409
1539
1500
1311
1307
1442
1433
1286
1270
1404
1396
1254
1280
1438
1419
1313
1363
1551
1556
1434
1452
1625
1640
1507
1535
1700
1691
1546
1584
1742
1725
1594
1598
1757
1739
1617
1616
1756
1720
1558
1543
1693
1645
1523
1496
1674
1611
1456
1460
1596
1560
1452
1456
1585
1568
1543
1441
1575
1579
1387
1453
1590
1582
1444
1470
1625
1579
1474
1490
1673
1670
1483
1499
1650
1634
1469
1479
1592
1572
1430
1438
1584
1541
1374
1349
1493
1459
1300
1314
1462
1431
1298
1286
1462
1419
1313
1317
1476
1467
1312
1352
1474
1493
1327
1360
1504
1497
1339
1374
1529
1516
1355
1383
1518
1517
1350
1360
1486
1457
1327
1317
1463
1452
1310
1311
1448
1449
1285
1285
1460
1471
1274
1260
1416
1391
1243
1234
1385
1382
1263
1264
1428
1416
1307
1316
1488
1477
1365
1387
1540
1547
1403
1431
1594
1596
1476
1490
1652
1649
1494
1532
1682
1661
1518
1547
1661
1645
1502
1513
1658
1651
1498
1506
1605
1587
1439
1429
1568
1558
1394
1412
1551
1523
1386
1370
1516
1517
1397
1391
1570
1541
1412
1442
1586
1588
1469
1461
1624
1616
1467
1510
1649
1616
1479
1461
1578
1560
1383
1376
1509
1476
1325
1341
1465
1440
1299
1337
1484
1497
1338
1359
1539
1549
1421
1421
1577
1604
1458
1490
1635
1660
1557
1550
1691
1691
1581
1580
1722
1729
1593
1625
1764
1773
1651
1692
1833
1811
1683
1702
1847
1851
1740
1731
1886
1860
1747
1762
1903
1909
1778
1798
1933
1909
1790
1785
1930
1926
1802
1835
1963
1975
1829
1855
2006
1998
1837
1831
1967
1957
1813
1829
1956
1932
1802
1796
1928
1926
1774
1800
1921
1901
1753
1768
1889
1871
1725
1722
1878
1829
1710
1698
1844
1797
1682
1677
1775
1778
1623
1626
1767
1743
1599
1605
1781
1740
1615
1617
1749
1720
1562
1542
1657
1627
1464
1474
1601
1581
1456
1467
1618
1615
1509
1523
1660
1683
1524
1541
1707
1699
1585
1583
1760
1745
1608
1598
1729
1691
1538
1529
1637
1616
1471
1457
1582
1539
1378
1359
1472
1462
1292
1254
1415
1356
1220
1233
1419
1395
1281
1288
1434
1436
1315
1362
1504
1494
1407
1431
1612
1612
1522
1530
1709
1711
1614
1651
1805
1795
1684
1723
1884
1856
1750
1762
1907
1890
1786
1792
1953
1941
1779
1783
1969
1886
1751
1754
1860
1834
1671
1672
1794
1756
1602
1585
1706
1661
1503
1466
1592
1542
1394
1386
1530
1514
1363
1356
1529
1500
1344
1371
1514
1503
1374
1398
1523
1535
1388
1410
1539
1513
1390
1382
1491
1498
1371
1339
1488
1473
1317
1319
1487
1440
1289
1327
1486
1442
1300
1316
1481
1469
1348
1389
1573
1566
1472
1488
1670
1682
1538
1554
1697
1682
1537
1548
1683
1645
1463
1483
1604
1571
1408
1422
1539
1515
1351
1340
1460
1467
1320
1305
1455
1443
1310
1351
1502
1513
1392
1417
1575
1574
1457
1475
1616
1615
1482
1493
1620
1646
1481
1489
1626
1609
1461
1440
1588
1526
1405
1375
1513
1518
1331
1373
1499
1472
1350
1381
1506
1491
1376
1392
1562
1564
1431
1478
1613
1608
1480
1531
1705
1707
1601
1605
1754
1778
1646
1672
1820
1815
1690
1707
1836
1842
1689
1698
1863
1868
1729
1738
1858
1868
1734
1723
1881
1879
1726
1714
1841
1894
1675
1704
1832
1793
1683
1712
1839
1822
1668
1700
1829
1868
1695
1715
1870
1874
1747
1743
1938
1909
1951
1792
1934
1890
1774
1771
1901
1906
1729
1736
1875
1848
1695
1718
1840
1851
1682
1701
1855
1833
1693
1701
1860
1849
1684
1692
1885
1846
1681
1700
1856
1851
1704
1708
1900
1862
1733
1751
1912
1948
1781
1831
1974
1978
1851
1919
2084
2081
1940
1989
2151
2164
2040
2045
2181
2214
2087
2088
2214
2240
2109
2100
2280
2256
2148
2151
2302
2273
2129
2158
2269
2208
2042
2085
2195
2142
1958
1954
2082
2070
1879
1873
2013
1971
1809
1839
1967
1971
1859
1880
2099
2081
1973
2032
2197
2219
2111
2153
2317
2366
2232
2237
2391
2394
2270
2259
2373
2361
2153
2142
2230
2181
1985
1974
2069
2047
1843
1818
1959
1921
1807
1792
1947
1923
1776
1812
1955
1951
1842
1867
2054
2083
1945
1986
2157
2159
2028
2030
2167
2155
1984
1938
2076
1999
1833
1790
1898
1853
1697
1663
1758
1725
1575
1518
1664
1623
1501
1501
1646
1641
1494
1549
1713
1763
1640
1669
1827
1825
1726
1730
1892
1876
1730
1723
1868
1838
1676
1661
1803
1741
1539
1513
1642
1588
1464
1430
1564
1564
1426
1442
1601
1600
1477
1539
1695
1763
1639
1691
1861
1878
1734
1799
1921
1944
1794
1819
1973
1935
1803
1820
1926
1908
1739
1725
1891
1854
1683
1662
1769
1752
1601
1622
1766
1751
1604
1624
1759
1787
1632
1650
1785
1802
1628
1635
1772
1758
1627
1623
1795
1789
1636
1675
1818
1821
1690
1705
1878
1874
1732
1763
1906
1927
1818
1821
1965
1970
1851
1871
1980
2004
1876
1889
2002
2014
1874
1927
2052
2036
1917
1939
2083
2064
1919
1937
2073
2029
1881
1886
2027
1978
1814
1794
1906
1909
1726
1708
1842
1843
1648
1657
1795
1765
1601
1580
1715
1704
1533
1566
1717
1670
1530
1527
1654
1635
1472
1485
1595
1576
1452
1455
1592
1559
1460
1463
1651
1604
1490
1511
1676
1705
1729
1581
1749
1727
1635
1646
1801
1812
1697
1711
1851
1857
1708
1729
1885
1874
1727
1747
1898
1870
1723
1721
1859
1829
1683
1670
1778
1757
1629
1628
1719
1707
1559
1530
1685
1654
1486
1471
1605
1528
1397
1373
1515
1476
1351
1374
1498
1482
1347
1363
1483
1474
1314
1292
1424
1398
1240
1208
1393
1344
1207
1222
1348
1334
1192
1196
1346
1288
1148
1138
1285
1279
1101
1144
1295
1249
1154
1133
1271
1252
1146
1152
1293
1250
1124
1134
1268
1247
1112
1123
1263
1277
1128
1171
1365
1331
1245
1245
1435
1402
1301
1347
1525
1522
1403
1450
1631
1632
1536
1567
1743
1732
1612
1635
1806
1777
1648
1668
1818
1803
1660
1661
1834
1802
1683
1658
1805
1784
1627
1626
1763
1735
1602
1604
1769
1719
1550
1548
1663
1617
1475
1485
1596
1589
1459
1496
1643
1625
1512
1547
1695
1720
1593
1601
1761
1762
1654
1675
1835
1846
1746
1761
1915
1926
1748
1734
1845
1791
1592
1551
1690
1619
1453
1487
1607
1609
1452
1470
1661
1627
1529
1530
1700
1696
1564
1595
1799
1791
1661
1717
1839
1831
1696
1728
1817
1798
1695
1672
1801
1791
1636
1623
1778
1763
1616
1638
1759
1744
1638
1625
1759
1718
1586
1570
1729
1748
1623
1651
1794
1801
1668
1690
1858
1885
1720
1760
1944
1941
1813
1859
2016
1998
1905
1932
2114
2093
1974
1963
2091
2083
1950
1950
2119
2087
1949
1953
2106
2068
1939
1929
2093
2017
1883
1870
2008
2014
1859
1859
2010
1937
1851
1845
2008
1984
1852
1872
2029
2026
1895
1930
2110
2103
1986
2012
2160
2150
2035
2036
2185
2194
2032
2017
2180
2144
1971
1993
2133
2079
1928
1919
2034
2009
1849
1834
1950
1876
1774
1742
1885
1843
1693
1677
1816
1770
1613
1601
1723
1685
1549
1509
1628
1611
1444
1410
1552
1489
1316
1268
1358
1336
1127
1089
1197
1140
969
929
1066
1002
863
855
961
989
809
842
977
992
848
889
1071
1045
938
983
1145
1172
1037
1064
1253
1231
1124
1129
1295
1273
1200
1191
1385
1403
1280
1306
1481
1458
1361
1389
1561
1555
1439
1451
1590
1569
1384
1375
1491
1426
1253
1270
1396
1351
1235
1264
1421
1438
1321
1349
1517
1555
1434
1442
1642
1635
1495
1508
1634
1627
1447
1438
1555
1533
1342
1317
1460
1432
1246
1250
1350
1338
1156
1145
1259
1197
1032
994
1103
1067
874
859
995
984
832
824
962
960
817
813
963
946
834
836
1016
1027
907
949
1131
1144
1054
1081
1280
1305
1174
1205
1379
1398
1282
1347
1492
1491
1403
1411
1577
1553
1439
1453
1608
1588
1479
1468
1606
1597
1441
1456
1617
1597
1466
1493
1607
1598
1462
1476
1632
1625
1466
1477
1641
1626
1513
1481
1652
1640
1507
1546
1687
1680
1527
1557
1691
1663
1515
1552
1672
1682
1533
1544
1712
1672
1550
1552
1690
1673
1569
1569
1712
1716
1558
1549
1710
1703
1528
1538
1694
1709
1524
1525
1676
1641
1484
1465
1628
1596
1465
1477
1636
1629
1498
1522
1688
1685
1565
1568
1749
1740
1610
1615
1775
1754
1614
1616
1773
1731
1624
1627
1766
1771
1595
1612
1794
1747
1610
1597
1785
1773
1647
1633
1778
1739
1608
1622
1774
1766
1607
1654
1796
1765
1629
1650
1822
1769
1645
1613
1800
1733
1598
1617
1737
1666
1556
1582
1705
1675
1513
1535
1680
1648
1501
1537
1652
1645
1507
1546
1722
1721
1568
1597
1730
1742
1596
1610
1827
1761
1645
1693
1841
1782
1633
1594
1708
1692
1494
1497
1641
1588
1448
1435
1596
1616
1432
1463
1644
1630
1497
1477
1670
1610
1499
1519
1685
1701
1569
1577
1763
1742
1580
1557
1690
1651
1492
1448
1611
1571
1455
1445
1653
1585
1473
1478
1659
1655
1503
1498
1657
1602
1451
1455
1633
1599
1438
1458
1632
1579
1477
1456
1582
1597
1445
1458
1627
1600
1452
1476
1613
1594
1450
1464
1633
1661
1486
1504
1694
1628
1482
1492
1637
1625
1467
1461
1600
1572
1405
1402
1549
1525
1391
1405
1574
1561
1439
1434
1628
1592
1452
1452
1627
1623
1440
1465
1641
1579
1443
1475
1633
1640
1501
1491
1684
1608
1506
1484
1656
1608
1461
1459
1613
1582
1434
1442
1620
1613
1474
1514
1659
1642
1512
1485
1653
1599
1443
1456
1606
1579
1401
1398
1564
1522
1372
1333
1515
1446
1265
1260
1418
1390
1214
1230
1382
1312
1176
1202
1359
1325
1183
1200
1359
1338
1205
1219
1379
1370
1233
1257
1425
1415
1291
1291
1410
1411
1256
1286
1425
1394
1238
1251
1382
1367
1195
1180
1350
1325
1157
1166
1359
1324
1165
1175
1362
1338
1170
1198
1385
1337
1204
1229
1385
1345
1229
1232
1383
1367
1209
1194
1368
1326
1187
1190
1354
1346
1176
1175
1346
1354
1175
1160
1321
1298
1131
1099
1305
1259
1109
1090
1239
1205
1049
1068
1253
1200
1051
1050
1272
1192
1069
1086
1237
1250
1104
1071
1246
1237
1073
1073
1242
1213
1070
1036
1202
1194
1045
1041
1192
1157
1016
1007
1186
1141
991
988
1148
1120
962
990
1144
1156
989
970
1170
1145
983
996
1156
1145
956
961
1128
1100
966
951
1127
1106
928
926
1125
1084
937
923
1107
1083
916
912
1094
1087
924
953
1118
1083
894
932
1094
1070
921
940
1150
1097
924
941
1107
1069
938
948
1104
1082
914
906
1099
1054
882
895
1078
1015
857
877
1042
1014
849
857
1012
988
843
850
1020
994
821
839
992
987
840
825
1008
982
827
843
1005
972
821
839
1016
953
845
830
1012
989
809
841
995
960
808
814
998
961
790
805
989
935
799
811
980
922
776
788
986
950
810
823
987
975
815
828
989
972
827
812
984
970
791
795
951
930
807
790
950
906
767
765
935
909
734
748
934
917
773
771
923
919
758
766
950
919
783
747
925
917
787
804
960
927
795
808
974
969
801
825
960
953
791
806
946
926
798
803
957
940
773
782
947
933
771
758
926
884
733
758
913
888
737
715
875
882
710
708
860
820
688
669
841
805
655
657
843
820
671
659
851
835
664
698
866
839
689
689
875
863
717
708
874
894
716
730
882
871
730
732
899
902
735
727
888
875
708
710
899
875
738
721
929
878
727
746
895
873
740
731
913
903
772
777
944
702
271
270
271
270
271
271
270
272
677
703
271
272
271
-7
-7

