;UFOS3
;Measurement details: channel = S, date = 12.09.2015, time = 04:24:12
Exposure=1100
Gain=0
Temperature=24.0
Accummulate=4
6.468256573013649 mu
7.0075565799077735 amas
7.659 hs
0 ozone
116421 uva
12466 uvb
10055 uve
[Value]
-5
248
249
250
248
248
249
249
278
271
366
364
267
272
377
374
285
279
372
393
269
291
407
383
283
283
412
401
295
292
412
389
295
292
386
389
287
286
396
395
285
288
384
383
286
292
411
416
301
300
400
402
280
292
414
409
279
286
403
408
285
301
403
406
289
289
401
390
282
289
384
413
288
305
400
401
278
288
397
385
289
294
415
399
280
291
399
411
289
292
396
399
280
289
412
392
287
286
387
407
293
287
396
399
285
304
408
398
283
291
414
393
288
293
406
401
294
285
395
404
278
287
408
402
283
297
394
388
278
296
399
410
277
291
399
397
277
290
401
400
291
282
413
411
283
298
405
412
285
296
439
411
283
286
401
396
283
292
410
415
284
292
406
402
294
303
416
409
285
290
401
417
285
295
392
419
284
293
409
401
282
293
408
399
294
295
386
378
290
288
403
409
282
298
413
410
294
288
398
401
284
291
399
397
283
289
401
404
284
295
397
399
294
292
408
401
287
285
401
397
287
292
398
411
284
294
407
396
292
292
414
398
289
291
394
405
302
293
403
391
285
282
390
400
285
294
413
390
287
283
404
390
293
289
399
406
288
298
417
391
284
290
408
394
283
284
407
398
281
290
396
395
275
297
403
408
294
276
412
400
289
295
423
399
291
288
418
388
290
284
412
399
281
288
410
401
279
290
408
406
273
282
399
400
287
290
415
406
296
292
404
403
281
289
421
389
304
293
420
395
290
293
401
421
281
285
421
413
292
287
397
409
288
284
401
400
285
284
399
397
281
297
399
412
289
299
404
415
285
300
415
399
292
290
390
396
294
290
399
393
285
299
403
389
283
295
390
404
288
279
406
408
286
295
406
397
286
297
420
409
283
287
396
398
289
293
412
415
288
295
426
400
282
285
403
412
295
299
418
417
290
285
407
404
296
300
416
397
277
303
407
409
290
303
396
412
296
285
403
408
285
294
397
414
288
283
380
406
281
293
407
397
279
284
398
417
282
293
407
405
294
283
415
400
285
288
408
418
283
296
404
425
286
291
399
397
287
302
413
410
289
289
404
394
282
283
410
390
286
284
388
400
291
296
409
394
289
298
395
405
291
284
399
421
274
294
409
419
280
309
413
411
279
299
398
399
291
283
397
405
291
290
408
401
279
287
388
412
278
299
419
419
291
289
409
397
290
290
408
405
285
289
401
403
286
292
411
409
294
287
421
400
288
295
406
404
288
296
400
393
301
289
397
401
289
294
405
414
279
292
399
398
294
291
399
394
286
289
420
402
304
295
416
426
287
295
393
420
293
292
422
400
288
294
414
401
290
289
413
414
287
288
413
413
289
290
408
396
287
299
396
403
286
300
392
416
278
293
406
416
281
298
407
390
297
294
410
420
275
291
425
409
289
292
414
415
297
294
412
396
287
303
434
417
296
289
407
414
303
302
427
389
276
286
399
397
283
288
413
426
285
304
408
402
282
292
393
411
298
298
430
408
290
301
414
406
291
286
411
422
279
293
418
403
279
297
403
416
295
301
411
402
279
295
403
405
277
293
415
412
292
299
410
404
285
293
415
422
297
299
405
393
293
293
410
414
298
302
396
409
294
290
425
412
286
294
402
409
290
299
430
398
297
294
390
411
286
298
416
419
288
292
414
402
291
290
398
394
284
307
419
409
290
305
420
386
286
293
392
402
297
286
406
398
285
290
407
407
289
299
411
406
287
298
413
423
296
305
417
405
306
293
412
403
297
298
401
408
294
293
439
402
295
308
412
415
304
306
414
412
294
309
414
424
305
307
403
401
292
308
425
426
290
311
421
413
292
304
422
414
296
299
428
431
294
298
425
416
300
301
414
426
300
303
404
392
293
296
414
413
296
309
425
400
297
303
418
431
305
299
423
433
295
309
421
423
310
305
420
409
314
298
411
436
311
308
440
414
317
322
430
428
300
308
431
423
318
320
440
435
307
316
418
441
307
321
457
435
315
311
434
439
314
324
441
421
304
315
444
423
314
327
446
439
319
333
442
432
323
322
438
425
337
328
458
441
327
336
444
439
322
342
445
440
345
335
467
442
318
335
450
446
338
338
441
440
324
334
444
451
326
341
443
438
340
336
450
470
345
347
471
466
340
344
474
466
359
349
454
458
338
350
469
471
366
352
476
464
364
367
485
484
367
359
504
480
374
365
522
493
363
376
494
489
373
389
496
501
386
380
472
493
349
369
467
480
361
369
486
479
362
377
497
483
368
372
492
508
390
408
529
517
402
454
533
540
406
419
539
539
423
425
555
558
432
450
542
559
451
456
585
579
463
452
587
578
465
463
583
583
462
461
586
581
451
458
593
572
440
456
562
557
442
454
562
554
463
461
581
610
463
481
597
609
486
519
642
638
521
536
659
697
537
545
674
661
545
542
690
663
531
547
669
643
532
533
638
667
512
511
626
629
505
513
623
631
505
505
637
634
523
525
647
643
529
557
683
674
560
569
710
696
575
588
727
736
616
605
747
739
606
624
737
743
620
615
734
733
610
600
734
703
586
588
697
722
592
587
722
723
576
601
717
701
594
586
717
710
583
593
702
699
584
591
681
691
562
560
712
674
550
547
658
676
532
534
666
634
527
527
644
653
537
543
662
672
533
551
666
687
549
573
674
694
581
598
724
717
607
623
758
743
640
642
775
777
649
662
760
795
676
677
816
805
688
703
827
818
710
707
820
818
694
702
821
801
683
698
798
794
667
658
786
777
658
643
777
777
644
634
786
759
658
654
789
814
686
695
825
840
721
742
876
896
781
811
950
960
853
841
995
996
873
895
1041
1051
917
920
1064
1082
940
970
1105
1080
976
986
1105
1123
987
1006
1135
1138
1004
1005
1139
1126
1005
1002
1124
1147
1007
1012
1145
1130
997
994
1130
1113
975
975
1098
1091
962
964
1099
1092
951
956
1077
1056
930
928
1070
1038
929
931
1065
1066
934
952
1078
1076
960
980
1112
1114
1001
1018
1156
1165
1052
1080
1215
1224
1122
1135
1281
1305
1197
1221
1367
1367
1275
1289
1452
1458
1335
1359
1511
1513
1388
1384
1547
1543
1418
1445
1565
1580
1436
1444
1593
1553
1414
1432
1531
1526
1388
1382
1515
1458
1317
1317
1448
1413
1276
1262
1378
1349
1211
1214
1323
1316
1186
1188
1275
1302
1172
1176
1308
1306
1175
1190
1311
1342
1177
1185
1309
1309
1202
1207
1371
1354
1228
1236
1394
1378
1287
1271
1412
1407
1273
1281
1408
1421
1282
1301
1442
1413
1303
1319
1439
1428
1298
1296
1435
1421
1278
1273
1368
1383
1256
1235
1376
1361
1232
1247
1365
1363
1239
1257
1365
1351
1221
1223
1330
1320
1177
1179
1297
1293
1165
1136
1279
1247
1102
1119
1253
1218
1094
1093
1224
1213
1073
1091
1182
1231
1102
1124
1254
1280
1154
1163
1290
1301
1173
1184
1301
1315
1186
1180
1319
1292
1177
1190
1316
1289
1190
1199
1325
1306
1188
1194
1315
1326
1205
1208
1328
1359
1225
1244
1374
1361
1231
1230
1333
1315
1186
1172
1291
1263
1103
1094
1218
1179
1048
1035
1150
1149
1007
1009
1152
1118
1004
1022
1130
1145
1021
1043
1163
1177
1022
1051
1153
1177
1015
1009
1128
1116
972
977
1099
1081
945
970
1095
1102
965
991
1164
1140
1038
1056
1216
1209
1087
1104
1230
1241
1115
1144
1246
1257
1143
1154
1266
1288
1167
1157
1291
1276
1161
1176
1325
1310
1188
1216
1340
1353
1243
1270
1397
1406
1311
1312
1441
1437
1295
1307
1438
1448
1289
1299
1438
1429
1273
1290
1432
1418
1297
1297
1450
1441
1313
1343
1491
1500
1365
1398
1536
1553
1446
1460
1602
1612
1504
1521
1644
1629
1515
1523
1666
1649
1520
1517
1640
1648
1494
1495
1624
1585
1470
1484
1621
1596
1467
1471
1625
1603
1472
1477
1606
1594
1458
1450
1601
1584
1465
1471
1593
1594
1465
1475
1606
1619
1496
1515
1660
1664
1555
1556
1680
1708
1617
1610
1734
1740
1643
1657
1811
1798
1644
1670
1796
1795
1654
1638
1789
1774
1635
1660
1795
1778
1644
1673
1807
1819
1684
1689
1809
1817
1674
1686
1837
1825
1700
1684
1822
1801
1667
1670
1786
1764
1638
1626
1733
1698
1557
1531
1646
1631
1466
1456
1571
1526
1371
1346
1470
1423
1279
1254
1386
1342
1233
1231
1368
1345
1207
1226
1370
1383
1297
1303
1480
1493
1377
1407
1555
1553
1472
1484
1614
1631
1643
1539
1670
1676
1526
1566
1689
1684
1554
1551
1668
1635
1506
1497
1631
1608
1444
1443
1568
1550
1398
1396
1506
1489
1356
1366
1477
1476
1334
1332
1486
1472
1336
1346
1498
1489
1383
1393
1565
1533
1432
1441
1588
1580
1441
1452
1571
1574
1415
1430
1550
1538
1377
1381
1496
1481
1324
1329
1448
1430
1277
1272
1396
1371
1246
1246
1390
1367
1252
1254
1391
1395
1255
1258
1428
1424
1283
1280
1424
1427
1295
1300
1438
1436
1317
1306
1429
1419
1290
1289
1422
1398
1270
1269
1394
1381
1238
1245
1373
1372
1240
1229
1368
1355
1195
1201
1339
1310
1177
1194
1319
1311
1196
1213
1351
1371
1253
1283
1401
1411
1292
1315
1458
1485
1350
1385
1534
1533
1419
1426
1571
1575
1460
1462
1622
1588
1458
1472
1596
1591
1469
1452
1562
1572
1423
1436
1568
1525
1391
1371
1498
1489
1327
1337
1472
1449
1315
1335
1463
1445
1324
1350
1489
1496
1346
1367
1530
1519
1397
1397
1528
1538
1384
1399
1505
1510
1380
1360
1470
1442
1320
1301
1414
1401
1265
1264
1380
1383
1267
1283
1427
1424
1306
1320
1474
1482
1381
1385
1533
1546
1447
1471
1617
1645
1525
1546
1677
1677
1561
1580
1709
1707
1610
1623
1726
1760
1635
1656
1797
1801
1669
1667
1818
1814
1693
1715
1850
1843
1730
1730
1854
1875
1740
1761
1885
1882
1769
1779
1898
1892
1755
1755
1876
1839
1718
1699
1825
1803
1675
1674
1775
1793
1655
1666
1796
1801
1672
1676
1830
1804
1697
1705
1855
1849
1719
1732
1858
1853
1721
1744
1869
1885
1772
1777
1927
1907
1793
1799
1909
1893
1757
1732
1852
1843
1706
1684
1800
1784
1635
1619
1736
1688
1547
1524
1622
1603
1470
1461
1593
1579
1439
1456
1577
1619
1479
1486
1637
1624
1507
1526
1705
1685
1573
1569
1699
1676
1540
1543
1651
1606
1487
1461
1589
1550
1422
1388
1508
1455
1318
1303
1415
1369
1218
1217
1341
1300
1198
1197
1340
1326
1225
1242
1409
1419
1293
1320
1472
1474
1380
1416
1571
1587
1483
1525
1698
1685
1592
1620
1764
1780
1676
1688
1834
1825
1723
1732
1868
1864
1741
1736
1902
1884
1740
1753
1881
1848
1715
1721
1815
1811
1650
1629
1721
1684
1545
1526
1590
1605
1463
1425
1556
1525
1365
1355
1502
1463
1313
1337
1464
1456
1324
1332
1466
1457
1335
1357
1493
1480
1369
1355
1524
1498
1359
1359
1482
1470
1327
1333
1478
1447
1286
1300
1416
1415
1282
1303
1432
1408
1287
1305
1438
1458
1350
1367
1515
1549
1434
1477
1608
1629
1507
1513
1657
1631
1503
1495
1609
1603
1456
1448
1543
1545
1390
1379
1504
1482
1338
1322
1449
1405
1300
1291
1419
1447
1298
1339
1480
1474
1379
1402
1527
1540
1429
1429
1581
1571
1441
1459
1575
1556
1423
1432
1574
1540
1408
1392
1506
1491
1355
1349
1473
1450
1311
1312
1437
1445
1302
1307
1474
1485
1358
1381
1535
1541
1429
1437
1592
1609
1506
1519
1652
1705
1567
1595
1748
1726
1636
1667
1790
1787
1653
1678
1803
1833
1682
1688
1817
1840
1699
1695
1865
1838
1821
1716
1847
1825
1694
1692
1797
1821
1671
1670
1803
1794
1657
1672
1810
1819
1672
1687
1821
1830
1701
1707
1865
1863
1715
1734
1902
1864
1736
1743
1875
1869
1713
1706
1837
1812
1664
1664
1807
1809
1645
1665
1788
1778
1647
1673
1821
1809
1674
1690
1813
1822
1705
1695
1811
1830
1705
1714
1841
1848
1729
1730
1916
1894
1787
1791
1956
1948
1838
1864
2021
1988
1887
1932
2077
2087
1944
1985
2140
2165
2023
2032
2199
2177
2055
2086
2211
2198
2106
2117
2283
2248
2126
2148
2227
2233
2105
2104
2217
2198
2047
2017
2115
2100
1949
1935
2040
2031
1855
1842
1947
1925
1801
1821
1972
1977
1852
1889
2023
2064
1986
2023
2196
2213
2124
2163
2316
2329
2237
2251
2387
2400
2255
2248
2363
2311
2169
2133
2217
2180
1997
1951
2056
2000
1847
1830
1950
1920
1797
1782
1917
1897
1785
1776
1935
1935
1848
1873
2033
2035
1914
1956
2099
2120
1992
1999
2125
2059
1927
1901
2012
1934
1781
1745
1826
1789
1628
1602
1720
1686
1500
1485
1635
1597
1477
1477
1605
1611
1506
1521
1690
1687
1586
1622
1749
1804
1667
1691
1823
1805
1664
1693
1778
1769
1619
1594
1708
1646
1501
1481
1564
1552
1387
1370
1530
1508
1377
1391
1531
1541
1455
1495
1661
1680
1581
1629
1790
1811
1704
1730
1864
1901
1753
1760
1894
1861
1739
1727
1852
1839
1684
1673
1797
1763
1622
1601
1730
1697
1554
1539
1660
1679
1563
1562
1694
1678
1569
1572
1685
1686
1551
1558
1674
1668
1553
1579
1717
1702
1590
1597
1760
1742
1628
1653
1804
1792
1681
1698
1865
1841
1727
1746
1883
1904
1767
1779
1923
1934
1803
1829
1974
1972
1838
1838
1963
1982
1848
1867
2015
1983
1850
1853
1963
1943
1805
1789
1898
1868
1742
1712
1827
1782
1662
1638
1775
1720
1571
1559
1681
1663
1607
1497
1623
1581
1472
1457
1586
1567
1434
1431
1548
1514
1385
1386
1520
1491
1356
1352
1506
1479
1361
1367
1517
1521
1413
1435
1584
1582
1484
1510
1640
1644
1534
1550
1705
1710
1590
1603
1748
1727
1632
1630
1760
1737
1618
1633
1752
1733
1600
1604
1714
1697
1560
1533
1659
1632
1497
1467
1626
1566
1435
1437
1532
1505
1353
1343
1465
1415
1271
1261
1387
1387
1237
1267
1380
1358
1253
1222
1335
1317
1192
1175
1297
1237
1123
1125
1247
1212
1094
1098
1241
1211
1070
1080
1223
1162
1061
1038
1171
1136
1020
1024
1168
1160
1017
1039
1176
1152
1029
1039
1160
1144
1022
1024
1161
1133
1016
1027
1164
1168
1048
1062
1241
1242
1138
1144
1295
1309
1206
1233
1388
1389
1307
1343
1514
1525
1410
1440
1583
1587
1485
1503
1638
1626
1506
1525
1648
1627
1508
1531
1655
1645
1520
1508
1628
1615
1480
1477
1596
1588
1459
1448
1580
1566
1407
1386
1503
1453
1293
1275
1406
1381
1242
1278
1391
1396
1272
1299
1467
1451
1354
1369
1537
1557
1449
1477
1675
1684
1554
1584
1706
1691
1548
1560
1663
1619
1509
1474
1584
1574
1435
1426
1576
1569
1453
1464
1595
1583
1485
1479
1618
1606
1472
1474
1611
1630
1515
1528
1654
1645
1517
1514
1649
1622
1475
1482
1624
1584
1454
1461
1587
1554
1437
1442
1600
1559
1443
1425
1555
1526
1413
1403
1579
1567
1443
1461
1622
1599
1502
1510
1676
1649
1554
1572
1720
1767
1652
1666
1831
1795
1708
1726
1886
1859
1751
1749
1893
1877
1742
1747
1907
1873
1749
1752
1854
1843
1720
1702
1804
1816
1681
1638
1806
1767
1617
1630
1792
1747
1630
1641
1779
1788
1663
1672
1808
1800
1722
1725
1878
1865
1761
1774
1930
1916
1797
1811
1943
1915
1817
1794
1929
1920
1774
1765
1899
1870
1716
1686
1786
1782
1621
1598
1719
1680
1550
1522
1656
1615
1490
1483
1590
1594
1419
1418
1515
1497
1336
1329
1461
1394
1254
1228
1320
1268
1091
1049
1170
1078
924
884
964
925
791
745
889
866
713
708
837
820
707
723
861
869
753
765
921
911
781
802
941
933
803
826
961
945
847
884
1010
1064
951
988
1149
1195
1085
1108
1288
1300
1183
1213
1358
1369
1247
1264
1404
1414
1270
1275
1444
1445
1304
1332
1456
1460
1320
1340
1488
1467
1343
1343
1465
1469
1328
1320
1470
1455
1311
1309
1429
1412
1270
1247
1369
1325
1186
1151
1285
1248
1089
1072
1200
1151
992
957
1070
1042
852
822
921
893
741
742
859
825
711
700
822
800
681
690
831
824
723
732
888
901
777
811
979
988
898
934
1088
1108
999
1034
1194
1199
1092
1110
1267
1270
1162
1156
1315
1308
1198
1224
1374
1363
1234
1260
1396
1374
1250
1272
1392
1398
1254
1267
1404
1391
1279
1286
1420
1412
1301
1303
1434
1453
1308
1312
1445
1461
1314
1327
1470
1472
1305
1311
1435
1411
1276
1256
1400
1377
1256
1269
1395
1404
1273
1282
1424
1434
1315
1306
1471
1452
1316
1310
1471
1429
1315
1315
1454
1412
1305
1310
1444
1432
1286
1291
1459
1405
1288
1280
1412
1425
1320
1324
1468
1460
1335
1347
1489
1497
1345
1379
1508
1482
1355
1361
1519
1476
1365
1345
1518
1485
1354
1361
1491
1448
1350
1380
1507
1484
1348
1364
1510
1488
1358
1376
1496
1499
1363
1377
1527
1520
1369
1382
1477
1503
1352
1351
1519
1455
1323
1335
1478
1421
1286
1261
1390
1382
1233
1237
1385
1351
1217
1211
1385
1379
1230
1268
1430
1436
1307
1309
1490
1442
1341
1351
1499
1509
1385
1380
1528
1498
1338
1303
1412
1366
1208
1175
1321
1305
1179
1177
1346
1312
1201
1213
1365
1361
1234
1231
1387
1375
1250
1262
1435
1432
1293
1315
1476
1451
1346
1333
1439
1441
1290
1294
1429
1405
1259
1268
1394
1376
1253
1263
1397
1411
1255
1252
1409
1360
1204
1198
1330
1320
1180
1180
1314
1314
1166
1171
1306
1289
1177
1185
1342
1321
1200
1192
1356
1337
1213
1224
1391
1383
1228
1243
1399
1370
1221
1240
1386
1361
1233
1214
1353
1298
1187
1164
1312
1276
1161
1164
1306
1299
1168
1177
1324
1314
1182
1208
1343
1325
1217
1218
1370
1358
1226
1248
1410
1391
1250
1256
1396
1396
1265
1256
1432
1376
1254
1262
1398
1395
1260
1276
1425
1383
1256
1276
1405
1377
1241
1238
1361
1341
1202
1192
1298
1311
1157
1150
1284
1253
1125
1093
1204
1176
1021
1017
1130
1103
957
951
1070
1070
910
898
1038
1014
882
893
1056
1032
915
930
1089
1083
953
992
1153
1137
1019
1045
1191
1177
1066
1073
1201
1204
1070
1067
1215
1204
1070
1077
1221
1224
1065
1070
1206
1229
1068
1060
1200
1195
1048
1027
1211
1178
1034
1021
1160
1148
993
1008
1155
1118
983
985
1138
1098
987
992
1108
1133
988
963
1101
1086
946
938
1082
1052
918
891
1034
1019
895
890
1031
1002
878
879
1047
1002
871
874
997
998
867
882
1020
1029
897
890
1058
1041
890
898
1020
1014
866
866
1013
992
857
850
998
987
829
834
977
963
829
813
970
949
802
792
945
946
807
824
971
949
781
803
941
924
784
789
963
931
773
783
922
904
773
781
926
896
759
760
909
882
752
760
918
881
761
779
943
916
772
784
926
898
780
783
898
925
763
773
918
891
770
756
910
885
751
752
901
865
726
731
880
838
724
713
850
838
690
713
848
833
693
693
873
822
675
681
819
794
680
686
835
804
670
676
831
807
677
690
828
818
683
693
824
826
684
677
821
800
663
667
796
788
676
666
820
788
666
665
818
801
653
662
811
791
671
668
820
805
665
670
824
801
661
640
773
738
646
654
786
751
639
638
787
775
628
635
764
756
615
627
734
750
634
639
764
776
633
641
780
772
640
629
768
755
611
634
774
755
622
607
760
745
601
599
750
697
582
579
735
696
580
577
750
725
594
596
760
756
601
620
754
749
613
608
760
753
624
612
739
765
609
611
746
732
599
592
732
725
588
585
713
718
573
578
721
717
592
585
750
718
595
605
743
730
610
612
764
765
644
654
801
604
248
249
249
248
249
249
249
247
580
598
249
249
249
-5
-5

