;UFOS3
;Measurement details: channel = S-D, date = 12.09.2015, time = 04:24:29
Exposure=1100
Gain=0
Temperature=23.9
Accummulate=4
6.446426419166688 mu
6.97816572625531 amas
7.694 hs
315 ozone
86656 uva
337 uvb
88 uve
[Value]
-6
-7
-6
-4
-8
-7
-5
-6
-2
-6
-5
-3
-6
-4
-4
-6
-5
-6
-8
-2
-8
0
0
0
-1
2
2
0
-1
0
-2
-4
-1
1
0
-1
-3
1
0
0
-1
0
1
2
1
2
-1
2
-1
1
-4
2
-2
0
0
0
1
3
0
-2
0
-2
1
-1
-2
-2
-3
0
-1
-1
1
3
-4
0
1
1
-2
0
0
0
-1
0
0
-2
0
2
-1
2
0
1
0
2
1
-1
1
1
2
0
-1
-2
1
-1
1
1
1
1
-1
0
-3
-4
-1
-1
-1
-1
0
-1
-1
2
2
0
1
0
1
-1
0
-2
-1
2
0
1
0
-1
-3
-1
0
0
0
2
-1
0
0
1
0
1
2
1
1
0
-2
0
0
1
-1
1
-1
3
1
2
-1
3
-1
1
1
2
-1
2
1
0
0
1
1
3
-2
1
-2
2
0
1
2
0
1
-1
0
1
-1
1
0
3
0
1
-1
3
-1
0
0
2
0
0
0
3
-1
1
2
0
-3
-1
1
2
0
-1
0
0
1
-1
1
-1
0
0
1
0
0
0
-2
1
1
-1
-2
0
-2
-2
-1
2
-3
-1
1
1
-1
1
0
-1
1
-1
-1
1
3
0
-3
-1
-1
3
1
-1
-1
0
-1
-2
-2
-1
0
1
-3
-1
-2
0
-2
0
0
-1
1
1
0
-2
-1
1
-3
2
0
0
0
-1
0
-1
0
-2
-1
0
-1
1
-2
2
2
-2
-1
0
2
-1
1
-1
1
2
0
-1
-1
0
0
0
-2
1
-3
-1
-3
-1
-1
2
-1
-2
-1
-2
0
-2
-2
3
-1
0
1
-2
-2
-1
-3
1
0
3
1
0
-1
0
-1
-1
2
-3
0
-2
1
0
-1
-4
2
0
1
0
0
0
1
-1
-1
-2
2
0
3
0
1
1
2
1
0
-2
-1
-1
-2
1
-1
-1
-2
0
0
1
1
-1
-2
1
-2
-3
-2
-1
0
0
-3
0
1
0
-2
0
-1
0
1
1
1
0
1
0
2
0
-2
4
0
-2
1
-2
-1
1
-1
1
-3
1
-1
-1
0
-2
0
-2
1
-1
-4
1
-2
0
-2
2
-4
3
0
1
-1
-2
3
-1
0
-1
-1
1
0
-1
1
-1
0
4
1
0
0
0
0
-2
1
2
-1
-2
-1
1
1
0
0
3
0
0
-1
-2
2
1
1
2
-2
-1
1
1
1
1
-2
1
-2
-3
1
0
1
0
-1
-1
-1
0
0
-1
2
0
1
0
0
1
1
3
1
-2
1
1
2
-1
0
-1
-2
-3
1
2
0
2
2
3
-2
1
0
3
0
0
2
1
0
3
-1
-1
4
0
0
-1
3
-3
0
-1
-2
2
2
1
0
2
0
1
3
1
-1
1
-1
3
-1
3
2
4
1
0
0
0
1
-1
4
0
1
-2
-2
0
-1
-1
0
3
0
1
2
1
2
-1
0
0
0
3
1
-2
-1
0
3
0
-1
1
3
1
2
5
-2
0
1
1
1
2
1
1
-1
4
2
3
2
1
-1
0
2
1
0
2
3
3
0
2
2
2
2
0
1
2
0
0
0
5
3
1
0
-2
2
2
1
2
2
3
1
3
0
1
-1
4
0
-1
1
0
0
2
3
0
2
4
3
2
2
2
3
3
-1
1
1
3
3
4
5
-1
1
3
1
3
3
1
1
0
3
2
4
2
0
-1
1
1
2
3
0
5
1
3
2
3
0
-1
2
3
3
1
4
1
1
3
3
4
3
2
-1
2
4
2
2
4
1
1
2
2
2
2
4
1
3
2
2
5
4
4
4
2
2
2
4
5
5
5
4
3
2
3
2
3
2
2
6
5
3
7
5
6
4
4
2
5
6
5
4
5
5
7
7
6
6
4
7
7
7
8
7
6
7
8
5
7
7
7
7
8
10
7
11
9
10
10
7
8
8
11
11
9
11
10
6
9
9
12
12
10
7
9
10
11
9
11
9
11
9
13
11
12
11
10
14
12
10
7
12
12
11
11
10
10
10
12
11
10
11
11
12
14
12
12
12
13
15
11
14
13
13
10
14
14
16
16
16
19
17
17
17
18
21
20
22
21
22
23
23
25
24
20
24
25
25
25
26
28
25
24
24
27
25
27
26
24
25
26
24
26
25
24
27
23
25
25
27
27
29
27
29
30
31
30
33
33
32
31
36
33
36
37
37
39
38
35
41
38
36
41
40
40
43
44
44
42
37
41
39
40
42
39
42
41
44
40
42
43
44
46
48
44
48
49
54
54
52
52
54
58
52
55
56
59
56
58
59
60
59
60
64
64
65
62
67
66
71
70
73
74
76
75
81
81
82
81
87
88
84
84
87
83
82
86
85
85
80
75
77
77
73
71
74
72
71
73
75
75
73
81
79
85
81
87
93
97
102
103
109
110
114
122
126
129
126
128
136
142
137
140
148
150
147
155
160
161
166
163
167
169
167
166
173
171
172
170
172
174
173
169
173
170
160
159
162
160
154
153
158
156
154
156
160
156
162
165
175
181
177
185
194
201
201
212
227
232
238
242
252
260
255
257
261
260
257
258
261
257
248
247
251
245
240
238
233
236
224
221
224
221
213
214
218
222
219
218
230
228
231
232
240
247
245
254
266
269
272
279
287
292
289
301
311
314
321
318
328
330
326
329
335
333
330
323
325
323
317
309
313
308
303
298
297
302
297
295
299
298
294
298
305
303
300
296
306
300
297
291
295
292
290
288
289
289
277
274
282
270
260
255
258
255
243
238
245
237
230
234
237
238
242
243
251
250
250
251
259
269
265
272
278
292
296
298
312
317
324
328
345
347
344
354
368
370
369
371
380
387
389
383
401
401
402
402
412
413
415
414
420
422
414
408
410
403
397
392
389
384
376
367
372
370
362
357
361
357
353
349
362
361
362
361
378
391
393
402
419
434
435
447
471
490
491
506
529
542
550
555
582
591
589
601
623
635
627
626
654
663
656
664
680
687
687
686
698
706
702
706
723
721
713
712
727
716
715
709
725
726
711
717
719
723
711
701
710
705
688
682
691
684
672
667
672
677
665
656
663
656
647
641
653
644
633
638
656
656
643
653
664
669
670
680
691
701
709
717
742
761
764
777
806
822
833
843
877
891
902
924
951
963
983
1000
1032
1042
1052
1069
1096
1095
1100
1097
1128
1134
1129
1140
1154
1155
1148
1143
1155
1144
1129
1125
1127
1117
1097
1084
1091
1063
1034
1027
1021
1004
982
968
969
945
923
918
919
907
898
892
893
897
884
884
896
894
889
887
899
911
894
897
910
914
916
917
936
938
938
943
964
967
973
976
999
991
988
992
1000
1007
997
999
1017
1009
1010
1016
1012
1021
1012
1009
1014
1006
982
974
975
966
960
945
957
959
946
944
957
955
952
954
959
940
939
921
924
907
894
890
893
877
866
847
857
839
820
820
825
815
797
793
798
798
785
789
800
809
811
819
841
858
860
868
885
889
892
892
901
903
891
883
900
891
886
889
902
891
894
891
903
901
902
895
913
911
907
914
924
944
929
939
958
952
942
939
940
912
895
871
865
843
814
794
791
771
760
744
745
735
716
715
725
717
716
718
733
736
732
741
749
758
736
749
747
747
724
717
715
706
683
676
681
670
660
666
680
686
683
699
727
739
747
761
789
796
796
811
823
831
828
840
845
854
852
856
868
870
869
858
877
876
875
878
901
900
896
914
934
944
958
966
994
999
1015
1011
1032
1027
1014
1012
1027
1019
1004
1007
1015
1007
990
998
1003
1006
1007
1005
1021
1032
1030
1045
1065
1077
1081
1098
1132
1146
1156
1167
1192
1202
1214
1220
1228
1233
1225
1230
1242
1229
1228
1219
1227
1221
1206
1199
1204
1184
1182
1174
1191
1191
1181
1185
1195
1186
1183
1187
1199
1191
1170
1156
1182
1180
1170
1165
1177
1181
1177
1182
1195
1208
1215
1220
1245
1243
1263
1262
1282
1298
1315
1316
1340
1343
1352
1360
1384
1369
1364
1372
1382
1380
1368
1348
1372
1364
1347
1356
1374
1374
1363
1372
1389
1396
1394
1398
1410
1402
1393
1395
1416
1407
1406
1390
1405
1401
1382
1372
1376
1364
1352
1325
1322
1288
1267
1240
1222
1211
1178
1155
1147
1114
1084
1046
1040
1007
989
961
965
940
931
930
938
925
920
935
964
979
999
1012
1053
1080
1094
1113
1143
1160
1172
1182
1204
1213
1231
1232
1248
1249
1245
1256
1268
1263
1261
1248
1251
1235
1222
1205
1209
1187
1163
1152
1155
1133
1110
1094
1095
1080
1065
1057
1068
1058
1040
1038
1057
1057
1052
1049
1080
1080
1088
1099
1130
1133
1135
1139
1169
1166
1153
1142
1157
1147
1131
1125
1129
1120
1094
1080
1086
1062
1038
1027
1022
1010
988
974
976
963
955
955
965
961
958
955
972
976
969
964
997
995
990
989
1010
1011
1000
1008
1023
1021
1016
1010
1021
1011
999
994
1000
989
976
968
975
969
952
951
955
955
947
933
945
934
910
906
919
902
892
891
909
910
911
915
947
954
959
975
990
1006
1008
1023
1057
1066
1065
1085
1109
1120
1128
1136
1163
1165
1169
1173
1193
1188
1176
1177
1185
1182
1171
1159
1166
1156
1139
1128
1132
1121
1098
1072
1078
1064
1042
1041
1039
1036
1022
1026
1040
1037
1038
1049
1068
1075
1066
1078
1102
1102
1107
1106
1119
1119
1099
1103
1100
1098
1080
1061
1065
1035
1023
1009
1005
995
974
969
978
986
978
985
1010
1025
1022
1031
1065
1075
1083
1091
1123
1144
1156
1176
1208
1229
1241
1243
1268
1275
1267
1286
1298
1306
1321
1322
1336
1350
1352
1358
1372
1380
1382
1374
1403
1411
1399
1412
1426
1429
1436
1433
1446
1455
1452
1459
1467
1472
1480
1474
1483
1484
1466
1458
1457
1442
1422
1401
1403
1398
1377
1377
1382
1383
1368
1371
1381
1387
1386
1388
1406
1408
1410
1411
1426
1435
1426
1436
1442
1443
1437
1446
1468
1475
1477
1485
1511
1502
1495
1498
1494
1470
1466
1445
1447
1436
1415
1396
1389
1376
1345
1323
1321
1279
1254
1225
1211
1196
1170
1159
1168
1158
1149
1157
1170
1185
1182
1195
1220
1221
1223
1234
1270
1268
1265
1264
1283
1268
1258
1243
1234
1216
1195
1164
1168
1143
1123
1091
1088
1062
1028
1004
996
965
938
929
928
910
910
904
928
933
934
946
985
1005
1008
1030
1061
1081
1092
1119
1160
1182
1194
1225
1263
1278
1301
1326
1358
1381
1386
1399
1416
1430
1434
1436
1441
1448
1445
1444
1472
1461
1449
1448
1451
1437
1421
1419
1401
1391
1362
1331
1317
1290
1258
1236
1215
1195
1161
1135
1125
1104
1074
1060
1073
1046
1032
1037
1042
1041
1035
1039
1045
1048
1049
1062
1067
1075
1075
1062
1092
1080
1073
1066
1071
1059
1038
1033
1039
1029
1005
1003
1006
1009
999
1002
1012
1001
1003
1007
1029
1047
1052
1072
1112
1139
1149
1175
1193
1215
1218
1223
1242
1229
1215
1199
1195
1187
1167
1148
1136
1119
1100
1081
1076
1066
1042
1029
1020
1007
1000
997
1006
1014
1010
1032
1057
1068
1083
1094
1123
1136
1140
1138
1156
1161
1155
1152
1159
1155
1144
1135
1143
1125
1110
1092
1089
1073
1066
1048
1043
1035
1017
1014
1027
1030
1019
1024
1053
1060
1064
1079
1113
1119
1126
1145
1168
1188
1203
1218
1245
1276
1282
1292
1318
1329
1342
1352
1369
1375
1370
1385
1395
1411
1395
1398
1404
1417
1410
1404
1420
1417
1415
1411
1414
1417
1404
1397
1403
1396
1387
1373
1387
1390
1372
1371
1388
1397
1389
1396
1410
1417
1414
1413
1443
1447
1432
1446
1460
1456
1453
1450
1455
1450
1422
1411
1407
1403
1375
1377
1383
1379
1357
1358
1370
1370
1365
1372
1393
1394
1394
1397
1406
1418
1407
1395
1418
1407
1406
1415
1434
1428
1436
1441
1481
1479
1488
1500
1525
1537
1549
1553
1591
1596
1605
1628
1652
1675
1664
1692
1719
1734
1731
1729
1762
1771
1772
1787
1798
1805
1818
1819
1842
1842
1841
1847
1844
1827
1819
1808
1800
1779
1754
1728
1709
1698
1656
1637
1617
1599
1573
1544
1542
1533
1515
1516
1545
1552
1560
1591
1631
1659
1688
1727
1769
1798
1839
1856
1897
1928
1947
1957
1978
1981
1973
1954
1945
1908
1878
1838
1796
1759
1708
1664
1640
1593
1559
1536
1530
1506
1503
1478
1487
1485
1484
1483
1512
1527
1549
1572
1604
1631
1635
1660
1684
1701
1696
1696
1700
1660
1630
1604
1581
1533
1495
1455
1423
1392
1346
1309
1293
1264
1221
1194
1201
1192
1174
1180
1187
1204
1216
1228
1268
1284
1306
1326
1347
1376
1371
1391
1404
1396
1381
1392
1378
1362
1335
1297
1282
1242
1205
1166
1150
1126
1103
1080
1092
1088
1085
1095
1126
1144
1165
1195
1246
1271
1295
1336
1374
1394
1414
1431
1459
1474
1462
1461
1470
1458
1449
1433
1431
1421
1401
1375
1373
1352
1332
1306
1305
1290
1270
1244
1268
1265
1257
1256
1264
1267
1265
1260
1274
1271
1257
1261
1269
1269
1263
1275
1294
1302
1305
1302
1334
1342
1344
1358
1382
1387
1398
1404
1433
1444
1439
1447
1463
1482
1480
1489
1513
1519
1517
1535
1538
1550
1545
1545
1562
1569
1568
1566
1578
1578
1562
1557
1554
1537
1518
1490
1482
1469
1447
1414
1404
1386
1362
1341
1334
1312
1280
1265
1263
1243
1226
1206
1209
1190
1185
1169
1170
1158
1140
1136
1137
1116
1099
1091
1096
1075
1070
1061
1077
1075
1074
1070
1102
1109
1120
1138
1160
1186
1187
1206
1231
1244
1245
1264
1292
1299
1300
1304
1320
1334
1337
1334
1342
1346
1331
1328
1337
1329
1315
1303
1305
1285
1265
1241
1245
1218
1204
1184
1186
1167
1141
1132
1113
1102
1066
1044
1032
1013
979
969
977
970
955
965
965
958
951
929
938
925
900
880
882
861
839
829
825
822
806
803
820
803
789
784
789
770
760
743
755
743
732
727
745
748
732
742
756
754
744
745
748
752
735
733
735
736
727
726
745
755
761
770
809
823
833
848
881
902
920
938
977
986
1016
1046
1084
1114
1125
1147
1174
1191
1197
1200
1227
1222
1220
1223
1230
1230
1221
1233
1237
1234
1222
1213
1215
1212
1191
1182
1194
1183
1167
1155
1159
1147
1119
1094
1078
1044
1005
987
985
972
960
971
983
982
985
1003
1033
1054
1063
1081
1121
1152
1164
1185
1238
1261
1264
1274
1297
1286
1261
1257
1245
1215
1203
1173
1163
1159
1145
1138
1153
1157
1159
1160
1175
1182
1179
1175
1188
1194
1179
1188
1210
1216
1221
1230
1238
1232
1228
1214
1223
1208
1190
1186
1188
1174
1166
1160
1165
1158
1151
1148
1169
1154
1142
1133
1133
1127
1125
1116
1143
1158
1154
1164
1192
1196
1212
1219
1243
1253
1262
1276
1314
1343
1353
1359
1397
1407
1417
1437
1458
1460
1457
1451
1468
1466
1459
1458
1472
1462
1449
1451
1446
1432
1425
1410
1408
1393
1386
1355
1370
1351
1336
1333
1355
1347
1341
1346
1361
1369
1365
1375
1391
1405
1421
1432
1454
1460
1468
1480
1517
1514
1507
1519
1528
1525
1514
1498
1510
1508
1478
1473
1473
1448
1419
1394
1381
1359
1334
1309
1294
1276
1257
1230
1232
1222
1194
1178
1178
1160
1134
1113
1104
1080
1044
1028
1020
988
961
927
900
857
805
756
728
673
627
583
552
520
483
454
455
438
417
409
406
410
408
419
430
445
458
466
493
498
496
508
526
531
520
529
545
552
557
581
606
643
662
696
739
779
798
822
863
882
893
911
944
955
957
965
985
983
976
978
1010
1020
1014
1028
1041
1051
1030
1043
1056
1055
1043
1042
1049
1050
1042
1030
1047
1034
1017
1010
1001
990
971
946
940
913
886
859
852
828
796
773
761
729
693
659
637
601
559
526
503
478
452
439
431
419
408
398
403
393
388
392
407
409
422
432
461
479
492
518
559
580
606
638
671
693
710
735
775
789
802
816
840
854
861
867
899
908
910
920
951
955
947
959
970
965
961
969
983
978
965
970
990
983
975
987
997
999
1001
1001
1014
1022
1015
1018
1033
1032
1024
1030
1042
1040
1018
1020
1017
1000
984
961
972
970
968
972
981
987
981
981
999
1015
1017
1015
1040
1038
1026
1016
1033
1018
1017
1011
1023
1017
1007
1001
1016
1010
1000
995
1011
1004
993
989
1007
1007
1016
1020
1037
1051
1045
1050
1070
1076
1062
1072
1070
1069
1062
1056
1077
1071
1062
1056
1081
1073
1064
1053
1064
1054
1056
1067
1070
1071
1055
1059
1066
1071
1065
1061
1079
1086
1071
1069
1090
1091
1078
1076
1086
1072
1062
1060
1064
1053
1028
1020
1031
1020
991
972
975
957
945
937
945
935
921
915
943
953
943
970
1000
1008
1007
1018
1043
1046
1041
1055
1082
1088
1083
1078
1085
1076
1048
1013
984
950
907
881
886
888
884
882
896
902
905
916
938
947
940
941
957
964
964
972
1000
1013
1007
1018
1038
1042
1040
1037
1033
1027
998
994
1005
988
972
964
972
970
966
971
979
981
966
955
959
936
910
899
898
896
888
881
890
886
873
869
875
876
873
885
906
910
909
904
927
922
918
932
956
957
939
941
950
947
937
942
947
936
933
921
920
901
890
876
883
876
870
871
887
883
876
881
891
892
890
901
914
917
915
922
935
942
944
949
964
973
960
958
971
980
965
961
976
973
965
968
974
975
965
968
983
976
965
972
977
955
945
939
935
922
906
891
886
883
863
851
850
837
822
789
781
760
739
714
709
690
666
649
647
642
619
607
615
608
596
597
615
622
627
632
655
673
669
694
716
734
735
746
766
772
768
775
781
786
776
772
784
785
778
783
798
791
774
774
784
781
766
761
769
771
753
738
758
745
733
719
728
728
708
710
714
707
689
689
699
690
689
684
691
688
676
669
679
672
652
645
642
633
621
603
607
597
593
587
599
597
586
586
593
588
580
581
584
589
581
584
598
602
600
601
619
616
600
601
596
588
577
570
567
565
552
549
554
557
541
541
548
539
527
516
524
517
506
500
517
524
517
515
523
516
497
503
508
497
493
490
509
500
483
481
485
487
474
474
483
483
468
471
480
481
466
461
475
477
472
476
487
488
476
482
492
492
487
484
488
482
471
469
479
482
467
463
475
474
462
452
455
450
437
433
440
427
419
417
422
417
403
408
412
415
402
396
403
396
388
386
393
391
388
386
396
386
386
387
394
390
385
390
399
392
387
392
393
397
386
382
386
382
373
369
380
375
371
366
382
374
373
370
378
376
368
368
376
376
369
370
379
382
380
380
385
375
360
351
348
344
346
348
356
353
346
337
346
342
332
326
331
330
323
327
333
339
339
337
344
345
347
348
351
356
346
335
333
330
322
328
330
335
327
321
331
319
308
300
304
288
287
286
294
290
286
283
298
300
300
311
330
326
316
319
324
323
316
313
323
322
321
311
321
319
315
313
320
314
307
298
303
293
291
291
296
298
286
286
300
297
297
293
303
302
300
304
313
314
317
325
338
339
346
359
365
181
-7
-5
-6
-6
-7
-6
-5
-9
297
299
-5
-5
-6
-6
-6

