;UFOS3
;Measurement details: channel = D, date = 12.09.2015, time = 04:34:12
Exposure=1100
Gain=0
Temperature=23.9
Accummulate=4
5.768460216744411 mu
6.107051730929324 amas
8.903 hs
0 ozone
29318 uva
11944 uvb
9814 uve
[Value]
-4
250
249
248
251
249
249
249
276
271
365
364
269
272
377
373
285
280
375
393
272
287
401
379
279
276
402
397
289
286
409
386
290
290
381
385
284
281
389
391
280
283
378
376
280
287
407
408
297
295
394
395
277
288
409
403
274
279
398
401
280
297
396
402
286
284
397
384
278
285
380
405
285
300
394
393
274
286
393
380
285
289
410
397
275
286
394
406
282
288
392
393
277
284
407
384
282
280
382
403
289
283
390
393
281
300
405
389
280
289
410
389
283
288
400
395
288
278
390
400
274
283
401
397
278
293
390
382
272
291
394
402
274
285
395
391
272
281
398
394
286
277
408
404
280
290
401
407
280
288
435
406
278
280
396
391
277
284
404
407
282
289
399
396
288
296
409
404
281
286
395
409
281
290
386
412
279
286
403
397
278
290
403
394
286
290
381
371
284
282
399
404
279
292
407
403
289
282
394
395
279
285
394
390
276
284
393
397
277
291
395
395
288
288
401
396
284
281
395
391
280
288
394
406
278
289
404
391
288
292
408
391
285
289
390
402
297
288
398
386
280
279
385
394
279
288
410
385
283
278
398
384
289
286
394
403
285
293
410
387
283
285
404
389
281
281
404
392
276
284
392
392
272
291
398
402
289
272
407
396
284
290
416
393
288
281
413
382
285
277
405
392
274
282
405
395
274
286
402
399
268
279
395
392
283
285
410
399
293
287
398
398
277
283
417
382
301
288
414
389
286
285
398
415
275
280
419
407
291
282
388
402
281
278
396
394
281
279
393
394
276
292
392
409
283
296
396
408
279
295
408
392
285
283
383
392
288
285
393
387
281
291
396
383
280
291
385
399
284
273
399
403
284
289
398
390
281
292
415
402
281
284
392
394
283
288
410
408
285
289
421
395
280
280
396
408
289
295
413
410
285
280
403
395
290
295
411
395
272
296
403
404
286
299
390
408
291
281
398
403
279
289
396
410
285
276
375
399
278
287
403
391
275
280
392
409
278
288
402
399
288
279
407
398
280
280
403
413
278
291
398
419
281
286
395
392
280
294
404
405
285
281
399
388
276
278
403
384
281
277
381
395
285
290
405
390
286
291
393
398
284
275
393
415
268
289
406
414
274
303
407
404
273
296
393
392
286
276
388
401
284
284
403
396
276
282
382
410
272
292
413
411
285
282
403
391
285
281
404
402
280
284
395
394
281
287
401
401
288
283
413
395
284
290
402
397
282
288
394
385
296
283
390
395
284
286
400
408
274
284
392
390
286
285
393
389
280
284
412
396
298
289
412
419
282
290
388
412
288
287
417
391
283
289
408
392
285
282
409
408
281
283
408
405
284
281
403
390
281
290
390
397
279
295
385
408
269
287
398
407
273
291
400
384
290
288
401
414
271
284
419
399
285
286
404
409
290
288
406
390
281
295
425
407
289
284
402
408
296
295
420
382
271
278
393
391
277
281
405
419
279
301
402
395
276
285
387
403
292
289
422
400
284
296
403
397
285
280
403
414
271
286
410
396
274
289
397
407
287
296
406
396
271
287
393
396
270
286
409
404
286
290
402
394
278
286
407
414
289
293
400
385
286
286
401
406
293
294
388
400
286
284
421
404
279
287
396
400
282
291
421
389
289
286
380
403
279
290
406
407
279
283
405
396
285
283
388
384
276
296
409
399
281
296
411
379
276
282
382
393
289
276
394
387
273
280
400
397
278
289
401
397
276
285
401
410
287
291
405
392
294
279
399
391
284
286
390
393
284
280
426
388
283
295
395
400
288
292
401
398
282
291
399
410
289
289
392
387
279
292
408
411
276
294
407
398
277
287
408
397
281
285
410
416
279
282
406
401
286
289
399
410
284
289
389
375
277
280
398
398
278
293
406
382
281
286
400
412
284
282
405
413
279
295
402
401
290
285
400
388
292
276
388
413
283
284
414
386
290
294
403
397
273
281
404
393
288
291
408
404
276
286
385
410
277
292
426
403
287
280
402
409
282
291
408
390
276
284
411
393
279
294
412
403
284
296
405
397
286
286
400
385
297
288
415
396
285
292
400
394
282
296
398
397
296
288
418
396
275
291
404
400
293
293
396
394
277
289
397
403
278
291
391
388
287
283
390
411
287
291
412
406
282
284
414
405
298
286
390
393
273
285
402
402
298
286
403
389
286
290
408
403
288
279
417
394
287
280
431
401
274
286
401
397
286
301
407
410
300
299
389
413
271
291
390
401
284
290
407
399
282
291
412
394
280
281
396
407
285
300
417
402
284
351
403
408
275
283
400
392
280
278
401
403
282
290
379
393
280
288
412
405
289
281
409
401
286
289
402
404
285
289
409
405
286
295
427
407
281
301
398
396
285
292
395
389
295
289
399
425
280
289
400
403
279
302
410
400
280
289
401
433
279
282
408
394
283
279
423
400
277
297
414
395
287
293
398
426
281
286
397
405
285
294
402
406
282
283
402
400
286
287
400
394
278
297
413
403
282
285
417
399
278
284
409
414
290
282
412
402
274
289
399
405
284
288
407
405
291
287
415
391
277
286
394
413
290
287
419
417
277
299
406
393
289
285
407
404
282
296
398
402
290
299
387
395
278
282
428
401
285
286
397
417
286
289
416
394
291
285
401
412
290
296
406
417
280
294
403
413
281
294
390
397
284
294
407
396
279
288
405
389
291
283
399
404
275
288
375
402
281
290
413
397
282
296
409
399
290
289
397
392
277
287
405
394
281
301
404
402
286
285
407
402
292
283
411
416
285
281
417
391
290
289
403
418
291
290
404
403
280
290
398
402
284
299
415
413
298
281
408
400
277
288
415
411
284
288
405
415
280
302
419
387
285
293
402
416
279
293
407
410
284
286
407
405
285
287
393
413
290
291
419
401
280
288
416
403
282
289
402
399
285
291
422
411
283
297
408
393
278
283
410
390
289
288
404
406
285
296
409
403
285
297
415
407
286
295
409
397
282
297
402
395
285
286
399
409
290
293
410
396
287
284
414
411
278
286
410
413
285
282
410
405
283
301
407
417
281
293
434
403
279
304
399
406
284
291
419
387
278
286
420
402
290
288
407
401
280
290
397
405
283
288
376
400
285
287
406
408
281
299
410
425
278
281
393
391
280
282
426
409
284
288
424
407
307
290
407
413
279
285
402
410
280
299
418
397
288
301
421
401
282
283
413
407
289
294
387
411
291
285
411
399
282
298
401
402
283
298
399
406
279
296
404
403
279
284
397
412
294
284
413
404
275
293
423
399
289
297
420
410
281
298
375
417
285
301
406
416
289
290
400
405
277
287
396
406
292
290
415
396
284
293
409
392
291
303
415
401
280
295
396
410
293
288
398
411
290
300
410
406
285
286
391
397
285
295
421
416
283
296
422
403
280
287
402
407
285
287
421
395
281
301
391
403
285
296
408
412
280
299
400
426
285
288
405
407
282
295
414
405
280
297
410
412
277
286
431
398
286
289
423
405
283
287
403
405
284
300
394
397
285
294
392
413
294
293
410
394
281
293
420
408
287
296
400
401
279
297
395
403
291
297
403
402
274
290
405
422
279
288
419
417
279
286
423
408
285
286
423
403
278
293
421
417
280
294
400
401
282
287
406
407
285
294
412
388
283
289
419
416
288
295
406
420
282
291
415
396
283
302
426
398
282
285
425
410
284
286
402
398
282
289
412
399
292
300
410
410
282
289
405
406
276
289
410
415
288
290
390
405
295
290
389
391
284
290
421
424
274
294
411
408
282
284
409
404
284
300
416
398
274
294
414
417
283
287
392
407
273
287
414
413
289
288
411
394
279
292
406
395
280
293
406
406
283
285
419
412
282
296
418
407
282
297
425
408
284
286
414
395
297
295
423
413
281
286
400
399
293
287
420
407
280
290
408
387
295
298
408
411
406
303
416
422
275
303
414
413
289
300
410
394
278
285
415
414
276
288
408
412
283
297
406
403
288
306
404
414
288
288
420
409
279
290
416
407
289
290
431
394
291
294
412
405
281
303
408
421
281
303
414
413
276
296
408
412
281
297
419
412
281
293
412
404
288
285
418
403
287
292
411
411
281
289
424
425
288
286
407
411
288
285
410
409
294
292
405
402
286
291
419
405
289
296
414
406
280
289
410
414
287
292
417
414
280
291
418
403
280
299
407
394
282
293
403
410
289
302
405
399
278
287
396
412
280
293
420
405
288
285
403
406
286
281
425
395
276
291
405
403
294
287
392
409
279
303
428
399
289
293
416
418
279
290
426
409
288
305
418
401
280
295
416
417
275
284
427
414
285
285
405
412
280
293
398
409
294
290
400
403
290
286
403
399
284
291
397
392
282
292
410
398
279
284
404
407
294
288
402
397
286
289
403
410
280
296
405
397
288
287
404
397
284
295
388
404
278
291
419
416
282
289
407
396
286
297
419
408
290
292
403
413
279
298
411
404
284
297
410
405
284
294
415
392
292
291
416
399
293
293
387
405
280
289
410
409
280
285
417
394
281
290
423
408
287
291
411
407
277
293
396
406
290
285
411
399
292
296
411
415
287
284
401
402
285
283
408
402
285
291
411
403
286
294
406
402
294
297
419
415
284
294
403
427
293
286
412
397
279
286
430
412
302
299
408
403
279
295
412
385
286
290
418
401
297
289
412
388
288
296
413
399
275
283
406
381
282
286
407
391
286
291
420
409
279
283
405
386
282
291
406
400
285
296
431
400
287
288
399
392
286
283
415
391
282
292
422
409
290
285
426
419
284
299
424
405
288
298
411
416
281
293
398
388
281
287
371
404
297
285
427
416
286
290
423
412
278
294
416
410
282
288
419
403
283
288
420
402
289
290
428
412
280
288
407
405
285
296
434
413
276
293
404
403
276
295
412
402
277
291
404
407
291
288
398
406
279
295
408
407
284
286
408
398
285
292
409
409
285
294
401
418
284
293
422
414
291
290
421
395
294
289
408
428
282
301
418
398
289
305
396
398
283
285
417
406
281
303
412
397
276
293
425
409
294
293
413
411
283
296
424
408
290
293
405
410
279
278
415
418
288
295
416
415
299
288
419
416
295
294
402
428
281
299
423
392
290
309
412
406
278
288
403
418
280
283
406
417
285
285
439
413
399
300
426
403
285
289
388
419
279
291
412
398
279
297
415
419
279
284
401
411
281
288
420
411
277
283
435
402
276
287
415
417
286
290
424
403
283
284
418
426
282
301
414
405
278
297
420
407
275
287
403
399
292
295
389
413
294
294
404
412
287
284
431
408
293
286
424
406
285
304
424
386
275
301
420
407
275
286
417
423
287
297
430
398
278
298
407
390
285
293
436
398
281
296
379
401
281
290
413
413
286
285
402
397
286
291
416
426
278
293
400
387
281
300
421
421
284
292
389
402
294
292
424
410
279
301
412
397
284
289
406
412
277
292
416
397
285
289
417
415
284
282
411
400
282
289
416
408
291
297
423
407
297
290
416
400
294
299
422
402
272
292
412
415
291
296
420
395
292
294
426
394
283
285
396
395
278
288
423
416
275
284
428
401
296
293
414
403
285
289
419
398
274
290
394
421
290
295
414
402
279
296
396
403
281
292
422
400
291
311
408
418
280
286
432
416
284
290
399
392
282
295
411
406
282
288
413
405
283
294
399
422
287
292
419
397
283
288
415
415
278
293
415
405
286
289
418
402
280
289
388
408
299
301
423
410
299
306
405
409
288
293
399
395
283
301
419
393
280
289
420
396
278
293
414
401
278
289
425
390
284
292
416
416
285
286
405
412
280
289
431
418
286
288
395
407
275
292
432
401
283
291
404
399
281
295
407
393
288
293
419
390
292
294
437
405
285
287
414
416
375
288
411
385
280
285
409
402
287
291
405
390
281
290
419
410
280
287
423
398
281
292
410
405
287
292
418
392
290
298
403
396
285
280
412
407
285
296
419
388
293
292
411
383
283
300
407
400
281
294
405
407
288
286
407
408
288
280
433
394
289
301
413
398
283
295
425
398
286
287
404
410
276
297
409
396
298
287
390
388
287
290
409
370
280
290
415
386
284
291
415
403
277
291
427
386
296
287
408
387
283
293
418
406
281
292
413
390
280
288
405
391
281
286
421
391
284
295
414
406
284
288
426
415
299
291
408
402
279
290
404
396
285
292
424
406
280
289
403
390
284
296
404
400
281
295
412
390
281
293
412
406
292
286
408
400
284
291
397
400
286
290
418
415
282
289
419
405
285
284
415
405
279
303
402
409
280
290
426
391
284
282
412
399
279
285
435
417
285
304
403
395
281
297
412
397
301
294
414
409
285
285
421
406
290
299
415
395
301
300
422
408
289
282
393
407
289
293
409
410
284
292
420
407
279
291
430
402
284
299
418
390
282
287
426
397
294
287
417
392
281
281
432
405
284
291
423
397
284
285
425
391
286
292
404
416
296
302
428
384
288
284
420
394
291
293
418
404
278
281
428
403
294
297
405
404
290
287
388
415
290
280
432
407
276
292
432
394
283
288
413
414
291
290
410
391
297
291
416
401
287
288
408
398
283
288
409
383
298
291
414
408
289
287
422
415
291
286
402
419
281
287
419
399
287
286
418
390
290
300
408
427
280
301
406
412
286
296
435
401
287
294
416
409
282
289
436
400
292
299
405
402
302
285
426
420
290
292
423
407
294
301
425
420
290
292
423
405
281
289
409
397
276
292
412
389
283
297
397
417
286
288
407
409
283
280
418
414
286
295
407
408
283
291
413
425
290
291
428
422
285
298
408
404
285
292
428
407
294
295
411
414
279
283
417
416
290
295
422
417
293
295
424
406
294
289
427
414
287
297
435
418
296
292
427
438
290
290
411
409
283
300
419
400
296
298
415
401
289
291
420
410
297
295
421
419
280
287
412
402
288
291
412
410
283
295
415
403
285
288
420
411
297
283
413
394
282
298
417
406
282
295
420
402
281
296
405
417
282
291
406
402
297
293
416
410
295
300
414
426
289
290
408
423
284
289
421
426
281
285
415
407
288
288
423
399
283
292
407
409
286
296
417
413
292
286
427
409
285
288
435
404
293
298
426
389
294
303
421
417
282
293
442
393
288
283
403
412
300
300
425
405
285
291
415
414
280
301
433
407
289
300
438
399
296
284
430
408
287
303
419
387
289
306
431
406
286
300
437
407
289
307
412
408
288
301
432
424
283
298
388
423
286
286
451
397
287
310
439
395
289
283
408
423
281
293
434
411
290
290
437
423
280
294
426
422
296
287
442
389
294
290
413
415
299
298
439
419
286
288
422
411
295
287
424
413
292
289
443
405
289
291
423
408
289
284
421
404
279
286
429
413
282
293
434
405
303
293
400
407
287
293
420
413
281
298
415
403
281
289
411
424
282
292
443
418
288
292
429
418
285
294
418
422
286
299
425
407
296
294
432
404
286
283
425
410
290
285
427
421
284
296
443
415
280
291
433
419
295
289
430
390
292
284
424
394
287
286
413
411
286
289
425
419
285
303
423
403
299
290
428
410
280
295
437
413
286
290
419
412
296
289
452
395
283
291
419
411
291
304
437
398
285
299
422
417
289
296
421
414
291
296
408
425
288
293
426
408
301
296
419
410
277
298
416
408
288
296
415
422
285
284
419
402
282
291
439
403
286
293
427
401
278
293
431
399
281
295
419
399
293
292
416
411
290
286
425
414
289
287
418
426
286
289
418
441
296
293
426
419
288
282
447
426
296
298
429
415
278
293
434
404
288
290
434
401
293
306
412
438
306
290
420
407
288
290
431
415
292
282
419
416
296
297
426
400
288
288
447
408
286
288
407
405
279
291
416
422
294
284
435
423
284
292
420
422
285
292
441
425
300
294
439
427
283
286
422
420
297
290
440
426
293
286
422
414
286
304
441
427
277
294
425
424
287
295
448
426
286
295
429
413
295
302
437
407
285
285
424
395
282
293
435
399
283
298
450
422
292
297
430
402
289
293
405
439
286
297
434
410
296
289
431
406
286
294
441
408
285
297
433
404
299
289
419
418
280
300
430
414
287
290
467
419
281
289
417
398
286
296
431
412
280
285
428
413
289
294
422
416
289
296
422
426
293
291
429
411
285
292
413
409
301
294
431
406
289
292
434
419
280
286
429
409
298
294
434
418
282
287
432
419
297
284
418
387
295
301
425
393
286
296
436
428
291
305
427
421
286
293
393
406
291
295
411
425
281
292
424
413
290
290
430
417
287
303
437
416
290
282
420
419
289
293
440
404
292
287
439
403
291
289
445
420
290
282
425
423
279
295
425
420
291
291
434
426
297
297
414
441
289
292
421
412
286
289
421
423
291
290
413
414
283
287
417
416
291
285
440
410
287
296
421
412
286
282
421
421
293
292
429
415
250
250
249
251
250
250
250
248
277
296
249
251
251
-4
-4

