;UFOS3
;Measurement details: channel = S, date = 12.09.2015, time = 04:38:57
Exposure=1100
Gain=0
Temperature=24.0
Accummulate=4
5.481826519890659 mu
5.759730904744539 amas
9.492 hs
0 ozone
141820 uva
12715 uvb
10137 uve
[Value]
-4
249
250
250
249
249
249
249
278
272
367
364
267
271
377
372
284
280
373
393
272
290
406
384
286
281
410
403
297
292
415
394
297
294
387
390
289
288
396
398
286
288
384
383
286
293
412
415
302
300
403
404
283
295
418
409
281
286
404
409
287
304
403
408
293
292
402
391
286
288
385
412
291
305
400
399
279
290
397
390
289
296
417
404
282
290
400
410
288
294
400
398
284
290
412
394
287
287
388
410
295
290
398
399
287
305
410
397
286
292
417
397
292
295
405
403
295
286
395
405
278
287
409
405
284
300
395
388
279
296
400
409
280
292
402
398
276
290
403
401
292
283
414
410
285
297
406
412
286
296
439
412
286
285
402
398
284
292
412
412
287
296
407
403
295
304
414
411
286
292
399
417
286
298
394
421
287
294
409
404
283
297
411
402
292
296
390
380
293
289
407
412
284
299
413
409
295
288
399
402
287
291
400
399
286
291
402
403
286
297
400
397
292
294
408
404
289
285
402
400
287
293
397
412
284
295
411
398
295
296
415
399
292
294
398
408
302
294
403
393
284
284
390
401
285
294
418
394
287
283
404
390
296
288
400
408
289
298
416
392
288
290
410
394
284
284
412
397
282
291
400
396
277
300
405
410
295
278
416
402
290
296
425
401
296
289
420
388
292
285
412
401
280
287
410
404
281
291
410
403
275
284
401
401
290
290
416
408
299
294
406
405
283
289
422
389
305
295
419
397
292
293
404
423
284
288
425
416
297
289
397
409
288
285
403
400
287
286
401
402
281
299
400
412
291
302
404
416
286
303
417
401
293
291
389
399
295
292
399
392
286
297
401
389
284
295
394
405
290
279
407
410
288
295
406
397
286
301
422
410
287
289
397
400
291
295
415
415
290
296
429
398
284
286
405
412
297
300
418
419
291
285
409
402
295
304
416
399
279
303
408
410
295
305
396
415
296
288
406
412
286
296
402
416
291
285
384
405
284
295
406
397
283
287
398
418
284
292
407
405
294
284
415
405
288
286
411
419
285
297
407
426
285
291
402
398
288
304
415
412
290
287
406
396
284
285
410
394
289
283
389
401
293
297
410
395
291
300
399
407
292
283
400
422
276
296
410
420
281
309
414
412
281
302
400
398
292
283
400
406
293
292
410
404
282
288
390
417
278
298
420
421
291
289
411
397
292
291
408
406
286
291
405
403
288
295
410
409
296
292
420
402
292
297
410
403
289
296
402
392
305
291
397
403
292
292
408
415
282
291
402
397
295
293
401
396
287
293
420
404
308
297
421
429
288
295
394
418
295
292
423
402
289
298
417
400
292
291
416
417
287
289
415
411
292
291
410
397
289
299
399
405
288
302
396
416
279
294
407
415
281
298
409
392
298
293
412
423
276
292
429
408
292
294
415
417
297
297
414
397
291
308
435
413
295
291
408
416
304
304
430
390
278
288
402
396
284
288
414
425
287
307
409
404
286
292
393
414
299
298
431
410
292
303
416
406
293
288
413
424
279
294
418
406
281
297
405
417
296
305
415
405
281
297
403
408
280
297
417
412
294
300
413
407
289
293
418
424
300
304
407
394
295
297
411
416
301
302
396
410
298
294
429
414
289
298
407
412
295
303
434
403
302
297
392
415
291
301
421
420
290
293
417
408
296
293
402
396
286
308
421
413
293
308
423
390
290
296
394
403
299
288
410
401
289
293
411
412
293
302
417
409
291
301
420
426
302
310
421
407
310
295
414
410
302
301
408
413
302
300
445
408
300
314
416
419
311
313
422
418
300
313
420
429
311
311
412
407
300
312
431
434
300
317
429
419
299
311
429
421
305
305
435
439
302
304
427
423
308
310
422
434
308
310
413
397
304
304
422
423
305
318
435
409
308
315
428
441
311
308
433
444
306
321
431
434
321
317
431
421
326
310
423
448
324
321
456
430
333
341
450
444
320
329
451
440
335
341
458
451
324
336
439
460
325
339
475
452
332
330
456
457
333
342
459
440
326
333
464
445
334
347
468
460
338
354
461
454
347
345
461
453
360
355
486
463
353
362
471
467
353
368
473
467
370
361
492
468
345
361
479
472
367
365
470
469
350
363
476
482
354
371
474
471
371
366
481
504
380
383
506
502
380
377
513
502
399
384
493
496
377
385
509
508
406
395
516
505
405
410
528
530
413
402
552
532
424
413
574
547
415
426
544
541
423
437
542
544
435
428
520
538
391
416
509
524
405
410
525
524
407
419
546
528
419
420
545
561
441
467
586
582
468
543
603
605
479
492
614
612
501
500
637
642
516
533
627
648
534
544
672
669
557
544
682
673
559
558
680
681
555
556
678
669
545
548
685
654
521
538
644
639
524
539
648
642
548
546
667
699
550
566
693
705
585
614
749
747
628
655
776
818
661
665
800
791
671
660
813
791
650
670
790
759
643
641
753
777
621
617
735
739
616
618
734
741
611
620
750
749
633
639
766
763
654
676
808
805
689
696
852
833
715
726
869
883
756
750
895
886
756
768
879
891
760
759
878
870
743
731
864
832
715
711
825
849
715
708
848
847
702
723
843
828
718
712
847
839
704
718
831
828
711
716
807
811
682
679
829
794
668
662
773
785
644
643
775
741
632
625
750
761
641
644
761
779
638
654
781
795
664
683
792
809
695
718
846
845
733
750
886
877
776
775
913
914
784
802
906
942
815
827
962
950
834
851
976
978
859
859
976
979
852
859
982
954
836
846
953
946
816
804
932
923
797
789
926
925
791
775
926
902
805
804
937
965
847
855
994
1005
898
915
1060
1075
973
1007
1151
1162
1060
1053
1211
1214
1098
1121
1270
1273
1139
1154
1289
1307
1174
1211
1346
1317
1209
1229
1354
1370
1228
1257
1381
1385
1249
1254
1382
1378
1256
1257
1370
1390
1257
1257
1402
1374
1246
1243
1378
1362
1225
1228
1343
1328
1211
1212
1350
1339
1186
1200
1323
1296
1173
1171
1307
1285
1170
1169
1303
1302
1181
1197
1324
1323
1201
1221
1360
1362
1250
1272
1406
1419
1319
1349
1489
1503
1404
1420
1574
1599
1500
1523
1670
1676
1590
1614
1776
1795
1675
1693
1858
1866
1737
1744
1893
1899
1779
1801
1926
1945
1806
1818
1954
1928
1773
1799
1896
1886
1741
1729
1856
1803
1664
1656
1789
1747
1605
1582
1694
1665
1526
1515
1626
1624
1488
1495
1591
1604
1488
1487
1616
1612
1485
1492
1624
1648
1487
1494
1622
1621
1517
1522
1677
1672
1539
1552
1705
1696
1599
1592
1724
1727
1593
1601
1738
1746
1603
1615
1762
1733
1618
1634
1766
1739
1620
1610
1750
1732
1586
1574
1659
1682
1558
1533
1676
1657
1531
1547
1667
1667
1535
1553
1657
1651
1505
1515
1619
1609
1463
1457
1571
1568
1446
1413
1552
1522
1372
1390
1525
1488
1356
1345
1479
1471
1336
1352
1439
1492
1372
1390
1530
1553
1429
1437
1573
1580
1448
1471
1589
1592
1464
1463
1607
1571
1458
1468
1591
1576
1473
1481
1612
1590
1461
1479
1588
1611
1488
1485
1616
1642
1515
1533
1658
1647
1526
1515
1610
1605
1450
1439
1555
1513
1348
1335
1456
1416
1275
1266
1381
1375
1240
1233
1376
1344
1228
1245
1355
1371
1251
1271
1398
1410
1272
1285
1392
1406
1245
1240
1356
1342
1186
1191
1312
1293
1151
1175
1306
1323
1185
1217
1390
1373
1282
1297
1470
1467
1342
1350
1489
1502
1378
1401
1516
1529
1414
1423
1531
1559
1430
1426
1559
1547
1424
1445
1599
1595
1465
1496
1626
1627
1536
1569
1693
1708
1607
1619
1748
1747
1601
1611
1746
1748
1590
1603
1743
1727
1573
1585
1739
1723
1603
1603
1755
1749
1621
1658
1798
1826
1697
1729
1868
1891
1793
1811
1958
1971
1870
1886
2007
1996
1884
1890
2039
2027
1883
1887
2004
2006
1856
1849
1982
1946
1818
1836
1968
1949
1819
1825
1977
1961
1835
1834
1955
1942
1806
1807
1943
1922
1805
1815
1941
1933
1812
1835
1959
1977
1845
1867
2016
2033
1922
1934
2061
2089
2004
1999
2128
2129
2040
2048
2203
2195
2047
2070
2198
2186
2055
2046
2180
2171
2030
2056
2182
2173
2044
2075
2214
2224
2089
2099
2218
2219
2090
2107
2225
2228
2106
2096
2230
2202
2066
2071
2186
2158
2022
2012
2114
2084
1933
1901
2012
1985
1817
1792
1905
1864
1693
1663
1788
1727
1575
1543
1673
1629
1506
1504
1640
1630
1487
1508
1654
1668
1595
1613
1791
1806
1704
1736
1893
1894
1813
1833
1972
1982
1995
1894
2037
2043
1901
1932
2058
2056
1910
1916
2045
1995
1858
1850
1973
1950
1790
1791
1894
1877
1725
1721
1824
1813
1665
1675
1789
1794
1645
1637
1793
1781
1637
1666
1812
1795
1707
1710
1887
1849
1760
1779
1914
1923
1782
1790
1904
1909
1759
1760
1880
1862
1704
1709
1812
1788
1629
1632
1748
1726
1565
1558
1683
1659
1523
1527
1669
1647
1526
1534
1675
1675
1544
1550
1718
1711
1566
1575
1719
1723
1592
1603
1737
1743
1614
1611
1733
1715
1591
1580
1712
1687
1556
1560
1681
1671
1524
1527
1657
1654
1512
1509
1645
1622
1474
1478
1600
1572
1445
1462
1575
1579
1461
1488
1623
1648
1535
1566
1699
1703
1598
1618
1763
1782
1677
1705
1857
1856
1752
1763
1903
1922
1794
1811
1958
1932
1801
1820
1948
1937
1809
1800
1902
1907
1755
1767
1897
1840
1715
1690
1812
1795
1634
1638
1782
1746
1619
1639
1763
1742
1634
1653
1797
1809
1668
1683
1857
1847
1718
1720
1851
1856
1717
1718
1824
1831
1692
1668
1773
1754
1613
1590
1703
1683
1550
1552
1672
1665
1553
1569
1713
1721
1604
1632
1785
1792
1697
1713
1866
1872
1779
1810
1957
1996
1879
1905
2036
2038
1936
1946
2087
2080
1975
2002
2113
2137
2027
2047
2189
2197
2066
2070
2216
2201
2097
2120
2259
2254
2137
2138
2275
2287
2152
2181
2302
2306
2187
2194
2323
2310
2177
2161
2290
2249
2134
2105
2226
2184
2070
2066
2159
2181
2048
2054
2198
2196
2064
2068
2224
2206
2101
2114
2258
2249
2126
2134
2265
2254
2131
2156
2275
2293
2191
2202
2336
2332
2211
2216
2329
2310
2168
2150
2260
2242
2105
2090
2205
2171
2027
2005
2101
2058
1900
1875
1965
1942
1805
1788
1928
1906
1777
1787
1911
1953
1831
1829
1983
1974
1860
1884
2061
2050
1940
1947
2062
2041
1902
1904
2005
1967
1831
1808
1928
1881
1743
1704
1806
1757
1618
1601
1700
1654
1496
1492
1610
1573
1457
1471
1597
1590
1496
1524
1694
1701
1587
1618
1780
1784
1703
1748
1905
1922
1833
1876
2055
2046
1968
2002
2146
2166
2074
2085
2239
2225
2122
2132
2272
2273
2159
2154
2300
2299
2149
2161
2285
2255
2122
2117
2212
2198
2040
2009
2083
2055
1916
1876
1942
1946
1801
1752
1878
1847
1679
1662
1799
1769
1619
1634
1754
1758
1623
1636
1773
1752
1640
1649
1798
1793
1678
1674
1833
1815
1671
1666
1793
1772
1626
1627
1776
1738
1581
1592
1705
1708
1572
1588
1718
1704
1584
1595
1737
1767
1653
1676
1833
1872
1762
1810
1960
1969
1852
1856
2006
1977
1853
1840
1959
1941
1791
1773
1870
1874
1705
1693
1814
1783
1647
1616
1743
1701
1585
1581
1707
1739
1591
1638
1779
1782
1691
1722
1844
1858
1757
1771
1908
1911
1777
1792
1908
1880
1743
1759
1892
1854
1732
1712
1817
1804
1660
1651
1770
1744
1615
1609
1727
1737
1600
1610
1775
1792
1666
1690
1839
1859
1753
1771
1924
1944
1848
1875
2008
2067
1928
1967
2118
2098
2014
2051
2168
2179
2049
2075
2202
2214
2078
2080
2208
2229
2089
2085
2259
2234
2220
2116
2247
2218
2092
2088
2189
2211
2060
2062
2184
2178
2036
2067
2202
2209
2073
2083
2217
2226
2098
2115
2262
2266
2129
2137
2307
2273
2138
2146
2274
2268
2127
2102
2245
2196
2060
2058
2183
2185
2036
2056
2175
2155
2047
2063
2201
2188
2064
2085
2209
2214
2102
2096
2201
2233
2104
2118
2230
2245
2140
2142
2318
2307
2205
2216
2379
2370
2271
2303
2447
2435
2332
2387
2525
2543
2418
2455
2589
2617
2508
2529
2651
2639
2565
2580
2669
2674
2611
2628
2719
2706
2661
2666
2696
2708
2634
2619
2677
2661
2559
2513
2577
2545
2421
2392
2480
2461
2297
2280
2372
2347
2219
2251
2389
2397
2291
2322
2464
2509
2457
2489
2640
2668
2617
2665
2743
2764
2768
2780
2808
2823
2820
2829
2831
2819
2789
2717
2725
2649
2505
2425
2487
2438
2282
2261
2375
2337
2212
2207
2330
2310
2208
2204
2358
2356
2275
2303
2461
2471
2369
2425
2553
2571
2470
2471
2568
2511
2394
2345
2431
2355
2208
2153
2218
2179
2011
1969
2085
2030
1854
1832
1967
1927
1805
1806
1942
1950
1855
1875
2045
2054
1957
1998
2130
2178
2056
2081
2214
2196
2056
2078
2161
2150
1983
1964
2059
1993
1845
1812
1888
1861
1690
1677
1838
1815
1689
1707
1845
1868
1781
1834
2012
2037
1950
2008
2171
2195
2099
2130
2268
2298
2158
2170
2291
2266
2142
2125
2255
2234
2069
2076
2172
2152
1990
1965
2092
2051
1910
1904
2016
2031
1911
1920
2043
2035
1915
1930
2037
2047
1907
1910
2026
2023
1908
1934
2070
2065
1959
1967
2118
2104
2009
2035
2185
2177
2073
2094
2261
2225
2124
2149
2288
2300
2180
2190
2332
2348
2229
2238
2388
2390
2264
2267
2382
2407
2278
2291
2446
2412
2281
2281
2378
2361
2224
2211
2307
2262
2133
2113
2210
2158
2039
2006
2142
2084
1938
1921
2033
2017
1937
1837
1962
1912
1807
1790
1917
1901
1770
1759
1864
1830
1700
1690
1814
1793
1653
1658
1795
1779
1659
1677
1820
1842
1729
1750
1918
1910
1819
1850
1977
1997
1888
1905
2058
2069
1957
1969
2122
2094
2007
1990
2134
2107
1997
1999
2127
2102
1967
1970
2069
2056
1913
1894
2006
1973
1838
1808
1955
1895
1764
1760
1850
1812
1654
1642
1757
1697
1560
1541
1662
1664
1516
1530
1649
1625
1518
1489
1600
1580
1457
1435
1542
1482
1360
1362
1486
1447
1324
1329
1470
1439
1300
1312
1441
1382
1271
1250
1382
1348
1228
1236
1381
1370
1238
1254
1390
1369
1244
1255
1379
1355
1237
1235
1371
1341
1221
1234
1381
1382
1263
1286
1470
1476
1375
1393
1549
1571
1469
1496
1663
1679
1598
1637
1821
1834
1730
1766
1921
1929
1829
1843
1966
1970
1839
1866
1997
1965
1851
1876
2004
1984
1856
1847
1973
1946
1819
1814
1919
1918
1791
1776
1893
1883
1724
1697
1802
1739
1581
1556
1687
1664
1519
1546
1668
1670
1548
1584
1753
1748
1652
1678
1848
1868
1777
1818
2011
2023
1913
1941
2060
2049
1915
1914
2000
1959
1839
1798
1915
1898
1756
1743
1888
1889
1767
1794
1932
1910
1819
1809
1947
1932
1813
1808
1942
1972
1859
1864
1993
1990
1862
1859
1978
1960
1813
1808
1953
1918
1776
1782
1910
1866
1759
1756
1909
1875
1758
1731
1865
1838
1725
1719
1898
1877
1768
1786
1948
1936
1834
1844
2014
1996
1908
1936
2092
2125
2019
2049
2221
2178
2114
2121
2283
2254
2151
2158
2291
2282
2145
2154
2307
2279
2149
2154
2249
2235
2105
2097
2185
2199
2047
2009
2162
2120
1983
1995
2152
2115
2013
2017
2142
2160
2045
2049
2188
2177
2108
2118
2276
2261
2155
2184
2321
2334
2218
2230
2353
2319
2227
2210
2336
2322
2183
2173
2292
2258
2107
2075
2160
2137
1984
1964
2075
2032
1896
1874
2001
1943
1819
1813
1904
1917
1731
1720
1819
1792
1634
1615
1743
1667
1517
1488
1575
1504
1315
1258
1367
1271
1106
1055
1122
1071
934
883
1013
982
831
823
960
938
822
839
985
990
879
902
1058
1060
929
950
1082
1082
956
978
1118
1102
1008
1048
1184
1242
1142
1185
1360
1406
1307
1341
1527
1543
1441
1472
1611
1636
1515
1535
1675
1693
1548
1557
1719
1725
1590
1615
1746
1747
1609
1629
1779
1752
1634
1633
1760
1768
1615
1619
1756
1746
1601
1583
1713
1683
1536
1518
1629
1578
1435
1393
1531
1465
1316
1288
1408
1350
1187
1144
1242
1212
1013
968
1064
1036
871
864
981
948
828
814
933
918
797
802
946
946
841
862
1012
1035
925
960
1134
1158
1071
1109
1278
1309
1200
1241
1400
1421
1318
1339
1507
1510
1406
1398
1561
1561
1455
1487
1629
1620
1500
1524
1665
1647
1524
1542
1658
1679
1536
1534
1664
1669
1554
1567
1695
1685
1578
1590
1722
1734
1592
1594
1735
1753
1600
1616
1755
1759
1588
1592
1719
1689
1543
1524
1671
1643
1527
1541
1669
1669
1544
1569
1706
1713
1596
1594
1757
1731
1603
1598
1748
1721
1597
1603
1733
1687
1586
1588
1715
1703
1561
1573
1732
1676
1571
1558
1687
1716
1597
1602
1749
1746
1627
1638
1785
1788
1641
1662
1798
1771
1644
1648
1809
1771
1664
1646
1820
1777
1650
1663
1786
1750
1648
1663
1800
1774
1638
1652
1805
1778
1656
1671
1793
1797
1662
1674
1822
1820
1669
1675
1772
1806
1647
1642
1811
1737
1608
1619
1757
1694
1563
1535
1645
1655
1498
1499
1647
1615
1480
1469
1639
1645
1495
1531
1703
1715
1592
1592
1774
1733
1639
1657
1795
1806
1690
1675
1828
1795
1624
1582
1690
1628
1462
1424
1567
1540
1416
1416
1598
1565
1450
1468
1622
1617
1503
1496
1648
1635
1520
1534
1712
1709
1576
1605
1763
1742
1635
1616
1713
1715
1574
1576
1699
1678
1528
1542
1660
1641
1522
1538
1670
1681
1525
1516
1669
1616
1453
1451
1583
1565
1428
1426
1561
1564
1407
1412
1554
1527
1426
1441
1583
1570
1451
1449
1611
1591
1470
1488
1645
1643
1495
1510
1661
1629
1481
1493
1643
1625
1487
1467
1605
1555
1436
1415
1558
1519
1400
1407
1545
1545
1421
1421
1566
1559
1435
1453
1593
1579
1476
1467
1624
1619
1482
1510
1680
1653
1520
1523
1671
1665
1537
1526
1695
1646
1518
1527
1658
1663
1526
1547
1697
1655
1531
1535
1664
1650
1501
1498
1614
1595
1456
1442
1557
1559
1401
1399
1526
1484
1344
1313
1418
1391
1223
1223
1321
1289
1144
1138
1251
1250
1083
1068
1208
1179
1053
1064
1225
1200
1089
1104
1271
1263
1145
1182
1362
1340
1229
1262
1403
1387
1283
1288
1423
1419
1292
1280
1444
1422
1282
1292
1432
1439
1280
1283
1421
1444
1282
1282
1412
1406
1252
1236
1417
1388
1233
1228
1371
1346
1192
1197
1346
1312
1173
1178
1323
1288
1177
1185
1299
1322
1175
1149
1288
1272
1127
1114
1257
1219
1087
1064
1203
1191
1059
1052
1197
1160
1038
1040
1214
1169
1032
1034
1167
1162
1027
1047
1187
1201
1064
1058
1224
1213
1055
1061
1186
1179
1031
1019
1177
1147
1008
1000
1152
1137
978
985
1129
1111
972
960
1121
1087
944
933
1088
1088
958
970
1121
1098
930
944
1080
1064
920
926
1092
1064
908
920
1059
1037
908
916
1064
1026
897
892
1041
1005
885
893
1055
1014
893
911
1079
1044
908
915
1061
1033
913
915
1033
1056
896
905
1051
1018
900
890
1034
1013
884
885
1033
992
848
855
1001
960
844
829
967
956
803
827
964
946
805
797
981
937
782
787
931
906
785
798
942
920
776
788
938
920
788
799
930
930
797
797
936
935
791
783
927
907
769
769
901
887
779
769
928
894
768
766
925
908
758
764
921
897
780
774
928
905
767
776
927
901
762
734
870
836
741
756
885
848
738
737
880
867
723
726
854
843
704
717
830
843
726
738
857
877
729
737
887
869
736
724
860
847
703
723
873
852
717
699
850
840
688
685
834
776
660
653
812
775
658
660
835
811
680
680
850
846
692
711
844
836
697
694
844
837
708
700
820
857
695
699
838
818
682
678
812
811
672
666
795
792
655
660
793
793
673
668
831
801
678
685
828
820
699
706
858
862
744
750
899
656
247
248
249
248
249
248
249
250
662
677
248
249
248
-4
-4

