;UFOS3
;Measurement details: channel = Z-D, date = 12.09.2015, time = 04:42:58
Exposure=903
Gain=0
Temperature=24.0
Accummulate=4
5.25929403584993 mu
5.497247979136275 amas
9.989 hs
261 ozone
133304 uva
1364 uvb
287 uve
[Value]
-4
-3
-4
-5
-3
-4
-3
-4
-5
-4
-5
-7
-4
-3
-6
-5
-4
-2
-6
-3
-2
-3
-1
0
0
1
1
-2
1
1
2
0
2
1
-3
-2
0
-2
2
-2
-2
-1
-1
-1
2
0
1
2
1
0
0
1
1
1
0
-3
2
0
0
2
0
-2
1
-1
-2
-2
1
0
1
-2
0
1
-1
0
0
2
1
-2
2
-1
0
2
0
1
-2
-1
2
3
1
0
2
2
1
1
1
-3
-2
-1
0
0
0
-1
-1
2
3
1
-1
3
2
1
1
1
-1
1
1
-3
1
-1
2
0
0
4
2
0
1
2
4
1
2
1
2
1
-1
-2
1
0
1
0
1
-1
1
0
2
-2
0
0
-2
0
2
2
0
-1
2
0
2
0
1
1
-1
2
1
0
-3
0
-1
2
-2
3
1
0
0
1
2
1
2
-1
0
0
0
0
0
1
-2
2
2
2
-2
-1
3
1
-3
0
2
-1
2
0
-1
-1
0
-2
2
1
-1
4
2
0
-2
-1
-1
2
2
-2
2
-2
0
1
-1
1
0
0
-1
0
-1
1
-1
-1
-1
-3
-2
-1
0
0
1
-3
-3
0
3
0
2
-1
-1
-3
3
-2
0
0
-3
1
3
-1
3
0
1
-1
1
1
1
1
2
1
1
1
-1
-2
1
2
0
2
-2
1
1
-3
1
3
0
-1
1
-1
-3
1
2
-1
-2
-1
-1
-2
-1
-1
-1
1
2
1
-1
-1
-2
3
-1
-1
4
2
1
1
1
-1
2
1
3
0
1
-2
0
3
2
3
3
2
2
0
2
3
2
2
2
0
0
0
-1
2
-2
0
0
0
-1
1
1
-1
2
0
-1
2
0
-1
0
2
0
1
-2
-1
2
-1
2
0
1
-1
2
1
3
-1
0
1
3
1
4
1
1
-1
1
-1
-1
-2
1
1
-2
-1
1
-1
1
2
0
0
-2
2
0
0
0
2
-3
2
1
-1
0
3
0
1
1
-2
3
2
1
2
0
0
-1
2
1
-1
1
0
1
0
2
-3
1
0
0
3
-1
0
1
-1
3
-1
0
-2
-2
0
2
-1
-1
0
1
1
2
-1
0
2
1
0
0
-1
0
3
1
1
0
-1
1
1
2
3
2
-1
4
1
4
3
0
2
3
1
1
1
3
-1
1
-1
-1
2
1
0
0
-1
3
2
1
1
3
0
-1
-1
3
2
2
0
1
2
3
3
1
2
3
3
-1
1
2
1
1
0
0
-1
-1
3
4
0
2
1
2
2
0
2
-1
-1
3
2
3
-1
2
1
1
3
1
2
2
1
3
-1
2
2
1
0
0
0
3
0
1
1
0
2
2
1
3
2
-1
0
1
0
5
2
1
4
-1
0
2
1
0
2
0
0
2
1
3
1
4
3
1
5
4
2
1
1
5
2
2
3
4
3
4
3
3
2
2
0
2
3
3
2
4
4
1
2
3
5
0
2
3
3
3
0
2
3
3
2
3
1
3
4
3
1
2
2
7
3
5
1
3
2
5
7
5
3
3
3
4
4
4
2
2
3
4
5
8
5
3
4
4
7
4
2
7
6
4
3
6
3
5
5
6
2
6
7
4
6
5
5
6
5
5
4
7
5
5
7
9
7
6
6
7
8
6
5
9
4
8
6
9
10
6
8
9
12
7
7
7
12
8
8
12
10
12
10
8
10
9
11
11
11
11
11
9
9
10
10
10
9
10
10
11
12
15
12
11
13
14
10
17
15
13
10
15
14
13
14
19
14
19
14
17
17
18
18
21
22
24
22
23
22
25
25
27
26
24
21
27
24
24
27
31
28
27
26
30
29
29
28
31
32
32
31
30
29
33
30
33
32
32
33
32
31
30
33
34
30
33
33
33
29
32
31
35
30
31
30
36
36
33
34
35
37
36
37
39
38
37
39
45
38
40
39
43
43
45
41
43
42
45
44
45
48
50
50
51
53
55
55
62
59
59
62
71
69
70
73
72
74
77
76
81
77
76
77
80
82
80
81
82
78
79
78
80
78
80
77
82
80
81
80
84
78
81
81
82
81
85
81
89
88
88
92
97
95
96
98
99
102
103
104
113
112
110
114
113
115
117
117
120
120
120
121
119
124
122
121
124
120
120
119
125
122
124
121
125
125
126
126
132
132
135
136
142
145
146
148
154
156
153
153
157
155
154
153
161
159
161
159
166
164
170
170
180
184
182
184
194
193
200
201
213
219
218
221
231
231
227
224
232
227
223
221
222
215
207
203
206
202
196
193
197
193
187
183
192
198
197
199
208
213
214
221
235
242
245
253
267
280
282
296
307
314
320
327
341
349
345
355
370
379
382
388
401
404
405
411
420
418
412
419
431
432
424
434
436
437
429
428
426
416
405
397
391
390
381
375
378
380
372
375
382
389
385
391
402
411
416
432
452
458
471
490
514
535
546
559
584
591
588
596
602
599
590
587
592
588
578
569
572
559
552
537
545
532
518
512
518
518
497
503
512
518
514
517
536
547
540
548
566
583
584
586
609
615
620
635
653
661
663
671
689
702
699
709
729
731
723
713
719
718
698
697
685
676
662
656
655
645
631
625
627
620
614
617
629
632
620
628
632
635
631
634
643
636
627
625
628
628
622
616
623
619
602
592
592
581
569
547
556
542
520
520
521
512
497
497
508
508
511
504
522
525
524
529
543
549
551
563
583
593
593
604
634
642
644
661
682
693
692
696
721
727
723
733
752
757
757
763
781
785
787
786
798
818
813
816
824
824
811
803
807
797
786
773
773
766
750
739
745
748
732
733
736
738
723
719
728
736
728
753
771
783
803
814
844
859
879
901
936
957
972
996
1022
1043
1052
1083
1103
1130
1136
1154
1160
1170
1165
1170
1195
1201
1205
1199
1229
1238
1237
1257
1271
1284
1281
1295
1308
1317
1306
1301
1320
1316
1315
1305
1321
1329
1315
1321
1333
1331
1310
1302
1312
1306
1288
1276
1284
1267
1250
1244
1248
1248
1233
1231
1233
1228
1220
1208
1224
1209
1205
1202
1215
1220
1223
1228
1242
1247
1246
1257
1280
1289
1292
1314
1344
1363
1384
1408
1454
1480
1498
1514
1553
1577
1596
1627
1669
1704
1730
1762
1802
1823
1852
1875
1902
1914
1912
1932
1944
1949
1969
1961
1989
2000
2008
2001
2003
1988
1978
1968
1964
1931
1927
1904
1878
1853
1823
1791
1764
1747
1705
1685
1682
1648
1623
1607
1600
1582
1569
1572
1578
1574
1564
1565
1571
1573
1563
1569
1573
1581
1569
1574
1599
1590
1591
1602
1615
1629
1629
1641
1658
1662
1678
1685
1703
1719
1713
1711
1713
1709
1707
1702
1705
1715
1719
1710
1728
1713
1711
1708
1713
1706
1698
1674
1684
1671
1660
1661
1668
1667
1659
1656
1670
1668
1652
1654
1647
1630
1602
1583
1587
1558
1529
1510
1501
1482
1469
1455
1442
1433
1408
1383
1374
1361
1346
1333
1324
1313
1306
1299
1327
1336
1340
1353
1398
1405
1427
1444
1475
1489
1500
1498
1519
1513
1501
1492
1495
1490
1485
1476
1495
1493
1483
1480
1487
1490
1480
1483
1488
1495
1493
1495
1519
1529
1538
1546
1565
1569
1559
1541
1532
1512
1473
1436
1412
1371
1339
1302
1278
1258
1236
1220
1207
1209
1192
1182
1183
1189
1178
1181
1203
1214
1208
1214
1233
1245
1249
1251
1262
1244
1236
1213
1216
1194
1162
1140
1140
1131
1116
1118
1133
1139
1148
1173
1206
1226
1248
1265
1294
1316
1322
1325
1347
1348
1340
1343
1363
1362
1348
1354
1362
1356
1350
1352
1365
1367
1370
1381
1402
1419
1421
1442
1470
1496
1522
1537
1578
1589
1601
1614
1635
1631
1622
1611
1621
1612
1599
1586
1581
1575
1571
1557
1584
1581
1575
1588
1614
1616
1621
1629
1658
1671
1696
1732
1766
1792
1810
1836
1869
1881
1886
1895
1924
1919
1917
1925
1918
1927
1902
1900
1897
1890
1873
1859
1855
1849
1825
1824
1829
1820
1825
1831
1843
1842
1849
1840
1840
1823
1822
1809
1819
1811
1794
1797
1810
1818
1811
1823
1844
1846
1862
1868
1894
1909
1914
1936
1970
1993
2001
2017
2036
2046
2055
2072
2079
2080
2086
2073
2086
2083
2069
2068
2061
2048
2046
2048
2060
2052
2068
2083
2106
2110
2136
2141
2140
2134
2143
2133
2132
2122
2128
2129
2132
2128
2136
2112
2104
2075
2057
2042
2018
1986
1938
1914
1879
1844
1803
1760
1742
1706
1649
1608
1583
1540
1501
1483
1456
1438
1421
1397
1403
1408
1403
1406
1439
1469
1491
1525
1578
1613
1647
1675
1712
1734
1757
1765
1787
1810
1815
1830
1857
1860
1873
1868
1876
1874
1872
1868
1850
1828
1815
1789
1786
1762
1744
1720
1717
1698
1680
1660
1664
1650
1633
1618
1625
1611
1611
1601
1604
1609
1599
1600
1628
1630
1638
1652
1689
1692
1703
1716
1742
1737
1738
1725
1721
1706
1681
1673
1662
1645
1612
1590
1581
1563
1522
1498
1491
1473
1452
1424
1432
1424
1420
1414
1433
1429
1429
1442
1454
1453
1457
1463
1475
1484
1483
1484
1507
1508
1509
1509
1528
1529
1522
1529
1528
1524
1500
1496
1488
1479
1461
1459
1452
1437
1424
1423
1429
1426
1409
1403
1413
1402
1374
1369
1366
1348
1324
1328
1341
1350
1352
1365
1397
1415
1428
1445
1472
1498
1499
1524
1559
1583
1591
1610
1636
1656
1680
1689
1711
1727
1725
1733
1751
1748
1746
1749
1749
1744
1736
1723
1719
1713
1683
1674
1673
1650
1632
1616
1603
1591
1580
1561
1557
1557
1547
1538
1553
1567
1561
1572
1600
1611
1616
1626
1642
1649
1658
1657
1678
1681
1675
1684
1684
1674
1669
1633
1609
1582
1551
1516
1500
1472
1441
1447
1452
1440
1455
1451
1486
1498
1503
1530
1562
1574
1588
1608
1636
1663
1668
1690
1719
1754
1757
1772
1793
1793
1806
1820
1845
1849
1855
1872
1900
1924
1944
1957
1980
1986
1988
1999
2024
2023
2025
2041
2048
2053
2062
2079
2093
2105
2112
2104
2097
2108
2122
2125
2126
2143
2150
2168
2176
2177
2196
2198
2190
2187
2200
2180
2176
2157
2156
2145
2132
2129
2133
2121
2111
2102
2109
2103
2092
2082
2078
2066
2060
2048
2032
2023
2014
2003
1992
1985
1978
1945
1927
1919
1908
1901
1883
1867
1874
1867
1863
1860
1863
1870
1860
1843
1837
1821
1780
1751
1724
1703
1665
1653
1655
1649
1657
1654
1677
1695
1696
1718
1739
1747
1762
1770
1804
1808
1829
1823
1850
1848
1844
1818
1809
1772
1739
1713
1692
1672
1636
1600
1589
1549
1506
1469
1438
1407
1381
1354
1339
1324
1315
1310
1330
1350
1346
1369
1404
1427
1455
1483
1508
1546
1568
1599
1641
1669
1710
1742
1791
1828
1858
1907
1931
1956
1985
2014
2039
2046
2059
2077
2081
2091
2099
2092
2104
2098
2096
2094
2085
2063
2045
2019
2002
1970
1940
1917
1890
1852
1826
1793
1774
1738
1685
1642
1604
1582
1557
1516
1518
1498
1497
1473
1490
1487
1474
1475
1494
1503
1502
1517
1530
1538
1545
1539
1539
1546
1531
1507
1496
1491
1473
1453
1450
1437
1412
1415
1426
1418
1410
1410
1420
1421
1414
1433
1451
1477
1505
1521
1564
1608
1639
1671
1710
1736
1744
1744
1755
1749
1727
1720
1701
1679
1657
1632
1613
1598
1569
1545
1524
1502
1474
1453
1432
1435
1409
1417
1426
1434
1447
1464
1503
1513
1537
1569
1608
1613
1625
1642
1646
1656
1647
1656
1661
1653
1651
1639
1640
1623
1597
1579
1570
1554
1517
1500
1495
1480
1460
1461
1462
1455
1454
1464
1495
1510
1520
1533
1563
1589
1599
1626
1656
1672
1683
1721
1753
1777
1801
1816
1850
1871
1887
1897
1918
1935
1943
1945
1963
1970
1962
1970
1967
1983
1980
1977
1993
1983
1983
1982
1985
1982
1959
1966
1954
1951
1938
1927
1921
1915
1920
1911
1928
1935
1941
1957
1963
1978
1984
1982
1999
1994
2015
2017
2027
2036
2049
2049
2044
2044
2050
2038
2037
2015
2009
1999
1984
1977
1966
1962
1959
1958
1949
1954
1954
1956
1953
1953
1963
1964
1952
1961
1964
1953
1961
1954
1956
1958
1960
1970
1981
1995
2016
2027
2039
2065
2084
2108
2125
2144
2202
2220
2233
2260
2326
2353
2329
2353
2416
2431
2388
2382
2472
2495
2413
2418
2520
2530
2422
2438
2557
2563
2457
2470
2590
2568
2470
2492
2574
2507
2407
2368
2408
2338
2257
2213
2205
2170
2136
2134
2126
2125
2131
2140
2182
2204
2224
2280
2351
2376
2379
2393
2497
2524
2431
2460
2577
2604
2507
2533
2626
2640
2527
2530
2666
2668
2576
2588
2653
2493
2352
2207
2180
2122
2099
2072
2066
2069
2055
2061
2065
2073
2094
2117
2154
2179
2208
2247
2302
2332
2312
2335
2399
2393
2324
2314
2355
2295
2209
2157
2130
2057
2002
1950
1909
1849
1812
1757
1718
1686
1674
1651
1647
1637
1668
1677
1693
1731
1775
1806
1827
1872
1905
1928
1939
1971
1970
1979
1975
1966
1945
1934
1901
1856
1822
1777
1720
1672
1632
1597
1568
1549
1549
1553
1561
1576
1609
1635
1663
1706
1750
1809
1845
1901
1943
1978
2003
2042
2047
2058
2060
2082
2070
2063
2055
2036
2029
2008
1999
1973
1957
1927
1891
1865
1848
1822
1807
1805
1814
1807
1817
1820
1826
1833
1831
1828
1844
1837
1816
1823
1827
1813
1827
1822
1847
1851
1860
1864
1897
1912
1926
1936
1958
1976
1986
1999
2021
2029
2044
2055
2068
2074
2102
2110
2112
2134
2149
2148
2155
2169
2182
2187
2186
2210
2241
2229
2214
2223
2243
2222
2192
2179
2186
2149
2128
2101
2070
2030
2004
1969
1943
1916
1908
1887
1855
1831
1805
1786
1772
1747
1745
1725
1718
1701
1707
1695
1675
1656
1644
1636
1613
1594
1587
1582
1563
1554
1558
1561
1554
1566
1601
1621
1637
1652
1688
1724
1734
1753
1797
1812
1826
1852
1868
1895
1898
1910
1922
1929
1939
1933
1947
1951
1956
1955
1953
1951
1933
1914
1906
1886
1875
1847
1820
1818
1782
1767
1753
1734
1709
1684
1674
1646
1597
1564
1538
1500
1474
1448
1446
1432
1429
1421
1437
1439
1417
1405
1401
1382
1353
1336
1315
1286
1265
1232
1235
1225
1210
1209
1213
1211
1183
1181
1175
1154
1130
1114
1114
1114
1099
1104
1110
1109
1115
1121
1128
1132
1126
1130
1131
1121
1103
1102
1109
1103
1083
1091
1109
1127
1133
1161
1209
1225
1256
1277
1329
1359
1370
1396
1445
1483
1511
1559
1616
1661
1693
1719
1764
1786
1789
1802
1821
1823
1827
1830
1845
1840
1836
1840
1851
1842
1824
1823
1831
1819
1798
1786
1777
1767
1754
1749
1737
1717
1694
1661
1647
1617
1594
1561
1576
1577
1578
1595
1615
1639
1646
1665
1700
1720
1735
1754
1790
1813
1835
1856
1901
1916
1949
1965
1967
1973
1942
1909
1866
1804
1738
1690
1648
1614
1581
1568
1566
1568
1569
1583
1602
1633
1650
1658
1691
1703
1717
1741
1783
1805
1835
1857
1884
1892
1871
1880
1855
1843
1835
1820
1816
1808
1793
1778
1765
1765
1753
1762
1763
1761
1754
1742
1743
1723
1722
1722
1746
1770
1779
1804
1826
1838
1849
1859
1878
1898
1929
1958
1991
2020
2046
2082
2106
2128
2165
2193
2198
2201
2229
2215
2190
2213
2229
2227
2198
2197
2217
2212
2185
2188
2203
2184
2152
2137
2124
2096
2082
2064
2056
2064
2069
2065
2063
2075
2071
2076
2077
2096
2105
2128
2160
2187
2182
2213
2251
2267
2256
2267
2314
2322
2284
2279
2320
2319
2261
2256
2290
2252
2211
2187
2188
2147
2106
2071
2045
2024
1984
1949
1934
1912
1891
1860
1846
1822
1803
1776
1749
1717
1698
1657
1622
1584
1562
1535
1484
1452
1415
1368
1304
1247
1209
1129
1067
1007
954
906
841
793
764
732
693
677
676
670
655
663
684
695
709
742
782
816
845
881
926
961
985
1014
1042
1058
1064
1075
1108
1128
1142
1180
1225
1257
1278
1302
1331
1360
1378
1412
1444
1468
1497
1510
1511
1494
1452
1411
1380
1344
1287
1263
1250
1235
1215
1231
1256
1299
1332
1372
1420
1465
1496
1516
1552
1567
1565
1569
1560
1541
1511
1467
1433
1386
1335
1296
1276
1255
1227
1197
1179
1140
1089
1050
1014
963
905
850
810
766
732
703
698
678
653
647
637
629
626
624
638
651
671
687
733
759
793
829
889
931
969
1013
1072
1108
1146
1189
1240
1279
1309
1334
1373
1401
1431
1440
1472
1485
1494
1501
1517
1520
1515
1513
1516
1507
1510
1513
1531
1535
1521
1528
1534
1533
1522
1524
1542
1530
1535
1545
1556
1547
1554
1556
1576
1586
1594
1608
1624
1625
1610
1620
1616
1605
1609
1606
1618
1623
1613
1615
1614
1623
1613
1617
1619
1622
1638
1646
1645
1638
1633
1622
1625
1618
1612
1610
1622
1611
1603
1607
1604
1573
1540
1517
1521
1519
1528
1530
1551
1550
1556
1571
1604
1621
1641
1654
1692
1690
1702
1702
1711
1702
1686
1687
1695
1697
1697
1692
1701
1698
1693
1697
1702
1702
1708
1693
1705
1716
1707
1703
1708
1712
1699
1715
1724
1726
1722
1721
1731
1732
1727
1733
1732
1733
1712
1699
1702
1686
1666
1651
1637
1619
1617
1597
1607
1587
1567
1549
1563
1558
1548
1552
1567
1568
1575
1584
1614
1641
1643
1650
1668
1679
1690
1708
1725
1742
1736
1744
1751
1735
1701
1648
1605
1566
1528
1513
1506
1487
1458
1444
1467
1478
1473
1484
1516
1517
1507
1520
1538
1533
1545
1566
1591
1617
1624
1641
1666
1659
1646
1618
1594
1550
1499
1482
1470
1463
1459
1464
1474
1486
1499
1513
1539
1552
1537
1525
1516
1499
1487
1476
1479
1482
1466
1461
1474
1477
1464
1462
1472
1477
1454
1467
1480
1480
1474
1476
1475
1474
1476
1492
1518
1533
1527
1523
1535
1512
1500
1499
1501
1486
1475
1442
1433
1422
1390
1372
1367
1362
1365
1393
1425
1437
1452
1447
1463
1468
1463
1458
1484
1470
1456
1455
1468
1481
1473
1492
1506
1510
1514
1516
1528
1529
1529
1515
1519
1507
1483
1481
1466
1446
1443
1459
1471
1481
1494
1496
1509
1500
1503
1490
1475
1469
1452
1436
1438
1403
1394
1371
1364
1346
1313
1281
1280
1241
1211
1181
1170
1151
1132
1125
1114
1116
1100
1104
1109
1109
1102
1110
1129
1129
1127
1145
1159
1179
1182
1196
1224
1226
1227
1216
1217
1220
1217
1217
1211
1195
1172
1167
1159
1151
1133
1101
1107
1094
1079
1063
1078
1090
1079
1079
1105
1102
1100
1109
1142
1139
1131
1133
1148
1151
1139
1137
1142
1135
1126
1119
1124
1111
1102
1101
1105
1096
1074
1064
1067
1071
1059
1047
1036
1028
1006
991
997
983
962
951
951
946
933
933
936
950
926
918
945
935
937
937
953
952
951
960
975
978
965
956
957
940
921
907
914
894
892
884
886
883
870
858
861
850
839
834
842
829
820
822
834
840
836
834
849
855
834
830
824
817
802
794
793
786
770
775
781
772
758
758
769
759
743
742
749
747
736
737
745
763
752
750
760
757
737
745
752
756
757
756
770
768
749
751
763
756
748
749
761
753
738
742
732
718
700
688
696
685
668
658
665
653
642
646
648
645
637
631
629
629
616
610
628
623
616
622
635
637
630
629
634
639
625
621
633
629
621
628
637
626
620
613
616
617
602
590
605
597
585
593
605
602
589
582
587
583
574
583
597
598
592
598
603
613
606
604
612
616
601
588
595
587
574
570
575
571
555
552
560
546
529
530
540
534
523
528
534
536
529
537
546
550
552
561
573
560
545
540
540
547
548
565
576
587
582
586
594
597
587
586
592
586
574
580
582
576
573
567
582
569
561
559
554
557
543
520
525
517
501
499
510
514
497
488
494
485
463
453
446
424
412
408
413
401
385
390
405
408
407
412
432
437
427
433
444
441
432
434
448
458
462
455
478
485
479
476
491
497
485
488
491
494
481
477
483
484
475
484
493
496
490
489
495
493
492
497
507
513
511
516
533
528
535
536
533
268
-4
-3
-3
-3
-4
-4
-4
-5
435
436
-6
-5
-5
-4
-4

