;UFOS3
;Measurement details: channel = S, date = 12.09.2015, time = 04:53:42
Exposure=930
Gain=0
Temperature=24.0
Accummulate=4
4.741233987257207 mu
4.906896804779714 amas
11.312 hs
200 ozone
149175 uva
12506 uvb
9873 uve
[Value]
-5
248
250
248
248
249
249
248
270
267
348
345
263
266
359
359
276
275
355
376
265
283
392
369
281
278
399
393
290
287
402
376
289
288
376
371
286
281
381
386
283
282
373
374
282
286
402
397
297
293
385
387
277
289
404
397
278
281
392
400
280
297
388
400
288
285
398
374
280
285
367
400
286
298
382
386
277
285
383
379
286
290
406
388
277
286
385
396
285
286
386
391
279
284
392
378
282
281
376
403
289
284
380
389
282
298
402
386
282
288
400
376
284
288
389
394
289
279
381
389
275
282
394
391
279
294
382
371
276
290
391
399
276
286
383
392
274
285
385
385
287
280
400
400
281
289
391
403
283
291
417
402
280
282
392
384
280
285
401
398
285
288
388
386
290
297
398
402
283
284
384
408
281
293
377
407
281
289
397
390
279
290
404
387
288
291
371
369
287
282
390
398
281
293
396
392
289
283
381
392
282
286
382
385
282
283
382
390
281
292
380
382
289
287
397
394
283
283
388
390
284
289
380
400
280
289
392
382
288
291
401
382
286
288
378
395
296
287
395
378
283
282
374
391
280
288
395
381
285
279
390
379
289
285
380
390
285
291
415
382
283
286
398
377
281
280
402
383
278
283
384
377
272
294
392
389
290
275
398
386
286
290
403
388
288
284
409
378
288
280
395
383
279
283
391
384
277
286
393
387
272
279
392
388
285
287
403
394
293
287
389
392
277
285
406
371
299
290
402
379
288
288
393
408
277
282
412
401
291
280
378
391
285
279
394
387
283
279
388
382
280
293
385
402
288
296
387
405
282
296
400
389
287
285
371
384
288
288
381
380
282
290
386
375
281
290
372
389
284
275
397
399
286
289
385
386
284
291
401
395
281
285
383
381
285
287
395
402
283
290
414
383
281
280
388
399
287
292
405
400
285
281
396
394
290
295
402
386
276
296
398
391
290
298
390
401
291
281
387
394
281
288
386
398
286
279
365
391
278
289
392
385
277
281
380
404
280
289
391
389
290
281
400
385
283
283
393
405
281
292
393
416
284
285
385
384
285
298
395
394
285
284
386
381
280
281
399
374
283
281
376
389
287
292
392
380
289
293
380
390
286
280
382
407
271
291
393
400
277
302
397
392
274
294
380
381
287
278
376
394
287
285
395
386
278
284
370
404
276
292
403
405
284
282
390
390
287
286
395
394
283
285
392
396
285
287
389
395
290
285
399
389
287
291
391
386
284
291
391
381
296
285
380
385
287
289
391
405
276
285
384
381
290
287
387
380
285
289
406
387
302
293
402
418
284
290
375
403
293
290
405
390
282
292
392
381
288
286
399
403
286
285
397
401
286
285
392
388
286
293
379
394
283
294
378
403
277
289
392
399
278
292
389
377
292
290
393
402
275
287
410
396
288
287
397
396
294
291
394
385
285
300
414
396
291
286
390
408
296
298
407
375
276
283
379
382
282
284
395
416
285
299
395
392
282
285
374
395
299
293
416
397
286
296
401
392
286
284
399
406
276
290
404
387
280
292
397
404
291
296
392
387
278
291
385
391
278
291
403
398
289
294
403
388
284
291
406
413
293
296
394
377
292
292
392
396
297
299
378
400
292
289
416
401
285
293
387
397
289
297
417
383
295
293
373
399
285
295
403
405
288
290
401
392
291
288
384
382
284
302
408
402
289
303
413
377
286
294
379
386
297
284
396
390
287
290
394
398
291
299
402
398
288
299
401
410
300
306
406
401
309
296
406
399
300
305
398
403
301
298
436
397
299
310
405
408
306
309
411
408
300
311
418
416
310
312
400
398
301
310
426
421
301
315
416
405
300
310
415
412
305
304
425
427
302
303
423
409
310
311
419
422
309
311
400
389
304
307
419
410
310
319
424
404
311
314
419
434
318
312
427
432
311
324
422
423
324
319
422
411
329
317
421
447
330
328
453
426
339
343
446
443
329
337
446
445
344
348
462
454
336
345
433
462
334
346
476
455
343
338
453
459
341
351
457
442
338
344
473
444
343
357
465
457
350
361
460
458
358
357
463
453
373
366
488
465
365
373
476
474
367
381
472
477
384
373
499
476
360
374
485
478
380
379
473
471
364
377
478
489
371
385
477
483
387
385
487
515
399
404
518
507
398
399
522
506
416
405
503
511
397
408
510
521
423
415
521
516
424
432
546
541
434
430
561
545
452
444
588
565
445
454
564
562
452
464
566
559
457
450
530
549
421
434
526
541
426
432
543
535
429
441
556
539
443
447
560
579
471
492
601
608
499
571
619
636
512
528
639
644
541
546
670
676
563
579
657
689
583
590
708
712
602
598
718
715
606
611
718
723
602
605
722
709
589
592
719
691
569
584
677
676
567
573
675
674
589
586
691
729
598
610
720
739
636
664
790
786
683
707
816
863
718
722
852
832
722
719
849
826
705
718
831
805
696
694
790
815
672
670
766
779
661
666
769
781
669
669
790
796
686
700
816
812
711
734
854
843
753
759
900
890
778
789
924
934
822
815
950
940
813
825
930
936
819
814
920
921
798
787
907
878
759
760
863
883
757
756
881
883
747
771
872
874
764
760
876
877
760
774
863
872
760
766
846
850
739
731
864
836
719
715
804
834
690
685
805
772
674
671
776
790
679
688
788
807
677
698
802
833
704
718
816
836
740
758
868
878
775
792
917
913
820
822
938
957
834
848
940
974
860
874
999
989
881
899
1015
1013
915
917
1014
1012
903
906
1016
1010
888
899
993
990
869
858
976
958
856
841
963
968
838
831
967
942
853
859
986
1007
899
917
1040
1065
959
980
1114
1145
1039
1072
1208
1221
1125
1123
1270
1276
1174
1196
1331
1336
1217
1228
1347
1371
1247
1270
1407
1373
1286
1304
1408
1431
1299
1322
1440
1456
1320
1321
1439
1429
1333
1327
1430
1461
1333
1339
1458
1436
1330
1314
1442
1423
1300
1302
1409
1402
1288
1286
1416
1408
1276
1279
1386
1363
1250
1249
1378
1351
1249
1250
1372
1368
1260
1273
1394
1383
1276
1299
1424
1438
1327
1346
1476
1488
1394
1430
1553
1566
1486
1503
1641
1668
1576
1608
1748
1760
1677
1698
1861
1875
1763
1784
1940
1930
1825
1840
1975
1972
1871
1894
2001
2022
1901
1913
2037
2003
1882
1885
1976
1969
1852
1824
1947
1888
1765
1750
1865
1833
1698
1676
1782
1748
1621
1605
1708
1702
1590
1581
1667
1683
1579
1577
1688
1700
1570
1593
1697
1723
1578
1593
1701
1697
1602
1618
1756
1755
1633
1649
1785
1771
1685
1674
1798
1807
1679
1692
1802
1812
1691
1702
1831
1806
1703
1713
1821
1805
1692
1688
1798
1800
1664
1657
1731
1747
1627
1605
1730
1712
1612
1610
1728
1731
1618
1624
1713
1714
1586
1593
1676
1674
1532
1530
1629
1629
1514
1490
1607
1580
1451
1455
1576
1541
1425
1416
1542
1536
1406
1417
1500
1552
1443
1461
1584
1616
1506
1520
1639
1647
1525
1542
1641
1653
1541
1540
1660
1635
1533
1530
1647
1628
1533
1540
1656
1645
1524
1540
1641
1663
1549
1550
1667
1688
1579
1595
1709
1710
1587
1582
1660
1655
1520
1504
1603
1570
1402
1393
1506
1456
1327
1314
1417
1422
1287
1289
1413
1388
1285
1295
1400
1411
1304
1331
1438
1454
1324
1338
1437
1451
1297
1287
1393
1390
1244
1243
1355
1340
1210
1233
1343
1371
1249
1273
1438
1433
1335
1367
1520
1512
1408
1418
1539
1563
1446
1467
1568
1578
1479
1485
1589
1615
1490
1494
1616
1592
1488
1505
1646
1642
1534
1561
1669
1692
1601
1633
1761
1771
1672
1691
1796
1801
1675
1690
1796
1809
1660
1664
1795
1782
1643
1656
1801
1783
1673
1673
1821
1810
1700
1726
1863
1893
1773
1808
1937
1972
1871
1900
2032
2052
1952
1971
2094
2078
1974
1973
2120
2111
1977
1973
2086
2098
1948
1947
2047
2019
1909
1920
2037
2029
1910
1912
2048
2039
1918
1923
2019
2001
1893
1886
1999
1997
1890
1895
2010
2017
1897
1914
2028
2035
1931
1953
2084
2095
2004
2019
2135
2166
2088
2088
2203
2204
2133
2133
2278
2280
2146
2167
2278
2261
2144
2134
2257
2247
2123
2143
2251
2250
2142
2164
2282
2298
2190
2196
2292
2296
2186
2193
2309
2312
2202
2184
2299
2277
2178
2169
2261
2240
2131
2104
2185
2164
2019
1990
2085
2061
1902
1878
1961
1930
1769
1739
1851
1787
1638
1615
1727
1684
1575
1575
1684
1684
1561
1573
1708
1734
1662
1691
1852
1871
1782
1819
1957
1964
1897
1915
2034
2047
2075
1976
2104
2121
1994
2015
2125
2127
2002
2008
2106
2073
1946
1940
2040
2032
1871
1866
1964
1941
1794
1789
1888
1868
1744
1742
1834
1853
1718
1710
1841
1839
1717
1740
1863
1860
1779
1781
1952
1930
1845
1857
1984
1982
1866
1871
1970
1984
1834
1841
1946
1935
1784
1776
1862
1858
1707
1702
1812
1783
1635
1632
1738
1719
1593
1586
1725
1697
1600
1601
1723
1732
1612
1621
1759
1766
1640
1640
1772
1782
1662
1673
1793
1797
1684
1677
1783
1785
1654
1651
1763
1744
1625
1628
1735
1714
1590
1594
1698
1709
1579
1576
1688
1676
1538
1535
1643
1621
1500
1516
1624
1631
1525
1549
1670
1706
1603
1631
1751
1765
1673
1692
1823
1855
1752
1777
1911
1931
1835
1835
1971
2003
1886
1893
2033
2007
1886
1906
2014
2003
1891
1878
1965
1984
1838
1844
1959
1911
1792
1778
1880
1860
1712
1706
1837
1803
1687
1710
1823
1805
1711
1728
1859
1868
1752
1760
1931
1914
1811
1800
1919
1933
1787
1801
1887
1901
1771
1743
1842
1815
1683
1666
1770
1741
1618
1620
1726
1716
1623
1649
1779
1786
1673
1707
1849
1868
1775
1792
1925
1949
1862
1898
2043
2083
1971
1995
2108
2126
2020
2045
2160
2173
2071
2102
2196
2231
2118
2146
2286
2276
2166
2161
2306
2291
2195
2224
2343
2339
2237
2238
2359
2384
2261
2278
2397
2397
2291
2306
2407
2402
2277
2274
2375
2345
2227
2211
2313
2283
2160
2171
2250
2268
2146
2162
2279
2288
2162
2179
2301
2300
2203
2215
2344
2340
2232
2242
2353
2358
2236
2253
2364
2397
2298
2309
2437
2431
2325
2324
2422
2407
2272
2256
2347
2333
2216
2184
2281
2266
2121
2098
2178
2128
1991
1960
2043
2025
1892
1877
1989
1984
1863
1872
1996
2039
1914
1921
2058
2058
1960
1974
2133
2129
2034
2031
2136
2121
2001
2002
2083
2036
1916
1892
1986
1940
1826
1781
1876
1824
1693
1675
1762
1719
1578
1558
1663
1630
1536
1535
1655
1655
1577
1590
1749
1766
1668
1702
1838
1852
1783
1827
1973
1992
1927
1978
2143
2139
2064
2106
2232
2263
2175
2200
2324
2320
2237
2237
2368
2365
2269
2264
2400
2396
2268
2269
2370
2348
2231
2223
2305
2296
2138
2109
2176
2139
2005
1967
2020
2027
1885
1838
1962
1924
1770
1740
1870
1848
1696
1711
1822
1832
1704
1713
1842
1833
1725
1732
1859
1871
1763
1758
1907
1889
1754
1753
1855
1843
1710
1713
1840
1801
1665
1667
1777
1780
1651
1656
1776
1767
1656
1680
1808
1826
1729
1760
1905
1952
1855
1895
2035
2050
1955
1965
2090
2063
1955
1934
2030
2020
1882
1875
1939
1942
1797
1774
1882
1866
1713
1694
1800
1777
1667
1651
1774
1808
1671
1713
1845
1846
1770
1807
1917
1944
1845
1849
1993
1987
1871
1882
1988
1970
1839
1854
1973
1936
1821
1798
1908
1873
1746
1736
1846
1816
1693
1692
1796
1810
1678
1694
1838
1859
1752
1775
1914
1936
1841
1857
2004
2036
1941
1969
2088
2140
2035
2067
2213
2200
2129
2148
2269
2281
2162
2181
2301
2322
2191
2206
2308
2337
2209
2210
2347
2329
2296
2226
2348
2324
2207
2206
2290
2317
2171
2177
2285
2276
2157
2180
2298
2308
2186
2199
2313
2331
2218
2239
2367
2365
2248
2260
2411
2368
2264
2269
2388
2384
2241
2220
2336
2301
2174
2170
2290
2288
2147
2169
2267
2266
2168
2169
2298
2300
2187
2200
2301
2314
2219
2211
2298
2339
2230
2231
2339
2345
2251
2271
2415
2408
2325
2335
2481
2485
2395
2423
2547
2551
2464
2516
2632
2647
2565
2598
2686
2717
2663
2687
2736
2746
2714
2738
2763
2776
2771
2771
2805
2801
2816
2809
2822
2821
2807
2800
2804
2789
2754
2703
2717
2668
2580
2533
2592
2582
2432
2410
2482
2456
2351
2374
2508
2511
2425
2463
2572
2623
2585
2642
2734
2756
2763
2795
2811
2838
2848
2872
2875
2899
2898
2920
2919
2937
2931
2945
2941
2924
2892
2706
2691
2571
2431
2393
2476
2456
2335
2332
2444
2414
2328
2331
2463
2470
2406
2438
2587
2585
2527
2560
2654
2680
2618
2624
2684
2640
2554
2497
2569
2480
2335
2276
2325
2287
2135
2083
2179
2141
1957
1942
2058
2013
1914
1905
2040
2047
1963
1985
2142
2164
2074
2107
2232
2291
2186
2201
2326
2299
2180
2205
2261
2253
2105
2074
2163
2101
1944
1917
1969
1954
1787
1775
1930
1903
1789
1809
1938
1959
1892
1939
2096
2139
2075
2128
2287
2311
2233
2261
2374
2428
2291
2304
2407
2397
2273
2264
2368
2350
2207
2193
2281
2256
2111
2093
2192
2155
2034
2025
2121
2135
2024
2035
2147
2135
2036
2039
2139
2155
2035
2031
2133
2128
2031
2059
2174
2172
2077
2100
2236
2228
2136
2158
2297
2298
2205
2228
2386
2347
2259
2279
2413
2413
2321
2330
2450
2469
2372
2378
2516
2512
2415
2413
2513
2545
2428
2446
2567
2536
2436
2428
2513
2485
2367
2346
2428
2391
2279
2244
2328
2269
2167
2134
2245
2197
2059
2037
2142
2116
2047
1947
2063
2016
1911
1901
2018
2000
1876
1859
1966
1920
1811
1801
1915
1883
1758
1759
1893
1872
1767
1780
1915
1941
1838
1856
2022
2012
1943
1969
2085
2103
2008
2033
2169
2185
2090
2096
2229
2209
2129
2130
2244
2224
2137
2137
2248
2227
2100
2097
2186
2169
2040
2018
2110
2086
1955
1918
2065
1995
1885
1863
1946
1912
1766
1748
1847
1794
1657
1638
1745
1735
1613
1631
1727
1715
1618
1589
1676
1664
1540
1525
1620
1555
1445
1444
1560
1515
1410
1414
1536
1514
1381
1380
1511
1445
1351
1331
1437
1416
1308
1311
1441
1428
1309
1321
1459
1436
1327
1329
1434
1427
1306
1306
1429
1398
1298
1314
1434
1447
1350
1371
1532
1552
1468
1485
1621
1654
1562
1598
1742
1776
1701
1750
1919
1940
1848
1883
2032
2045
1947
1967
2092
2095
1980
2000
2111
2087
1994
1994
2115
2099
1992
1982
2084
2069
1947
1943
2032
2029
1908
1897
2000
1998
1836
1812
1899
1837
1690
1664
1769
1753
1620
1648
1753
1771
1663
1685
1854
1851
1775
1797
1952
1985
1901
1944
2122
2147
2049
2077
2182
2176
2051
2041
2131
2088
1965
1923
2021
2015
1878
1873
2000
2003
1895
1920
2041
2030
1941
1937
2058
2059
1939
1946
2060
2099
1984
2000
2112
2122
1991
1990
2108
2066
1943
1939
2073
2021
1907
1906
2013
1990
1879
1883
2026
1980
1880
1860
1983
1954
1855
1855
2006
2000
1891
1917
2074
2060
1974
1983
2135
2128
2048
2076
2206
2266
2164
2200
2349
2323
2263
2282
2422
2403
2310
2321
2438
2422
2309
2315
2460
2424
2316
2318
2389
2382
2265
2246
2321
2344
2209
2171
2305
2269
2142
2152
2290
2260
2158
2172
2286
2304
2193
2205
2332
2322
2264
2280
2413
2410
2331
2354
2478
2480
2392
2402
2514
2479
2401
2374
2491
2471
2350
2339
2432
2417
2272
2233
2306
2295
2137
2108
2211
2168
2048
2014
2117
2073
1952
1948
2034
2037
1863
1851
1924
1907
1754
1734
1847
1772
1632
1592
1657
1597
1407
1357
1448
1343
1171
1113
1163
1119
985
935
1049
1020
876
864
984
972
861
879
1013
1028
930
952
1097
1100
987
1003
1130
1132
1016
1041
1170
1154
1074
1114
1235
1303
1217
1272
1441
1485
1412
1442
1607
1643
1542
1581
1717
1735
1635
1652
1780
1796
1667
1675
1834
1839
1725
1746
1854
1865
1749
1752
1891
1869
1765
1763
1875
1878
1748
1743
1867
1863
1721
1717
1816
1788
1654
1635
1731
1676
1542
1504
1614
1564
1408
1384
1489
1427
1275
1228
1302
1276
1080
1035
1112
1078
920
917
1015
984
873
857
960
949
842
848
971
989
887
906
1055
1078
986
1018
1180
1214
1146
1197
1352
1386
1290
1327
1479
1500
1411
1444
1596
1618
1518
1522
1662
1665
1572
1606
1737
1732
1626
1653
1776
1759
1650
1669
1779
1792
1657
1675
1783
1786
1683
1679
1803
1798
1707
1717
1832
1869
1729
1727
1847
1860
1748
1743
1874
1872
1723
1734
1835
1807
1671
1654
1782
1767
1662
1664
1782
1787
1670
1683
1817
1828
1732
1727
1878
1856
1742
1735
1865
1838
1725
1729
1850
1808
1713
1714
1831
1826
1693
1709
1857
1794
1706
1700
1817
1825
1731
1734
1870
1871
1762
1780
1913
1915
1787
1813
1928
1895
1790
1789
1928
1897
1806
1792
1936
1900
1791
1802
1902
1877
1785
1808
1931
1909
1783
1804
1938
1909
1796
1812
1917
1928
1815
1817
1949
1950
1818
1822
1904
1934
1792
1790
1941
1863
1750
1763
1880
1821
1699
1669
1762
1766
1624
1622
1757
1734
1600
1595
1761
1756
1630
1668
1816
1840
1720
1745
1892
1857
1779
1802
1929
1944
1838
1833
1967
1940
1778
1728
1816
1749
1589
1553
1666
1667
1542
1545
1700
1685
1575
1591
1731
1736
1630
1629
1766
1764
1653
1673
1831
1834
1720
1744
1893
1880
1771
1762
1851
1849
1718
1706
1821
1799
1664
1680
1787
1777
1662
1667
1781
1798
1660
1656
1782
1737
1585
1572
1692
1681
1560
1558
1668
1679
1540
1530
1659
1641
1547
1556
1694
1685
1582
1583
1716
1708
1601
1625
1767
1773
1635
1644
1780
1757
1620
1635
1771
1751
1622
1597
1710
1675
1556
1544
1673
1638
1537
1538
1659
1658
1550
1548
1684
1680
1560
1586
1707
1694
1605
1602
1746
1744
1628
1657
1802
1782
1666
1673
1803
1805
1682
1667
1829
1770
1669
1667
1791
1785
1672
1691
1825
1790
1676
1679
1787
1786
1646
1637
1736
1718
1584
1585
1664
1689
1526
1520
1630
1596
1473
1434
1514
1486
1334
1329
1410
1378
1250
1240
1330
1334
1180
1167
1277
1261
1145
1152
1292
1278
1182
1202
1355
1350
1246
1289
1444
1444
1342
1372
1502
1493
1403
1410
1524
1527
1410
1409
1542
1532
1410
1415
1543
1542
1415
1406
1525
1546
1404
1394
1510
1503
1373
1354
1508
1489
1347
1345
1459
1451
1306
1316
1439
1412
1282
1281
1418
1383
1292
1293
1390
1412
1284
1254
1371
1357
1234
1218
1346
1299
1187
1166
1279
1268
1150
1155
1277
1244
1134
1129
1295
1245
1127
1133
1245
1240
1126
1142
1270
1271
1160
1157
1305
1289
1156
1158
1262
1254
1121
1114
1252
1230
1100
1086
1223
1208
1068
1072
1187
1184
1059
1042
1177
1153
1024
1019
1154
1158
1034
1052
1182
1163
1013
1026
1144
1132
1005
1010
1148
1134
987
996
1115
1104
989
991
1117
1086
970
974
1102
1065
964
974
1109
1078
971
988
1138
1108
987
994
1122
1096
999
998
1092
1133
975
982
1115
1084
979
972
1102
1074
955
959
1096
1052
925
922
1050
1019
912
897
1014
1005
874
890
1012
1003
873
868
1042
980
848
851
980
954
851
862
984
963
841
850
984
971
855
866
986
981
861
866
983
992
858
856
974
954
837
836
945
940
837
831
970
943
832
835
965
954
825
831
965
944
840
841
976
958
836
840
980
953
824
796
911
879
800
807
927
898
794
788
922
914
774
781
897
887
762
773
867
885
781
795
901
917
788
803
929
916
793
778
908
895
757
777
919
896
773
760
891
881
741
737
876
813
711
710
850
805
706
708
870
849
732
737
887
890
753
767
889
882
754
749
888
886
763
757
863
906
756
758
872
864
738
730
851
846
720
719
827
831
705
707
829
837
724
722
872
841
735
743
864
865
758
760
905
912
802
814
951
672
246
248
249
247
248
248
247
247
725
737
246
248
249
-5
-5

