;UFOS3
;Measurement details: channel = D, date = 12.09.2015, time = 04:58:56
Exposure=885
Gain=0
Temperature=24.0
Accummulate=4
4.523174146836237 mu
4.665824198210787 amas
11.953 hs
0 ozone
27857 uva
11444 uvb
9414 uve
[Value]
-5
247
249
250
247
249
248
250
271
266
344
345
263
267
355
352
277
275
351
371
266
278
379
358
275
270
391
381
281
280
389
363
282
280
364
360
277
273
371
375
273
274
360
365
273
279
389
388
287
285
376
375
272
279
392
386
268
272
381
388
273
285
373
391
278
278
383
364
273
276
359
388
278
288
369
375
269
278
369
368
277
280
394
375
270
277
374
382
276
280
375
383
271
275
379
366
273
274
367
389
280
276
366
378
275
289
390
376
272
280
389
366
278
280
375
383
281
273
366
375
268
274
383
381
269
285
370
360
267
282
378
388
270
278
371
381
266
274
374
373
276
271
387
390
273
281
380
393
272
281
401
388
271
273
378
376
272
278
387
387
273
278
376
370
282
287
383
392
275
277
376
396
274
283
366
390
272
280
382
378
272
280
396
378
280
280
358
363
279
276
373
389
274
283
383
382
281
274
369
380
273
279
368
369
272
276
369
380
272
283
367
369
280
280
383
382
275
274
377
378
274
278
368
388
270
280
379
374
279
281
384
369
277
281
364
381
286
279
387
364
274
272
361
381
273
280
384
372
275
271
378
370
280
277
368
382
277
283
401
372
274
277
385
369
273
274
391
371
269
279
372
365
268
282
378
378
280
266
383
374
277
280
389
376
280
275
393
368
281
272
383
372
270
274
377
369
267
278
381
378
266
272
380
375
277
279
390
386
282
279
379
382
271
277
392
361
288
282
391
369
278
279
383
394
270
273
398
386
283
276
364
379
275
272
382
372
275
274
376
370
269
282
375
390
276
287
373
393
273
286
387
377
279
278
358
372
280
278
367
368
274
282
374
365
274
281
357
378
277
268
384
383
276
280
372
373
273
284
389
382
273
276
370
369
276
278
382
388
275
282
402
370
272
274
373
388
281
284
394
385
277
273
380
386
281
286
388
375
269
286
385
378
279
290
379
389
281
274
376
384
274
280
373
386
276
270
353
381
271
278
378
376
268
274
365
392
271
279
376
378
280
273
390
372
274
274
380
393
271
284
381
406
273
279
372
371
275
286
379
379
277
276
369
368
271
272
386
361
275
273
364
375
278
282
376
370
279
282
368
376
277
270
368
391
263
282
382
387
269
292
385
378
267
286
369
366
279
270
366
381
277
275
382
374
270
274
358
390
267
286
389
393
277
275
375
380
277
277
381
386
272
275
377
384
274
278
375
384
281
277
386
379
278
282
373
372
276
280
379
369
287
277
367
371
278
279
379
393
269
274
368
367
279
278
373
367
274
277
393
374
289
281
386
403
274
282
364
389
279
277
389
376
274
282
380
369
276
275
384
386
275
276
384
390
277
275
378
373
273
282
362
381
271
283
365
389
268
280
377
384
267
282
372
362
283
280
378
388
267
277
391
382
279
278
380
381
282
280
378
370
275
286
397
384
280
276
377
392
285
288
397
363
264
272
364
367
269
274
380
401
272
289
382
378
270
276
358
381
283
283
401
384
276
284
386
379
278
273
384
389
265
278
386
374
269
280
384
388
280
286
379
369
268
280
369
373
268
280
385
385
278
282
387
373
273
279
389
399
282
284
375
361
277
280
376
379
284
284
362
383
279
278
398
382
273
281
368
379
275
283
397
366
282
279
355
383
274
281
381
387
276
275
379
373
276
277
363
364
271
288
388
383
274
287
395
355
272
276
359
370
280
270
376
374
271
274
369
375
274
280
380
371
270
277
375
384
279
283
380
380
286
272
377
374
278
277
368
375
274
275
411
369
274
285
375
378
281
283
381
378
272
283
387
386
280
284
369
365
272
282
393
387
271
286
378
371
272
280
378
378
276
278
389
392
273
275
384
374
277
280
388
385
277
281
364
353
272
274
379
370
274
284
384
363
275
279
377
391
278
276
382
388
273
284
377
375
279
275
373
362
282
270
369
391
277
276
391
368
282
285
382
378
269
275
377
377
279
282
394
387
271
279
359
394
269
282
406
383
279
274
380
388
276
283
385
368
269
276
401
371
272
284
388
378
276
285
381
376
280
277
379
371
286
280
394
371
277
283
375
378
273
285
369
381
285
280
399
375
268
281
387
379
284
284
375
371
269
279
371
387
271
283
367
372
280
275
367
399
279
282
386
379
275
277
392
379
289
279
370
380
268
278
371
383
287
278
376
367
280
283
390
379
280
273
388
371
279
272
399
381
269
277
378
380
278
289
389
385
291
285
363
386
265
281
366
383
278
281
383
379
275
282
384
369
274
274
372
388
276
291
386
386
276
331
376
388
271
277
373
375
274
273
375
379
271
280
354
378
273
279
381
383
279
273
382
381
277
280
378
388
276
279
388
385
278
284
405
387
274
288
374
379
274
283
370
371
284
281
375
401
274
281
374
384
271
289
388
375
271
279
374
405
271
272
390
371
275
271
390
374
269
286
388
372
279
280
370
399
276
278
371
381
276
285
374
387
274
275
375
378
277
279
381
366
272
285
387
374
274
276
393
380
269
275
382
393
282
274
387
381
267
281
368
381
276
277
377
388
282
276
390
370
270
275
367
395
282
276
393
393
271
290
381
376
279
277
381
380
276
286
372
378
279
288
361
370
273
272
397
379
275
278
365
408
275
279
390
363
281
277
375
387
282
285
381
391
272
282
372
398
274
285
366
373
271
284
380
375
270
279
381
369
281
274
373
389
269
279
352
377
275
279
383
373
272
286
381
372
281
280
371
364
270
280
377
377
273
289
378
381
278
276
382
371
281
272
382
397
277
271
390
363
282
279
386
391
281
280
376
383
273
279
372
384
276
288
387
388
285
271
382
385
271
278
389
392
277
280
377
388
270
291
396
362
274
284
374
394
271
282
380
397
277
278
380
379
277
279
368
397
282
279
392
372
274
277
385
376
273
278
373
379
278
280
398
391
275
285
381
367
272
274
385
366
280
277
377
379
277
285
384
375
277
285
386
396
276
284
383
381
272
285
378
371
275
275
368
388
280
285
388
376
280
275
392
385
271
277
389
384
275
275
387
381
274
288
377
394
276
285
408
382
271
293
371
381
276
283
392
364
270
276
397
386
281
280
383
378
274
282
369
383
275
278
348
376
276
281
378
389
271
286
377
402
272
274
371
365
274
273
396
388
276
278
395
379
296
279
384
388
272
276
375
389
272
286
395
377
279
288
394
373
274
274
386
384
279
285
359
392
310
275
383
375
272
285
372
378
273
289
371
385
272
286
375
383
270
276
368
386
285
275
387
378
270
285
395
373
281
285
400
388
275
285
350
391
277
288
379
395
279
281
378
386
268
279
368
381
279
280
385
373
278
285
383
366
282
289
387
378
272
286
368
385
283
279
374
388
283
289
382
382
276
277
360
374
277
286
404
394
276
283
397
376
275
278
372
384
277
279
389
377
274
288
364
381
277
285
378
391
273
289
374
402
277
277
380
390
274
283
392
390
273
286
383
392
269
276
399
373
277
279
395
378
276
279
371
377
277
287
366
374
277
281
367
393
285
283
383
368
273
283
392
381
276
284
369
380
271
286
374
379
283
286
375
379
268
280
376
393
270
279
392
387
272
278
404
384
277
277
398
377
271
283
387
402
274
283
371
382
276
278
381
383
277
285
384
367
274
278
396
400
278
284
379
403
276
279
383
373
274
292
394
381
275
275
396
388
274
275
371
376
276
277
382
371
281
289
381
390
275
280
379
383
269
279
378
387
279
281
365
382
286
279
366
361
276
279
390
397
267
282
382
382
274
275
381
383
275
288
386
371
269
284
382
387
276
277
364
383
267
277
387
390
282
279
384
367
272
281
375
371
274
284
377
377
277
278
391
392
273
286
386
385
275
285
397
385
276
277
391
366
287
286
394
392
273
276
373
377
283
278
388
382
272
277
377
363
286
284
377
387
395
289
385
393
268
294
387
387
279
285
380
370
271
276
386
386
268
278
381
383
276
283
379
382
278
290
372
387
279
278
392
388
272
282
387
380
280
280
400
366
283
286
383
381
274
290
377
400
272
289
387
392
270
284
374
389
274
285
398
386
274
279
387
383
279
275
390
374
281
282
385
383
275
278
393
391
279
279
378
385
278
275
381
382
286
281
377
379
278
279
388
380
280
285
387
375
273
276
383
389
278
280
392
392
269
281
390
374
273
286
378
373
273
283
371
387
279
288
379
373
269
277
368
390
274
284
387
382
279
276
374
393
280
274
398
374
270
280
381
380
285
279
363
387
272
291
403
369
280
283
393
396
272
280
402
384
279
292
392
378
271
286
387
391
267
275
410
386
276
276
375
389
271
282
372
384
286
281
374
377
280
279
381
369
278
280
372
365
274
284
383
374
272
276
382
392
283
278
375
383
278
279
378
393
272
285
374
374
280
279
378
370
275
286
360
386
270
284
398
390
275
278
381
372
278
286
391
385
279
280
377
394
272
286
382
380
275
285
381
379
275
283
384
368
281
283
390
379
283
282
359
385
273
279
385
392
272
274
388
366
274
281
396
384
279
280
386
383
273
284
368
386
280
277
387
374
283
283
386
393
277
273
371
384
276
275
374
386
277
281
381
381
276
283
379
383
285
285
390
401
279
285
377
412
281
279
384
372
272
277
399
385
291
289
382
377
271
283
386
361
278
282
388
377
285
281
384
364
278
284
394
383
268
275
377
356
273
277
387
376
277
280
400
386
274
275
375
360
274
282
380
371
276
284
415
377
277
279
370
369
277
274
383
365
276
279
393
378
278
278
393
403
277
288
392
379
280
286
381
397
273
284
367
366
271
277
345
378
287
275
404
400
279
281
394
396
270
285
388
386
275
278
388
381
275
280
392
380
279
279
407
383
275
280
379
384
274
284
410
390
268
282
378
376
270
285
387
371
272
280
380
378
281
277
368
385
274
283
380
386
273
275
380
374
274
282
381
389
275
284
375
388
276
283
397
396
285
280
394
370
284
279
381
402
273
289
387
374
282
293
368
373
274
276
392
385
275
290
382
376
267
282
395
382
284
283
393
384
278
283
397
387
281
282
379
390
270
271
387
389
278
285
391
391
289
278
388
386
287
282
373
391
271
287
393
365
279
295
383
386
270
276
379
391
273
276
377
397
275
278
410
383
368
289
401
387
274
279
361
404
271
281
380
374
272
284
394
394
272
276
372
385
274
280
390
384
271
273
407
373
271
278
388
395
278
280
391
378
274
273
399
396
275
290
384
378
270
287
390
385
270
277
372
373
283
284
362
393
283
282
376
381
278
274
399
387
282
279
394
382
274
292
394
359
267
289
390
390
266
279
387
401
277
285
402
369
272
284
381
361
273
283
404
376
272
286
349
372
274
280
382
382
277
273
373
368
277
282
391
409
269
283
372
359
272
289
397
390
277
281
361
376
283
281
395
386
272
289
381
367
278
279
373
390
269
283
388
369
277
279
387
393
274
273
381
377
276
280
391
388
282
287
399
376
286
279
387
373
283
286
398
375
267
281
384
384
282
288
394
368
282
281
401
368
274
276
368
374
269
278
396
401
266
276
404
377
286
280
387
373
276
279
396
377
270
282
369
393
280
286
389
375
270
284
372
374
272
281
395
374
279
295
378
397
270
274
408
395
279
281
378
367
274
285
380
377
275
279
390
379
275
284
372
403
276
281
390
370
276
279
387
393
271
282
392
384
278
278
389
378
273
280
361
385
289
289
394
378
288
294
379
389
279
281
373
366
274
289
395
375
271
281
396
372
272
282
385
377
271
278
406
361
275
282
396
386
276
278
375
383
273
278
409
393
279
276
365
385
268
283
410
377
275
282
377
372
274
284
384
368
279
283
389
363
284
284
406
383
275
278
393
393
349
277
384
363
274
275
390
376
279
281
381
364
273
279
391
385
272
278
397
373
274
281
381
388
278
282
402
366
282
287
377
370
277
272
383
384
278
285
389
360
284
280
383
360
273
288
382
372
274
284
378
380
280
276
380
382
280
271
410
366
279
288
383
374
275
284
396
378
278
278
374
382
268
286
376
376
285
278
365
368
278
280
380
346
272
280
394
358
275
280
390
377
271
280
396
361
285
279
381
364
275
282
392
387
273
282
387
366
272
280
375
368
273
277
390
362
275
285
383
391
276
278
397
393
289
278
380
375
272
279
379
374
277
282
393
383
271
278
380
366
277
286
383
380
273
285
384
365
273
282
388
376
283
278
382
378
276
280
371
382
277
277
387
389
272
278
397
376
273
274
384
386
272
289
372
381
273
278
406
377
277
273
383
379
271
275
403
392
275
293
378
375
275
288
391
375
289
282
388
392
275
274
390
379
280
288
392
378
290
287
396
392
281
273
366
388
280
284
381
390
276
283
398
377
272
282
409
374
275
288
389
370
272
280
398
372
284
276
394
367
276
274
405
384
274
282
395
378
276
275
396
370
277
282
373
395
285
292
399
361
278
275
393
365
281
283
390
378
270
274
411
378
285
283
376
383
280
277
361
398
280
271
407
388
268
282
411
371
276
280
383
396
282
280
381
367
285
281
387
371
278
277
378
372
277
280
384
358
285
281
392
383
281
277
390
400
283
277
375
398
276
277
391
374
279
278
388
363
281
289
383
402
273
290
375
382
278
285
406
375
278
284
385
379
274
281
423
376
281
287
376
379
291
278
404
399
282
283
392
384
284
289
395
393
280
283
396
377
273
279
378
377
269
283
383
362
276
288
367
394
277
278
383
383
274
273
386
391
277
283
381
382
275
282
386
400
279
283
398
397
276
287
383
377
277
282
400
383
281
285
378
387
272
274
389
394
281
282
391
388
283
284
397
382
285
279
403
387
277
285
410
394
284
284
396
416
279
282
383
387
274
288
393
376
287
288
381
375
278
281
390
395
286
283
393
391
274
278
384
379
278
282
386
390
274
282
384
373
276
279
390
391
286
274
384
366
275
286
392
377
273
284
396
379
276
287
376
392
274
280
374
382
285
280
386
383
284
289
388
410
279
279
375
395
276
280
396
391
274
276
386
382
277
279
393
372
274
282
378
380
277
284
385
388
282
278
398
383
276
281
410
377
282
287
395
359
284
294
397
391
275
281
413
365
279
275
372
380
288
289
393
376
278
280
387
387
273
290
401
381
279
287
406
375
284
276
402
381
276
291
390
365
279
292
405
377
276
288
415
383
279
293
380
382
277
287
398
400
275
288
356
403
278
278
424
367
280
297
409
366
281
274
379
391
273
283
408
392
280
281
414
391
272
283
392
397
286
276
412
365
284
280
377
387
288
284
409
392
277
278
397
386
287
278
396
390
280
280
409
390
279
279
390
377
279
275
390
383
273
276
397
389
272
283
401
379
290
281
372
378
277
284
386
381
273
287
386
373
273
281
380
399
274
279
411
394
280
283
398
391
277
281
387
396
277
287
392
380
287
284
398
375
278
275
393
379
278
279
399
394
274
289
410
393
272
283
402
392
285
279
393
366
283
276
394
366
275
278
378
383
279
281
396
393
275
292
392
373
287
280
398
384
272
284
409
382
276
281
386
386
285
278
423
368
273
280
386
382
281
291
402
373
278
288
388
394
279
283
389
388
282
286
377
410
277
282
393
378
287
288
389
380
271
286
384
378
277
286
382
399
276
277
388
374
272
280
402
370
276
282
393
372
270
281
396
374
274
284
386
370
282
284
382
384
280
280
395
397
277
279
386
397
277
277
383
408
286
282
394
388
279
274
410
399
283
286
396
390
272
283
399
377
280
279
401
372
282
292
379
406
294
278
384
377
279
277
399
384
281
273
391
387
286
285
393
369
278
275
419
382
277
277
375
376
271
282
383
388
282
276
398
389
277
282
388
390
276
280
408
395
287
282
402
392
275
278
388
388
285
280
405
393
281
277
389
385
277
292
411
399
269
286
396
396
279
284
413
400
277
287
397
387
284
290
403
377
276
277
391
366
275
283
402
371
274
286
418
391
282
285
398
369
279
283
375
423
277
285
400
372
286
280
396
379
275
283
411
384
275
284
399
375
287
280
386
385
273
288
398
388
278
280
444
392
275
279
385
368
275
284
395
386
272
275
394
382
278
288
391
389
282
284
389
400
283
282
394
380
277
282
381
380
289
286
399
378
278
283
400
393
272
276
395
380
285
282
408
389
273
278
398
391
286
276
385
360
285
289
393
365
278
284
406
402
280
292
396
396
278
284
364
374
281
285
383
399
274
278
391
382
281
279
398
396
278
291
410
385
280
274
398
392
280
283
417
375
283
278
406
372
282
280
416
391
281
273
391
400
271
286
393
394
282
282
401
393
289
285
381
419
281
282
389
384
277
277
390
394
283
281
381
384
273
276
381
386
281
277
406
377
280
285
393
384
278
277
387
392
283
280
396
392
249
250
248
248
249
249
248
247
272
284
247
248
248
-5
-5

