;UFOS3
;Measurement details: channel = S-D, date = 12.09.2015, time = 05:03:56
Exposure=837
Gain=0
Temperature=24.0
Accummulate=4
4.3327650014644545 mu
4.458372662955011 amas
12.563 hs
311 ozone
122308 uva
814 uvb
193 uve
[Value]
-7
-7
-6
-7
-7
-9
-8
-8
-7
-9
-7
-6
-6
-9
-8
-8
-8
-8
-8
-8
-7
-2
0
1
1
0
-3
0
-1
-1
4
1
-2
2
1
2
-1
-2
0
-4
0
2
-1
2
-1
1
2
-2
1
0
-1
2
1
2
-1
2
2
-4
1
1
1
0
2
-1
1
2
2
-2
1
1
-2
-2
0
0
1
3
2
-1
0
0
2
-1
1
1
-1
0
1
1
1
-1
2
-2
1
1
-1
-2
1
2
2
-1
2
-1
-2
0
-1
1
3
-2
-1
0
-1
-1
1
-1
-1
-2
1
0
0
1
-1
1
0
0
1
1
2
0
1
0
-1
3
2
-2
3
1
2
-2
3
0
3
1
2
1
2
2
-1
0
0
2
2
3
1
2
-1
2
0
1
2
-1
2
0
0
-1
2
3
0
1
3
-1
-2
1
2
1
1
2
3
2
1
-1
-2
1
0
-2
0
-1
2
-1
3
1
-1
3
2
0
2
-1
4
-1
2
2
2
-1
1
2
-1
0
-1
1
-1
2
0
0
-3
0
2
1
1
-2
0
-1
2
2
0
-2
1
1
-2
-2
0
-1
0
3
0
0
1
0
0
2
1
-2
0
0
0
-4
-2
-2
5
-1
-2
0
-1
0
-2
-1
1
1
-2
2
-1
1
1
-2
2
-1
-1
-1
-1
-1
0
0
4
0
1
3
0
0
-2
0
2
2
1
1
0
2
0
-1
2
-1
1
-1
3
-2
-3
0
2
1
2
-1
2
3
0
-1
2
1
-1
-2
0
1
0
-2
-1
2
1
-1
2
0
3
0
1
3
0
1
2
2
0
0
1
0
-2
0
0
4
-1
0
0
1
-1
0
3
4
1
2
1
3
2
2
-1
0
3
2
1
0
0
0
-3
0
2
-1
4
0
3
0
2
2
1
0
1
3
2
0
3
0
2
1
3
0
0
1
2
3
0
2
2
2
0
-1
1
1
1
2
2
-1
1
0
0
2
0
3
-1
0
1
0
-1
5
2
0
1
0
0
2
2
3
3
1
-1
1
1
-2
2
2
1
-1
2
-3
2
-1
-1
0
0
1
0
0
2
-1
1
1
1
-1
1
3
-1
0
0
2
-1
2
0
1
2
1
2
3
-1
0
-1
0
1
-2
3
1
0
1
0
0
2
0
-1
2
1
3
1
2
1
2
2
4
1
0
0
5
0
1
3
-1
2
0
2
0
0
-1
3
-1
1
-1
1
2
0
-1
0
2
0
1
4
0
0
-1
1
2
2
2
-1
5
1
2
2
4
2
-1
0
2
3
1
3
0
3
2
3
2
3
-1
0
0
3
1
2
-2
3
1
3
1
3
3
0
2
4
2
0
1
1
3
0
4
4
2
3
0
3
1
1
1
5
2
4
1
3
0
5
0
3
0
3
2
5
0
-1
0
2
2
0
2
5
2
2
1
2
0
5
2
2
3
3
3
6
3
4
3
4
2
2
1
2
4
1
2
4
4
4
4
2
1
3
2
-3
5
3
2
4
1
4
3
0
3
6
1
5
2
4
0
1
2
1
1
2
0
0
3
4
2
3
3
1
4
3
0
5
2
6
1
4
1
4
2
4
4
4
3
4
1
6
4
4
4
7
6
5
1
2
8
3
5
9
7
4
4
5
8
4
5
5
1
4
2
2
6
4
2
5
6
5
6
8
6
6
8
4
3
5
5
7
6
8
6
8
7
6
7
8
6
9
8
5
8
6
9
10
5
7
9
10
9
8
8
10
7
8
6
7
9
7
9
9
10
7
11
10
7
8
9
9
8
10
9
12
12
10
11
10
12
13
10
11
13
14
14
17
18
16
16
16
15
16
16
17
19
19
19
17
20
20
22
22
21
19
20
19
21
20
22
22
23
21
21
22
20
23
26
28
22
22
24
28
25
27
26
27
28
26
27
28
26
25
28
28
26
27
25
28
27
26
26
26
28
29
29
29
24
28
32
32
35
31
31
34
30
34
34
35
36
35
34
36
38
35
36
38
40
43
38
43
42
44
47
47
52
53
52
57
59
58
60
64
61
62
62
66
64
66
69
66
67
68
67
68
69
68
67
70
70
65
67
69
69
69
68
70
68
68
69
69
72
71
70
73
77
77
76
79
81
82
82
89
86
90
85
91
90
93
95
99
96
97
100
103
99
96
96
98
95
95
96
100
97
95
98
97
102
99
99
104
106
108
109
115
111
114
118
123
127
130
131
133
132
134
132
135
135
134
135
137
136
136
137
139
143
143
145
150
150
154
157
165
165
167
170
180
179
182
182
189
192
190
186
187
190
187
185
184
183
178
173
173
172
163
161
164
163
161
161
166
162
167
166
180
176
180
184
192
198
201
213
227
234
240
248
255
259
259
266
277
280
288
292
304
312
307
316
320
330
333
335
342
345
344
345
356
354
356
355
364
364
349
349
355
344
336
332
333
323
315
316
319
315
308
315
317
318
324
326
333
342
340
348
365
372
382
395
419
436
441
451
465
478
473
478
481
486
475
468
479
468
460
456
464
451
437
435
440
433
419
414
414
417
407
402
415
413
417
418
429
439
438
442
458
467
468
480
492
502
501
506
531
532
535
539
557
569
572
571
580
580
577
578
585
579
565
563
556
557
542
529
534
524
516
505
504
500
496
495
502
498
493
502
512
510
508
501
511
511
507
502
506
509
506
500
503
498
489
480
483
476
463
455
452
445
431
422
428
415
408
407
411
412
413
415
422
429
424
424
438
447
444
455
471
475
481
487
505
518
518
521
551
555
554
565
575
582
583
587
593
609
604
608
625
633
624
637
645
657
652
656
664
662
652
653
652
640
628
627
630
624
612
607
605
602
592
590
589
597
583
584
591
591
594
599
618
631
638
652
682
699
709
731
758
785
794
809
842
853
868
883
910
933
928
944
971
972
968
977
988
1002
1001
1013
1028
1026
1036
1040
1063
1065
1056
1065
1076
1080
1070
1074
1085
1077
1073
1078
1087
1088
1080
1083
1095
1093
1077
1068
1071
1071
1057
1053
1057
1046
1042
1034
1051
1044
1025
1021
1037
1019
1011
1007
1018
1011
1002
1004
1020
1025
1013
1023
1039
1039
1036
1050
1065
1067
1079
1093
1122
1142
1151
1165
1196
1228
1238
1256
1291
1308
1326
1347
1380
1402
1430
1455
1489
1508
1522
1544
1576
1582
1578
1590
1609
1618
1631
1638
1658
1667
1662
1661
1655
1665
1652
1626
1631
1628
1599
1585
1580
1556
1523
1505
1496
1472
1447
1437
1430
1404
1376
1363
1367
1348
1340
1330
1348
1336
1336
1331
1340
1339
1331
1331
1349
1357
1349
1345
1367
1367
1371
1364
1377
1394
1389
1397
1417
1420
1423
1422
1445
1443
1429
1437
1445
1447
1435
1443
1457
1446
1451
1446
1450
1448
1442
1439
1436
1426
1407
1386
1383
1373
1375
1357
1366
1354
1354
1354
1372
1367
1360
1351
1358
1345
1340
1322
1318
1306
1283
1276
1277
1258
1249
1233
1238
1225
1205
1191
1204
1186
1172
1161
1158
1159
1149
1154
1172
1175
1183
1201
1226
1243
1244
1258
1275
1286
1280
1279
1291
1291
1288
1272
1286
1274
1280
1272
1280
1270
1273
1271
1283
1281
1269
1272
1282
1284
1280
1285
1309
1318
1323
1330
1346
1346
1333
1317
1310
1289
1255
1229
1217
1179
1144
1122
1110
1086
1064
1055
1050
1041
1024
1018
1024
1017
1021
1027
1032
1047
1042
1051
1068
1075
1062
1074
1075
1062
1047
1020
1022
1012
986
970
968
963
949
956
974
988
985
1009
1045
1061
1082
1101
1130
1150
1150
1156
1174
1188
1184
1198
1208
1227
1223
1222
1231
1236
1226
1224
1236
1243
1235
1243
1262
1267
1271
1286
1316
1316
1352
1371
1391
1404
1413
1422
1439
1432
1430
1419
1431
1423
1414
1406
1417
1407
1389
1392
1408
1413
1411
1414
1428
1446
1450
1461
1492
1507
1509
1543
1581
1603
1630
1649
1667
1683
1712
1713
1728
1729
1727
1728
1745
1734
1720
1714
1724
1709
1698
1681
1680
1659
1651
1648
1660
1665
1656
1656
1669
1666
1666
1665
1665
1639
1644
1631
1632
1633
1629
1617
1638
1644
1641
1646
1666
1668
1676
1691
1722
1725
1746
1752
1783
1804
1826
1829
1851
1862
1873
1875
1901
1902
1896
1900
1909
1900
1881
1880
1883
1876
1867
1872
1883
1888
1899
1903
1915
1926
1934
1940
1941
1935
1940
1941
1935
1938
1933
1942
1927
1930
1919
1907
1900
1887
1872
1844
1830
1799
1762
1732
1702
1686
1646
1610
1584
1560
1507
1473
1457
1419
1386
1353
1351
1329
1303
1296
1296
1301
1298
1313
1339
1371
1386
1425
1474
1503
1526
1555
1589
1618
1623
1645
1664
1691
1700
1711
1730
1734
1740
1742
1750
1751
1745
1738
1736
1713
1690
1679
1669
1645
1623
1606
1588
1566
1539
1526
1515
1495
1478
1473
1476
1467
1452
1450
1461
1461
1460
1466
1487
1493
1509
1518
1555
1570
1575
1592
1610
1616
1607
1597
1598
1592
1578
1560
1567
1549
1524
1514
1500
1471
1446
1435
1423
1404
1374
1355
1361
1349
1328
1336
1337
1330
1334
1328
1343
1358
1345
1352
1375
1375
1376
1383
1403
1404
1404
1407
1425
1419
1415
1410
1414
1407
1395
1378
1385
1373
1363
1359
1357
1346
1326
1330
1326
1321
1311
1301
1304
1296
1273
1262
1273
1254
1244
1243
1255
1267
1265
1282
1312
1322
1325
1352
1381
1397
1415
1433
1460
1478
1497
1513
1538
1548
1572
1581
1608
1623
1619
1630
1639
1647
1634
1637
1643
1631
1625
1606
1608
1604
1586
1568
1570
1550
1518
1504
1491
1478
1447
1443
1441
1428
1427
1432
1438
1444
1446
1452
1479
1495
1497
1500
1532
1537
1539
1548
1559
1563
1542
1534
1535
1516
1501
1476
1470
1445
1421
1398
1392
1368
1348
1348
1361
1360
1365
1371
1404
1414
1419
1445
1475
1489
1503
1521
1553
1578
1600
1634
1667
1696
1712
1718
1745
1764
1771
1780
1796
1815
1816
1834
1847
1863
1865
1878
1896
1907
1914
1906
1930
1936
1938
1946
1962
1970
1977
1991
2000
2002
2008
2015
2026
2022
2025
2035
2036
2050
2021
2007
2002
1991
1964
1942
1931
1912
1899
1905
1906
1903
1890
1893
1907
1905
1919
1920
1928
1946
1948
1946
1963
1969
1969
1973
1985
1988
1986
1998
2006
2029
2035
2043
2060
2070
2062
2052
2048
2019
2017
2004
1988
1967
1948
1931
1917
1899
1865
1830
1804
1771
1734
1698
1673
1643
1609
1597
1617
1602
1603
1601
1626
1641
1652
1654
1681
1689
1700
1711
1750
1752
1760
1764
1772
1752
1742
1732
1699
1687
1659
1629
1614
1581
1548
1520
1494
1465
1428
1396
1379
1342
1316
1296
1292
1271
1259
1258
1273
1283
1300
1317
1359
1388
1404
1439
1480
1494
1525
1554
1596
1635
1659
1705
1745
1769
1800
1839
1871
1901
1917
1941
1947
1970
1985
1975
1984
1988
2008
2004
2018
2018
1998
2002
1993
1981
1972
1953
1940
1907
1875
1838
1811
1783
1743
1704
1684
1648
1615
1576
1557
1524
1499
1473
1468
1461
1436
1435
1440
1444
1432
1444
1444
1456
1464
1474
1484
1496
1496
1491
1498
1498
1492
1484
1481
1466
1438
1434
1439
1418
1400
1399
1398
1395
1388
1383
1396
1392
1393
1408
1438
1457
1469
1496
1549
1571
1595
1641
1662
1688
1692
1704
1715
1696
1687
1663
1663
1645
1623
1587
1570
1564
1525
1503
1499
1471
1439
1425
1415
1401
1390
1386
1395
1406
1410
1439
1464
1492
1497
1532
1551
1570
1582
1593
1600
1617
1613
1605
1612
1604
1591
1585
1587
1560
1539
1526
1510
1489
1479
1461
1448
1436
1423
1409
1429
1424
1419
1429
1463
1479
1476
1501
1528
1552
1565
1595
1622
1654
1672
1693
1729
1756
1769
1801
1826
1847
1867
1867
1901
1908
1909
1919
1940
1932
1939
1940
1942
1945
1952
1944
1961
1955
1948
1942
1957
1945
1950
1945
1934
1929
1914
1907
1914
1910
1901
1912
1917
1915
1920
1937
1940
1951
1963
1961
1981
1988
1991
1994
2019
2003
2012
2010
2008
2000
1970
1957
1950
1926
1919
1904
1910
1900
1894
1889
1890
1900
1901
1906
1917
1928
1935
1936
1945
1956
1943
1935
1955
1956
1956
1958
1976
1972
1990
2008
2030
2035
2057
2064
2092
2113
2134
2143
2169
2194
2219
2247
2246
2274
2309
2343
2311
2330
2403
2413
2351
2386
2463
2469
2398
2424
2507
2506
2415
2445
2552
2538
2486
2466
2556
2539
2444
2430
2502
2453
2365
2323
2327
2279
2212
2177
2166
2147
2120
2106
2103
2099
2114
2132
2158
2192
2226
2258
2314
2368
2342
2382
2497
2519
2439
2485
2573
2596
2511
2521
2632
2643
2535
2572
2657
2669
2561
2557
2652
2509
2372
2216
2179
2129
2098
2077
2069
2061
2052
2043
2058
2062
2080
2106
2146
2166
2195
2225
2278
2301
2294
2300
2357
2348
2294
2283
2292
2229
2162
2117
2078
2019
1967
1917
1867
1820
1783
1743
1714
1673
1661
1640
1634
1635
1656
1663
1687
1719
1766
1790
1813
1844
1879
1900
1905
1927
1941
1935
1932
1923
1908
1884
1848
1812
1776
1726
1679
1628
1601
1560
1530
1510
1518
1515
1517
1532
1562
1593
1630
1665
1726
1770
1807
1862
1903
1940
1969
1987
2018
2027
2025
2029
2024
2022
2012
1999
1998
1967
1950
1919
1893
1885
1852
1823
1806
1791
1764
1750
1764
1763
1741
1745
1759
1769
1763
1765
1774
1767
1758
1757
1766
1768
1761
1771
1782
1808
1812
1822
1849
1852
1872
1885
1911
1925
1950
1964
1977
1992
1999
2012
2027
2038
2057
2070
2091
2096
2120
2122
2116
2126
2158
2157
2153
2164
2180
2176
2175
2171
2184
2156
2142
2138
2109
2089
2060
2024
2005
1969
1945
1925
1890
1858
1844
1828
1791
1769
1755
1734
1702
1681
1679
1669
1652
1643
1644
1630
1603
1588
1582
1563
1539
1527
1515
1503
1497
1485
1489
1496
1502
1500
1529
1554
1566
1589
1626
1654
1670
1689
1717
1738
1744
1768
1785
1807
1821
1823
1840
1852
1861
1865
1868
1870
1869
1862
1864
1850
1837
1828
1807
1791
1762
1751
1740
1711
1683
1661
1657
1639
1607
1578
1569
1537
1501
1474
1452
1419
1382
1373
1367
1358
1342
1339
1354
1341
1324
1318
1317
1300
1271
1248
1235
1211
1174
1166
1162
1147
1139
1135
1137
1131
1116
1106
1102
1079
1070
1046
1055
1051
1029
1035
1052
1046
1043
1047
1056
1058
1051
1055
1057
1055
1031
1032
1038
1031
1026
1026
1054
1058
1073
1094
1129
1155
1180
1201
1243
1278
1294
1330
1367
1405
1435
1471
1521
1564
1588
1612
1661
1670
1677
1696
1713
1722
1724
1728
1729
1725
1727
1729
1727
1726
1715
1713
1719
1692
1677
1664
1666
1659
1647
1628
1614
1604
1575
1542
1504
1461
1417
1391
1383
1373
1357
1364
1375
1388
1398
1417
1441
1476
1500
1524
1577
1603
1635
1679
1722
1755
1770
1792
1816
1803
1779
1761
1742
1711
1680
1641
1635
1622
1604
1599
1611
1629
1618
1635
1651
1666
1655
1656
1669
1661
1664
1678
1696
1716
1711
1723
1735
1734
1723
1709
1705
1692
1681
1668
1667
1647
1637
1627
1624
1624
1613
1613
1624
1616
1602
1583
1588
1582
1586
1579
1607
1618
1623
1640
1675
1684
1703
1714
1740
1760
1786
1803
1847
1878
1890
1918
1950
1973
1996
2025
2031
2035
2033
2043
2047
2053
2052
2054
2046
2047
2045
2036
2017
2008
2004
1984
1970
1949
1931
1906
1907
1888
1882
1871
1896
1885
1895
1904
1912
1911
1924
1936
1950
1966
1984
2013
2025
2053
2068
2087
2103
2121
2121
2141
2124
2122
2126
2110
2105
2088
2084
2062
2050
2022
1999
1957
1939
1895
1877
1847
1824
1802
1776
1746
1745
1713
1682
1667
1648
1636
1602
1571
1555
1528
1471
1450
1432
1397
1353
1313
1267
1206
1138
1075
1026
956
889
824
786
732
689
648
638
617
590
580
578
573
576
589
614
628
643
662
686
711
714
725
741
749
739
759
772
785
800
826
863
905
949
992
1048
1099
1136
1177
1217
1253
1270
1304
1344
1352
1365
1367
1398
1392
1396
1400
1433
1448
1457
1462
1473
1486
1470
1487
1491
1487
1486
1483
1490
1494
1482
1469
1480
1462
1443
1434
1421
1396
1378
1352
1334
1298
1260
1225
1206
1170
1138
1099
1072
1034
985
935
901
851
798
752
722
682
640
623
612
600
577
567
567
563
557
565
580
582
595
618
649
677
706
740
792
826
865
914
959
988
1021
1051
1091
1118
1146
1171
1205
1214
1230
1254
1275
1288
1312
1314
1351
1349
1361
1368
1380
1376
1378
1388
1398
1395
1394
1395
1406
1405
1394
1402
1423
1423
1424
1436
1451
1457
1451
1455
1464
1473
1471
1470
1479
1474
1452
1454
1454
1425
1396
1374
1384
1385
1389
1384
1401
1410
1406
1405
1430
1442
1452
1459
1472
1478
1465
1457
1461
1456
1451
1441
1456
1449
1438
1430
1434
1431
1421
1423
1442
1428
1430
1427
1445
1441
1443
1447
1475
1490
1487
1503
1522
1533
1524
1522
1523
1522
1517
1508
1523
1526
1517
1518
1527
1524
1521
1512
1520
1510
1521
1513
1522
1523
1517
1509
1525
1521
1519
1525
1538
1538
1534
1533
1544
1549
1548
1541
1541
1540
1522
1512
1512
1503
1471
1466
1468
1456
1415
1397
1386
1372
1352
1346
1346
1331
1318
1317
1346
1361
1356
1376
1409
1437
1446
1458
1486
1496
1500
1518
1547
1551
1542
1543
1551
1528
1495
1452
1413
1356
1307
1278
1274
1271
1260
1266
1286
1298
1302
1312
1337
1354
1353
1356
1369
1374
1379
1400
1420
1446
1447
1464
1484
1494
1486
1479
1472
1464
1446
1432
1425
1413
1395
1393
1401
1389
1388
1392
1401
1406
1394
1369
1377
1346
1302
1290
1295
1286
1278
1276
1277
1278
1257
1249
1265
1266
1260
1275
1286
1299
1304
1300
1319
1329
1331
1350
1367
1372
1360
1355
1368
1356
1350
1350
1364
1357
1336
1327
1317
1303
1284
1270
1272
1264
1247
1258
1271
1264
1276
1274
1282
1288
1286
1294
1308
1317
1318
1324
1343
1354
1361
1369
1386
1392
1393
1391
1403
1411
1404
1391
1401
1398
1385
1390
1404
1398
1387
1404
1416
1409
1401
1400
1401
1386
1372
1356
1348
1335
1299
1287
1290
1277
1252
1235
1232
1202
1180
1150
1122
1098
1069
1037
1014
993
967
953
939
923
898
886
880
877
867
873
881
902
906
915
948
968
972
1003
1044
1063
1070
1081
1105
1116
1116
1126
1139
1132
1124
1129
1142
1128
1135
1135
1145
1136
1132
1128
1130
1128
1117
1104
1115
1107
1095
1079
1094
1081
1059
1051
1053
1054
1033
1028
1031
1019
1004
998
1004
1001
999
1001
1004
1002
981
979
981
971
946
939
928
913
897
882
882
870
863
863
864
856
857
850
863
854
847
845
856
858
851
855
879
874
875
877
887
889
882
879
876
855
843
825
827
823
804
799
806
801
792
790
798
777
766
757
758
752
745
740
760
758
752
756
770
756
736
732
739
733
721
721
732
722
712
709
713
703
699
692
711
696
694
692
702
685
688
685
699
695
695
695
712
708
699
708
716
718
707
709
711
709
693
695
696
697
686
686
689
689
677
670
669
663
643
637
636
627
616
612
617
612
598
598
606
606
589
582
590
584
565
570
580
578
570
571
582
574
569
568
584
581
570
571
584
581
574
576
581
581
570
566
569
563
552
545
553
548
547
543
559
553
549
541
555
560
550
552
560
557
551
553
555
560
557
560
564
553
527
517
515
512
509
514
519
524
508
504
506
507
489
482
485
484
477
484
497
497
494
499
506
511
510
514
522
520
508
493
495
488
476
481
494
500
487
481
487
478
460
450
447
430
420
428
431
425
417
428
442
448
452
458
481
483
472
475
483
479
466
463
470
477
470
462
474
473
468
469
471
462
457
448
447
443
426
425
433
432
427
427
435
439
440
437
447
452
449
452
465
474
477
481
505
505
517
529
542
272
-9
-8
-8
-8
-6
-6
-6
-9
446
443
-9
-6
-8
-7
-7

