;UFOS3
;Measurement details: channel = D, date = 12.09.2015, time = 05:03:54
Exposure=837
Gain=0
Temperature=24.0
Accummulate=4
4.333980782724101 mu
4.459688901352481 amas
12.559 hs
0 ozone
27630 uva
11356 uvb
9344 uve
[Value]
-4
249
250
250
250
251
249
251
271
266
341
341
262
267
349
351
277
273
346
366
267
277
375
353
272
271
388
380
281
279
383
360
282
277
364
356
277
274
366
371
273
275
356
359
272
279
385
383
285
285
373
371
270
278
390
380
268
274
378
386
272
287
370
390
278
276
381
360
273
276
351
385
276
288
365
370
268
277
364
366
275
282
390
369
270
277
368
377
275
279
369
382
271
275
375
364
275
273
362
385
279
276
364
375
275
287
386
373
274
280
385
362
275
281
369
381
279
273
361
370
268
274
379
377
271
284
365
356
268
281
377
384
268
280
365
378
266
277
367
368
276
272
382
385
272
282
375
390
272
282
396
383
271
273
376
370
271
277
381
382
273
280
372
368
280
285
379
389
272
277
370
395
273
281
361
384
271
278
378
375
272
280
393
374
278
281
352
359
275
275
370
383
271
285
375
377
279
275
362
375
273
278
364
366
273
276
365
375
273
280
363
367
281
279
379
378
275
276
370
376
274
279
362
385
272
279
374
369
279
282
381
363
278
280
360
378
287
277
384
362
273
271
358
378
275
282
377
370
275
271
374
367
281
276
363
375
278
282
403
367
274
277
379
365
273
273
388
367
270
277
367
361
265
281
373
372
280
267
378
369
278
281
386
372
279
275
389
364
278
274
377
369
272
275
373
364
268
278
377
369
264
272
374
371
276
278
386
377
283
280
372
375
270
276
387
356
286
281
382
363
278
278
377
389
270
274
390
382
282
276
359
371
275
271
377
365
274
274
370
362
270
282
368
383
275
284
371
389
272
284
380
372
277
277
358
366
278
278
362
362
273
282
370
359
272
281
357
373
276
269
378
379
275
279
366
370
275
283
384
376
273
276
364
362
277
280
376
382
277
278
394
365
272
271
370
383
281
282
389
383
277
273
376
381
279
286
385
369
269
284
379
372
278
286
376
383
280
275
369
376
272
281
365
383
274
273
349
375
271
278
374
372
269
273
361
386
270
279
372
372
281
273
385
368
274
273
373
385
271
282
378
401
275
277
369
367
275
285
377
377
277
274
367
364
271
272
385
355
274
269
358
371
276
280
371
364
278
282
363
370
277
272
364
388
264
281
375
382
271
293
379
374
268
285
362
363
278
271
360
377
278
278
375
368
271
275
355
386
267
282
386
388
277
274
371
376
277
278
377
378
272
275
374
381
274
279
371
377
280
277
379
374
276
280
371
365
275
281
374
366
286
275
364
366
276
278
375
387
269
276
365
360
278
279
367
364
274
276
390
371
287
280
379
399
274
282
357
385
280
278
384
375
273
281
375
364
276
276
377
382
274
275
379
386
277
276
373
371
274
280
358
376
271
283
360
384
267
278
373
378
268
281
370
358
281
279
374
380
266
277
387
378
279
276
377
376
280
280
372
363
277
287
389
378
278
274
372
391
286
285
387
359
266
273
363
366
270
273
374
395
273
286
377
378
269
277
355
377
282
282
393
380
277
282
380
372
276
275
376
383
266
276
381
368
269
282
384
382
279
284
370
366
267
278
364
369
266
276
379
381
277
283
384
366
273
278
384
394
280
282
370
356
276
277
370
372
283
283
357
378
278
274
391
379
272
279
363
374
274
282
394
361
280
276
350
378
272
280
377
380
272
275
374
370
276
277
361
358
271
285
382
380
277
285
389
353
272
275
356
365
279
270
369
369
270
273
371
370
272
280
376
367
269
277
367
377
278
282
374
375
285
275
374
369
277
278
366
370
275
272
405
365
274
284
371
372
280
281
375
373
275
285
387
381
280
282
362
362
274
281
389
383
270
285
374
364
272
280
373
373
274
275
384
388
272
275
379
370
278
279
384
381
277
279
358
351
273
273
375
364
273
283
378
361
274
278
371
387
277
276
379
381
271
285
371
371
279
279
367
358
282
270
366
385
276
276
388
362
281
284
378
374
268
275
372
374
278
281
391
382
271
277
356
389
271
282
400
379
279
273
375
384
274
282
380
364
270
277
397
366
273
286
384
374
275
286
377
371
278
278
370
367
285
282
392
369
276
282
371
374
274
286
364
380
287
277
397
372
269
283
382
376
285
283
371
365
271
281
367
380
270
283
360
368
279
276
362
394
277
279
382
374
273
277
387
370
286
279
363
377
269
277
368
380
286
277
373
363
280
282
386
376
279
271
384
368
278
273
396
379
268
278
373
375
276
288
385
380
290
288
360
381
266
282
364
378
276
280
378
374
274
282
380
363
272
274
367
383
276
290
377
383
274
308
371
384
270
280
371
371
272
271
374
372
273
280
349
375
273
281
377
380
280
274
377
377
276
278
371
382
277
278
386
380
277
284
403
378
274
285
369
374
274
281
365
364
284
279
370
395
272
281
369
380
272
288
383
369
272
278
371
397
272
274
385
367
274
271
385
369
270
284
382
369
279
282
362
392
275
278
365
376
279
285
369
383
273
274
371
372
277
280
376
359
270
286
385
370
275
278
386
379
271
276
381
390
281
275
383
374
268
279
366
377
276
277
375
384
280
277
385
367
270
276
362
390
281
277
388
388
271
285
374
373
277
278
376
375
274
288
367
378
278
288
357
365
270
273
390
373
275
279
362
406
276
280
385
360
281
276
372
381
283
284
376
384
271
283
369
394
271
284
356
367
272
284
374
367
271
280
375
368
281
273
370
384
268
277
346
373
272
279
374
365
272
283
376
366
281
278
364
359
272
279
372
374
274
286
372
379
277
277
378
369
280
273
376
388
277
272
387
359
283
278
384
385
280
281
369
379
273
279
367
380
275
286
380
384
285
271
374
379
270
277
386
389
275
279
371
383
270
291
391
358
276
283
369
387
270
280
376
397
276
277
373
374
276
279
361
391
279
280
387
366
274
280
382
369
274
278
367
376
274
281
390
386
276
286
377
364
271
274
380
363
279
279
372
374
278
284
378
369
276
286
381
393
278
284
378
375
273
286
375
365
276
275
366
385
278
282
382
373
277
274
390
380
273
278
384
377
276
273
383
379
275
287
371
389
274
284
401
377
271
293
367
375
274
283
386
362
271
276
393
381
281
279
382
375
274
280
365
380
276
281
346
372
272
278
373
388
272
285
374
396
271
273
363
360
273
275
389
383
276
278
386
375
297
280
379
382
272
276
368
387
273
284
389
372
278
290
385
372
273
274
379
380
279
283
353
385
309
276
377
368
275
285
367
374
275
286
368
380
270
285
373
379
272
275
363
381
283
275
383
373
270
284
389
368
279
283
394
379
276
286
345
385
276
285
375
388
278
281
371
381
270
278
366
378
280
280
379
367
278
279
378
364
281
288
379
373
274
284
361
378
285
280
370
382
280
287
379
378
276
277
358
369
277
283
396
391
276
283
389
374
275
277
369
381
274
279
383
374
273
286
361
379
275
284
374
388
274
286
371
396
275
279
375
387
272
283
385
387
272
285
377
389
271
276
393
369
277
280
389
373
277
279
370
373
274
288
361
370
276
281
362
388
282
281
379
363
274
282
384
379
276
285
364
377
273
286
368
375
281
286
368
375
268
279
371
387
270
279
383
383
272
277
398
380
276
279
395
372
269
282
382
398
272
283
366
381
274
278
375
380
276
284
375
362
277
277
390
396
278
283
374
401
273
279
377
368
274
290
391
375
274
273
390
387
275
277
365
373
274
278
378
368
280
285
377
382
276
279
372
378
269
279
373
381
278
282
360
377
284
279
358
359
276
280
384
391
267
283
377
377
274
274
376
378
276
286
377
367
268
283
375
382
274
277
361
378
267
276
382
385
279
278
380
362
272
282
372
368
272
285
372
375
277
276
386
391
273
284
380
379
275
284
393
382
276
277
386
360
285
286
388
387
275
276
364
371
282
278
382
376
272
278
374
357
282
283
371
379
393
290
384
386
269
292
381
383
279
286
374
366
274
277
379
382
269
277
377
380
275
283
372
377
277
290
368
382
279
277
386
381
272
282
378
375
281
279
394
359
281
282
377
377
275
291
374
394
272
291
380
388
269
283
372
385
273
283
391
381
274
281
381
377
279
275
385
368
278
284
380
377
274
278
388
387
278
277
372
381
277
276
375
378
284
281
370
374
276
281
380
375
278
285
381
374
274
278
375
386
278
280
387
388
269
281
382
370
272
286
373
365
272
283
366
382
280
289
373
368
269
277
363
388
272
283
380
380
280
275
370
389
278
275
393
370
269
281
376
374
284
278
359
383
270
289
398
365
279
280
387
390
273
279
394
377
278
289
386
369
272
284
383
385
269
274
407
380
277
277
370
382
272
280
367
378
283
281
371
375
278
277
374
367
278
280
367
363
274
283
379
371
273
274
375
388
283
278
368
378
277
280
371
388
273
287
371
369
279
277
373
366
275
284
356
380
272
282
389
383
274
278
377
370
278
287
387
381
278
280
372
390
272
286
378
375
275
285
376
375
275
282
379
365
281
279
386
374
282
282
358
381
271
278
378
386
273
274
380
362
272
280
389
381
279
281
380
378
272
283
363
383
281
277
382
369
282
285
381
387
276
273
365
379
275
276
369
382
275
279
377
379
277
283
376
380
284
287
384
395
277
283
370
404
280
277
378
368
271
277
390
379
288
287
376
373
269
282
383
356
277
281
386
370
285
280
379
358
278
284
388
380
267
275
375
354
274
277
379
373
276
281
394
380
272
275
368
358
274
282
377
366
275
282
413
371
274
280
368
364
276
274
379
360
275
279
388
374
279
276
388
397
276
286
387
375
279
286
376
390
273
282
366
363
272
276
343
375
284
278
400
397
278
278
388
393
271
284
381
381
276
278
383
378
273
279
388
376
278
277
402
379
273
278
375
379
276
285
404
382
269
281
373
374
270
283
378
367
273
281
376
372
281
278
363
379
272
284
377
381
276
276
378
369
275
282
374
385
275
284
370
383
276
281
391
393
281
279
389
367
286
279
374
396
273
287
381
368
281
291
361
372
275
277
388
379
275
291
373
371
266
281
388
375
282
282
388
379
274
284
392
381
279
284
371
386
271
270
383
383
278
284
387
385
286
278
382
380
284
282
368
387
271
286
386
360
278
295
376
381
270
278
372
384
273
274
373
392
276
275
402
377
366
287
393
383
276
275
357
399
271
281
377
371
272
284
386
388
270
275
369
378
273
280
382
379
271
274
398
368
269
277
379
387
278
279
385
372
276
273
392
390
272
288
380
373
271
285
385
379
269
277
363
368
282
285
357
388
284
283
372
378
279
273
394
382
285
279
389
380
275
293
387
356
268
290
384
384
268
277
381
397
278
285
395
366
272
282
373
357
274
282
395
370
272
285
346
368
273
281
378
376
278
274
369
365
279
279
385
407
271
283
366
355
273
288
392
383
276
281
355
373
282
280
389
381
272
288
376
359
276
279
367
381
267
280
381
365
277
280
384
389
278
274
377
374
273
279
387
385
282
285
395
375
283
278
380
369
283
284
391
367
269
280
376
379
281
287
390
365
281
281
398
363
274
276
362
371
271
277
390
400
267
275
401
371
284
282
381
369
278
277
388
375
269
281
362
388
282
284
382
371
269
284
367
372
273
280
389
369
280
295
372
389
270
274
406
392
277
280
373
364
273
282
375
373
273
278
387
373
276
284
366
398
277
281
386
364
277
279
383
388
271
282
386
381
275
277
383
371
272
279
356
378
289
288
389
372
287
293
373
386
279
280
369
361
275
288
389
372
271
279
392
369
270
282
379
373
271
278
398
359
274
281
390
382
275
278
369
379
272
278
404
388
279
277
360
381
266
284
405
373
274
281
373
366
271
283
378
363
281
282
383
359
281
283
401
380
276
279
389
390
345
278
379
360
274
274
386
373
279
280
378
359
274
280
390
380
272
277
392
370
273
281
376
384
278
281
396
360
281
287
372
367
277
272
377
378
278
283
385
356
281
278
379
356
273
287
381
370
274
284
370
375
279
276
377
377
278
271
405
361
279
288
378
368
274
283
388
374
278
277
368
377
270
286
370
371
284
279
359
365
278
282
375
343
273
279
388
354
275
279
385
374
270
282
391
357
283
279
377
359
272
282
385
382
271
279
382
363
273
277
372
364
275
276
384
360
277
285
379
387
274
276
396
387
289
281
374
370
274
277
373
371
276
281
388
380
272
277
373
362
276
286
379
376
271
284
378
359
271
284
383
370
282
279
376
373
277
280
365
376
277
279
382
387
274
278
391
369
273
274
382
379
269
289
371
373
273
277
402
374
276
273
379
372
271
276
397
390
275
289
372
372
274
285
385
372
289
283
385
388
278
275
384
373
278
286
387
374
288
286
392
390
279
274
361
384
279
282
377
387
276
283
394
369
272
281
404
370
275
286
386
366
275
278
394
364
284
279
388
363
274
273
399
377
275
281
390
372
276
275
391
365
277
280
367
389
282
288
392
356
277
274
391
363
279
281
386
373
268
274
409
374
281
284
371
377
280
276
358
392
281
272
400
384
269
280
404
370
276
279
376
390
280
280
376
362
284
280
382
364
279
279
372
366
276
277
381
354
287
282
385
379
279
279
382
396
280
277
370
395
272
278
388
369
278
278
382
358
279
286
379
396
273
285
370
376
276
284
401
369
279
285
380
372
272
279
421
371
281
285
367
374
289
278
401
392
280
282
387
380
282
287
388
388
280
282
390
374
272
280
373
373
271
281
382
358
275
287
362
389
276
277
377
378
274
272
381
386
276
285
371
377
275
282
380
394
278
282
390
392
276
285
379
370
278
283
395
377
282
285
373
383
271
275
385
389
280
283
386
385
283
283
390
378
283
279
397
380
277
282
405
390
283
283
390
413
279
281
376
380
275
288
389
372
286
285
376
371
279
280
385
392
287
283
387
387
273
276
377
375
277
280
382
383
274
283
380
371
278
280
384
388
285
273
379
363
273
287
385
372
274
284
389
372
273
284
369
384
274
281
369
378
286
280
379
377
283
286
380
408
279
279
372
387
276
281
387
385
274
277
381
375
277
279
386
369
275
282
373
375
276
282
380
383
282
276
391
378
277
278
403
372
279
285
390
358
282
290
390
384
273
280
406
360
277
274
366
375
288
287
390
372
276
281
379
380
272
290
395
373
278
287
400
371
286
275
394
377
276
289
383
358
278
291
397
375
275
288
408
380
278
293
375
377
279
287
391
394
275
287
352
398
277
279
417
364
279
295
400
359
281
276
373
388
274
282
398
392
280
280
405
386
274
283
385
393
285
276
405
359
283
280
376
381
288
285
404
392
278
278
393
380
282
277
389
389
281
280
403
387
280
279
381
371
278
275
385
380
271
276
389
384
273
281
394
375
288
281
367
374
279
283
381
376
273
285
380
370
274
279
374
393
275
282
402
388
280
282
391
386
277
282
382
391
276
286
383
373
288
285
393
372
277
275
387
375
278
277
390
391
276
286
402
387
270
282
397
386
283
279
389
363
281
274
386
361
276
276
375
377
280
280
392
386
275
288
386
370
284
279
391
379
272
283
401
376
277
282
381
379
283
280
418
364
274
279
379
377
281
290
396
369
277
286
384
389
279
283
386
380
284
285
369
405
276
283
388
377
287
286
384
377
270
285
379
372
276
284
378
396
277
276
382
367
274
281
393
367
272
281
387
366
272
281
390
369
272
281
380
365
281
282
377
379
281
277
388
391
279
278
382
393
274
279
378
403
284
283
386
383
280
275
404
395
282
288
388
385
272
282
393
371
280
280
393
369
282
290
373
402
294
278
380
369
280
277
393
381
282
273
383
378
286
285
389
366
278
276
413
376
278
278
369
368
273
282
375
381
281
276
394
385
276
281
379
382
276
281
404
388
287
283
396
388
275
277
382
384
284
280
399
388
281
277
382
378
277
291
402
392
269
284
385
388
278
283
405
395
276
284
391
384
283
290
395
371
276
275
384
361
274
282
396
361
274
285
408
385
282
283
392
366
280
283
368
419
275
286
395
369
286
277
393
374
277
283
405
377
276
282
396
371
287
279
382
380
273
287
393
380
277
281
437
385
275
280
380
363
277
285
389
384
271
277
386
376
279
285
382
382
280
284
384
392
282
281
391
375
276
281
375
373
288
283
393
372
279
281
397
383
271
277
388
374
285
282
402
381
273
276
393
386
286
275
380
355
285
288
387
358
279
284
401
397
281
290
391
386
277
283
360
373
279
285
376
389
274
280
385
376
279
279
391
389
276
289
404
378
281
274
390
383
277
282
414
368
281
276
398
367
281
277
410
385
280
273
388
396
271
285
386
384
281
280
393
387
286
285
372
414
279
282
385
382
276
277
384
388
281
281
376
378
273
277
377
379
281
277
398
372
277
285
387
379
277
274
383
387
281
282
390
384
251
251
250
250
249
250
249
251
271
284
251
250
250
-4
-4

