;UFOS3
;Measurement details: channel = S, date = 12.09.2015, time = 05:08:38
Exposure=783
Gain=0
Temperature=24.0
Accummulate=4
4.168036170429128 mu
4.280958840240981 amas
13.134 hs
203 ozone
151149 uva
12322 uvb
9638 uve
[Value]
-4
249
250
251
250
249
251
250
270
266
335
332
263
263
342
344
271
271
339
359
265
281
375
355
278
277
389
380
287
284
386
360
287
285
363
356
282
280
364
371
280
281
357
358
279
284
386
383
293
289
371
374
276
285
392
380
276
278
378
387
279
292
371
391
284
282
384
359
279
282
354
385
283
293
368
369
275
282
365
368
283
285
393
369
275
282
367
377
282
287
372
384
277
280
377
362
281
282
364
387
286
280
365
377
280
293
390
373
282
285
389
362
283
285
368
382
287
280
365
370
274
281
381
379
278
290
366
357
273
287
381
386
274
284
368
381
273
283
370
368
283
277
383
387
279
289
375
391
279
289
394
385
278
278
380
372
278
284
386
380
280
285
372
367
289
290
378
390
282
283
370
397
280
287
363
387
280
286
380
374
278
288
401
374
285
287
356
360
281
282
374
385
279
289
377
376
287
281
365
378
281
282
366
367
279
281
367
374
279
289
362
365
287
288
381
378
281
279
374
380
283
287
364
386
278
287
375
370
286
287
380
366
285
286
364
376
293
284
386
364
280
278
357
377
280
286
378
370
281
276
376
369
288
282
362
377
281
288
408
369
281
283
382
364
279
278
389
368
275
283
369
362
273
287
374
370
286
273
384
370
284
286
384
375
284
281
392
366
284
278
378
370
276
282
375
364
275
284
378
371
271
278
376
372
283
284
384
380
289
286
375
377
277
282
386
358
295
286
384
364
286
285
380
390
278
279
391
385
287
282
361
373
282
279
379
367
281
280
373
363
277
288
370
386
283
292
370
392
279
292
380
377
285
284
356
365
286
285
364
364
281
288
370
360
277
288
356
372
283
273
382
379
283
286
370
367
282
288
382
378
280
282
367
365
283
285
377
383
281
287
397
366
280
280
369
388
287
291
390
381
284
280
374
387
287
290
386
371
275
290
378
372
287
293
379
385
286
282
374
375
282
287
370
382
282
278
349
376
277
284
376
373
275
278
363
388
277
284
375
375
286
277
384
370
280
279
374
389
279
287
380
406
279
284
371
369
282
289
374
375
284
283
369
364
277
277
385
359
280
279
359
372
285
287
375
367
286
288
364
374
282
280
365
389
272
286
377
384
278
297
381
373
275
292
366
364
286
277
362
380
286
284
379
371
277
279
355
389
275
289
386
393
283
282
371
381
285
282
376
380
281
282
376
386
283
286
373
382
288
284
380
376
284
289
373
366
283
287
380
367
293
285
365
368
284
286
374
391
276
284
368
364
287
285
370
365
283
284
392
373
295
287
385
401
281
286
362
387
287
284
383
378
284
290
377
367
285
283
382
384
284
282
380
389
285
284
375
375
284
288
363
379
281
290
364
387
275
287
375
380
276
289
373
362
288
289
378
381
274
285
391
382
285
287
380
377
291
287
377
366
283
295
393
380
288
284
376
391
295
292
388
363
275
281
366
367
279
284
377
398
283
295
378
377
279
286
360
378
293
290
396
382
286
293
384
379
286
282
383
387
276
286
388
373
278
290
390
387
290
292
378
370
278
288
370
376
275
287
382
386
287
292
386
372
281
291
392
402
291
294
376
363
288
291
375
381
293
295
364
386
291
285
399
386
284
291
371
382
288
294
399
367
292
289
361
386
283
294
385
387
286
287
383
377
291
291
368
369
284
300
390
389
290
300
400
362
286
292
366
374
297
285
381
381
286
290
384
383
292
296
386
381
289
297
385
395
301
303
393
393
310
297
393
390
304
302
385
391
300
302
427
387
305
311
398
396
309
309
399
396
303
310
415
406
312
314
389
387
304
312
418
409
303
318
401
394
305
313
404
402
309
312
415
413
306
310
410
396
309
312
414
410
313
313
390
381
309
310
412
402
317
325
411
399
314
319
407
424
322
317
419
423
317
328
410
415
330
326
413
406
336
326
420
440
338
337
445
426
349
352
443
439
342
347
442
445
355
355
464
454
348
356
429
460
347
356
474
454
356
349
449
455
352
361
454
437
349
353
472
444
354
366
463
454
363
375
461
458
369
368
461
457
383
377
487
466
378
388
475
478
379
394
475
485
397
388
502
474
375
390
487
479
391
392
476
469
382
390
480
492
389
401
477
490
404
404
493
527
418
421
524
516
418
419
530
513
433
426
511
522
418
426
518
530
440
436
529
520
447
450
558
547
460
453
569
550
472
468
595
580
468
478
573
571
477
485
575
572
480
475
539
556
443
459
533
547
448
451
547
542
451
460
563
547
465
468
570
589
498
515
612
627
522
567
637
650
543
561
654
664
578
575
687
690
597
611
687
715
622
628
731
735
641
636
739
744
647
651
743
755
645
641
748
737
626
636
744
715
605
614
694
699
600
606
694
692
617
616
710
745
628
643
741
758
666
701
805
808
722
743
839
878
757
762
877
855
761
758
870
851
742
759
852
832
733
733
807
838
708
708
791
799
700
701
790
813
705
710
811
819
731
738
844
835
758
775
887
879
790
803
930
924
817
835
952
965
859
857
973
967
862
869
953
964
861
850
940
944
831
815
922
895
793
793
868
903
787
783
891
889
778
797
892
891
795
796
896
891
791
802
885
894
793
797
867
872
773
763
884
856
754
745
818
863
718
721
820
786
700
697
791
802
703
713
805
820
709
719
815
849
730
751
833
847
768
778
880
886
797
815
923
926
845
839
945
973
859
869
946
982
887
896
1004
997
908
926
1028
1019
940
940
1025
1023
934
938
1024
1025
918
931
1007
1012
895
890
988
977
882
874
977
983
867
862
985
957
884
885
1009
1025
934
943
1054
1077
1000
1023
1131
1169
1077
1106
1225
1243
1165
1166
1298
1313
1215
1231
1359
1364
1257
1262
1368
1385
1280
1309
1418
1391
1318
1331
1425
1455
1336
1359
1458
1481
1355
1354
1455
1449
1363
1355
1455
1482
1374
1369
1488
1459
1358
1358
1458
1445
1337
1338
1426
1438
1319
1316
1441
1437
1313
1326
1414
1390
1299
1293
1403
1373
1294
1290
1398
1400
1305
1317
1423
1414
1319
1349
1439
1473
1366
1386
1499
1514
1429
1456
1576
1589
1521
1537
1661
1691
1612
1635
1764
1780
1716
1741
1877
1893
1801
1821
1961
1951
1868
1869
2001
2002
1907
1943
2024
2052
1944
1948
2056
2034
1918
1928
1999
2002
1882
1873
1964
1918
1805
1797
1892
1856
1739
1726
1805
1781
1664
1649
1732
1738
1622
1626
1692
1708
1618
1618
1714
1728
1615
1625
1721
1750
1629
1646
1731
1736
1652
1650
1777
1782
1676
1683
1801
1788
1724
1709
1816
1824
1713
1717
1821
1835
1720
1734
1838
1820
1730
1735
1834
1811
1717
1718
1814
1808
1689
1682
1737
1755
1641
1634
1736
1728
1636
1647
1731
1738
1641
1640
1727
1727
1603
1612
1684
1683
1560
1557
1640
1641
1541
1519
1615
1598
1477
1478
1591
1553
1447
1446
1557
1543
1426
1441
1518
1568
1466
1492
1601
1630
1537
1540
1646
1668
1554
1568
1658
1663
1568
1558
1660
1641
1554
1557
1653
1642
1560
1559
1658
1653
1544
1558
1647
1659
1571
1580
1674
1695
1597
1619
1722
1719
1617
1604
1667
1655
1533
1516
1607
1570
1429
1408
1500
1460
1343
1332
1412
1419
1303
1295
1405
1396
1301
1304
1397
1422
1326
1345
1443
1456
1340
1359
1441
1458
1318
1303
1397
1394
1266
1267
1360
1356
1232
1247
1359
1380
1262
1292
1436
1441
1365
1383
1528
1517
1431
1443
1546
1561
1467
1486
1572
1592
1505
1507
1595
1620
1515
1507
1614
1600
1512
1531
1650
1648
1556
1579
1678
1699
1625
1656
1767
1780
1698
1702
1796
1816
1695
1715
1798
1806
1686
1692
1790
1790
1660
1672
1808
1792
1696
1697
1823
1817
1724
1751
1869
1902
1795
1831
1950
1987
1905
1922
2039
2067
1985
1997
2103
2092
2003
2002
2125
2127
2007
2007
2094
2111
1975
1966
2057
2036
1937
1945
2044
2036
1932
1932
2062
2049
1945
1940
2022
2014
1913
1910
2005
2001
1909
1920
2007
2021
1920
1939
2037
2044
1952
1973
2091
2102
2029
2047
2143
2179
2116
2108
2217
2218
2157
2157
2283
2291
2161
2184
2287
2268
2165
2162
2261
2262
2143
2169
2261
2257
2168
2184
2291
2308
2206
2221
2302
2313
2208
2218
2318
2318
2222
2209
2305
2302
2194
2195
2271
2257
2149
2137
2194
2178
2038
2015
2086
2073
1921
1904
1970
1931
1792
1763
1849
1798
1662
1633
1732
1683
1597
1594
1692
1682
1580
1594
1706
1741
1684
1702
1853
1876
1803
1832
1959
1970
1912
1933
2038
2052
2098
2002
2113
2125
2015
2041
2133
2139
2023
2025
2112
2081
1966
1962
2045
2026
1897
1884
1974
1947
1820
1816
1885
1888
1761
1773
1846
1848
1733
1732
1849
1847
1738
1754
1873
1868
1798
1801
1952
1934
1865
1880
1984
1985
1884
1893
1969
1987
1857
1855
1952
1941
1801
1802
1879
1858
1728
1727
1812
1783
1653
1645
1741
1725
1607
1611
1722
1697
1610
1618
1726
1732
1629
1637
1761
1766
1656
1662
1778
1785
1684
1693
1792
1794
1703
1702
1790
1787
1675
1664
1769
1748
1647
1641
1730
1717
1610
1607
1703
1714
1595
1588
1691
1679
1554
1555
1656
1624
1523
1536
1636
1639
1544
1566
1666
1707
1619
1648
1756
1763
1685
1716
1829
1861
1772
1809
1917
1936
1858
1867
1977
2011
1901
1915
2042
2017
1909
1930
2015
2009
1912
1901
1980
1983
1863
1876
1965
1917
1810
1789
1881
1862
1736
1728
1841
1806
1713
1730
1833
1812
1729
1747
1857
1875
1767
1783
1942
1914
1824
1820
1926
1935
1812
1820
1892
1914
1790
1759
1850
1824
1705
1683
1769
1736
1634
1634
1725
1718
1642
1669
1779
1788
1705
1722
1854
1877
1790
1810
1931
1964
1883
1918
2036
2091
1996
2023
2119
2133
2048
2065
2169
2181
2093
2128
2201
2245
2145
2172
2288
2293
2189
2199
2315
2306
2226
2241
2354
2349
2267
2273
2382
2402
2292
2311
2407
2400
2321
2335
2423
2416
2309
2302
2389
2360
2255
2240
2323
2299
2191
2193
2261
2284
2180
2180
2285
2286
2194
2204
2317
2309
2237
2239
2349
2351
2254
2267
2368
2364
2271
2288
2380
2403
2331
2336
2454
2452
2353
2360
2434
2421
2309
2284
2351
2349
2237
2214
2289
2281
2145
2121
2187
2146
2025
1992
2051
2031
1908
1887
1995
2001
1883
1898
2001
2049
1935
1950
2063
2065
1989
2000
2143
2131
2047
2053
2145
2132
2030
2020
2087
2042
1946
1920
2001
1962
1847
1803
1879
1831
1708
1686
1774
1727
1592
1577
1665
1634
1546
1545
1655
1665
1586
1614
1761
1773
1686
1720
1847
1861
1813
1852
1987
2003
1953
1999
2171
2143
2093
2132
2252
2287
2212
2221
2330
2336
2275
2270
2381
2383
2300
2292
2414
2420
2292
2304
2390
2365
2264
2256
2313
2304
2167
2145
2186
2159
2028
1999
2028
2034
1904
1860
1971
1928
1778
1764
1866
1855
1721
1732
1821
1829
1722
1733
1837
1837
1747
1751
1872
1879
1781
1776
1915
1884
1775
1776
1863
1856
1727
1736
1847
1803
1685
1688
1776
1782
1672
1679
1778
1774
1685
1692
1812
1832
1759
1784
1919
1963
1884
1932
2057
2068
1981
1995
2095
2075
1977
1961
2049
2037
1907
1889
1959
1949
1814
1799
1898
1873
1735
1722
1808
1779
1685
1678
1777
1807
1695
1736
1857
1863
1804
1839
1929
1954
1877
1882
2004
2005
1898
1913
1992
1974
1861
1871
1978
1947
1842
1821
1915
1884
1773
1758
1850
1824
1712
1711
1796
1813
1707
1721
1849
1869
1780
1806
1926
1937
1863
1884
2016
2042
1962
1993
2103
2157
2065
2104
2225
2211
2163
2181
2283
2294
2203
2211
2321
2336
2226
2230
2337
2351
2251
2235
2365
2344
2319
2251
2357
2352
2243
2240
2301
2335
2211
2211
2296
2292
2191
2208
2313
2330
2220
2229
2338
2351
2251
2265
2379
2382
2282
2297
2417
2388
2301
2306
2392
2398
2274
2264
2354
2311
2212
2205
2312
2302
2178
2195
2286
2284
2188
2200
2315
2309
2213
2236
2322
2329
2242
2250
2327
2359
2254
2263
2355
2369
2292
2302
2435
2436
2355
2369
2491
2501
2436
2468
2569
2565
2512
2563
2651
2676
2610
2645
2709
2739
2708
2722
2762
2769
2761
2773
2792
2801
2804
2812
2830
2836
2843
2844
2855
2853
2850
2845
2848
2831
2808
2753
2763
2705
2637
2583
2617
2613
2471
2450
2500
2474
2400
2404
2523
2527
2453
2498
2600
2646
2620
2675
2745
2779
2783
2825
2826
2859
2860
2888
2892
2915
2913
2933
2930
2948
2947
2964
2958
2969
2960
2872
2853
2623
2502
2429
2502
2483
2374
2368
2463
2438
2362
2364
2483
2493
2444
2476
2603
2614
2564
2602
2682
2704
2665
2667
2707
2671
2601
2541
2585
2512
2379
2317
2348
2316
2162
2120
2200
2163
1995
1969
2077
2031
1934
1943
2051
2054
1989
2023
2171
2184
2109
2150
2257
2311
2215
2237
2343
2330
2228
2240
2291
2274
2147
2118
2184
2125
1977
1937
1981
1967
1822
1802
1933
1918
1810
1838
1952
1976
1921
1979
2117
2164
2117
2162
2317
2339
2265
2298
2402
2453
2328
2347
2435
2413
2316
2304
2395
2375
2248
2230
2299
2283
2151
2128
2203
2177
2063
2052
2139
2155
2064
2060
2162
2152
2073
2078
2159
2182
2064
2066
2144
2148
2065
2081
2200
2201
2118
2129
2259
2257
2176
2190
2312
2323
2247
2267
2406
2368
2296
2318
2443
2445
2357
2382
2485
2500
2414
2426
2546
2541
2462
2464
2537
2569
2479
2492
2598
2568
2488
2467
2542
2516
2406
2397
2462
2414
2314
2282
2354
2296
2198
2172
2266
2221
2098
2077
2174
2137
2070
1991
2084
2047
1958
1937
2035
2014
1907
1890
1984
1938
1837
1832
1923
1905
1793
1787
1908
1889
1796
1817
1924
1958
1878
1901
2047
2032
1974
2008
2117
2123
2054
2070
2194
2207
2126
2134
2257
2240
2169
2167
2271
2254
2169
2178
2272
2244
2145
2139
2205
2191
2082
2045
2134
2113
1994
1966
2086
2011
1911
1899
1961
1927
1800
1778
1852
1812
1691
1674
1754
1754
1637
1657
1738
1733
1646
1623
1699
1679
1564
1549
1622
1577
1468
1467
1569
1527
1437
1434
1546
1522
1405
1403
1506
1452
1369
1357
1446
1426
1336
1337
1448
1441
1332
1348
1460
1440
1350
1351
1443
1429
1331
1331
1437
1410
1320
1334
1441
1463
1376
1394
1539
1563
1488
1506
1633
1660
1597
1630
1759
1791
1735
1781
1935
1960
1894
1932
2052
2059
1995
2002
2112
2119
2022
2032
2142
2117
2029
2038
2141
2121
2027
2019
2102
2091
1987
1977
2057
2059
1952
1943
2023
2015
1874
1840
1922
1856
1722
1697
1781
1774
1652
1680
1780
1779
1695
1719
1876
1884
1815
1832
1979
1999
1945
1979
2149
2174
2086
2125
2208
2204
2085
2081
2155
2115
2001
1964
2041
2042
1911
1904
2021
2025
1934
1957
2065
2065
1979
1979
2084
2084
1976
1985
2078
2132
2028
2042
2140
2152
2033
2027
2131
2094
1984
1981
2095
2050
1951
1949
2036
2021
1926
1923
2045
2010
1918
1902
2006
1978
1886
1888
2028
2012
1938
1956
2090
2097
2008
2024
2155
2160
2094
2121
2242
2292
2221
2248
2382
2358
2304
2327
2457
2439
2367
2371
2479
2462
2368
2376
2492
2461
2368
2360
2432
2419
2323
2301
2355
2377
2256
2215
2336
2300
2188
2190
2328
2300
2205
2219
2315
2343
2248
2256
2365
2369
2312
2332
2451
2455
2383
2408
2516
2527
2454
2463
2543
2528
2455
2432
2527
2515
2415
2398
2474
2455
2326
2290
2348
2325
2190
2162
2247
2201
2089
2059
2151
2107
1996
1988
2062
2064
1913
1899
1960
1937
1792
1770
1861
1789
1665
1628
1675
1614
1440
1377
1463
1350
1192
1131
1161
1119
994
947
1041
1018
891
876
972
968
875
888
1010
1020
942
964
1092
1099
1007
1019
1137
1136
1039
1060
1177
1156
1100
1133
1243
1313
1247
1291
1447
1507
1437
1481
1626
1660
1581
1622
1733
1758
1674
1691
1808
1812
1700
1716
1850
1865
1771
1781
1889
1885
1791
1803
1917
1897
1806
1813
1892
1899
1794
1782
1900
1890
1766
1754
1841
1817
1691
1670
1751
1700
1579
1542
1632
1581
1454
1417
1505
1442
1296
1252
1309
1285
1098
1053
1105
1078
941
928
1006
974
882
868
957
948
854
857
970
990
899
918
1046
1085
1004
1043
1181
1225
1166
1213
1363
1396
1325
1359
1493
1517
1445
1479
1609
1632
1546
1558
1687
1687
1614
1643
1762
1763
1672
1691
1804
1785
1691
1701
1803
1814
1706
1714
1804
1805
1725
1720
1827
1826
1749
1762
1867
1898
1771
1776
1877
1893
1781
1792
1901
1894
1773
1771
1871
1835
1716
1698
1801
1781
1706
1712
1813
1805
1716
1737
1844
1863
1769
1779
1900
1889
1785
1783
1898
1859
1775
1772
1875
1836
1768
1760
1864
1852
1736
1748
1876
1823
1748
1740
1836
1859
1771
1779
1901
1896
1814
1830
1950
1944
1838
1851
1960
1927
1829
1836
1970
1935
1857
1838
1964
1939
1837
1848
1937
1914
1841
1850
1961
1937
1832
1836
1960
1941
1848
1858
1953
1958
1861
1871
1980
1986
1866
1871
1938
1972
1837
1841
1963
1898
1794
1800
1901
1860
1740
1718
1797
1790
1664
1671
1785
1760
1647
1632
1784
1776
1672
1712
1842
1867
1772
1783
1925
1894
1831
1850
1963
1971
1880
1879
1990
1975
1823
1772
1842
1774
1633
1588
1698
1689
1580
1589
1720
1721
1623
1634
1756
1763
1669
1679
1788
1790
1701
1716
1855
1873
1770
1790
1917
1907
1822
1804
1883
1877
1772
1763
1849
1829
1712
1721
1815
1800
1708
1712
1821
1835
1708
1698
1808
1762
1620
1621
1720
1697
1593
1595
1697
1703
1575
1574
1681
1666
1582
1598
1719
1707
1629
1622
1742
1737
1637
1667
1792
1797
1674
1684
1799
1781
1668
1680
1791
1781
1665
1650
1746
1703
1606
1587
1698
1663
1577
1577
1688
1687
1596
1589
1704
1705
1603
1632
1733
1721
1642
1643
1777
1781
1677
1699
1826
1816
1713
1717
1823
1828
1724
1720
1864
1800
1713
1705
1822
1820
1722
1735
1848
1821
1731
1737
1820
1820
1689
1687
1768
1748
1625
1624
1704
1717
1573
1563
1658
1628
1507
1476
1547
1503
1377
1367
1428
1397
1278
1267
1342
1350
1212
1193
1291
1268
1175
1184
1302
1291
1212
1227
1367
1368
1287
1313
1462
1463
1379
1410
1522
1519
1440
1448
1544
1550
1449
1450
1556
1566
1460
1459
1562
1575
1442
1447
1538
1565
1438
1438
1536
1520
1408
1402
1526
1503
1383
1372
1481
1467
1344
1347
1456
1426
1322
1319
1431
1404
1316
1326
1413
1430
1311
1293
1393
1376
1271
1253
1355
1325
1215
1198
1296
1277
1185
1174
1290
1259
1166
1166
1299
1260
1161
1154
1255
1261
1156
1172
1281
1288
1190
1188
1313
1301
1192
1195
1273
1269
1154
1147
1260
1244
1124
1119
1236
1227
1104
1098
1202
1195
1081
1069
1184
1165
1049
1049
1161
1170
1063
1077
1189
1171
1039
1050
1152
1143
1029
1037
1158
1144
1015
1022
1124
1119
1008
1016
1123
1097
998
998
1101
1079
987
1001
1116
1090
999
1016
1145
1119
1012
1019
1130
1105
1023
1021
1103
1144
998
1012
1115
1093
1004
994
1108
1090
986
977
1100
1064
944
948
1047
1022
931
920
1024
1011
897
917
1017
1009
893
887
1044
986
872
874
976
961
873
881
984
972
868
874
986
974
881
883
985
978
885
885
984
996
880
869
979
959
854
855
947
945
858
849
970
950
854
852
969
959
846
852
970
950
864
857
979
962
858
855
980
961
841
810
908
887
813
828
925
898
815
814
925
921
793
799
895
888
781
794
872
889
802
808
904
917
810
818
932
921
815
798
907
898
777
796
915
897
794
776
899
875
759
754
875
813
725
721
845
811
725
726
868
847
747
759
885
897
770
780
882
883
769
766
882
882
779
771
867
907
767
772
878
870
758
747
848
846
735
735
831
833
721
724
832
832
738
739
863
836
749
761
869
869
774
781
902
913
821
837
954
667
250
251
250
251
248
249
249
250
739
751
249
249
250
-4
-4

