;UFOS3
;Measurement details: channel = Z, date = 12.09.2015, time = 05:27:39
Exposure=624
Gain=0
Temperature=24.3
Accummulate=4
3.6163506378075962 mu
3.698259993548528 amas
15.415 hs
200 ozone
169031 uva
13147 uvb
9326 uve
[Value]
-8
246
247
246
247
248
247
246
263
258
318
316
257
259
322
323
267
264
321
335
259
270
350
330
269
265
357
352
275
273
355
336
275
273
340
331
272
268
339
343
268
269
335
336
268
272
357
353
278
278
344
346
267
271
359
351
266
268
351
359
269
278
343
365
272
273
356
332
269
270
329
355
270
280
341
346
266
271
339
343
271
274
364
342
266
271
342
349
269
274
345
354
268
270
346
335
269
268
338
356
276
269
340
350
269
280
360
347
268
275
356
337
270
275
341
354
274
269
336
342
263
270
350
351
265
279
341
331
265
276
353
359
266
273
341
353
264
269
345
342
272
265
351
356
267
275
345
363
268
276
361
356
268
268
349
344
267
272
354
352
269
271
344
341
275
278
349
358
269
270
342
370
267
274
338
355
269
273
350
344
268
274
370
347
274
274
329
338
270
270
342
358
268
278
347
347
274
268
337
350
268
271
338
339
271
269
337
349
267
274
337
336
273
273
352
350
271
269
344
352
269
272
337
354
266
272
346
342
272
272
353
335
272
273
337
348
279
273
360
335
268
268
333
349
268
272
349
346
270
267
346
344
273
273
337
350
271
277
387
344
271
273
352
338
267
267
361
339
266
272
342
335
262
276
345
346
273
263
351
343
271
274
354
347
274
269
360
342
273
268
348
344
266
271
346
338
265
273
347
344
262
269
349
345
272
272
357
352
276
273
342
348
267
272
359
333
280
274
355
339
274
272
353
359
267
267
360
353
274
270
335
344
270
265
351
340
270
268
344
339
265
274
340
356
274
277
342
360
269
279
350
346
271
270
329
338
273
272
340
338
268
275
342
335
269
275
330
346
271
264
352
349
271
274
341
343
271
276
353
350
267
270
340
336
271
275
349
353
271
273
364
342
268
267
343
357
275
277
357
351
273
270
347
362
274
278
356
343
264
280
353
344
273
278
349
356
275
268
344
348
270
274
340
351
272
268
324
347
266
272
348
346
265
269
338
357
267
274
344
344
273
268
355
341
268
268
347
356
267
275
352
374
270
271
342
342
270
279
350
348
273
271
342
340
269
268
355
333
271
268
335
343
273
277
345
338
276
276
339
345
272
266
338
359
262
276
347
352
268
283
351
345
266
278
339
337
274
266
334
351
273
271
350
344
268
269
330
355
265
277
358
362
271
270
346
353
270
271
350
351
269
272
346
358
270
273
346
351
276
270
350
347
272
275
343
339
272
275
349
343
281
272
339
338
274
274
347
361
268
271
341
337
275
274
343
339
270
272
362
345
283
276
353
371
272
276
337
355
276
274
354
351
273
276
349
341
275
271
352
356
272
272
352
361
274
273
347
348
272
277
338
349
270
279
339
358
266
272
347
352
269
277
343
337
278
276
351
354
265
274
359
354
275
277
352
350
277
277
351
341
276
284
363
354
280
273
349
363
285
284
363
339
271
275
343
346
273
275
354
371
277
285
355
354
273
278
341
353
284
282
370
359
281
285
361
355
280
276
358
362
271
282
365
352
275
284
368
367
285
288
360
352
277
287
356
358
280
289
366
366
289
293
373
358
289
291
374
387
295
295
365
352
291
292
363
362
295
297
353
369
292
290
381
371
288
295
358
368
293
300
388
361
299
298
355
376
295
303
377
381
300
300
381
376
305
310
375
374
306
321
398
397
315
326
411
378
318
324
387
393
329
322
400
401
323
325
402
403
329
333
405
402
325
331
405
415
338
341
412
415
344
335
415
412
341
340
408
414
338
341
446
412
343
348
415
416
345
341
416
414
335
344
438
420
347
349
413
408
344
355
444
434
351
361
429
423
351
359
433
432
357
358
448
448
360
362
450
442
370
377
466
462
383
389
454
453
399
404
487
485
415
423
502
492
425
429
505
519
431
433
511
514
430
440
510
508
435
430
504
496
433
425
507
514
431
430
519
498
435
436
515
507
430
437
520
519
447
449
543
533
447
456
523
555
463
473
574
557
478
476
564
575
487
494
573
563
484
488
596
565
489
494
577
569
489
497
576
567
493
494
573
575
510
505
599
584
518
525
603
610
535
549
614
629
550
543
637
617
536
544
630
622
548
552
623
619
554
567
635
657
572
589
657
670
605
611
688
728
639
646
730
726
644
647
736
725
652
645
711
711
616
618
689
684
609
596
669
655
587
589
676
670
596
594
689
685
621
623
736
733
654
673
764
785
718
738
830
839
779
787
854
893
811
835
909
932
861
872
966
970
898
913
1000
988
920
924
1004
1029
942
960
1029
1035
940
983
1004
1002
892
893
956
950
856
848
930
924
839
845
903
926
848
856
946
956
888
897
995
1018
954
980
1075
1119
1051
1074
1180
1183
1106
1116
1219
1190
1095
1112
1177
1169
1082
1086
1142
1133
1054
1045
1111
1122
1010
1008
1078
1089
997
1012
1090
1095
1016
1032
1119
1153
1057
1068
1179
1172
1105
1118
1230
1224
1152
1184
1273
1270
1204
1218
1298
1336
1245
1247
1332
1341
1246
1251
1318
1314
1211
1194
1260
1246
1147
1142
1209
1184
1102
1104
1180
1152
1077
1077
1184
1171
1084
1093
1184
1199
1109
1111
1202
1193
1105
1105
1181
1198
1104
1104
1182
1188
1084
1077
1165
1129
1040
1029
1081
1096
993
985
1061
1050
944
957
1026
1021
955
955
1038
1042
958
976
1042
1059
991
1008
1078
1098
1031
1036
1154
1149
1089
1107
1185
1240
1138
1143
1248
1235
1174
1177
1268
1287
1205
1221
1311
1319
1238
1250
1333
1365
1268
1286
1351
1361
1278
1282
1348
1334
1250
1245
1324
1309
1222
1209
1283
1304
1193
1207
1261
1276
1195
1199
1281
1279
1213
1229
1327
1341
1290
1311
1412
1426
1382
1416
1513
1541
1488
1524
1617
1654
1589
1614
1713
1729
1668
1683
1763
1776
1690
1687
1793
1772
1723
1718
1825
1831
1759
1770
1854
1871
1798
1820
1897
1913
1816
1835
1909
1912
1836
1821
1918
1934
1846
1853
1945
1940
1844
1839
1904
1919
1826
1821
1905
1859
1789
1789
1857
1885
1772
1779
1859
1874
1769
1760
1836
1834
1764
1750
1829
1853
1774
1777
1870
1856
1786
1788
1880
1892
1831
1850
1947
1974
1916
1942
2067
2103
2030
2054
2154
2174
2128
2164
2287
2309
2269
2305
2421
2444
2402
2430
2526
2540
2476
2496
2564
2592
2522
2542
2618
2638
2570
2592
2641
2626
2556
2546
2600
2582
2513
2477
2534
2494
2395
2348
2419
2376
2269
2244
2319
2275
2183
2151
2231
2211
2116
2140
2206
2218
2116
2125
2226
2200
2116
2138
2205
2198
2137
2142
2244
2209
2146
2157
2250
2260
2180
2187
2269
2278
2207
2227
2303
2322
2239
2240
2292
2296
2229
2226
2301
2312
2225
2224
2300
2315
2211
2207
2274
2273
2191
2176
2257
2245
2151
2155
2232
2226
2162
2162
2239
2238
2147
2142
2200
2213
2091
2083
2152
2116
2019
2003
2066
2036
1954
1936
2008
1999
1887
1866
1913
1916
1852
1809
1882
1855
1775
1783
1868
1878
1821
1848
1946
1975
1909
1936
2022
2054
1967
1983
2063
2068
1989
1956
2051
2030
1948
1945
2043
2032
1944
1947
2038
2031
1934
1945
1995
2029
1943
1960
2044
2070
1998
2003
2091
2096
2006
1997
2046
2034
1921
1874
1918
1863
1765
1731
1789
1739
1653
1641
1711
1696
1595
1603
1664
1680
1598
1601
1687
1714
1633
1653
1740
1744
1667
1676
1745
1755
1660
1650
1730
1698
1582
1566
1650
1615
1531
1535
1626
1642
1573
1598
1716
1736
1687
1716
1803
1835
1756
1785
1859
1868
1780
1792
1869
1886
1787
1790
1868
1890
1789
1795
1880
1887
1799
1815
1908
1938
1853
1879
2001
2001
1952
1985
2111
2116
2049
2062
2145
2146
2061
2066
2126
2121
2035
2032
2092
2104
2011
2008
2094
2081
2011
2036
2145
2132
2067
2086
2171
2195
2155
2191
2299
2323
2291
2312
2415
2429
2368
2383
2470
2484
2400
2414
2494
2484
2382
2385
2468
2449
2346
2343
2402
2382
2287
2289
2365
2390
2281
2297
2374
2390
2303
2298
2365
2365
2282
2267
2335
2322
2242
2246
2350
2363
2264
2276
2365
2398
2316
2326
2420
2421
2373
2403
2505
2524
2465
2476
2581
2595
2524
2542
2609
2613
2556
2557
2620
2608
2551
2537
2591
2588
2511
2509
2583
2588
2530
2553
2627
2650
2600
2601
2651
2672
2615
2613
2652
2650
2611
2607
2675
2674
2601
2596
2640
2619
2542
2513
2550
2521
2407
2375
2409
2365
2246
2214
2249
2213
2086
2045
2067
2040
1914
1900
1954
1931
1830
1816
1893
1883
1802
1825
1919
1957
1906
1958
2075
2116
2085
2107
2225
2260
2182
2205
2306
2324
2262
2269
2384
2381
2309
2307
2410
2379
2318
2307
2372
2350
2253
2233
2276
2262
2174
2139
2206
2190
2097
2076
2143
2121
2052
2043
2108
2103
2117
2022
2097
2104
2003
2032
2109
2126
2064
2080
2177
2171
2121
2144
2235
2237
2149
2145
2231
2198
2103
2092
2152
2137
2025
2019
2053
2039
1921
1898
1971
1954
1834
1833
1905
1891
1811
1809
1911
1883
1825
1831
1920
1935
1859
1870
1946
1972
1880
1887
1978
1994
1902
1915
1990
2007
1913
1928
2016
1996
1894
1893
1964
1949
1856
1856
1929
1903
1823
1823
1893
1892
1800
1797
1881
1860
1765
1743
1817
1812
1714
1711
1795
1807
1746
1757
1851
1871
1814
1835
1943
1962
1904
1926
2036
2049
1992
2018
2111
2145
2082
2096
2208
2211
2133
2148
2242
2228
2159
2154
2227
2225
2127
2130
2191
2191
2091
2090
2144
2118
2026
2013
2068
2067
1968
1958
2028
2030
1943
1928
2017
2049
1952
1966
2074
2079
2005
2028
2119
2116
2056
2062
2143
2152
2080
2092
2176
2148
2061
2031
2076
2064
1931
1904
1968
1923
1831
1833
1910
1891
1816
1840
1935
1965
1891
1902
2049
2047
1981
2001
2104
2127
2059
2096
2181
2222
2171
2183
2267
2271
2209
2221
2316
2312
2262
2275
2376
2403
2344
2370
2459
2473
2394
2416
2507
2527
2448
2453
2529
2537
2476
2491
2566
2597
2528
2525
2587
2588
2537
2547
2606
2619
2571
2590
2639
2670
2613
2632
2684
2682
2627
2610
2662
2641
2587
2573
2623
2614
2558
2544
2599
2607
2522
2518
2572
2563
2489
2486
2535
2533
2446
2426
2486
2470
2399
2391
2455
2433
2336
2335
2370
2379
2274
2277
2340
2347
2251
2256
2332
2320
2242
2233
2304
2275
2156
2130
2183
2159
2040
2036
2094
2099
2024
2036
2135
2143
2084
2098
2196
2211
2145
2157
2243
2284
2212
2208
2300
2317
2226
2214
2265
2231
2129
2100
2142
2127
2008
1975
2035
2001
1872
1839
1869
1868
1743
1708
1777
1746
1663
1663
1766
1774
1714
1735
1831
1860
1817
1852
1960
1976
1933
1977
2093
2123
2087
2122
2247
2274
2246
2291
2416
2426
2367
2403
2503
2489
2465
2473
2549
2544
2499
2493
2589
2574
2497
2502
2552
2518
2437
2417
2462
2418
2316
2308
2380
2312
2208
2182
2212
2172
2047
2002
2040
1999
1910
1876
1952
1926
1845
1834
1928
1942
1827
1844
1926
1932
1855
1884
1964
1985
1899
1904
1963
1971
1880
1867
1903
1925
1835
1803
1904
1882
1775
1769
1855
1865
1745
1767
1838
1852
1769
1785
1881
1898
1846
1891
2006
2049
2003
2033
2172
2180
2115
2121
2199
2194
2087
2083
2158
2121
2002
1993
2040
2027
1918
1899
1957
1924
1826
1802
1870
1851
1759
1755
1834
1863
1784
1818
1920
1950
1886
1923
2038
2029
1985
1998
2080
2105
2014
2017
2083
2094
1997
1996
2082
2072
1962
1935
2001
1968
1875
1851
1910
1915
1800
1801
1883
1873
1802
1822
1903
1922
1868
1884
2003
2017
1949
1988
2077
2093
2037
2082
2196
2215
2167
2184
2295
2306
2257
2274
2373
2372
2302
2320
2401
2416
2324
2338
2417
2425
2359
2353
2435
2425
2345
2348
2433
2426
2341
2324
2380
2397
2293
2299
2363
2344
2280
2287
2362
2371
2290
2308
2399
2419
2333
2350
2428
2465
2374
2383
2489
2477
2467
2417
2495
2498
2410
2413
2456
2478
2366
2357
2419
2403
2324
2325
2402
2397
2307
2306
2383
2387
2309
2308
2401
2394
2310
2309
2412
2391
2313
2315
2391
2401
2316
2329
2428
2425
2374
2394
2502
2506
2446
2473
2568
2585
2546
2586
2674
2699
2678
2716
2751
2774
2773
2792
2803
2821
2823
2840
2844
2857
2861
2873
2876
2887
2892
2900
2906
2915
2917
2920
2928
2929
2932
2924
2922
2889
2854
2774
2736
2687
2580
2538
2586
2548
2477
2478
2558
2557
2524
2562
2667
2697
2692
2738
2768
2800
2812
2845
2850
2877
2879
2906
2903
2928
2924
2948
2942
2965
2958
2979
2970
2986
2984
2995
2985
2878
2797
2512
2523
2495
2418
2417
2487
2483
2403
2428
2513
2531
2498
2525
2628
2673
2649
2682
2736
2749
2751
2747
2768
2763
2711
2658
2646
2590
2463
2399
2431
2380
2249
2195
2228
2164
2062
2018
2081
2045
1975
1978
2082
2076
2022
2072
2178
2215
2173
2219
2335
2330
2288
2310
2409
2386
2316
2298
2357
2343
2231
2200
2244
2208
2042
1988
2052
1989
1891
1876
1951
1945
1876
1895
2024
2039
1981
2032
2152
2223
2180
2237
2365
2376
2336
2387
2452
2466
2401
2417
2494
2473
2400
2379
2432
2439
2324
2299
2381
2340
2224
2198
2250
2218
2135
2132
2219
2215
2140
2148
2245
2235
2160
2162
2246
2258
2148
2154
2230
2205
2136
2156
2259
2259
2183
2208
2304
2318
2253
2275
2371
2377
2316
2340
2418
2444
2378
2398
2483
2482
2432
2448
2529
2553
2478
2499
2565
2558
2509
2535
2605
2614
2566
2565
2637
2625
2564
2552
2604
2588
2510
2484
2545
2491
2393
2364
2420
2367
2268
2240
2297
2282
2173
2157
2236
2197
2088
2072
2124
2134
2029
2025
2126
2085
1984
1977
2035
2024
1922
1909
1977
1949
1878
1872
1950
1932
1879
1876
1999
2006
1948
1982
2096
2122
2100
2076
2196
2182
2143
2174
2282
2285
2217
2222
2331
2319
2247
2272
2358
2358
2274
2275
2365
2337
2255
2235
2300
2289
2198
2161
2244
2196
2101
2087
2141
2114
2025
1996
2053
2025
1910
1874
1923
1861
1778
1753
1825
1796
1726
1730
1816
1804
1714
1719
1772
1755
1664
1626
1687
1658
1563
1535
1630
1583
1516
1509
1584
1574
1484
1482
1554
1519
1430
1419
1481
1483
1385
1402
1475
1479
1411
1412
1488
1497
1421
1421
1495
1470
1400
1400
1483
1453
1381
1379
1483
1488
1425
1468
1586
1589
1550
1580
1695
1716
1675
1705
1837
1861
1811
1856
1993
2027
1996
2039
2142
2157
2098
2111
2210
2197
2136
2143
2233
2241
2141
2144
2244
2229
2148
2134
2203
2189
2098
2092
2159
2141
2059
2050
2118
2099
1980
1955
2024
1987
1888
1875
1954
1953
1873
1898
1999
1990
1946
1973
2079
2082
2034
2048
2162
2192
2140
2165
2265
2299
2247
2273
2358
2364
2251
2221
2247
2179
2040
1976
2028
1985
1868
1873
1934
1930
1854
1876
2002
2012
1934
1952
2070
2081
2009
2040
2174
2196
2130
2164
2247
2249
2171
2182
2240
2210
2135
2103
2185
2190
2081
2067
2147
2133
2056
2063
2149
2138
2058
2042
2111
2111
2013
2013
2101
2144
2075
2100
2195
2226
2141
2154
2277
2276
2229
2254
2385
2388
2342
2377
2486
2502
2470
2497
2592
2576
2530
2512
2592
2578
2530
2519
2596
2571
2505
2505
2566
2561
2496
2485
2544
2499
2420
2393
2448
2454
2353
2363
2449
2415
2369
2372
2450
2436
2367
2382
2492
2508
2452
2477
2589
2578
2551
2568
2631
2650
2603
2611
2652
2671
2609
2591
2659
2635
2563
2550
2609
2556
2464
2439
2475
2446
2342
2303
2345
2304
2215
2200
2256
2223
2128
2109
2165
2134
2027
2001
2060
1989
1917
1874
1941
1889
1775
1735
1773
1742
1586
1522
1549
1500
1344
1286
1307
1242
1117
1065
1117
1060
968
960
1022
1030
926
943
1023
1046
986
1019
1149
1156
1125
1161
1279
1306
1260
1284
1438
1413
1346
1359
1454
1477
1437
1460
1602
1626
1563
1586
1704
1718
1668
1698
1809
1826
1777
1796
1883
1847
1730
1688
1729
1684
1558
1536
1604
1564
1500
1515
1597
1663
1611
1652
1773
1822
1763
1797
1905
1926
1846
1849
1912
1887
1786
1749
1790
1756
1611
1574
1645
1621
1497
1477
1527
1488
1363
1332
1373
1308
1174
1125
1157
1119
1001
972
1046
1029
926
915
988
981
901
900
998
1001
942
963
1092
1113
1061
1109
1258
1286
1251
1289
1424
1484
1424
1459
1586
1630
1576
1620
1726
1745
1705
1721
1815
1827
1760
1781
1866
1892
1786
1783
1865
1868
1777
1785
1872
1875
1797
1808
1890
1884
1800
1805
1884
1884
1809
1812
1909
1911
1831
1823
1928
1920
1858
1886
1971
1969
1875
1884
1975
1944
1869
1880
1967
1968
1880
1885
1960
1956
1886
1887
1963
1972
1914
1918
2006
2026
1905
1894
1966
1980
1885
1878
1971
1965
1871
1873
1946
1909
1810
1787
1873
1861
1791
1807
1885
1895
1826
1848
1944
1965
1915
1924
2038
2043
1961
1970
2067
2033
1959
1956
2043
2022
1963
1970
2057
2045
1956
1965
2065
2021
1960
1963
2044
2055
1984
1979
2057
2038
1968
1970
2059
2069
1982
1994
2081
2056
1990
2002
2092
2061
1977
1956
2058
2028
1931
1923
1984
1950
1878
1879
1957
1917
1827
1826
1919
1899
1815
1825
1907
1914
1833
1862
1969
1989
1905
1923
1989
2030
1944
1970
2101
2067
1987
2028
2106
2059
1969
1910
1944
1908
1791
1781
1866
1836
1726
1711
1822
1807
1724
1754
1862
1860
1777
1780
1887
1859
1815
1822
1924
1955
1893
1910
2019
2011
1903
1887
1939
1876
1762
1730
1812
1808
1716
1720
1838
1841
1757
1775
1873
1875
1792
1792
1855
1836
1742
1732
1826
1819
1723
1730
1820
1809
1738
1728
1798
1800
1726
1728
1809
1816
1729
1737
1815
1807
1727
1747
1854
1875
1781
1791
1883
1860
1760
1766
1840
1833
1730
1706
1778
1765
1646
1630
1705
1686
1634
1653
1772
1770
1706
1703
1801
1806
1720
1723
1822
1812
1708
1721
1822
1812
1715
1747
1845
1846
1777
1774
1865
1847
1782
1774
1850
1813
1742
1719
1785
1777
1712
1710
1809
1820
1743
1764
1850
1833
1756
1743
1820
1798
1705
1691
1773
1738
1642
1627
1695
1680
1576
1545
1634
1565
1458
1444
1502
1483
1387
1384
1462
1443
1360
1366
1444
1452
1364
1379
1466
1469
1386
1402
1488
1528
1437
1455
1560
1561
1479
1484
1555
1545
1468
1475
1540
1517
1422
1416
1490
1494
1377
1362
1435
1417
1332
1328
1422
1406
1335
1337
1435
1430
1345
1368
1467
1458
1380
1400
1473
1460
1401
1398
1467
1465
1375
1375
1458
1452
1352
1356
1437
1435
1330
1321
1405
1420
1318
1305
1374
1358
1270
1250
1354
1322
1221
1206
1286
1287
1188
1192
1282
1264
1185
1174
1273
1260
1185
1201
1272
1300
1213
1210
1300
1292
1219
1213
1294
1266
1178
1158
1240
1224
1145
1141
1226
1206
1120
1116
1224
1185
1094
1092
1163
1156
1074
1081
1164
1174
1093
1082
1182
1178
1086
1082
1157
1142
1056
1049
1144
1123
1037
1025
1117
1114
1017
1020
1103
1094
1009
994
1094
1086
997
989
1082
1091
1012
1021
1113
1094
986
1005
1091
1095
1012
1020
1119
1111
1006
1012
1101
1093
1008
1010
1102
1075
991
987
1072
1035
951
949
1038
1005
917
922
1016
990
898
905
990
971
889
895
959
997
869
877
968
947
880
882
972
961
882
887
991
967
879
884
977
955
881
879
964
961
868
877
961
949
852
848
984
938
840
846
934
921
841
840
922
919
833
839
941
929
847
851
942
940
861
862
952
957
862
851
932
916
827
825
901
895
825
813
896
877
788
789
879
872
776
784
875
867
794
798
896
880
803
811
911
897
809
797
883
864
813
830
914
901
838
841
941
945
841
850
930
921
825
830
896
904
825
826
902
907
812
818
901
887
796
781
866
858
757
765
864
843
757
741
837
818
726
716
810
748
676
667
759
723
652
654
768
750
664
668
772
785
680
699
781
782
696
696
794
794
719
722
803
842
735
742
834
829
749
746
831
832
742
737
816
815
733
737
823
828
750
744
845
818
749
756
851
850
764
771
862
873
787
797
869
615
246
247
246
245
246
245
245
245
688
699
246
246
246
-8
-8

