;UFOS3
;Measurement details: channel = D, date = 12.09.2015, time = 05:27:52
Exposure=624
Gain=0
Temperature=24.3
Accummulate=4
3.610959314138803 mu
3.692638176666836 amas
15.441 hs
0 ozone
25792 uva
10632 uvb
8755 uve
[Value]
-8
247
246
247
247
247
247
247
264
257
315
315
257
259
324
325
265
263
320
336
259
269
342
325
264
263
356
347
270
267
352
330
272
267
335
328
267
264
333
342
264
266
328
333
265
267
354
348
276
273
340
340
264
269
357
347
261
263
345
355
263
273
340
360
268
267
352
329
265
266
324
350
268
275
335
339
259
265
333
336
268
269
358
339
261
267
337
345
266
268
338
353
263
265
340
334
265
263
333
351
268
265
333
343
265
274
355
343
263
270
353
331
267
268
337
349
270
265
331
338
259
264
347
345
263
273
336
329
259
271
349
354
260
268
333
348
259
266
337
336
267
264
347
356
264
270
343
359
265
269
356
351
262
265
346
340
261
267
350
347
264
269
340
334
272
274
344
353
264
266
338
363
265
271
333
348
262
268
345
341
263
270
370
343
269
270
327
331
266
266
339
353
264
271
343
344
269
264
334
347
267
265
335
335
264
267
332
343
265
270
332
334
268
269
347
345
265
265
340
346
265
268
331
350
261
270
340
338
269
270
346
334
268
269
333
344
274
268
355
332
264
262
328
344
264
269
345
341
264
263
343
340
268
267
332
346
267
272
381
341
266
268
347
335
264
263
356
335
262
266
336
329
258
271
341
340
269
259
347
338
267
269
348
343
270
267
354
338
270
262
344
338
262
267
341
334
260
268
342
338
256
262
343
340
266
268
350
349
272
269
339
344
263
265
351
327
276
270
349
334
269
267
345
357
261
262
355
349
270
268
334
342
264
263
344
334
265
262
341
333
263
271
338
353
266
274
338
355
265
274
347
342
269
268
326
335
269
267
334
333
264
271
337
329
264
270
326
342
266
260
347
346
265
270
335
337
267
271
348
346
263
267
336
332
266
270
343
348
267
269
358
334
263
263
338
349
269
272
355
349
267
264
343
357
269
273
352
338
261
273
348
340
268
275
347
349
270
264
339
345
265
269
335
348
266
264
320
341
262
269
342
343
261
264
334
353
261
268
340
341
269
264
349
338
265
263
340
354
263
270
347
369
264
266
338
338
266
274
343
342
267
266
335
335
263
262
352
327
264
264
328
338
266
269
340
335
270
271
334
341
267
266
333
351
258
268
343
346
260
279
345
339
261
273
333
330
268
262
329
344
267
267
343
336
260
265
326
351
262
273
350
355
268
266
340
348
266
267
345
346
262
266
342
351
266
269
339
344
269
266
341
342
266
270
338
333
264
271
344
336
274
265
333
333
266
268
340
354
260
267
334
333
268
269
336
332
265
266
355
337
275
271
346
362
265
270
328
349
269
267
348
344
265
270
341
333
266
266
344
348
265
266
347
354
268
264
341
340
266
269
328
344
263
272
332
349
261
269
341
345
261
271
337
329
272
267
343
346
258
266
352
345
269
266
342
342
272
267
343
335
266
275
353
345
269
265
340
354
276
273
351
329
259
264
332
335
261
265
341
359
266
274
341
343
262
267
328
343
270
271
357
347
267
273
348
343
266
264
347
348
259
267
351
337
261
271
353
350
268
272
340
334
261
269
336
338
257
268
346
345
268
271
349
336
264
267
352
361
267
272
339
327
269
268
339
339
272
273
329
348
267
267
356
348
264
268
333
343
266
272
357
332
271
269
322
343
264
270
344
348
264
266
343
339
265
267
332
331
262
275
347
349
265
274
357
323
264
267
327
334
270
262
339
342
261
265
340
342
264
271
343
336
262
268
337
345
268
272
341
346
274
266
342
339
267
267
334
339
266
265
367
334
267
273
341
339
271
269
341
340
264
272
360
348
271
272
334
330
264
271
357
350
262
273
340
333
263
269
339
340
267
265
351
352
263
268
346
338
268
268
355
346
267
269
329
324
262
265
345
334
264
270
344
333
265
266
340
351
267
268
346
348
264
272
339
339
270
267
335
328
271
261
337
350
267
265
353
334
270
272
344
341
260
264
341
342
269
272
356
348
262
269
328
355
263
270
363
346
268
266
343
351
267
273
347
333
262
268
367
338
264
273
349
343
264
275
342
341
268
268
339
340
273
270
355
335
267
273
339
342
264
273
333
348
274
271
362
341
261
269
349
344
271
272
338
335
263
270
335
349
262
269
334
340
268
268
330
363
268
270
349
342
266
267
353
340
274
269
333
346
259
267
338
347
273
267
339
331
270
271
353
341
267
262
350
339
269
264
358
346
261
268
343
342
266
275
353
345
276
275
329
347
258
271
333
343
265
271
346
338
266
271
345
331
264
264
338
349
267
277
348
350
266
307
339
349
261
268
337
339
263
264
340
340
263
270
321
342
263
269
344
345
270
265
341
346
266
269
339
350
266
269
353
345
266
271
364
345
264
275
339
344
263
271
333
335
272
270
339
359
264
271
338
343
264
274
349
339
264
267
338
361
262
265
352
334
268
263
352
335
262
272
350
339
266
271
333
356
265
265
332
344
268
273
337
350
266
266
339
340
266
268
344
329
261
274
350
337
266
266
352
346
264
267
346
356
269
266
349
343
260
269
334
344
267
266
341
355
269
267
350
337
263
267
331
355
269
269
349
351
263
275
342
342
267
267
343
339
264
274
333
345
269
276
327
334
263
263
351
341
264
269
333
381
268
270
349
328
270
267
341
345
269
273
343
350
263
272
337
362
264
271
332
337
262
274
342
337
262
267
342
336
269
265
338
357
260
267
320
340
264
270
342
335
264
272
342
334
270
267
335
332
263
269
341
345
264
275
340
347
268
267
348
334
270
265
343
355
268
264
351
329
269
269
351
349
271
267
336
346
266
268
336
350
268
276
347
348
273
264
345
349
262
268
350
355
266
269
339
350
262
277
354
330
267
270
337
355
262
271
341
367
267
267
338
340
268
270
332
355
268
271
349
334
263
268
347
338
264
269
336
344
267
269
358
355
265
274
342
332
264
265
346
334
268
268
339
340
268
273
343
339
267
272
346
361
270
272
343
344
265
273
342
334
265
266
334
351
269
273
349
342
266
267
355
345
263
267
352
342
265
265
350
345
266
274
338
351
264
272
364
344
262
281
338
344
265
271
349
329
261
265
354
349
269
268
346
343
265
270
334
347
265
269
318
337
267
268
340
353
265
273
340
360
262
263
334
330
264
266
353
349
267
267
352
343
283
269
345
348
262
265
338
352
263
272
353
343
268
276
351
338
264
264
344
344
269
272
327
351
290
265
344
339
264
274
337
341
264
275
336
346
263
275
338
347
263
267
333
349
271
264
345
340
260
270
350
337
269
271
358
348
265
275
319
350
268
276
343
356
269
269
337
349
261
268
336
343
269
269
345
335
266
272
344
333
270
276
346
342
264
273
331
344
271
268
337
347
269
276
341
343
266
267
328
339
266
274
361
355
265
269
355
339
263
267
336
348
268
267
348
343
264
277
330
347
265
273
341
349
264
275
341
358
265
269
343
355
266
273
354
356
263
273
345
354
260
266
357
339
265
270
353
342
266
269
337
341
265
274
332
338
267
270
330
355
270
270
343
332
263
271
350
346
266
272
335
344
264
272
338
344
269
274
336
343
260
269
338
351
263
268
348
348
262
265
365
348
267
266
355
342
264
270
347
364
263
270
334
350
264
267
343
347
265
272
345
332
265
268
354
361
267
271
340
367
265
269
347
338
265
276
355
343
265
266
353
351
264
266
337
338
264
268
342
338
271
274
344
352
269
269
343
345
261
268
343
346
269
271
330
346
271
267
330
328
266
268
348
355
260
271
345
341
265
264
344
343
267
273
345
334
260
271
343
346
265
267
328
343
258
267
348
348
271
268
345
331
261
269
339
336
263
271
339
339
267
267
350
355
263
273
347
345
264
272
354
347
266
267
351
331
273
272
353
350
263
267
332
339
272
265
348
343
262
268
338
329
272
274
337
345
361
275
346
353
262
278
347
350
268
272
342
338
263
267
346
347
260
266
343
344
265
271
342
346
267
277
338
345
267
269
350
348
264
271
346
342
269
269
357
329
271
272
344
342
266
276
341
359
265
275
345
353
261
270
337
348
263
273
356
345
264
268
345
346
267
265
350
338
269
272
346
342
263
267
351
350
268
268
342
348
266
267
341
344
271
271
336
339
267
270
346
343
267
273
348
339
263
267
342
350
267
270
350
354
262
270
349
337
263
274
341
337
264
271
335
347
268
275
341
336
263
267
333
353
263
273
346
344
267
266
338
359
267
266
356
339
261
269
343
340
270
268
331
348
262
277
359
334
269
271
352
358
262
269
358
343
266
275
354
339
263
271
348
348
259
265
375
346
267
266
338
347
263
269
335
341
273
269
340
342
268
269
342
335
267
270
334
332
265
272
347
341
264
267
342
356
273
269
337
348
266
269
339
355
264
273
338
337
268
268
341
336
265
273
326
349
263
270
355
348
265
266
344
337
267
274
353
344
268
268
337
355
263
273
344
342
265
274
341
344
264
270
345
334
270
271
353
341
272
270
328
349
262
267
345
351
267
264
346
331
264
269
355
346
268
269
348
345
263
272
332
349
270
265
349
338
271
273
348
349
266
267
333
349
267
265
337
349
265
270
344
344
266
271
342
346
272
275
349
364
268
271
338
367
269
266
344
336
262
266
357
346
274
276
343
340
261
271
347
327
267
270
349
339
272
271
346
330
267
273
354
350
262
265
341
325
264
267
345
343
269
270
359
346
263
266
337
327
262
269
343
336
264
272
381
340
267
267
335
334
267
266
345
330
266
269
352
341
268
268
352
366
267
275
351
341
267
272
345
358
263
272
333
331
263
267
317
342
272
267
363
363
269
268
349
361
260
272
345
349
266
266
345
344
264
269
348
343
268
269
366
343
263
267
342
344
268
273
367
347
261
269
339
340
262
274
346
334
263
269
343
339
272
266
333
346
263
274
341
347
265
267
345
337
266
272
344
354
266
270
339
347
265
269
356
359
270
270
351
337
274
268
342
360
265
277
346
337
270
278
332
339
266
268
351
347
265
277
344
341
260
269
351
343
270
270
356
344
266
270
355
349
269
272
340
352
262
261
348
347
268
271
351
352
273
267
347
346
274
270
336
349
264
274
350
330
268
281
344
347
261
267
340
349
263
266
339
359
265
266
362
346
326
275
354
352
265
265
328
365
261
269
341
339
266
272
352
352
262
266
337
343
265
269
349
343
261
263
361
337
262
268
347
352
266
267
350
341
265
265
357
353
265
276
347
340
262
273
353
344
261
266
334
334
270
273
329
355
273
272
339
342
267
266
360
347
271
268
351
347
265
279
352
325
261
278
349
351
259
270
348
359
266
273
357
336
262
272
338
327
264
270
358
339
263
271
321
337
263
269
342
343
268
264
337
332
268
270
351
371
261
271
334
324
264
276
355
347
265
273
326
339
271
269
352
346
262
278
343
331
265
266
337
345
261
270
347
334
267
268
349
354
266
262
345
340
265
269
352
350
270
277
356
338
271
267
346
337
270
274
354
340
258
269
344
343
270
274
353
333
269
269
358
331
266
266
331
338
262
268
352
370
259
266
363
339
273
271
346
339
265
267
353
343
261
271
333
352
268
273
349
339
262
272
335
342
263
271
354
337
268
280
340
355
263
267
365
354
266
269
342
332
267
271
344
339
261
269
355
341
264
273
333
364
267
270
348
333
266
267
346
352
262
269
349
350
266
267
346
338
262
269
330
346
274
275
351
340
274
278
342
352
268
272
338
331
265
274
354
341
262
267
355
338
263
270
347
340
263
268
364
330
264
272
358
344
266
266
337
344
263
268
369
355
268
266
329
347
260
272
368
342
266
270
341
337
263
269
345
332
267
271
351
331
271
270
361
346
265
269
354
353
318
266
347
330
265
266
353
339
267
269
344
329
264
269
351
344
264
265
357
338
264
271
343
348
268
271
364
332
269
273
341
335
266
264
344
342
267
272
347
327
270
269
343
327
264
275
344
334
264
272
341
340
268
267
344
342
267
263
365
331
268
275
344
335
266
272
354
345
268
267
337
343
261
273
338
342
273
268
327
333
268
269
343
316
265
269
353
326
267
271
352
343
263
270
355
328
272
267
341
329
265
270
352
346
265
269
348
331
263
268
338
336
265
267
351
332
266
270
348
357
266
267
356
352
275
269
343
339
263
267
343
341
264
270
351
345
262
268
340
332
265
274
346
344
262
273
344
330
264
272
347
339
271
268
342
339
265
267
335
345
266
267
349
351
265
269
354
337
264
267
346
350
260
277
336
343
265
270
366
346
268
264
346
339
262
265
357
352
267
277
341
342
263
273
352
340
275
271
349
354
265
265
348
339
267
272
353
345
275
274
355
354
268
264
331
351
268
271
342
354
266
271
360
339
261
270
366
338
265
275
348
339
264
268
357
334
273
266
354
333
265
263
361
343
263
269
352
342
266
266
357
334
266
270
337
355
271
276
355
328
267
264
353
332
268
271
352
343
263
267
372
340
270
273
340
346
271
267
329
358
270
263
362
349
261
270
370
337
266
266
344
353
270
270
342
333
272
269
347
335
268
269
341
336
264
268
346
323
274
269
353
342
270
267
347
361
270
265
337
362
265
267
354
337
269
269
349
327
269
275
347
360
263
277
339
343
268
272
364
336
268
273
346
342
263
268
387
339
271
273
335
342
277
266
362
355
268
272
353
345
271
275
350
352
270
272
353
340
263
269
340
342
262
270
347
328
266
276
330
351
265
268
344
344
263
265
346
350
267
272
341
344
264
271
348
358
269
269
354
356
266
274
345
340
267
270
359
345
272
271
341
348
263
264
351
353
267
273
353
347
270
271
353
343
271
269
359
348
267
271
367
353
273
272
352
371
268
270
344
350
265
275
352
342
273
274
342
339
268
269
351
359
272
269
349
350
263
268
343
343
268
270
350
351
266
272
344
337
267
269
348
352
274
264
345
332
264
272
350
340
266
272
354
340
264
273
339
350
263
268
338
344
273
270
347
345
273
273
348
372
270
269
341
353
265
269
352
350
263
265
345
343
267
269
350
338
265
269
340
342
267
272
345
348
270
265
355
344
266
269
365
337
271
272
353
325
272
276
355
349
265
269
368
333
267
266
336
341
274
277
353
341
266
270
344
345
262
274
356
341
268
277
361
339
272
266
355
343
266
276
349
329
268
280
359
340
269
275
368
346
267
279
342
345
266
275
354
358
266
275
325
360
268
268
375
332
269
280
361
331
269
265
342
349
264
271
361
355
269
268
368
351
264
271
349
355
275
267
364
329
273
270
343
348
274
272
364
352
268
267
356
347
271
267
355
353
269
269
364
357
269
270
348
337
268
267
351
346
264
267
354
350
262
271
358
340
275
271
336
340
267
270
346
343
265
273
347
334
264
270
341
357
264
269
365
353
268
270
355
349
266
272
347
353
266
273
352
341
274
272
355
339
267
265
352
341
268
268
355
350
265
274
365
353
262
271
358
352
271
269
351
330
270
264
352
333
266
266
342
345
266
270
355
349
266
276
351
336
272
269
354
344
263
271
364
344
266
269
344
346
272
268
375
332
266
268
346
341
269
277
357
336
265
274
347
353
267
272
351
348
271
271
338
369
268
269
351
342
273
275
346
341
261
273
342
340
268
274
342
361
268
266
347
335
264
271
358
336
266
270
348
335
262
269
353
338
263
272
347
334
270
272
342
343
270
266
351
357
268
269
345
353
266
268
344
362
273
271
350
348
268
263
363
357
270
273
352
350
263
271
354
340
267
269
353
337
270
275
342
362
278
268
346
336
269
269
357
344
269
265
349
344
272
274
353
335
268
265
372
341
266
269
338
337
262
271
344
347
271
266
352
348
266
271
344
348
267
270
363
352
274
270
361
351
265
267
347
346
272
270
357
350
270
266
347
343
267
277
363
356
261
273
352
354
267
272
364
358
267
272
354
348
272
276
358
338
264
265
346
332
265
269
359
334
264
274
368
351
271
274
355
334
268
272
337
379
267
273
356
338
273
268
352
338
266
271
366
342
264
272
357
340
274
270
348
343
264
275
352
347
266
269
393
346
265
268
345
330
266
272
353
348
263
263
352
343
267
274
349
347
269
271
349
357
268
270
353
340
265
271
340
341
274
272
356
340
268
268
357
348
264
265
352
342
275
270
360
346
264
265
356
351
274
264
344
325
271
276
350
328
267
272
361
359
269
277
353
351
265
274
330
340
269
271
342
352
264
268
350
342
269
267
355
354
267
277
365
347
268
265
356
348
267
269
373
336
269
266
359
336
272
271
370
348
269
265
350
357
264
273
349
352
270
269
358
352
275
273
340
371
269
271
351
347
267
268
351
352
270
269
341
343
265
268
344
343
272
267
360
340
268
273
350
345
266
265
346
351
269
271
353
347
247
246
247
246
247
247
245
247
263
271
245
248
247
-8
-8

