;UFOS3
;Measurement details: channel = S, date = 12.09.2015, time = 05:23:36
Exposure=671
Gain=0
Temperature=24.2
Accummulate=4
3.720456889393064 mu
3.807058225324431 amas
14.934 hs
205 ozone
152728 uva
12152 uvb
9411 uve
[Value]
-5
249
249
249
250
250
249
249
267
262
322
321
260
260
330
331
269
268
329
343
261
276
361
341
275
275
371
366
282
281
370
347
283
281
352
343
280
277
352
358
279
277
345
348
275
280
372
365
288
286
360
360
274
280
374
366
274
276
363
373
277
287
356
377
282
279
370
347
276
280
342
370
281
288
352
358
272
280
351
355
281
283
376
357
274
281
354
365
279
281
360
369
274
279
362
348
281
279
350
373
282
277
351
362
278
287
376
359
278
282
370
347
280
281
353
367
282
277
350
357
273
278
362
362
275
284
356
345
274
284
366
374
273
281
353
369
272
280
358
356
280
274
365
375
277
283
359
377
277
284
377
370
278
278
364
359
276
280
369
367
276
283
358
354
284
288
364
372
278
278
354
385
278
285
351
368
277
281
365
362
276
282
386
360
282
281
343
351
280
280
357
373
276
285
361
365
281
277
349
364
279
279
354
354
276
280
351
361
277
283
349
354
281
283
365
365
280
278
357
365
279
282
351
370
276
284
360
357
284
284
363
351
281
281
351
361
287
279
372
349
275
275
348
361
276
281
363
357
277
274
361
357
282
278
348
363
281
285
399
355
278
280
367
352
276
275
374
353
276
280
358
348
272
284
359
360
283
273
368
358
280
282
370
362
282
279
374
354
283
276
361
358
273
280
359
351
273
278
363
359
268
276
362
357
279
280
369
365
284
281
356
361
273
281
372
344
289
283
367
351
280
281
366
373
274
277
375
367
284
279
349
357
279
276
366
354
278
276
357
351
275
283
356
373
282
286
357
372
277
287
365
361
281
279
345
351
282
282
352
352
278
285
357
348
276
284
343
360
280
274
367
365
280
281
353
356
279
285
367
364
276
277
352
348
280
281
363
366
279
282
378
351
276
275
355
371
283
285
374
368
279
276
359
376
283
286
369
355
271
286
367
360
281
288
366
369
284
277
355
364
278
283
355
366
282
276
338
362
273
283
361
360
275
276
352
372
276
281
360
358
283
276
368
354
278
278
359
372
277
285
368
389
278
280
354
357
281
286
365
365
279
279
353
350
275
274
373
344
278
275
350
358
280
286
361
355
282
285
352
360
280
276
351
370
269
284
361
367
273
293
366
359
272
286
352
350
282
274
349
364
282
280
363
355
274
279
344
372
273
285
372
375
281
281
356
368
279
279
367
367
279
280
362
372
281
283
361
364
284
281
366
362
279
284
360
352
279
285
365
357
288
283
353
355
279
283
362
375
277
282
351
351
282
281
354
353
279
283
376
356
289
284
363
387
280
286
350
369
283
283
370
367
282
285
360
353
282
281
366
371
279
280
364
372
281
282
360
358
280
284
349
364
279
288
351
371
275
285
359
366
276
285
357
348
287
284
362
366
273
281
373
365
282
282
363
365
287
286
362
353
281
293
376
364
284
281
360
377
291
288
373
349
273
280
354
353
277
280
361
380
278
293
366
364
278
282
349
364
288
285
381
368
282
290
368
364
284
279
367
371
275
285
371
360
277
288
372
371
285
290
364
358
276
284
359
360
276
285
367
370
285
289
371
359
280
285
376
383
288
291
362
348
285
287
363
362
292
291
352
370
287
286
384
370
284
289
361
368
287
293
386
359
294
289
349
372
284
291
373
373
287
289
372
363
288
289
359
358
284
298
377
378
287
299
389
353
285
291
356
365
295
288
370
370
287
291
371
371
290
298
377
372
291
296
374
383
300
305
382
384
310
301
383
382
304
305
377
381
307
304
417
379
306
314
385
385
313
312
388
389
306
316
411
395
315
316
383
382
309
316
412
401
309
321
394
384
311
316
394
395
313
313
404
407
309
314
401
390
315
319
406
404
317
320
385
378
313
316
405
393
319
327
405
390
320
324
404
414
326
320
411
416
323
336
408
405
337
334
412
402
341
334
418
436
346
346
445
427
362
364
444
441
354
359
441
447
364
368
466
453
363
367
434
463
363
367
471
453
365
363
449
455
363
371
452
439
362
365
472
446
366
381
463
457
374
383
460
459
380
381
462
463
399
390
488
466
394
400
477
481
396
406
477
487
405
401
502
479
392
404
491
482
407
404
478
473
397
404
480
496
407
420
486
493
420
420
497
533
436
440
528
519
438
439
532
518
447
444
516
527
438
444
522
532
460
453
535
528
463
467
562
556
474
473
577
564
494
490
598
588
494
498
584
585
500
506
588
578
499
492
553
563
465
476
540
551
467
470
552
548
470
477
567
549
483
488
576
596
513
535
621
636
551
603
646
664
569
586
667
682
602
607
701
712
628
644
703
735
652
661
747
757
668
667
768
771
688
688
769
780
679
680
770
757
660
659
757
735
636
643
717
712
626
639
710
708
645
642
724
755
652
663
760
775
697
725
827
825
760
773
868
899
793
794
900
878
796
783
890
867
776
783
870
848
769
760
831
848
740
741
809
816
730
734
810
826
738
743
831
841
765
772
871
861
789
810
912
904
828
840
951
950
864
873
978
993
902
896
994
989
896
899
974
985
884
878
953
966
855
836
933
904
816
816
881
908
810
805
904
906
806
823
902
898
816
815
912
909
820
829
898
911
820
826
885
888
801
791
897
870
776
772
837
883
750
741
833
801
725
721
798
806
728
727
810
825
726
740
820
858
755
764
842
850
783
798
884
895
817
833
930
931
863
867
950
976
875
891
955
987
902
913
1009
1007
925
942
1024
1028
957
958
1042
1030
961
960
1042
1042
942
948
1018
1016
924
909
1002
985
904
897
984
997
890
884
995
967
907
908
1023
1036
959
971
1065
1096
1022
1047
1151
1184
1107
1139
1242
1256
1189
1188
1303
1329
1237
1262
1373
1378
1278
1289
1381
1402
1309
1328
1435
1403
1342
1354
1433
1461
1364
1375
1455
1493
1380
1376
1460
1465
1379
1376
1459
1496
1391
1403
1488
1471
1390
1381
1470
1461
1364
1365
1444
1449
1356
1356
1453
1450
1346
1349
1430
1408
1328
1328
1419
1404
1327
1323
1417
1418
1341
1347
1436
1430
1356
1364
1460
1490
1394
1408
1509
1527
1456
1484
1577
1610
1539
1569
1669
1705
1637
1659
1769
1781
1734
1758
1891
1896
1822
1839
1962
1965
1885
1894
2004
2014
1932
1951
2039
2059
1969
1972
2070
2050
1946
1949
2023
2010
1904
1901
1972
1933
1827
1824
1896
1876
1765
1747
1822
1794
1688
1681
1747
1753
1656
1652
1712
1731
1649
1647
1734
1747
1646
1660
1746
1764
1664
1660
1749
1754
1681
1682
1785
1790
1698
1709
1811
1806
1745
1735
1834
1838
1738
1737
1826
1847
1735
1745
1846
1825
1747
1753
1835
1827
1743
1730
1812
1811
1709
1685
1745
1758
1662
1651
1741
1727
1647
1652
1737
1740
1652
1659
1724
1723
1627
1625
1692
1688
1577
1575
1645
1645
1556
1531
1622
1594
1494
1503
1586
1563
1472
1469
1554
1547
1442
1463
1528
1568
1488
1505
1610
1638
1547
1560
1658
1668
1574
1594
1662
1667
1578
1575
1666
1644
1577
1573
1657
1641
1566
1571
1657
1652
1562
1567
1649
1665
1580
1580
1672
1698
1610
1627
1708
1709
1621
1611
1672
1656
1554
1527
1608
1566
1434
1412
1499
1452
1357
1338
1407
1411
1312
1314
1402
1396
1303
1317
1397
1413
1334
1351
1439
1454
1358
1372
1440
1459
1331
1319
1395
1396
1275
1265
1356
1347
1240
1258
1348
1370
1276
1306
1442
1433
1374
1402
1516
1526
1447
1456
1556
1556
1485
1503
1573
1588
1517
1517
1596
1624
1527
1523
1613
1600
1517
1539
1649
1642
1567
1589
1676
1702
1637
1671
1766
1780
1706
1717
1797
1814
1710
1725
1796
1808
1688
1703
1790
1788
1679
1688
1803
1788
1695
1707
1814
1811
1732
1764
1866
1894
1808
1845
1943
1988
1918
1934
2045
2068
1998
2016
2104
2106
2017
2024
2134
2125
2030
2021
2102
2113
1999
1991
2058
2043
1950
1961
2048
2048
1949
1950
2058
2049
1950
1960
2026
2018
1928
1923
2008
2003
1925
1926
2007
2017
1936
1939
2034
2051
1962
1987
2090
2102
2035
2053
2144
2177
2128
2129
2217
2223
2168
2176
2288
2289
2186
2192
2283
2278
2188
2179
2265
2259
2161
2174
2267
2259
2179
2199
2287
2305
2230
2230
2311
2318
2227
2233
2318
2331
2242
2231
2309
2304
2216
2199
2274
2260
2167
2153
2204
2175
2059
2029
2092
2066
1939
1919
1970
1940
1802
1778
1846
1797
1681
1651
1730
1694
1603
1597
1683
1682
1588
1602
1702
1742
1698
1725
1856
1877
1831
1855
1962
1970
1935
1950
2044
2062
2096
2024
2114
2119
2026
2056
2140
2138
2045
2035
2117
2086
1988
1972
2048
2033
1908
1899
1971
1947
1828
1820
1887
1884
1774
1780
1848
1850
1738
1741
1839
1845
1745
1763
1861
1867
1803
1817
1945
1921
1877
1890
1986
1986
1895
1905
1968
1987
1874
1870
1947
1935
1817
1807
1877
1856
1743
1726
1812
1780
1660
1659
1737
1718
1625
1632
1722
1700
1623
1626
1720
1724
1643
1648
1757
1763
1667
1678
1775
1782
1691
1705
1795
1791
1711
1708
1783
1785
1689
1682
1766
1741
1654
1646
1736
1718
1615
1621
1697
1700
1605
1603
1687
1676
1566
1560
1646
1623
1529
1539
1625
1631
1557
1578
1677
1702
1633
1657
1756
1765
1701
1724
1824
1863
1786
1814
1915
1930
1873
1882
1983
2019
1921
1925
2042
2022
1936
1944
2027
2017
1932
1915
1976
1989
1879
1875
1962
1919
1819
1808
1882
1864
1741
1739
1834
1811
1721
1736
1823
1812
1741
1756
1858
1878
1789
1797
1938
1924
1838
1839
1923
1941
1839
1835
1893
1909
1806
1785
1853
1823
1721
1700
1771
1738
1650
1646
1727
1724
1658
1678
1780
1793
1721
1740
1850
1878
1805
1826
1929
1964
1904
1934
2050
2090
2017
2039
2127
2144
2071
2090
2181
2189
2122
2147
2210
2260
2173
2177
2299
2302
2218
2212
2327
2323
2247
2259
2352
2366
2287
2291
2385
2404
2315
2328
2415
2412
2349
2351
2437
2426
2328
2324
2396
2370
2274
2256
2335
2301
2217
2214
2274
2291
2190
2193
2291
2311
2214
2220
2319
2321
2249
2260
2364
2353
2274
2290
2379
2375
2289
2305
2388
2419
2353
2356
2462
2460
2388
2378
2442
2433
2325
2307
2371
2367
2261
2229
2300
2282
2167
2148
2196
2154
2037
2004
2052
2033
1923
1910
1996
2000
1897
1912
1998
2051
1946
1960
2063
2075
2004
2017
2143
2146
2073
2081
2156
2140
2047
2042
2098
2065
1958
1934
1995
1962
1864
1821
1876
1833
1728
1703
1760
1730
1606
1585
1669
1626
1557
1557
1656
1666
1602
1622
1752
1780
1707
1743
1863
1867
1821
1872
1990
2021
1967
2020
2171
2163
2110
2154
2253
2291
2236
2249
2348
2349
2290
2303
2384
2381
2321
2318
2428
2429
2323
2327
2398
2381
2286
2281
2323
2317
2193
2164
2193
2164
2050
2017
2040
2043
1927
1880
1967
1931
1797
1784
1865
1867
1731
1751
1832
1831
1739
1751
1843
1842
1764
1781
1878
1878
1797
1795
1918
1893
1796
1792
1868
1863
1751
1744
1843
1814
1701
1707
1778
1782
1693
1698
1783
1775
1699
1719
1821
1840
1771
1806
1924
1973
1906
1951
2053
2089
2004
2019
2114
2088
1997
1983
2056
2056
1927
1917
1970
1957
1838
1812
1895
1881
1757
1735
1818
1780
1696
1693
1781
1817
1723
1761
1864
1880
1817
1850
1932
1966
1894
1907
2015
2011
1916
1930
2001
1990
1895
1894
1992
1953
1853
1838
1919
1893
1783
1771
1848
1833
1732
1723
1806
1822
1719
1737
1849
1869
1789
1817
1934
1956
1881
1905
2021
2049
1982
2016
2117
2167
2089
2120
2230
2223
2186
2208
2293
2312
2220
2248
2327
2349
2257
2260
2340
2364
2256
2268
2375
2353
2335
2280
2371
2365
2278
2264
2319
2348
2236
2236
2312
2309
2210
2234
2331
2335
2243
2252
2348
2361
2283
2293
2392
2394
2309
2321
2437
2410
2332
2330
2423
2411
2305
2288
2364
2335
2236
2220
2326
2305
2206
2221
2300
2294
2219
2227
2328
2318
2239
2260
2342
2347
2274
2269
2338
2371
2285
2290
2372
2380
2327
2333
2458
2452
2396
2411
2510
2525
2462
2505
2593
2589
2542
2583
2664
2692
2647
2673
2729
2749
2735
2754
2781
2786
2793
2798
2810
2819
2826
2831
2845
2851
2861
2869
2875
2879
2880
2880
2878
2867
2854
2811
2808
2745
2692
2623
2644
2624
2510
2478
2526
2501
2430
2438
2540
2546
2488
2534
2619
2664
2651
2710
2757
2794
2804
2839
2840
2871
2873
2900
2899
2924
2923
2943
2942
2960
2955
2974
2967
2985
2978
2975
2964
2773
2668
2474
2531
2498
2406
2396
2475
2460
2394
2400
2505
2513
2482
2509
2621
2634
2605
2642
2708
2721
2702
2707
2730
2696
2647
2585
2611
2524
2415
2350
2373
2331
2192
2151
2208
2180
2019
1994
2089
2035
1957
1966
2066
2077
2021
2047
2171
2200
2142
2180
2281
2333
2247
2268
2361
2343
2250
2271
2311
2288
2181
2145
2189
2130
2003
1962
1999
1975
1844
1829
1948
1931
1847
1862
1965
1996
1948
1997
2140
2176
2146
2191
2332
2356
2303
2337
2430
2471
2367
2379
2453
2439
2346
2339
2419
2400
2283
2269
2313
2298
2185
2153
2228
2190
2087
2082
2150
2177
2093
2089
2175
2172
2104
2113
2188
2191
2085
2094
2174
2167
2098
2121
2209
2223
2147
2155
2278
2275
2211
2231
2338
2346
2289
2301
2420
2388
2340
2358
2466
2471
2401
2416
2515
2518
2457
2461
2568
2570
2506
2505
2567
2596
2517
2537
2622
2604
2533
2519
2572
2540
2451
2441
2482
2436
2350
2321
2377
2327
2240
2205
2288
2248
2133
2105
2186
2160
2100
2027
2101
2066
1983
1975
2063
2041
1942
1924
1996
1952
1864
1860
1933
1918
1812
1817
1915
1906
1829
1841
1946
1972
1898
1930
2060
2053
1997
2038
2129
2144
2085
2112
2217
2229
2167
2183
2277
2266
2206
2210
2295
2279
2207
2221
2298
2275
2178
2177
2236
2223
2122
2097
2154
2131
2030
2004
2101
2041
1946
1933
1984
1951
1828
1800
1871
1828
1715
1699
1774
1768
1670
1684
1755
1753
1670
1647
1706
1694
1600
1572
1636
1580
1501
1487
1577
1543
1458
1458
1546
1527
1427
1430
1524
1465
1390
1370
1453
1434
1349
1355
1454
1455
1359
1370
1465
1451
1369
1369
1451
1442
1355
1352
1443
1416
1345
1348
1450
1476
1386
1414
1552
1568
1508
1536
1648
1683
1617
1661
1781
1813
1770
1811
1944
1986
1927
1962
2078
2083
2027
2047
2144
2146
2061
2078
2161
2140
2067
2082
2169
2143
2068
2056
2139
2132
2023
2020
2078
2088
1990
1970
2044
2045
1913
1874
1947
1879
1750
1727
1801
1788
1687
1711
1788
1799
1723
1755
1894
1909
1844
1868
2001
2024
1983
2029
2166
2198
2124
2159
2245
2234
2135
2125
2186
2134
2038
1992
2068
2062
1952
1945
2048
2054
1979
1992
2105
2088
2015
2014
2115
2112
2023
2031
2107
2148
2075
2090
2166
2184
2085
2068
2159
2122
2027
2026
2120
2074
1995
1983
2060
2048
1963
1966
2073
2040
1954
1938
2033
1997
1927
1921
2051
2048
1985
1996
2114
2113
2045
2066
2187
2186
2134
2167
2277
2324
2261
2292
2421
2400
2358
2382
2486
2471
2412
2423
2504
2498
2414
2425
2525
2496
2415
2407
2470
2455
2367
2342
2397
2409
2299
2262
2361
2334
2236
2235
2351
2331
2255
2253
2357
2370
2283
2306
2396
2398
2358
2377
2487
2487
2442
2469
2546
2564
2505
2510
2586
2559
2509
2492
2563
2546
2467
2451
2513
2489
2378
2334
2374
2360
2236
2209
2273
2235
2137
2108
2186
2143
2050
2035
2095
2083
1954
1941
1984
1956
1830
1803
1879
1821
1695
1657
1689
1625
1475
1404
1479
1361
1209
1156
1176
1120
1004
961
1044
1011
897
887
970
960
876
896
1004
1019
955
981
1097
1104
1026
1041
1135
1144
1054
1074
1180
1171
1112
1151
1249
1320
1276
1320
1466
1522
1471
1507
1640
1681
1616
1655
1758
1780
1713
1727
1829
1844
1742
1753
1872
1892
1805
1828
1919
1918
1828
1847
1939
1930
1851
1852
1928
1931
1839
1824
1928
1917
1808
1791
1862
1848
1738
1707
1777
1724
1603
1573
1645
1601
1474
1442
1522
1458
1325
1268
1316
1285
1114
1070
1117
1081
952
942
1012
977
891
876
952
949
863
872
974
993
911
932
1051
1088
1019
1059
1197
1231
1186
1236
1376
1410
1343
1395
1516
1540
1478
1511
1631
1651
1582
1592
1703
1712
1654
1679
1781
1781
1709
1727
1828
1811
1725
1744
1818
1840
1744
1751
1827
1840
1756
1770
1859
1860
1791
1798
1899
1914
1811
1813
1902
1920
1827
1833
1929
1921
1821
1811
1894
1865
1755
1734
1821
1812
1754
1747
1831
1836
1763
1774
1866
1889
1814
1815
1923
1919
1831
1820
1927
1893
1809
1810
1907
1872
1800
1800
1895
1878
1779
1782
1903
1850
1786
1779
1870
1885
1815
1819
1931
1932
1858
1873
1973
1974
1878
1891
1985
1960
1881
1873
1992
1971
1896
1885
1991
1968
1892
1884
1967
1936
1882
1901
1994
1975
1886
1888
1995
1973
1892
1916
1988
1998
1907
1917
2010
2019
1909
1924
1979
2005
1897
1880
1993
1935
1840
1847
1926
1887
1780
1758
1832
1816
1703
1705
1803
1793
1680
1672
1813
1807
1715
1745
1867
1898
1812
1825
1949
1931
1876
1900
1995
2011
1924
1920
2028
1999
1868
1817
1871
1801
1668
1634
1719
1713
1626
1621
1749
1741
1670
1675
1785
1780
1715
1718
1822
1819
1744
1763
1885
1897
1814
1843
1952
1944
1868
1854
1917
1916
1817
1801
1876
1858
1763
1763
1844
1833
1745
1767
1851
1867
1755
1748
1829
1793
1665
1655
1743
1733
1644
1631
1724
1728
1614
1618
1704
1699
1627
1638
1746
1733
1668
1659
1767
1767
1685
1714
1825
1827
1711
1732
1833
1818
1708
1729
1821
1810
1716
1690
1775
1730
1647
1629
1720
1688
1617
1624
1708
1713
1628
1635
1732
1732
1645
1667
1758
1752
1686
1693
1799
1806
1721
1744
1862
1836
1763
1764
1856
1851
1763
1759
1889
1839
1760
1758
1850
1845
1767
1784
1879
1856
1776
1778
1853
1851
1740
1724
1802
1783
1672
1663
1730
1742
1616
1608
1685
1644
1548
1511
1563
1535
1412
1399
1449
1417
1311
1299
1360
1359
1239
1220
1305
1290
1206
1209
1320
1313
1243
1254
1379
1380
1318
1358
1485
1488
1417
1453
1544
1537
1477
1486
1571
1570
1492
1486
1584
1591
1496
1491
1589
1590
1488
1483
1569
1589
1479
1476
1556
1545
1453
1438
1546
1532
1424
1409
1497
1492
1377
1391
1474
1452
1359
1347
1450
1431
1356
1360
1429
1452
1342
1329
1409
1392
1306
1290
1368
1341
1245
1229
1311
1292
1207
1210
1295
1273
1195
1191
1311
1274
1184
1190
1268
1271
1193
1200
1293
1296
1217
1225
1326
1319
1216
1216
1291
1280
1179
1173
1266
1245
1151
1138
1245
1231
1132
1128
1215
1207
1105
1098
1189
1175
1074
1075
1178
1177
1090
1101
1200
1182
1064
1076
1163
1147
1056
1062
1162
1150
1046
1038
1134
1124
1034
1036
1138
1110
1024
1023
1118
1092
1011
1018
1124
1104
1022
1036
1150
1125
1039
1041
1142
1117
1045
1051
1119
1161
1026
1027
1124
1103
1028
1021
1122
1098
1009
1006
1105
1074
976
975
1066
1034
951
941
1025
1015
920
931
1022
1016
914
906
1047
991
894
896
986
975
896
900
1003
980
889
892
998
980
896
906
995
990
899
909
995
999
898
890
983
964
875
874
954
950
869
871
976
958
871
872
977
961
865
877
967
952
878
878
981
969
877
884
984
967
861
835
920
896
838
845
926
906
837
835
931
917
809
816
895
891
799
811
881
898
816
830
913
918
832
837
937
927
827
819
910
902
799
811
917
903
809
801
897
885
774
770
873
814
739
736
848
810
737
739
866
849
764
774
892
903
789
801
891
886
785
782
886
886
799
785
870
910
792
793
881
874
778
766
859
845
751
750
831
828
740
740
831
839
752
757
866
844
761
776
870
871
793
799
911
922
843
861
957
662
249
248
249
250
249
250
250
251
755
765
249
250
249
-5
-5

