;UFOS3
;Measurement details: channel = S-D, date = 12.09.2015, time = 05:38:47
Exposure=579
Gain=0
Temperature=24.4
Accummulate=4
3.3605197030711507 mu
3.432688936200396 amas
16.725 hs
308 ozone
127089 uva
1107 uvb
227 uve
[Value]
-9
-10
-8
-9
-10
-9
-10
-9
-9
-11
-10
-9
-12
-12
-9
-8
-9
-12
-11
-10
-11
-5
1
-3
-1
-2
0
1
2
-2
-1
0
-4
-1
1
1
0
-1
1
0
-1
-3
1
-3
2
0
0
0
0
-1
-1
1
-1
0
0
2
0
-1
-1
-1
-1
2
-3
-3
-2
-1
-2
3
0
0
0
2
0
-1
-3
-2
-1
1
0
1
1
1
2
1
-2
0
1
3
1
1
1
2
1
-2
3
-1
1
-1
1
1
0
-2
1
-1
0
0
-1
-2
-1
1
-1
1
1
2
0
-4
2
-2
-1
1
1
1
-1
0
0
-2
0
5
0
-1
-2
-1
2
-1
0
2
-3
1
-1
1
0
-1
2
3
1
-1
0
1
2
-1
2
0
1
1
1
0
0
0
0
0
0
0
3
-2
0
-2
0
-1
1
0
-2
0
-1
3
1
0
2
2
1
1
3
1
1
-2
2
-1
0
1
0
1
1
0
0
2
2
0
-2
-2
-2
3
2
1
-4
1
0
-1
-2
0
1
-1
1
-1
1
1
3
-1
0
0
0
-1
-2
2
2
4
2
-1
-1
-2
1
-1
-2
1
0
-3
-2
1
0
0
0
0
1
-1
1
-2
-1
-3
3
-2
0
1
0
-3
-1
-3
-3
1
2
-2
-2
-3
-1
0
1
-5
-1
1
2
1
1
0
3
0
1
1
2
-2
0
-2
2
-2
2
2
2
1
1
-2
-2
0
-1
-1
0
0
-1
1
-1
-1
-1
-1
1
0
1
1
0
0
-2
0
0
0
2
-2
-1
-3
-1
-2
0
-1
3
-3
1
2
0
1
0
-3
0
0
1
0
1
0
1
1
1
-3
3
-1
-1
0
0
1
-1
0
3
1
-1
-1
-1
1
1
1
2
-1
1
-2
-1
-2
0
1
0
-2
-3
2
-1
1
-1
2
0
0
-1
0
1
1
1
1
0
-1
1
-1
1
-1
-2
-1
-3
2
1
1
1
-1
1
1
-2
1
-1
0
1
-2
0
-2
0
-2
1
-2
2
-1
-3
-1
-1
-3
1
3
1
0
-1
0
3
0
1
-1
0
-1
1
-1
0
1
1
1
2
-2
2
1
1
-1
0
1
-2
1
-1
1
1
3
1
-1
3
0
0
0
2
5
1
0
0
5
1
2
3
1
3
1
4
0
3
0
-2
0
1
0
3
0
4
-1
-1
2
2
-1
4
0
1
0
2
-1
-1
1
1
3
0
1
1
2
0
0
1
1
0
1
2
0
1
2
1
2
0
0
-2
4
0
-1
-2
1
0
0
3
0
0
2
2
3
2
1
1
2
3
1
-1
1
1
1
0
-2
3
2
2
1
0
0
1
3
1
1
3
0
2
3
5
1
1
1
5
2
1
-1
1
2
4
2
2
2
2
4
3
2
2
4
1
1
3
3
1
2
2
1
5
2
1
1
2
3
3
3
0
2
4
2
1
-1
4
2
2
3
3
2
2
3
4
3
4
3
3
4
1
1
2
3
4
4
3
1
1
1
2
1
2
2
3
2
1
-2
2
3
0
1
2
3
4
3
3
2
4
5
4
1
2
1
1
2
2
4
3
1
4
3
2
2
2
2
3
2
3
5
3
5
2
0
4
4
3
3
5
4
5
5
7
5
8
4
5
4
4
5
5
8
6
5
6
5
6
6
5
5
5
8
4
4
5
3
6
3
6
7
8
4
6
9
7
5
7
8
3
5
10
6
8
9
7
10
9
10
10
9
10
10
11
10
14
8
9
11
11
11
13
12
12
12
15
10
13
11
12
10
10
13
12
13
12
14
16
13
15
15
14
14
17
17
15
16
18
16
16
18
18
19
18
19
20
21
25
23
26
26
26
25
26
30
30
30
32
31
30
32
34
29
33
31
32
34
33
36
37
35
36
36
36
36
40
38
37
37
40
37
42
39
43
43
40
43
43
47
42
40
44
44
43
41
44
41
42
42
47
41
39
44
41
45
43
45
45
44
48
49
48
52
49
50
55
54
53
52
53
55
53
53
55
58
53
56
57
61
61
63
66
70
69
70
74
79
79
81
90
86
90
94
96
92
94
94
101
100
99
102
101
105
103
99
101
104
99
97
102
101
99
97
101
101
100
102
103
103
102
99
103
102
104
106
109
114
107
111
116
118
114
115
119
120
124
122
129
132
127
131
136
137
136
137
143
135
136
136
139
136
135
133
136
135
135
138
137
136
138
141
147
149
145
149
153
153
162
166
168
172
175
175
181
178
182
177
182
179
178
180
181
182
183
183
181
190
187
192
195
195
198
203
207
211
214
221
222
232
231
236
241
242
242
241
245
246
242
238
236
233
230
226
222
221
215
211
211
207
208
204
203
206
209
211
219
223
221
232
240
247
254
262
274
288
291
303
309
319
316
326
341
351
353
357
372
373
381
390
398
408
404
407
425
422
422
427
431
436
435
439
442
443
436
429
432
427
412
407
405
400
392
381
387
382
374
380
382
381
382
381
389
397
402
407
426
435
447
461
486
495
508
523
534
548
539
547
554
553
545
545
547
540
528
527
528
520
507
502
503
499
488
484
485
484
475
473
484
484
487
491
507
509
511
525
534
542
547
559
567
587
583
591
610
616
613
628
642
645
643
651
654
658
656
645
641
647
633
623
623
608
595
585
582
573
564
557
556
554
546
543
549
550
543
546
558
562
557
557
567
564
563
568
568
569
563
559
560
565
554
539
547
535
527
514
510
505
485
476
478
465
461
454
464
464
459
460
471
469
471
473
481
490
488
499
507
514
519
531
544
550
556
564
584
587
592
600
612
620
613
622
632
634
634
649
658
666
662
669
682
687
690
692
703
704
695
697
698
692
681
682
675
671
666
652
653
647
637
631
642
629
631
631
653
639
645
653
669
689
700
711
730
752
768
784
816
833
850
868
893
914
927
934
968
978
992
996
1015
1023
1018
1025
1035
1048
1052
1053
1075
1070
1076
1086
1091
1101
1099
1105
1117
1130
1109
1107
1116
1123
1112
1111
1126
1130
1126
1130
1143
1135
1124
1115
1124
1122
1098
1102
1103
1105
1095
1085
1095
1096
1092
1089
1092
1083
1077
1067
1079
1071
1069
1060
1072
1085
1080
1079
1092
1095
1096
1101
1111
1126
1132
1146
1164
1182
1199
1215
1239
1263
1275
1294
1328
1347
1364
1392
1415
1434
1464
1489
1523
1542
1566
1576
1608
1613
1619
1631
1645
1649
1658
1675
1685
1705
1700
1699
1693
1696
1678
1666
1673
1664
1645
1625
1624
1595
1572
1559
1541
1527
1499
1480
1466
1459
1421
1414
1404
1399
1389
1387
1393
1391
1387
1387
1390
1392
1391
1391
1405
1407
1399
1408
1412
1419
1417
1423
1428
1433
1434
1443
1458
1460
1463
1469
1485
1467
1472
1472
1473
1478
1468
1469
1477
1478
1474
1475
1471
1471
1470
1461
1461
1445
1427
1412
1404
1395
1382
1374
1383
1381
1380
1377
1384
1383
1383
1378
1375
1362
1358
1348
1337
1337
1311
1306
1301
1291
1279
1262
1263
1248
1237
1223
1233
1211
1199
1192
1193
1185
1187
1175
1197
1209
1217
1231
1253
1269
1275
1288
1306
1314
1310
1311
1313
1319
1308
1300
1307
1298
1301
1291
1294
1294
1297
1282
1298
1303
1284
1288
1300
1300
1293
1308
1328
1337
1336
1344
1360
1360
1347
1337
1323
1312
1277
1243
1224
1198
1164
1127
1122
1088
1076
1062
1060
1045
1035
1031
1037
1039
1037
1030
1048
1052
1060
1069
1082
1097
1082
1083
1089
1078
1057
1040
1041
1032
1002
988
990
978
969
974
989
1011
1011
1038
1066
1087
1105
1124
1152
1172
1177
1184
1199
1206
1217
1224
1235
1237
1243
1249
1249
1253
1244
1245
1258
1261
1251
1262
1287
1290
1292
1305
1335
1342
1361
1382
1408
1419
1424
1437
1452
1458
1449
1444
1446
1440
1426
1426
1423
1414
1400
1409
1414
1426
1424
1431
1441
1467
1464
1478
1502
1525
1528
1558
1599
1623
1642
1665
1688
1707
1730
1737
1743
1756
1759
1752
1762
1760
1747
1745
1748
1744
1723
1711
1705
1697
1678
1671
1683
1689
1681
1686
1686
1683
1672
1679
1680
1670
1656
1650
1656
1648
1646
1649
1649
1652
1664
1666
1674
1688
1697
1709
1736
1740
1754
1771
1798
1817
1846
1852
1872
1884
1892
1897
1926
1929
1914
1920
1934
1921
1912
1896
1903
1902
1892
1889
1900
1904
1915
1920
1935
1954
1950
1962
1968
1957
1962
1960
1955
1963
1966
1959
1953
1959
1940
1928
1934
1918
1896
1866
1854
1825
1789
1759
1727
1697
1669
1638
1605
1582
1537
1494
1477
1441
1401
1371
1365
1334
1324
1313
1323
1314
1324
1326
1356
1381
1415
1453
1492
1516
1552
1581
1607
1637
1653
1673
1684
1710
1729
1733
1754
1765
1760
1767
1779
1776
1768
1766
1760
1736
1718
1706
1696
1666
1638
1621
1616
1588
1563
1548
1535
1520
1492
1492
1485
1480
1463
1473
1479
1479
1470
1480
1510
1514
1530
1536
1576
1584
1594
1611
1632
1632
1624
1621
1622
1612
1590
1586
1586
1574
1549
1523
1521
1494
1473
1454
1432
1423
1392
1383
1377
1362
1337
1346
1347
1337
1348
1352
1356
1371
1365
1373
1386
1392
1389
1402
1416
1424
1424
1430
1429
1441
1431
1431
1432
1435
1420
1407
1402
1391
1378
1369
1373
1361
1339
1356
1349
1341
1330
1321
1321
1310
1294
1285
1281
1261
1261
1255
1269
1282
1288
1293
1327
1340
1352
1371
1401
1419
1436
1451
1474
1503
1514
1539
1556
1577
1593
1611
1633
1654
1648
1661
1672
1674
1664
1665
1675
1663
1653
1646
1639
1622
1607
1596
1583
1569
1553
1525
1515
1502
1477
1465
1466
1447
1443
1456
1459
1470
1470
1475
1504
1524
1524
1528
1550
1557
1567
1563
1581
1581
1576
1566
1555
1553
1529
1510
1496
1466
1443
1428
1412
1400
1378
1372
1373
1385
1381
1402
1421
1446
1441
1475
1498
1517
1525
1546
1583
1603
1632
1665
1693
1720
1747
1757
1779
1795
1800
1817
1826
1843
1845
1870
1879
1883
1909
1915
1934
1941
1954
1951
1967
1970
1976
1984
2003
2004
2014
2022
2036
2039
2049
2054
2060
2066
2070
2076
2074
2077
2062
2051
2045
2029
2008
1992
1969
1949
1933
1935
1936
1935
1928
1932
1936
1941
1953
1956
1970
1976
1982
1989
1994
2006
2003
2015
2022
2026
2018
2029
2049
2063
2075
2090
2098
2106
2107
2094
2091
2073
2069
2044
2018
2007
1990
1975
1956
1931
1895
1872
1833
1796
1769
1733
1705
1681
1652
1630
1634
1628
1631
1634
1654
1668
1679
1690
1717
1721
1740
1755
1776
1788
1794
1811
1808
1800
1784
1766
1735
1731
1698
1660
1645
1618
1586
1549
1529
1490
1458
1429
1405
1369
1334
1317
1314
1298
1296
1283
1297
1317
1324
1346
1386
1420
1436
1467
1501
1536
1565
1594
1636
1674
1697
1749
1792
1824
1846
1890
1923
1952
1969
1992
2001
2025
2041
2031
2038
2048
2055
2058
2073
2062
2060
2052
2046
2041
2023
2009
1984
1955
1928
1893
1859
1824
1793
1751
1718
1687
1649
1614
1600
1563
1525
1505
1505
1487
1472
1474
1472
1483
1471
1484
1487
1497
1496
1509
1525
1531
1539
1521
1540
1547
1536
1531
1514
1515
1482
1469
1465
1457
1444
1433
1442
1433
1427
1417
1422
1424
1429
1441
1470
1489
1502
1538
1585
1614
1643
1679
1715
1728
1742
1749
1762
1742
1728
1713
1714
1680
1670
1635
1620
1599
1572
1545
1536
1515
1483
1456
1450
1436
1423
1421
1432
1441
1449
1478
1515
1522
1550
1574
1598
1616
1630
1635
1653
1663
1654
1653
1657
1646
1641
1623
1626
1611
1592
1571
1556
1540
1519
1497
1491
1475
1456
1442
1448
1464
1462
1473
1495
1521
1533
1543
1567
1587
1612
1639
1680
1698
1715
1752
1788
1809
1829
1855
1882
1900
1921
1930
1961
1969
1980
1977
1992
1993
1996
1994
2000
2006
2009
2007
2010
2006
2011
2008
2017
2007
2005
2002
1992
1984
1983
1970
1966
1965
1967
1968
1970
1976
1987
1993
2003
2021
2020
2029
2043
2055
2055
2067
2077
2064
2076
2068
2074
2062
2044
2022
2012
2001
1980
1971
1969
1957
1945
1950
1952
1960
1959
1960
1976
1979
1993
1998
2003
2012
2008
2008
2012
2010
2013
2017
2027
2039
2057
2069
2096
2107
2131
2150
2165
2176
2203
2223
2235
2260
2294
2321
2322
2342
2394
2418
2381
2398
2474
2483
2427
2455
2530
2535
2476
2497
2564
2564
2496
2525
2598
2601
2558
2553
2618
2620
2544
2543
2604
2575
2500
2439
2452
2363
2304
2259
2264
2220
2195
2174
2166
2166
2179
2200
2230
2263
2298
2332
2385
2440
2406
2446
2538
2556
2499
2540
2603
2630
2559
2575
2648
2669
2589
2622
2680
2700
2621
2632
2707
2726
2639
2550
2545
2246
2192
2153
2148
2132
2129
2119
2127
2142
2160
2177
2219
2248
2279
2305
2348
2377
2364
2384
2441
2438
2385
2376
2400
2337
2257
2208
2161
2096
2042
1995
1946
1886
1853
1805
1769
1734
1720
1702
1695
1699
1717
1730
1758
1786
1825
1858
1890
1928
1943
1982
1991
2006
2023
2015
2010
2005
1983
1953
1925
1879
1850
1798
1733
1688
1650
1620
1591
1572
1573
1578
1584
1598
1628
1656
1695
1732
1798
1842
1884
1937
1983
2017
2047
2074
2098
2115
2118
2121
2107
2102
2096
2082
2077
2060
2028
2002
1976
1952
1925
1903
1881
1858
1834
1822
1832
1835
1821
1825
1836
1841
1845
1834
1844
1848
1838
1832
1835
1846
1842
1854
1852
1889
1894
1905
1926
1948
1965
1969
1994
2012
2034
2049
2076
2080
2098
2104
2123
2130
2156
2161
2181
2184
2211
2219
2213
2223
2257
2268
2249
2263
2281
2287
2265
2269
2284
2258
2236
2225
2212
2190
2159
2119
2105
2068
2037
2003
1980
1949
1935
1905
1873
1856
1833
1808
1781
1758
1764
1746
1732
1724
1712
1708
1676
1664
1652
1636
1613
1598
1596
1572
1570
1561
1560
1566
1575
1569
1600
1631
1647
1667
1695
1722
1739
1784
1798
1823
1839
1861
1889
1896
1915
1926
1937
1948
1954
1959
1960
1975
1967
1957
1966
1946
1933
1925
1906
1887
1861
1841
1822
1794
1782
1750
1740
1720
1690
1674
1641
1618
1568
1541
1513
1487
1452
1442
1431
1426
1419
1413
1423
1421
1405
1387
1377
1369
1329
1315
1295
1266
1242
1224
1229
1215
1203
1198
1205
1182
1171
1162
1162
1132
1117
1107
1112
1103
1087
1083
1097
1099
1091
1101
1119
1120
1116
1110
1112
1106
1102
1091
1092
1083
1082
1089
1102
1120
1132
1161
1195
1214
1241
1277
1318
1349
1370
1397
1444
1476
1509
1555
1609
1648
1682
1711
1746
1769
1784
1793
1811
1816
1819
1821
1830
1827
1822
1829
1828
1824
1822
1807
1804
1794
1769
1763
1753
1743
1730
1718
1712
1698
1660
1629
1595
1551
1496
1472
1466
1449
1441
1442
1453
1464
1474
1503
1537
1566
1588
1620
1671
1702
1738
1781
1818
1856
1889
1907
1918
1912
1887
1880
1841
1814
1778
1742
1729
1722
1703
1693
1703
1720
1718
1740
1752
1758
1759
1756
1766
1766
1764
1781
1793
1813
1826
1837
1842
1842
1830
1816
1808
1796
1782
1768
1766
1742
1738
1726
1721
1715
1715
1714
1724
1711
1713
1684
1681
1681
1674
1678
1695
1721
1725
1746
1774
1782
1804
1824
1850
1863
1893
1917
1964
1991
2020
2032
2078
2091
2130
2140
2157
2165
2167
2183
2174
2182
2186
2183
2173
2182
2172
2164
2151
2127
2136
2117
2097
2069
2049
2023
2013
2010
2005
1993
2006
2011
2010
2019
2024
2036
2044
2060
2074
2084
2113
2143
2158
2168
2192
2224
2233
2251
2265
2281
2261
2260
2267
2249
2231
2223
2230
2219
2184
2155
2132
2100
2066
2023
1997
1975
1939
1918
1888
1862
1846
1817
1795
1774
1756
1751
1705
1687
1665
1622
1577
1550
1526
1484
1448
1403
1354
1295
1220
1151
1089
1022
946
875
827
781
726
695
672
643
628
607
605
608
611
618
645
658
684
702
734
752
766
769
787
800
795
806
827
836
853
883
921
969
1014
1063
1118
1185
1219
1256
1306
1343
1367
1395
1431
1450
1469
1478
1489
1487
1497
1506
1528
1550
1553
1570
1590
1596
1585
1594
1602
1595
1596
1600
1604
1599
1589
1582
1597
1582
1560
1539
1531
1511
1473
1451
1425
1390
1355
1319
1296
1263
1218
1178
1158
1111
1057
1007
961
914
857
808
768
726
687
662
652
630
616
603
599
597
593
599
606
624
634
661
698
726
762
796
843
889
933
979
1024
1071
1094
1124
1173
1203
1225
1257
1289
1303
1326
1348
1375
1392
1410
1424
1448
1466
1462
1476
1483
1487
1484
1495
1505
1507
1500
1504
1508
1506
1502
1517
1524
1533
1541
1542
1562
1562
1559
1564
1581
1579
1591
1588
1597
1585
1573
1565
1559
1534
1517
1491
1490
1494
1497
1498
1510
1508
1512
1527
1538
1555
1563
1573
1597
1597
1584
1579
1577
1574
1561
1556
1568
1554
1549
1536
1541
1534
1534
1536
1546
1535
1544
1535
1555
1553
1562
1558
1590
1609
1604
1630
1649
1657
1648
1648
1639
1649
1629
1633
1640
1647
1643
1635
1661
1644
1639
1631
1633
1638
1638
1641
1641
1656
1648
1633
1642
1650
1641
1651
1667
1674
1659
1657
1679
1681
1677
1672
1672
1662
1651
1635
1640
1628
1600
1587
1579
1563
1534
1517
1503
1481
1468
1458
1455
1448
1441
1428
1446
1467
1468
1501
1534
1557
1568
1587
1602
1616
1626
1653
1662
1675
1673
1677
1680
1665
1629
1573
1528
1475
1414
1383
1383
1381
1374
1374
1393
1405
1411
1426
1452
1461
1464
1469
1479
1489
1497
1511
1547
1564
1574
1590
1610
1622
1619
1609
1603
1589
1564
1558
1548
1531
1522
1517
1504
1516
1513
1516
1520
1520
1513
1501
1478
1454
1414
1406
1399
1392
1392
1384
1386
1383
1364
1362
1374
1364
1371
1390
1412
1416
1427
1425
1431
1443
1441
1459
1486
1482
1480
1485
1478
1481
1471
1476
1480
1474
1460
1444
1432
1416
1394
1389
1387
1372
1365
1373
1383
1380
1382
1381
1396
1391
1395
1411
1425
1428
1441
1442
1465
1480
1484
1492
1513
1511
1519
1522
1529
1536
1522
1515
1528
1516
1515
1521
1529
1521
1518
1535
1534
1540
1535
1527
1529
1509
1492
1479
1462
1452
1430
1416
1404
1390
1372
1354
1345
1318
1291
1257
1229
1199
1164
1142
1115
1087
1054
1034
1031
1007
984
964
968
954
951
947
958
982
994
999
1033
1056
1068
1099
1136
1164
1175
1192
1205
1218
1227
1235
1238
1241
1236
1238
1240
1243
1241
1248
1252
1253
1241
1233
1238
1238
1230
1217
1213
1220
1201
1184
1195
1183
1160
1152
1157
1150
1133
1133
1123
1123
1101
1100
1106
1102
1096
1095
1105
1102
1085
1076
1078
1063
1038
1035
1023
1003
986
977
969
952
943
947
948
942
941
933
945
932
930
930
941
939
937
944
955
954
964
975
978
978
964
957
956
946
927
912
910
899
886
886
884
883
872
875
874
862
845
841
835
830
816
813
831
838
835
831
840
829
810
816
809
800
795
797
799
793
783
780
784
775
767
768
772
780
761
768
769
761
758
754
770
773
767
767
782
779
774
779
787
790
788
786
781
779
763
768
764
768
760
763
765
764
747
739
747
730
713
706
705
695
683
676
678
677
663
664
670
666
654
640
648
645
633
629
638
641
634
634
643
632
630
631
639
640
630
634
633
642
632
639
643
640
631
622
628
624
611
601
613
607
607
599
608
616
603
606
612
610
602
608
613
613
607
606
620
620
618
626
634
613
591
576
566
567
562
577
574
579
572
562
562
551
543
538
539
534
529
542
546
552
552
552
562
568
571
570
583
584
562
552
548
540
532
532
543
548
542
536
538
528
511
498
497
474
471
473
479
470
465
473
490
495
496
512
533
533
525
529
538
528
516
518
528
532
527
519
528
529
522
521
521
522
513
502
497
491
479
481
483
482
474
475
481
485
481
490
501
501
495
498
519
524
530
542
558
569
573
596
602
304
-11
-9
-8
-9
-8
-9
-10
-9
494
495
-10
-9
-9
-9
-9

