;UFOS3
;Measurement details: channel = Z-D, date = 12.09.2015, time = 05:57:53
Exposure=552
Gain=0
Temperature=24.8
Accummulate=4
3.005351582515654 mu
3.0671150191865735 amas
18.919 hs
254 ozone
146703 uva
3085 uvb
578 uve
[Value]
-4
-3
-3
-2
-4
-4
-4
-4
-4
-4
-4
-3
-5
-3
-4
-6
-3
-6
-5
-6
-4
-2
2
-1
-1
1
0
-2
0
0
-1
0
3
2
-1
-2
-1
0
0
0
0
-1
0
-4
0
1
4
2
-1
1
0
-1
1
0
-1
0
0
-2
-1
1
1
-3
1
0
1
2
4
-3
1
-1
-1
1
2
0
4
2
0
0
0
0
1
1
-1
2
0
-1
0
-1
-1
1
0
0
1
1
2
-2
-1
1
1
0
1
1
3
0
1
1
0
0
1
0
2
0
2
3
-1
-1
1
1
-1
-2
-1
1
2
1
1
2
1
1
-2
-1
3
4
2
1
-1
1
1
0
1
0
-1
1
0
2
0
-1
0
2
1
0
0
3
-1
2
3
2
-1
2
0
1
2
2
1
0
2
0
2
-1
1
1
1
-2
2
0
2
0
2
2
-1
-2
-2
0
-1
-2
0
0
3
-1
1
1
0
-1
3
0
1
0
1
0
0
1
2
-1
2
2
-2
-1
1
0
0
1
-2
-2
4
1
-1
3
3
-1
0
-2
-1
-1
0
2
0
3
2
1
0
2
2
-1
2
2
-1
2
1
0
1
-2
0
2
-1
-1
-2
1
-1
-1
2
0
-2
1
1
-1
1
-1
0
0
-1
-1
-1
1
1
0
1
-2
0
3
5
0
0
-1
0
-1
1
3
1
-2
1
-1
1
-2
-2
0
0
1
4
-1
0
1
-2
-1
-2
-2
2
0
-1
-1
-3
-1
3
2
1
0
4
0
0
1
1
1
0
0
1
0
3
1
1
0
-1
0
1
0
-2
1
2
1
1
3
-3
-2
-1
1
1
-3
1
2
0
-1
1
1
0
1
2
3
2
-1
1
1
-1
2
0
-1
1
-1
0
3
0
-2
1
3
2
0
-1
-1
1
1
1
2
1
-3
0
4
1
0
1
0
2
0
2
1
0
1
3
-3
3
0
0
2
1
2
3
0
-1
2
1
3
-1
0
0
4
0
-2
1
2
2
1
1
-2
2
4
1
1
2
3
4
0
-1
1
0
-2
0
-1
2
-2
2
2
1
1
2
-2
3
1
-1
3
0
4
2
-1
0
2
1
-1
3
-2
2
1
1
1
3
0
1
4
-2
0
0
3
1
-1
0
-1
1
0
0
1
2
-1
2
1
1
0
0
-1
0
0
-1
-2
-1
-1
0
3
4
0
1
2
2
1
2
1
1
3
0
4
0
2
2
2
4
0
1
3
-1
2
5
1
3
1
3
1
2
3
2
4
4
1
3
2
1
1
2
2
1
2
4
1
2
-1
5
5
1
2
2
2
3
1
7
3
4
4
2
3
4
1
4
1
3
2
3
5
1
1
2
1
0
2
2
0
4
1
3
4
1
1
1
2
3
2
2
4
3
3
7
6
2
4
6
5
3
2
4
2
3
4
4
3
5
5
5
2
6
4
3
2
3
3
5
6
2
3
4
7
3
2
5
6
4
3
2
3
3
5
6
7
4
8
7
7
5
7
7
6
7
6
8
10
11
6
9
10
9
10
9
9
11
10
11
11
12
10
12
12
12
11
12
10
12
12
12
11
11
13
14
11
13
14
13
11
15
13
13
17
16
15
16
15
18
17
18
17
19
19
20
23
23
24
24
24
28
25
26
30
28
29
29
28
30
32
31
33
32
31
32
29
31
31
33
32
30
29
35
31
30
35
36
34
32
38
36
40
38
38
41
38
42
43
41
42
45
44
46
48
52
48
56
52
56
56
61
64
63
62
70
70
68
75
74
76
78
80
81
80
83
83
86
87
88
85
90
88
91
90
94
92
89
92
96
98
99
97
101
100
98
98
107
102
104
99
105
105
107
104
108
108
110
111
109
103
103
99
100
101
103
101
107
109
109
108
114
112
113
112
118
120
118
120
127
124
120
124
127
125
124
127
134
132
129
133
139
141
146
145
151
156
161
168
171
178
184
188
199
201
206
213
216
221
221
220
229
224
226
228
229
229
228
230
236
227
227
222
224
225
224
220
222
226
222
222
224
219
224
219
224
225
223
227
234
231
236
236
242
242
242
245
258
265
259
263
270
272
269
279
286
291
284
287
293
296
291
289
291
292
293
292
296
295
288
291
294
299
294
296
301
298
308
310
315
318
325
329
344
343
350
354
358
357
354
346
354
349
345
344
351
350
349
344
353
359
361
366
379
381
385
389
402
409
414
423
439
451
458
468
473
478
475
469
478
476
470
462
463
455
439
430
428
424
412
404
409
401
398
386
394
399
399
404
419
421
431
434
450
470
474
486
514
536
541
556
575
590
598
614
635
650
660
670
695
702
717
730
742
752
762
765
784
783
792
794
811
820
815
821
823
828
815
809
797
781
759
751
743
733
710
700
702
693
689
688
690
686
690
691
707
711
723
733
761
778
796
819
857
884
904
933
955
967
969
972
979
974
960
957
964
949
939
927
936
916
903
886
893
890
867
860
861
866
853
856
870
880
882
894
911
925
926
945
958
966
979
991
1017
1025
1031
1048
1064
1071
1078
1091
1102
1113
1118
1118
1128
1132
1115
1098
1095
1090
1068
1048
1031
1016
986
979
973
955
934
929
924
916
903
899
920
917
918
928
938
942
933
946
956
955
950
945
945
945
946
950
951
937
920
923
918
899
884
867
855
844
826
810
806
783
767
767
770
772
765
769
777
778
781
787
791
797
806
810
834
838
844
852
874
892
902
919
935
944
941
956
975
977
986
993
1004
1015
1023
1026
1041
1051
1055
1066
1086
1089
1097
1105
1112
1110
1096
1105
1101
1097
1078
1070
1073
1066
1046
1045
1037
1034
1030
1038
1037
1039
1023
1023
1033
1040
1039
1057
1082
1105
1131
1148
1179
1201
1221
1245
1292
1318
1331
1366
1401
1414
1439
1461
1477
1509
1509
1528
1533
1535
1529
1532
1543
1552
1560
1553
1579
1579
1599
1612
1629
1628
1643
1657
1661
1673
1668
1659
1665
1674
1673
1669
1691
1705
1694
1700
1717
1701
1695
1687
1685
1672
1677
1669
1662
1653
1647
1646
1636
1641
1639
1637
1639
1629
1615
1615
1616
1604
1616
1612
1620
1633
1626
1634
1647
1649
1645
1638
1657
1669
1674
1699
1720
1747
1767
1787
1822
1856
1874
1898
1926
1946
1983
2023
2057
2079
2112
2148
2186
2218
2250
2282
2297
2308
2335
2343
2330
2340
2382
2401
2382
2402
2439
2440
2406
2407
2432
2421
2373
2361
2376
2352
2309
2269
2266
2214
2189
2160
2144
2106
2086
2050
2035
2012
2000
1981
1981
1974
1979
1981
1980
1974
1979
1981
1969
1966
1980
1981
1995
2002
2004
2003
2002
2011
2006
2028
2026
2036
2041
2045
2060
2059
2079
2076
2089
2073
2077
2066
2071
2061
2059
2059
2062
2057
2059
2053
2049
2035
2034
2029
2017
1999
1998
1985
1973
1978
1966
1979
1976
1979
1984
1980
1978
1965
1956
1951
1919
1891
1880
1854
1837
1811
1805
1785
1773
1753
1750
1739
1700
1681
1673
1656
1639
1616
1619
1607
1593
1588
1610
1625
1643
1658
1692
1713
1723
1749
1773
1787
1791
1798
1822
1805
1801
1785
1776
1760
1764
1757
1764
1767
1764
1753
1750
1748
1740
1746
1749
1746
1757
1758
1774
1789
1796
1807
1820
1822
1819
1801
1789
1753
1725
1680
1636
1600
1556
1513
1495
1458
1450
1422
1414
1406
1391
1384
1390
1392
1388
1399
1411
1424
1426
1428
1453
1460
1470
1478
1478
1476
1459
1439
1424
1406
1376
1355
1354
1336
1324
1320
1336
1352
1361
1389
1433
1463
1488
1499
1535
1561
1568
1571
1590
1589
1587
1591
1594
1585
1598
1584
1593
1586
1579
1576
1592
1588
1585
1606
1631
1645
1650
1673
1702
1711
1752
1772
1806
1834
1852
1862
1875
1878
1869
1868
1858
1848
1834
1824
1825
1807
1798
1798
1802
1817
1813
1820
1857
1852
1867
1880
1904
1918
1961
1984
2025
2051
2089
2116
2142
2164
2177
2190
2210
2210
2218
2229
2215
2202
2205
2195
2183
2172
2168
2143
2126
2109
2096
2100
2085
2087
2092
2096
2118
2113
2118
2101
2092
2078
2079
2066
2051
2054
2040
2037
2065
2052
2069
2070
2085
2099
2110
2118
2137
2158
2187
2196
2212
2238
2268
2283
2285
2305
2338
2348
2330
2342
2370
2363
2337
2331
2354
2338
2308
2297
2318
2313
2307
2307
2342
2355
2341
2359
2403
2411
2382
2391
2427
2417
2394
2382
2412
2405
2382
2374
2422
2407
2366
2345
2358
2323
2276
2245
2215
2177
2127
2084
2049
1991
1971
1925
1872
1835
1796
1745
1708
1686
1659
1640
1613
1594
1593
1597
1590
1603
1633
1656
1693
1728
1777
1822
1865
1895
1924
1962
1975
1988
2009
2033
2051
2064
2080
2093
2097
2101
2118
2109
2101
2092
2076
2055
2040
2010
1995
1974
1945
1924
1912
1894
1879
1858
1847
1841
1824
1816
1811
1798
1801
1791
1793
1791
1784
1793
1803
1821
1835
1856
1875
1882
1902
1921
1937
1943
1940
1925
1932
1909
1887
1870
1851
1839
1802
1789
1770
1734
1705
1672
1666
1645
1619
1604
1599
1589
1584
1579
1600
1593
1596
1600
1619
1614
1628
1625
1644
1652
1660
1658
1671
1683
1684
1682
1702
1701
1693
1708
1698
1688
1670
1663
1658
1643
1628
1624
1610
1603
1589
1578
1580
1587
1571
1566
1560
1549
1531
1512
1510
1496
1477
1482
1477
1493
1504
1517
1545
1564
1585
1600
1631
1652
1670
1696
1723
1737
1754
1789
1816
1835
1855
1875
1891
1903
1915
1924
1933
1943
1934
1929
1930
1926
1916
1902
1896
1888
1866
1852
1838
1816
1797
1790
1774
1758
1742
1722
1716
1716
1714
1704
1714
1729
1718
1749
1750
1778
1780
1800
1814
1820
1826
1834
1847
1844
1850
1857
1860
1845
1832
1799
1773
1737
1701
1670
1643
1620
1591
1586
1587
1581
1593
1603
1623
1649
1657
1675
1707
1728
1752
1761
1795
1814
1840
1851
1873
1920
1934
1948
1978
1964
1983
1985
2001
2018
2033
2047
2081
2096
2120
2141
2153
2173
2179
2200
2197
2205
2216
2228
2231
2229
2252
2270
2267
2278
2302
2302
2287
2294
2311
2320
2313
2318
2350
2364
2344
2357
2392
2397
2356
2367
2412
2387
2356
2341
2362
2341
2312
2307
2330
2322
2294
2284
2299
2279
2256
2252
2261
2247
2230
2223
2212
2186
2181
2169
2174
2154
2144
2128
2098
2090
2078
2061
2034
2026
2034
2027
2016
2013
2020
2021
2013
1992
1973
1957
1923
1905
1881
1833
1795
1785
1780
1780
1782
1795
1812
1831
1830
1859
1874
1886
1909
1913
1945
1961
1976
1987
1996
1999
2000
1969
1949
1913
1889
1848
1827
1797
1767
1736
1703
1670
1619
1585
1549
1519
1492
1457
1451
1423
1418
1415
1436
1446
1446
1478
1512
1545
1575
1600
1635
1667
1696
1725
1771
1805
1844
1869
1931
1972
2008
2044
2078
2105
2140
2167
2190
2188
2221
2234
2230
2233
2262
2258
2256
2259
2258
2258
2237
2218
2202
2170
2141
2106
2090
2056
2027
1993
1961
1938
1899
1855
1804
1756
1723
1689
1662
1621
1624
1607
1601
1590
1595
1591
1585
1587
1593
1607
1608
1624
1644
1643
1653
1665
1659
1657
1638
1622
1612
1602
1582
1555
1554
1547
1524
1520
1516
1519
1507
1512
1504
1529
1522
1529
1552
1576
1602
1633
1682
1720
1762
1786
1821
1865
1873
1878
1882
1869
1845
1834
1826
1788
1769
1742
1724
1712
1674
1644
1623
1606
1573
1547
1540
1524
1503
1504
1516
1538
1532
1559
1593
1614
1650
1674
1708
1724
1739
1744
1759
1776
1770
1756
1757
1764
1758
1745
1746
1728
1706
1683
1672
1643
1617
1602
1581
1564
1556
1552
1556
1549
1548
1565
1577
1597
1615
1633
1668
1689
1699
1714
1753
1780
1796
1829
1865
1887
1927
1935
1967
1981
2002
2024
2040
2052
2052
2065
2079
2085
2089
2100
2087
2108
2109
2097
2102
2099
2094
2107
2102
2098
2082
2085
2062
2061
2051
2037
2031
2023
2023
2035
2043
2045
2054
2058
2087
2085
2093
2095
2110
2122
2135
2134
2147
2154
2162
2161
2166
2164
2171
2169
2143
2134
2122
2117
2087
2082
2071
2076
2070
2057
2057
2059
2058
2054
2065
2059
2067
2067
2069
2059
2067
2054
2066
2065
2063
2070
2076
2076
2097
2104
2120
2141
2154
2182
2198
2220
2230
2262
2312
2324
2334
2366
2429
2467
2424
2449
2514
2525
2485
2483
2558
2579
2512
2529
2600
2617
2529
2551
2623
2640
2564
2575
2656
2651
2586
2611
2681
2664
2597
2574
2657
2561
2465
2355
2346
2278
2231
2221
2228
2219
2218
2247
2283
2307
2322
2365
2437
2474
2458
2469
2549
2578
2509
2541
2610
2639
2572
2598
2656
2674
2594
2597
2692
2703
2636
2671
2714
2723
2636
2608
2640
2301
2244
2165
2161
2168
2150
2148
2161
2159
2181
2208
2240
2273
2304
2339
2401
2428
2402
2427
2488
2490
2426
2417
2461
2412
2323
2256
2214
2143
2094
2048
1982
1932
1887
1825
1798
1751
1736
1721
1701
1706
1731
1741
1767
1808
1843
1878
1913
1955
1995
2009
2026
2045
2060
2054
2058
2046
2031
2005
1982
1930
1900
1848
1782
1730
1696
1654
1626
1613
1614
1610
1614
1633
1662
1711
1728
1772
1826
1885
1918
1977
2023
2057
2076
2128
2129
2137
2151
2157
2148
2149
2135
2112
2107
2077
2071
2042
2025
2000
1968
1936
1915
1893
1885
1870
1869
1877
1884
1887
1901
1906
1896
1904
1918
1906
1885
1886
1887
1883
1885
1893
1912
1919
1934
1952
1966
1985
1993
2007
2026
2056
2064
2081
2096
2111
2107
2131
2132
2146
2172
2188
2197
2208
2221
2241
2228
2243
2261
2265
2259
2285
2310
2306
2293
2300
2319
2295
2273
2255
2254
2235
2197
2175
2145
2098
2061
2034
2012
1984
1970
1945
1918
1891
1871
1847
1821
1806
1799
1785
1770
1755
1761
1751
1735
1712
1704
1688
1663
1644
1638
1623
1613
1602
1604
1608
1603
1615
1641
1666
1687
1715
1755
1773
1802
1818
1853
1874
1896
1919
1929
1951
1956
1973
1991
1995
2007
2010
2019
2021
2028
2022
2014
2012
1997
1977
1973
1951
1929
1910
1888
1870
1845
1830
1809
1791
1768
1747
1716
1683
1656
1607
1581
1543
1504
1495
1487
1483
1474
1468
1480
1469
1460
1454
1443
1424
1396
1372
1345
1317
1298
1271
1269
1258
1247
1240
1246
1253
1232
1212
1206
1187
1160
1147
1144
1143
1130
1139
1145
1142
1143
1148
1163
1167
1161
1161
1164
1145
1134
1129
1131
1129
1114
1119
1130
1150
1170
1201
1238
1268
1289
1313
1361
1385
1408
1449
1484
1527
1554
1608
1661
1697
1736
1770
1812
1825
1841
1856
1869
1869
1875
1885
1891
1892
1884
1885
1895
1895
1877
1870
1870
1865
1835
1834
1814
1811
1801
1790
1784
1760
1736
1703
1680
1650
1621
1607
1610
1605
1619
1634
1656
1672
1679
1718
1741
1757
1771
1791
1836
1855
1878
1908
1940
1967
1997
2017
2014
2019
1998
1955
1903
1840
1765
1724
1687
1641
1602
1593
1594
1592
1594
1607
1633
1663
1679
1696
1717
1741
1750
1777
1825
1852
1878
1901
1929
1930
1929
1915
1897
1882
1860
1853
1848
1849
1828
1814
1801
1802
1797
1794
1806
1794
1790
1778
1770
1762
1755
1768
1770
1806
1814
1838
1857
1875
1888
1900
1928
1945
1971
1987
2028
2052
2084
2116
2146
2176
2215
2241
2240
2257
2265
2265
2248
2251
2274
2270
2246
2245
2251
2242
2225
2226
2248
2227
2197
2170
2162
2124
2113
2103
2100
2097
2105
2093
2108
2111
2110
2109
2114
2128
2139
2177
2201
2226
2224
2252
2281
2312
2295
2311
2351
2361
2334
2331
2355
2347
2306
2295
2317
2285
2251
2232
2219
2177
2132
2104
2083
2051
2015
1986
1960
1942
1926
1893
1873
1856
1830
1803
1769
1741
1721
1685
1651
1609
1579
1557
1512
1475
1434
1389
1335
1268
1217
1151
1080
1017
971
908
856
802
776
726
697
679
677
670
662
664
681
702
716
750
785
822
858
893
933
973
998
1021
1052
1067
1075
1087
1115
1137
1158
1194
1238
1267
1295
1321
1354
1378
1401
1427
1465
1489
1517
1528
1528
1507
1465
1431
1387
1352
1301
1270
1260
1239
1232
1244
1271
1312
1349
1388
1436
1482
1512
1535
1568
1577
1583
1585
1582
1555
1533
1486
1454
1406
1347
1309
1289
1264
1231
1210
1189
1151
1100
1063
1023
963
908
856
816
776
735
703
695
678
658
645
638
633
626
627
640
652
666
692
735
769
798
836
890
925
976
1028
1072
1118
1154
1196
1252
1282
1310
1350
1385
1406
1436
1453
1479
1494
1510
1512
1525
1534
1526
1527
1530
1522
1518
1522
1541
1544
1536
1548
1545
1540
1540
1537
1545
1549
1543
1554
1560
1559
1563
1563
1585
1604
1599
1613
1630
1630
1622
1614
1628
1613
1612
1617
1629
1624
1621
1613
1627
1625
1620
1620
1635
1630
1648
1646
1655
1652
1641
1625
1640
1633
1620
1616
1627
1623
1612
1616
1615
1574
1552
1526
1519
1534
1532
1533
1554
1559
1563
1580
1612
1625
1643
1663
1685
1704
1712
1708
1707
1700
1690
1697
1705
1703
1702
1696
1708
1704
1696
1706
1703
1700
1706
1699
1709
1714
1704
1701
1705
1713
1711
1712
1725
1720
1717
1723
1733
1725
1727
1727
1743
1728
1719
1711
1700
1691
1671
1648
1639
1630
1617
1607
1600
1586
1566
1558
1556
1562
1554
1549
1564
1573
1573
1591
1607
1640
1646
1649
1673
1674
1687
1703
1723
1735
1733
1741
1752
1741
1705
1647
1611
1576
1542
1510
1504
1486
1459
1445
1457
1469
1460
1482
1504
1511
1517
1514
1533
1533
1544
1568
1593
1609
1624
1633
1658
1659
1639
1626
1586
1536
1492
1476
1459
1459
1454
1460
1475
1481
1487
1503
1531
1543
1530
1535
1520
1492
1482
1468
1475
1476
1459
1453
1463
1472
1468
1454
1467
1469
1460
1458
1463
1474
1472
1472
1471
1468
1464
1480
1509
1515
1527
1525
1523
1512
1495
1492
1484
1490
1478
1452
1428
1409
1384
1363
1364
1352
1358
1385
1407
1429
1443
1445
1458
1459
1457
1462
1469
1453
1439
1455
1455
1455
1460
1476
1486
1501
1504
1512
1523
1520
1516
1506
1504
1494
1471
1473
1449
1436
1433
1441
1450
1469
1482
1492
1499
1504
1494
1482
1475
1460
1434
1421
1415
1404
1383
1366
1350
1335
1306
1278
1264
1234
1197
1170
1157
1139
1115
1110
1107
1102
1096
1095
1100
1102
1094
1101
1110
1115
1111
1133
1143
1160
1165
1182
1211
1214
1214
1207
1205
1203
1207
1200
1196
1180
1159
1154
1149
1129
1109
1097
1083
1077
1068
1057
1059
1072
1069
1060
1086
1084
1079
1097
1109
1124
1116
1127
1133
1134
1128
1117
1130
1118
1105
1097
1103
1095
1085
1088
1093
1085
1067
1052
1052
1045
1045
1035
1025
1013
995
982
986
962
941
929
935
932
916
922
922
927
915
912
920
913
916
923
930
933
935
944
954
951
943
936
934
920
908
897
896
884
875
871
873
867
850
844
851
837
827
814
827
816
800
804
817
819
818
809
830
832
822
813
809
794
777
774
776
770
761
754
757
756
748
744
751
740
725
723
729
731
723
720
735
735
736
741
745
736
726
730
734
731
740
738
745
748
737
734
739
737
734
730
736
736
723
711
720
699
688
677
682
666
657
647
645
636
624
628
631
630
621
621
614
615
599
598
604
609
605
611
619
614
612
609
614
617
607
604
614
611
606
609
615
605
598
599
598
592
580
570
584
579
570
574
587
582
572
562
572
559
560
565
571
582
579
582
586
589
587
592
604
593
588
575
575
571
555
551
560
554
543
535
542
531
522
515
519
515
508
508
520
523
519
517
528
529
535
541
548
541
527
522
528
534
536
548
557
562
560
566
581
576
571
566
572
565
555
561
561
559
554
550
556
551
545
539
541
540
519
509
508
491
483
483
492
493
485
472
478
467
454
439
431
413
400
398
393
386
375
380
396
392
391
401
419
418
413
416
426
425
421
420
433
439
438
445
458
465
457
465
478
480
479
476
475
476
469
463
465
464
461
465
473
477
474
476
475
478
473
477
490
493
489
495
507
515
511
522
510
260
-5
-5
-2
-6
-5
-6
-4
-3
426
422
-2
-4
-7
-4
-4

