;UFOS3
;Measurement details: channel = S, date = 12.09.2015, time = 05:58:33
Exposure=483
Gain=0
Temperature=24.9
Accummulate=4
2.9945329414095845 mu
3.056017763921284 amas
18.994 hs
210 ozone
154432 uva
12055 uvb
9145 uve
[Value]
-4
251
252
251
251
252
253
252
266
261
309
308
260
262
314
315
269
265
312
324
263
276
341
328
276
274
351
344
281
280
345
329
282
279
331
326
277
275
332
337
276
276
329
334
275
276
348
345
285
283
340
337
275
280
350
343
274
275
343
350
276
284
339
356
280
277
348
329
277
279
325
348
278
284
334
337
274
278
331
336
277
281
354
337
275
279
337
340
278
280
338
348
277
277
338
330
278
276
332
347
281
277
332
344
276
286
349
339
277
281
348
330
276
279
336
347
281
275
331
336
273
277
342
342
275
282
333
328
271
281
345
350
272
279
334
348
272
279
336
335
279
275
344
349
275
282
338
353
278
282
353
348
276
277
342
340
276
278
347
346
276
279
340
335
285
283
343
351
276
279
337
359
276
281
333
349
274
279
342
339
274
281
362
338
279
280
327
331
279
279
337
349
276
281
340
342
279
275
334
343
276
278
333
335
276
278
332
341
277
279
332
334
280
278
344
345
278
277
335
345
278
279
333
347
276
281
339
336
280
281
344
333
280
280
332
340
285
280
350
330
277
275
328
344
276
280
342
340
277
273
339
338
280
278
332
341
277
280
376
336
278
279
345
332
276
275
350
333
275
278
336
330
271
282
340
339
280
274
343
335
277
281
346
340
282
277
352
335
281
276
342
337
275
279
340
333
273
279
340
338
270
275
343
338
277
278
349
343
283
280
336
338
273
278
348
326
287
280
345
333
280
280
344
351
274
275
348
347
281
279
331
338
277
274
344
332
278
276
337
333
273
281
336
348
278
284
338
351
278
283
344
339
281
280
326
333
281
281
333
332
276
282
337
330
275
282
327
338
277
274
343
342
279
279
335
337
278
281
346
342
275
278
334
334
279
280
340
344
277
280
353
333
274
275
335
347
282
281
351
344
280
277
340
354
282
283
347
337
275
282
342
336
278
285
344
345
282
277
340
342
276
280
334
345
279
276
324
340
274
280
341
339
274
276
331
348
276
279
339
338
281
276
346
336
277
277
340
349
276
282
346
361
277
279
336
335
278
284
342
339
279
279
335
333
276
277
347
326
277
276
332
341
279
282
338
334
281
282
334
336
279
276
334
349
271
281
340
345
276
285
344
338
274
284
335
332
280
274
331
341
280
279
343
338
274
279
325
350
273
283
349
350
278
280
336
345
279
279
343
343
278
278
342
348
277
280
338
342
282
279
342
340
278
282
339
336
281
280
344
337
288
280
335
336
281
280
340
353
276
280
333
333
282
281
337
334
278
281
352
337
287
280
343
360
280
284
332
348
283
282
347
343
279
284
341
334
281
279
347
347
279
279
345
350
281
280
340
340
281
283
333
343
278
285
333
349
274
281
340
344
276
283
339
331
285
283
342
344
274
281
351
344
283
280
345
343
285
283
343
337
282
288
354
343
284
279
343
353
288
287
351
330
273
277
335
335
278
279
343
356
280
289
345
344
278
282
330
342
287
285
357
347
283
289
350
343
282
282
346
351
278
284
351
340
279
286
355
350
287
288
344
339
280
286
341
343
277
286
348
348
285
286
351
342
283
286
354
364
290
290
346
337
287
288
345
344
293
292
338
351
291
287
365
354
287
292
346
351
290
294
367
346
295
293
340
356
291
296
357
359
290
292
357
351
293
294
347
346
289
299
360
361
294
302
367
344
295
296
348
353
301
294
357
358
296
299
359
362
300
305
366
361
302
306
364
372
312
315
373
377
319
313
376
373
318
317
373
378
319
315
407
376
321
327
383
380
327
326
386
385
325
327
403
389
333
330
383
380
325
332
403
394
328
335
392
386
328
332
395
391
331
333
402
401
328
329
396
387
332
330
399
398
334
335
384
379
331
333
399
393
336
341
404
392
339
341
402
415
345
342
411
411
342
352
408
409
353
354
412
409
363
359
425
436
374
374
452
434
387
391
457
451
385
392
458
459
398
396
474
465
393
400
448
472
394
401
478
464
396
393
461
463
397
399
464
450
391
395
479
454
395
404
470
467
402
412
471
470
412
409
476
475
426
419
497
484
426
432
493
493
431
441
491
500
440
437
510
492
426
433
501
495
438
434
493
492
430
438
494
511
442
454
505
512
461
459
519
550
474
478
545
544
479
479
548
538
484
480
535
544
475
483
540
546
491
491
552
550
503
506
577
576
516
514
595
587
536
538
622
613
541
542
606
608
542
548
611
600
538
534
574
585
508
510
564
570
501
507
569
563
503
512
575
574
522
525
594
612
555
571
635
654
592
621
675
684
618
635
696
708
657
662
736
746
684
698
750
774
713
724
789
800
735
737
807
816
751
748
820
827
748
743
813
805
721
720
795
768
698
698
748
749
678
684
738
737
690
688
755
772
700
712
781
800
745
767
851
855
809
828
897
924
846
848
924
910
845
841
919
899
828
834
894
879
816
810
859
878
785
784
843
849
779
782
847
859
790
799
865
876
820
834
905
903
846
869
948
943
891
899
992
984
921
931
1016
1023
953
954
1029
1021
949
950
1001
1012
934
922
977
976
898
880
947
922
853
846
900
909
840
836
906
907
835
851
910
919
856
854
931
923
859
868
922
928
866
868
910
920
847
839
913
892
818
812
862
900
785
777
843
816
758
749
815
821
755
761
820
832
762
769
829
859
775
790
850
855
805
820
894
897
841
857
927
931
881
882
954
972
898
909
958
986
925
933
1013
1001
948
963
1030
1031
979
986
1042
1042
982
986
1051
1046
967
976
1024
1030
951
944
1011
1000
937
932
997
1001
926
926
1002
982
938
943
1029
1045
992
1006
1088
1112
1056
1084
1158
1191
1141
1166
1261
1273
1225
1230
1319
1338
1266
1290
1378
1385
1313
1318
1382
1400
1332
1351
1429
1417
1361
1370
1434
1455
1378
1391
1460
1491
1405
1396
1472
1457
1401
1403
1460
1482
1412
1418
1493
1473
1409
1411
1477
1467
1396
1396
1449
1451
1384
1379
1455
1465
1377
1381
1441
1427
1366
1365
1440
1419
1371
1366
1437
1433
1370
1380
1454
1448
1386
1396
1466
1490
1421
1433
1512
1527
1475
1503
1581
1604
1557
1579
1665
1692
1648
1669
1762
1774
1742
1768
1872
1876
1836
1859
1951
1957
1901
1909
1988
2005
1925
1961
2031
2045
1976
1979
2050
2042
1955
1967
2011
2005
1919
1908
1970
1937
1858
1840
1892
1876
1782
1770
1825
1789
1709
1699
1749
1755
1679
1673
1727
1738
1676
1675
1739
1753
1674
1682
1746
1762
1687
1689
1760
1759
1696
1702
1784
1784
1722
1725
1808
1797
1754
1745
1828
1827
1754
1755
1815
1829
1743
1750
1823
1813
1750
1749
1811
1803
1740
1731
1798
1784
1707
1690
1728
1735
1659
1651
1714
1708
1642
1650
1716
1712
1654
1659
1705
1709
1628
1630
1675
1679
1583
1583
1632
1632
1558
1544
1609
1586
1505
1511
1579
1557
1481
1470
1549
1540
1459
1474
1519
1553
1503
1522
1597
1623
1558
1569
1643
1655
1586
1593
1649
1653
1580
1584
1640
1624
1569
1569
1639
1623
1569
1565
1636
1629
1559
1575
1625
1636
1581
1579
1649
1669
1610
1619
1695
1692
1620
1616
1656
1640
1547
1517
1578
1533
1430
1413
1465
1426
1353
1333
1388
1386
1310
1306
1379
1372
1302
1316
1380
1400
1333
1350
1419
1437
1366
1369
1419
1431
1342
1320
1375
1379
1278
1277
1336
1324
1248
1261
1330
1353
1288
1316
1415
1423
1386
1408
1505
1512
1455
1463
1542
1548
1490
1503
1559
1578
1516
1527
1584
1603
1529
1516
1592
1583
1522
1544
1620
1620
1560
1582
1661
1676
1635
1669
1740
1758
1702
1713
1781
1789
1715
1716
1781
1778
1692
1701
1766
1751
1675
1675
1768
1761
1696
1701
1792
1788
1729
1756
1839
1866
1809
1844
1935
1964
1923
1946
2021
2059
2006
2010
2087
2091
2032
2035
2111
2120
2031
2022
2092
2094
2001
1992
2043
2027
1955
1955
2019
2027
1948
1949
2043
2036
1958
1957
2007
1996
1929
1916
1984
1980
1918
1913
1986
1993
1933
1939
2008
2015
1959
1976
2068
2085
2034
2050
2116
2152
2120
2120
2197
2196
2164
2175
2256
2265
2185
2179
2261
2245
2186
2173
2233
2225
2160
2172
2235
2229
2182
2194
2273
2286
2220
2230
2287
2295
2227
2238
2300
2302
2235
2237
2297
2283
2215
2211
2263
2243
2164
2140
2189
2157
2066
2029
2069
2040
1942
1912
1947
1916
1810
1771
1820
1766
1675
1646
1700
1663
1594
1592
1659
1660
1584
1603
1681
1715
1687
1722
1826
1863
1820
1850
1941
1962
1930
1954
2013
2039
2083
2018
2094
2102
2036
2057
2115
2119
2045
2037
2092
2069
1990
1984
2036
2010
1913
1899
1953
1923
1830
1824
1854
1853
1770
1774
1817
1827
1739
1739
1815
1814
1741
1766
1840
1846
1806
1815
1916
1909
1875
1891
1971
1968
1900
1897
1956
1959
1876
1869
1931
1924
1822
1815
1850
1832
1742
1728
1782
1754
1662
1653
1711
1700
1620
1623
1696
1676
1624
1628
1695
1707
1641
1647
1735
1730
1670
1675
1752
1767
1695
1713
1776
1777
1713
1712
1774
1769
1693
1688
1747
1727
1652
1648
1705
1701
1620
1624
1684
1690
1609
1604
1663
1657
1567
1557
1623
1604
1526
1541
1608
1614
1560
1578
1657
1684
1633
1664
1741
1752
1706
1733
1806
1838
1793
1817
1900
1924
1881
1886
1970
2012
1929
1933
2022
2013
1936
1953
2003
1992
1938
1918
1970
1973
1884
1877
1939
1906
1832
1807
1856
1847
1746
1745
1812
1795
1727
1735
1805
1799
1746
1765
1841
1862
1794
1809
1926
1906
1847
1848
1915
1919
1847
1847
1895
1891
1814
1791
1832
1805
1724
1700
1744
1726
1654
1646
1709
1710
1659
1680
1760
1777
1721
1745
1836
1860
1814
1830
1923
1955
1914
1951
2032
2074
2021
2050
2114
2133
2068
2100
2167
2170
2130
2146
2209
2237
2179
2195
2284
2291
2225
2229
2301
2303
2257
2278
2351
2349
2291
2304
2369
2390
2319
2332
2405
2404
2353
2359
2415
2414
2348
2336
2389
2363
2284
2263
2324
2291
2229
2221
2267
2285
2209
2210
2287
2290
2226
2232
2311
2311
2264
2271
2346
2347
2288
2297
2365
2369
2301
2325
2390
2412
2362
2372
2457
2456
2389
2390
2441
2423
2332
2320
2365
2356
2274
2247
2302
2286
2185
2153
2188
2140
2046
2013
2043
2021
1933
1913
1986
1980
1915
1923
1986
2039
1967
1972
2063
2066
2011
2031
2135
2143
2082
2092
2155
2144
2073
2059
2089
2059
1978
1946
1987
1954
1870
1836
1873
1824
1741
1716
1751
1720
1609
1600
1648
1624
1568
1567
1644
1659
1610
1632
1752
1760
1720
1752
1845
1875
1839
1882
1990
2004
1986
2042
2168
2162
2140
2177
2270
2299
2260
2272
2351
2357
2328
2323
2393
2391
2354
2345
2421
2432
2353
2347
2414
2383
2312
2293
2340
2318
2212
2179
2201
2172
2079
2031
2046
2036
1942
1895
1962
1920
1811
1791
1862
1852
1754
1759
1817
1825
1760
1768
1834
1843
1774
1789
1868
1877
1824
1818
1904
1889
1826
1807
1862
1854
1767
1760
1827
1800
1721
1719
1776
1779
1713
1714
1780
1773
1718
1730
1815
1833
1797
1821
1924
1970
1935
1978
2061
2090
2023
2044
2122
2097
2027
2009
2058
2049
1954
1931
1969
1951
1857
1837
1898
1868
1768
1750
1808
1775
1716
1711
1781
1804
1732
1769
1859
1867
1834
1870
1940
1962
1920
1922
2011
2014
1937
1946
1992
1999
1914
1917
1983
1958
1879
1855
1918
1892
1805
1788
1844
1829
1742
1740
1796
1817
1738
1766
1848
1862
1808
1828
1935
1947
1900
1924
2028
2048
2020
2038
2124
2169
2125
2150
2236
2241
2212
2239
2313
2320
2264
2272
2345
2353
2285
2294
2359
2367
2297
2301
2386
2371
2360
2311
2376
2376
2302
2290
2332
2351
2270
2258
2320
2319
2250
2263
2343
2336
2267
2284
2359
2369
2309
2328
2411
2406
2338
2353
2440
2423
2367
2359
2431
2425
2337
2318
2369
2341
2267
2264
2332
2320
2241
2242
2303
2308
2253
2260
2336
2333
2292
2293
2355
2354
2300
2296
2352
2370
2311
2319
2379
2388
2354
2366
2462
2467
2426
2444
2530
2545
2501
2524
2601
2613
2579
2627
2680
2712
2686
2714
2747
2771
2770
2790
2803
2814
2820
2827
2839
2847
2852
2861
2869
2879
2885
2893
2898
2904
2906
2913
2910
2914
2907
2887
2875
2815
2774
2685
2678
2654
2548
2523
2542
2515
2461
2465
2557
2557
2528
2566
2635
2683
2688
2738
2775
2808
2821
2851
2857
2885
2888
2910
2908
2934
2931
2951
2947
2970
2961
2983
2976
2995
2987
3005
2995
2987
2952
2645
2633
2521
2446
2435
2489
2480
2425
2438
2518
2541
2525
2562
2644
2664
2651
2690
2726
2747
2745
2748
2764
2740
2708
2642
2642
2558
2459
2395
2397
2344
2232
2189
2221
2188
2053
2028
2092
2048
1997
1994
2069
2088
2056
2086
2193
2223
2183
2228
2300
2355
2299
2314
2398
2374
2315
2312
2344
2314
2222
2188
2213
2152
2036
1998
2007
1983
1871
1867
1944
1932
1870
1896
1983
2011
1996
2037
2161
2201
2189
2242
2362
2390
2347
2388
2449
2497
2414
2434
2496
2471
2404
2391
2443
2421
2327
2315
2342
2322
2231
2195
2251
2214
2136
2128
2185
2194
2130
2138
2205
2189
2141
2151
2203
2223
2134
2137
2194
2193
2148
2161
2234
2242
2200
2206
2301
2310
2260
2283
2366
2372
2334
2358
2457
2434
2400
2413
2502
2503
2454
2467
2546
2560
2520
2526
2605
2602
2563
2562
2604
2637
2583
2594
2654
2639
2596
2580
2612
2587
2528
2496
2523
2489
2411
2374
2410
2369
2291
2252
2307
2276
2175
2155
2217
2184
2126
2064
2124
2090
2031
2021
2077
2061
1984
1976
2019
1986
1909
1905
1959
1934
1865
1855
1941
1928
1869
1887
1966
1992
1945
1980
2083
2091
2056
2091
2166
2185
2140
2160
2253
2270
2223
2236
2315
2303
2272
2274
2339
2333
2269
2273
2340
2318
2250
2238
2273
2250
2171
2154
2198
2164
2090
2061
2124
2075
2000
1980
2026
1988
1882
1851
1892
1849
1759
1743
1798
1796
1716
1722
1775
1773
1707
1693
1737
1727
1633
1609
1656
1611
1536
1526
1589
1558
1491
1496
1566
1552
1468
1462
1531
1478
1421
1407
1460
1446
1381
1389
1461
1466
1399
1398
1477
1464
1410
1407
1462
1460
1394
1385
1452
1434
1371
1373
1461
1483
1426
1450
1555
1586
1549
1575
1671
1703
1668
1707
1810
1847
1814
1863
1978
2012
1989
2029
2120
2131
2097
2112
2182
2191
2129
2136
2204
2193
2138
2139
2201
2190
2132
2124
2177
2171
2084
2077
2125
2127
2043
2034
2084
2083
1972
1937
1971
1907
1802
1775
1830
1815
1739
1766
1818
1825
1784
1802
1917
1941
1900
1924
2045
2070
2038
2090
2212
2247
2200
2228
2295
2282
2200
2194
2236
2193
2102
2061
2105
2107
2013
2009
2078
2091
2036
2052
2133
2137
2085
2080
2150
2149
2080
2093
2157
2195
2137
2158
2220
2230
2149
2133
2199
2166
2097
2080
2162
2116
2049
2050
2103
2082
2019
2016
2109
2074
2018
2003
2068
2045
1989
1986
2087
2092
2042
2062
2155
2162
2119
2137
2233
2241
2207
2240
2319
2372
2334
2360
2469
2460
2445
2453
2547
2541
2499
2510
2568
2555
2505
2509
2583
2555
2498
2499
2526
2519
2449
2436
2464
2467
2381
2341
2413
2385
2316
2319
2415
2385
2324
2346
2406
2422
2358
2384
2453
2464
2451
2466
2541
2550
2518
2549
2611
2628
2593
2606
2649
2638
2600
2586
2632
2621
2553
2548
2579
2561
2460
2424
2449
2420
2321
2291
2324
2296
2209
2179
2230
2191
2117
2108
2138
2136
2023
2009
2029
2005
1892
1873
1911
1859
1762
1720
1726
1648
1523
1454
1494
1377
1250
1181
1180
1130
1026
989
1043
1011
919
899
967
959
902
915
1001
1015
979
1001
1096
1102
1047
1066
1142
1155
1083
1109
1191
1183
1146
1181
1267
1338
1310
1367
1492
1545
1528
1559
1685
1712
1670
1706
1798
1824
1781
1792
1861
1875
1816
1815
1921
1939
1866
1889
1971
1962
1901
1912
1994
1980
1911
1914
1975
1980
1911
1904
1973
1964
1873
1863
1914
1893
1799
1772
1816
1773
1675
1632
1683
1632
1527
1493
1544
1487
1364
1314
1339
1299
1148
1099
1122
1087
977
961
1008
982
914
897
952
943
883
888
966
983
931
958
1051
1086
1042
1092
1205
1243
1227
1277
1397
1432
1394
1438
1539
1566
1533
1571
1671
1684
1644
1654
1743
1758
1718
1743
1827
1830
1776
1792
1875
1856
1800
1820
1881
1892
1809
1821
1885
1891
1823
1842
1899
1918
1855
1865
1942
1976
1890
1885
1956
1967
1896
1907
1974
1978
1890
1885
1946
1919
1833
1811
1871
1869
1820
1823
1887
1888
1824
1842
1914
1936
1890
1891
1978
1967
1900
1896
1964
1947
1884
1885
1950
1927
1873
1870
1947
1926
1852
1862
1946
1913
1860
1858
1923
1932
1881
1886
1974
1984
1931
1946
2036
2030
1954
1970
2044
2021
1951
1961
2038
2035
1971
1966
2047
2036
1959
1966
2016
2008
1960
1973
2048
2036
1961
1967
2047
2032
1969
1980
2049
2051
1983
1995
2065
2075
1997
1994
2037
2062
1974
1957
2048
1991
1921
1918
1984
1946
1860
1827
1870
1864
1779
1779
1857
1838
1749
1745
1843
1856
1793
1821
1925
1954
1888
1898
1998
1990
1950
1982
2050
2069
2017
2005
2088
2054
1944
1901
1924
1845
1735
1696
1760
1763
1689
1697
1784
1786
1729
1744
1843
1841
1783
1788
1874
1868
1809
1833
1933
1953
1894
1910
2006
2007
1948
1931
1979
1973
1887
1884
1937
1914
1835
1837
1889
1883
1829
1840
1901
1921
1832
1820
1875
1840
1744
1729
1792
1786
1707
1701
1769
1768
1687
1683
1756
1731
1698
1713
1798
1791
1738
1739
1820
1817
1756
1777
1877
1875
1789
1799
1876
1864
1788
1800
1873
1864
1783
1763
1819
1791
1718
1707
1770
1736
1681
1685
1754
1751
1702
1701
1780
1784
1718
1735
1808
1804
1761
1760
1846
1856
1792
1813
1915
1897
1832
1842
1916
1910
1847
1840
1930
1893
1835
1841
1912
1904
1851
1858
1932
1924
1846
1853
1912
1911
1822
1805
1861
1838
1752
1736
1777
1791
1685
1675
1728
1700
1614
1578
1612
1579
1476
1451
1481
1458
1364
1345
1392
1385
1291
1271
1338
1315
1249
1259
1338
1345
1292
1307
1404
1416
1362
1408
1521
1530
1478
1505
1585
1580
1540
1546
1619
1617
1558
1555
1627
1631
1554
1561
1632
1635
1554
1551
1611
1630
1540
1537
1605
1587
1519
1497
1585
1562
1478
1481
1542
1532
1444
1452
1511
1490
1416
1409
1486
1476
1413
1418
1474
1481
1400
1382
1448
1435
1358
1350
1401
1374
1302
1283
1344
1322
1255
1257
1324
1303
1241
1239
1335
1300
1238
1234
1308
1304
1238
1252
1321
1330
1270
1274
1360
1351
1271
1274
1323
1314
1237
1220
1296
1279
1203
1190
1267
1259
1176
1181
1239
1232
1149
1142
1214
1198
1128
1118
1199
1198
1139
1143
1219
1206
1115
1124
1184
1175
1103
1100
1180
1171
1083
1091
1155
1144
1078
1073
1155
1133
1066
1063
1134
1115
1053
1060
1141
1124
1064
1073
1162
1144
1082
1088
1160
1146
1097
1087
1147
1170
1071
1072
1147
1130
1070
1061
1141
1123
1054
1053
1123
1092
1017
1012
1077
1059
990
982
1045
1036
957
964
1039
1030
956
942
1051
1007
923
933
997
992
929
934
1004
994
919
932
1008
995
929
939
1002
1007
931
940
1002
1012
933
921
994
982
905
910
964
964
909
900
989
971
903
901
985
972
900
908
986
971
913
911
990
983
915
920
996
973
892
872
929
913
865
873
941
927
866
863
938
927
844
845
904
900
826
834
896
905
847
858
920
930
862
869
943
938
862
848
917
905
827
838
926
914
840
828
905
886
806
797
882
825
770
768
850
820
765
768
866
858
791
805
893
906
816
830
897
893
816
813
892
895
825
818
882
908
818
822
886
875
805
796
858
854
779
778
833
842
766
768
844
843
777
782
867
850
795
801
875
886
826
834
922
929
878
891
970
657
251
251
251
251
251
252
251
251
788
795
251
253
252
-4
-4

