;UFOS3
;Measurement details: channel = D, date = 12.09.2015, time = 06:03:46
Exposure=464
Gain=0
Temperature=25.0
Accummulate=4
2.9130477028978907 mu
2.972479567690176 amas
19.579 hs
0 ozone
25188 uva
10400 uvb
8571 uve
[Value]
-5
250
251
251
250
251
251
253
265
261
306
306
261
261
313
311
269
265
310
323
263
270
328
314
265
265
337
333
273
269
334
316
272
269
323
317
267
266
321
326
266
268
316
319
266
270
337
330
275
273
326
326
264
270
338
332
264
267
330
339
266
275
327
342
269
268
335
317
267
268
314
336
268
273
322
324
264
267
323
324
270
271
341
326
265
268
322
330
267
271
326
336
263
266
327
320
268
267
319
334
270
268
318
331
268
274
338
326
266
271
332
319
268
270
323
333
270
265
320
323
262
266
329
330
266
273
322
316
263
271
332
335
265
270
322
335
263
269
322
325
271
266
331
337
268
270
326
339
267
272
338
334
266
267
330
326
263
269
334
332
267
270
325
324
272
275
330
336
267
267
324
345
266
271
320
335
264
270
330
327
266
270
349
329
271
270
315
321
269
269
326
334
266
273
328
327
270
267
320
331
267
269
321
321
266
268
322
330
265
270
319
319
269
269
329
334
266
266
324
330
265
269
321
338
263
270
327
322
270
270
333
320
269
272
319
326
275
269
337
320
266
265
318
331
266
269
329
325
267
265
328
325
270
267
320
326
267
272
364
326
268
269
332
320
266
264
339
322
264
268
324
321
261
271
327
327
269
263
330
323
267
272
332
328
269
267
336
324
271
266
328
324
265
269
327
320
263
268
330
326
260
265
330
327
269
269
334
331
272
269
327
328
264
267
333
316
275
269
332
323
269
269
332
338
265
265
338
332
270
268
319
325
267
265
329
322
268
268
328
322
266
273
323
335
267
274
324
337
266
272
332
326
271
267
316
322
270
268
321
320
266
270
325
318
265
270
315
326
268
264
333
331
267
270
323
323
267
271
332
329
266
268
323
319
268
270
329
331
266
271
339
324
265
266
323
336
270
272
338
331
269
267
327
340
269
272
335
326
264
275
331
325
270
274
331
333
270
266
326
329
267
271
325
332
268
265
309
328
265
271
327
328
265
267
320
336
266
269
327
324
271
265
333
324
267
268
328
335
264
271
333
349
267
268
323
321
267
272
328
328
266
266
322
320
265
266
335
317
266
266
318
327
268
270
326
322
270
271
320
326
268
266
321
335
259
269
327
332
264
278
331
323
263
273
320
319
270
264
317
330
271
268
330
325
263
268
313
334
259
273
333
338
268
267
323
331
269
268
330
331
265
267
328
333
267
270
327
330
270
267
330
326
267
270
325
324
267
272
329
324
276
268
319
325
268
270
325
340
264
268
320
321
269
268
323
320
264
269
336
325
275
271
332
346
266
270
319
333
269
266
332
329
266
271
325
320
267
267
331
332
267
267
330
336
267
266
327
327
267
271
316
330
265
272
321
334
263
269
326
330
264
270
322
317
271
270
327
329
262
269
337
331
269
269
328
327
271
269
328
321
269
275
336
329
272
268
326
337
276
273
335
318
262
265
318
321
266
267
328
344
266
275
329
329
265
270
315
327
271
271
340
330
268
273
332
327
267
267
328
332
262
272
332
323
264
269
335
334
268
272
326
320
263
271
324
326
262
269
329
330
268
271
334
323
267
270
336
344
271
272
327
314
268
269
322
322
272
273
317
331
270
267
338
329
265
269
321
327
269
271
339
320
270
269
312
329
265
270
328
329
267
267
329
324
269
272
318
318
263
274
332
331
267
274
341
315
264
266
316
322
270
265
325
329
266
268
325
327
265
270
327
323
265
269
323
329
269
272
327
329
274
269
326
325
268
270
321
326
267
266
349
320
267
272
325
324
271
271
327
327
265
272
345
330
272
274
320
319
266
272
339
331
264
273
326
321
263
270
327
326
266
269
333
334
266
268
331
324
270
269
336
331
268
271
317
311
265
266
330
321
266
272
329
318
266
271
326
332
268
268
330
331
263
272
325
326
272
267
320
317
272
263
321
333
266
269
334
320
271
272
331
326
263
266
327
328
269
272
340
331
263
270
318
338
264
270
346
332
269
267
330
333
268
272
330
320
265
269
345
324
265
272
333
326
267
272
328
324
269
269
325
324
274
269
340
324
269
271
326
326
266
274
320
330
274
269
342
326
264
272
335
326
275
271
325
321
264
268
323
333
264
273
319
323
271
267
318
346
269
272
334
327
267
271
335
324
273
269
321
332
264
268
322
330
276
269
326
320
271
272
338
327
269
265
333
323
270
265
340
331
265
269
328
326
268
274
335
328
277
275
318
332
262
273
322
328
267
270
331
326
268
271
332
318
264
266
325
333
268
274
329
335
268
298
324
332
263
268
323
324
267
263
326
326
265
270
312
329
266
269
330
330
271
267
327
330
267
270
327
337
268
269
336
332
268
271
345
331
265
274
324
330
266
271
321
319
274
271
325
340
268
272
323
328
265
275
332
328
264
269
322
342
263
266
336
321
267
268
333
321
264
274
332
322
269
270
321
340
267
268
321
327
267
272
323
333
269
267
324
326
268
269
330
316
265
274
334
324
267
267
333
330
265
267
330
340
270
268
333
329
263
268
322
329
267
267
324
336
270
268
333
324
264
266
320
338
269
269
336
335
268
277
325
326
269
269
328
326
267
273
321
328
268
274
316
320
265
266
336
324
268
269
319
359
268
269
336
317
271
268
326
330
271
272
328
331
264
271
323
343
267
272
319
323
267
271
326
323
265
270
329
325
270
267
323
340
261
268
311
325
266
270
328
322
265
273
328
323
269
270
321
318
263
270
326
329
265
276
325
329
268
268
332
323
270
266
329
338
269
265
333
317
270
270
334
332
270
270
325
332
268
271
322
334
267
274
331
332
272
267
329
330
264
268
335
338
268
271
326
333
264
277
338
319
267
272
324
339
263
272
329
349
267
267
327
325
269
269
321
340
271
270
335
322
266
271
330
324
266
268
320
329
267
269
337
336
266
273
329
320
263
267
331
321
271
268
327
325
267
272
330
324
268
272
329
345
267
273
331
329
264
274
327
321
268
266
321
335
268
269
333
327
270
268
336
329
266
268
334
329
266
265
332
329
267
273
325
335
265
272
343
329
263
278
322
327
267
271
334
322
266
269
337
331
270
270
332
324
266
270
322
331
268
271
308
324
267
270
328
340
267
272
326
339
265
266
321
317
267
266
335
332
267
268
335
328
279
267
332
332
265
267
325
334
266
274
335
326
269
273
336
324
266
266
331
329
268
273
315
334
287
267
328
323
267
272
320
327
265
274
322
330
263
274
324
331
264
268
321
332
272
266
333
325
264
273
336
323
270
270
339
333
267
273
308
331
268
274
327
336
270
271
325
333
264
271
322
326
268
270
329
321
269
272
329
319
271
275
331
325
265
272
320
330
271
270
323
333
272
277
327
326
269
269
316
323
267
272
344
337
268
271
338
324
265
268
321
330
268
270
333
331
265
275
319
329
267
272
328
336
265
274
324
339
268
269
330
339
266
272
338
339
264
273
329
335
263
267
336
325
268
269
335
325
268
270
324
327
264
273
318
323
269
271
319
336
271
271
329
319
267
270
333
326
268
271
321
328
264
273
325
326
271
274
323
329
262
269
325
335
264
269
334
332
264
268
343
330
268
268
339
326
264
272
330
345
265
271
321
335
266
269
326
329
268
273
328
319
265
268
337
344
268
271
326
346
266
270
330
323
267
277
337
329
265
266
335
333
265
266
322
326
267
270
328
323
270
275
328
335
268
270
327
329
263
270
325
332
268
270
319
329
272
269
315
316
269
269
335
336
260
271
331
327
266
267
327
327
268
275
331
320
264
273
329
329
266
267
318
328
263
267
333
333
270
269
330
315
265
271
324
323
265
270
325
326
267
267
336
338
267
272
332
331
266
273
338
331
267
268
333
319
277
272
334
333
266
268
321
325
271
268
333
328
266
269
326
315
272
274
324
331
347
273
333
332
261
276
331
332
270
274
327
322
265
268
332
329
263
266
329
327
266
273
328
328
268
275
323
330
270
268
334
331
264
270
328
326
269
268
339
317
272
272
330
327
268
279
326
341
266
275
330
337
264
273
323
333
265
272
338
328
265
271
331
329
268
266
336
323
269
271
332
328
266
270
336
332
269
268
326
330
269
267
327
326
273
271
322
327
267
270
331
327
271
270
331
325
266
268
327
334
270
269
335
336
265
269
332
323
266
273
328
320
267
271
321
330
270
274
327
323
263
268
320
335
265
272
330
328
270
267
326
341
270
269
340
324
262
271
330
326
273
268
318
333
265
274
341
320
268
271
333
339
264
270
340
325
269
276
335
323
265
272
332
332
262
268
354
328
268
267
325
330
265
270
322
327
272
271
327
328
269
268
327
319
268
271
322
319
267
270
331
325
266
268
328
339
273
268
324
331
267
270
325
339
265
272
324
323
267
270
326
321
267
273
316
331
264
269
339
334
264
269
329
323
269
274
335
329
271
269
326
339
266
273
330
327
269
272
328
327
269
271
329
320
271
271
335
327
271
271
315
331
265
270
330
336
266
267
332
318
267
269
336
328
270
269
329
331
264
272
320
332
271
268
334
324
271
272
330
334
268
266
322
333
266
268
324
334
267
270
328
327
267
271
327
330
273
274
333
343
268
271
324
350
270
267
327
321
265
267
337
331
275
274
328
325
264
272
332
316
268
271
332
324
271
270
330
316
267
270
338
336
262
268
326
314
267
267
330
326
269
272
340
331
265
268
325
317
267
271
327
321
266
269
361
327
269
268
321
320
268
266
330
319
268
269
335
325
267
268
333
348
268
274
337
327
269
273
331
338
266
271
323
320
266
268
306
327
272
267
345
344
269
270
335
344
265
271
330
334
265
269
331
328
265
269
334
330
271
269
346
328
266
268
329
330
268
272
345
331
263
271
325
325
264
273
329
322
264
270
331
326
270
270
322
331
264
273
329
330
268
267
328
324
266
271
328
337
267
272
324
333
268
270
340
339
270
267
337
321
271
269
329
341
268
275
330
323
270
276
321
324
267
270
336
332
268
277
327
322
263
271
336
327
270
269
335
329
266
271
339
332
270
271
325
336
264
265
332
331
268
274
336
334
274
268
332
331
272
272
325
332
266
273
335
318
268
279
327
329
265
268
327
333
264
268
327
340
267
268
342
329
312
274
337
337
267
268
315
345
264
269
327
324
266
271
336
337
265
267
326
329
266
271
334
328
264
267
342
324
264
268
331
336
268
269
334
326
267
266
340
335
266
274
331
326
264
274
336
329
263
267
322
322
271
270
318
335
273
271
325
328
270
266
342
333
272
270
337
330
268
277
334
313
265
275
333
335
262
268
333
343
268
271
339
319
263
272
325
315
265
272
339
324
265
270
309
323
264
270
330
327
267
268
324
319
267
271
332
353
263
271
321
314
266
273
338
332
267
271
315
324
270
270
337
331
265
278
327
319
268
268
323
331
264
271
331
320
267
268
333
335
268
268
330
326
266
270
336
334
272
273
340
324
271
269
330
323
271
274
339
324
263
268
327
328
271
273
339
319
271
272
341
318
265
267
320
325
264
269
335
349
263
266
346
323
273
271
332
325
266
268
337
326
264
269
322
335
269
274
333
324
263
272
321
324
265
271
338
324
271
279
326
337
264
268
348
337
268
270
328
319
269
273
327
327
266
269
335
328
268
271
320
343
268
270
332
322
267
270
332
335
266
272
335
334
267
270
330
327
265
271
318
330
274
275
335
326
276
276
326
336
271
269
324
319
267
275
335
326
265
268
337
324
266
271
330
327
264
268
345
317
267
271
340
331
269
268
324
328
265
269
348
339
268
269
319
332
262
271
346
327
265
270
325
323
266
271
327
319
270
271
333
318
271
272
341
331
268
269
335
338
308
267
329
318
267
265
337
326
266
270
329
317
265
272
334
329
265
270
338
322
265
271
328
332
269
272
345
321
270
274
326
320
268
267
329
330
269
273
333
317
271
271
330
317
265
274
330
321
265
272
326
328
269
269
328
329
270
266
346
318
270
276
329
325
266
272
335
329
269
269
325
328
261
273
326
328
275
270
317
324
268
270
327
309
264
272
336
315
267
269
334
326
265
270
336
316
272
267
329
320
264
271
333
331
267
273
333
319
264
271
323
321
267
265
334
319
268
271
329
338
266
268
341
337
273
271
327
323
266
269
327
326
269
272
334
330
265
268
326
321
268
274
331
329
265
274
331
317
266
272
330
323
271
271
328
326
266
269
323
330
267
268
332
337
266
270
336
325
267
266
333
332
265
276
323
327
264
268
345
329
269
266
333
326
266
267
339
337
268
276
325
326
265
272
336
325
273
272
333
338
269
267
334
326
269
273
335
328
275
274
337
341
269
267
319
333
269
272
328
338
267
271
341
323
265
270
348
322
265
274
333
325
266
268
338
320
273
269
337
321
268
267
342
329
267
269
337
327
267
267
336
321
268
270
322
337
272
275
338
317
267
267
336
319
269
271
335
328
264
267
352
329
273
273
321
331
269
266
316
339
270
265
342
332
262
270
347
324
266
271
329
338
270
270
329
318
273
271
332
324
267
269
326
324
267
268
330
313
273
270
338
327
271
270
333
341
269
269
324
339
266
268
336
323
268
267
333
315
270
276
333
342
266
274
323
330
267
272
344
322
268
274
330
327
265
267
367
327
272
274
324
326
276
268
343
339
268
271
333
331
271
275
335
335
270
271
334
327
265
268
326
327
263
271
333
317
268
274
321
335
267
268
330
329
267
265
331
334
268
272
328
327
266
271
331
338
268
270
337
336
267
272
331
325
267
270
338
331
272
271
326
331
265
268
333
335
270
271
335
333
272
272
337
329
273
269
342
332
269
271
347
336
272
271
334
353
269
270
330
331
267
274
334
325
274
272
330
324
270
270
334
340
274
274
334
334
265
267
329
327
268
270
332
332
265
271
330
325
268
269
337
334
273
267
329
317
266
273
333
325
265
273
339
325
266
270
326
335
266
271
323
328
273
269
330
330
272
275
332
352
269
270
325
334
266
269
335
334
265
268
331
328
267
268
335
323
265
272
326
326
269
272
329
331
272
266
338
328
267
270
343
322
271
276
337
315
272
275
338
331
266
271
348
317
267
267
322
327
273
273
336
325
266
272
327
331
265
276
341
325
269
274
341
326
272
267
340
331
269
277
332
314
269
277
342
327
268
272
351
332
268
278
328
329
267
273
338
338
267
275
314
342
266
270
351
318
270
279
345
317
268
266
326
335
265
272
343
338
271
271
348
332
265
272
333
338
273
267
344
317
272
270
327
332
272
272
344
338
267
269
339
329
270
267
337
335
270
269
343
339
270
270
332
322
268
267
333
332
266
267
335
335
266
270
339
325
274
271
322
326
268
270
329
328
265
274
328
322
265
269
325
337
267
271
346
335
269
272
336
334
268
272
332
336
269
272
333
327
273
272
339
323
270
268
335
327
268
268
337
332
266
275
344
333
264
270
343
333
272
269
335
320
270
267
334
322
267
268
327
330
270
270
338
333
268
274
335
322
275
271
334
329
264
271
342
328
268
271
329
329
273
270
351
318
266
271
331
327
268
273
339
323
267
274
331
336
268
274
335
333
271
274
326
348
267
271
335
327
274
274
333
326
266
272
327
325
269
273
329
340
267
267
330
320
265
272
338
324
266
271
333
321
264
269
336
322
265
273
330
320
270
270
329
330
270
267
332
341
268
271
328
335
268
269
328
343
272
272
335
330
269
265
344
338
272
274
335
333
265
271
337
326
269
270
336
323
271
276
327
342
276
270
330
324
269
269
338
327
270
266
334
329
272
273
335
319
269
266
350
326
268
270
323
324
265
271
330
328
271
269
338
331
268
271
331
332
268
269
347
337
273
273
340
336
268
269
330
335
273
272
340
334
269
270
333
327
268
275
343
336
266
273
335
336
269
271
344
339
266
273
335
333
272
275
339
323
266
267
330
318
268
272
340
319
266
273
349
334
271
273
336
322
269
273
321
356
266
274
339
325
274
269
334
324
266
271
343
329
267
272
339
324
273
270
333
327
265
275
335
333
268
271
370
332
264
270
328
321
267
272
338
330
263
267
336
327
268
274
331
327
270
273
332
340
270
269
335
325
265
269
326
326
275
271
336
327
268
270
341
333
266
268
335
326
273
271
343
332
264
267
338
334
273
266
331
316
272
274
333
319
270
271
342
342
269
277
338
334
268
272
317
325
270
272
327
335
267
270
332
326
271
270
334
337
268
276
347
330
269
265
339
332
269
270
351
321
270
268
342
323
273
270
347
335
269
266
334
340
265
272
335
335
272
270
338
332
272
271
328
349
270
270
334
329
269
270
331
336
271
269
327
331
266
269
329
329
269
269
340
325
268
273
334
330
269
267
331
334
273
270
334
331
251
252
253
252
253
251
250
252
265
271
252
250
251
-5
-5

