;UFOS3
;Measurement details: channel = Z-D, date = 12.09.2015, time = 06:02:54
Exposure=541
Gain=0
Temperature=24.9
Accummulate=4
2.926206538121192 mu
2.985965098344884 amas
19.482 hs
254 ozone
146961 uva
3164 uvb
571 uve
[Value]
-5
-5
-6
-5
-6
-5
-6
-4
-5
-6
-5
-5
-8
-6
-4
-4
-6
-5
-6
-7
-5
-2
-2
0
-1
-1
3
0
2
-2
-1
1
1
0
-2
-2
-2
-2
0
1
-1
-4
-1
1
0
-1
0
-2
-1
-2
-2
0
-3
-1
2
0
0
-3
-1
-4
2
-2
-3
-3
-2
-2
0
0
-1
-1
2
-2
1
-1
-3
0
-3
-1
-1
0
-1
-1
1
1
-1
-2
-1
-1
-2
3
-1
1
-2
-2
-1
0
-2
0
2
-2
-1
0
0
0
2
0
-1
0
-1
1
-2
1
-1
-2
-1
-2
-1
0
-2
-4
-3
1
1
-4
1
1
0
-3
0
-1
0
1
0
1
0
3
-2
1
2
0
1
-1
-1
2
-2
-1
-1
-2
-1
-1
-1
0
-1
-1
2
-2
0
-1
0
2
-1
0
2
0
-5
-2
-3
-1
-2
2
-2
2
1
1
-3
2
-1
-1
-1
0
0
0
-3
-1
-3
-2
0
-1
-2
-1
-2
2
-2
-1
-2
-1
1
-3
1
-1
-2
3
0
2
-3
-1
-1
-1
0
-1
-1
0
1
-4
-1
-2
-1
-1
-1
-1
-3
2
0
0
0
-2
-3
-1
1
-2
-2
-2
0
0
-3
-2
0
-1
-1
-2
2
-1
1
-1
-1
-1
1
0
0
0
0
1
-1
-4
0
1
0
-1
3
-4
0
-2
-1
-1
-1
0
1
-2
1
0
-1
-2
-2
-1
-2
0
0
-2
-2
-2
-2
0
0
2
2
0
0
0
0
0
1
-2
0
1
0
-1
1
0
-1
-2
1
-1
1
0
-2
-1
-3
-1
0
-2
1
0
-1
-2
1
-1
-3
-2
1
-1
0
-2
-2
1
1
0
4
-1
-2
-2
-1
-1
0
-3
-2
-1
1
1
4
-1
1
0
0
-1
0
0
1
2
-1
0
-2
0
-1
-1
-2
-2
1
-1
-2
-1
-2
0
-3
2
1
0
1
0
1
0
1
3
-2
0
-1
-2
1
0
0
1
-1
-1
-4
-1
1
0
0
0
-1
-2
3
-2
-1
-2
0
-1
2
1
0
-2
-1
0
-1
-4
1
-1
2
-3
0
-2
-2
2
-1
0
-3
0
-1
0
0
1
0
1
-1
0
-2
-1
2
-1
0
-3
-1
-1
2
1
2
2
0
-2
-1
1
0
1
-1
-2
1
1
-3
-3
2
-1
2
0
0
-1
1
1
1
0
3
1
0
0
1
1
3
-1
-2
1
-3
0
2
-1
1
1
1
-2
0
1
-1
4
0
1
3
0
-1
1
2
0
-2
1
-1
1
0
0
3
0
4
0
-1
0
0
0
1
1
0
-1
5
-2
2
0
0
1
2
0
-1
0
0
-1
0
3
3
0
3
1
3
-2
2
1
5
1
3
1
3
2
1
3
2
2
3
-1
4
2
3
4
3
0
1
1
3
3
4
4
3
1
2
3
0
3
2
2
2
0
5
-1
3
2
2
1
3
2
5
4
4
2
3
2
5
-1
5
2
4
3
2
1
1
5
4
2
5
1
3
5
4
3
4
6
4
3
3
4
3
2
3
2
2
4
5
6
3
3
3
1
4
5
6
6
4
7
10
9
6
7
9
8
9
7
8
9
11
11
10
8
11
8
11
9
8
10
13
9
11
10
11
12
11
11
15
9
10
10
12
10
12
14
15
12
13
13
15
14
14
17
16
17
21
18
19
20
19
21
22
23
23
22
24
26
24
28
27
28
30
30
31
28
35
32
31
35
33
32
29
30
33
30
33
32
32
30
33
30
35
33
34
39
36
36
37
39
39
40
42
40
42
45
43
45
47
47
47
52
53
50
53
59
57
57
64
69
64
71
69
75
73
79
83
81
83
85
87
89
88
89
89
94
90
94
99
95
95
95
100
97
95
96
103
102
101
101
104
108
107
105
111
108
108
109
111
113
114
110
115
117
113
112
114
113
110
105
112
109
106
109
109
113
112
114
116
114
118
119
124
125
128
127
127
130
128
128
130
131
129
130
137
141
136
137
148
149
148
153
158
165
167
171
177
182
197
198
208
214
215
216
229
225
229
230
234
237
235
233
242
242
237
238
241
238
236
232
237
235
229
230
234
234
231
227
235
229
225
224
231
228
229
237
239
241
246
244
252
253
250
255
265
266
270
274
282
282
284
289
296
299
296
299
306
301
299
302
307
303
303
298
308
302
298
302
299
309
305
302
310
317
317
315
329
329
336
343
349
357
355
364
370
367
369
358
360
358
360
359
364
364
361
360
363
369
369
375
385
394
393
402
412
416
427
433
457
463
470
476
486
485
483
483
489
493
485
479
477
467
456
445
443
435
422
415
420
413
405
402
405
410
410
416
428
430
442
449
466
475
484
501
527
544
551
571
589
605
606
633
649
664
676
685
704
721
723
744
763
769
771
785
800
807
802
815
828
833
838
841
848
850
841
828
816
801
784
771
758
745
725
721
714
710
701
702
695
702
708
706
717
727
731
745
772
795
813
839
872
897
923
953
969
984
985
986
998
991
980
976
979
964
955
949
946
935
921
899
905
894
886
870
878
881
873
872
885
890
899
908
927
940
943
957
974
990
992
1009
1027
1046
1048
1065
1086
1096
1095
1108
1121
1133
1136
1134
1154
1155
1141
1114
1119
1109
1082
1065
1052
1028
1000
994
979
972
952
946
938
924
914
916
928
933
927
936
952
949
954
966
963
970
963
960
960
967
955
962
964
960
941
927
933
912
897
876
872
851
829
825
816
801
777
777
780
782
769
773
795
794
790
796
803
812
812
823
839
848
850
865
887
899
911
923
941
951
955
970
989
988
987
1003
1015
1028
1033
1040
1060
1075
1066
1074
1089
1100
1106
1119
1129
1121
1122
1107
1113
1102
1092
1082
1082
1071
1057
1048
1057
1053
1044
1042
1044
1052
1032
1038
1049
1050
1045
1069
1097
1121
1135
1159
1201
1221
1236
1265
1304
1334
1349
1378
1409
1439
1447
1468
1508
1517
1533
1545
1547
1547
1544
1546
1562
1555
1568
1569
1588
1602
1609
1617
1634
1650
1651
1660
1677
1680
1677
1674
1683
1684
1689
1679
1698
1717
1713
1710
1728
1715
1708
1705
1700
1693
1691
1673
1680
1673
1659
1646
1648
1657
1653
1653
1651
1647
1634
1626
1634
1631
1628
1622
1641
1639
1635
1648
1653
1661
1661
1664
1675
1679
1685
1705
1736
1760
1772
1807
1835
1867
1884
1913
1945
1958
1992
2024
2074
2083
2121
2160
2198
2232
2262
2294
2303
2323
2349
2354
2341
2348
2404
2407
2387
2407
2449
2461
2416
2417
2450
2426
2393
2369
2392
2376
2317
2291
2276
2233
2198
2162
2148
2117
2100
2067
2051
2028
2010
1993
1987
1993
1991
1998
1993
1993
1988
1989
1993
1988
1997
1999
2004
2012
2012
2006
2013
2023
2028
2034
2051
2046
2056
2060
2061
2072
2089
2099
2099
2088
2088
2072
2075
2070
2061
2072
2072
2069
2071
2064
2047
2040
2053
2041
2028
2013
2004
1997
1990
1984
1993
1990
1993
1983
1994
1986
1978
1977
1966
1953
1929
1909
1895
1871
1843
1821
1801
1789
1786
1765
1761
1746
1723
1690
1681
1666
1647
1623
1625
1614
1608
1605
1628
1638
1638
1671
1701
1721
1746
1756
1775
1790
1798
1808
1828
1814
1797
1781
1782
1773
1766
1767
1775
1773
1767
1762
1764
1757
1748
1751
1752
1757
1769
1763
1778
1796
1807
1813
1827
1829
1817
1815
1795
1762
1721
1689
1650
1592
1564
1527
1504
1475
1448
1423
1423
1410
1397
1395
1394
1392
1391
1399
1412
1424
1430
1436
1458
1472
1472
1483
1492
1475
1460
1444
1431
1414
1380
1364
1355
1340
1335
1329
1346
1361
1376
1399
1436
1464
1493
1509
1552
1570
1574
1584
1592
1587
1592
1595
1600
1604
1598
1591
1599
1594
1589
1580
1597
1586
1594
1605
1631
1648
1651
1672
1708
1725
1756
1787
1817
1838
1852
1875
1882
1876
1867
1859
1869
1848
1834
1833
1830
1813
1807
1800
1811
1816
1818
1834
1856
1858
1871
1887
1906
1926
1961
1989
2032
2056
2088
2118
2154
2168
2186
2205
2213
2205
2228
2232
2222
2223
2206
2205
2182
2174
2172
2155
2134
2120
2106
2098
2091
2093
2093
2101
2118
2109
2119
2104
2102
2082
2081
2068
2055
2062
2051
2050
2062
2062
2059
2074
2087
2092
2110
2130
2150
2160
2181
2200
2217
2250
2268
2287
2292
2307
2343
2354
2342
2346
2374
2362
2338
2338
2356
2339
2314
2302
2317
2317
2303
2317
2342
2359
2355
2359
2415
2416
2389
2393
2431
2422
2392
2391
2425
2418
2387
2387
2428
2418
2365
2347
2362
2324
2282
2247
2229
2179
2130
2088
2046
2003
1972
1940
1885
1835
1795
1748
1710
1686
1655
1638
1619
1595
1593
1602
1594
1609
1631
1663
1696
1729
1791
1827
1865
1903
1931
1957
1971
1997
2017
2040
2056
2066
2085
2095
2103
2109
2119
2108
2106
2105
2083
2063
2046
2027
2003
1976
1955
1925
1916
1904
1878
1855
1856
1853
1834
1818
1818
1798
1799
1790
1796
1792
1784
1796
1816
1824
1837
1856
1881
1894
1913
1930
1948
1948
1942
1932
1929
1902
1890
1876
1854
1841
1817
1792
1772
1748
1709
1681
1661
1645
1624
1610
1596
1590
1581
1575
1601
1594
1597
1604
1622
1618
1626
1627
1651
1654
1663
1665
1677
1685
1682
1693
1700
1700
1693
1707
1702
1693
1675
1662
1659
1641
1625
1623
1617
1604
1585
1580
1586
1580
1563
1570
1566
1555
1529
1516
1509
1498
1474
1480
1490
1492
1501
1521
1547
1575
1582
1608
1632
1654
1674
1698
1726
1747
1760
1795
1811
1834
1864
1869
1885
1910
1919
1928
1942
1931
1937
1925
1933
1929
1910
1906
1898
1880
1863
1852
1839
1831
1806
1798
1768
1754
1737
1725
1722
1713
1714
1702
1712
1721
1727
1742
1767
1786
1793
1802
1820
1823
1836
1828
1850
1849
1865
1857
1863
1853
1839
1794
1775
1741
1702
1665
1647
1620
1599
1597
1589
1589
1590
1605
1622
1645
1645
1677
1720
1731
1755
1767
1801
1816
1837
1860
1882
1914
1935
1953
1962
1973
1982
1988
2009
2013
2032
2045
2079
2097
2120
2142
2151
2169
2178
2188
2205
2201
2223
2230
2231
2234
2258
2267
2269
2282
2301
2300
2283
2290
2306
2319
2306
2322
2346
2362
2355
2356
2401
2409
2367
2374
2413
2389
2356
2341
2366
2345
2310
2305
2324
2320
2295
2284
2300
2290
2262
2251
2261
2244
2220
2219
2204
2193
2180
2178
2158
2146
2143
2124
2106
2096
2080
2053
2042
2024
2023
2027
2015
2015
2018
2016
2014
1997
1980
1963
1925
1902
1869
1839
1804
1797
1786
1785
1772
1797
1809
1832
1835
1856
1884
1895
1911
1925
1941
1953
1971
1987
2013
1999
1994
1967
1954
1921
1877
1850
1827
1793
1763
1727
1709
1669
1622
1590
1558
1514
1481
1467
1452
1429
1418
1417
1434
1435
1456
1479
1519
1531
1568
1601
1626
1668
1694
1721
1768
1800
1842
1873
1924
1970
2003
2049
2089
2111
2139
2169
2185
2203
2220
2232
2225
2241
2260
2261
2252
2254
2263
2254
2233
2219
2207
2177
2142
2116
2085
2065
2027
2000
1954
1931
1895
1862
1813
1757
1721
1683
1667
1627
1624
1612
1599
1585
1600
1592
1581
1574
1599
1608
1610
1621
1640
1650
1663
1656
1660
1653
1651
1623
1603
1603
1576
1555
1555
1544
1522
1519
1525
1520
1503
1510
1509
1526
1513
1531
1548
1571
1606
1642
1683
1719
1750
1789
1834
1858
1872
1876
1881
1864
1847
1824
1817
1788
1766
1743
1720
1701
1676
1652
1631
1594
1575
1545
1545
1532
1510
1505
1522
1527
1532
1564
1596
1624
1644
1670
1701
1715
1740
1744
1763
1763
1762
1761
1760
1765
1757
1747
1738
1722
1700
1684
1666
1644
1614
1602
1592
1578
1547
1543
1554
1550
1544
1564
1584
1601
1608
1631
1663
1686
1699
1726
1749
1777
1795
1833
1860
1885
1916
1927
1970
1982
2001
2021
2040
2051
2068
2075
2078
2093
2078
2098
2098
2103
2106
2102
2103
2103
2097
2095
2100
2097
2075
2085
2066
2057
2053
2042
2029
2030
2030
2027
2036
2054
2052
2068
2079
2083
2089
2104
2112
2113
2139
2137
2138
2152
2169
2164
2162
2172
2162
2165
2145
2132
2126
2112
2098
2082
2074
2065
2066
2055
2055
2060
2068
2052
2054
2064
2063
2064
2066
2062
2067
2060
2062
2064
2060
2066
2072
2078
2092
2103
2119
2139
2159
2170
2196
2218
2223
2256
2302
2334
2333
2370
2436
2463
2421
2454
2509
2531
2482
2483
2555
2577
2512
2531
2597
2616
2529
2550
2622
2637
2561
2578
2655
2653
2585
2615
2682
2666
2597
2577
2649
2554
2450
2352
2332
2274
2229
2221
2227
2227
2232
2239
2277
2298
2317
2364
2437
2471
2452
2467
2548
2574
2509
2539
2606
2637
2566
2596
2653
2675
2594
2595
2692
2706
2637
2667
2710
2723
2636
2617
2643
2311
2245
2164
2159
2150
2145
2144
2158
2166
2181
2208
2235
2282
2298
2336
2399
2425
2394
2424
2486
2495
2429
2425
2465
2414
2325
2263
2223
2143
2089
2023
1983
1925
1878
1825
1792
1750
1733
1718
1703
1706
1733
1740
1773
1799
1839
1884
1911
1958
1987
2002
2033
2045
2058
2068
2067
2042
2033
2014
1973
1942
1900
1846
1781
1729
1690
1660
1627
1612
1600
1609
1610
1628
1662
1700
1732
1778
1821
1892
1917
1977
2023
2055
2095
2121
2131
2143
2152
2160
2154
2140
2134
2110
2100
2097
2069
2040
2028
1997
1970
1936
1915
1893
1878
1867
1878
1875
1881
1886
1897
1903
1901
1892
1910
1912
1887
1890
1880
1886
1883
1897
1912
1923
1931
1946
1966
1981
1990
2007
2029
2050
2063
2068
2094
2110
2105
2129
2131
2157
2170
2186
2198
2206
2222
2231
2229
2232
2253
2257
2252
2278
2307
2311
2288
2295
2318
2298
2265
2252
2257
2233
2194
2162
2134
2102
2069
2041
2009
1979
1971
1943
1922
1895
1868
1849
1821
1802
1798
1785
1769
1764
1758
1748
1727
1717
1702
1683
1663
1642
1632
1622
1610
1604
1603
1603
1603
1612
1644
1670
1683
1719
1749
1780
1782
1816
1853
1868
1895
1904
1925
1948
1951
1972
1990
1996
2003
2009
2016
2015
2029
2020
2014
2013
2001
1977
1965
1949
1930
1906
1890
1870
1845
1814
1804
1783
1765
1748
1715
1683
1652
1606
1571
1544
1513
1489
1479
1482
1472
1466
1479
1475
1454
1455
1446
1422
1396
1360
1347
1322
1288
1272
1266
1245
1242
1242
1249
1241
1224
1213
1204
1180
1159
1149
1142
1146
1135
1129
1141
1141
1137
1146
1153
1167
1150
1161
1162
1153
1137
1131
1129
1131
1122
1115
1144
1148
1168
1192
1236
1251
1286
1318
1358
1387
1405
1438
1492
1516
1552
1601
1648
1705
1742
1773
1810
1830
1835
1847
1872
1872
1870
1882
1889
1899
1892
1889
1893
1887
1878
1873
1870
1866
1845
1826
1821
1806
1795
1782
1791
1752
1739
1702
1679
1653
1623
1607
1608
1606
1612
1627
1659
1661
1676
1706
1740
1756
1774
1792
1832
1846
1867
1903
1942
1971
1997
2005
2016
2014
1994
1958
1896
1830
1772
1712
1679
1640
1601
1598
1594
1591
1596
1606
1644
1671
1673
1686
1726
1748
1756
1778
1820
1843
1866
1892
1919
1929
1921
1915
1896
1883
1863
1846
1847
1844
1818
1816
1796
1803
1798
1805
1806
1799
1791
1773
1769
1760
1755
1755
1773
1794
1813
1839
1854
1873
1882
1892
1924
1944
1973
1992
2034
2056
2092
2118
2145
2175
2212
2233
2246
2246
2264
2258
2245
2253
2279
2272
2248
2246
2261
2238
2229
2216
2244
2228
2201
2175
2157
2131
2108
2102
2093
2095
2098
2094
2105
2106
2107
2106
2105
2122
2143
2169
2197
2222
2225
2248
2279
2305
2299
2310
2350
2356
2334
2326
2347
2352
2295
2302
2309
2290
2251
2235
2220
2188
2136
2110
2080
2052
2018
1985
1964
1944
1916
1905
1863
1846
1826
1807
1775
1739
1724
1684
1648
1612
1595
1555
1515
1475
1432
1378
1322
1263
1214
1150
1087
1021
963
911
851
800
769
731
702
677
673
673
655
663
678
704
714
743
780
824
858
893
937
966
992
1014
1048
1062
1074
1087
1115
1136
1155
1196
1237
1267
1294
1320
1355
1381
1396
1433
1456
1485
1506
1526
1532
1509
1471
1432
1388
1348
1299
1273
1252
1239
1235
1249
1274
1316
1352
1392
1434
1481
1508
1535
1561
1584
1591
1584
1585
1555
1532
1488
1451
1402
1348
1300
1287
1271
1234
1203
1182
1156
1100
1060
1027
960
904
854
810
771
737
705
694
675
649
644
638
638
626
629
637
649
665
692
728
766
794
837
887
930
971
1020
1069
1113
1156
1194
1238
1277
1316
1350
1385
1411
1436
1450
1481
1494
1500
1516
1520
1521
1527
1521
1522
1519
1518
1530
1536
1537
1541
1532
1553
1545
1549
1539
1542
1541
1546
1553
1556
1563
1554
1562
1573
1596
1603
1608
1635
1631
1625
1629
1625
1613
1615
1616
1626
1628
1617
1620
1632
1622
1616
1618
1630
1635
1637
1654
1659
1646
1641
1631
1632
1633
1624
1615
1623
1628
1610
1611
1606
1583
1546
1525
1527
1528
1532
1534
1550
1555
1564
1579
1608
1631
1658
1661
1685
1702
1713
1711
1712
1707
1699
1689
1703
1701
1701
1696
1709
1701
1692
1709
1704
1701
1709
1697
1712
1717
1708
1698
1706
1703
1701
1713
1724
1725
1718
1721
1734
1722
1727
1728
1738
1734
1711
1705
1711
1684
1676
1657
1639
1628
1614
1610
1598
1589
1565
1555
1558
1553
1548
1541
1561
1574
1573
1584
1611
1637
1645
1647
1668
1669
1692
1707
1728
1742
1734
1743
1746
1741
1701
1650
1612
1563
1534
1502
1497
1484
1455
1445
1462
1473
1462
1484
1512
1523
1512
1510
1533
1532
1544
1566
1585
1607
1618
1635
1658
1659
1650
1622
1591
1542
1501
1470
1464
1455
1461
1451
1476
1483
1495
1506
1523
1535
1528
1525
1512
1498
1480
1469
1466
1473
1460
1461
1474
1468
1454
1459
1462
1467
1460
1463
1478
1470
1472
1473
1469
1472
1470
1476
1510
1516
1521
1519
1525
1512
1499
1494
1489
1486
1470
1447
1430
1414
1385
1357
1352
1358
1354
1383
1414
1433
1440
1443
1456
1461
1450
1453
1465
1459
1443
1452
1459
1462
1458
1479
1491
1496
1499
1507
1525
1513
1517
1508
1506
1488
1467
1464
1453
1435
1443
1440
1451
1464
1487
1495
1499
1505
1487
1480
1472
1466
1441
1428
1414
1391
1384
1368
1354
1335
1305
1273
1261
1235
1198
1172
1158
1139
1122
1112
1109
1099
1093
1085
1094
1093
1094
1099
1113
1114
1115
1131
1144
1157
1165
1184
1208
1216
1211
1203
1210
1207
1207
1200
1192
1174
1160
1145
1147
1128
1106
1090
1087
1074
1063
1058
1067
1066
1066
1072
1084
1087
1084
1096
1109
1125
1118
1127
1125
1130
1125
1125
1126
1115
1102
1104
1098
1085
1087
1082
1078
1078
1059
1057
1058
1056
1044
1035
1025
1005
996
979
980
963
941
936
930
932
915
920
916
922
909
906
919
920
925
920
931
928
934
942
953
944
944
935
940
914
909
895
895
882
870
871
873
862
850
848
847
841
828
815
824
818
806
806
821
821
812
817
819
831
822
814
804
795
784
774
776
771
758
757
757
754
742
747
747
744
732
725
730
727
720
713
725
735
737
737
752
738
719
722
736
727
733
742
746
751
733
740
743
743
731
729
738
735
725
720
725
708
683
673
673
665
652
646
643
636
623
627
628
633
618
615
612
610
604
603
597
606
601
602
616
614
614
612
622
619
606
603
610
614
605
609
612
610
603
596
595
591
585
575
586
582
568
575
586
581
572
565
569
558
562
565
577
582
576
580
580
590
582
584
598
592
581
576
572
567
556
552
556
553
544
534
539
525
514
516
515
515
507
514
514
514
511
520
523
529
534
546
556
539
530
519
525
527
526
545
558
566
566
564
573
577
564
572
573
569
557
556
561
559
553
549
556
550
542
537
543
535
519
504
504
502
483
486
488
492
481
475
482
462
449
436
431
412
400
396
394
385
377
382
391
393
390
402
420
422
413
415
427
427
417
418
430
440
440
442
458
464
460
466
475
475
474
472
477
472
465
467
468
459
458
460
475
478
474
477
478
475
476
475
489
493
493
493
506
507
511
522
509
257
-6
-4
-5
-5
-6
-6
-5
-5
424
422
-6
-5
-6
-5
-5

