;UFOS3
;Measurement details: channel = Z-D, date = 12.09.2015, time = 06:07:54
Exposure=533
Gain=0
Temperature=25.2
Accummulate=4
2.852261276133322 mu
2.9313107705390853 amas
20.038 hs
252 ozone
147556 uva
3286 uvb
594 uve
[Value]
-5
-4
-5
-6
-4
-3
-3
-4
-7
-6
-3
-6
-5
-4
-7
-8
-6
-3
-4
-6
-5
-2
-2
-5
-2
2
-3
2
0
-1
4
-2
1
-1
2
-4
1
-3
0
0
0
2
0
3
-2
-1
-1
1
0
0
1
0
0
-1
0
3
-3
-1
1
1
-1
-1
0
1
-3
1
-2
-2
-1
-3
0
1
1
0
-2
-3
0
0
-1
-2
-3
-2
-1
0
-1
-2
1
1
1
0
1
-3
-3
-1
1
-1
1
-1
0
1
1
0
-2
-2
-2
-2
0
1
0
-2
-1
-1
0
0
-1
1
-1
-2
0
0
3
0
-1
-1
1
-1
-1
0
2
-2
-1
2
-2
0
2
-2
-1
0
1
-3
1
1
2
3
-1
0
-1
-2
0
-1
-1
1
1
0
2
-1
1
-2
-1
2
-1
-1
0
-6
0
-2
0
-3
0
-3
1
-2
1
1
3
-1
-3
1
1
0
1
0
-1
-3
-2
-1
0
-1
-2
0
1
-1
-1
0
0
0
0
-2
-3
-3
-1
0
-2
-2
1
0
-2
0
0
0
-1
2
2
-2
-1
-1
-2
-2
1
-4
0
-3
1
1
-1
-2
-3
1
0
0
0
1
2
-1
0
-4
2
1
2
-1
-2
0
0
1
0
-2
-3
-2
0
0
-4
-3
0
-1
3
-2
1
0
-3
-4
-2
0
-2
1
3
2
-1
-1
0
-3
1
2
0
-2
0
-3
1
2
1
-1
2
-1
-1
-1
-1
-1
-1
1
1
0
1
0
-3
-1
-2
-3
1
1
0
-1
-3
2
-1
2
-1
-2
0
-3
-2
-1
0
-1
2
-1
0
1
0
0
2
0
1
1
-3
-2
-1
-2
-2
1
1
2
1
-2
0
0
-2
1
2
1
2
-3
3
1
0
-2
-1
-2
1
0
-1
1
1
0
-1
-2
-1
1
-1
1
1
0
-1
-2
1
-2
0
2
-1
0
0
-1
-2
-1
-2
0
-1
1
1
-1
4
-1
0
-1
0
-2
0
0
2
-1
1
0
-3
-1
0
-1
1
1
0
2
1
3
-2
0
-1
-4
0
0
1
-1
0
1
1
-2
1
-1
0
0
-1
-1
0
-2
-1
-1
0
-2
1
-2
-1
0
0
0
-1
-1
0
-1
0
-2
-2
-1
1
2
-1
-1
-1
-1
-1
0
-1
0
-3
1
2
1
-3
0
0
-2
0
0
0
0
0
0
1
-1
-1
0
1
0
-3
-2
-2
0
1
1
0
-1
1
0
1
-2
-1
2
0
1
-1
1
-1
-3
4
1
-4
1
0
1
4
-1
1
1
0
2
3
2
1
0
2
0
2
2
0
1
2
1
2
1
-1
0
0
2
0
1
2
0
1
1
2
-1
1
2
0
-1
0
2
-1
-1
1
7
-2
1
2
0
1
2
1
5
0
2
1
2
3
1
2
0
2
3
0
2
1
3
3
4
3
1
2
2
3
2
2
2
4
1
2
2
3
0
3
2
5
3
5
5
3
2
2
6
3
2
5
6
3
6
1
1
4
3
3
4
6
4
5
4
2
5
3
2
4
5
2
3
4
4
4
4
7
5
6
5
6
4
7
8
8
8
6
10
8
10
8
11
13
10
11
9
10
10
13
12
11
10
10
12
13
15
10
12
13
13
13
12
13
15
16
14
15
14
17
14
15
13
15
13
17
18
18
19
18
20
21
19
21
22
22
23
23
25
24
27
28
30
31
30
30
32
34
36
34
34
34
36
35
33
38
34
35
35
35
35
37
35
34
34
35
36
41
40
39
41
39
40
41
43
47
44
48
43
49
49
48
49
53
53
61
56
58
61
62
62
69
73
71
71
78
78
80
84
88
87
90
88
92
95
96
97
96
96
97
102
102
104
101
102
105
104
101
102
104
106
112
108
115
116
115
114
116
117
114
118
118
121
118
119
125
120
118
119
121
113
116
110
111
112
113
113
118
119
118
120
120
120
125
123
130
130
132
132
137
135
134
131
139
138
137
138
145
144
145
146
152
156
157
163
166
171
174
181
186
196
200
207
215
223
225
230
240
240
240
242
248
248
243
251
251
255
251
252
251
252
247
244
248
244
242
235
243
243
242
239
240
239
240
235
240
245
241
244
251
254
254
256
262
264
266
268
274
280
279
283
294
299
296
297
308
313
305
311
318
314
316
310
314
312
310
312
317
317
313
308
314
315
317
313
321
325
329
331
342
341
343
352
363
369
370
377
381
381
377
370
377
373
369
368
376
378
372
372
374
381
384
393
400
405
410
412
422
426
439
451
467
485
485
495
505
499
499
500
502
508
497
495
496
479
467
457
456
456
436
432
432
427
418
416
419
419
425
427
440
446
453
463
480
489
498
516
536
557
576
589
614
621
628
642
659
683
690
707
728
737
743
760
784
789
795
802
823
820
825
832
848
861
852
859
870
868
856
844
841
821
804
791
773
765
754
738
737
731
718
722
719
720
723
720
734
745
746
769
789
804
832
853
891
917
941
967
990
999
999
1001
1017
1016
1002
991
997
983
974
973
969
950
941
923
921
911
899
893
896
899
886
894
903
908
916
932
950
962
965
973
1002
1007
1017
1030
1052
1067
1070
1093
1105
1117
1118
1125
1143
1155
1159
1153
1174
1169
1158
1135
1136
1123
1103
1086
1067
1047
1023
1011
998
978
964
953
957
936
936
928
945
947
944
952
968
966
972
974
985
985
982
976
976
981
979
975
980
981
961
946
949
933
911
901
885
866
853
837
827
814
793
785
793
799
794
798
804
806
804
805
815
825
830
837
852
859
869
873
902
911
917
938
957
967
965
976
997
1006
1000
1014
1031
1035
1046
1050
1071
1077
1083
1087
1106
1116
1127
1127
1135
1143
1130
1122
1128
1119
1104
1103
1095
1084
1077
1067
1073
1069
1052
1054
1061
1065
1047
1045
1062
1061
1065
1086
1114
1131
1153
1181
1207
1226
1256
1282
1314
1347
1361
1391
1432
1452
1467
1489
1517
1543
1550
1560
1567
1568
1566
1555
1572
1586
1592
1581
1601
1616
1629
1635
1652
1663
1667
1683
1696
1697
1690
1684
1701
1702
1708
1701
1715
1724
1730
1728
1739
1732
1722
1717
1719
1711
1710
1697
1691
1693
1667
1669
1674
1677
1675
1668
1673
1666
1651
1650
1647
1648
1652
1644
1660
1658
1658
1672
1684
1674
1672
1673
1680
1694
1700
1719
1744
1774
1793
1817
1849
1876
1898
1922
1952
1974
2012
2046
2079
2111
2143
2180
2214
2246
2277
2304
2319
2340
2369
2381
2353
2362
2417
2434
2404
2423
2467
2477
2428
2429
2465
2454
2411
2382
2415
2387
2338
2301
2301
2256
2220
2184
2169
2135
2119
2084
2067
2042
2033
2007
2011
2012
2010
2003
2013
2008
2007
2014
2012
2000
2010
2023
2023
2026
2035
2030
2042
2046
2037
2052
2056
2071
2067
2082
2082
2097
2103
2110
2113
2112
2114
2097
2089
2087
2084
2078
2084
2079
2088
2078
2062
2063
2061
2053
2049
2032
2019
2002
1998
1995
2000
1993
1996
2001
2009
1997
1998
1996
1987
1966
1942
1924
1916
1874
1859
1831
1823
1806
1793
1786
1771
1772
1727
1699
1696
1679
1660
1653
1639
1615
1620
1606
1633
1645
1664
1681
1707
1732
1759
1765
1791
1810
1810
1830
1838
1827
1815
1797
1801
1778
1778
1773
1796
1777
1787
1776
1770
1770
1760
1755
1764
1764
1775
1773
1796
1812
1821
1826
1848
1842
1835
1828
1814
1775
1738
1696
1662
1610
1571
1529
1509
1484
1458
1439
1429
1430
1409
1390
1406
1411
1392
1409
1418
1433
1437
1450
1470
1479
1486
1498
1494
1488
1469
1454
1445
1428
1395
1372
1357
1343
1340
1337
1351
1374
1375
1410
1442
1465
1507
1516
1550
1581
1577
1587
1599
1603
1594
1602
1608
1607
1619
1599
1603
1602
1594
1595
1600
1600
1602
1617
1637
1664
1656
1688
1714
1735
1765
1794
1827
1859
1865
1874
1890
1888
1889
1878
1869
1865
1844
1844
1840
1825
1820
1807
1825
1818
1833
1842
1866
1875
1878
1893
1913
1939
1976
1997
2046
2072
2104
2135
2159
2180
2193
2212
2228
2221
2239
2239
2234
2226
2233
2213
2194
2193
2190
2171
2136
2125
2119
2111
2097
2108
2108
2124
2133
2121
2128
2119
2113
2096
2093
2078
2067
2072
2062
2067
2077
2069
2072
2086
2100
2101
2130
2133
2157
2166
2191
2216
2234
2255
2286
2305
2304
2313
2355
2368
2338
2358
2382
2381
2352
2351
2371
2356
2323
2322
2331
2323
2314
2318
2356
2371
2359
2369
2415
2430
2394
2395
2439
2435
2410
2401
2438
2426
2399
2397
2441
2434
2377
2361
2375
2340
2290
2260
2237
2191
2136
2107
2069
2019
1983
1942
1884
1847
1806
1766
1717
1698
1662
1640
1622
1609
1603
1615
1596
1620
1644
1675
1712
1735
1796
1836
1873
1907
1940
1968
1984
2003
2034
2048
2065
2078
2101
2092
2115
2113
2132
2130
2112
2107
2088
2073
2058
2025
2011
1993
1964
1930
1924
1909
1894
1878
1859
1854
1844
1837
1824
1812
1811
1797
1802
1809
1797
1801
1825
1836
1848
1862
1881
1898
1923
1932
1953
1948
1945
1945
1937
1920
1900
1875
1854
1849
1819
1794
1774
1746
1708
1683
1676
1653
1632
1615
1613
1597
1597
1584
1599
1599
1607
1616
1633
1633
1632
1637
1646
1656
1669
1665
1684
1689
1684
1696
1707
1713
1708
1707
1710
1701
1681
1676
1668
1651
1638
1629
1619
1604
1593
1592
1584
1581
1579
1571
1574
1555
1539
1520
1522
1507
1479
1485
1491
1500
1506
1525
1558
1571
1596
1617
1635
1660
1668
1698
1730
1760
1766
1796
1822
1846
1857
1867
1904
1910
1923
1933
1950
1944
1946
1937
1941
1934
1917
1913
1903
1898
1866
1864
1844
1825
1814
1799
1779
1761
1744
1737
1719
1720
1717
1705
1717
1735
1727
1750
1776
1784
1789
1808
1821
1831
1836
1834
1855
1872
1864
1865
1874
1864
1843
1805
1778
1740
1713
1676
1651
1626
1595
1592
1593
1590
1598
1594
1631
1647
1665
1680
1715
1738
1760
1774
1800
1815
1838
1866
1886
1920
1940
1955
1978
1969
1991
2000
2011
2023
2035
2056
2082
2107
2132
2140
2163
2177
2182
2205
2207
2215
2229
2231
2237
2246
2263
2276
2277
2285
2318
2303
2290
2299
2318
2329
2312
2322
2360
2360
2355
2359
2406
2411
2367
2375
2420
2399
2365
2354
2368
2353
2318
2320
2333
2329
2304
2288
2312
2290
2273
2257
2266
2249
2239
2223
2219
2198
2182
2176
2173
2161
2140
2129
2114
2098
2085
2065
2044
2047
2027
2026
2017
2023
2028
2026
2022
2012
1989
1955
1932
1904
1874
1840
1807
1795
1784
1783
1792
1799
1820
1836
1841
1856
1878
1890
1906
1930
1947
1971
1981
1991
2010
2003
2006
1975
1963
1922
1892
1852
1829
1800
1768
1734
1711
1674
1640
1590
1552
1525
1492
1464
1457
1437
1425
1414
1431
1446
1459
1481
1511
1547
1582
1604
1641
1675
1702
1735
1774
1811
1838
1881
1933
1973
2012
2051
2094
2115
2136
2184
2189
2206
2227
2241
2236
2246
2268
2263
2261
2260
2271
2270
2237
2219
2206
2182
2157
2118
2090
2062
2034
1999
1973
1941
1896
1868
1814
1760
1722
1693
1661
1627
1623
1614
1605
1582
1595
1602
1586
1593
1596
1616
1611
1628
1641
1653
1666
1660
1664
1661
1647
1625
1614
1609
1574
1552
1560
1541
1522
1518
1529
1521
1504
1521
1517
1525
1520
1537
1550
1574
1610
1647
1680
1727
1761
1793
1831
1867
1878
1881
1884
1867
1845
1833
1812
1792
1771
1747
1724
1707
1683
1646
1633
1592
1569
1554
1539
1525
1507
1503
1515
1528
1539
1564
1598
1617
1649
1682
1712
1723
1741
1750
1765
1775
1762
1765
1770
1768
1753
1751
1748
1728
1702
1686
1682
1648
1618
1594
1589
1572
1553
1552
1549
1549
1554
1570
1580
1607
1619
1632
1666
1688
1708
1727
1751
1780
1801
1830
1873
1898
1921
1941
1963
1987
2011
2027
2035
2058
2059
2074
2093
2091
2092
2101
2097
2106
2105
2108
2106
2112
2106
2106
2108
2102
2085
2092
2073
2068
2054
2039
2034
2028
2039
2026
2038
2052
2051
2072
2082
2085
2091
2111
2106
2121
2131
2147
2140
2158
2159
2160
2173
2167
2172
2165
2151
2133
2129
2107
2098
2089
2066
2070
2072
2065
2063
2061
2067
2062
2057
2059
2067
2075
2061
2065
2058
2063
2068
2063
2073
2075
2074
2073
2098
2106
2123
2144
2159
2174
2210
2213
2229
2270
2308
2334
2337
2363
2434
2463
2424
2454
2515
2536
2488
2484
2558
2581
2515
2529
2599
2614
2531
2550
2626
2638
2566
2575
2656
2649
2584
2615
2680
2667
2601
2583
2657
2566
2471
2357
2347
2276
2242
2228
2225
2211
2227
2240
2278
2310
2323
2363
2442
2468
2458
2471
2550
2576
2513
2540
2612
2637
2569
2594
2652
2676
2594
2596
2688
2701
2637
2667
2716
2723
2637
2623
2651
2323
2250
2158
2158
2157
2150
2143
2163
2160
2182
2207
2238
2283
2301
2333
2397
2427
2396
2426
2488
2497
2432
2425
2467
2414
2331
2267
2223
2145
2087
2031
1986
1927
1877
1831
1793
1758
1733
1715
1704
1705
1736
1744
1778
1797
1843
1881
1919
1961
1993
2008
2037
2051
2049
2064
2064
2058
2037
2010
1987
1940
1899
1845
1789
1739
1700
1657
1621
1601
1609
1606
1613
1629
1662
1704
1734
1778
1830
1880
1915
1980
2022
2051
2090
2127
2133
2143
2164
2156
2148
2141
2134
2112
2104
2090
2073
2046
2031
1998
1972
1938
1919
1901
1876
1879
1876
1876
1876
1891
1903
1909
1898
1903
1914
1904
1892
1893
1876
1887
1885
1888
1917
1919
1932
1949
1968
1981
1997
2012
2035
2054
2070
2075
2100
2114
2113
2131
2139
2148
2176
2187
2201
2208
2227
2241
2243
2243
2253
2264
2262
2280
2314
2308
2291
2308
2317
2306
2271
2266
2263
2237
2209
2171
2140
2104
2059
2041
2010
1995
1964
1950
1909
1889
1879
1849
1829
1804
1794
1789
1773
1765
1762
1751
1735
1720
1705
1683
1660
1648
1636
1633
1608
1606
1603
1608
1602
1617
1650
1666
1687
1716
1749
1785
1801
1815
1851
1872
1892
1913
1931
1956
1963
1974
1991
1999
2006
2009
2022
2019
2024
2023
2019
2010
2002
1984
1980
1953
1936
1913
1890
1879
1842
1828
1813
1790
1755
1739
1719
1691
1646
1614
1577
1544
1511
1491
1486
1479
1471
1472
1484
1477
1465
1447
1443
1429
1399
1358
1354
1327
1290
1275
1272
1256
1249
1240
1247
1244
1231
1218
1207
1188
1167
1151
1153
1144
1134
1134
1140
1148
1142
1151
1159
1162
1156
1158
1164
1152
1144
1134
1134
1127
1122
1121
1135
1148
1169
1192
1231
1258
1292
1320
1360
1387
1413
1444
1485
1520
1555
1603
1651
1707
1744
1771
1808
1829
1844
1859
1867
1868
1879
1887
1895
1892
1896
1890
1898
1878
1880
1876
1872
1858
1842
1837
1830
1807
1803
1786
1778
1763
1733
1707
1681
1658
1623
1616
1610
1608
1615
1633
1653
1669
1686
1711
1741
1761
1770
1800
1826
1859
1875
1906
1950
1968
1997
2016
2015
2024
1998
1960
1900
1845
1775
1724
1682
1640
1609
1597
1592
1590
1594
1606
1642
1662
1680
1692
1724
1740
1757
1784
1823
1857
1874
1906
1929
1930
1922
1924
1891
1881
1867
1847
1851
1845
1830
1806
1808
1804
1795
1800
1805
1806
1787
1780
1771
1765
1751
1759
1769
1805
1815
1846
1854
1885
1888
1889
1926
1941
1970
2004
2029
2056
2091
2117
2147
2182
2218
2235
2240
2253
2267
2263
2247
2257
2273
2265
2245
2244
2260
2241
2230
2233
2246
2229
2202
2182
2156
2134
2112
2106
2092
2095
2102
2104
2112
2110
2108
2113
2122
2130
2149
2177
2199
2228
2235
2253
2288
2312
2304
2312
2356
2354
2334
2327
2357
2349
2305
2304
2317
2296
2259
2233
2222
2184
2150
2110
2081
2047
2020
1990
1962
1947
1919
1898
1874
1854
1839
1809
1776
1752
1725
1694
1649
1611
1593
1559
1510
1471
1438
1383
1325
1268
1215
1155
1087
1019
960
909
853
799
772
730
700
679
673
675
659
667
685
702
718
744
792
824
858
897
935
971
997
1021
1046
1075
1079
1083
1119
1135
1157
1191
1237
1274
1304
1327
1363
1378
1398
1422
1462
1486
1515
1533
1533
1511
1476
1432
1388
1353
1307
1275
1258
1241
1228
1245
1263
1315
1352
1393
1439
1486
1507
1535
1567
1585
1587
1584
1585
1562
1530
1491
1457
1406
1345
1319
1291
1272
1237
1208
1189
1152
1104
1065
1020
970
905
854
814
771
733
702
697
675
653
644
640
635
628
631
647
654
666
694
729
765
792
830
891
931
977
1023
1072
1124
1151
1200
1250
1286
1309
1349
1389
1412
1442
1457
1485
1504
1503
1519
1531
1529
1528
1526
1528
1518
1523
1520
1538
1546
1540
1546
1548
1546
1535
1541
1541
1547
1546
1546
1560
1569
1562
1570
1583
1602
1601
1619
1641
1632
1631
1618
1622
1611
1614
1615
1626
1627
1621
1625
1632
1622
1619
1618
1631
1634
1637
1655
1663
1656
1645
1635
1637
1632
1622
1617
1618
1619
1619
1609
1610
1587
1547
1522
1524
1529
1537
1535
1550
1552
1565
1579
1611
1632
1646
1665
1688
1703
1715
1711
1714
1706
1695
1692
1706
1705
1696
1698
1711
1704
1699
1706
1716
1702
1711
1700
1708
1720
1717
1701
1710
1712
1707
1709
1727
1727
1724
1728
1731
1734
1734
1731
1745
1737
1719
1703
1707
1691
1675
1649
1641
1623
1615
1608
1601
1593
1571
1563
1559
1563
1557
1552
1567
1575
1572
1586
1617
1636
1654
1653
1671
1676
1694
1703
1733
1742
1742
1746
1755
1740
1702
1658
1608
1571
1534
1511
1502
1482
1466
1445
1457
1471
1466
1483
1509
1512
1504
1524
1525
1535
1547
1564
1584
1605
1628
1636
1655
1664
1646
1623
1589
1546
1495
1464
1462
1456
1453
1462
1479
1488
1491
1509
1527
1545
1536
1533
1520
1496
1486
1476
1481
1474
1463
1461
1460
1476
1473
1446
1470
1467
1466
1460
1464
1471
1466
1481
1475
1470
1465
1480
1506
1516
1524
1521
1527
1508
1496
1494
1492
1485
1476
1442
1436
1415
1388
1359
1362
1355
1360
1385
1410
1432
1444
1447
1453
1469
1451
1460
1471
1462
1440
1450
1453
1463
1458
1483
1498
1497
1499
1507
1521
1523
1517
1507
1510
1485
1473
1463
1454
1433
1434
1443
1458
1479
1486
1496
1504
1498
1493
1477
1475
1462
1445
1427
1420
1399
1383
1364
1351
1335
1304
1278
1261
1234
1195
1173
1159
1136
1114
1111
1108
1111
1099
1092
1105
1104
1090
1098
1107
1118
1119
1126
1144
1159
1171
1185
1203
1206
1215
1206
1207
1207
1213
1194
1194
1184
1163
1156
1147
1125
1104
1092
1086
1082
1066
1058
1059
1069
1064
1060
1087
1090
1087
1102
1111
1116
1125
1125
1128
1131
1127
1124
1124
1122
1112
1097
1100
1098
1082
1090
1088
1079
1066
1050
1053
1052
1042
1031
1026
1013
989
982
987
968
950
932
933
932
920
922
923
924
913
906
920
915
927
918
937
932
931
946
954
949
939
935
937
921
906
894
897
877
872
867
869
862
856
845
848
841
827
819
818
814
806
805
818
826
816
815
831
830
823
807
806
790
778
780
780
768
761
753
758
753
741
750
752
740
730
726
733
725
718
717
725
736
737
735
748
736
727
726
733
733
733
739
744
744
733
736
743
743
730
729
735
732
727
715
713
702
683
678
678
667
653
641
644
636
625
627
629
633
622
618
618
609
600
599
605
602
602
610
609
617
613
615
616
616
611
604
608
610
607
611
614
612
603
593
599
592
583
579
586
578
572
570
584
582
569
566
564
563
558
568
575
578
572
581
587
590
584
593
596
595
584
580
575
565
558
558
552
551
541
538
542
530
523
513
514
517
505
511
517
516
515
521
529
530
537
539
547
542
529
523
528
531
533
549
556
562
563
565
579
580
571
567
572
567
556
558
562
557
552
551
549
549
541
539
548
539
520
510
505
494
478
480
491
492
485
474
477
467
448
440
434
414
398
396
397
384
377
378
393
391
388
402
417
418
417
420
430
421
421
423
431
439
440
442
459
465
460
465
478
477
474
476
478
472
464
463
464
471
461
463
476
472
476
471
476
479
478
475
486
493
490
495
510
511
514
525
519
260
-6
-5
-7
-6
-6
-5
-6
-6
422
424
-5
-5
-4
-5
-5

