;UFOS3
;Measurement details: channel = D, date = 12.09.2015, time = 06:28:44
Exposure=394
Gain=0
Temperature=25.5
Accummulate=4
2.58927566526792 mu
2.645292602375229 amas
22.285 hs
0 ozone
25083 uva
10368 uvb
8550 uve
[Value]
-4
255
255
254
255
256
255
256
268
264
304
304
263
264
310
310
270
268
308
318
264
273
324
313
268
268
334
328
274
271
330
315
275
272
320
312
270
269
320
322
271
271
313
318
267
268
331
327
276
274
324
325
266
271
332
328
266
269
328
333
268
275
322
338
271
270
333
317
270
270
312
332
272
275
320
323
266
269
318
319
272
273
336
320
267
271
322
325
269
273
322
331
268
269
323
319
270
268
317
332
273
270
320
327
269
274
334
321
270
272
332
317
271
271
321
329
272
267
315
321
265
268
325
326
269
276
318
314
266
273
327
335
266
271
319
330
265
270
321
322
269
267
326
331
270
273
322
336
269
273
335
332
268
268
324
324
268
271
328
329
267
272
324
320
275
275
325
332
270
269
320
339
269
273
318
329
269
272
325
323
268
273
344
322
272
271
313
316
271
269
319
331
268
273
326
324
270
269
317
327
270
270
318
319
269
270
318
324
268
274
317
317
274
271
329
326
268
269
321
329
270
270
318
332
266
273
324
321
270
272
326
318
271
272
315
325
276
271
334
318
268
269
316
327
269
271
325
324
270
267
324
321
271
270
316
325
270
274
355
324
268
270
330
318
269
267
334
320
266
269
322
315
263
274
323
322
272
265
327
320
269
272
330
325
271
269
334
321
274
268
325
321
268
271
324
319
266
272
324
321
262
268
328
322
269
270
331
326
274
272
321
327
265
270
332
314
277
271
327
319
271
269
328
334
266
267
333
328
271
270
314
322
268
268
327
319
269
269
323
317
267
273
321
331
270
274
321
333
266
273
326
325
271
271
312
320
272
271
317
318
268
276
322
315
267
272
313
323
270
266
329
326
269
271
321
322
270
273
329
326
269
272
320
317
270
271
326
326
269
273
334
319
266
269
322
329
273
273
331
326
269
270
325
336
273
275
329
321
266
274
328
323
271
276
328
329
272
268
322
326
268
273
322
329
271
268
309
325
266
271
323
322
267
268
318
331
267
272
322
322
273
268
329
319
269
268
324
331
267
271
326
342
269
270
322
318
268
274
323
326
271
270
318
317
266
267
330
314
268
268
317
324
271
272
322
320
271
272
317
322
271
267
317
330
262
270
324
328
268
279
328
322
265
274
316
317
270
267
315
327
272
271
325
320
268
269
312
330
265
273
330
332
272
269
322
327
270
269
324
328
267
270
325
329
269
269
321
327
271
271
325
323
271
272
321
319
270
272
325
321
277
271
318
319
269
271
321
333
266
270
315
315
270
270
322
317
269
270
334
321
277
273
327
339
270
273
313
328
271
269
328
325
270
271
323
318
271
269
325
327
267
270
326
331
271
269
324
322
269
273
314
325
268
276
318
329
266
273
321
326
267
272
317
314
274
272
324
326
265
271
331
325
270
272
325
324
274
271
324
319
270
277
332
325
273
272
323
331
276
276
329
314
265
266
316
317
267
268
321
338
268
276
327
325
267
272
313
323
274
273
336
327
269
274
330
324
270
269
325
326
264
271
329
320
266
273
332
328
272
274
323
317
264
271
318
321
265
271
324
325
271
273
330
318
267
272
330
338
271
274
323
314
270
271
321
321
274
274
315
326
271
269
335
328
267
270
318
322
270
274
334
316
273
271
309
327
268
273
325
326
269
270
325
320
269
272
315
316
267
275
328
328
268
275
335
311
269
270
314
317
273
267
322
322
266
269
320
321
267
270
322
318
265
272
321
327
271
274
322
328
276
269
323
321
270
272
317
322
269
270
343
317
269
273
322
319
273
273
323
323
269
274
340
326
272
274
318
317
268
272
335
327
268
274
323
317
268
272
324
324
270
271
328
331
267
267
327
321
272
271
334
327
269
272
313
309
267
269
325
317
269
273
324
316
269
269
321
330
270
269
326
326
266
274
322
320
271
271
319
314
274
267
318
330
270
268
329
317
272
274
326
322
266
268
322
324
272
272
336
326
268
272
312
332
267
274
338
328
271
267
324
328
271
274
328
316
267
271
340
318
268
275
328
323
269
274
325
320
273
271
321
320
274
270
334
318
270
273
323
323
269
278
317
327
276
272
338
322
265
273
328
322
274
274
320
317
266
272
318
329
268
274
316
320
271
269
317
338
271
271
329
324
269
271
332
321
274
270
316
327
265
272
318
326
275
271
320
317
273
273
332
325
269
268
329
320
270
270
336
324
265
271
325
323
270
277
331
326
277
275
314
325
265
271
318
323
268
272
327
323
269
271
328
316
267
266
320
328
269
276
325
329
268
299
322
329
265
271
319
322
267
267
322
321
268
271
309
324
269
272
325
325
272
267
325
326
270
268
323
330
271
271
330
326
270
273
338
324
268
277
323
322
267
273
318
318
273
272
321
333
268
274
319
323
266
275
328
322
267
271
321
337
266
272
331
319
269
268
329
319
268
275
329
319
270
273
319
334
267
270
319
324
269
274
320
329
271
268
320
322
270
270
325
316
268
276
328
317
270
270
332
327
267
272
326
332
272
269
330
322
264
272
318
325
270
271
322
331
272
270
330
318
266
270
314
331
271
269
330
331
269
277
323
322
271
269
325
320
270
275
318
324
271
275
314
317
267
268
332
323
269
269
318
353
271
270
329
313
273
271
324
327
273
274
322
327
267
273
320
340
268
274
316
317
269
274
323
321
266
273
325
319
273
269
322
334
265
269
307
322
269
270
325
318
266
274
323
317
272
270
318
314
268
272
323
324
268
275
322
329
270
269
327
321
272
268
323
333
269
267
327
313
271
272
330
329
271
273
320
326
269
270
317
328
269
275
329
327
276
268
325
331
268
268
330
331
269
270
322
328
268
278
332
313
270
272
320
331
267
271
324
341
270
269
323
322
269
271
315
334
271
272
330
319
267
272
327
320
267
270
319
323
269
272
335
330
269
274
323
316
266
267
326
318
271
271
322
322
269
275
325
319
269
273
328
336
271
273
324
325
267
273
323
319
270
268
317
329
270
272
328
322
271
269
331
325
267
270
329
325
269
267
328
326
268
277
323
331
269
271
338
325
268
282
321
325
270
272
329
315
267
269
331
327
272
272
326
323
270
270
318
326
268
271
306
320
268
271
322
333
268
274
323
336
267
268
320
315
268
271
332
328
269
270
331
322
280
271
328
327
269
269
320
332
267
275
331
322
269
275
330
320
268
266
327
324
271
273
313
329
287
270
327
321
268
274
319
323
269
275
318
327
266
273
320
327
266
269
318
330
272
270
327
324
267
273
330
322
271
274
334
326
269
275
307
330
271
277
327
332
270
271
321
330
264
270
320
325
271
273
327
318
270
273
325
316
273
275
327
322
268
273
317
327
274
271
322
327
272
275
325
323
269
271
315
321
269
273
338
330
267
273
333
319
269
269
319
325
269
272
329
325
268
277
314
327
269
274
324
331
266
278
322
333
268
270
324
332
269
274
331
332
267
276
325
335
266
271
334
319
269
272
332
323
268
271
320
322
268
275
316
319
270
272
316
333
272
272
327
316
268
274
329
324
269
275
317
324
268
274
322
322
273
274
319
322
266
270
320
329
267
271
327
327
268
270
338
329
269
270
334
321
267
273
327
341
267
273
318
329
268
270
324
325
269
273
325
316
270
271
334
338
270
275
323
343
269
272
325
319
270
277
332
325
266
270
332
330
269
268
319
318
269
270
324
320
270
275
323
326
272
270
323
324
264
271
324
327
269
272
313
325
274
270
315
311
268
271
328
333
264
272
326
325
270
269
324
325
270
273
325
318
263
274
325
324
269
269
312
324
266
268
329
327
273
270
327
316
269
271
321
318
269
273
323
321
268
269
329
331
267
271
327
327
267
273
332
326
268
270
327
315
277
272
331
328
267
269
318
323
273
269
330
324
268
270
322
313
274
274
319
325
341
277
325
328
265
278
327
325
272
273
324
318
266
268
325
324
265
269
324
324
271
274
323
326
271
275
321
325
271
270
329
327
268
273
326
321
271
272
335
315
274
273
324
324
270
277
321
334
267
276
326
332
266
274
319
329
267
275
334
325
269
272
328
325
271
271
331
319
271
274
326
323
267
270
328
329
270
270
322
324
269
270
323
326
274
273
320
323
269
272
327
323
272
274
327
321
268
271
324
330
272
272
332
330
266
270
327
320
267
273
326
320
268
273
318
327
271
277
322
319
266
269
317
328
269
275
327
325
273
269
321
336
271
270
333
321
267
272
324
322
273
270
316
328
267
275
336
318
271
272
331
333
268
271
334
323
269
277
329
321
266
274
329
328
265
268
346
325
270
270
321
327
267
272
320
323
274
272
321
325
273
270
323
317
270
272
320
317
268
273
326
323
269
270
323
333
274
271
319
326
273
271
321
331
267
275
321
319
272
269
323
321
270
274
313
327
265
273
333
329
268
271
324
320
271
274
330
323
273
272
321
333
269
276
323
322
269
274
326
324
268
273
325
317
272
270
330
323
273
271
314
326
267
271
325
331
269
268
325
315
269
272
330
324
270
273
327
326
266
273
315
327
271
268
327
319
273
275
328
330
269
268
319
327
268
268
320
330
269
274
325
324
272
271
322
328
275
273
328
340
271
273
321
344
273
270
324
318
267
270
334
325
277
275
326
321
266
274
328
313
270
273
329
319
275
270
326
314
269
272
329
328
265
269
323
311
269
269
328
323
270
270
334
325
268
268
321
315
269
274
323
319
269
273
353
322
270
269
318
317
271
267
325
317
268
272
330
318
271
269
331
338
270
274
330
323
270
274
324
333
268
273
319
318
269
270
305
322
273
269
339
337
270
271
329
339
266
273
325
329
269
271
327
323
269
269
328
325
270
272
341
323
269
271
324
326
269
274
339
329
266
271
323
322
264
275
327
318
267
272
325
320
270
272
317
326
268
273
325
326
267
270
323
321
269
270
324
333
267
271
320
327
270
271
334
334
272
271
331
319
275
271
325
337
270
278
328
319
272
277
318
321
268
269
332
324
267
277
323
324
266
273
332
325
272
271
332
325
268
274
334
329
272
273
323
330
268
265
327
328
271
274
330
329
274
271
327
326
275
273
319
327
266
275
330
314
269
280
325
326
265
271
324
327
268
268
322
334
270
270
339
322
306
275
333
332
268
269
313
339
266
271
324
321
267
272
331
333
269
269
321
323
267
273
328
325
266
269
337
317
267
271
328
330
270
270
329
323
268
270
336
330
266
278
327
324
267
274
330
324
265
271
319
318
273
273
313
331
274
273
321
322
269
269
335
329
273
269
331
326
269
277
330
312
266
277
327
329
263
270
328
333
269
273
336
317
266
272
323
312
267
272
335
319
269
273
309
320
268
271
325
325
269
270
321
315
271
272
329
345
267
273
319
312
266
276
335
326
269
271
313
321
273
273
331
326
267
278
324
314
271
270
319
326
265
271
327
318
270
272
327
334
268
267
324
322
267
272
331
328
272
275
334
321
271
271
325
317
271
273
333
319
264
272
325
322
271
277
333
317
272
271
337
316
268
268
317
321
265
270
331
346
263
267
338
320
275
272
328
320
267
270
334
322
264
271
316
332
272
274
327
322
266
275
317
320
268
274
333
319
273
279
321
333
267
269
340
333
269
270
323
316
270
274
326
322
266
271
334
321
268
273
318
339
270
273
327
317
270
271
328
331
267
274
330
329
269
270
327
321
267
272
313
324
274
277
330
321
275
279
323
328
269
271
321
315
267
275
331
321
266
272
335
320
266
273
328
323
266
269
340
315
268
274
335
326
269
271
320
324
267
271
342
333
270
271
315
327
266
273
341
322
268
273
322
318
267
273
325
317
270
273
329
317
273
275
337
326
271
270
330
331
308
271
327
312
269
269
331
323
270
272
324
313
267
272
331
324
268
270
331
319
269
273
325
326
271
272
337
315
269
275
322
317
270
268
326
322
271
273
329
312
273
271
325
311
269
276
326
317
268
274
321
325
271
269
323
324
270
267
342
315
273
275
325
319
270
274
330
324
270
269
319
324
266
275
321
325
275
271
314
317
269
273
323
308
266
273
331
311
269
271
329
323
267
272
331
311
275
271
326
317
267
273
329
328
267
272
328
311
268
272
319
317
269
270
331
318
269
273
326
333
268
270
332
333
275
271
323
321
267
272
324
322
269
272
330
328
266
272
323
317
267
273
327
327
267
276
325
317
268
271
328
321
274
271
324
323
269
272
318
325
269
270
329
332
268
270
332
321
268
268
326
328
265
277
320
321
267
271
341
325
269
269
325
323
266
268
335
331
269
276
322
322
267
274
331
322
277
273
328
333
271
267
330
323
271
275
331
325
277
275
331
334
272
269
315
331
270
272
322
332
270
271
336
321
267
271
341
318
268
273
328
322
268
269
334
317
272
270
331
317
268
269
337
327
268
272
330
323
268
269
330
318
270
272
319
331
275
277
333
314
268
268
332
315
272
272
330
322
267
269
344
321
271
272
322
326
272
269
314
333
269
267
338
327
266
271
345
321
269
270
324
333
272
273
324
317
274
271
328
317
269
270
322
320
269
271
327
310
274
269
332
324
273
270
327
337
272
269
320
337
268
269
333
321
269
269
329
312
271
275
326
334
267
274
320
325
271
273
338
317
272
273
324
323
267
272
358
322
272
274
322
324
277
268
339
332
272
272
329
326
271
276
332
329
271
273
331
321
268
269
323
324
265
272
326
313
269
275
314
331
269
270
325
324
266
267
326
331
269
272
320
324
268
273
325
333
270
273
334
332
271
276
326
320
271
272
337
324
272
274
322
329
268
269
329
331
271
273
330
327
274
274
333
323
274
270
335
325
269
273
341
331
272
273
333
346
272
273
324
328
271
274
329
322
274
275
323
321
272
271
330
336
275
275
329
329
269
270
325
321
269
271
329
329
269
273
325
322
269
271
328
332
274
268
327
314
266
275
331
320
267
273
334
322
267
275
321
330
267
271
320
323
274
270
326
322
274
274
330
349
270
272
321
331
269
271
330
329
268
269
326
323
269
270
331
320
269
273
321
322
269
275
327
328
275
270
331
328
269
272
339
319
272
275
332
312
273
277
333
327
269
272
344
315
270
270
319
323
276
276
332
323
268
273
324
325
267
275
336
321
271
275
337
321
274
269
335
325
269
278
329
313
271
276
336
323
267
276
341
327
270
279
324
323
272
276
332
332
269
276
312
337
271
269
348
317
271
280
339
316
270
270
322
327
268
274
337
333
272
272
344
329
268
273
327
334
273
269
339
314
273
273
323
328
276
276
340
332
270
270
336
327
275
269
333
332
270
271
338
332
271
271
328
320
270
269
329
326
268
270
333
329
269
274
334
321
276
274
319
323
270
273
326
323
267
276
325
319
268
270
323
331
267
271
340
330
269
273
330
329
270
272
328
331
269
273
331
323
275
273
334
319
270
268
329
322
270
271
331
329
268
277
337
330
267
273
336
328
272
271
329
317
273
270
328
315
269
270
325
324
270
273
334
327
268
277
331
319
273
272
331
324
267
272
337
325
268
272
326
323
271
271
347
315
268
271
326
325
272
277
335
320
269
275
327
328
272
274
327
328
273
273
321
342
270
273
330
322
276
276
329
325
266
274
323
320
270
274
325
335
270
270
327
317
267
273
332
317
270
272
328
316
267
272
331
319
267
271
326
316
272
273
324
324
272
271
332
335
271
271
326
331
269
272
325
335
275
276
331
325
271
269
339
333
271
277
332
327
266
273
331
319
271
271
330
319
273
277
322
336
277
270
325
319
271
269
331
325
271
269
327
324
274
274
331
318
272
270
344
320
269
272
322
323
266
272
326
328
272
269
333
325
269
274
324
326
269
271
340
331
276
275
335
329
267
270
324
330
274
272
336
330
271
268
328
323
270
277
339
333
267
274
331
331
270
272
339
334
269
273
332
329
272
277
336
320
268
269
327
315
269
274
334
316
267
276
340
330
272
274
333
320
271
272
318
350
269
275
334
318
276
271
330
320
270
273
340
324
268
273
333
321
276
273
328
323
266
274
332
325
268
270
359
328
267
272
326
317
269
274
331
329
268
269
329
320
270
276
328
324
273
273
327
332
272
272
331
320
269
272
323
323
274
274
333
320
272
272
335
326
267
269
330
322
274
273
339
328
268
269
332
330
274
268
325
310
274
276
330
313
270
273
336
337
274
278
333
331
270
273
316
323
272
274
323
327
269
271
328
324
271
270
333
332
269
276
342
326
272
269
332
326
270
273
344
318
271
271
336
317
273
270
342
328
272
266
330
336
269
273
330
330
271
271
331
328
275
275
324
345
271
273
329
327
270
270
328
329
271
270
324
323
268
269
325
325
273
271
335
320
271
273
331
326
269
268
327
328
272
274
330
329
256
255
255
253
255
255
255
255
267
273
254
254
255
-4
-4

