;UFOS3
;Measurement details: channel = Z, date = 12.09.2015, time = 06:32:38
Exposure=482
Gain=0
Temperature=25.7
Accummulate=4
2.5469889858196675 mu
2.5997712481516193 amas
22.693 hs
207 ozone
175677 uva
14591 uvb
9546 uve
[Value]
-9
252
251
249
250
250
251
251
266
262
311
313
259
260
317
319
268
266
315
328
262
272
341
326
272
270
351
345
277
275
348
330
278
275
333
324
274
272
336
338
273
271
328
333
272
275
349
346
281
278
337
339
269
274
352
345
269
272
344
353
271
279
336
356
275
274
350
328
273
275
324
348
273
281
335
338
270
273
333
335
275
276
356
336
268
274
334
342
271
276
338
349
269
273
340
331
273
272
332
349
275
273
333
341
272
280
352
339
272
275
347
329
274
275
338
348
276
271
331
335
267
272
343
342
270
279
333
327
268
277
345
353
267
276
336
346
267
274
336
336
274
269
343
351
271
277
337
355
271
278
354
349
271
271
342
337
270
272
348
344
272
274
338
336
279
280
342
351
270
273
334
359
271
278
331
346
269
274
340
339
270
276
361
339
276
275
323
334
273
272
336
349
272
277
341
342
275
271
330
344
271
274
332
333
272
274
332
341
269
277
331
332
276
274
347
343
271
271
336
344
272
275
330
347
270
275
341
337
274
276
342
333
274
275
328
343
282
275
352
330
272
270
327
342
270
275
340
340
273
269
340
337
275
273
332
340
275
276
380
338
272
274
343
335
272
270
353
333
269
271
338
329
266
276
340
338
277
267
344
337
274
275
347
340
275
272
354
335
278
271
343
338
271
272
341
334
268
274
340
338
267
269
343
337
273
274
348
344
278
275
339
342
269
274
348
325
283
277
346
334
276
275
345
352
269
271
351
344
278
273
329
340
273
270
344
332
273
271
338
331
269
277
336
348
274
281
336
352
271
278
343
341
275
274
325
333
275
274
331
332
273
277
336
331
270
277
326
339
275
268
346
343
273
277
336
335
274
278
345
342
271
274
334
332
274
276
343
346
273
277
357
333
269
271
337
349
275
279
353
343
275
272
341
353
277
278
348
337
269
279
345
337
275
281
344
347
277
272
338
342
273
275
335
344
274
270
322
341
271
275
341
341
271
271
333
352
269
275
338
339
278
271
348
336
273
271
341
348
270
277
347
366
274
273
338
337
273
279
342
340
274
273
335
332
271
271
349
326
274
272
331
339
277
278
340
334
277
278
333
339
273
271
335
349
266
276
341
346
269
284
345
338
270
279
334
330
277
270
330
344
275
274
343
337
271
275
326
349
270
279
348
352
276
274
339
348
277
274
345
343
273
274
342
349
274
277
342
345
279
275
345
343
277
280
340
335
275
277
346
338
283
277
335
338
275
279
344
353
272
276
335
334
279
278
338
333
275
276
353
341
287
279
347
364
275
279
330
351
279
280
349
347
276
281
345
336
278
276
348
351
277
277
348
357
280
277
345
345
278
281
332
348
277
283
334
352
272
280
345
347
273
282
341
333
283
282
345
345
273
280
357
348
283
284
352
350
288
286
350
342
285
292
363
354
290
286
352
364
296
293
362
345
282
287
347
351
287
288
356
372
291
298
362
358
287
292
347
357
295
294
373
361
293
298
365
361
294
292
366
370
291
299
371
360
294
302
377
376
305
309
370
367
303
310
373
376
307
315
386
387
319
322
395
382
317
323
400
408
328
328
388
375
322
321
385
386
328
327
375
394
326
323
407
396
323
330
386
397
329
336
415
390
338
338
390
409
337
345
414
415
345
350
420
417
359
360
420
422
365
377
448
450
381
390
468
440
388
392
451
455
401
396
466
468
400
401
469
473
402
408
474
468
404
408
475
486
416
423
488
492
426
420
492
491
424
425
486
490
426
425
518
488
425
431
492
489
425
422
488
482
415
422
505
493
428
428
486
487
426
435
517
508
434
445
508
501
435
447
509
510
444
445
524
527
449
452
532
526
465
478
559
557
492
497
559
560
521
526
611
606
546
562
633
624
566
572
641
655
577
575
651
653
577
584
648
640
575
572
633
625
572
565
633
646
568
559
641
621
561
566
634
631
560
567
639
641
575
581
665
654
583
589
652
682
601
612
707
687
624
623
705
708
633
643
715
699
636
640
731
705
637
646
721
710
638
649
712
706
645
648
718
720
663
661
750
736
675
692
761
774
704
718
781
788
716
713
789
771
695
707
778
767
702
702
769
767
710
719
790
810
732
749
815
824
773
781
864
908
828
836
918
919
841
847
928
915
847
839
893
897
804
798
854
854
779
765
828
813
752
747
821
819
752
754
845
839
786
786
897
893
827
849
941
967
911
941
1024
1038
981
1005
1066
1102
1040
1068
1143
1163
1105
1124
1218
1217
1161
1175
1254
1252
1189
1207
1281
1300
1231
1249
1311
1316
1229
1262
1274
1263
1167
1157
1208
1186
1107
1087
1155
1148
1062
1078
1125
1139
1067
1068
1151
1162
1100
1111
1206
1229
1178
1213
1315
1350
1297
1325
1435
1439
1359
1376
1464
1443
1358
1361
1428
1419
1331
1335
1381
1372
1306
1284
1346
1351
1254
1261
1318
1322
1238
1256
1341
1328
1275
1297
1378
1411
1330
1343
1441
1442
1385
1397
1499
1507
1438
1467
1553
1556
1495
1497
1568
1597
1525
1528
1595
1606
1520
1504
1559
1562
1462
1439
1484
1465
1370
1355
1412
1386
1301
1305
1364
1338
1269
1264
1359
1351
1281
1288
1377
1391
1313
1318
1401
1400
1331
1330
1389
1400
1326
1326
1400
1405
1311
1300
1370
1339
1258
1245
1285
1295
1193
1181
1239
1223
1126
1133
1195
1197
1122
1128
1207
1205
1133
1145
1207
1218
1158
1171
1234
1244
1190
1200
1303
1308
1252
1268
1347
1398
1301
1305
1403
1383
1340
1344
1421
1440
1374
1386
1463
1488
1409
1424
1503
1540
1453
1471
1531
1545
1467
1468
1532
1519
1438
1436
1505
1487
1416
1405
1471
1485
1390
1400
1451
1468
1389
1388
1469
1467
1407
1431
1518
1536
1500
1526
1609
1631
1597
1630
1736
1767
1717
1759
1846
1875
1820
1840
1937
1956
1907
1914
1985
1998
1916
1911
1994
1990
1940
1933
2025
2044
1981
1988
2059
2087
2008
2028
2097
2121
2044
2045
2107
2124
2059
2046
2138
2159
2079
2076
2162
2166
2077
2075
2137
2144
2050
2061
2132
2098
2031
2031
2097
2107
2025
2029
2091
2103
2013
2007
2072
2072
2010
2008
2069
2093
2020
2030
2106
2090
2034
2030
2117
2113
2051
2084
2160
2193
2142
2168
2278
2307
2250
2272
2365
2384
2352
2395
2502
2522
2500
2531
2635
2668
2639
2669
2729
2739
2724
2741
2770
2790
2776
2792
2811
2824
2829
2839
2845
2849
2841
2830
2835
2823
2804
2778
2789
2746
2692
2630
2659
2609
2529
2495
2550
2512
2426
2399
2453
2439
2369
2368
2427
2444
2363
2374
2444
2427
2355
2367
2433
2436
2376
2383
2471
2440
2383
2398
2478
2478
2417
2430
2488
2488
2443
2452
2522
2529
2463
2456
2507
2498
2435
2434
2488
2497
2428
2431
2486
2505
2402
2402
2461
2446
2382
2368
2434
2430
2335
2335
2410
2403
2351
2339
2421
2417
2325
2329
2386
2383
2276
2265
2325
2282
2196
2177
2232
2208
2128
2115
2182
2172
2060
2044
2076
2072
1998
1977
2043
2016
1949
1950
2027
2053
1985
2016
2110
2134
2084
2115
2189
2210
2151
2158
2227
2223
2151
2126
2199
2172
2103
2114
2195
2174
2102
2104
2177
2170
2081
2099
2135
2162
2106
2114
2186
2213
2152
2155
2235
2243
2162
2152
2190
2175
2068
2018
2050
1992
1892
1854
1896
1849
1777
1768
1813
1802
1714
1722
1774
1787
1721
1718
1793
1819
1759
1772
1853
1857
1798
1810
1872
1865
1789
1780
1845
1812
1701
1697
1758
1725
1654
1650
1728
1752
1702
1728
1832
1861
1810
1851
1927
1961
1903
1922
1990
1999
1915
1935
1998
2008
1926
1930
1993
1994
1918
1923
1995
1995
1919
1938
2018
2053
1978
2005
2106
2109
2078
2127
2234
2238
2186
2198
2273
2278
2201
2202
2258
2243
2170
2167
2218
2220
2142
2131
2210
2207
2143
2162
2257
2259
2194
2217
2302
2321
2295
2331
2430
2450
2428
2461
2548
2579
2521
2546
2611
2625
2565
2586
2633
2620
2557
2555
2612
2590
2518
2492
2548
2518
2447
2438
2500
2519
2427
2442
2514
2523
2449
2442
2496
2485
2424
2405
2466
2447
2379
2388
2470
2477
2395
2414
2482
2519
2441
2465
2539
2549
2506
2541
2627
2639
2599
2623
2691
2704
2678
2689
2719
2730
2710
2703
2739
2736
2703
2694
2710
2712
2658
2668
2696
2705
2678
2694
2739
2752
2744
2754
2767
2783
2768
2766
2781
2774
2763
2760
2783
2784
2763
2760
2768
2754
2717
2678
2692
2651
2566
2524
2535
2482
2381
2338
2370
2330
2202
2165
2173
2140
2026
1999
2054
2030
1928
1909
1988
1971
1904
1924
2011
2041
2007
2056
2161
2215
2192
2221
2331
2367
2302
2323
2409
2428
2377
2394
2485
2488
2437
2443
2519
2498
2443
2432
2479
2453
2363
2341
2379
2368
2284
2251
2305
2287
2199
2188
2235
2218
2152
2148
2202
2186
2203
2114
2181
2177
2102
2129
2196
2210
2153
2178
2264
2277
2227
2253
2332
2342
2257
2257
2317
2292
2200
2197
2238
2226
2130
2112
2142
2131
2018
1995
2055
2031
1933
1918
1979
1965
1896
1894
1979
1956
1905
1922
1998
2002
1933
1955
2013
2045
1962
1983
2064
2063
1989
2005
2078
2085
2007
2020
2090
2074
1985
1980
2034
2028
1933
1929
1992
1975
1902
1900
1962
1960
1878
1873
1943
1923
1842
1827
1885
1871
1783
1788
1859
1863
1813
1826
1923
1942
1893
1918
2008
2030
1978
2004
2101
2115
2067
2100
2189
2223
2162
2185
2279
2294
2225
2238
2321
2310
2245
2249
2311
2302
2228
2216
2267
2269
2183
2172
2214
2199
2113
2094
2135
2143
2047
2041
2092
2083
2014
2011
2087
2119
2036
2045
2151
2151
2092
2107
2198
2201
2139
2145
2210
2228
2172
2182
2251
2221
2148
2116
2156
2135
2007
1979
2033
1995
1902
1903
1963
1946
1896
1905
1994
2019
1961
1985
2109
2103
2050
2071
2173
2183
2130
2171
2251
2286
2249
2262
2342
2341
2289
2305
2383
2388
2332
2353
2447
2466
2431
2453
2525
2547
2484
2506
2584
2589
2538
2542
2596
2608
2568
2583
2636
2661
2613
2626
2661
2667
2623
2633
2678
2685
2657
2683
2703
2733
2702
2720
2746
2750
2731
2707
2735
2714
2684
2668
2687
2688
2639
2636
2669
2664
2614
2603
2637
2620
2572
2563
2596
2597
2519
2507
2551
2531
2470
2467
2523
2492
2422
2408
2439
2439
2349
2346
2390
2400
2312
2315
2399
2381
2325
2311
2360
2335
2230
2201
2237
2203
2093
2084
2136
2142
2081
2087
2176
2187
2138
2158
2250
2268
2204
2220
2300
2334
2276
2280
2367
2382
2296
2283
2316
2290
2185
2155
2189
2164
2062
2026
2074
2050
1927
1886
1905
1908
1780
1753
1805
1776
1704
1708
1803
1798
1751
1775
1875
1892
1864
1900
1997
2020
1983
2023
2134
2163
2136
2168
2294
2320
2304
2345
2453
2479
2428
2470
2548
2551
2514
2536
2599
2611
2572
2569
2634
2625
2569
2566
2595
2577
2506
2476
2518
2474
2386
2365
2425
2353
2257
2235
2257
2215
2101
2055
2082
2045
1956
1919
1987
1964
1887
1882
1960
1970
1877
1890
1963
1962
1902
1926
1997
2024
1952
1957
2024
2013
1927
1919
1943
1959
1877
1844
1930
1909
1814
1803
1886
1888
1798
1811
1873
1893
1804
1819
1908
1925
1884
1932
2036
2078
2050
2078
2212
2212
2159
2174
2237
2230
2143
2136
2198
2154
2056
2038
2086
2063
1960
1947
1982
1948
1849
1838
1899
1873
1790
1794
1858
1886
1821
1851
1951
1982
1930
1958
2070
2071
2023
2040
2113
2138
2060
2056
2122
2126
2046
2040
2107
2101
2000
1980
2028
1996
1908
1888
1931
1934
1835
1844
1896
1898
1833
1857
1928
1946
1900
1918
2024
2046
1977
2020
2106
2128
2078
2115
2229
2242
2212
2235
2326
2341
2293
2319
2411
2408
2348
2367
2434
2449
2364
2384
2455
2466
2390
2398
2471
2469
2388
2389
2453
2447
2379
2369
2416
2429
2335
2339
2400
2367
2316
2331
2388
2402
2334
2348
2428
2442
2374
2384
2461
2482
2412
2423
2511
2505
2500
2459
2533
2527
2461
2452
2483
2508
2405
2397
2440
2433
2345
2355
2426
2423
2333
2340
2409
2408
2339
2350
2422
2422
2339
2344
2434
2405
2349
2344
2421
2426
2354
2357
2448
2448
2401
2431
2527
2533
2477
2513
2589
2614
2589
2622
2691
2714
2711
2741
2765
2791
2793
2814
2818
2840
2841
2859
2858
2881
2874
2895
2892
2908
2906
2919
2917
2930
2931
2942
2938
2950
2949
2955
2952
2947
2944
2875
2855
2740
2645
2568
2596
2564
2509
2506
2569
2571
2555
2582
2675
2703
2711
2749
2780
2812
2824
2851
2857
2883
2884
2907
2905
2930
2927
2950
2943
2965
2957
2978
2969
2989
2981
3000
2992
2996
2961
2701
2634
2504
2441
2433
2500
2488
2425
2454
2520
2541
2520
2555
2639
2689
2667
2708
2746
2759
2766
2771
2786
2777
2755
2705
2685
2614
2507
2429
2446
2393
2260
2207
2238
2173
2071
2035
2076
2053
1985
1983
2079
2079
2043
2076
2187
2221
2194
2236
2343
2347
2310
2324
2416
2401
2338
2328
2374
2356
2259
2218
2260
2214
2058
2011
2057
1991
1900
1880
1951
1944
1892
1905
2017
2040
1997
2045
2158
2237
2193
2253
2376
2395
2361
2407
2478
2477
2426
2439
2508
2486
2414
2399
2444
2446
2344
2321
2391
2345
2245
2218
2250
2225
2151
2144
2215
2217
2150
2162
2251
2239
2178
2182
2240
2264
2159
2167
2227
2212
2157
2165
2257
2275
2204
2223
2303
2329
2264
2278
2376
2383
2347
2348
2426
2450
2402
2417
2490
2500
2460
2462
2537
2555
2499
2513
2572
2574
2533
2552
2614
2628
2578
2595
2650
2640
2593
2577
2615
2596
2533
2514
2552
2495
2407
2386
2424
2383
2280
2255
2308
2284
2185
2169
2234
2192
2099
2084
2118
2132
2041
2034
2122
2086
2002
1991
2033
2022
1934
1919
1979
1954
1891
1884
1953
1934
1881
1893
1998
2012
1960
1989
2095
2125
2106
2088
2192
2201
2171
2187
2279
2290
2236
2248
2329
2327
2266
2286
2368
2347
2291
2293
2372
2344
2265
2252
2313
2303
2200
2182
2247
2199
2109
2110
2145
2124
2034
2012
2065
2031
1923
1888
1929
1867
1796
1761
1819
1800
1737
1756
1821
1811
1725
1729
1785
1762
1671
1637
1689
1658
1572
1538
1619
1576
1514
1521
1593
1582
1497
1487
1553
1526
1431
1422
1481
1477
1396
1405
1473
1476
1421
1415
1486
1490
1427
1432
1500
1472
1406
1406
1484
1451
1384
1392
1481
1484
1427
1468
1582
1578
1555
1585
1698
1717
1676
1715
1824
1856
1823
1870
1994
2031
2012
2042
2139
2166
2115
2129
2208
2196
2145
2156
2230
2240
2159
2154
2246
2231
2154
2150
2205
2193
2110
2099
2152
2144
2071
2055
2125
2095
2004
1976
2017
1980
1891
1870
1949
1946
1875
1900
1995
1997
1952
1979
2080
2087
2050
2069
2168
2181
2142
2169
2264
2303
2267
2283
2354
2373
2268
2222
2253
2173
2045
1993
2015
1982
1863
1874
1927
1922
1856
1873
1990
1999
1948
1953
2056
2072
2016
2048
2166
2192
2144
2170
2257
2256
2183
2189
2235
2216
2144
2128
2185
2183
2090
2084
2146
2123
2062
2075
2146
2140
2067
2044
2116
2097
2020
2019
2095
2136
2084
2110
2184
2214
2146
2161
2270
2269
2232
2262
2376
2378
2345
2387
2487
2504
2475
2503
2588
2580
2540
2523
2595
2573
2531
2531
2595
2584
2524
2507
2562
2559
2505
2496
2538
2495
2423
2394
2446
2442
2371
2361
2443
2426
2379
2378
2451
2430
2374
2390
2482
2499
2456
2480
2584
2582
2552
2581
2631
2647
2613
2621
2654
2673
2620
2613
2659
2636
2571
2556
2610
2563
2483
2455
2473
2452
2349
2317
2347
2303
2237
2210
2255
2216
2135
2115
2159
2133
2029
2011
2056
2002
1923
1875
1932
1890
1787
1748
1775
1734
1596
1541
1551
1501
1351
1295
1310
1246
1123
1073
1112
1055
971
956
1011
1022
928
942
1017
1032
983
1017
1141
1146
1122
1160
1269
1298
1264
1282
1427
1397
1341
1359
1441
1464
1432
1457
1584
1608
1561
1594
1697
1713
1673
1701
1807
1824
1780
1796
1864
1842
1734
1692
1722
1681
1565
1541
1591
1562
1493
1517
1590
1651
1616
1655
1771
1818
1772
1800
1905
1918
1844
1857
1914
1897
1800
1762
1792
1751
1621
1580
1637
1611
1508
1484
1525
1484
1372
1338
1371
1308
1183
1129
1153
1114
1004
976
1039
1027
930
917
976
972
897
893
982
984
935
957
1084
1093
1060
1100
1243
1274
1242
1286
1414
1476
1415
1463
1580
1625
1574
1623
1727
1745
1710
1723
1807
1817
1769
1780
1859
1880
1796
1798
1858
1852
1779
1791
1865
1868
1801
1804
1888
1880
1797
1800
1880
1865
1807
1811
1894
1905
1826
1834
1913
1918
1863
1888
1964
1955
1894
1893
1965
1944
1878
1884
1950
1957
1880
1891
1946
1956
1887
1877
1959
1958
1909
1921
1989
2012
1906
1895
1961
1963
1883
1882
1962
1962
1876
1870
1932
1911
1816
1790
1862
1850
1799
1802
1874
1885
1816
1841
1936
1959
1911
1928
2033
2036
1973
1978
2056
2026
1962
1966
2034
2018
1970
1976
2049
2042
1960
1967
2054
2015
1966
1964
2038
2045
1985
1977
2042
2037
1962
1979
2050
2057
1982
1995
2058
2054
1987
2001
2083
2064
1981
1958
2043
2021
1941
1925
1974
1947
1881
1880
1943
1919
1833
1818
1906
1887
1812
1821
1890
1896
1832
1851
1950
1972
1907
1921
1981
2013
1947
1961
2077
2058
2002
2016
2102
2055
1971
1918
1941
1904
1795
1784
1850
1825
1722
1709
1815
1808
1728
1755
1844
1854
1774
1779
1869
1852
1801
1820
1905
1933
1888
1905
1999
1996
1904
1876
1926
1882
1768
1729
1806
1805
1722
1719
1818
1822
1752
1771
1853
1868
1798
1785
1849
1826
1741
1739
1816
1812
1714
1720
1806
1795
1737
1719
1786
1790
1720
1732
1804
1797
1729
1740
1804
1790
1724
1739
1830
1853
1780
1785
1869
1841
1765
1760
1834
1818
1740
1714
1771
1752
1647
1628
1699
1676
1625
1649
1751
1756
1704
1702
1792
1789
1713
1721
1811
1790
1700
1713
1803
1794
1722
1739
1832
1832
1774
1772
1853
1841
1779
1768
1844
1800
1729
1728
1776
1776
1701
1694
1791
1807
1746
1759
1835
1828
1767
1741
1815
1789
1701
1692
1769
1728
1646
1623
1682
1669
1575
1542
1623
1556
1462
1443
1494
1470
1387
1387
1451
1428
1358
1359
1434
1436
1353
1364
1453
1450
1383
1396
1468
1504
1428
1444
1542
1539
1482
1473
1539
1530
1462
1472
1526
1511
1423
1421
1473
1475
1369
1353
1422
1404
1330
1326
1404
1393
1327
1332
1422
1413
1341
1366
1457
1444
1379
1391
1468
1458
1399
1392
1454
1451
1371
1365
1449
1438
1349
1348
1417
1419
1328
1324
1390
1404
1312
1305
1367
1345
1257
1246
1332
1300
1214
1207
1280
1272
1183
1190
1264
1253
1178
1174
1265
1246
1189
1199
1260
1277
1211
1206
1293
1278
1209
1203
1276
1255
1179
1156
1232
1217
1152
1141
1217
1193
1122
1108
1204
1169
1087
1089
1148
1139
1069
1071
1154
1153
1079
1076
1167
1164
1088
1081
1141
1128
1054
1046
1130
1116
1032
1024
1110
1091
1011
1011
1088
1080
1004
996
1077
1064
997
983
1068
1069
1002
1010
1093
1079
980
994
1073
1071
1000
1013
1094
1092
1001
1011
1081
1077
1002
1006
1089
1064
994
986
1049
1029
948
947
1030
995
923
924
1007
976
898
894
972
952
890
888
942
976
866
869
951
933
879
877
960
944
880
886
976
952
872
879
960
939
877
876
958
949
864
868
939
929
851
848
962
921
838
840
922
910
837
840
915
901
822
834
918
908
845
850
926
922
857
862
938
940
852
844
923
902
825
824
892
888
818
811
886
862
785
789
868
854
773
780
860
848
787
791
880
869
800
807
895
881
802
791
868
850
808
819
896
888
831
835
926
923
837
847
913
911
825
829
886
890
821
825
892
895
809
810
886
875
792
781
850
844
750
758
844
832
752
740
822
806
724
712
797
744
672
666
751
710
646
650
752
731
664
666
761
766
681
693
769
771
691
695
779
776
717
718
790
825
733
739
818
814
741
748
818
817
738
735
797
804
727
733
812
813
747
744
828
806
746
749
827
826
761
758
846
854
787
793
857
603
250
252
250
250
250
249
250
249
686
696
250
249
251
-9
-9

