;UFOS3
;Measurement details: channel = D, date = 12.09.2015, time = 06:38:43
Exposure=371
Gain=0
Temperature=26.0
Accummulate=4
2.48478069340105 mu
2.533026881928888 amas
23.319 hs
0 ozone
24984 uva
10324 uvb
8513 uve
[Value]
-5
254
255
255
255
254
256
255
267
265
303
303
263
263
309
308
269
268
307
318
265
271
322
313
269
267
331
326
272
270
328
314
272
272
314
310
269
269
316
321
268
268
311
316
267
271
329
325
275
274
321
321
267
271
331
327
264
267
327
333
268
276
320
335
272
270
329
311
270
269
309
328
270
276
317
319
266
270
316
318
270
271
335
320
266
269
320
323
268
271
320
328
267
270
322
317
270
269
314
329
272
269
316
323
270
275
332
320
268
272
328
312
272
271
318
327
272
268
315
317
266
269
322
324
268
273
319
310
265
271
325
330
267
270
317
327
265
270
318
317
269
266
326
329
269
272
321
332
269
274
332
326
268
268
322
321
267
269
328
325
267
270
321
317
274
275
324
329
268
270
318
337
268
271
316
328
267
272
324
321
268
272
341
322
271
273
308
315
270
270
319
329
268
274
321
322
271
269
315
326
269
271
314
318
269
269
314
322
269
272
316
316
271
270
326
326
269
269
316
325
269
273
314
327
268
272
320
320
271
271
325
314
269
271
314
322
276
272
331
315
268
268
311
325
267
272
324
320
270
266
323
321
271
269
316
321
269
273
354
322
270
270
326
315
268
270
333
316
265
269
318
314
265
271
321
320
270
264
325
318
270
272
327
323
272
270
330
319
274
267
322
319
268
270
320
315
266
270
323
320
264
267
322
322
270
271
327
326
274
271
320
324
266
268
328
311
277
271
326
316
271
270
325
330
267
266
331
327
273
270
314
318
268
266
326
317
271
267
320
315
266
273
317
329
270
273
318
331
268
275
324
322
270
269
311
317
270
270
316
315
270
272
319
313
267
272
311
320
268
265
328
325
268
272
318
317
269
273
326
322
268
268
318
315
271
272
323
323
268
273
333
316
267
268
320
330
272
273
329
325
268
268
323
332
272
277
326
319
266
275
325
319
272
275
324
327
272
269
319
323
270
272
319
325
270
268
305
322
268
271
323
324
267
267
313
330
266
271
319
321
271
266
330
318
268
268
320
329
267
273
325
342
267
270
318
318
267
273
324
323
268
269
317
315
268
267
328
310
269
268
313
321
271
272
318
317
272
272
314
322
270
266
317
329
263
272
322
326
266
278
324
320
264
273
315
314
271
266
312
325
271
271
325
320
266
270
310
328
265
271
326
331
271
270
320
326
269
270
323
322
268
269
324
327
270
272
320
324
272
269
324
323
268
270
319
317
270
269
324
318
275
269
316
318
271
270
321
330
266
269
316
315
272
270
317
314
270
270
329
321
274
271
325
338
267
273
312
327
272
272
327
324
268
273
321
315
271
267
325
327
269
269
323
331
269
269
321
321
270
271
313
324
267
274
315
326
265
272
322
324
266
273
317
309
272
272
322
322
264
270
330
324
271
270
321
320
273
271
321
316
270
276
331
322
273
270
319
331
276
274
329
314
263
269
315
315
265
268
324
335
268
276
321
321
267
270
311
322
274
274
333
323
271
275
323
322
269
269
324
325
264
271
326
317
264
273
332
327
271
272
322
315
264
270
316
319
266
270
325
324
271
271
329
318
267
271
328
334
272
273
321
312
270
271
318
319
273
274
313
324
271
270
334
322
268
271
315
320
267
273
332
313
270
270
309
323
267
271
323
326
267
269
322
319
267
272
313
312
266
275
324
325
271
275
333
310
267
270
312
318
271
268
320
321
267
269
319
320
267
272
320
316
266
272
318
323
270
272
322
324
274
269
320
321
271
270
317
318
268
268
340
316
270
274
320
318
271
271
323
320
268
274
334
325
273
273
316
314
266
273
332
324
267
274
322
314
267
271
321
322
269
268
328
329
268
268
326
319
269
271
330
324
268
271
312
307
267
267
323
316
268
273
324
313
268
271
321
327
268
268
325
324
267
272
319
318
270
269
316
311
274
266
317
328
270
269
327
313
272
274
324
322
266
269
319
322
271
270
333
324
268
272
310
331
266
273
337
324
271
269
321
328
269
274
324
314
266
272
336
318
268
275
324
320
268
274
322
319
271
271
321
319
275
272
332
315
271
272
320
318
268
274
316
323
274
269
336
318
264
273
327
322
272
275
319
317
266
271
316
327
265
274
311
315
271
268
314
337
271
271
328
322
268
270
329
318
275
269
316
325
266
270
315
325
274
270
319
311
273
274
330
320
271
267
325
318
271
267
333
323
267
271
321
321
270
276
328
323
277
276
313
324
265
272
315
323
269
271
324
319
269
272
326
314
268
267
318
326
271
275
323
329
270
286
318
325
265
269
318
318
268
267
320
319
268
271
309
321
269
272
323
322
272
267
322
322
270
271
320
327
271
271
328
325
271
272
335
321
268
275
317
320
269
273
317
315
273
269
319
331
268
275
317
323
267
277
327
318
267
269
318
334
266
268
332
316
268
268
327
319
265
273
326
318
269
273
316
331
267
270
317
321
270
274
319
327
270
269
320
320
270
269
323
316
267
275
326
317
269
269
328
322
268
269
324
331
272
268
326
323
264
271
316
324
270
271
319
330
272
268
326
319
266
269
313
331
271
271
329
328
267
274
321
322
269
269
325
318
268
274
316
323
270
276
313
314
267
268
329
320
270
269
315
351
269
272
327
315
271
269
318
324
272
273
323
326
266
273
321
335
268
273
314
317
269
272
322
318
266
270
320
320
273
268
319
332
264
270
305
318
269
271
323
317
267
274
322
317
272
269
315
313
266
270
318
323
267
274
319
324
270
269
325
318
270
267
321
331
270
266
328
311
272
270
325
326
271
271
318
325
268
271
318
326
267
275
326
327
274
267
321
326
265
271
327
328
270
272
321
328
266
275
332
312
269
273
318
329
267
273
323
339
271
269
318
322
271
273
316
332
271
271
328
317
269
272
325
318
268
271
317
321
269
270
330
329
268
274
321
315
268
268
323
315
272
272
320
321
270
273
324
319
270
275
325
337
271
273
322
322
269
275
322
317
269
268
316
329
270
273
327
319
269
269
329
323
267
269
327
323
269
267
327
324
267
275
320
327
268
272
336
322
267
281
318
321
269
272
326
313
267
269
330
327
272
271
325
320
269
272
316
326
268
270
303
318
269
270
318
330
267
274
320
331
266
269
316
312
267
269
329
328
267
274
329
321
279
270
325
326
266
268
319
329
268
275
329
319
270
274
326
318
270
270
322
323
272
273
312
325
273
270
323
319
268
274
318
322
269
276
319
325
268
275
318
325
267
268
317
323
273
268
326
321
267
273
328
319
271
272
332
325
269
274
306
327
270
275
323
329
270
271
321
325
267
269
317
319
271
272
324
316
269
274
323
314
270
277
325
319
267
272
314
324
273
269
318
325
272
275
323
323
266
269
311
318
269
273
338
331
268
272
331
319
269
270
315
325
268
270
326
322
267
276
315
325
268
274
320
327
266
275
318
336
268
271
323
331
267
273
330
332
267
274
322
331
266
269
330
317
269
271
329
320
269
270
314
321
268
274
315
318
269
272
313
329
271
272
323
315
265
272
327
322
269
273
315
323
267
271
321
321
271
274
318
320
266
271
319
329
267
270
327
325
267
269
337
324
269
270
332
318
265
271
325
337
267
273
317
327
268
270
321
323
269
273
323
314
268
271
330
334
270
274
322
340
269
271
323
318
269
276
328
322
267
268
330
329
269
269
318
317
269
270
321
317
271
273
323
326
271
271
321
322
265
272
320
326
272
273
313
323
275
272
313
310
269
269
328
331
263
272
324
322
267
268
321
323
269
276
324
316
265
272
324
324
270
270
314
323
265
269
326
325
270
270
324
311
266
272
318
316
267
273
320
321
268
269
327
330
268
274
326
324
269
273
330
323
269
271
328
314
278
274
327
326
267
269
314
320
272
269
326
321
267
271
320
310
273
274
319
324
338
275
326
325
265
278
324
324
270
274
322
315
266
269
325
322
265
270
324
324
268
273
319
325
270
276
319
322
270
270
325
324
265
272
323
322
271
271
332
313
274
272
322
322
270
277
321
331
268
276
323
330
266
273
318
325
268
272
330
324
268
273
325
322
270
267
326
317
271
272
324
324
267
270
327
326
271
269
319
324
271
270
322
324
275
271
318
323
270
271
323
321
273
273
324
320
269
271
320
328
270
272
329
331
267
270
325
318
267
274
323
316
269
272
316
324
271
278
322
317
265
269
317
330
267
272
325
321
274
268
320
333
270
269
332
320
266
272
322
321
273
271
313
325
266
276
333
315
269
270
328
330
267
271
333
320
272
276
329
317
267
275
324
325
264
269
342
323
270
270
319
326
266
272
316
321
273
271
320
321
272
269
321
315
269
271
316
314
268
274
322
319
266
270
323
329
273
270
318
324
269
271
319
329
266
273
318
317
269
271
320
315
270
274
310
323
265
271
331
326
268
270
323
317
269
274
328
322
270
272
319
330
267
275
324
320
271
274
323
322
268
273
323
315
272
270
328
321
272
272
312
325
266
270
324
329
268
270
324
314
268
271
331
322
271
271
326
324
267
272
316
325
273
270
328
318
272
273
325
327
269
267
318
324
269
269
318
326
268
271
322
323
268
273
321
322
273
273
327
335
272
274
320
340
271
268
323
317
266
269
332
324
276
274
322
322
268
274
326
313
271
271
328
318
274
269
326
313
270
273
328
327
265
268
321
311
268
270
326
323
270
272
334
324
266
270
318
312
269
272
322
316
269
272
350
319
271
271
317
316
269
267
324
313
267
270
330
319
271
270
328
337
269
274
327
321
269
274
323
329
268
274
316
314
269
270
304
320
274
269
337
336
269
270
326
337
265
273
323
326
269
271
325
323
266
271
327
321
270
271
338
323
267
270
321
325
269
273
338
323
263
271
319
319
267
273
325
314
267
271
324
317
272
270
315
321
265
271
323
326
269
270
324
319
269
271
322
330
268
271
318
325
268
273
330
335
272
270
326
316
273
272
321
331
268
277
326
317
272
277
315
319
267
269
327
323
269
274
323
320
264
272
329
322
272
272
332
324
270
272
328
325
271
273
321
328
265
265
324
325
271
272
330
325
274
270
326
325
274
273
319
323
266
274
330
314
271
278
321
323
266
269
322
327
268
268
320
332
268
270
336
320
316
277
330
330
269
270
310
339
265
271
322
317
267
273
327
330
265
269
319
323
267
271
327
323
265
269
335
316
267
270
324
329
270
271
325
318
268
267
333
331
266
277
323
318
265
275
329
318
266
269
317
316
272
272
312
325
273
275
320
322
270
268
335
326
273
269
327
324
269
277
328
310
266
274
326
329
265
270
326
333
271
273
334
315
268
273
320
312
267
274
331
317
267
274
306
319
268
273
323
323
270
269
318
314
270
270
328
342
266
272
316
308
267
274
332
324
269
273
312
317
272
272
330
323
266
278
321
314
269
269
319
326
266
270
325
315
270
271
324
329
267
265
324
320
269
271
329
328
272
275
332
319
272
271
323
318
273
274
330
318
264
273
322
320
272
274
330
316
271
273
336
315
268
270
315
318
266
270
329
342
265
268
337
318
274
273
326
320
268
270
332
322
267
271
316
328
271
274
325
319
265
272
315
317
267
271
331
317
271
279
321
330
267
268
339
330
268
271
321
313
270
273
323
318
269
271
330
322
267
273
319
335
269
272
326
316
269
270
324
327
267
272
328
328
270
271
325
319
265
272
310
324
275
275
328
320
275
278
322
327
271
270
319
313
270
274
331
320
268
270
331
319
267
272
325
319
265
268
336
310
268
274
333
322
270
269
319
322
267
271
338
329
269
271
314
326
265
273
338
319
268
272
321
316
267
273
325
314
270
273
327
314
272
273
333
325
271
270
330
329
293
270
325
313
268
269
330
319
270
272
323
312
268
271
328
325
266
270
328
316
268
271
320
324
269
273
336
315
272
274
320
317
269
267
321
322
272
272
326
311
272
271
324
311
269
276
325
317
267
274
321
321
271
270
324
321
270
267
337
315
271
276
324
317
268
275
331
321
271
269
318
322
266
275
318
322
276
269
313
317
269
272
320
304
268
271
331
311
268
272
328
321
264
273
331
310
274
270
320
314
268
272
329
325
266
272
325
312
268
271
320
315
268
270
328
314
269
271
325
328
268
269
331
329
276
271
320
319
268
270
322
321
272
272
327
323
266
271
323
316
268
274
322
325
268
275
324
312
268
272
325
320
273
270
322
322
269
271
316
323
268
272
326
329
269
270
328
319
268
269
324
326
266
275
318
320
268
271
336
323
271
269
324
320
266
269
331
328
269
277
322
319
268
276
330
320
274
273
328
330
269
270
327
320
270
274
330
323
276
275
330
332
271
270
313
326
271
273
322
329
269
271
334
317
266
272
339
319
268
273
326
319
268
271
333
314
274
269
330
313
269
268
335
323
269
271
329
321
267
268
332
317
269
271
318
329
274
277
332
311
269
268
329
313
271
273
327
319
266
269
344
323
273
272
319
324
270
269
311
330
271
268
335
326
266
271
342
320
268
273
321
328
271
272
321
314
274
271
323
315
270
270
321
318
270
269
325
308
274
271
329
321
272
270
325
333
270
271
318
335
268
270
329
316
269
271
325
312
271
273
324
333
268
277
318
323
270
273
336
317
270
273
323
319
268
270
355
320
274
274
316
322
276
269
336
329
272
272
328
325
275
277
328
328
272
272
328
320
267
273
320
321
266
274
325
312
269
274
315
327
269
270
322
323
268
269
325
328
269
273
320
322
267
272
324
333
271
271
331
333
268
274
325
318
269
273
332
324
271
275
320
326
266
267
327
329
271
273
327
324
271
272
331
323
273
271
334
323
271
273
339
330
272
272
332
342
271
272
324
323
268
276
328
321
272
275
322
318
270
272
328
333
272
273
326
327
267
270
324
321
270
272
328
326
269
271
323
318
269
272
326
328
274
268
325
314
268
273
326
319
268
272
332
317
269
273
319
328
268
271
317
320
273
271
324
321
273
274
326
343
270
271
319
327
268
270
328
328
267
269
325
321
270
271
328
317
268
271
321
320
269
272
325
325
271
270
331
322
270
270
338
317
273
275
328
311
274
278
331
326
266
272
340
313
269
270
315
320
275
275
331
321
269
271
323
324
267
274
332
319
272
276
334
320
274
268
330
323
269
276
327
313
270
280
333
320
269
274
341
324
270
279
323
321
270
277
330
332
269
275
309
333
270
270
343
314
270
280
336
314
271
268
323
326
267
272
336
332
269
271
339
328
266
273
325
330
273
268
337
314
273
273
322
326
277
273
337
329
270
271
333
326
273
270
332
329
271
270
336
330
271
272
324
317
270
269
325
325
267
269
329
327
269
271
331
320
277
271
317
320
269
272
324
323
267
277
324
317
268
271
320
331
270
272
336
326
270
272
330
326
269
272
325
329
270
274
329
321
275
273
330
321
270
270
327
321
270
270
327
327
268
276
337
327
268
273
331
324
273
271
327
313
272
268
327
314
270
270
320
322
272
273
330
326
269
276
329
318
274
272
329
321
268
273
338
322
270
272
325
322
273
272
347
313
269
272
324
321
269
277
332
317
270
275
326
329
270
274
327
326
272
274
318
340
269
272
330
323
275
276
326
321
266
274
322
319
271
274
322
332
269
269
324
316
268
272
332
317
269
274
327
315
265
271
331
318
267
272
325
315
273
273
320
321
272
270
327
332
269
272
322
329
269
270
326
336
273
274
327
324
271
267
338
330
271
274
329
328
265
272
330
320
271
271
330
315
271
275
320
334
278
271
323
318
272
271
331
322
271
268
326
322
275
274
328
315
271
271
343
320
269
270
319
318
267
272
323
324
272
269
331
325
267
272
322
324
268
273
335
330
275
272
335
327
269
269
326
327
272
273
332
326
270
270
326
323
270
277
336
328
266
271
330
330
271
272
337
332
269
272
328
325
273
277
335
318
268
268
327
314
266
272
333
313
268
274
340
327
272
274
332
316
270
273
317
348
270
274
329
320
275
270
329
322
268
272
337
320
268
273
331
317
275
271
323
323
267
275
329
323
271
271
356
325
268
270
322
315
271
273
329
325
266
269
329
320
271
276
327
324
272
272
325
334
272
271
329
321
269
273
322
320
278
273
330
319
270
272
332
323
266
270
328
320
276
271
334
323
268
270
331
326
274
268
324
309
273
278
327
310
272
271
335
332
272
277
329
327
268
273
313
319
273
274
323
326
269
270
327
321
271
269
331
332
269
275
338
324
271
267
330
324
270
272
342
317
271
269
335
317
275
271
340
327
272
268
327
334
269
275
325
327
271
273
331
327
274
275
323
344
271
272
326
323
270
270
326
328
272
272
321
322
268
270
323
321
272
270
334
318
270
272
328
323
270
268
324
328
271
271
331
326
255
255
256
255
255
256
255
255
266
271
255
255
256
-5
-5

