;UFOS3
;Measurement details: channel = Z, date = 12.09.2015, time = 07:02:39
Exposure=447
Gain=0
Temperature=26.9
Accummulate=4
2.2782237341605165 mu
2.3132137542690336 amas
25.665 hs
207 ozone
177523 uva
15415 uvb
9857 uve
[Value]
-8
256
256
256
255
255
255
255
272
269
319
318
267
267
324
325
274
271
323
337
269
280
350
333
276
276
359
352
285
280
357
337
284
280
342
334
281
279
338
347
278
279
335
338
278
279
358
352
286
283
347
345
274
282
360
355
275
276
353
361
276
285
345
363
282
280
358
338
278
280
332
356
279
286
341
344
273
278
338
342
281
283
364
343
275
279
344
349
279
279
344
356
277
279
346
338
281
277
340
357
281
277
339
351
279
285
360
348
278
282
356
336
281
282
344
355
281
279
338
345
274
277
351
351
274
284
342
336
273
282
354
360
274
281
340
353
273
280
344
344
282
274
351
360
278
281
345
361
278
283
363
356
276
277
349
347
276
281
355
353
277
282
347
341
283
286
348
359
278
278
345
368
276
283
338
355
277
281
348
347
279
283
371
347
283
281
332
339
281
277
344
355
277
283
349
350
281
278
340
350
278
279
340
342
277
280
339
349
276
283
335
339
281
281
352
350
279
278
345
351
278
280
338
356
276
280
349
344
280
282
349
341
282
282
338
349
285
281
361
337
278
276
337
351
278
281
351
346
279
275
348
346
281
279
338
350
279
284
387
346
278
280
353
339
278
278
360
339
274
279
343
338
272
283
346
346
281
273
352
344
278
281
356
346
281
276
360
342
282
276
348
344
275
278
348
341
275
280
349
344
272
274
349
348
278
281
356
352
282
281
345
349
274
281
357
334
287
281
354
344
282
279
355
359
276
277
359
352
282
277
339
344
278
275
351
339
279
276
345
339
274
284
343
355
279
285
343
359
276
286
353
347
282
280
334
341
281
280
340
339
279
282
344
336
277
282
332
347
279
274
355
350
280
283
342
341
280
284
354
349
277
279
339
337
279
282
347
353
280
284
362
342
277
275
342
353
284
285
359
349
279
276
349
362
281
285
357
344
272
287
353
346
282
286
353
355
283
277
346
349
277
281
342
351
281
278
329
350
275
281
348
347
275
276
339
358
275
281
346
344
281
277
357
343
278
278
347
357
277
284
352
371
279
279
344
345
280
284
350
349
279
279
342
341
277
276
356
334
280
276
339
346
280
283
347
341
283
283
338
346
279
276
341
358
273
282
350
354
276
291
353
347
275
286
341
337
281
275
340
352
282
280
350
344
276
279
333
358
276
284
356
362
280
280
346
355
282
281
352
352
278
282
351
358
280
283
347
355
284
282
353
349
282
286
349
343
282
284
353
349
290
281
344
343
284
284
350
362
278
282
346
340
285
283
345
341
281
282
361
348
290
285
355
374
284
285
341
359
287
285
358
356
284
288
352
345
286
283
356
360
284
284
357
367
286
286
353
355
285
290
343
356
286
294
347
363
281
288
354
357
282
292
351
344
291
290
356
359
281
287
365
361
291
293
361
361
295
297
361
357
297
304
376
367
300
297
364
379
306
304
381
358
293
300
362
365
298
301
372
388
303
312
374
376
301
305
362
374
312
308
387
377
305
311
382
378
306
307
382
385
306
315
389
376
310
320
395
392
322
328
391
387
318
327
392
395
328
337
407
411
340
343
417
407
341
344
424
433
348
349
411
401
343
343
410
407
347
348
402
415
348
347
429
421
346
351
415
423
353
360
444
419
364
364
418
436
365
373
445
449
374
379
454
448
387
395
456
459
400
415
486
489
413
428
507
478
426
431
491
498
441
433
507
513
441
444
513
514
445
448
518
513
447
450
513
525
460
465
530
533
471
463
534
530
468
467
532
538
473
468
567
533
474
477
535
531
465
466
531
524
456
465
546
532
465
468
526
526
466
475
561
553
480
487
553
547
477
483
552
551
485
488
567
570
491
495
578
571
509
523
605
607
537
545
613
616
572
583
669
668
611
620
697
690
630
635
709
722
635
636
716
721
642
645
713
712
638
638
697
687
630
621
695
703
623
620
699
682
617
619
689
685
611
622
697
698
631
633
723
716
640
647
714
740
659
666
766
754
681
682
768
770
697
701
781
764
698
701
797
764
698
703
777
775
698
709
770
772
705
703
774
781
725
722
815
805
744
753
829
837
775
787
847
863
786
775
857
837
759
762
844
835
761
765
831
831
767
775
849
872
794
812
882
892
843
847
937
977
896
909
994
985
914
919
1007
990
923
910
971
969
866
867
923
925
845
829
889
875
814
808
886
881
809
807
905
897
845
847
955
957
887
913
1006
1035
980
1008
1099
1107
1060
1068
1147
1188
1114
1146
1225
1249
1189
1209
1306
1309
1253
1266
1349
1345
1283
1294
1381
1399
1330
1351
1418
1421
1332
1355
1374
1362
1257
1246
1292
1279
1184
1174
1241
1229
1148
1155
1199
1221
1144
1147
1222
1234
1174
1188
1274
1304
1252
1287
1390
1439
1381
1407
1517
1519
1457
1465
1541
1528
1437
1444
1506
1500
1413
1420
1469
1457
1384
1368
1423
1441
1338
1336
1392
1402
1322
1341
1417
1418
1354
1378
1462
1502
1416
1433
1530
1521
1478
1488
1585
1593
1528
1562
1649
1640
1583
1597
1665
1700
1613
1621
1690
1697
1601
1586
1641
1638
1532
1516
1560
1535
1437
1420
1486
1453
1371
1367
1427
1405
1334
1328
1425
1412
1342
1350
1440
1459
1380
1375
1474
1465
1394
1400
1461
1469
1396
1391
1467
1474
1383
1363
1440
1404
1322
1304
1353
1360
1258
1239
1303
1282
1190
1188
1251
1253
1176
1185
1260
1258
1186
1195
1264
1272
1210
1224
1284
1302
1240
1249
1354
1358
1305
1317
1395
1455
1348
1352
1458
1439
1389
1391
1475
1494
1425
1441
1522
1537
1469
1474
1553
1594
1509
1527
1593
1595
1528
1533
1586
1582
1506
1492
1561
1542
1477
1464
1534
1543
1443
1455
1508
1526
1454
1452
1533
1527
1466
1492
1581
1602
1556
1584
1680
1695
1665
1697
1804
1835
1778
1821
1916
1937
1889
1908
2011
2026
1971
1981
2055
2066
1980
1969
2060
2043
2002
1992
2093
2106
2040
2038
2122
2138
2076
2085
2169
2178
2101
2111
2175
2187
2125
2110
2203
2220
2128
2149
2234
2238
2139
2140
2202
2204
2122
2128
2191
2164
2094
2093
2165
2181
2091
2103
2168
2177
2083
2078
2151
2138
2071
2071
2143
2170
2087
2099
2182
2159
2093
2104
2185
2184
2128
2139
2233
2261
2207
2231
2341
2373
2311
2343
2430
2444
2410
2453
2565
2582
2563
2590
2683
2712
2697
2732
2772
2788
2790
2801
2817
2831
2834
2849
2856
2871
2873
2888
2888
2903
2900
2907
2898
2894
2894
2870
2872
2830
2807
2732
2738
2682
2611
2570
2612
2578
2492
2466
2516
2511
2433
2440
2497
2517
2431
2436
2512
2493
2422
2443
2498
2504
2447
2456
2531
2510
2445
2464
2537
2535
2472
2484
2548
2555
2493
2507
2571
2579
2514
2515
2543
2553
2494
2486
2540
2555
2486
2493
2546
2544
2455
2457
2509
2501
2429
2422
2480
2472
2390
2385
2454
2446
2393
2391
2463
2455
2391
2376
2431
2435
2332
2316
2381
2327
2244
2218
2272
2254
2178
2162
2227
2220
2113
2089
2123
2133
2062
2023
2085
2066
1991
1985
2063
2090
2039
2063
2151
2180
2125
2160
2226
2266
2192
2206
2276
2273
2198
2173
2247
2224
2143
2147
2236
2218
2149
2143
2221
2214
2130
2139
2181
2204
2139
2151
2232
2247
2191
2187
2268
2283
2203
2196
2228
2212
2094
2056
2087
2019
1920
1889
1930
1890
1801
1788
1840
1836
1747
1750
1810
1819
1751
1750
1830
1857
1785
1797
1886
1899
1838
1848
1907
1912
1827
1814
1883
1855
1739
1722
1790
1759
1684
1681
1762
1783
1724
1758
1869
1894
1850
1889
1974
2008
1938
1954
2031
2037
1950
1966
2028
2054
1961
1958
2029
2031
1953
1952
2029
2027
1951
1977
2059
2084
2008
2034
2139
2144
2115
2151
2267
2282
2229
2238
2316
2318
2241
2240
2291
2289
2205
2197
2241
2255
2169
2166
2246
2236
2172
2194
2290
2291
2231
2246
2333
2357
2322
2369
2468
2496
2469
2498
2578
2611
2554
2588
2639
2657
2598
2622
2668
2658
2603
2591
2649
2627
2559
2544
2580
2563
2481
2482
2528
2542
2460
2479
2547
2555
2485
2477
2529
2521
2448
2438
2489
2484
2412
2416
2506
2512
2432
2444
2515
2546
2465
2491
2572
2577
2542
2575
2651
2669
2637
2655
2717
2729
2717
2722
2751
2762
2742
2746
2763
2759
2740
2735
2740
2737
2698
2695
2724
2732
2708
2728
2758
2776
2773
2790
2798
2810
2805
2804
2812
2802
2808
2789
2819
2809
2814
2800
2809
2789
2769
2726
2729
2690
2607
2562
2558
2514
2406
2371
2395
2359
2242
2189
2201
2159
2049
2023
2074
2048
1955
1937
1999
1997
1926
1948
2029
2060
2029
2080
2194
2235
2212
2239
2360
2396
2331
2351
2440
2461
2401
2425
2516
2518
2461
2467
2549
2521
2474
2458
2510
2483
2395
2359
2418
2384
2307
2272
2338
2320
2225
2210
2258
2243
2177
2160
2220
2222
2237
2131
2203
2203
2114
2144
2217
2241
2177
2196
2284
2291
2244
2275
2364
2369
2284
2284
2354
2322
2220
2222
2268
2248
2156
2136
2172
2160
2038
2015
2072
2042
1949
1942
1999
1979
1915
1906
2001
1977
1930
1945
2019
2024
1960
1972
2039
2062
1984
2003
2081
2080
2006
2032
2105
2109
2024
2036
2110
2092
2006
1991
2061
2040
1950
1948
2015
1993
1921
1916
1984
1979
1892
1895
1969
1953
1854
1846
1904
1886
1796
1800
1871
1884
1821
1840
1935
1955
1914
1930
2037
2049
1992
2027
2128
2138
2091
2121
2209
2246
2189
2203
2310
2319
2240
2254
2343
2333
2269
2271
2326
2322
2245
2241
2287
2286
2197
2194
2236
2217
2128
2121
2159
2160
2059
2054
2114
2113
2039
2024
2106
2133
2049
2065
2171
2168
2104
2130
2208
2218
2162
2161
2229
2252
2183
2197
2277
2238
2170
2136
2179
2149
2018
1995
2046
2001
1914
1911
1977
1963
1897
1923
2014
2036
1971
1994
2123
2117
2068
2093
2178
2208
2155
2187
2272
2306
2270
2277
2359
2363
2310
2326
2398
2398
2355
2375
2454
2485
2444
2472
2549
2563
2497
2519
2598
2607
2553
2553
2605
2630
2574
2600
2652
2676
2628
2637
2670
2675
2639
2646
2684
2694
2676
2695
2720
2744
2723
2743
2756
2763
2742
2731
2746
2734
2699
2686
2713
2698
2663
2642
2676
2678
2623
2618
2653
2640
2591
2574
2615
2606
2535
2520
2560
2550
2484
2485
2534
2517
2441
2426
2452
2458
2363
2350
2409
2414
2333
2331
2412
2397
2334
2319
2372
2350
2243
2213
2251
2214
2111
2092
2147
2165
2091
2095
2200
2206
2152
2167
2259
2280
2221
2228
2317
2337
2287
2295
2386
2394
2311
2295
2338
2300
2198
2164
2198
2187
2079
2043
2091
2058
1934
1896
1922
1909
1796
1758
1814
1787
1707
1712
1809
1810
1759
1787
1875
1906
1872
1909
2011
2032
2002
2024
2146
2181
2148
2185
2311
2334
2311
2358
2475
2490
2455
2483
2569
2561
2538
2552
2608
2628
2585
2583
2651
2633
2591
2581
2618
2593
2531
2503
2528
2489
2401
2375
2444
2376
2279
2243
2273
2233
2120
2060
2095
2047
1957
1930
1997
1976
1907
1886
1973
1978
1891
1897
1977
1983
1917
1941
2012
2025
1960
1967
2033
2020
1944
1933
1962
1971
1879
1851
1938
1922
1821
1818
1895
1905
1804
1812
1879
1891
1811
1822
1923
1937
1895
1941
2048
2091
2065
2088
2216
2229
2179
2183
2254
2238
2147
2134
2213
2170
2054
2057
2091
2067
1974
1953
1996
1962
1862
1843
1907
1884
1800
1802
1871
1896
1822
1855
1970
1997
1942
1975
2077
2084
2034
2045
2127
2145
2067
2062
2127
2136
2050
2050
2130
2112
2007
1983
2041
2005
1921
1893
1944
1942
1837
1847
1912
1904
1844
1855
1931
1957
1906
1929
2032
2044
1991
2023
2108
2135
2084
2125
2244
2246
2216
2237
2341
2347
2310
2323
2413
2420
2364
2371
2447
2458
2386
2388
2465
2469
2401
2402
2469
2468
2403
2400
2471
2460
2389
2378
2423
2433
2341
2339
2394
2370
2326
2328
2400
2409
2348
2363
2435
2444
2381
2399
2469
2493
2428
2432
2517
2512
2505
2465
2544
2537
2467
2463
2493
2519
2413
2399
2451
2440
2361
2371
2431
2438
2351
2352
2413
2422
2346
2355
2436
2424
2344
2349
2441
2414
2342
2349
2424
2426
2353
2355
2457
2453
2416
2437
2527
2536
2487
2512
2583
2612
2591
2624
2701
2715
2721
2747
2770
2791
2797
2817
2820
2843
2843
2862
2860
2877
2876
2893
2888
2904
2905
2916
2916
2927
2929
2939
2941
2947
2949
2954
2957
2951
2951
2897
2893
2759
2674
2572
2602
2564
2501
2505
2566
2576
2550
2579
2674
2703
2712
2752
2777
2808
2821
2847
2855
2881
2879
2906
2902
2928
2921
2944
2939
2961
2953
2976
2966
2988
2978
2999
2991
3001
2980
2758
2705
2506
2445
2434
2501
2500
2433
2457
2522
2534
2518
2556
2641
2685
2662
2706
2746
2765
2766
2778
2787
2786
2757
2709
2699
2628
2515
2435
2451
2393
2262
2206
2253
2171
2080
2027
2082
2052
1983
1992
2082
2080
2037
2079
2190
2219
2195
2240
2350
2348
2309
2345
2428
2407
2351
2330
2373
2367
2260
2220
2261
2221
2052
2002
2060
1993
1901
1881
1956
1948
1891
1909
2010
2039
2000
2048
2164
2233
2198
2249
2380
2393
2360
2413
2479
2491
2434
2442
2515
2490
2425
2407
2451
2441
2350
2315
2401
2358
2243
2215
2261
2227
2152
2150
2222
2219
2155
2157
2255
2254
2174
2181
2248
2268
2161
2164
2233
2218
2157
2166
2262
2276
2202
2223
2303
2332
2271
2283
2382
2384
2341
2350
2437
2458
2403
2413
2488
2498
2453
2471
2545
2567
2503
2507
2575
2581
2529
2553
2608
2628
2580
2589
2649
2638
2596
2578
2622
2599
2539
2507
2567
2495
2417
2376
2421
2383
2288
2261
2307
2287
2192
2170
2237
2201
2103
2077
2133
2127
2032
2042
2129
2094
2011
2000
2042
2024
1933
1928
1976
1953
1883
1881
1952
1938
1878
1891
2004
2011
1958
1985
2093
2134
2110
2093
2194
2201
2162
2187
2288
2290
2231
2243
2338
2326
2275
2286
2369
2360
2299
2298
2371
2340
2268
2246
2309
2303
2205
2180
2252
2198
2121
2106
2150
2122
2033
2012
2061
2033
1923
1889
1931
1877
1788
1758
1818
1802
1741
1758
1820
1813
1734
1728
1792
1774
1674
1637
1694
1669
1568
1543
1628
1587
1517
1522
1597
1581
1499
1493
1560
1532
1438
1426
1493
1488
1396
1418
1480
1484
1421
1419
1488
1495
1430
1434
1501
1475
1406
1406
1494
1454
1386
1400
1482
1487
1433
1470
1585
1586
1565
1590
1697
1717
1677
1713
1832
1863
1825
1868
1997
2028
2002
2039
2147
2166
2108
2126
2215
2200
2143
2156
2233
2241
2166
2157
2242
2239
2162
2148
2212
2203
2108
2102
2155
2148
2069
2055
2129
2108
1995
1978
2024
1980
1890
1880
1950
1948
1879
1907
1992
1998
1947
1979
2074
2086
2049
2066
2165
2190
2137
2185
2271
2310
2266
2279
2364
2363
2272
2224
2257
2177
2036
1985
2024
1980
1870
1869
1911
1929
1846
1876
1994
2000
1947
1961
2059
2071
2015
2043
2166
2200
2144
2167
2258
2267
2183
2188
2242
2221
2143
2127
2183
2192
2093
2080
2148
2136
2059
2071
2153
2132
2061
2044
2112
2105
2016
2021
2093
2139
2073
2116
2188
2222
2135
2156
2266
2270
2231
2263
2372
2378
2347
2390
2479
2504
2471
2491
2583
2573
2539
2526
2584
2581
2539
2521
2597
2582
2518
2513
2568
2557
2508
2495
2541
2505
2423
2398
2439
2443
2366
2363
2447
2416
2374
2372
2446
2431
2375
2393
2479
2503
2461
2483
2580
2576
2549
2571
2627
2648
2615
2620
2645
2666
2613
2602
2654
2636
2575
2548
2615
2561
2488
2454
2478
2462
2348
2314
2362
2309
2232
2204
2256
2219
2135
2117
2167
2134
2038
2014
2071
2012
1920
1881
1935
1898
1783
1748
1784
1745
1598
1547
1555
1510
1356
1297
1321
1246
1124
1078
1119
1058
974
956
1017
1027
925
941
1014
1036
981
1015
1141
1141
1118
1163
1270
1296
1259
1287
1426
1398
1344
1361
1441
1469
1432
1456
1587
1613
1560
1587
1694
1715
1671
1696
1807
1829
1784
1801
1864
1842
1734
1697
1723
1682
1564
1537
1595
1560
1500
1517
1588
1657
1615
1659
1777
1821
1778
1800
1905
1919
1853
1856
1919
1900
1795
1758
1798
1753
1619
1588
1648
1620
1508
1483
1532
1493
1381
1346
1381
1310
1187
1137
1150
1124
999
982
1044
1028
934
913
984
975
899
898
986
989
934
953
1084
1104
1057
1104
1237
1269
1240
1284
1404
1472
1415
1462
1573
1620
1569
1617
1719
1737
1702
1719
1811
1822
1769
1777
1864
1873
1792
1795
1859
1860
1777
1795
1878
1867
1804
1803
1881
1881
1795
1792
1873
1874
1801
1808
1910
1889
1825
1830
1912
1913
1858
1877
1971
1958
1889
1893
1959
1946
1868
1879
1951
1962
1884
1884
1948
1955
1882
1888
1959
1958
1907
1920
1991
2011
1907
1900
1959
1972
1880
1882
1953
1962
1871
1874
1934
1909
1807
1789
1859
1847
1791
1805
1873
1886
1819
1848
1929
1946
1909
1924
2031
2029
1970
1970
2055
2023
1951
1955
2032
2024
1964
1969
2050
2039
1963
1957
2049
2021
1965
1955
2030
2045
1981
1969
2041
2026
1959
1964
2055
2057
1977
1983
2063
2052
1985
1992
2087
2063
1973
1964
2042
2018
1935
1922
1974
1937
1880
1880
1941
1919
1828
1822
1919
1882
1811
1820
1890
1900
1834
1850
1950
1975
1901
1921
1986
2015
1946
1964
2084
2052
1991
2014
2093
2058
1969
1925
1942
1909
1798
1789
1843
1825
1722
1706
1810
1804
1722
1743
1835
1850
1774
1772
1880
1845
1797
1818
1910
1929
1882
1889
2001
1993
1905
1880
1932
1879
1759
1727
1802
1793
1716
1715
1820
1819
1758
1769
1861
1863
1788
1791
1849
1828
1740
1727
1816
1805
1719
1721
1805
1795
1732
1725
1783
1793
1729
1727
1802
1798
1726
1740
1810
1792
1719
1737
1833
1854
1780
1783
1871
1847
1751
1753
1833
1823
1738
1717
1771
1755
1646
1633
1696
1679
1624
1643
1741
1757
1703
1701
1788
1784
1717
1722
1805
1792
1699
1715
1803
1790
1716
1737
1829
1825
1765
1764
1849
1835
1773
1767
1835
1803
1727
1722
1778
1763
1686
1692
1798
1802
1737
1763
1834
1829
1759
1748
1814
1794
1700
1695
1765
1726
1641
1627
1690
1668
1568
1548
1625
1555
1462
1445
1496
1476
1384
1385
1449
1424
1354
1357
1432
1438
1359
1366
1443
1446
1379
1396
1464
1507
1421
1441
1542
1534
1475
1478
1534
1536
1463
1471
1519
1510
1418
1417
1478
1478
1366
1354
1422
1401
1327
1319
1408
1397
1326
1325
1424
1411
1340
1360
1464
1449
1383
1395
1463
1452
1393
1390
1455
1452
1374
1362
1437
1438
1347
1352
1416
1421
1327
1322
1390
1401
1313
1302
1361
1354
1262
1243
1338
1314
1215
1203
1277
1270
1182
1185
1264
1254
1175
1176
1258
1243
1183
1197
1262
1281
1206
1204
1285
1275
1209
1202
1283
1254
1174
1168
1238
1224
1145
1138
1215
1197
1117
1111
1205
1173
1093
1084
1153
1146
1068
1074
1151
1155
1078
1078
1168
1166
1087
1084
1142
1137
1051
1044
1139
1115
1032
1028
1111
1092
1006
1012
1089
1082
998
996
1082
1070
984
984
1067
1076
999
1014
1090
1082
984
995
1074
1074
1004
1009
1108
1092
1004
1012
1087
1081
1003
1003
1083
1068
988
989
1057
1029
956
952
1027
994
918
919
1006
979
892
899
982
955
891
889
947
978
870
875
953
938
873
873
961
951
880
886
973
960
874
877
959
947
876
882
956
948
865
873
946
942
851
848
969
929
836
845
925
910
841
842
916
903
825
834
920
917
844
857
928
926
856
866
935
944
859
854
923
904
823
829
890
883
825
816
892
867
790
788
869
860
775
779
861
853
789
795
880
869
795
805
894
883
806
790
866
849
800
820
900
887
829
836
923
927
839
843
917
909
827
831
885
891
822
823
891
894
809
808
890
877
792
775
854
849
752
761
848
832
751
741
825
813
726
714
800
747
676
671
756
719
651
654
757
740
670
672
763
772
681
697
769
767
695
693
782
790
715
717
794
826
738
743
821
818
745
744
820
816
739
738
804
808
726
730
810
816
745
742
833
813
744
754
832
830
763
758
850
852
781
792
859
609
255
255
257
255
256
256
254
256
689
701
256
257
255
-8
-8

