;UFOS3
;Measurement details: channel = D, date = 12.09.2015, time = 06:57:52
Exposure=455
Gain=0
Temperature=26.7
Accummulate=4
2.315149603510144 mu
2.352313515947952 amas
25.212 hs
0 ozone
26055 uva
10760 uvb
8866 uve
[Value]
-8
256
255
255
255
254
254
254
271
266
318
317
266
266
325
324
273
271
322
335
267
277
345
328
271
270
354
348
278
276
350
331
278
274
335
328
273
271
338
340
273
273
331
333
270
275
351
347
281
278
342
339
270
275
353
346
268
271
347
354
272
281
339
361
278
274
353
332
273
275
327
352
276
280
337
339
269
275
335
337
274
277
360
341
269
273
337
344
273
276
341
352
269
272
341
332
272
272
334
351
277
275
334
346
273
280
356
342
273
275
350
331
275
275
339
349
276
271
331
340
267
272
345
344
270
280
338
330
267
278
349
354
268
274
336
351
269
274
339
337
274
270
348
353
272
277
340
358
271
278
355
351
272
273
344
341
270
274
349
347
271
277
341
336
279
281
345
352
272
274
340
362
272
278
332
350
270
275
347
341
271
278
364
341
278
277
327
335
273
274
339
351
272
279
343
345
277
272
334
345
273
275
336
335
272
274
334
343
271
278
333
337
276
277
348
345
273
274
339
347
272
277
331
349
269
276
344
338
276
276
346
334
276
276
331
345
281
275
354
334
271
272
330
346
270
277
343
342
274
271
342
339
277
273
337
343
275
278
382
342
271
274
349
334
272
271
357
336
269
275
338
332
267
279
341
340
276
267
345
340
275
276
350
344
276
272
354
338
278
270
345
340
271
274
341
333
267
275
344
337
266
270
342
341
273
275
351
344
279
275
341
342
270
273
351
327
280
276
348
333
276
274
348
353
269
272
353
351
277
274
332
340
273
270
346
336
273
270
342
333
270
278
338
350
274
280
336
353
271
279
346
344
274
275
326
336
277
274
336
332
271
279
337
334
270
276
325
340
274
268
347
345
272
277
338
338
272
276
347
344
271
274
337
335
273
277
344
348
274
276
356
337
271
271
340
350
277
278
350
347
276
271
341
357
276
279
351
339
268
281
348
339
277
282
345
349
278
272
340
343
272
277
339
347
275
270
323
341
270
274
342
343
269
272
331
353
271
276
342
341
275
271
349
334
272
272
341
353
270
276
348
371
271
274
339
339
273
280
343
344
274
274
336
335
271
271
351
329
273
270
332
341
274
276
339
335
277
277
333
341
273
271
335
349
265
276
341
347
272
284
346
340
266
282
333
334
274
269
332
345
275
275
344
338
269
272
328
351
267
278
350
352
274
273
337
348
274
274
345
345
272
273
344
350
273
276
338
343
277
273
344
342
276
277
338
334
273
277
344
339
282
274
335
334
273
276
341
350
270
275
335
332
275
275
338
331
271
274
353
337
283
276
346
364
274
276
331
348
277
274
347
346
273
275
341
334
273
272
345
348
272
273
347
355
273
272
343
339
272
277
329
347
271
280
334
349
268
275
341
345
269
278
337
328
278
276
341
345
269
273
351
345
275
275
342
342
276
277
344
334
273
281
352
345
278
275
341
354
282
282
350
332
268
274
332
334
270
272
342
359
272
282
344
343
269
276
332
342
279
276
358
346
275
281
347
344
273
272
344
348
267
274
348
337
268
275
352
349
276
278
338
336
267
275
336
338
268
276
343
345
275
277
349
336
272
274
349
358
278
279
340
328
276
276
339
340
278
280
329
346
277
274
356
345
272
275
334
343
273
278
357
334
277
277
325
344
270
278
343
347
273
274
343
338
273
274
331
333
267
280
347
347
275
282
354
325
271
275
330
336
276
269
338
341
270
272
338
340
271
277
343
336
268
273
336
343
274
278
342
342
280
272
342
340
275
276
334
340
273
272
367
334
273
279
339
340
278
277
341
342
272
280
359
346
278
278
334
331
271
278
356
348
271
281
341
333
271
276
340
341
274
274
349
351
271
273
347
339
276
274
354
347
274
277
330
324
271
272
345
335
273
278
345
331
273
273
341
351
275
272
347
347
271
279
340
338
276
276
335
329
278
270
336
351
274
273
351
334
279
279
343
341
267
273
340
343
276
276
356
346
270
277
327
353
269
278
364
346
272
272
342
348
273
280
346
333
271
274
364
339
272
279
349
341
273
281
343
340
274
274
339
338
281
275
354
336
274
278
339
342
271
281
336
349
281
275
357
339
269
277
351
340
279
279
338
335
269
275
335
347
270
278
331
337
275
272
332
360
274
276
348
341
273
274
351
339
282
274
335
346
269
275
338
345
281
276
340
333
278
277
354
342
274
269
350
335
277
270
359
345
269
275
343
340
273
283
350
347
284
281
329
347
266
280
335
342
273
276
344
340
271
278
345
333
270
271
336
346
275
283
345
348
272
309
339
347
269
274
337
339
272
269
342
340
272
276
323
344
273
275
344
344
276
271
343
344
275
275
341
351
274
276
350
345
273
279
363
342
271
282
338
343
272
277
335
336
278
276
338
356
272
276
338
344
271
280
349
337
269
275
339
360
269
270
350
336
273
269
350
334
268
279
348
337
274
278
334
353
272
274
335
341
275
280
336
350
272
272
339
342
273
274
346
332
271
279
347
338
273
275
350
345
270
273
346
353
276
272
349
341
268
276
335
344
273
274
339
353
275
274
352
335
270
273
334
353
276
273
351
350
269
280
342
342
274
271
344
339
273
280
335
343
277
283
329
335
272
271
351
340
273
274
333
376
275
275
349
329
277
273
341
347
277
278
340
349
269
277
337
360
272
278
332
338
271
278
342
338
270
274
342
336
278
272
337
355
267
273
322
339
271
276
342
335
272
278
341
336
275
274
335
331
269
277
341
344
272
281
339
345
273
274
346
338
277
271
342
355
275
270
351
331
277
275
351
351
278
274
337
346
273
277
334
348
272
281
345
347
280
269
344
347
269
274
348
353
272
274
340
347
268
283
354
329
272
279
339
354
269
277
343
365
274
274
340
339
275
276
334
355
277
274
350
336
271
275
349
338
271
273
336
342
273
276
353
351
272
280
341
335
270
271
346
336
277
274
342
339
274
278
344
337
275
281
347
358
274
279
343
341
272
280
342
335
273
272
336
352
276
277
349
341
274
273
354
347
269
275
348
343
272
271
346
344
274
280
339
350
271
278
362
343
270
286
336
342
273
277
351
335
271
274
354
347
277
273
344
340
273
277
337
347
273
274
322
337
274
275
339
354
272
280
341
357
270
272
335
331
272
271
350
347
273
275
351
343
286
276
346
349
271
272
337
350
270
279
351
340
275
282
349
339
272
271
344
346
274
279
330
352
295
273
344
336
271
279
336
343
271
281
334
345
271
279
338
346
271
272
334
347
278
273
345
340
269
278
352
339
276
277
355
347
273
280
321
349
275
280
344
355
274
274
338
348
269
273
334
343
276
276
345
334
275
276
345
331
275
282
346
340
271
278
332
344
279
276
337
348
276
282
344
343
272
274
330
338
273
279
361
353
274
277
353
338
273
274
336
344
273
274
347
344
271
282
331
344
273
281
342
351
271
280
337
358
275
274
342
354
271
280
353
355
271
281
344
353
269
273
355
336
273
275
352
340
274
274
338
340
271
280
332
337
273
277
332
354
279
279
343
334
272
278
347
342
273
278
333
344
270
279
341
341
277
280
337
341
267
275
340
351
270
274
349
346
270
275
362
345
272
274
356
338
269
277
348
363
270
276
335
350
272
275
342
346
276
277
343
332
273
274
353
358
275
278
342
366
272
278
343
337
273
283
352
346
272
272
353
350
271
274
336
337
273
275
343
333
276
280
346
350
275
273
340
344
269
276
340
346
275
277
332
343
277
276
328
330
274
275
347
352
267
278
347
342
272
272
344
345
273
279
344
334
267
277
342
347
273
275
332
343
268
274
348
346
277
274
343
330
270
275
339
333
272
278
339
341
272
274
349
353
271
278
348
344
271
278
353
346
274
272
348
334
285
280
350
349
272
275
335
339
276
275
348
341
270
275
340
329
279
281
338
343
364
281
347
347
267
282
347
347
276
280
343
337
270
272
346
344
270
275
345
342
271
278
342
344
273
282
339
345
276
274
349
346
270
275
345
340
277
274
355
329
277
278
344
340
273
284
340
356
272
282
345
349
270
278
337
349
271
278
354
344
274
276
345
343
275
272
349
336
276
277
345
344
272
273
351
346
275
273
340
344
275
273
341
342
281
276
336
341
274
276
347
344
276
279
348
340
271
274
342
350
275
275
350
348
269
276
350
337
270
280
341
335
270
278
336
346
277
283
341
334
271
274
332
350
271
278
346
345
276
272
339
357
276
272
355
337
269
278
343
339
280
274
331
348
269
282
358
332
275
276
349
354
271
275
356
341
276
284
351
338
270
279
347
347
267
274
373
344
273
274
339
345
271
275
336
342
277
277
339
341
274
275
341
335
276
276
335
332
272
278
346
342
269
271
340
353
280
276
337
345
274
276
340
353
270
279
339
335
276
273
340
333
272
277
329
345
269
276
355
348
273
273
345
338
275
281
349
344
275
276
340
354
272
278
346
340
273
280
344
341
272
276
343
333
276
276
352
342
279
276
329
347
271
273
344
352
269
270
346
333
273
275
353
345
274
275
347
344
271
276
332
346
276
273
347
339
278
277
345
351
274
271
336
347
274
272
339
348
273
275
343
343
274
277
338
345
278
279
350
361
274
278
340
369
277
272
343
336
271
274
353
347
282
280
343
340
268
276
347
327
274
278
347
338
279
276
344
328
275
278
350
348
267
271
343
327
272
274
347
342
274
277
357
345
272
273
338
327
273
276
340
337
273
277
377
342
274
273
335
334
273
272
346
332
272
276
352
340
274
273
349
364
274
280
349
341
276
279
343
353
270
278
335
335
270
272
319
342
279
272
360
361
275
275
350
359
268
280
344
345
271
275
347
342
271
277
349
344
276
276
362
342
272
274
342
344
274
279
365
346
267
276
339
339
268
278
347
338
271
276
344
340
277
274
335
342
270
279
343
347
271
272
344
337
275
276
341
353
274
277
336
347
273
277
353
356
277
278
351
337
281
274
342
357
272
284
346
337
276
283
333
338
271
274
352
344
273
281
342
340
269
277
354
343
276
278
354
345
275
277
353
347
276
276
340
350
269
269
344
346
275
279
351
348
281
274
345
346
277
278
336
347
270
280
352
330
275
284
343
346
270
274
343
348
272
272
340
358
273
273
361
345
335
282
356
350
271
275
330
362
269
275
342
339
272
278
351
351
269
271
338
339
271
276
349
344
271
269
358
337
270
273
347
353
274
275
349
339
273
272
355
354
270
283
344
340
269
279
350
343
269
273
335
334
277
278
331
350
278
277
337
344
275
273
356
349
278
274
352
347
272
285
350
327
268
282
349
350
268
274
346
359
274
279
357
333
269
278
340
328
272
276
357
337
270
278
322
337
271
279
343
343
274
271
336
334
275
277
350
369
269
278
337
327
270
279
355
344
272
276
328
340
278
276
351
345
270
283
343
332
274
274
337
345
268
274
347
334
274
275
349
351
272
271
344
339
271
274
350
349
278
280
358
338
279
275
344
335
276
279
352
338
266
277
344
340
277
280
352
332
277
276
359
332
271
273
334
339
269
275
350
367
267
272
360
336
279
278
346
338
272
276
354
341
268
278
336
351
276
280
348
339
269
279
334
339
268
277
352
338
276
287
341
352
268
272
363
354
273
276
342
332
273
279
343
340
270
276
350
341
273
278
332
359
273
277
348
336
272
273
349
350
269
279
347
350
275
274
346
340
270
275
329
344
281
281
350
341
281
285
342
350
276
276
338
331
273
281
351
342
271
273
356
338
269
277
345
341
268
275
360
330
271
276
357
347
272
273
339
345
270
275
364
355
275
274
332
346
268
276
366
339
272
277
340
335
271
277
341
333
274
277
350
332
278
279
359
345
275
275
351
353
323
273
345
330
272
270
352
339
273
277
344
330
273
276
350
344
271
273
354
337
272
277
342
347
274
278
359
331
275
280
342
334
272
269
344
344
276
279
348
328
276
275
344
328
271
281
345
335
271
279
342
342
277
273
342
343
274
270
364
331
276
280
344
336
274
280
354
341
274
273
336
343
266
282
338
340
280
275
329
335
273
276
341
320
272
276
352
327
271
275
347
340
270
276
354
327
281
276
343
330
274
277
350
344
269
277
348
330
270
276
338
335
272
273
349
332
271
279
346
353
273
273
355
351
280
276
340
340
272
276
339
341
273
275
349
346
270
274
343
333
272
280
345
344
270
280
345
332
269
277
347
340
277
273
345
344
271
275
335
345
273
274
350
352
272
274
354
339
272
271
347
347
271
282
340
342
270
274
366
343
275
269
345
340
271
273
359
352
273
282
342
341
271
280
353
340
283
278
349
354
273
271
351
341
275
279
352
345
282
279
353
357
274
270
332
351
275
279
344
353
273
278
356
341
271
275
367
339
274
280
346
338
271
273
356
334
278
275
354
332
273
269
358
344
271
274
352
342
274
273
354
333
273
278
335
351
278
281
352
329
274
272
351
331
276
276
350
340
268
274
370
340
278
278
340
345
276
273
329
355
278
269
360
349
269
276
367
339
274
274
343
355
278
275
344
332
279
276
347
336
274
275
339
338
272
274
346
324
279
277
353
342
277
275
345
358
276
272
338
359
270
275
351
337
274
275
347
328
275
281
345
357
271
281
337
343
275
279
360
337
277
279
344
341
271
276
384
338
277
279
339
342
282
274
361
354
278
275
349
343
276
281
348
350
277
278
349
339
270
275
340
341
270
277
345
329
273
281
334
353
273
274
344
346
270
272
345
349
273
278
341
343
272
277
344
355
277
276
355
355
273
281
345
339
274
276
355
341
278
279
340
347
271
271
349
354
276
279
350
346
278
277
354
345
278
272
355
344
273
279
362
351
279
278
352
370
274
276
343
348
272
282
352
339
280
279
341
337
275
275
349
354
280
279
350
351
271
273
345
343
272
275
347
347
273
277
345
337
273
277
348
352
280
271
345
332
271
279
350
337
272
278
354
339
271
279
338
349
272
276
338
343
279
275
344
345
279
279
346
369
275
274
339
350
272
276
351
348
271
272
345
342
273
276
349
337
271
277
341
343
274
279
346
348
277
274
353
343
275
277
361
339
278
281
351
326
278
283
355
350
273
275
367
330
275
272
335
341
279
281
351
339
275
275
345
347
270
280
355
339
276
282
359
340
278
271
355
341
274
284
350
329
275
286
358
340
273
281
365
344
275
286
342
342
274
280
353
354
274
282
328
362
275
275
371
332
277
288
360
332
274
271
340
348
271
277
361
357
276
277
366
349
269
278
347
355
277
272
363
330
279
276
344
345
281
281
363
353
275
274
357
344
279
272
351
349
276
278
361
353
277
275
348
338
275
272
348
343
270
273
351
350
270
276
355
340
282
278
337
341
275
276
344
344
272
279
344
337
271
274
341
355
272
275
361
351
276
279
354
349
274
278
346
352
275
280
348
339
281
278
354
336
274
274
353
340
275
273
353
350
274
281
361
348
270
278
357
348
278
275
350
332
277
271
350
332
273
274
340
342
275
277
354
349
272
281
349
335
280
279
350
344
269
277
362
343
273
277
345
344
277
275
373
331
271
276
346
342
276
284
355
337
272
280
347
348
275
279
348
347
277
279
338
364
275
276
351
340
281
281
347
341
269
281
344
338
272
280
343
356
273
273
348
336
270
277
355
336
272
276
349
335
270
275
352
337
271
277
345
335
277
277
341
344
276
275
347
355
275
276
346
352
273
278
343
361
280
279
349
345
276
272
360
354
275
280
350
347
269
277
353
338
274
274
351
335
277
283
342
360
284
275
344
336
276
275
353
344
277
271
348
343
279
278
352
334
274
274
369
342
273
273
338
338
271
274
341
345
275
274
352
347
275
278
344
347
272
278
359
352
279
278
355
349
271
275
345
347
280
276
359
347
276
276
348
342
274
282
359
353
267
279
352
352
273
278
363
356
272
280
352
347
278
281
356
338
275
271
345
331
271
275
355
334
271
280
366
349
276
278
353
335
276
279
339
375
274
281
357
339
281
276
349
338
274
277
362
343
271
279
355
337
281
275
348
343
270
280
352
346
274
275
386
347
272
274
344
332
272
281
350
346
270
273
349
341
274
280
347
345
277
279
348
356
277
277
352
340
274
276
339
339
282
279
354
339
276
277
354
347
272
273
352
340
279
277
359
346
271
274
353
349
279
272
344
327
279
283
348
330
273
279
357
358
276
285
352
350
274
278
331
338
276
280
343
351
273
274
350
342
276
274
353
353
274
284
364
344
275
270
355
347
276
276
373
335
278
274
360
335
278
273
366
350
275
270
349
354
269
279
350
348
276
276
354
350
280
278
340
369
276
277
349
345
275
276
349
350
277
276
341
343
272
274
343
344
276
274
359
339
275
280
352
345
275
271
347
348
276
276
352
349
255
254
256
255
255
256
254
255
270
279
255
256
253
-8
-8

