;UFOS3
;Measurement details: channel = S-D, date = 12.09.2015, time = 07:08:36
Exposure=293
Gain=0
Temperature=27.1
Accummulate=4
2.23497062540163 mu
2.2675181431612046 amas
26.217 hs
308 ozone
119217 uva
1623 uvb
320 uve
[Value]
-8
-6
-9
-7
-7
-5
-8
-7
-10
-9
-8
-8
-9
-10
-8
-9
-9
-10
-10
-8
-10
-1
0
0
-1
-1
0
2
0
0
-1
0
0
-1
0
-1
0
-2
0
0
0
1
0
-2
2
1
1
-1
1
1
0
2
-2
0
2
-2
0
-1
-1
1
0
-1
1
0
1
0
2
0
0
0
-1
0
2
-1
1
-4
1
0
1
0
2
1
2
-1
1
-1
-2
0
1
1
1
-2
-2
0
1
1
-1
-1
4
-2
2
0
2
1
3
-1
1
4
1
-1
0
1
-2
-1
-1
1
-1
3
-1
0
-1
-2
-1
-2
-1
1
-1
-1
-3
-1
2
-3
1
0
3
-2
-2
-1
3
0
3
2
0
-2
1
0
2
-1
2
-1
-1
0
1
0
-1
1
0
1
3
4
1
0
-1
-3
-1
3
-1
1
0
2
-2
3
-1
0
0
1
1
1
3
1
-1
3
1
0
1
-1
1
-2
-1
0
1
2
-1
1
1
1
3
-3
-1
-1
1
-2
2
-1
-1
0
-1
3
-1
0
1
-1
1
1
0
2
1
1
-2
-1
1
0
0
0
-2
2
1
1
1
0
-1
-1
3
0
0
-1
1
1
-1
2
-1
-3
1
1
0
-2
-2
1
1
0
0
-1
1
-1
-1
-3
1
-2
3
-3
0
-1
1
1
0
0
0
-1
-1
1
0
-1
2
0
-2
0
1
-1
2
2
1
2
1
-1
1
1
3
-1
0
-2
0
-1
0
2
0
1
0
1
-2
-1
0
0
-1
1
-1
-1
0
2
-1
2
0
1
1
-2
2
0
2
-2
2
-1
2
-4
1
0
1
-1
1
2
1
2
-1
1
2
-1
2
0
1
2
2
1
1
0
0
-1
2
0
-2
-1
0
-1
2
-1
2
-2
-2
0
0
1
0
0
0
1
2
0
-1
2
-4
1
2
0
1
1
1
0
1
1
0
0
0
-2
1
0
1
2
1
0
1
1
-1
2
-2
-2
1
-1
3
1
1
0
1
1
0
1
1
-1
1
-1
4
-2
1
-1
1
2
0
5
-1
0
0
1
2
1
0
-1
2
0
1
1
0
-1
1
2
2
1
1
-2
1
1
1
0
0
1
2
-1
-1
2
0
4
1
0
3
3
0
-1
4
1
2
1
1
1
3
0
1
3
1
3
0
2
4
0
1
0
1
0
2
2
1
3
3
1
3
2
1
0
5
0
0
1
0
2
0
3
-1
2
1
1
2
1
1
1
1
3
1
2
2
0
2
2
2
0
0
1
1
2
2
-1
5
1
-1
-2
4
2
6
2
2
1
0
4
2
2
1
-2
1
1
0
2
1
0
4
2
3
3
4
4
0
4
2
0
3
2
2
2
2
2
0
3
3
1
2
3
1
1
1
1
1
1
4
3
3
5
4
1
3
2
3
2
5
4
0
0
5
0
4
3
4
5
2
3
2
2
3
3
5
2
3
7
1
2
2
2
2
2
4
3
5
6
5
3
4
5
5
3
2
5
5
4
4
2
3
5
5
3
5
4
5
4
4
3
6
8
2
5
2
5
5
4
5
6
5
5
5
5
5
8
8
7
7
6
6
6
8
6
8
10
9
8
8
7
11
9
15
13
10
11
11
11
10
9
9
12
14
12
13
11
12
12
14
13
10
13
9
12
11
11
14
15
16
15
15
15
15
16
16
15
14
17
16
18
15
17
19
17
19
18
22
23
20
24
24
23
26
28
28
27
28
26
29
30
29
24
29
29
28
26
30
26
27
28
26
26
29
30
31
27
28
29
30
33
33
33
31
35
34
35
38
36
39
39
39
42
42
42
42
43
47
44
51
53
55
54
57
58
58
58
63
65
64
64
66
63
70
67
67
69
72
75
75
71
74
71
75
74
74
74
72
78
80
76
83
81
79
82
82
83
82
81
82
84
83
83
85
86
81
84
82
83
83
77
79
78
77
77
78
80
80
79
82
82
84
84
89
86
89
87
95
89
88
89
91
91
93
91
92
96
96
96
104
102
103
104
110
113
115
115
123
127
131
134
143
148
149
149
156
158
159
160
157
159
165
161
165
166
161
166
165
168
159
160
159
160
159
159
156
158
158
154
157
156
154
152
151
151
158
158
160
161
161
163
165
166
168
167
170
174
173
180
183
184
185
187
192
193
193
191
195
191
193
194
191
191
188
187
189
189
190
187
192
192
191
194
199
204
206
211
214
214
223
223
232
235
236
237
242
242
238
238
243
239
236
235
239
238
228
232
237
240
243
237
248
250
251
251
258
263
268
270
284
285
295
298
307
306
305
304
307
309
303
305
300
295
288
279
278
274
268
265
264
261
258
252
257
256
253
255
262
269
274
279
287
291
302
305
324
340
339
354
361
372
375
382
395
403
411
417
432
436
443
456
463
467
470
480
489
493
493
499
505
508
511
512
520
518
511
503
505
499
480
481
474
456
452
446
440
426
432
432
431
433
431
430
435
439
439
447
460
477
488
496
518
533
544
558
574
583
590
585
585
582
586
578
580
579
564
557
560
550
545
540
538
537
526
514
523
516
516
516
519
527
528
538
551
561
560
566
583
587
598
604
617
624
634
637
654
659
656
663
679
680
683
683
685
682
678
671
670
663
648
645
628
623
604
594
581
573
563
561
553
550
545
539
545
543
549
557
561
562
567
569
577
578
578
576
582
587
583
578
577
580
575
561
567
556
547
539
530
522
507
498
493
487
475
474
470
472
473
474
478
481
476
480
484
484
488
491
503
509
514
516
527
538
544
552
567
565
576
575
589
586
597
593
603
613
612
616
635
638
639
643
658
661
665
676
677
677
680
677
681
673
663
665
664
659
650
638
644
643
629
635
633
632
628
629
634
638
637
641
663
678
689
699
721
737
749
770
793
817
825
847
870
883
889
905
932
944
951
961
970
974
968
973
979
987
990
999
1007
1008
1009
1022
1028
1028
1033
1034
1042
1042
1039
1039
1044
1048
1045
1050
1064
1057
1052
1063
1066
1071
1065
1060
1063
1054
1046
1050
1048
1044
1039
1040
1050
1053
1042
1039
1047
1037
1036
1027
1039
1030
1032
1028
1037
1042
1036
1042
1049
1050
1039
1055
1054
1057
1068
1079
1091
1107
1112
1133
1160
1175
1188
1203
1232
1239
1260
1281
1306
1328
1344
1367
1400
1418
1434
1455
1479
1488
1479
1495
1507
1514
1525
1537
1549
1554
1569
1565
1558
1558
1548
1535
1542
1537
1523
1507
1511
1488
1463
1446
1430
1412
1395
1381
1369
1346
1334
1316
1320
1300
1305
1289
1310
1302
1305
1307
1302
1306
1301
1303
1310
1324
1315
1324
1334
1328
1334
1325
1332
1346
1330
1342
1356
1353
1362
1359
1367
1366
1352
1356
1358
1361
1354
1343
1354
1353
1350
1344
1343
1342
1341
1336
1331
1322
1300
1283
1277
1266
1255
1248
1254
1246
1245
1246
1262
1270
1268
1259
1257
1249
1238
1239
1230
1214
1201
1189
1189
1177
1174
1165
1164
1145
1141
1127
1130
1128
1113
1100
1098
1102
1091
1094
1105
1122
1130
1135
1157
1167
1185
1194
1203
1211
1214
1204
1210
1207
1197
1190
1190
1180
1184
1175
1184
1179
1177
1173
1174
1188
1172
1166
1177
1186
1175
1190
1201
1208
1214
1221
1227
1238
1232
1223
1210
1189
1159
1130
1108
1077
1049
1026
1009
984
972
967
956
948
938
936
940
931
936
936
953
962
962
974
990
995
993
1000
997
980
972
965
953
939
924
909
901
893
892
891
904
918
927
948
974
992
1020
1041
1065
1074
1082
1099
1108
1111
1116
1112
1133
1133
1136
1142
1145
1147
1140
1137
1141
1137
1141
1149
1165
1171
1175
1191
1202
1217
1241
1261
1277
1292
1300
1312
1316
1316
1306
1306
1313
1301
1292
1293
1291
1273
1272
1275
1284
1283
1288
1300
1304
1317
1326
1340
1361
1375
1389
1417
1455
1473
1500
1517
1546
1565
1577
1589
1600
1606
1605
1606
1620
1618
1609
1598
1603
1593
1573
1568
1549
1541
1534
1531
1525
1531
1529
1527
1533
1536
1527
1534
1524
1511
1504
1498
1490
1486
1489
1484
1495
1492
1504
1503
1517
1527
1541
1549
1579
1577
1588
1609
1625
1649
1675
1676
1694
1714
1714
1724
1746
1751
1737
1742
1753
1737
1741
1732
1727
1719
1713
1714
1721
1728
1741
1745
1764
1773
1780
1784
1787
1784
1783
1789
1787
1788
1781
1785
1790
1794
1777
1764
1751
1748
1730
1706
1692
1659
1632
1601
1574
1552
1522
1496
1464
1439
1408
1362
1334
1302
1271
1242
1233
1215
1200
1198
1188
1187
1191
1207
1230
1254
1281
1314
1354
1390
1414
1443
1466
1492
1506
1525
1544
1555
1567
1578
1599
1607
1606
1622
1625
1630
1617
1606
1608
1581
1565
1558
1536
1521
1500
1475
1460
1441
1419
1407
1387
1366
1357
1355
1348
1344
1328
1325
1332
1337
1340
1346
1366
1369
1386
1401
1433
1442
1454
1470
1484
1489
1484
1483
1480
1470
1464
1452
1448
1438
1419
1393
1380
1364
1331
1322
1306
1289
1264
1253
1250
1235
1218
1219
1227
1216
1228
1229
1239
1242
1243
1254
1262
1267
1262
1276
1288
1292
1294
1305
1312
1307
1303
1303
1307
1307
1291
1281
1282
1268
1252
1249
1240
1241
1222
1226
1223
1219
1215
1205
1205
1195
1175
1168
1163
1148
1142
1141
1153
1164
1168
1184
1204
1224
1231
1250
1274
1287
1307
1324
1352
1369
1384
1399
1424
1447
1471
1471
1497
1518
1509
1519
1530
1536
1529
1529
1521
1522
1509
1506
1503
1485
1476
1459
1452
1438
1419
1395
1380
1365
1354
1341
1334
1325
1317
1320
1323
1335
1343
1353
1374
1392
1392
1403
1423
1430
1433
1442
1451
1456
1440
1436
1428
1428
1404
1382
1372
1341
1320
1301
1287
1268
1248
1244
1248
1254
1260
1273
1295
1313
1321
1346
1358
1380
1403
1419
1452
1468
1494
1524
1555
1586
1607
1617
1635
1648
1652
1662
1677
1681
1703
1716
1724
1738
1748
1758
1770
1790
1789
1791
1808
1810
1813
1825
1834
1839
1853
1855
1875
1875
1882
1889
1899
1900
1910
1910
1907
1908
1894
1887
1885
1863
1849
1828
1810
1800
1782
1786
1777
1771
1766
1768
1772
1786
1791
1803
1809
1822
1825
1829
1848
1844
1843
1847
1862
1867
1862
1863
1881
1897
1918
1931
1944
1952
1940
1945
1929
1914
1902
1888
1868
1854
1832
1817
1811
1785
1753
1725
1691
1654
1626
1589
1553
1532
1501
1496
1486
1492
1493
1505
1520
1541
1544
1559
1578
1590
1596
1613
1635
1654
1656
1671
1672
1661
1657
1640
1615
1611
1559
1534
1517
1494
1470
1427
1411
1377
1341
1308
1290
1253
1226
1209
1200
1184
1179
1174
1183
1201
1221
1236
1268
1304
1322
1358
1388
1417
1436
1465
1512
1547
1579
1615
1651
1687
1726
1755
1789
1815
1831
1849
1866
1877
1892
1886
1899
1913
1918
1915
1932
1928
1926
1912
1915
1904
1888
1873
1844
1830
1788
1759
1725
1704
1669
1626
1600
1571
1529
1487
1466
1431
1405
1393
1388
1375
1356
1355
1360
1369
1359
1368
1377
1375
1384
1397
1402
1421
1426
1418
1436
1429
1426
1413
1412
1397
1372
1370
1357
1342
1328
1334
1323
1324
1318
1312
1321
1319
1329
1328
1357
1377
1394
1422
1461
1504
1531
1565
1595
1620
1627
1638
1654
1628
1617
1593
1580
1564
1545
1528
1500
1484
1458
1437
1417
1396
1371
1353
1345
1325
1313
1316
1322
1332
1337
1365
1389
1414
1439
1470
1480
1506
1519
1525
1539
1547
1541
1537
1530
1527
1519
1516
1513
1491
1479
1462
1447
1425
1406
1390
1370
1361
1353
1348
1342
1354
1347
1367
1381
1404
1415
1436
1456
1476
1494
1518
1551
1575
1602
1629
1654
1684
1702
1719
1748
1766
1791
1799
1822
1835
1830
1841
1864
1863
1859
1866
1871
1867
1879
1875
1876
1882
1882
1871
1874
1877
1869
1866
1864
1845
1839
1834
1821
1828
1827
1831
1837
1843
1846
1861
1874
1871
1886
1894
1908
1915
1917
1929
1931
1935
1932
1943
1936
1922
1904
1893
1877
1856
1839
1834
1838
1822
1813
1809
1815
1819
1824
1827
1836
1847
1853
1866
1867
1882
1872
1865
1872
1883
1883
1882
1899
1890
1917
1937
1957
1967
1985
2008
2019
2036
2068
2071
2100
2120
2138
2173
2193
2218
2240
2265
2269
2289
2323
2327
2330
2343
2370
2377
2365
2381
2414
2419
2399
2415
2460
2456
2438
2426
2455
2440
2391
2368
2367
2334
2281
2251
2226
2183
2148
2112
2091
2059
2034
2032
2020
2020
2039
2061
2077
2116
2158
2197
2248
2306
2325
2366
2429
2456
2444
2480
2532
2556
2515
2535
2588
2603
2559
2580
2611
2604
2542
2457
2415
2266
2185
2122
2077
2044
2026
2023
2008
1987
1992
1989
1984
1997
2013
2036
2074
2110
2144
2186
2213
2247
2262
2278
2299
2294
2275
2253
2228
2177
2119
2071
2012
1958
1915
1867
1817
1765
1737
1690
1649
1614
1597
1579
1584
1585
1591
1615
1646
1672
1711
1743
1772
1810
1838
1869
1881
1887
1899
1903
1898
1887
1873
1856
1814
1776
1734
1685
1630
1573
1547
1504
1485
1455
1465
1466
1471
1489
1515
1548
1578
1637
1688
1729
1785
1823
1879
1909
1934
1967
1986
2000
1998
2007
2001
1999
1987
1972
1963
1928
1910
1899
1864
1843
1818
1784
1768
1747
1724
1711
1725
1722
1702
1722
1726
1723
1735
1736
1740
1737
1724
1728
1730
1731
1725
1744
1758
1777
1792
1790
1818
1826
1835
1859
1885
1900
1927
1943
1962
1971
1978
1991
2014
2017
2039
2039
2067
2083
2099
2093
2102
2111
2131
2136
2139
2150
2163
2161
2159
2167
2163
2149
2129
2114
2098
2067
2052
2018
1982
1953
1927
1898
1873
1843
1827
1804
1779
1762
1733
1706
1685
1661
1656
1635
1637
1624
1616
1609
1582
1570
1570
1542
1527
1504
1497
1483
1473
1469
1472
1475
1475
1489
1511
1539
1557
1577
1607
1639
1654
1681
1715
1734
1738
1766
1784
1797
1816
1821
1843
1851
1867
1861
1868
1876
1872
1869
1872
1858
1833
1827
1816
1791
1774
1756
1740
1717
1690
1672
1655
1634
1603
1585
1564
1538
1488
1465
1426
1403
1374
1364
1349
1347
1338
1344
1344
1342
1330
1316
1308
1292
1267
1238
1220
1201
1174
1162
1154
1149
1134
1136
1144
1129
1117
1106
1099
1070
1061
1047
1042
1035
1023
1025
1034
1038
1042
1049
1057
1058
1051
1054
1057
1044
1036
1033
1031
1018
1015
1016
1037
1049
1068
1094
1126
1153
1175
1213
1239
1273
1297
1334
1367
1403
1442
1487
1527
1565
1605
1638
1673
1696
1700
1713
1730
1732
1728
1738
1744
1744
1737
1745
1750
1741
1735
1728
1725
1711
1693
1684
1674
1667
1659
1645
1629
1613
1590
1556
1515
1472
1418
1399
1383
1367
1358
1370
1379
1395
1402
1430
1449
1495
1516
1541
1589
1616
1653
1701
1745
1773
1801
1822
1836
1830
1811
1797
1763
1730
1698
1671
1647
1641
1620
1624
1625
1633
1646
1657
1676
1682
1683
1682
1692
1682
1680
1695
1715
1736
1735
1761
1768
1765
1758
1736
1734
1715
1710
1690
1685
1674
1657
1648
1646
1635
1637
1633
1643
1639
1623
1607
1601
1601
1598
1604
1621
1635
1651
1673
1690
1706
1714
1729
1761
1784
1809
1830
1869
1901
1923
1951
1990
2006
2028
2061
2071
2083
2078
2093
2092
2092
2095
2098
2089
2094
2081
2068
2069
2058
2046
2026
2012
1990
1977
1943
1939
1915
1911
1910
1927
1917
1931
1939
1939
1950
1951
1975
1972
2005
2025
2053
2067
2086
2103
2141
2149
2172
2174
2188
2187
2184
2186
2159
2156
2146
2123
2126
2108
2086
2052
2024
1980
1947
1920
1893
1862
1854
1819
1799
1787
1757
1732
1705
1696
1679
1647
1622
1590
1556
1521
1496
1470
1437
1394
1351
1299
1241
1178
1105
1054
985
910
843
792
738
697
658
639
611
591
576
577
569
572
579
603
617
644
669
684
704
721
728
745
749
752
766
780
797
809
841
874
917
966
1021
1077
1129
1173
1213
1253
1280
1311
1339
1377
1403
1408
1417
1432
1435
1435
1441
1470
1490
1495
1517
1528
1531
1534
1541
1540
1536
1536
1543
1547
1548
1538
1526
1536
1518
1511
1494
1477
1458
1430
1408
1383
1340
1316
1276
1252
1219
1177
1144
1119
1068
1022
979
929
879
828
773
733
697
658
639
620
607
585
571
571
566
561
565
573
582
601
625
653
686
709
750
801
840
885
930
975
1014
1042
1085
1117
1152
1182
1207
1239
1257
1273
1301
1327
1345
1354
1377
1390
1405
1419
1423
1434
1427
1431
1443
1450
1448
1440
1446
1452
1462
1447
1466
1469
1473
1479
1494
1496
1512
1508
1517
1521
1527
1527
1528
1541
1531
1523
1514
1510
1480
1461
1442
1431
1434
1450
1447
1463
1456
1460
1469
1479
1494
1514
1523
1528
1530
1530
1518
1521
1508
1507
1508
1507
1505
1501
1487
1484
1487
1485
1483
1491
1485
1487
1480
1488
1498
1499
1514
1532
1546
1554
1566
1582
1598
1587
1592
1592
1584
1581
1574
1586
1586
1587
1587
1597
1583
1590
1580
1583
1575
1582
1580
1595
1589
1584
1584
1588
1590
1589
1583
1606
1611
1596
1609
1620
1619
1622
1615
1625
1612
1596
1591
1586
1575
1543
1531
1534
1516
1487
1466
1450
1429
1418
1406
1403
1393
1378
1372
1394
1412
1421
1446
1475
1498
1508
1525
1544
1552
1567
1594
1616
1626
1629
1626
1620
1615
1582
1540
1490
1429
1368
1338
1333
1336
1326
1323
1341
1351
1362
1377
1400
1414
1420
1424
1430
1432
1441
1466
1485
1506
1516
1539
1559
1568
1564
1562
1552
1536
1524
1510
1504
1485
1470
1466
1455
1460
1453
1465
1471
1479
1473
1458
1439
1403
1381
1360
1354
1345
1341
1332
1334
1332
1322
1314
1320
1313
1327
1350
1354
1369
1369
1378
1391
1388
1392
1409
1427
1436
1434
1432
1430
1430
1422
1426
1429
1423
1419
1406
1393
1374
1357
1345
1342
1325
1310
1321
1333
1323
1333
1338
1343
1351
1359
1365
1386
1384
1390
1393
1406
1420
1435
1439
1456
1456
1466
1468
1471
1485
1475
1473
1474
1476
1474
1478
1471
1481
1473
1481
1490
1500
1491
1480
1485
1466
1451
1436
1428
1409
1389
1365
1361
1347
1325
1323
1308
1289
1254
1221
1199
1165
1137
1101
1075
1052
1016
996
986
968
951
935
930
929
919
916
931
940
960
964
996
1009
1027
1054
1097
1115
1139
1152
1168
1180
1184
1194
1197
1203
1197
1199
1198
1197
1208
1206
1214
1214
1203
1194
1192
1202
1186
1183
1185
1174
1167
1151
1161
1149
1133
1115
1122
1114
1101
1104
1093
1093
1068
1071
1068
1062
1067
1063
1067
1063
1047
1042
1033
1032
1019
1007
997
964
962
948
945
929
915
921
925
913
909
906
908
903
900
898
908
910
906
914
920
924
926
930
943
941
939
939
925
915
903
890
882
874
868
857
854
857
850
850
847
829
819
818
810
804
798
795
800
805
806
800
806
802
791
790
790
776
774
768
775
777
756
763
755
751
746
743
753
749
745
736
744
737
735
734
743
738
746
744
752
753
752
751
753
760
763
760
764
755
752
745
747
742
734
737
742
741
729
726
724
710
698
684
681
675
666
662
663
658
644
646
646
642
641
627
632
629
617
620
616
618
608
610
619
613
606
614
619
615
615
613
619
623
614
622
618
617
618
610
605
606
599
593
589
582
585
583
594
599
587
589
588
591
587
592
596
594
591
591
599
595
596
601
610
591
579
561
555
555
553
557
562
560
552
551
551
541
528
518
517
521
513
514
523
534
532
536
543
548
548
548
560
560
547
535
532
525
513
523
530
533
530
516
522
506
492
483
477
461
458
462
467
459
454
462
481
480
482
500
515
521
517
516
513
515
505
503
510
516
512
507
507
514
509
512
511
508
498
490
485
474
468
471
469
469
462
462
467
473
470
472
478
483
482
485
495
504
510
521
542
544
553
574
580
294
-9
-7
-10
-6
-9
-9
-9
-8
483
484
-8
-7
-9
-8
-8

