;UFOS3
;Measurement details: channel = D, date = 12.09.2015, time = 07:23:32
Exposure=274
Gain=0
Temperature=27.8
Accummulate=4
2.138265036080409 mu
2.1657446671635214 amas
27.541 hs
0 ozone
25184 uva
10418 uvb
8593 uve
[Value]
-4
263
262
263
263
263
263
264
275
272
304
304
272
271
308
311
276
272
308
316
272
277
321
313
275
275
329
326
279
277
326
314
278
278
317
315
276
275
315
321
275
276
312
315
273
277
328
325
281
278
322
317
275
276
329
323
272
275
323
331
272
279
319
332
278
275
327
314
276
277
311
327
275
280
318
319
270
275
317
318
276
276
330
320
274
276
316
322
277
278
319
325
272
274
320
316
274
274
315
327
276
275
315
323
273
281
331
319
275
277
326
313
277
276
315
326
277
275
313
318
271
275
323
321
274
280
316
313
273
278
324
329
273
277
317
327
274
275
321
318
276
273
324
327
273
277
320
331
275
278
332
326
274
275
322
318
273
275
326
324
273
276
320
317
281
281
321
327
273
275
319
336
275
277
315
327
275
277
322
321
274
278
337
320
279
277
311
316
275
278
317
328
274
279
322
323
278
276
315
322
275
277
316
317
274
276
317
321
274
280
314
316
276
276
326
325
276
276
318
323
276
279
316
327
273
277
322
321
277
278
324
314
278
275
316
322
281
276
328
317
275
274
313
323
274
277
322
320
277
274
321
319
277
274
316
323
277
279
347
318
276
277
324
314
274
275
330
317
274
275
320
314
272
278
319
320
276
271
323
317
277
278
325
322
277
275
328
319
277
275
320
319
273
278
320
317
271
278
322
318
271
273
323
319
277
278
326
323
279
277
320
323
274
276
326
313
281
278
324
315
278
276
322
327
273
276
327
326
280
276
316
322
274
273
325
316
277
274
319
316
273
279
318
326
276
281
320
330
274
280
323
320
278
275
311
315
278
275
315
315
274
279
319
313
275
278
313
322
276
273
323
322
274
277
318
317
275
278
323
323
273
275
317
315
275
277
323
324
275
278
329
318
274
274
318
327
277
278
326
322
278
274
320
331
277
281
325
318
273
280
323
319
278
281
325
325
278
274
319
322
274
277
317
322
277
275
309
321
273
276
320
320
272
276
315
327
273
279
319
318
277
275
324
318
274
274
320
327
274
279
324
337
274
275
319
317
276
280
321
322
276
275
320
317
274
274
325
312
274
274
314
319
277
278
321
317
279
278
315
320
277
275
316
326
270
277
320
324
275
283
322
321
271
278
318
315
278
273
314
322
277
275
321
316
273
276
310
325
272
281
325
327
274
274
318
324
277
276
321
322
274
276
321
327
274
277
319
322
278
274
321
322
277
280
319
318
275
277
323
317
283
276
317
317
276
276
320
327
275
276
317
317
277
277
317
313
274
276
328
319
282
277
322
335
275
276
314
324
277
276
326
322
275
278
322
315
277
273
323
324
275
275
322
328
274
274
321
319
276
279
311
321
274
278
316
325
273
277
318
323
273
277
317
313
279
278
318
322
272
277
327
322
277
276
320
319
278
276
322
317
277
283
328
322
279
278
320
327
283
278
326
313
272
276
314
315
273
276
321
332
276
282
322
321
274
278
312
318
280
278
331
320
276
280
322
321
276
275
322
324
273
278
325
317
272
277
327
326
276
279
321
317
272
279
315
320
272
278
323
322
276
277
325
316
274
276
326
331
279
279
320
312
278
279
321
318
280
280
312
322
278
275
331
320
274
277
316
321
277
279
329
313
277
277
308
322
276
277
321
322
275
276
320
319
276
279
314
314
274
279
324
326
276
281
329
310
275
276
315
316
276
274
319
321
273
277
318
318
274
278
320
317
276
277
317
323
277
279
321
322
280
275
321
319
278
277
315
318
274
275
338
315
276
280
321
318
278
278
322
318
276
279
332
322
277
277
316
314
274
278
330
323
275
280
320
315
275
277
320
318
274
277
326
325
275
274
326
317
277
277
326
323
277
276
311
309
273
272
324
317
274
279
322
313
275
277
318
325
276
274
325
321
272
281
321
319
278
276
316
311
278
275
317
324
275
276
326
315
278
277
323
319
272
276
319
321
278
279
331
323
274
276
312
329
273
278
333
324
276
275
321
324
276
278
324
315
274
277
336
316
276
278
327
320
276
280
321
320
278
275
320
319
278
276
328
318
276
280
320
318
273
282
316
323
281
279
331
319
272
278
326
319
279
279
318
313
273
278
318
321
272
280
314
315
278
275
314
334
276
278
325
321
276
279
328
317
279
276
316
322
274
277
319
321
281
276
318
311
281
278
328
321
277
272
323
315
278
275
329
322
273
274
319
320
277
280
328
323
284
281
314
322
270
278
315
322
276
277
321
318
275
277
322
313
272
274
317
324
275
279
320
325
277
299
320
326
271
277
315
319
273
273
321
319
272
277
309
321
274
277
321
320
276
276
321
321
276
276
320
324
277
278
327
323
275
278
332
321
274
281
319
321
272
279
316
314
280
278
316
331
276
279
317
322
273
281
323
318
273
276
318
331
274
275
326
315
275
273
326
317
273
280
326
318
276
277
317
330
276
277
317
323
276
281
318
324
278
277
317
318
275
276
322
314
273
278
326
316
275
276
329
322
274
274
322
327
277
275
323
321
271
276
317
323
275
276
320
327
277
276
326
317
273
278
315
326
277
275
327
326
273
281
321
320
274
275
320
318
275
282
317
321
276
281
312
313
273
272
326
322
274
275
314
344
277
275
325
313
279
274
321
321
279
279
319
324
273
277
320
331
272
279
314
317
275
278
319
317
273
277
321
318
278
274
318
329
272
275
307
321
273
277
321
315
275
278
320
316
275
278
315
314
272
277
319
323
275
280
318
324
276
275
324
318
278
274
323
328
275
274
325
314
276
277
324
325
277
277
318
323
276
278
317
324
275
280
323
325
280
273
321
325
273
275
326
325
274
277
319
324
273
283
330
312
275
278
320
328
275
277
321
336
276
276
320
321
275
277
314
330
278
276
327
315
275
277
325
317
274
276
317
322
276
277
330
325
274
280
320
314
273
272
323
315
276
277
320
319
277
280
323
318
275
279
324
332
276
281
322
319
273
279
321
315
275
275
316
326
277
279
324
319
276
274
327
322
272
275
326
320
275
275
325
322
276
282
319
327
274
281
334
321
273
287
317
319
274
279
326
313
274
274
327
322
276
277
323
319
274
278
318
323
276
276
306
318
275
277
322
329
275
279
320
330
274
275
317
312
277
276
327
325
276
277
327
319
284
278
323
324
272
274
320
326
275
281
327
319
276
281
326
318
274
275
323
321
276
278
312
326
278
276
321
317
274
281
318
321
273
282
315
323
275
280
318
323
273
275
317
323
279
274
322
321
273
279
328
319
277
278
331
322
275
280
308
325
277
280
321
326
276
277
317
324
274
277
318
322
277
277
322
315
276
279
323
315
277
281
323
321
273
277
314
323
277
277
319
324
277
281
323
320
274
275
311
318
274
279
333
326
275
278
326
318
274
277
319
321
275
277
323
322
274
282
315
323
275
280
321
326
272
280
319
330
275
277
321
328
275
279
326
327
273
279
319
329
272
276
329
319
276
276
328
318
273
275
320
319
273
283
313
316
275
278
312
328
277
280
323
314
274
279
324
321
276
279
316
322
273
279
319
320
279
278
319
319
272
276
320
326
274
276
324
325
273
275
336
323
274
275
331
318
273
278
325
333
272
278
317
325
274
276
323
322
275
280
323
314
274
277
328
329
274
279
320
333
275
277
322
316
275
282
328
321
274
274
329
326
275
276
316
317
275
277
322
316
276
280
322
324
276
276
319
321
273
277
319
323
276
279
312
320
278
277
313
311
274
276
324
328
271
279
323
321
275
274
321
322
276
280
322
315
271
278
322
322
275
275
313
322
272
275
327
324
278
276
322
312
274
278
319
314
274
281
320
318
276
274
324
327
274
279
326
322
274
279
328
322
277
275
324
315
284
279
326
324
273
275
316
318
279
276
325
321
273
277
319
312
278
278
319
323
335
280
325
323
272
282
323
321
277
279
320
315
274
276
323
323
271
276
322
320
274
279
319
322
275
279
317
322
276
275
325
323
274
277
323
320
277
277
331
311
279
278
323
318
274
281
319
329
273
282
323
328
272
278
318
323
274
279
330
321
276
276
322
322
276
273
326
317
277
279
325
322
275
275
328
323
276
276
318
322
275
275
320
320
278
279
317
319
276
276
323
318
276
278
323
319
272
275
321
326
279
277
326
327
274
276
324
317
274
279
319
316
275
278
316
322
277
282
319
317
273
276
316
327
273
279
324
320
277
275
318
331
274
276
331
319
272
277
322
319
279
277
314
323
273
282
330
314
277
277
323
329
273
276
331
320
275
282
326
319
272
278
323
322
271
275
341
324
275
276
319
322
275
277
319
322
281
278
318
321
276
277
322
314
276
276
318
314
274
280
323
319
273
276
321
328
279
275
319
322
274
277
320
327
274
278
318
317
277
277
320
318
275
277
312
323
273
278
329
324
274
278
321
318
275
281
327
322
276
278
319
327
275
281
323
318
277
280
323
318
275
277
322
313
278
277
325
318
279
277
313
323
274
277
322
325
274
275
324
316
275
277
328
322
277
278
325
322
274
281
315
324
277
275
325
316
278
280
323
326
275
275
317
324
276
274
319
326
274
276
321
319
276
278
320
323
279
278
325
332
277
279
318
337
277
276
322
314
274
275
329
322
280
280
322
320
274
277
323
311
275
277
323
317
277
278
322
312
276
278
327
324
271
274
320
312
275
275
324
320
276
277
331
323
274
275
320
311
274
277
320
315
275
277
345
319
275
275
317
313
276
274
323
314
275
276
325
319
275
274
326
334
275
281
326
320
276
279
322
328
274
279
314
314
273
275
303
319
279
276
333
332
275
278
326
333
273
278
323
324
274
276
323
320
275
276
326
321
276
276
335
323
273
277
319
322
276
281
335
322
271
277
318
317
271
278
323
315
275
277
322
319
278
278
315
322
272
278
322
322
275
277
320
320
276
277
320
326
275
278
317
323
276
277
329
330
280
278
326
317
280
278
320
329
276
281
325
317
278
280
314
318
274
276
326
323
275
280
322
318
273
277
328
322
277
278
329
322
275
278
329
324
277
278
321
326
271
272
324
324
276
280
326
324
279
276
322
323
279
279
315
324
274
279
325
312
278
284
321
324
272
275
320
324
274
275
318
328
275
277
334
321
317
279
329
327
275
275
312
330
273
277
319
319
273
278
325
327
272
275
315
320
275
277
326
323
273
274
332
316
274
276
323
325
277
277
326
319
276
273
330
326
274
282
323
319
271
278
328
322
272
276
316
316
277
278
313
326
281
276
319
319
276
273
332
326
277
276
328
324
275
282
327
310
272
282
325
326
271
277
324
330
276
279
329
312
271
278
320
313
275
279
330
318
273
281
308
316
273
278
321
320
275
275
317
315
275
278
326
339
272
278
317
311
273
280
329
322
275
278
312
320
280
278
328
322
273
283
320
314
274
277
316
323
272
277
323
315
275
278
327
326
274
273
322
319
274
276
325
323
278
280
331
318
278
278
324
317
279
281
328
317
272
277
321
320
277
278
328
314
278
278
333
313
274
276
313
314
271
277
327
336
272
275
333
319
279
276
324
317
273
276
327
320
273
279
316
326
278
280
325
318
273
280
316
317
273
277
327
318
277
283
322
327
273
276
334
327
275
278
321
313
276
278
322
319
272
276
327
319
274
277
316
332
274
280
325
315
276
276
324
325
275
279
325
324
278
277
323
319
274
276
312
321
281
281
326
318
280
283
319
324
277
278
320
316
275
281
326
320
274
278
329
317
272
277
324
318
273
276
333
313
275
277
331
322
275
274
319
321
273
278
337
329
277
276
315
323
272
279
338
316
274
277
319
316
274
279
321
315
277
279
325
314
278
277
333
322
276
276
328
327
306
277
324
311
274
274
329
320
275
277
321
314
274
277
327
321
275
276
328
317
276
277
322
322
277
280
335
315
277
279
319
314
276
273
322
322
277
277
325
311
279
279
321
311
274
279
325
316
275
280
320
320
276
276
322
323
277
274
336
312
279
281
324
317
274
280
329
322
276
276
317
320
273
279
321
320
281
278
315
317
278
277
320
305
272
278
327
310
274
278
326
320
273
279
328
312
279
276
320
312
275
279
327
323
274
278
324
312
274
277
318
318
276
275
325
316
275
277
323
327
275
275
329
326
282
276
321
320
274
276
317
318
276
277
326
322
274
277
320
317
275
278
322
321
274
278
322
315
274
277
326
319
279
278
323
319
276
276
316
322
275
276
325
324
275
275
328
318
276
275
323
325
271
280
320
322
274
276
335
322
275
274
323
319
271
275
331
329
275
282
320
320
274
281
328
321
280
279
324
327
276
277
325
320
276
279
329
322
280
280
328
330
277
273
316
326
276
277
321
328
275
278
330
315
273
277
334
317
276
280
324
318
273
276
329
315
278
274
330
313
276
273
333
320
274
277
328
318
275
274
329
314
277
277
317
324
279
281
328
309
275
275
326
314
275
277
326
319
272
275
339
322
278
279
318
323
276
275
314
329
277
273
334
322
272
276
338
319
275
277
321
326
276
278
322
312
278
278
324
316
275
276
319
314
275
276
323
309
279
277
327
320
277
275
324
334
278
275
319
332
276
275
326
318
277
276
324
312
278
281
319
331
274
282
318
323
276
280
334
315
276
278
323
318
273
277
350
319
279
280
318
323
282
275
333
329
278
279
327
323
277
278
327
324
277
277
328
317
273
275
321
321
272
277
322
311
274
282
317
328
274
275
323
321
274
273
323
324
275
279
321
323
275
277
323
329
276
276
327
328
275
280
324
317
275
277
330
321
277
278
319
321
275
275
325
327
278
279
327
323
278
278
330
321
277
277
329
322
276
278
336
326
277
278
326
339
277
277
322
321
275
281
325
319
278
279
321
319
278
277
327
333
278
279
325
325
272
275
320
321
275
278
326
324
274
278
323
318
276
277
326
327
279
274
324
315
274
282
325
318
276
278
329
320
275
280
317
325
274
276
318
321
279
276
322
321
281
280
323
340
277
277
319
323
275
278
327
323
274
277
324
321
275
276
327
317
274
279
320
319
276
279
322
323
278
275
330
320
277
275
333
316
279
279
329
309
279
281
327
323
272
278
335
314
276
274
318
319
280
281
325
320
273
278
324
321
273
282
328
321
275
281
331
319
281
276
329
321
276
282
326
311
276
282
330
320
276
280
339
323
275
284
321
322
277
281
328
328
276
280
312
335
275
277
340
313
275
283
332
312
277
275
320
324
273
278
333
328
277
277
337
326
273
278
324
327
278
274
335
313
279
277
323
323
281
279
335
327
276
275
331
323
279
275
330
326
277
276
333
326
277
278
322
319
276
274
325
321
274
275
328
323
274
277
330
319
280
280
317
318
276
277
323
323
274
280
323
316
274
276
320
329
275
277
334
326
276
277
328
324
275
277
324
329
276
281
325
320
279
279
331
318
276
274
327
320
277
276
328
327
276
282
333
327
274
279
329
323
278
275
325
315
278
275
326
313
275
275
321
320
275
277
328
326
275
282
326
317
280
277
326
321
273
278
332
319
275
278
322
320
278
278
340
312
274
277
322
321
276
282
330
320
275
280
325
325
278
279
328
324
280
279
319
337
277
278
326
320
279
281
325
319
272
280
322
317
276
280
320
330
276
276
324
315
274
280
329
316
275
277
324
317
274
278
328
317
275
278
325
314
277
279
319
322
277
275
327
329
278
276
323
325
274
277
322
332
279
279
323
323
277
273
334
328
278
281
326
322
274
278
329
317
277
277
329
316
277
282
320
333
282
277
322
316
278
276
329
321
277
275
323
323
279
279
327
314
276
275
338
322
277
276
317
318
272
277
322
323
277
275
329
322
276
277
322
322
275
278
333
326
281
279
332
327
274
275
324
324
278
278
330
325
278
277
323
321
277
281
331
327
270
278
327
327
275
277
335
329
275
279
328
325
279
281
330
318
277
275
324
314
274
276
330
314
274
279
336
326
277
280
327
315
276
279
319
341
276
280
329
318
282
277
326
318
275
278
334
321
276
278
331
320
280
277
325
322
275
281
329
322
275
275
349
323
275
276
323
315
276
278
328
324
273
274
327
320
277
280
325
320
277
279
324
329
277
277
326
320
274
277
320
320
280
278
330
318
279
275
331
322
273
276
326
321
280
277
332
324
274
275
328
325
279
275
321
311
279
282
324
311
276
279
332
330
276
283
328
324
275
279
313
319
277
277
321
326
274
277
329
320
276
277
329
329
274
283
335
321
277
275
328
324
276
278
340
315
279
276
332
315
278
276
335
326
276
273
327
329
274
279
325
324
276
277
330
325
280
281
319
335
276
278
326
320
274
276
325
325
278
278
320
322
274
276
323
323
278
275
331
318
276
280
326
323
276
273
325
324
278
277
328
323
263
264
263
265
263
263
262
265
272
280
263
263
264
-4
-4

