;UFOS3
;Measurement details: channel = D, date = 12.09.2015, time = 07:42:49
Exposure=380
Gain=0
Temperature=28.5
Accummulate=4
2.0350865031011995 mu
2.057732506773703 amas
29.111 hs
0 ozone
26607 uva
10988 uvb
9055 uve
[Value]
-8
263
262
262
264
263
262
264
280
275
323
326
273
274
330
333
283
280
328
343
274
284
348
334
279
277
359
353
284
282
356
338
286
282
342
335
282
280
342
346
278
281
335
339
278
284
357
354
287
286
348
345
278
282
362
353
276
279
352
361
277
288
345
362
284
282
358
338
281
281
333
356
282
288
343
347
276
281
339
344
282
284
363
346
276
282
343
351
281
283
346
357
280
277
347
339
280
279
339
357
285
282
339
352
280
289
362
346
278
282
358
339
281
283
343
356
284
277
339
344
275
280
350
353
279
285
344
337
276
284
353
360
276
282
343
356
274
281
344
344
280
276
354
359
280
284
346
361
278
283
360
358
278
279
350
346
278
283
356
351
280
281
348
343
287
287
350
357
280
281
343
369
280
282
339
356
278
284
348
347
279
285
371
348
283
284
334
339
283
281
345
360
278
286
349
349
284
279
339
349
279
280
341
344
279
282
340
349
277
282
341
341
283
282
352
352
279
281
344
351
281
282
341
357
277
285
348
346
284
284
352
340
283
284
339
350
289
282
359
341
279
278
337
351
278
284
352
349
280
277
349
344
284
283
341
347
281
286
385
345
279
281
354
340
279
278
361
341
277
281
344
338
277
285
347
347
283
274
352
346
281
286
353
349
283
280
361
345
285
279
351
344
276
282
347
341
275
281
350
344
271
277
349
347
280
282
355
352
286
283
346
348
276
281
355
335
289
283
353
341
285
281
352
360
277
278
359
355
283
281
340
346
280
279
353
340
281
278
347
341
276
284
345
355
282
287
346
360
279
287
352
349
282
281
335
341
283
282
341
340
279
283
345
339
278
286
334
350
280
275
353
351
281
283
342
344
280
285
355
354
280
282
343
341
281
283
350
354
282
284
363
342
278
278
345
357
284
285
358
352
281
277
349
360
283
287
357
345
276
288
352
343
284
288
352
355
284
279
346
351
280
283
341
355
281
277
329
349
277
282
347
348
277
278
340
357
277
281
347
345
283
277
356
342
280
280
347
357
277
283
352
373
280
279
344
343
281
286
350
349
280
281
341
340
278
278
357
334
278
278
338
345
282
284
346
342
284
286
340
348
282
279
340
355
273
282
347
354
276
290
351
345
275
286
339
342
283
276
337
351
282
282
350
343
276
278
332
356
276
285
355
360
281
280
344
355
281
280
350
351
279
280
349
355
279
282
346
349
284
281
352
348
280
284
345
341
281
285
350
343
288
279
341
341
280
282
347
360
276
280
341
341
284
280
343
339
280
283
360
345
288
285
352
367
281
286
337
355
281
281
355
351
279
284
346
341
282
279
353
354
281
281
352
360
281
280
346
347
279
283
335
351
279
284
339
356
276
283
346
350
277
286
345
333
286
283
348
351
276
281
358
350
284
282
352
349
285
286
347
340
280
289
357
348
284
280
346
359
290
287
356
338
272
278
339
338
279
280
346
364
280
287
350
350
276
283
335
348
287
284
364
354
281
286
355
348
282
280
347
353
275
281
354
343
276
284
357
354
283
286
346
342
275
283
346
345
272
281
351
352
281
286
354
343
277
282
357
365
283
287
346
337
281
283
345
344
285
287
337
351
283
280
361
352
278
284
340
346
279
286
361
338
285
282
330
349
279
284
349
351
278
281
350
345
280
283
337
338
277
288
351
354
281
287
362
334
276
282
337
343
283
277
346
346
277
280
342
345
279
281
349
343
279
280
346
353
281
285
349
351
287
279
347
346
283
282
343
345
282
279
371
343
281
286
346
344
287
283
349
345
280
286
366
352
285
286
342
340
277
284
362
355
278
288
347
340
278
285
345
348
280
282
354
356
277
280
351
343
281
283
359
353
282
284
335
331
278
279
351
341
279
287
351
338
280
281
345
357
282
279
350
351
279
286
345
344
284
282
343
335
284
278
342
356
282
282
356
340
283
285
350
345
275
278
345
348
282
285
361
355
276
283
334
358
278
284
368
352
280
278
350
353
280
288
352
339
275
281
368
343
279
286
355
348
281
286
349
347
284
281
347
343
287
283
362
342
282
284
347
347
277
289
341
353
288
283
363
347
277
283
356
348
287
285
345
339
276
284
342
352
278
285
337
343
282
280
339
368
281
285
353
349
281
281
358
344
288
282
339
352
275
280
345
352
288
279
347
337
285
285
359
348
281
277
354
342
283
277
362
349
278
282
346
346
281
290
357
350
291
288
339
353
272
286
338
349
281
283
353
347
279
285
351
338
279
279
343
354
280
289
352
356
280
318
346
354
276
283
343
344
279
276
347
346
277
282
331
349
280
284
350
349
285
279
349
349
281
282
345
356
282
282
357
351
280
287
366
353
279
288
343
350
279
282
340
340
287
284
344
361
279
285
342
348
276
288
356
346
276
283
343
365
279
279
357
342
279
278
354
342
276
286
356
342
282
283
340
360
279
281
341
350
282
288
345
354
283
279
345
346
281
283
351
339
277
286
352
345
281
281
356
352
276
279
353
360
284
278
354
346
275
282
343
351
281
281
346
357
282
280
355
344
277
280
336
361
283
281
357
358
279
288
348
347
281
281
348
347
280
288
342
349
281
288
337
339
278
277
358
345
281
283
340
384
282
281
356
336
284
280
345
350
286
286
348
355
277
285
341
367
277
286
337
342
278
287
346
342
277
284
345
343
285
279
345
362
277
282
329
347
278
282
348
341
277
287
346
341
283
283
342
340
276
283
348
350
277
287
348
351
281
280
353
343
283
278
350
360
281
275
354
336
282
282
355
355
281
282
344
351
279
284
342
353
281
288
354
355
286
276
349
353
276
282
356
357
279
283
346
355
278
290
360
335
282
283
345
359
276
284
347
370
280
281
345
347
282
283
340
360
283
283
356
342
278
282
354
344
278
284
344
347
281
284
360
357
280
286
347
339
277
277
351
342
281
282
347
345
281
285
351
345
282
285
353
364
282
287
351
349
279
288
347
343
279
280
341
356
284
283
353
345
281
280
359
351
276
281
354
348
278
278
354
350
278
288
345
355
279
285
367
350
278
292
342
349
280
284
355
340
278
280
361
354
282
282
350
346
278
281
341
351
279
282
325
343
280
283
346
357
277
288
348
365
277
278
340
337
279
279
358
354
279
281
357
348
295
282
352
353
277
279
343
357
278
286
357
346
283
289
354
344
277
278
351
350
281
284
334
352
284
280
351
343
277
286
343
349
277
287
343
353
279
287
343
350
276
279
341
352
286
280
352
347
276
284
359
342
284
284
361
351
279
287
329
355
282
288
348
358
283
284
344
355
275
280
342
349
282
283
352
340
282
285
348
337
283
290
349
346
280
286
339
351
285
282
343
355
284
290
348
347
279
281
335
344
282
286
369
358
280
285
357
344
281
281
341
351
279
283
352
350
280
290
336
351
279
287
347
356
278
290
348
362
280
281
349
357
279
284
360
362
278
286
349
358
276
281
361
344
280
283
359
347
280
282
342
346
278
288
340
344
280
284
339
359
284
284
351
339
279
286
355
350
281
284
340
351
276
287
345
348
286
287
344
348
276
282
346
358
278
281
355
352
278
281
368
353
278
282
362
345
278
285
352
368
278
284
341
355
279
282
348
353
280
286
350
338
281
281
358
366
282
285
347
368
277
283
348
344
280
289
362
348
280
278
360
354
279
281
342
342
280
281
347
343
283
286
349
355
282
283
346
347
275
282
347
352
281
286
337
350
285
282
335
335
279
282
354
359
275
283
351
347
278
279
349
351
281
288
351
342
275
285
349
351
280
279
337
349
275
280
353
353
283
283
351
338
278
283
343
341
279
287
345
346
280
281
356
358
277
285
352
350
277
285
358
352
281
282
355
338
292
286
356
356
279
282
338
344
284
280
354
348
276
283
347
336
286
287
346
349
366
290
352
353
273
291
354
351
282
286
349
339
277
279
352
351
272
281
352
348
278
284
346
349
279
288
346
352
281
281
355
352
277
283
349
347
283
283
359
335
287
286
349
347
282
289
345
360
279
286
353
359
277
284
343
355
278
284
359
352
280
284
352
351
282
280
356
344
283
285
350
346
279
282
357
356
282
281
345
350
281
280
345
348
286
282
342
347
281
283
352
346
283
287
351
343
279
282
348
354
283
283
356
357
277
282
354
345
278
287
347
341
279
283
344
354
282
291
342
342
276
280
339
357
280
284
350
350
284
280
343
364
281
281
362
344
276
283
351
348
285
282
339
353
276
290
362
339
281
284
356
358
275
283
363
347
283
290
357
344
279
287
353
353
276
279
376
350
282
279
344
351
276
284
340
349
287
284
344
347
283
282
349
340
281
283
341
336
278
284
352
345
277
278
349
360
284
282
344
353
282
283
345
360
278
285
342
345
282
282
346
341
278
286
335
352
278
283
360
355
278
280
349
345
283
287
355
348
282
283
346
358
279
286
351
347
278
287
349
349
280
284
350
340
284
282
357
349
286
286
335
353
278
281
351
358
277
278
351
339
280
282
360
352
281
283
355
350
278
284
338
354
283
281
354
345
286
285
352
357
281
278
341
353
279
279
345
354
281
283
350
347
281
286
346
351
286
286
353
364
281
284
345
373
283
280
351
341
277
282
358
349
289
288
349
346
276
286
351
332
281
284
353
343
286
281
351
337
281
285
359
355
275
280
347
334
278
281
352
347
281
285
364
351
276
279
345
337
278
284
348
342
280
283
382
344
282
280
342
341
281
278
350
338
279
282
357
345
282
280
358
369
281
287
357
347
283
285
351
359
278
286
342
340
278
280
324
349
287
281
366
368
281
283
357
365
277
285
352
354
280
282
352
349
279
283
354
350
284
282
369
349
277
282
347
349
280
286
369
352
275
283
345
345
276
287
350
342
279
282
348
344
286
281
340
350
276
286
349
352
279
279
349
345
279
284
348
357
278
284
344
351
278
282
360
363
285
283
356
342
286
282
347
363
278
290
353
343
284
288
340
342
279
280
356
352
281
288
350
345
274
284
356
348
283
284
359
351
280
285
359
354
284
285
348
359
276
276
354
352
282
287
358
356
286
282
353
350
289
284
343
354
279
287
356
337
283
294
348
352
277
280
346
354
279
279
345
364
280
281
365
349
342
288
362
359
281
281
335
367
276
282
349
345
277
286
356
359
277
280
343
348
278
283
356
352
277
277
365
342
275
280
353
357
281
283
357
345
280
279
362
358
279
290
352
346
276
286
356
350
275
279
342
341
286
284
336
358
288
285
344
349
281
279
364
353
284
282
358
352
279
291
355
335
276
289
354
357
275
282
354
362
281
286
361
340
276
286
346
334
278
286
361
346
278
287
328
342
278
283
349
350
281
279
344
341
282
283
357
373
278
286
340
334
278
288
357
350
281
283
334
347
282
283
358
351
279
289
349
338
280
280
344
352
276
283
353
340
280
283
353
358
280
279
350
348
281
282
358
355
283
286
362
347
286
282
352
344
283
287
359
345
274
284
351
350
284
287
358
340
283
284
363
337
281
280
340
344
276
282
359
374
274
278
365
343
287
284
352
344
280
285
357
348
274
283
338
357
284
286
354
344
276
286
342
342
277
283
354
345
284
293
346
360
276
280
368
359
280
282
348
337
281
287
351
345
278
283
356
347
280
284
342
370
282
285
356
340
280
282
352
357
277
285
357
356
282
280
353
346
276
283
336
348
288
291
357
343
287
292
348
356
281
283
343
338
279
289
358
346
276
282
360
345
276
284
350
348
277
281
368
336
278
283
363
351
280
282
344
349
278
283
372
358
281
280
337
352
276
284
369
345
279
284
346
343
278
283
351
339
282
284
355
338
284
286
365
351
278
280
357
357
324
281
353
338
278
278
358
345
280
283
352
335
278
283
357
349
279
282
359
341
279
284
350
352
282
283
364
339
282
287
345
340
281
277
350
349
282
285
354
337
283
283
350
336
280
288
351
341
276
286
346
348
283
282
348
349
283
275
370
340
285
291
349
343
279
284
360
350
281
280
345
350
278
287
345
350
286
281
335
341
281
282
346
327
277
284
359
334
279
285
355
347
277
284
357
335
287
280
349
338
278
285
356
350
279
283
351
337
278
284
346
341
278
281
355
339
279
285
352
359
277
281
360
357
289
284
348
346
281
281
347
345
281
284
355
350
278
282
348
338
280
288
349
350
277
288
350
339
280
285
353
346
284
282
350
347
279
282
340
351
280
281
352
355
280
282
361
342
279
280
352
353
278
289
344
347
277
282
369
351
280
279
349
346
277
279
362
359
281
291
346
345
278
287
357
345
291
285
353
359
279
279
355
346
284
288
360
348
290
289
359
361
282
278
338
355
283
284
349
360
279
284
364
345
278
283
370
342
280
287
353
343
279
281
361
340
285
282
358
340
281
277
367
350
280
282
358
348
281
281
362
342
282
284
342
357
286
288
360
334
280
279
358
338
283
283
354
347
276
281
375
348
285
285
345
352
282
281
335
361
284
276
367
352
274
285
372
341
280
281
348
359
285
283
348
337
286
283
353
340
280
283
347
345
280
281
353
332
285
283
357
350
282
281
352
364
284
281
344
363
279
280
357
345
281
282
354
335
284
288
351
362
276
288
343
350
281
285
367
341
282
286
352
346
277
284
389
345
285
286
343
347
289
281
364
359
284
285
357
351
284
288
357
358
283
287
358
345
278
282
346
348
275
285
353
335
280
288
339
357
280
281
351
350
281
279
350
355
279
284
347
350
279
283
353
363
284
283
360
362
280
289
352
344
281
284
360
350
286
286
347
353
278
280
356
359
281
286
355
352
283
284
359
349
285
283
363
352
281
285
370
358
285
285
357
378
284
282
348
352
278
287
357
344
288
287
350
344
283
284
355
360
285
285
357
357
280
281
349
348
283
284
354
354
280
283
347
342
282
281
357
356
286
279
352
339
279
286
355
348
279
287
359
347
280
287
345
355
278
285
345
349
288
283
353
351
287
288
354
377
284
283
347
357
278
282
356
356
279
280
351
348
280
281
357
345
278
283
345
348
281
285
351
352
285
281
359
350
281
283
367
346
284
288
357
335
285
291
360
356
276
282
371
339
283
281
342
348
289
286
360
345
279
283
351
354
277
288
360
347
282
290
365
347
285
281
360
346
282
289
353
334
281
291
365
347
282
289
373
350
283
291
347
346
282
289
358
361
281
289
334
367
282
281
379
341
284
294
365
338
281
280
346
355
280
284
368
361
284
282
371
357
277
285
355
362
285
279
369
337
286
283
349
354
288
285
368
358
281
281
361
351
283
280
360
358
282
282
367
359
282
283
354
346
281
280
352
351
278
280
357
352
277
285
363
348
290
286
343
343
283
283
352
348
278
287
348
343
277
283
345
359
280
284
367
356
282
283
359
355
282
285
352
357
280
287
356
348
288
285
360
345
279
279
356
347
281
282
359
354
280
288
365
357
278
284
363
356
284
282
357
340
283
278
355
339
279
281
348
347
283
283
359
353
280
290
355
342
288
282
358
348
278
285
369
347
279
283
351
353
286
282
376
338
279
282
350
349
284
291
364
345
281
289
352
354
284
287
353
353
285
286
345
371
281
283
358
348
289
286
352
349
276
288
350
347
282
288
349
361
281
281
351
342
280
284
360
340
280
286
356
340
276
283
357
343
279
284
350
339
285
284
349
348
282
280
359
362
282
281
350
359
280
283
348
368
285
285
356
350
282
279
367
360
284
289
357
354
277
285
361
342
282
283
359
341
284
290
345
365
291
282
352
343
285
281
361
349
286
276
353
351
289
287
355
342
283
280
375
348
282
280
345
344
276
284
350
353
284
280
359
353
279
283
350
353
281
282
367
358
288
285
367
355
279
281
351
352
286
285
363
353
283
281
354
348
283
290
366
360
277
283
358
359
281
285
370
360
280
287
358
353
284
291
362
343
281
278
353
338
277
284
360
341
280
287
372
354
285
287
358
343
283
286
343
380
281
287
361
346
288
283
360
344
281
286
368
349
280
286
359
345
287
282
353
350
278
286
357
352
284
284
392
354
278
283
351
339
280
286
358
353
278
280
354
347
283
287
353
350
283
287
356
360
284
284
356
346
279
284
347
348
288
285
361
344
281
283
362
353
277
281
355
347
287
285
367
351
280
280
360
356
287
280
350
334
286
288
353
336
282
285
364
365
282
290
358
356
281
286
338
345
286
286
347
357
279
283
357
347
283
282
358
360
281
289
369
351
282
278
360
352
283
284
376
343
284
283
366
342
285
283
372
353
284
279
354
361
277
286
354
355
284
284
359
355
286
287
348
376
283
285
352
352
282
282
352
352
285
283
347
350
278
279
350
350
285
280
366
346
282
286
354
351
281
279
352
356
284
281
360
354
262
262
262
262
261
262
261
263
277
285
263
262
262
-8
-8

