;UFOS3
;Measurement details: channel = Z-D, date = 12.09.2015, time = 08:17:51
Exposure=365
Gain=0
Temperature=29.8
Accummulate=4
1.897781046920422 mu
1.9148574837757586 amas
31.507 hs
257 ozone
152206 uva
5425 uvb
1038 uve
[Value]
-5
-4
-6
-6
-5
-4
-6
-6
-5
-3
-7
-6
-5
-7
-3
-5
-6
-4
-5
-8
-5
-2
0
-2
-1
-1
-3
-2
0
1
0
-2
0
-1
-2
0
-2
-1
1
-2
-2
-3
-4
-4
-2
-1
-4
0
0
1
0
-2
2
-1
-2
0
-1
0
0
-1
-1
-1
-2
-1
-3
0
-2
-2
-2
1
1
-4
1
3
-2
-1
-1
-2
-2
-1
-2
-3
-2
-4
0
-1
-2
-1
0
0
1
4
1
-1
-4
1
0
1
-2
-1
1
0
-2
-1
0
-2
0
-2
0
0
1
0
-1
0
2
-1
2
0
-2
1
-1
-1
-5
-1
-1
-3
-1
1
0
-1
1
-1
2
-2
0
1
1
-2
-2
0
-1
3
4
-3
-1
-1
2
-3
-1
0
2
0
0
-1
1
0
2
-1
-2
0
-1
-1
1
-2
0
1
-1
-2
0
0
1
0
0
-1
0
1
-1
0
-2
1
1
0
-2
1
0
1
0
-4
0
1
0
1
-2
-1
-1
-2
2
1
-1
1
-1
-1
1
-4
2
0
-2
-1
-3
-2
-3
-2
0
2
-1
1
-1
-1
-2
-3
-2
-2
-2
-1
1
0
-2
0
-3
0
2
0
1
-1
-1
1
1
0
-1
-2
0
-1
0
-2
1
0
1
1
0
0
-1
2
3
-1
-2
0
-2
0
-1
-4
0
0
-2
0
-1
-1
0
0
0
0
0
2
3
0
1
-2
-2
2
0
-2
-1
-3
1
-1
-2
-1
0
-4
2
-3
-1
0
-3
-2
-3
-1
0
1
-1
2
0
-1
1
-1
-1
-2
-4
0
1
1
2
0
-3
-3
0
1
0
-1
-2
1
3
-1
-2
-1
1
-1
0
-2
0
-2
2
2
-1
0
0
0
-1
0
2
2
-1
-1
0
1
-2
-1
2
3
0
-1
0
1
-2
-1
0
-1
1
-1
2
-1
-1
-2
-1
-1
1
0
0
-2
-2
-1
0
3
-1
-1
0
2
0
1
2
1
0
-2
-1
-3
-1
-1
-1
-2
-2
-1
-1
1
-3
0
1
1
0
2
0
-2
0
1
0
-1
2
-3
-1
3
0
1
0
-3
-2
0
1
0
1
-1
3
4
1
-2
1
-4
0
-1
1
0
0
1
0
0
-2
1
5
1
0
1
3
0
-1
0
0
-1
2
0
-2
2
0
0
1
0
3
0
-1
2
0
0
2
1
-1
0
-1
5
2
0
3
-2
1
1
0
4
1
1
1
3
0
0
2
-1
1
2
0
4
-1
0
0
1
3
0
1
4
1
0
3
4
1
0
3
2
2
0
2
1
1
3
-1
4
3
3
1
2
2
1
2
1
4
2
4
3
2
3
3
2
5
3
4
2
4
3
3
4
5
5
0
6
4
4
6
6
6
4
3
4
4
6
6
5
5
4
4
6
2
7
8
5
3
3
5
4
5
7
2
6
5
7
5
8
7
6
6
7
8
7
10
11
8
10
7
10
9
10
9
9
10
12
11
13
11
9
12
13
13
11
11
12
11
12
10
12
13
12
14
9
14
11
17
12
13
18
20
16
18
20
20
19
24
24
24
26
26
27
28
34
29
30
30
35
34
36
37
37
39
40
38
40
38
39
39
40
42
41
41
41
44
42
46
42
41
41
43
45
46
45
46
48
48
48
50
55
54
55
57
58
57
59
61
61
63
67
72
75
73
77
83
82
79
83
88
88
91
95
98
98
101
98
104
103
102
97
98
96
96
96
97
97
94
94
98
102
100
101
105
106
110
107
109
109
114
112
117
117
120
122
128
131
133
134
134
141
143
145
149
154
156
161
168
174
177
182
189
194
194
201
204
208
209
213
218
221
222
217
224
228
226
231
238
234
228
231
236
233
237
236
242
244
247
246
253
256
254
255
259
259
255
259
258
258
262
258
263
267
261
259
259
251
247
242
242
237
238
238
244
241
243
243
244
248
249
253
259
257
256
261
265
266
262
262
265
263
264
263
269
278
275
279
287
295
298
305
318
327
329
342
350
362
378
392
407
414
423
431
441
447
450
447
459
458
452
456
462
459
458
455
467
460
453
444
450
443
433
433
436
429
429
421
426
420
416
409
420
412
417
421
424
428
427
429
439
437
439
443
453
464
465
467
483
486
483
488
498
498
498
500
515
507
507
502
505
505
503
506
512
511
502
502
507
509
507
511
520
529
524
531
547
551
554
562
580
589
590
594
604
601
588
578
580
577
570
565
568
568
558
553
566
566
572
577
592
593
600
610
624
630
651
658
683
707
713
721
736
737
734
737
746
743
733
722
725
708
690
674
670
659
642
631
628
616
607
601
608
608
612
613
626
633
641
648
669
687
701
719
749
778
792
809
828
853
868
882
909
935
952
971
992
1013
1023
1048
1077
1090
1092
1104
1128
1138
1137
1148
1168
1182
1178
1199
1197
1205
1182
1170
1151
1124
1103
1077
1071
1043
1019
1000
999
988
968
970
967
958
955
955
965
979
978
992
1029
1051
1077
1109
1151
1185
1208
1236
1269
1275
1273
1290
1288
1283
1270
1257
1261
1251
1248
1233
1228
1213
1203
1177
1177
1170
1157
1147
1152
1156
1144
1153
1165
1178
1193
1216
1229
1254
1257
1278
1292
1307
1312
1338
1359
1371
1373
1400
1405
1420
1421
1426
1437
1450
1454
1457
1459
1448
1431
1402
1400
1380
1352
1329
1310
1275
1244
1226
1209
1193
1162
1157
1141
1122
1115
1107
1139
1139
1136
1148
1159
1170
1178
1188
1198
1205
1196
1195
1198
1201
1209
1201
1215
1203
1185
1173
1168
1144
1137
1113
1099
1072
1059
1035
1021
1005
977
970
970
972
964
973
980
981
974
976
977
989
992
999
1009
1024
1023
1037
1049
1066
1081
1100
1118
1125
1126
1128
1157
1158
1164
1173
1184
1193
1210
1214
1241
1245
1252
1255
1278
1290
1297
1304
1315
1321
1310
1310
1314
1312
1299
1285
1281
1273
1254
1254
1260
1251
1242
1251
1245
1255
1240
1241
1254
1258
1249
1282
1306
1334
1357
1379
1418
1443
1470
1502
1535
1566
1591
1622
1651
1674
1695
1720
1744
1772
1775
1792
1792
1779
1779
1772
1787
1789
1795
1793
1810
1815
1837
1836
1855
1856
1861
1887
1894
1897
1890
1882
1890
1902
1914
1912
1930
1943
1938
1946
1957
1954
1944
1930
1925
1928
1919
1915
1918
1908
1900
1893
1900
1898
1898
1910
1902
1900
1894
1878
1884
1889
1886
1880
1884
1887
1893
1911
1911
1912
1898
1895
1902
1909
1924
1934
1965
1988
2006
2034
2058
2083
2109
2124
2156
2173
2211
2249
2276
2301
2357
2387
2380
2409
2484
2507
2452
2484
2559
2571
2503
2509
2602
2613
2542
2563
2632
2642
2574
2597
2657
2676
2605
2603
2674
2681
2600
2621
2681
2667
2580
2505
2564
2422
2370
2300
2321
2273
2243
2218
2241
2240
2229
2225
2238
2240
2220
2228
2232
2229
2224
2233
2253
2261
2252
2246
2269
2263
2248
2260
2277
2283
2263
2275
2296
2300
2291
2302
2315
2306
2288
2272
2291
2276
2251
2244
2271
2270
2247
2238
2240
2235
2228
2213
2222
2195
2174
2174
2163
2164
2156
2149
2167
2163
2173
2169
2175
2163
2145
2122
2109
2088
2070
2042
2018
1993
1969
1962
1955
1938
1932
1919
1892
1858
1846
1824
1816
1796
1788
1766
1760
1755
1787
1785
1813
1838
1874
1888
1910
1929
1942
1970
1981
1983
1991
1972
1973
1949
1943
1918
1922
1913
1927
1929
1915
1906
1908
1908
1891
1892
1890
1897
1906
1902
1921
1932
1954
1961
1971
1981
1983
1967
1934
1908
1863
1814
1771
1714
1681
1634
1603
1575
1556
1536
1522
1520
1499
1502
1506
1496
1501
1504
1520
1538
1551
1558
1579
1583
1599
1610
1615
1602
1583
1571
1558
1522
1488
1475
1455
1443
1439
1440
1459
1473
1489
1517
1561
1588
1623
1640
1675
1698
1707
1723
1726
1730
1722
1724
1732
1735
1726
1732
1716
1711
1707
1702
1707
1708
1716
1727
1743
1758
1772
1783
1820
1844
1878
1917
1948
1976
1988
2008
2015
2006
2004
1986
1991
1977
1968
1951
1956
1931
1929
1915
1921
1934
1935
1952
1978
1985
1986
1999
2021
2047
2086
2124
2168
2189
2232
2264
2276
2302
2345
2356
2343
2336
2385
2401
2345
2350
2383
2377
2313
2311
2333
2310
2260
2257
2259
2236
2214
2218
2234
2250
2242
2244
2256
2249
2222
2209
2221
2195
2171
2167
2174
2175
2187
2184
2195
2198
2200
2211
2235
2254
2254
2265
2307
2321
2313
2348
2410
2423
2379
2397
2479
2487
2436
2443
2505
2511
2444
2456
2518
2499
2443
2422
2488
2471
2415
2411
2485
2494
2428
2447
2525
2539
2487
2488
2553
2572
2509
2519
2569
2572
2493
2487
2580
2567
2496
2492
2557
2524
2452
2398
2423
2345
2264
2224
2177
2125
2089
2049
1995
1944
1897
1846
1812
1778
1750
1724
1700
1679
1680
1686
1680
1691
1718
1749
1789
1828
1884
1932
1969
2010
2043
2075
2102
2112
2128
2146
2166
2172
2194
2202
2230
2231
2220
2215
2233
2225
2186
2170
2153
2136
2104
2079
2052
2031
2017
1993
1990
1966
1952
1939
1922
1909
1908
1893
1887
1879
1873
1875
1874
1886
1903
1914
1922
1936
1971
1977
2008
2024
2038
2053
2039
2031
2032
1997
1981
1968
1956
1934
1899
1877
1859
1830
1792
1759
1744
1720
1698
1692
1678
1663
1664
1658
1666
1667
1675
1685
1693
1699
1704
1706
1720
1733
1732
1745
1758
1758
1765
1768
1780
1783
1781
1781
1776
1773
1749
1737
1733
1719
1694
1687
1686
1671
1661
1656
1646
1648
1640
1637
1639
1621
1600
1576
1580
1554
1536
1541
1543
1551
1562
1577
1616
1636
1649
1682
1701
1725
1739
1767
1798
1821
1844
1862
1890
1908
1933
1950
1974
1984
2006
2015
2019
2026
2021
2017
2011
2010
1992
1973
1967
1958
1942
1923
1919
1894
1876
1864
1845
1825
1812
1793
1780
1773
1778
1766
1774
1788
1786
1801
1835
1845
1861
1869
1891
1897
1900
1909
1926
1926
1928
1943
1938
1926
1912
1877
1847
1814
1771
1722
1708
1670
1647
1638
1642
1639
1645
1659
1677
1704
1712
1738
1764
1800
1803
1825
1857
1873
1896
1930
1954
1987
2003
2022
2047
2038
2051
2064
2077
2088
2107
2125
2146
2160
2194
2203
2212
2238
2257
2276
2264
2263
2297
2305
2278
2295
2324
2346
2318
2326
2385
2389
2345
2356
2395
2391
2354
2368
2426
2433
2393
2399
2468
2483
2406
2426
2493
2488
2418
2411
2460
2432
2375
2364
2415
2398
2352
2340
2377
2370
2314
2309
2340
2319
2280
2281
2282
2261
2232
2222
2232
2217
2202
2190
2184
2175
2147
2128
2114
2090
2079
2086
2083
2083
2084
2088
2078
2064
2037
2015
1979
1947
1915
1880
1843
1822
1824
1817
1821
1830
1862
1872
1895
1905
1921
1940
1958
1961
1987
2013
2030
2045
2053
2060
2056
2034
2003
1968
1933
1893
1868
1834
1810
1777
1755
1712
1671
1627
1592
1557
1508
1489
1472
1455
1450
1437
1454
1470
1476
1499
1544
1575
1614
1639
1664
1710
1735
1766
1815
1849
1884
1918
1969
2018
2058
2100
2135
2158
2196
2228
2237
2250
2279
2292
2274
2293
2324
2318
2301
2300
2341
2334
2294
2280
2281
2246
2208
2172
2145
2105
2075
2044
2008
1984
1947
1912
1856
1800
1750
1720
1690
1659
1645
1639
1636
1629
1627
1627
1614
1615
1630
1638
1642
1658
1671
1681
1693
1693
1707
1700
1681
1663
1644
1635
1616
1589
1584
1562
1544
1541
1552
1547
1539
1539
1540
1546
1537
1550
1568
1592
1629
1661
1700
1752
1787
1819
1865
1896
1918
1927
1921
1904
1883
1867
1851
1824
1798
1778
1752
1740
1708
1675
1660
1627
1596
1570
1557
1542
1525
1514
1526
1538
1552
1577
1615
1644
1676
1703
1739
1746
1757
1771
1797
1788
1799
1791
1794
1797
1784
1776
1774
1758
1727
1715
1695
1662
1643
1615
1603
1594
1560
1569
1567
1557
1565
1574
1594
1608
1635
1655
1680
1701
1712
1735
1761
1797
1813
1856
1873
1921
1941
1960
1979
2003
2027
2049
2062
2069
2083
2096
2108
2110
2115
2116
2113
2116
2126
2124
2123
2115
2112
2120
2110
2108
2096
2095
2084
2077
2067
2053
2043
2040
2052
2037
2050
2058
2070
2082
2099
2097
2108
2122
2112
2129
2146
2158
2153
2160
2164
2180
2168
2178
2193
2184
2156
2146
2143
2118
2106
2086
2083
2082
2072
2067
2077
2067
2066
2067
2064
2070
2068
2068
2072
2071
2067
2068
2068
2066
2072
2074
2078
2074
2087
2104
2120
2150
2162
2176
2211
2227
2231
2264
2313
2338
2326
2355
2435
2456
2411
2434
2500
2522
2469
2468
2543
2568
2499
2517
2582
2606
2509
2538
2608
2624
2543
2559
2639
2636
2566
2599
2662
2656
2582
2593
2677
2659
2580
2478
2488
2313
2245
2210
2219
2214
2211
2231
2269
2285
2300
2338
2423
2453
2428
2443
2526
2549
2480
2507
2578
2608
2534
2563
2622
2641
2554
2559
2657
2668
2601
2629
2680
2689
2602
2632
2694
2623
2533
2206
2194
2150
2135
2138
2145
2150
2162
2182
2225
2271
2290
2320
2386
2421
2376
2409
2479
2485
2421
2419
2485
2452
2349
2280
2233
2153
2086
2029
1982
1924
1882
1818
1777
1732
1716
1689
1686
1680
1713
1726
1748
1791
1832
1861
1903
1946
1981
2003
2027
2059
2051
2060
2061
2048
2035
2013
1981
1946
1908
1840
1783
1723
1677
1636
1603
1586
1584
1592
1598
1609
1640
1681
1714
1758
1807
1869
1908
1962
2013
2053
2074
2112
2127
2138
2149
2150
2145
2139
2127
2105
2087
2080
2061
2043
2010
1992
1948
1927
1901
1883
1854
1845
1850
1851
1859
1865
1886
1884
1889
1896
1901
1897
1879
1872
1862
1865
1859
1868
1888
1897
1914
1929
1943
1966
1970
1996
2010
2026
2047
2054
2078
2083
2097
2113
2118
2130
2147
2167
2176
2186
2207
2217
2216
2221
2243
2253
2229
2260
2290
2295
2266
2283
2305
2287
2250
2240
2241
2218
2184
2148
2121
2083
2042
2018
1996
1966
1942
1920
1897
1871
1854
1828
1794
1787
1765
1760
1743
1735
1739
1726
1707
1692
1679
1668
1640
1626
1613
1599
1581
1583
1578
1584
1575
1587
1618
1639
1661
1687
1721
1745
1766
1792
1827
1840
1872
1882
1904
1924
1934
1943
1962
1965
1977
1977
1991
1988
2000
1994
1990
1976
1971
1944
1937
1925
1904
1888
1860
1847
1815
1796
1787
1758
1732
1719
1693
1662
1629
1582
1549
1507
1476
1459
1453
1445
1449
1438
1452
1450
1437
1423
1421
1399
1373
1344
1327
1301
1267
1245
1240
1223
1222
1213
1220
1222
1214
1194
1180
1163
1134
1125
1118
1117
1103
1107
1115
1115
1114
1119
1135
1140
1138
1134
1141
1124
1114
1111
1110
1100
1085
1092
1112
1119
1131
1169
1197
1227
1251
1287
1317
1351
1373
1399
1449
1482
1514
1557
1614
1665
1696
1728
1765
1794
1812
1816
1825
1829
1840
1842
1856
1849
1847
1841
1843
1856
1835
1829
1835
1819
1798
1791
1773
1773
1750
1742
1741
1722
1700
1667
1645
1616
1581
1553
1555
1565
1565
1577
1610
1622
1639
1655
1683
1709
1725
1750
1776
1795
1820
1850
1887
1914
1944
1974
1971
1978
1958
1913
1854
1800
1728
1678
1633
1596
1562
1550
1551
1543
1552
1553
1593
1619
1633
1651
1676
1694
1702
1726
1764
1789
1824
1848
1873
1882
1881
1869
1842
1831
1815
1787
1801
1796
1775
1758
1746
1740
1738
1744
1754
1749
1744
1729
1720
1708
1702
1706
1716
1736
1751
1782
1794
1818
1829
1833
1858
1874
1905
1925
1956
1982
2018
2046
2085
2105
2146
2165
2182
2189
2205
2197
2169
2191
2204
2198
2193
2180
2195
2176
2159
2157
2170
2167
2139
2116
2097
2063
2048
2040
2024
2029
2026
2029
2038
2042
2041
2042
2042
2046
2076
2097
2124
2144
2158
2182
2205
2230
2232
2245
2280
2285
2260
2258
2281
2282
2241
2227
2247
2217
2190
2176
2154
2120
2070
2040
2020
1987
1949
1927
1897
1873
1856
1832
1812
1794
1769
1747
1729
1693
1669
1639
1595
1557
1534
1511
1471
1435
1398
1346
1288
1237
1186
1122
1048
990
933
883
829
773
744
708
668
646
644
641
626
632
645
667
679
705
751
774
809
851
885
916
949
969
1010
1018
1031
1046
1070
1089
1106
1146
1184
1212
1245
1273
1307
1324
1346
1371
1412
1429
1450
1464
1472
1452
1416
1371
1346
1299
1257
1231
1217
1198
1189
1203
1221
1270
1299
1343
1390
1432
1460
1492
1513
1526
1540
1532
1523
1506
1480
1441
1416
1363
1316
1271
1254
1222
1205
1172
1154
1123
1074
1038
991
936
880
836
795
752
704
680
664
650
628
608
610
608
593
594
606
616
629
650
683
719
750
788
838
876
917
967
1015
1065
1090
1135
1183
1220
1257
1290
1321
1349
1373
1384
1414
1427
1441
1449
1464
1466
1461
1469
1464
1457
1455
1463
1469
1475
1478
1478
1488
1481
1469
1474
1480
1476
1472
1483
1487
1494
1490
1493
1513
1528
1530
1547
1567
1563
1555
1553
1560
1549
1543
1546
1564
1560
1555
1550
1557
1550
1546
1553
1552
1562
1567
1574
1591
1589
1559
1563
1563
1554
1553
1546
1555
1557
1547
1543
1535
1506
1483
1459
1454
1462
1467
1466
1482
1486
1485
1507
1518
1540
1566
1591
1613
1628
1642
1635
1641
1624
1616
1614
1627
1625
1626
1628
1638
1628
1624
1618
1633
1619
1625
1628
1643
1636
1635
1626
1636
1639
1626
1635
1638
1647
1645
1647
1653
1652
1648
1655
1665
1666
1643
1627
1634
1612
1603
1587
1569
1560
1549
1536
1531
1523
1499
1493
1490
1484
1482
1479
1494
1494
1494
1505
1531
1552
1566
1576
1590
1586
1605
1620
1655
1655
1650
1665
1669
1669
1636
1592
1554
1501
1478
1453
1432
1422
1389
1384
1395
1402
1398
1407
1430
1440
1439
1447
1452
1453
1465
1478
1513
1526
1533
1551
1582
1585
1565
1549
1523
1480
1427
1406
1400
1398
1398
1398
1409
1415
1422
1432
1454
1468
1464
1462
1450
1436
1411
1405
1413
1404
1396
1391
1398
1401
1403
1395
1397
1389
1388
1391
1395
1397
1399
1408
1404
1402
1394
1404
1429
1437
1448
1457
1455
1444
1425
1423
1430
1420
1410
1394
1375
1361
1321
1306
1301
1284
1292
1318
1332
1358
1376
1370
1398
1396
1387
1390
1399
1399
1372
1376
1388
1389
1389
1402
1413
1426
1432
1429
1448
1445
1443
1440
1436
1429
1402
1394
1394
1371
1365
1371
1389
1406
1421
1433
1434
1443
1424
1421
1418
1404
1379
1365
1354
1342
1327
1309
1293
1285
1250
1228
1209
1190
1152
1130
1107
1091
1068
1066
1061
1047
1042
1037
1043
1050
1039
1042
1057
1058
1058
1068
1081
1098
1098
1120
1147
1157
1151
1150
1151
1149
1150
1141
1138
1129
1108
1096
1097
1076
1053
1044
1034
1027
1023
1018
1018
1024
1018
1018
1041
1043
1042
1052
1071
1073
1069
1075
1087
1081
1082
1075
1077
1073
1063
1056
1057
1045
1036
1041
1040
1033
1019
1011
1008
1003
992
996
976
964
951
939
938
926
910
891
896
885
881
877
882
879
866
867
878
876
878
882
892
887
882
890
901
911
903
893
892
882
869
864
856
845
839
827
834
829
817
810
803
800
788
783
787
782
770
763
775
781
771
776
784
786
779
775
768
763
746
744
744
740
728
722
725
719
712
713
713
709
701
693
695
695
686
686
690
703
700
704
708
696
692
692
701
700
705
709
718
712
703
708
711
706
697
702
705
704
694
692
687
673
657
650
649
641
627
617
623
610
594
602
598
595
594
587
591
586
569
571
574
572
573
577
587
586
580
585
590
588
581
582
579
582
579
576
582
582
573
572
567
567
554
549
556
559
548
548
554
555
546
538
542
531
532
537
547
549
550
552
555
563
552
561
563
562
560
550
553
548
533
527
534
527
516
514
519
507
497
492
499
492
481
485
490
490
489
492
499
498
503
508
516
514
501
498
500
502
508
521
529
536
530
536
543
546
539
539
544
540
536
530
538
533
529
524
529
527
515
515
515
510
500
483
483
476
458
458
466
470
458
450
453
442
429
421
415
396
386
385
380
371
365
360
375
378
374
381
393
396
392
393
400
401
395
395
408
413
415
418
429
436
434
440
450
455
452
455
456
453
447
443
445
443
442
443
452
455
446
449
456
460
450
453
463
467
463
470
481
485
483
498
487
247
-3
-4
-5
-6
-8
-7
-5
-6
402
399
-6
-6
-5
-5
-5

