;UFOS3
;Measurement details: channel = S-D, date = 12.09.2015, time = 08:08:33
Exposure=241
Gain=0
Temperature=29.4
Accummulate=4
1.9287149418114717 mu
1.9469635497490003 amas
30.932 hs
311 ozone
121062 uva
1930 uvb
386 uve
[Value]
-8
-7
-7
-9
-7
-8
-8
-9
-8
-10
-9
-9
-10
-11
-10
-10
-9
-8
-7
-8
-13
-2
4
1
-1
-1
2
2
1
0
-1
0
2
-1
0
1
-3
-1
1
2
-2
2
-1
0
1
-1
1
-1
2
1
-2
2
0
-2
2
-4
1
0
-2
0
-2
3
2
0
2
1
-1
-1
1
1
1
2
0
2
-1
3
1
1
-1
-1
0
3
2
-2
2
1
-1
2
3
2
1
1
-1
0
-1
-1
1
2
0
0
0
0
3
0
-3
0
2
-1
-2
0
0
-1
-1
-2
0
1
-1
0
0
0
-1
0
0
0
-1
0
1
-1
-1
1
-2
2
1
0
1
2
-2
0
1
0
0
0
2
-1
0
0
2
-1
1
0
2
2
2
1
4
1
1
-2
-1
0
1
1
0
2
2
5
1
2
0
1
0
0
0
5
1
1
0
0
3
-1
1
0
2
3
3
1
4
2
0
1
3
-1
0
0
3
0
1
1
0
-1
0
1
1
-1
3
0
1
-1
4
2
-1
0
1
-1
1
3
-1
0
1
2
1
-2
1
1
-1
1
0
2
0
0
-4
2
0
-1
0
1
2
2
-1
-3
-3
2
1
2
2
1
-2
-1
0
-1
-2
-4
2
-2
-1
-2
3
-1
0
-2
1
0
0
0
3
-2
1
-1
-1
-1
-1
1
-2
1
0
4
2
1
0
1
2
1
-4
-1
2
2
-1
4
0
-1
1
-1
-1
1
1
2
1
1
4
1
1
0
0
0
-2
0
1
1
1
2
0
-2
0
1
1
1
1
-1
-1
-1
1
0
-1
-2
1
-1
2
2
-1
2
2
1
1
0
0
1
0
1
0
0
3
1
3
2
4
1
1
2
2
1
-1
1
2
2
1
2
2
0
3
2
2
1
3
1
-2
0
0
0
2
0
-1
-1
1
0
0
2
1
0
3
-2
1
2
1
2
0
-2
3
0
3
2
1
2
0
0
0
-1
0
2
2
3
1
1
0
2
0
2
1
-2
2
1
2
3
2
1
0
2
-1
-2
3
2
2
2
1
1
1
1
2
2
0
2
0
-3
2
-1
3
2
1
2
2
-2
1
2
0
4
1
2
3
1
3
0
1
-1
2
3
1
3
1
4
1
2
0
2
3
2
-1
1
2
0
1
1
1
1
1
0
0
1
1
2
3
3
2
-1
3
0
2
0
4
1
4
-1
1
-1
2
3
3
1
3
2
0
2
2
0
1
2
2
2
3
1
1
2
3
1
2
0
1
-2
2
1
0
2
1
0
2
2
2
2
3
0
4
2
2
-1
2
2
3
1
2
4
3
6
3
2
1
4
2
4
5
2
2
0
5
1
4
1
4
2
3
2
4
1
5
3
6
2
2
2
5
3
4
5
6
2
4
6
3
5
5
4
6
3
2
3
3
3
6
3
4
4
3
4
7
3
3
6
5
5
6
4
6
6
5
5
6
4
5
5
6
5
5
7
5
2
7
5
6
5
6
4
7
7
7
9
6
7
7
3
6
6
5
4
9
5
7
5
8
3
6
6
9
12
7
10
7
10
10
10
8
10
12
11
14
11
12
12
12
13
13
12
13
15
17
15
18
17
15
18
18
17
16
15
20
16
18
15
17
17
18
17
21
17
17
17
18
23
19
19
21
21
22
18
21
25
23
23
25
23
25
28
28
27
32
31
34
34
33
32
37
35
35
36
38
39
42
39
40
41
38
38
37
36
40
39
41
38
37
40
41
38
42
43
41
44
42
43
45
47
47
46
48
47
46
46
51
55
53
53
57
57
55
57
62
63
62
66
66
68
72
74
75
76
80
79
85
86
87
84
88
91
88
91
93
93
94
94
93
93
96
94
96
95
95
98
103
100
98
102
104
105
104
104
106
106
102
107
108
107
106
109
108
107
110
105
107
108
102
102
101
99
101
96
104
101
100
99
107
106
104
106
106
109
107
110
114
109
112
113
113
112
114
116
117
115
121
120
117
122
126
130
134
137
140
143
150
155
162
162
174
181
179
185
191
188
189
194
197
195
198
198
197
198
203
197
199
198
196
191
195
189
189
189
190
188
187
184
183
181
182
179
184
181
185
186
186
188
188
193
194
197
195
195
198
202
202
202
214
213
215
219
220
223
220
221
223
224
224
219
224
216
215
217
216
226
212
220
222
217
219
224
227
236
235
242
248
246
255
256
268
271
273
272
275
280
277
269
275
274
272
264
273
266
265
265
267
270
266
269
278
281
278
280
291
299
296
303
314
321
323
333
340
344
340
341
342
348
341
336
337
332
322
315
313
308
299
296
293
287
283
281
286
281
279
285
295
290
298
306
316
325
329
339
355
371
375
385
396
401
405
418
429
439
446
456
468
474
484
493
499
512
518
522
537
539
542
546
560
559
565
566
569
569
566
554
550
544
525
520
519
503
491
484
481
477
467
469
464
465
462
462
468
474
476
483
496
512
515
538
558
576
588
600
619
627
619
628
628
627
619
617
618
609
601
598
598
589
580
573
573
569
560
557
560
559
552
554
564
575
573
583
595
599
607
611
622
630
637
648
666
671
666
687
698
704
702
709
714
722
719
726
720
723
714
710
699
696
686
676
664
656
637
619
615
604
594
588
580
572
570
567
572
569
573
578
585
589
598
601
610
607
610
613
618
613
612
616
612
614
610
597
594
588
575
574
561
553
537
531
525
514
505
498
498
497
493
493
502
506
500
498
507
510
505
517
520
529
531
538
550
554
567
571
583
595
590
598
607
610
614
617
628
629
634
639
652
658
658
665
680
686
690
691
703
703
698
699
703
698
691
689
687
679
667
667
663
668
656
653
655
659
657
652
663
664
665
668
686
701
715
729
748
765
778
799
825
847
852
878
895
918
931
938
955
981
980
987
1007
1006
997
1001
1006
1019
1015
1021
1025
1035
1035
1040
1053
1054
1055
1062
1071
1066
1065
1067
1071
1069
1069
1071
1079
1086
1082
1088
1100
1093
1091
1093
1085
1087
1068
1071
1078
1075
1080
1071
1080
1084
1074
1079
1075
1073
1068
1068
1067
1064
1061
1059
1072
1077
1076
1075
1082
1086
1075
1084
1082
1089
1095
1107
1125
1139
1143
1163
1183
1198
1215
1235
1248
1268
1287
1312
1334
1356
1373
1402
1433
1447
1467
1479
1504
1512
1523
1529
1543
1544
1549
1572
1583
1600
1597
1597
1586
1598
1590
1576
1580
1570
1560
1538
1536
1520
1490
1475
1462
1441
1424
1407
1400
1385
1364
1351
1345
1335
1326
1327
1339
1339
1336
1335
1333
1340
1337
1337
1354
1353
1351
1353
1357
1358
1356
1359
1370
1373
1373
1374
1381
1381
1380
1385
1401
1395
1385
1382
1382
1390
1376
1375
1377
1371
1374
1361
1368
1374
1360
1349
1351
1348
1324
1302
1297
1287
1264
1272
1279
1268
1273
1268
1282
1289
1287
1278
1285
1270
1256
1253
1242
1239
1220
1219
1214
1198
1196
1175
1185
1172
1157
1152
1157
1146
1136
1122
1124
1116
1107
1113
1128
1131
1148
1161
1182
1189
1200
1212
1220
1226
1235
1237
1230
1227
1218
1214
1207
1204
1206
1193
1202
1196
1193
1194
1194
1196
1192
1187
1196
1202
1192
1208
1214
1226
1227
1240
1248
1254
1245
1235
1229
1202
1171
1147
1123
1094
1066
1043
1021
1003
993
977
967
955
945
950
954
948
945
951
971
973
977
988
1004
1010
1004
1011
1012
1008
991
973
965
951
939
925
912
910
907
902
922
936
947
967
991
1014
1037
1054
1081
1092
1106
1107
1128
1135
1135
1137
1150
1154
1165
1160
1167
1163
1156
1147
1156
1161
1150
1163
1175
1185
1182
1205
1222
1233
1253
1279
1295
1311
1325
1328
1341
1340
1330
1328
1332
1315
1308
1306
1305
1291
1278
1284
1291
1305
1307
1314
1317
1330
1342
1357
1376
1396
1418
1440
1478
1495
1529
1537
1572
1589
1611
1617
1626
1627
1627
1630
1642
1641
1628
1618
1620
1611
1597
1590
1576
1558
1549
1552
1546
1553
1549
1545
1555
1556
1550
1554
1543
1534
1522
1510
1510
1504
1500
1507
1513
1506
1520
1530
1538
1545
1550
1564
1580
1602
1616
1633
1652
1671
1685
1703
1728
1733
1744
1741
1767
1765
1764
1765
1773
1765
1760
1755
1743
1741
1734
1740
1748
1757
1763
1765
1781
1802
1798
1809
1816
1811
1808
1814
1813
1810
1814
1811
1813
1810
1803
1797
1781
1780
1752
1733
1717
1690
1660
1626
1599
1568
1545
1510
1488
1455
1417
1372
1357
1316
1289
1254
1250
1227
1203
1208
1199
1207
1203
1221
1234
1275
1296
1326
1373
1404
1438
1469
1488
1513
1525
1548
1563
1573
1596
1603
1626
1632
1634
1638
1648
1655
1640
1638
1630
1611
1588
1572
1557
1539
1515
1491
1488
1461
1441
1420
1403
1396
1375
1372
1369
1358
1347
1348
1346
1352
1349
1370
1378
1389
1404
1413
1447
1463
1472
1493
1506
1509
1504
1498
1492
1493
1483
1468
1468
1457
1431
1419
1406
1381
1356
1334
1315
1304
1278
1271
1262
1249
1235
1236
1240
1240
1239
1246
1248
1258
1260
1267
1283
1292
1286
1290
1311
1319
1315
1318
1327
1329
1325
1323
1320
1320
1306
1295
1292
1289
1272
1268
1266
1253
1236
1241
1240
1235
1231
1221
1214
1215
1193
1184
1182
1165
1151
1147
1158
1173
1177
1201
1222
1240
1247
1270
1294
1306
1324
1347
1366
1389
1402
1417
1445
1468
1480
1500
1520
1541
1528
1547
1556
1555
1549
1551
1555
1548
1529
1525
1519
1507
1487
1479
1466
1453
1437
1414
1399
1387
1360
1358
1357
1342
1338
1337
1343
1351
1366
1370
1391
1407
1415
1419
1441
1456
1455
1465
1469
1469
1458
1460
1449
1441
1428
1407
1390
1370
1336
1313
1302
1279
1267
1258
1266
1271
1278
1292
1312
1333
1333
1358
1383
1396
1412
1432
1468
1493
1516
1544
1585
1612
1633
1641
1663
1668
1684
1694
1703
1723
1727
1742
1748
1766
1783
1788
1800
1811
1816
1812
1828
1832
1833
1841
1857
1867
1874
1878
1894
1900
1903
1921
1921
1925
1929
1929
1927
1931
1922
1914
1900
1890
1869
1848
1829
1823
1803
1808
1800
1794
1798
1799
1806
1798
1814
1821
1837
1849
1852
1858
1861
1866
1872
1876
1882
1886
1887
1893
1913
1925
1942
1961
1971
1983
1976
1970
1969
1943
1922
1902
1889
1876
1862
1836
1827
1812
1780
1748
1712
1681
1638
1606
1575
1549
1518
1504
1507
1503
1508
1517
1530
1559
1570
1581
1603
1617
1618
1640
1669
1664
1675
1694
1699
1691
1680
1660
1634
1625
1575
1555
1532
1512
1482
1452
1425
1390
1354
1329
1297
1264
1237
1217
1211
1193
1189
1192
1194
1215
1237
1243
1279
1317
1340
1377
1411
1442
1457
1496
1528
1567
1593
1643
1684
1718
1750
1795
1817
1847
1861
1873
1896
1908
1932
1930
1928
1936
1954
1943
1966
1952
1958
1943
1939
1936
1918
1903
1880
1860
1823
1780
1757
1731
1686
1652
1623
1597
1551
1516
1485
1455
1427
1410
1412
1402
1380
1381
1375
1385
1378
1389
1392
1398
1401
1417
1427
1439
1442
1444
1458
1455
1450
1441
1433
1420
1396
1385
1378
1359
1353
1343
1347
1350
1340
1340
1342
1342
1341
1351
1372
1388
1409
1444
1494
1525
1558
1592
1611
1640
1663
1669
1674
1656
1643
1624
1611
1594
1573
1547
1525
1510
1482
1453
1440
1423
1388
1368
1361
1346
1331
1327
1336
1344
1354
1383
1421
1440
1458
1491
1514
1530
1547
1554
1559
1572
1561
1557
1560
1549
1535
1540
1537
1513
1499
1485
1461
1445
1431
1403
1399
1386
1365
1362
1350
1363
1361
1374
1401
1423
1432
1454
1469
1501
1512
1539
1565
1597
1617
1647
1672
1712
1728
1746
1772
1795
1817
1821
1851
1862
1860
1878
1880
1891
1884
1892
1889
1894
1893
1900
1905
1913
1909
1898
1905
1899
1891
1883
1887
1868
1865
1845
1851
1855
1838
1851
1864
1861
1872
1886
1904
1898
1900
1920
1925
1938
1947
1951
1958
1954
1963
1960
1966
1949
1934
1914
1904
1882
1856
1854
1853
1844
1837
1832
1839
1840
1840
1849
1861
1871
1868
1890
1891
1894
1894
1878
1894
1890
1898
1905
1917
1919
1948
1950
1982
1998
2010
2034
2056
2068
2081
2102
2129
2148
2164
2199
2216
2245
2266
2299
2289
2315
2348
2362
2347
2366
2410
2401
2385
2406
2444
2452
2418
2435
2487
2485
2462
2455
2492
2475
2427
2406
2420
2377
2323
2283
2254
2220
2166
2141
2114
2086
2071
2053
2035
2039
2067
2082
2107
2139
2182
2222
2278
2330
2342
2383
2444
2476
2450
2487
2535
2561
2520
2542
2592
2608
2561
2586
2625
2635
2581
2558
2581
2382
2266
2161
2108
2067
2046
2030
2012
2010
2001
2007
2000
2010
2035
2061
2093
2136
2169
2210
2243
2276
2293
2299
2335
2331
2303
2284
2260
2209
2149
2090
2048
1987
1934
1888
1835
1781
1752
1705
1664
1628
1607
1593
1593
1596
1612
1631
1665
1695
1724
1766
1797
1824
1863
1888
1900
1923
1932
1926
1924
1925
1903
1877
1843
1804
1754
1710
1654
1589
1554
1516
1499
1477
1485
1478
1486
1509
1534
1568
1601
1645
1709
1744
1811
1852
1903
1942
1958
1994
2014
2022
2028
2038
2028
2021
2005
1993
1981
1960
1939
1920
1892
1867
1831
1812
1783
1761
1748
1732
1744
1733
1734
1731
1747
1752
1755
1751
1760
1761
1746
1750
1749
1748
1745
1762
1780
1805
1815
1819
1840
1850
1875
1876
1907
1921
1947
1965
1988
1980
2003
2004
2033
2047
2062
2082
2101
2107
2125
2131
2135
2137
2163
2171
2169
2180
2190
2191
2185
2196
2197
2182
2152
2138
2120
2096
2078
2046
2023
1983
1949
1922
1902
1871
1855
1835
1797
1777
1758
1737
1716
1679
1684
1664
1648
1639
1640
1625
1614
1602
1577
1563
1540
1525
1517
1499
1493
1488
1479
1489
1494
1503
1524
1556
1573
1599
1627
1663
1673
1698
1735
1751
1767
1795
1807
1829
1834
1855
1869
1873
1883
1882
1892
1904
1896
1902
1897
1882
1860
1848
1838
1818
1798
1776
1754
1725
1713
1684
1681
1659
1627
1602
1590
1555
1514
1482
1457
1421
1388
1369
1370
1363
1362
1363
1368
1360
1341
1337
1330
1311
1285
1256
1238
1209
1195
1171
1165
1158
1146
1151
1150
1141
1131
1122
1106
1085
1071
1060
1050
1056
1038
1036
1049
1050
1053
1060
1064
1070
1068
1065
1071
1064
1045
1045
1040
1032
1027
1029
1041
1066
1077
1102
1135
1164
1192
1224
1251
1283
1312
1340
1386
1416
1443
1491
1545
1590
1622
1654
1691
1709
1724
1734
1748
1755
1748
1765
1758
1769
1764
1762
1762
1764
1759
1750
1742
1721
1716
1707
1694
1685
1669
1666
1645
1641
1603
1572
1533
1483
1436
1406
1395
1382
1375
1380
1396
1404
1417
1441
1473
1506
1532
1555
1604
1636
1672
1720
1761
1799
1830
1850
1864
1848
1832
1819
1791
1766
1719
1680
1665
1657
1635
1635
1639
1656
1666
1673
1683
1699
1702
1694
1700
1690
1702
1709
1724
1753
1761
1772
1778
1783
1777
1761
1745
1733
1721
1702
1694
1691
1685
1667
1661
1653
1655
1648
1667
1666
1646
1626
1621
1617
1614
1604
1636
1649
1665
1689
1702
1722
1745
1752
1780
1801
1820
1847
1889
1919
1946
1968
2006
2025
2058
2083
2097
2107
2108
2110
2109
2115
2118
2116
2112
2108
2111
2099
2079
2072
2068
2058
2035
2014
1994
1957
1955
1935
1931
1925
1947
1945
1946
1960
1956
1962
1976
1991
2004
2017
2052
2075
2080
2099
2131
2155
2184
2190
2206
2215
2206
2205
2216
2198
2185
2176
2164
2150
2137
2115
2073
2046
2011
1976
1941
1918
1882
1869
1839
1807
1793
1777
1753
1731
1711
1699
1667
1639
1618
1587
1546
1514
1481
1449
1415
1373
1322
1256
1190
1119
1059
997
924
857
802
748
702
665
644
618
597
580
579
576
572
582
604
621
647
672
690
708
716
732
746
756
768
768
788
806
814
850
877
928
977
1028
1085
1145
1189
1229
1276
1300
1330
1350
1390
1408
1419
1429
1451
1450
1448
1463
1487
1502
1519
1530
1554
1558
1547
1558
1562
1553
1558
1566
1565
1567
1560
1551
1548
1544
1526
1511
1495
1479
1449
1426
1406
1365
1334
1290
1270
1229
1195
1162
1135
1085
1041
993
946
894
837
786
748
703
671
640
626
611
595
579
578
569
564
564
575
586
606
621
652
685
721
751
801
849
890
929
984
1017
1050
1088
1128
1162
1190
1218
1252
1263
1281
1309
1336
1359
1366
1384
1405
1417
1426
1436
1448
1443
1445
1450
1455
1468
1462
1468
1472
1472
1462
1473
1487
1494
1500
1503
1514
1527
1526
1534
1538
1543
1543
1552
1549
1550
1530
1531
1527
1496
1474
1455
1444
1457
1466
1466
1468
1470
1478
1478
1491
1511
1521
1527
1551
1544
1541
1542
1531
1537
1523
1511
1526
1512
1508
1498
1499
1495
1484
1492
1500
1503
1492
1496
1498
1504
1508
1520
1538
1562
1567
1569
1600
1608
1601
1596
1603
1596
1600
1590
1600
1606
1595
1595
1610
1610
1601
1596
1598
1591
1592
1594
1607
1604
1601
1601
1605
1602
1606
1602
1630
1630
1619
1622
1631
1629
1629
1630
1637
1628
1619
1602
1598
1589
1570
1553
1544
1541
1511
1484
1454
1445
1431
1432
1416
1406
1390
1389
1410
1430
1426
1455
1483
1513
1522
1542
1555
1572
1582
1611
1627
1640
1634
1645
1643
1635
1602
1559
1503
1443
1392
1348
1346
1342
1345
1347
1348
1365
1378
1390
1410
1424
1428
1439
1444
1452
1455
1473
1502
1516
1526
1545
1577
1574
1581
1573
1556
1554
1542
1528
1512
1511
1493
1478
1473
1474
1466
1475
1485
1488
1482
1472
1453
1419
1396
1374
1365
1361
1361
1344
1352
1345
1334
1327
1334
1337
1337
1357
1375
1381
1386
1396
1395
1407
1402
1415
1449
1443
1442
1444
1437
1444
1444
1446
1443
1440
1434
1426
1410
1390
1370
1364
1354
1339
1327
1330
1338
1342
1353
1349
1353
1362
1366
1378
1390
1402
1407
1408
1421
1436
1438
1458
1467
1472
1477
1481
1502
1490
1491
1479
1492
1489
1484
1482
1489
1491
1488
1494
1498
1500
1497
1497
1496
1484
1471
1456
1437
1418
1396
1384
1375
1363
1345
1332
1323
1300
1274
1234
1207
1180
1150
1120
1086
1059
1036
1013
994
979
953
938
937
928
922
916
930
948
950
968
1006
1020
1027
1056
1106
1123
1138
1162
1172
1187
1196
1204
1207
1213
1206
1214
1210
1211
1215
1216
1219
1215
1212
1216
1212
1207
1196
1196
1194
1183
1183
1168
1169
1152
1150
1137
1130
1132
1114
1108
1105
1101
1088
1078
1077
1087
1077
1072
1078
1070
1061
1049
1056
1038
1031
1014
1001
981
960
958
946
936
936
926
921
922
912
910
918
911
912
901
911
908
911
917
926
934
929
937
949
949
943
936
933
924
913
896
897
887
881
863
870
869
855
851
852
837
829
812
819
813
804
798
803
815
809
813
813
808
795
795
799
787
783
777
783
779
775
773
769
762
753
754
756
758
750
747
751
745
743
743
753
747
738
750
766
753
758
755
764
770
771
769
769
764
751
753
758
751
744
743
745
750
738
733
730
715
705
694
691
685
675
672
671
658
653
645
645
654
642
631
636
629
616
624
623
616
616
618
620
614
607
618
622
618
619
623
624
622
619
619
620
626
621
615
613
605
602
597
594
590
591
586
593
596
593
592
594
596
587
596
594
602
592
596
599
602
605
607
609
595
578
567
555
553
554
561
563
561
557
552
554
541
535
528
527
521
520
521
527
531
539
539
540
546
547
552
560
559
546
534
535
525
520
515
528
538
532
524
524
507
497
489
482
464
461
463
462
457
457
462
483
483
485
502
520
519
517
519
521
517
511
507
515
514
514
501
513
512
507
509
514
509
506
497
491
481
469
468
469
475
462
464
470
472
466
473
481
479
483
484
501
505
510
518
530
545
557
574
589
294
-10
-10
-9
-9
-7
-7
-9
-7
486
480
-10
-9
-10
-8
-8

