;UFOS3
;Measurement details: channel = S, date = 12.09.2015, time = 08:13:19
Exposure=235
Gain=0
Temperature=29.6
Accummulate=4
1.9124012029946653 mu
1.9300257914018217 amas
31.233 hs
214 ozone
147532 uva
12899 uvb
9426 uve
[Value]
-5
269
270
271
270
269
271
269
281
278
312
312
278
278
315
317
281
281
312
324
276
289
337
328
290
289
345
340
295
292
343
328
295
290
333
326
292
290
331
335
292
291
329
333
289
293
342
340
297
296
336
335
288
290
344
340
288
290
340
344
290
295
333
348
294
291
342
329
291
290
327
342
293
295
333
335
288
292
332
333
291
293
345
334
290
292
336
337
290
292
337
342
290
291
338
330
291
289
330
344
293
291
331
340
291
296
347
334
292
293
344
329
292
294
333
343
294
289
330
333
287
291
340
339
289
293
332
327
288
293
342
344
290
292
332
343
287
291
335
336
293
288
339
343
290
293
338
347
289
296
347
345
292
292
339
334
288
293
341
341
291
292
335
333
298
296
336
344
290
292
335
351
290
293
332
342
290
294
339
335
290
292
354
336
296
295
326
330
292
292
335
343
290
293
338
338
294
290
333
341
293
291
332
334
290
292
331
337
291
294
333
333
293
291
341
341
294
292
333
339
291
294
334
344
289
294
337
335
293
292
340
329
294
293
331
337
298
292
345
332
290
288
328
339
291
293
340
337
291
287
336
331
295
292
331
337
291
293
364
335
289
292
341
332
289
289
345
332
289
292
332
331
288
294
336
336
293
288
339
333
293
295
341
336
295
290
346
333
295
291
338
336
291
294
337
331
287
294
339
334
286
290
338
336
292
292
342
339
294
294
336
338
291
291
342
328
297
293
341
333
294
293
342
343
287
290
345
342
296
291
330
335
291
290
340
332
292
290
337
330
289
294
332
344
293
296
335
346
291
295
340
339
294
290
329
333
293
291
332
331
290
293
335
329
291
293
326
336
291
289
342
339
292
293
334
333
292
294
340
337
290
291
334
332
292
293
338
340
290
294
344
333
289
288
335
344
296
295
345
339
292
290
337
346
293
296
343
334
287
296
339
336
292
296
340
342
293
290
337
337
291
294
334
340
292
290
326
336
288
293
338
337
289
290
331
342
292
292
337
336
295
291
342
334
291
291
337
344
291
295
341
354
289
292
334
333
291
295
338
337
293
293
337
330
291
291
343
329
292
288
331
337
293
293
337
333
294
295
333
335
292
289
334
346
288
294
338
339
291
300
341
334
286
299
333
332
293
290
330
340
294
290
341
334
288
291
327
344
292
296
344
344
292
293
334
341
292
294
339
341
292
295
339
344
292
294
337
344
296
292
340
339
294
294
337
333
293
295
342
334
300
294
334
333
293
295
339
348
291
293
334
333
295
294
336
333
291
293
346
337
299
296
341
355
292
295
332
345
296
296
347
344
293
297
341
335
297
293
343
343
295
294
343
345
294
296
338
339
296
297
332
341
295
299
335
343
293
297
340
342
294
298
339
334
299
299
342
344
294
297
350
345
297
297
347
344
301
299
345
337
299
302
352
344
303
296
342
348
304
301
350
334
294
297
336
336
297
296
343
355
299
305
346
345
297
301
338
347
309
304
359
351
304
308
352
349
307
304
351
355
302
309
357
349
305
308
360
356
310
310
353
347
305
311
352
353
306
311
358
354
310
311
361
352
310
311
363
369
317
317
358
351
317
315
359
358
321
322
357
368
322
321
378
370
323
328
368
370
329
331
382
369
331
334
366
379
330
334
380
379
328
329
376
370
330
332
371
369
328
337
382
382
334
340
389
372
337
336
376
381
341
337
387
386
342
344
389
390
349
352
399
397
352
357
402
408
364
366
414
419
375
372
421
421
378
380
422
425
381
379
446
424
386
388
434
431
392
389
433
432
384
392
448
439
395
395
435
436
394
399
453
446
397
404
446
439
398
402
448
447
399
400
449
449
395
391
442
434
392
392
447
439
394
396
432
429
395
394
444
441
400
405
450
437
404
403
446
451
404
404
454
455
404
412
459
457
421
421
465
466
434
434
485
499
456
459
518
510
472
482
530
524
484
487
530
529
492
493
544
539
490
491
528
542
483
488
545
532
483
479
528
531
481
481
525
511
473
472
536
517
472
480
530
522
481
486
529
529
492
486
536
538
505
500
557
542
504
510
556
561
513
516
559
564
519
512
569
552
508
515
560
558
513
512
556
554
510
519
565
577
527
540
576
581
547
548
597
616
564
569
623
618
567
564
619
608
567
559
601
609
553
558
598
605
564
566
610
610
575
575
631
633
589
594
658
652
620
621
687
679
630
637
682
683
629
633
682
669
620
615
642
645
585
588
626
627
577
574
621
615
570
579
638
625
587
601
648
666
620
640
694
713
666
704
736
747
695
714
767
774
738
743
807
814
778
788
832
855
807
818
872
882
837
838
892
902
854
862
905
914
857
848
894
883
819
819
864
845
783
778
819
812
760
761
799
796
762
756
799
817
767
775
830
843
809
835
901
907
872
895
956
972
914
918
973
957
914
907
958
945
893
898
938
926
875
874
904
919
851
851
891
899
846
854
896
908
868
871
933
935
894
907
964
965
931
948
1002
1004
967
976
1043
1041
996
1006
1054
1068
1014
1013
1068
1060
1004
1002
1035
1033
980
966
1000
997
930
912
963
939
883
875
907
915
861
860
911
912
862
877
923
934
883
890
947
943
895
908
943
952
911
907
943
950
894
885
944
926
874
862
895
914
833
821
870
844
799
786
834
831
787
792
837
847
787
795
838
858
804
814
850
859
823
834
885
893
854
867
925
923
890
883
941
956
899
911
948
970
924
934
992
989
950
965
1017
1016
986
983
1029
1034
989
986
1038
1031
985
985
1022
1024
966
962
1009
997
953
951
999
1001
941
943
1002
983
956
964
1031
1038
1003
1020
1082
1106
1070
1095
1159
1188
1146
1172
1236
1257
1225
1227
1297
1311
1270
1290
1343
1345
1289
1297
1343
1353
1304
1321
1379
1364
1329
1340
1382
1399
1347
1351
1402
1420
1356
1359
1408
1401
1365
1365
1415
1434
1380
1380
1438
1431
1377
1379
1428
1420
1373
1372
1410
1425
1365
1364
1423
1423
1368
1363
1415
1402
1358
1355
1412
1398
1358
1351
1416
1408
1363
1366
1420
1411
1376
1371
1424
1445
1390
1402
1455
1472
1438
1461
1520
1536
1506
1524
1591
1608
1575
1605
1671
1690
1666
1687
1774
1787
1757
1770
1853
1846
1809
1817
1880
1889
1838
1861
1921
1927
1890
1889
1948
1927
1873
1872
1906
1909
1845
1833
1886
1847
1773
1761
1802
1787
1713
1705
1734
1717
1652
1643
1676
1674
1622
1622
1664
1668
1618
1627
1678
1681
1618
1625
1683
1700
1641
1641
1694
1690
1651
1652
1712
1706
1661
1671
1727
1714
1688
1678
1734
1734
1670
1676
1726
1723
1667
1665
1728
1712
1661
1664
1708
1698
1658
1637
1691
1682
1615
1598
1626
1629
1567
1568
1615
1603
1569
1564
1613
1616
1578
1577
1619
1609
1548
1544
1576
1573
1515
1501
1547
1533
1484
1472
1529
1501
1452
1434
1499
1479
1422
1418
1470
1465
1407
1412
1451
1476
1439
1455
1517
1531
1498
1505
1557
1576
1517
1525
1563
1561
1512
1497
1548
1526
1494
1490
1543
1531
1492
1493
1537
1535
1483
1483
1525
1532
1488
1501
1544
1564
1524
1534
1588
1591
1539
1527
1556
1536
1471
1435
1473
1429
1353
1330
1366
1339
1276
1267
1298
1297
1239
1242
1287
1284
1239
1249
1294
1316
1267
1286
1333
1357
1293
1308
1342
1348
1271
1265
1305
1295
1224
1210
1263
1250
1189
1202
1260
1277
1233
1256
1339
1353
1326
1346
1433
1431
1399
1402
1459
1463
1421
1433
1475
1488
1454
1450
1495
1506
1448
1438
1494
1484
1445
1454
1522
1519
1478
1492
1554
1570
1547
1570
1628
1643
1611
1625
1672
1679
1614
1616
1661
1664
1587
1599
1652
1635
1570
1575
1644
1642
1597
1604
1668
1665
1629
1647
1714
1740
1694
1730
1808
1832
1812
1833
1903
1925
1895
1909
1961
1960
1918
1920
1987
1982
1921
1923
1962
1960
1883
1877
1916
1895
1840
1845
1893
1885
1835
1837
1908
1897
1836
1840
1878
1863
1817
1797
1853
1831
1802
1795
1852
1853
1808
1816
1870
1883
1835
1857
1926
1938
1901
1925
1977
2011
1986
1994
2055
2065
2029
2036
2111
2119
2043
2059
2113
2111
2052
2041
2083
2083
2028
2030
2084
2090
2051
2055
2120
2139
2089
2103
2151
2147
2095
2096
2149
2149
2103
2100
2155
2140
2087
2084
2117
2102
2050
2021
2052
2023
1954
1918
1939
1914
1825
1804
1835
1796
1711
1676
1698
1654
1581
1549
1586
1560
1511
1506
1547
1542
1493
1505
1574
1604
1589
1619
1710
1741
1727
1751
1824
1849
1817
1838
1901
1915
1938
1901
1961
1972
1926
1935
1983
1993
1934
1924
1968
1942
1875
1865
1897
1875
1798
1781
1822
1793
1726
1718
1739
1733
1667
1667
1699
1702
1634
1637
1691
1689
1644
1655
1714
1725
1700
1711
1796
1788
1766
1788
1845
1840
1799
1797
1830
1835
1766
1762
1810
1791
1724
1715
1739
1717
1641
1635
1667
1641
1575
1564
1601
1589
1529
1524
1583
1573
1527
1536
1588
1595
1546
1555
1618
1619
1574
1581
1642
1654
1600
1605
1659
1662
1617
1608
1661
1655
1602
1590
1634
1612
1566
1556
1599
1589
1525
1526
1571
1571
1520
1512
1563
1553
1485
1473
1519
1495
1437
1447
1499
1507
1471
1490
1555
1574
1537
1566
1629
1641
1611
1636
1701
1733
1694
1724
1779
1806
1774
1791
1844
1873
1824
1830
1905
1895
1835
1850
1888
1879
1827
1815
1854
1848
1790
1780
1822
1783
1729
1699
1743
1725
1651
1647
1698
1677
1630
1633
1688
1677
1647
1663
1730
1748
1702
1711
1800
1794
1756
1750
1801
1802
1755
1744
1783
1784
1715
1703
1729
1699
1632
1607
1637
1612
1554
1550
1603
1597
1566
1580
1652
1660
1631
1645
1722
1741
1706
1721
1803
1828
1805
1837
1914
1951
1918
1940
1996
2004
1969
1981
2032
2047
2014
2025
2070
2104
2062
2083
2150
2147
2110
2098
2173
2170
2126
2146
2203
2199
2168
2166
2227
2254
2205
2205
2252
2254
2218
2222
2269
2269
2209
2204
2239
2221
2159
2129
2177
2155
2092
2096
2132
2136
2080
2084
2145
2137
2101
2116
2172
2171
2141
2149
2215
2201
2157
2172
2218
2220
2167
2180
2236
2261
2233
2248
2311
2306
2275
2270
2297
2281
2213
2191
2221
2211
2149
2134
2167
2154
2070
2037
2050
2015
1935
1896
1918
1889
1823
1795
1842
1845
1797
1805
1868
1906
1855
1878
1935
1941
1912
1926
2005
2006
1988
1991
2040
2029
1972
1956
1976
1941
1870
1843
1869
1841
1771
1740
1764
1722
1650
1621
1641
1602
1522
1508
1550
1521
1482
1475
1535
1546
1523
1546
1638
1661
1633
1671
1748
1764
1750
1786
1871
1893
1894
1939
2032
2048
2034
2078
2156
2173
2151
2170
2237
2242
2217
2212
2275
2265
2239
2245
2304
2307
2247
2248
2291
2267
2212
2195
2223
2200
2109
2073
2085
2055
1983
1947
1949
1934
1842
1810
1830
1805
1720
1699
1752
1735
1668
1675
1719
1717
1667
1677
1737
1740
1689
1706
1763
1773
1734
1736
1811
1792
1736
1730
1779
1756
1681
1684
1731
1696
1639
1634
1679
1680
1621
1627
1675
1678
1629
1633
1713
1727
1716
1736
1821
1864
1838
1891
1965
1979
1944
1959
2023
1984
1934
1913
1953
1936
1869
1845
1866
1844
1772
1742
1784
1759
1680
1660
1701
1675
1623
1624
1664
1692
1646
1680
1747
1769
1752
1781
1842
1862
1824
1840
1903
1908
1855
1853
1889
1885
1832
1832
1882
1847
1791
1770
1808
1781
1716
1700
1743
1718
1661
1655
1698
1704
1655
1666
1738
1757
1729
1739
1818
1840
1803
1828
1910
1933
1914
1941
2004
2046
2016
2038
2114
2116
2105
2123
2185
2190
2150
2165
2221
2226
2173
2186
2227
2235
2186
2193
2254
2240
2239
2195
2249
2245
2182
2179
2202
2226
2149
2148
2185
2184
2133
2143
2207
2211
2165
2170
2231
2238
2199
2209
2273
2279
2229
2235
2302
2289
2239
2252
2297
2285
2224
2200
2245
2222
2154
2144
2188
2184
2122
2128
2169
2171
2134
2145
2202
2203
2156
2184
2224
2231
2188
2180
2224
2237
2193
2198
2253
2259
2238
2235
2325
2336
2303
2325
2385
2410
2379
2398
2469
2470
2450
2485
2553
2580
2550
2583
2633
2657
2641
2654
2692
2696
2689
2703
2723
2731
2734
2742
2764
2765
2773
2771
2783
2787
2779
2768
2772
2743
2716
2667
2658
2613
2553
2504
2513
2490
2397
2374
2399
2377
2321
2332
2399
2408
2394
2428
2507
2558
2565
2622
2682
2718
2734
2768
2787
2815
2825
2850
2853
2875
2878
2897
2893
2915
2911
2930
2916
2914
2871
2702
2614
2495
2389
2357
2394
2370
2309
2302
2348
2339
2299
2296
2375
2388
2385
2422
2514
2538
2533
2566
2617
2642
2619
2625
2645
2613
2560
2508
2504
2421
2332
2272
2266
2221
2123
2078
2094
2050
1954
1924
1956
1928
1882
1894
1949
1964
1952
1975
2076
2110
2083
2121
2195
2232
2200
2219
2268
2258
2211
2217
2237
2202
2133
2098
2104
2045
1945
1890
1890
1863
1780
1770
1829
1818
1782
1791
1865
1893
1888
1942
2036
2084
2093
2142
2248
2279
2259
2287
2349
2378
2318
2334
2375
2346
2304
2279
2329
2307
2233
2212
2231
2212
2126
2095
2122
2102
2034
2023
2072
2070
2023
2034
2083
2087
2047
2048
2094
2097
2039
2036
2083
2077
2034
2051
2117
2141
2094
2117
2185
2191
2153
2174
2244
2260
2234
2248
2335
2311
2287
2303
2373
2385
2354
2364
2429
2449
2406
2421
2483
2486
2445
2450
2498
2519
2480
2486
2548
2523
2484
2469
2501
2474
2412
2399
2410
2374
2313
2272
2300
2255
2191
2160
2198
2162
2087
2061
2099
2070
2027
1970
2019
1989
1939
1935
1977
1959
1907
1887
1916
1891
1825
1815
1858
1836
1781
1777
1830
1820
1783
1795
1868
1892
1857
1897
1975
1991
1967
1995
2062
2081
2056
2082
2155
2163
2136
2146
2207
2203
2178
2169
2233
2228
2188
2180
2231
2216
2150
2147
2173
2151
2091
2068
2092
2065
2003
1978
2025
1988
1924
1904
1922
1896
1810
1777
1797
1755
1685
1663
1694
1700
1641
1649
1689
1685
1648
1635
1654
1643
1575
1548
1579
1537
1473
1465
1504
1490
1438
1435
1489
1474
1419
1413
1459
1419
1362
1347
1389
1375
1330
1326
1389
1388
1342
1348
1406
1395
1352
1350
1400
1384
1334
1336
1379
1371
1311
1325
1381
1398
1363
1387
1476
1509
1482
1514
1591
1624
1601
1641
1712
1756
1746
1788
1894
1916
1906
1942
2027
2048
2018
2022
2080
2088
2036
2053
2104
2087
2049
2053
2105
2085
2042
2036
2078
2065
2007
1994
2031
2019
1958
1953
1981
1982
1899
1857
1875
1812
1727
1697
1733
1716
1659
1676
1727
1746
1705
1733
1830
1853
1823
1845
1942
1973
1962
2003
2105
2138
2114
2149
2194
2181
2130
2118
2137
2087
2014
1975
2004
1993
1928
1922
1992
1990
1949
1965
2033
2033
1999
1997
2044
2035
1987
1999
2056
2089
2055
2069
2116
2130
2072
2050
2094
2058
2008
2000
2053
2024
1974
1965
2004
1985
1942
1942
2002
1982
1942
1922
1962
1940
1906
1900
1986
1986
1955
1976
2052
2055
2025
2040
2128
2127
2118
2143
2218
2261
2231
2270
2353
2353
2346
2375
2438
2438
2396
2405
2444
2446
2408
2401
2471
2446
2397
2394
2417
2403
2364
2348
2356
2356
2283
2259
2306
2273
2217
2221
2291
2278
2241
2255
2300
2311
2258
2272
2334
2351
2339
2361
2429
2437
2422
2441
2505
2522
2492
2505
2552
2529
2508
2488
2530
2516
2461
2443
2474
2460
2381
2330
2353
2310
2227
2200
2227
2203
2130
2096
2141
2103
2046
2026
2054
2041
1958
1936
1949
1923
1834
1805
1830
1780
1704
1664
1658
1587
1481
1417
1428
1328
1219
1150
1136
1089
995
960
991
961
883
868
913
916
867
877
945
964
935
961
1030
1042
1007
1019
1074
1091
1047
1066
1130
1128
1110
1136
1210
1277
1268
1319
1429
1488
1475
1517
1606
1643
1615
1650
1729
1748
1713
1731
1791
1795
1739
1758
1836
1853
1808
1825
1887
1889
1839
1854
1907
1901
1858
1856
1904
1901
1849
1833
1885
1882
1816
1804
1838
1811
1741
1723
1738
1699
1624
1587
1616
1565
1491
1452
1476
1433
1333
1282
1290
1253
1133
1079
1086
1041
955
940
967
942
884
867
907
901
856
857
918
936
895
918
998
1020
1001
1042
1137
1179
1178
1227
1324
1354
1341
1381
1463
1495
1476
1508
1588
1608
1584
1595
1674
1675
1665
1682
1745
1753
1718
1732
1787
1780
1736
1749
1793
1797
1757
1757
1798
1804
1762
1766
1829
1819
1790
1797
1852
1880
1818
1823
1878
1886
1837
1836
1889
1886
1829
1826
1864
1831
1761
1747
1786
1781
1750
1755
1807
1808
1765
1773
1838
1845
1811
1822
1892
1883
1834
1822
1887
1863
1817
1812
1865
1844
1801
1795
1850
1837
1779
1785
1857
1827
1791
1786
1826
1848
1805
1815
1883
1892
1852
1866
1932
1942
1886
1902
1952
1933
1882
1883
1950
1933
1896
1889
1955
1935
1892
1893
1938
1919
1884
1901
1950
1948
1893
1893
1958
1941
1899
1903
1958
1960
1912
1918
1976
1979
1914
1933
1956
1974
1902
1895
1959
1917
1862
1856
1892
1866
1799
1774
1806
1777
1723
1713
1764
1742
1681
1686
1765
1761
1712
1758
1823
1850
1819
1830
1913
1892
1876
1899
1961
1975
1936
1930
1990
1967
1896
1852
1850
1787
1685
1639
1686
1685
1634
1632
1700
1714
1665
1679
1749
1755
1715
1720
1785
1776
1739
1754
1840
1855
1815
1840
1919
1911
1875
1868
1897
1887
1825
1821
1852
1836
1776
1772
1811
1808
1764
1770
1820
1830
1776
1762
1805
1769
1686
1665
1707
1694
1647
1640
1688
1684
1628
1625
1669
1660
1641
1644
1705
1715
1678
1683
1749
1731
1693
1712
1786
1785
1731
1740
1790
1785
1720
1744
1788
1783
1729
1711
1744
1722
1663
1651
1688
1663
1617
1620
1676
1677
1641
1639
1705
1705
1659
1671
1726
1725
1694
1698
1765
1774
1729
1743
1818
1812
1769
1778
1828
1834
1788
1779
1848
1809
1771
1780
1819
1818
1778
1789
1844
1839
1791
1790
1831
1816
1762
1750
1782
1762
1693
1687
1710
1709
1633
1628
1668
1635
1562
1536
1552
1515
1437
1414
1430
1399
1323
1302
1332
1323
1251
1231
1273
1261
1206
1216
1278
1277
1250
1262
1332
1349
1321
1357
1443
1452
1432
1460
1511
1519
1486
1494
1552
1548
1503
1493
1550
1552
1501
1503
1559
1564
1498
1500
1551
1557
1497
1486
1532
1526
1468
1454
1520
1500
1437
1428
1475
1473
1399
1402
1447
1430
1375
1370
1429
1407
1364
1376
1419
1423
1354
1342
1385
1372
1320
1310
1346
1317
1261
1248
1287
1277
1228
1216
1264
1251
1199
1207
1273
1246
1194
1197
1245
1242
1200
1207
1268
1270
1224
1227
1292
1290
1235
1229
1267
1258
1197
1189
1242
1220
1170
1156
1210
1202
1141
1143
1192
1176
1120
1112
1159
1144
1094
1086
1146
1154
1103
1109
1163
1152
1079
1092
1133
1126
1067
1070
1129
1125
1058
1058
1111
1102
1044
1048
1106
1084
1039
1039
1091
1071
1025
1031
1087
1074
1029
1041
1107
1101
1048
1055
1113
1100
1061
1065
1103
1121
1045
1054
1100
1084
1041
1044
1090
1079
1024
1022
1080
1052
998
993
1036
1015
966
964
1007
997
937
944
992
989
933
924
1001
968
904
907
956
951
902
913
960
954
903
910
962
954
911
914
964
961
912
917
962
970
913
905
955
944
890
884
930
924
882
882
939
932
881
885
935
931
880
884
936
933
887
886
950
942
894
899
954
938
876
851
895
882
848
855
909
892
853
843
898
891
827
818
865
858
811
814
857
862
827
836
881
887
837
842
907
898
837
823
873
869
807
813
877
871
821
807
868
847
788
780
833
797
757
752
813
794
752
753
832
825
779
787
862
866
802
808
857
858
797
796
854
859
809
798
844
869
801
807
857
845
798
788
832
821
766
763
809
811
751
754
808
805
759
761
822
815
772
779
834
842
800
808
877
882
843
866
930
637
268
267
269
271
271
269
269
271
774
776
268
270
271
-5
-5

