;UFOS3
;Measurement details: channel = Z, date = 12.09.2015, time = 08:12:36
Exposure=368
Gain=0
Temperature=29.6
Accummulate=4
1.9147915507904487 mu
1.9325067542173393 amas
31.188 hs
210 ozone
179897 uva
16816 uvb
10456 uve
[Value]
-8
266
267
267
268
268
266
269
285
279
333
331
277
279
341
340
286
286
337
350
279
291
365
347
288
287
375
369
296
293
371
351
296
293
353
349
291
289
355
361
289
290
349
353
289
293
371
369
299
297
362
361
288
293
376
367
286
288
367
376
288
298
361
380
293
292
373
353
291
291
346
371
292
299
357
361
285
291
356
355
294
296
377
359
288
291
357
365
289
294
361
371
288
291
365
354
291
288
353
374
296
292
355
365
290
299
376
361
289
294
370
352
291
295
358
371
292
289
355
360
287
290
365
367
289
299
358
350
286
297
367
375
286
292
355
369
285
291
361
358
292
288
368
373
289
295
362
376
289
296
378
373
290
290
365
358
287
292
369
368
289
291
359
356
296
299
365
374
289
290
359
383
289
295
353
371
289
291
368
362
288
294
386
362
295
294
348
354
292
290
358
374
288
296
363
366
294
291
355
368
291
292
354
357
288
293
354
362
287
294
353
354
293
293
367
367
289
290
360
367
291
292
353
373
287
294
363
361
292
293
368
354
292
294
354
364
300
292
376
352
290
286
349
366
287
294
366
363
292
289
365
360
295
291
354
362
291
298
401
361
290
293
370
356
290
289
374
357
286
291
359
351
286
296
360
362
296
283
366
359
291
295
370
362
295
289
374
358
295
287
362
358
287
292
363
355
287
293
365
360
283
288
366
359
290
293
371
367
298
292
361
364
289
291
372
350
300
296
369
357
295
293
368
375
286
289
376
369
296
290
352
362
290
288
366
355
290
288
360
355
287
297
358
372
293
298
359
375
289
298
367
362
295
290
349
355
295
292
355
354
288
296
358
354
290
295
346
361
292
285
371
367
291
294
356
359
292
296
367
365
288
292
357
353
292
293
365
370
290
294
378
356
290
288
360
373
297
295
374
367
292
289
364
376
295
297
372
359
285
298
368
359
293
300
369
372
295
290
361
366
290
295
359
369
293
287
344
365
288
292
363
363
288
289
353
370
288
294
363
362
296
288
371
358
290
289
363
373
288
296
370
389
289
293
362
359
292
300
365
363
291
292
357
355
287
287
372
350
292
290
350
362
294
295
362
357
296
297
355
362
293
291
356
376
284
297
367
369
288
302
370
362
288
299
356
356
294
289
353
368
294
294
366
361
288
292
348
375
287
299
374
375
294
293
363
372
294
294
369
368
293
295
366
373
294
296
363
369
298
297
368
367
296
298
365
360
294
299
372
362
305
294
360
363
296
298
367
380
292
297
361
360
299
299
365
356
294
297
381
364
307
298
374
391
295
301
354
378
301
301
378
374
299
303
371
362
302
300
375
380
300
300
380
384
304
302
375
374
303
304
363
377
303
308
366
383
296
304
372
379
298
307
370
363
307
307
377
382
299
308
390
385
311
313
384
384
317
317
388
380
318
327
403
393
325
320
391
408
335
333
410
390
320
326
391
394
327
328
402
422
332
339
404
403
328
332
390
405
339
335
422
409
333
339
415
409
338
336
416
423
338
347
425
412
339
353
434
432
356
362
432
427
358
371
435
440
363
375
453
455
386
388
467
457
386
389
474
480
391
394
457
446
389
386
453
452
390
391
446
464
390
390
480
470
390
393
463
472
399
412
497
469
414
412
472
490
419
425
501
504
431
432
514
509
445
451
518
525
461
478
554
558
483
496
579
553
497
499
563
574
511
503
585
587
512
517
593
590
519
522
593
586
513
528
593
607
535
543
615
615
548
541
618
617
542
546
613
618
547
549
654
617
548
555
617
610
536
533
601
596
526
533
621
610
533
538
600
597
533
544
633
625
542
555
622
616
543
551
623
622
554
557
641
649
560
565
652
646
585
596
687
690
621
631
699
710
661
673
765
764
707
720
803
791
733
738
814
827
743
739
823
829
744
752
815
812
740
734
799
790
727
714
790
802
716
710
795
767
704
701
778
775
698
703
783
787
717
721
815
805
724
738
802
830
747
759
859
850
771
773
860
868
783
793
872
860
785
789
888
862
787
792
873
870
789
799
866
866
793
797
872
881
823
824
918
903
838
850
932
944
870
888
954
963
885
866
956
933
847
856
938
926
856
851
923
923
857
870
942
964
886
903
975
988
934
949
1030
1075
999
1012
1102
1090
1022
1020
1113
1096
1028
1016
1072
1073
967
964
1021
1018
933
917
987
968
899
892
975
966
896
900
996
989
924
936
1047
1053
977
1006
1106
1136
1083
1106
1202
1218
1160
1176
1265
1306
1237
1263
1346
1375
1314
1334
1431
1444
1380
1398
1487
1480
1411
1434
1521
1544
1466
1488
1559
1557
1465
1490
1514
1496
1382
1365
1417
1400
1302
1286
1354
1345
1255
1264
1307
1323
1248
1245
1326
1339
1270
1280
1384
1413
1364
1395
1510
1549
1492
1527
1631
1643
1561
1577
1665
1647
1550
1552
1619
1606
1532
1523
1585
1565
1493
1470
1534
1541
1443
1439
1502
1511
1427
1448
1533
1529
1466
1502
1593
1624
1530
1559
1655
1654
1595
1617
1720
1725
1661
1686
1769
1768
1703
1716
1791
1819
1732
1739
1802
1808
1714
1703
1748
1746
1637
1616
1662
1634
1528
1517
1564
1532
1451
1451
1509
1493
1405
1406
1500
1502
1423
1430
1526
1540
1466
1474
1560
1560
1480
1487
1553
1568
1487
1488
1564
1573
1473
1462
1537
1510
1421
1401
1445
1443
1342
1320
1391
1370
1264
1267
1331
1333
1254
1265
1344
1335
1262
1270
1335
1347
1276
1292
1361
1380
1303
1313
1429
1427
1375
1396
1464
1521
1419
1427
1528
1509
1456
1458
1543
1561
1496
1512
1595
1608
1536
1547
1631
1667
1587
1604
1669
1672
1602
1606
1668
1657
1571
1571
1651
1627
1548
1542
1615
1622
1531
1535
1585
1612
1526
1534
1612
1607
1543
1581
1671
1687
1648
1677
1769
1792
1755
1788
1897
1923
1875
1922
2007
2045
1983
2003
2106
2121
2078
2076
2155
2157
2065
2062
2160
2133
2095
2092
2186
2186
2129
2121
2210
2228
2155
2168
2252
2266
2183
2188
2259
2271
2204
2191
2285
2311
2221
2232
2331
2324
2229
2226
2289
2292
2206
2219
2289
2257
2188
2182
2256
2275
2187
2206
2262
2273
2172
2172
2250
2237
2166
2166
2235
2269
2193
2192
2277
2255
2190
2184
2272
2270
2208
2230
2318
2347
2297
2326
2429
2459
2391
2415
2519
2528
2504
2539
2642
2657
2646
2678
2745
2771
2777
2803
2820
2841
2850
2867
2872
2887
2893
2908
2908
2926
2923
2940
2936
2953
2948
2964
2959
2973
2969
2979
2975
2981
2977
2945
2951
2849
2827
2700
2718
2659
2599
2556
2606
2583
2523
2537
2585
2600
2524
2529
2595
2581
2520
2537
2589
2600
2534
2548
2623
2606
2540
2555
2625
2619
2563
2574
2633
2633
2591
2598
2643
2662
2599
2598
2624
2631
2577
2569
2609
2627
2551
2566
2614
2618
2530
2532
2578
2557
2507
2483
2551
2535
2453
2456
2523
2509
2465
2464
2535
2535
2457
2448
2504
2504
2397
2381
2446
2394
2308
2294
2348
2313
2242
2228
2303
2282
2184
2149
2192
2207
2129
2095
2157
2130
2052
2055
2141
2157
2101
2129
2225
2253
2202
2226
2298
2329
2259
2281
2344
2337
2269
2231
2303
2288
2198
2206
2300
2276
2210
2199
2286
2278
2185
2185
2231
2262
2191
2205
2294
2301
2246
2256
2337
2351
2256
2253
2286
2267
2146
2110
2135
2070
1971
1930
1974
1929
1854
1836
1889
1872
1790
1794
1857
1866
1795
1797
1880
1901
1843
1856
1949
1952
1893
1899
1959
1969
1881
1866
1934
1905
1792
1771
1836
1800
1727
1725
1815
1835
1781
1810
1931
1962
1907
1946
2031
2068
1997
2019
2083
2095
2004
2018
2091
2112
2016
2012
2083
2090
2002
2008
2090
2089
2001
2023
2115
2145
2056
2083
2194
2204
2165
2206
2327
2333
2280
2290
2373
2373
2288
2287
2341
2339
2255
2245
2299
2313
2221
2209
2292
2283
2222
2253
2351
2350
2291
2310
2378
2413
2379
2423
2526
2560
2532
2571
2645
2671
2624
2651
2701
2712
2677
2690
2715
2721
2676
2668
2698
2684
2636
2610
2641
2617
2545
2536
2586
2594
2529
2543
2597
2609
2551
2542
2591
2583
2505
2498
2538
2534
2466
2470
2556
2555
2483
2496
2561
2591
2522
2550
2624
2629
2596
2626
2695
2716
2699
2719
2754
2769
2767
2780
2793
2803
2802
2805
2815
2809
2812
2799
2800
2793
2776
2759
2777
2778
2773
2783
2797
2813
2821
2834
2842
2853
2853
2864
2860
2864
2860
2859
2863
2864
2859
2868
2862
2858
2845
2814
2807
2763
2707
2645
2627
2577
2464
2429
2446
2424
2288
2240
2252
2216
2093
2071
2113
2096
1990
1974
2046
2035
1965
1981
2081
2108
2084
2127
2252
2292
2262
2295
2403
2447
2384
2393
2484
2512
2455
2473
2564
2566
2515
2523
2591
2575
2530
2520
2560
2540
2448
2421
2458
2438
2344
2313
2377
2361
2274
2257
2306
2279
2215
2208
2268
2258
2275
2176
2241
2253
2163
2182
2270
2280
2227
2243
2328
2344
2293
2320
2406
2416
2329
2331
2398
2368
2267
2273
2312
2298
2194
2181
2221
2193
2086
2054
2114
2093
1990
1974
2038
2022
1956
1943
2050
2016
1977
1978
2061
2066
1998
2007
2082
2109
2027
2042
2122
2129
2054
2063
2138
2150
2075
2089
2152
2145
2050
2034
2102
2084
1992
1989
2056
2029
1956
1946
2021
2010
1929
1929
2008
1996
1892
1874
1944
1925
1827
1831
1908
1921
1865
1873
1981
1991
1943
1960
2079
2088
2032
2062
2164
2182
2123
2163
2253
2288
2228
2246
2344
2361
2285
2300
2395
2376
2315
2314
2377
2364
2277
2281
2330
2329
2241
2228
2279
2257
2165
2152
2194
2190
2102
2090
2146
2151
2077
2057
2138
2173
2084
2098
2215
2203
2147
2170
2260
2262
2194
2207
2277
2293
2222
2242
2316
2276
2206
2174
2222
2193
2061
2025
2080
2030
1940
1938
2018
1998
1925
1953
2045
2071
2007
2033
2160
2152
2099
2126
2217
2244
2187
2224
2307
2353
2294
2325
2400
2405
2349
2358
2440
2442
2395
2416
2504
2515
2490
2512
2589
2596
2539
2568
2627
2638
2599
2604
2648
2663
2623
2639
2682
2713
2676
2685
2703
2712
2683
2686
2721
2722
2716
2727
2747
2770
2759
2780
2788
2797
2786
2780
2788
2772
2754
2733
2743
2733
2714
2692
2715
2715
2668
2668
2684
2675
2631
2617
2649
2638
2575
2554
2603
2586
2529
2515
2578
2561
2495
2473
2502
2497
2396
2386
2440
2451
2365
2369
2446
2438
2366
2355
2415
2378
2267
2240
2279
2245
2129
2123
2170
2185
2119
2126
2228
2238
2188
2200
2289
2310
2240
2258
2354
2383
2327
2330
2422
2439
2351
2333
2376
2336
2230
2196
2233
2210
2104
2073
2128
2099
1961
1923
1952
1938
1808
1779
1842
1805
1736
1738
1833
1835
1779
1805
1909
1935
1903
1949
2052
2061
2025
2063
2176
2215
2185
2230
2344
2369
2350
2395
2512
2535
2478
2518
2595
2603
2576
2584
2648
2659
2623
2627
2679
2675
2623
2626
2646
2624
2567
2541
2556
2522
2438
2409
2481
2409
2311
2281
2302
2264
2149
2090
2117
2070
1975
1950
2020
2006
1933
1919
2002
2012
1907
1922
2003
2006
1942
1954
2034
2063
1982
1988
2052
2058
1970
1958
1993
2003
1912
1880
1964
1946
1844
1846
1924
1933
1831
1842
1904
1914
1827
1837
1934
1963
1921
1961
2076
2114
2082
2118
2252
2259
2207
2211
2287
2273
2171
2162
2227
2197
2086
2080
2115
2094
1997
1971
2021
1984
1891
1866
1924
1906
1819
1815
1887
1913
1836
1873
1979
2010
1957
2000
2100
2105
2049
2065
2154
2177
2083
2086
2147
2165
2068
2069
2149
2133
2032
2001
2068
2024
1939
1907
1965
1973
1853
1865
1934
1921
1857
1877
1951
1975
1928
1946
2059
2071
2012
2041
2131
2159
2107
2140
2256
2270
2242
2264
2362
2373
2318
2348
2441
2438
2386
2392
2466
2481
2394
2410
2482
2493
2417
2426
2495
2489
2417
2419
2484
2482
2403
2395
2439
2451
2364
2361
2418
2397
2339
2347
2419
2436
2353
2370
2449
2465
2390
2410
2482
2505
2440
2450
2539
2527
2535
2479
2551
2546
2482
2477
2520
2527
2431
2417
2460
2455
2365
2374
2451
2445
2354
2367
2425
2428
2360
2366
2438
2435
2358
2360
2440
2431
2359
2353
2436
2441
2355
2373
2458
2469
2408
2438
2540
2547
2495
2525
2596
2615
2603
2636
2699
2722
2731
2756
2770
2797
2802
2821
2825
2844
2845
2864
2862
2880
2875
2893
2893
2908
2905
2919
2916
2928
2927
2940
2937
2952
2949
2959
2955
2965
2961
2949
2944
2851
2776
2616
2623
2567
2512
2516
2571
2577
2556
2586
2676
2704
2714
2756
2772
2806
2814
2845
2848
2877
2876
2898
2896
2920
2913
2939
2929
2952
2945
2969
2959
2981
2970
2988
2983
2998
2989
2921
2883
2572
2482
2437
2506
2500
2440
2451
2525
2545
2521
2557
2641
2691
2669
2719
2745
2762
2772
2783
2791
2793
2777
2734
2717
2637
2525
2440
2457
2400
2279
2227
2251
2183
2074
2032
2089
2060
1982
1995
2087
2090
2042
2092
2195
2239
2202
2243
2355
2364
2325
2342
2435
2411
2356
2336
2385
2378
2276
2231
2268
2228
2064
2013
2061
1997
1902
1884
1944
1950
1881
1904
2026
2045
1990
2053
2165
2238
2201
2259
2377
2416
2370
2421
2477
2494
2439
2447
2519
2500
2430
2409
2457
2448
2353
2328
2410
2361
2242
2221
2260
2228
2136
2147
2230
2220
2157
2158
2265
2253
2170
2192
2257
2278
2165
2163
2240
2218
2161
2159
2266
2271
2206
2219
2311
2330
2258
2278
2377
2393
2334
2354
2431
2459
2393
2404
2484
2492
2456
2468
2542
2559
2501
2513
2570
2571
2523
2541
2614
2620
2579
2592
2643
2637
2596
2587
2619
2603
2537
2507
2566
2503
2418
2377
2423
2382
2282
2253
2309
2284
2190
2160
2231
2195
2097
2069
2121
2123
2035
2037
2127
2083
2001
1988
2049
2018
1931
1925
1976
1951
1885
1872
1950
1934
1871
1883
1993
2008
1954
1981
2100
2120
2101
2083
2198
2193
2161
2169
2280
2286
2226
2242
2331
2312
2264
2268
2359
2355
2287
2288
2365
2344
2266
2246
2300
2301
2200
2177
2242
2201
2108
2091
2138
2116
2022
1995
2063
2031
1916
1879
1922
1860
1776
1751
1816
1798
1729
1735
1830
1803
1723
1723
1781
1773
1667
1639
1685
1661
1558
1530
1622
1579
1513
1516
1589
1579
1501
1492
1552
1522
1424
1412
1479
1478
1389
1409
1474
1473
1416
1415
1482
1494
1426
1426
1501
1470
1399
1405
1481
1446
1375
1379
1476
1480
1421
1456
1566
1575
1551
1574
1686
1705
1659
1701
1820
1845
1804
1850
1990
2023
1990
2025
2131
2158
2098
2100
2205
2176
2123
2138
2222
2219
2142
2139
2227
2218
2134
2128
2193
2180
2088
2082
2146
2132
2053
2039
2109
2090
1985
1959
2016
1971
1876
1847
1929
1927
1860
1878
1976
1978
1920
1956
2058
2068
2028
2039
2141
2163
2114
2150
2249
2287
2244
2259
2341
2348
2241
2205
2240
2148
2021
1966
1997
1966
1848
1851
1912
1909
1834
1854
1976
1982
1924
1946
2046
2050
1986
2014
2142
2160
2110
2144
2237
2252
2160
2160
2224
2188
2115
2088
2161
2164
2071
2051
2125
2106
2032
2045
2126
2112
2041
2020
2094
2076
1989
1992
2067
2105
2044
2073
2164
2199
2113
2122
2240
2236
2190
2228
2342
2352
2309
2356
2445
2470
2427
2466
2552
2541
2495
2488
2564
2539
2493
2486
2562
2542
2476
2465
2534
2522
2458
2448
2509
2472
2379
2360
2402
2402
2323
2323
2405
2379
2334
2341
2416
2389
2336
2344
2437
2459
2419
2444
2549
2542
2497
2523
2588
2608
2569
2575
2611
2630
2565
2562
2619
2596
2523
2507
2576
2534
2442
2408
2431
2414
2320
2284
2311
2274
2191
2169
2226
2189
2101
2087
2132
2110
2013
1979
2035
1978
1892
1854
1914
1877
1766
1726
1763
1723
1577
1526
1549
1500
1346
1283
1314
1242
1118
1067
1112
1056
962
950
1007
1023
914
931
1009
1022
964
1005
1130
1133
1104
1146
1252
1277
1238
1260
1411
1379
1324
1335
1426
1447
1405
1438
1568
1595
1544
1567
1674
1687
1644
1667
1780
1799
1744
1770
1838
1817
1701
1662
1701
1661
1536
1526
1578
1544
1485
1501
1578
1634
1598
1631
1746
1796
1748
1775
1870
1901
1823
1826
1890
1866
1767
1734
1769
1741
1606
1567
1627
1599
1491
1465
1522
1475
1362
1329
1374
1303
1179
1130
1148
1116
991
968
1038
1020
920
912
976
972
888
893
981
978
922
942
1065
1093
1044
1080
1227
1256
1210
1259
1386
1451
1388
1430
1549
1592
1538
1584
1695
1708
1672
1675
1776
1792
1732
1744
1832
1845
1765
1758
1831
1829
1740
1748
1840
1840
1761
1773
1850
1847
1759
1767
1844
1836
1768
1777
1859
1861
1786
1788
1884
1876
1825
1848
1934
1924
1856
1848
1929
1903
1832
1845
1911
1926
1836
1846
1917
1918
1841
1849
1920
1924
1859
1867
1955
1984
1867
1851
1928
1929
1841
1841
1927
1924
1831
1830
1903
1872
1778
1749
1823
1820
1753
1765
1839
1847
1777
1797
1890
1911
1865
1875
1980
1989
1926
1925
2017
1992
1913
1919
1995
1973
1923
1929
2007
1996
1921
1925
2021
1977
1916
1911
1989
2001
1938
1923
2008
1992
1914
1920
2011
2016
1929
1939
2034
2010
1945
1947
2046
2017
1934
1922
2007
1972
1893
1879
1933
1910
1840
1839
1909
1879
1784
1784
1881
1849
1774
1780
1848
1864
1786
1797
1909
1934
1849
1871
1938
1971
1885
1912
2036
2006
1948
1964
2047
2022
1923
1881
1906
1875
1760
1741
1817
1791
1691
1669
1785
1772
1687
1704
1804
1818
1738
1736
1841
1805
1758
1776
1866
1887
1833
1851
1956
1958
1863
1836
1900
1841
1728
1696
1768
1772
1686
1679
1791
1795
1714
1726
1825
1829
1751
1755
1826
1799
1701
1692
1782
1773
1679
1684
1779
1762
1694
1689
1750
1751
1677
1687
1770
1768
1689
1699
1770
1752
1683
1694
1791
1820
1744
1742
1842
1807
1718
1722
1796
1787
1698
1686
1739
1728
1612
1598
1669
1644
1591
1605
1714
1721
1669
1668
1760
1752
1682
1678
1775
1765
1669
1676
1767
1766
1676
1691
1790
1794
1726
1724
1815
1803
1738
1728
1810
1777
1692
1682
1747
1728
1661
1663
1767
1768
1707
1722
1803
1794
1732
1714
1786
1763
1673
1657
1743
1700
1617
1600
1661
1645
1544
1517
1607
1541
1440
1422
1473
1454
1361
1360
1432
1405
1331
1333
1411
1412
1329
1342
1421
1426
1348
1364
1437
1484
1393
1413
1513
1514
1445
1445
1516
1511
1436
1439
1499
1486
1395
1396
1450
1451
1348
1334
1405
1387
1308
1306
1395
1379
1309
1306
1404
1395
1322
1346
1443
1425
1358
1366
1440
1433
1372
1365
1438
1432
1354
1339
1420
1418
1326
1325
1402
1406
1310
1300
1373
1385
1287
1284
1353
1338
1244
1225
1327
1299
1200
1188
1260
1259
1166
1171
1253
1238
1161
1158
1249
1229
1168
1173
1251
1267
1193
1180
1267
1262
1197
1190
1267
1244
1165
1144
1223
1211
1136
1129
1201
1178
1104
1090
1192
1160
1080
1077
1145
1137
1056
1066
1144
1153
1069
1062
1154
1149
1071
1071
1137
1129
1038
1037
1121
1108
1027
1017
1103
1092
994
1002
1083
1077
990
989
1076
1065
978
978
1060
1064
992
1006
1087
1075
971
987
1072
1069
990
1000
1101
1090
993
999
1080
1073
998
997
1082
1053
981
981
1056
1028
951
944
1022
991
907
915
1003
985
893
897
973
956
884
887
943
978
860
869
952
935
873
871
956
944
875
879
970
952
870
873
954
936
873
871
951
943
861
869
945
934
852
842
965
922
830
837
918
906
832
837
912
900
819
828
919
912
841
846
920
926
852
856
935
943
853
844
924
905
821
821
893
887
819
813
892
867
787
785
872
858
768
773
863
855
782
788
882
866
790
800
893
882
795
783
864
851
798
816
896
885
822
831
925
925
834
838
915
912
823
828
883
891
821
825
891
899
804
806
887
877
787
776
855
847
752
761
854
837
750
737
827
811
721
713
808
749
678
677
760
721
657
660
760
745
666
671
762
771
682
687
770
767
687
692
782
782
711
719
792
823
729
733
823
820
748
745
827
818
734
736
810
811
725
733
814
814
746
740
833
813
742
749
833
827
755
760
849
857
783
790
860
616
267
267
265
267
267
267
266
266
689
699
266
267
266
-8
-8

