;UFOS3
;Measurement details: channel = Z-D, date = 12.09.2015, time = 08:22:50
Exposure=359
Gain=0
Temperature=29.9
Accummulate=4
1.8826822714033635 mu
1.8992035126686464 amas
31.796 hs
257 ozone
151878 uva
5393 uvb
1039 uve
[Value]
-5
-5
-6
-4
-5
-7
-4
-7
-6
-5
-1
-6
-5
-6
-6
-4
-5
-7
-4
-6
-4
-5
-1
-1
-1
-1
-2
1
1
-1
-1
-1
1
-3
-2
0
-1
-1
1
-2
-1
-2
-1
0
-1
-1
-1
0
1
0
1
3
1
-1
0
1
-1
1
3
-4
0
3
3
0
-1
-2
-1
-2
-1
-1
-3
-2
0
0
0
3
0
0
1
0
0
-1
2
-3
0
-2
1
0
3
-1
-1
-3
-3
0
3
0
-2
2
-1
2
0
-2
-3
-1
-2
-2
5
-1
-2
0
-2
2
1
-2
0
-1
-2
0
3
0
-1
2
1
0
-1
-1
-1
-1
-1
1
0
0
-2
-1
1
-1
0
-1
1
-2
-1
0
2
-2
2
-1
0
1
-1
-1
1
-1
1
-1
0
-1
0
0
1
0
0
0
1
1
-1
0
-2
-1
0
-2
-1
1
1
0
-2
0
-3
0
1
1
1
-2
1
-3
-2
2
-2
2
-3
1
-3
-2
-1
0
-1
-1
1
-1
-1
1
-1
-1
0
2
-1
-1
0
-1
-3
0
-1
-3
-3
-1
-2
-3
0
-1
-2
1
-1
0
0
2
0
0
-1
-2
-1
-3
-1
1
-3
0
1
0
0
2
-1
1
-2
0
-1
-1
-2
-1
-1
1
2
1
-1
-2
1
-1
0
-2
-1
0
0
-1
0
1
0
-2
2
0
-1
1
-2
-1
-2
-1
0
1
2
2
-3
0
-2
-3
-1
-1
0
-1
-1
1
0
0
0
-2
0
2
1
0
0
0
0
-2
1
-1
1
-2
0
2
2
2
0
2
-1
-1
3
3
-2
2
0
2
0
1
2
1
0
0
2
2
-1
-1
-1
-2
0
-3
1
0
-1
0
0
-3
-2
1
1
-3
-1
2
0
-1
0
1
-1
-2
0
0
-3
-1
-2
-2
-1
-1
-3
0
-3
-2
0
-1
0
1
0
2
6
-1
2
0
1
3
0
1
0
-2
1
0
2
-1
-1
2
-2
-2
-2
1
0
-3
3
1
0
0
-1
-1
1
0
0
-2
1
2
0
2
-1
2
2
0
-1
0
1
-1
-1
-2
-1
0
0
-2
0
-2
1
-1
0
0
0
-2
1
2
1
0
1
0
0
-1
1
1
-3
1
0
0
-4
-2
1
-1
2
0
1
4
1
2
2
-1
1
-1
1
2
3
1
0
1
2
1
1
0
0
1
2
4
1
0
3
0
2
-1
1
1
3
2
3
-1
-2
0
1
1
1
1
4
0
3
5
-1
0
2
1
3
1
3
3
3
2
3
3
4
3
3
1
3
4
1
5
2
2
1
2
2
4
5
3
5
4
3
2
2
2
4
-1
4
2
-2
3
2
4
3
3
6
4
7
3
5
3
6
3
6
4
4
4
4
8
5
7
4
4
4
4
7
6
5
3
6
4
6
9
7
5
7
6
8
6
6
6
6
9
7
8
10
10
8
4
10
8
9
9
9
10
12
10
14
13
12
12
12
13
14
11
11
12
12
15
11
14
14
12
14
15
11
15
14
14
16
16
17
14
18
17
18
19
20
23
24
24
25
25
27
25
29
26
28
34
31
36
36
37
35
37
40
40
39
38
37
41
41
42
40
41
42
43
42
42
40
45
43
39
46
44
45
43
47
51
48
48
51
53
53
55
57
58
57
59
59
62
65
66
70
71
75
78
86
84
82
83
88
92
95
95
99
100
101
100
104
100
101
97
104
95
97
94
92
96
94
95
97
102
101
100
104
104
104
106
108
116
110
115
120
119
119
124
128
129
127
132
138
140
143
145
149
150
161
160
170
172
176
182
186
192
191
197
208
208
210
213
223
221
222
224
228
231
234
230
232
240
232
229
234
234
234
231
237
245
244
249
250
255
252
253
257
262
255
257
260
260
262
262
267
263
256
258
262
254
248
242
243
240
238
237
244
244
245
240
247
244
247
249
256
262
258
257
269
259
255
256
262
267
262
265
270
274
271
276
287
294
294
306
315
326
329
342
349
359
375
385
403
418
421
428
441
444
445
444
455
459
449
451
458
463
455
455
457
453
445
438
446
440
436
431
434
428
423
422
426
417
412
414
412
416
413
419
428
428
423
425
435
436
440
437
453
458
457
463
478
481
475
486
495
498
497
499
504
506
499
497
503
503
495
499
509
510
500
502
500
503
506
504
520
517
518
523
540
545
546
558
581
580
582
588
602
597
588
573
578
575
561
562
566
562
557
551
558
564
567
574
588
595
593
606
624
621
635
654
675
698
699
716
731
730
728
731
735
740
726
715
709
698
683
674
660
652
640
626
627
612
600
593
600
604
601
606
623
628
636
641
667
679
691
709
743
770
786
800
824
845
853
884
905
929
941
964
994
1002
1011
1036
1062
1074
1084
1100
1118
1123
1125
1136
1160
1177
1173
1183
1189
1191
1172
1156
1147
1117
1083
1077
1057
1033
1010
993
988
977
964
963
958
956
949
948
951
965
973
991
1014
1037
1063
1097
1142
1177
1195
1228
1252
1277
1266
1268
1271
1271
1250
1245
1248
1237
1231
1222
1219
1206
1184
1170
1168
1155
1140
1136
1143
1146
1136
1143
1158
1168
1185
1196
1211
1235
1241
1251
1276
1295
1307
1316
1343
1351
1361
1377
1387
1404
1404
1407
1428
1435
1432
1437
1444
1441
1419
1386
1376
1369
1335
1312
1292
1260
1236
1212
1197
1171
1149
1139
1133
1126
1108
1100
1118
1128
1123
1135
1153
1162
1161
1177
1185
1190
1188
1184
1189
1187
1191
1193
1196
1191
1174
1158
1160
1137
1120
1101
1088
1064
1037
1030
1013
993
971
952
958
960
957
956
968
963
962
959
972
971
977
991
1005
1016
1011
1024
1040
1063
1076
1089
1104
1115
1114
1123
1142
1150
1146
1157
1167
1182
1194
1202
1221
1230
1236
1247
1261
1281
1286
1298
1304
1303
1301
1298
1294
1291
1280
1270
1271
1259
1250
1235
1250
1242
1232
1234
1235
1240
1227
1235
1239
1242
1242
1263
1291
1325
1337
1370
1399
1427
1457
1480
1523
1549
1573
1607
1637
1664
1674
1700
1718
1751
1751
1774
1766
1766
1763
1749
1768
1777
1775
1775
1788
1798
1816
1819
1828
1840
1849
1862
1881
1875
1864
1878
1880
1882
1888
1885
1902
1915
1916
1927
1930
1925
1924
1912
1917
1911
1910
1896
1896
1880
1884
1882
1878
1887
1885
1892
1887
1873
1863
1865
1863
1865
1865
1858
1877
1880
1879
1890
1884
1886
1882
1885
1883
1899
1900
1917
1943
1954
1987
2004
2036
2070
2091
2106
2129
2162
2191
2226
2255
2281
2334
2367
2364
2398
2460
2489
2438
2465
2541
2551
2488
2492
2581
2596
2522
2544
2615
2628
2557
2580
2642
2659
2589
2588
2660
2669
2587
2588
2651
2604
2523
2431
2467
2371
2309
2280
2275
2249
2219
2209
2214
2219
2208
2205
2212
2208
2196
2203
2208
2203
2205
2216
2226
2227
2232
2226
2238
2239
2220
2243
2252
2266
2239
2258
2272
2278
2277
2270
2290
2281
2266
2251
2266
2251
2237
2234
2247
2244
2228
2220
2226
2216
2197
2193
2187
2170
2158
2143
2143
2147
2129
2131
2140
2142
2149
2139
2147
2138
2123
2111
2088
2059
2056
2014
2000
1972
1958
1937
1931
1916
1911
1899
1869
1836
1824
1804
1776
1778
1773
1753
1745
1737
1760
1779
1797
1817
1847
1869
1901
1914
1924
1949
1955
1958
1978
1962
1953
1929
1924
1902
1907
1890
1912
1907
1893
1886
1878
1887
1869
1878
1877
1880
1892
1891
1913
1914
1933
1941
1956
1964
1962
1938
1921
1882
1847
1794
1748
1703
1653
1629
1591
1561
1538
1522
1515
1499
1486
1485
1488
1480
1481
1490
1507
1527
1531
1536
1563
1573
1582
1592
1589
1592
1576
1552
1532
1513
1480
1470
1445
1426
1423
1429
1439
1453
1472
1508
1547
1572
1604
1638
1664
1694
1689
1704
1706
1707
1702
1711
1725
1719
1708
1703
1706
1703
1696
1695
1689
1685
1692
1708
1732
1750
1759
1779
1802
1832
1856
1898
1934
1961
1974
1982
1993
1996
1988
1982
1975
1959
1947
1933
1931
1917
1905
1901
1909
1917
1916
1941
1961
1967
1976
1988
2002
2027
2075
2110
2151
2172
2218
2244
2266
2286
2324
2338
2326
2322
2366
2372
2328
2339
2371
2356
2302
2301
2321
2293
2255
2236
2237
2227
2201
2203
2216
2227
2227
2225
2234
2230
2204
2199
2196
2175
2156
2162
2156
2159
2170
2163
2182
2173
2185
2198
2224
2241
2244
2254
2290
2305
2305
2335
2389
2405
2366
2384
2458
2474
2417
2427
2494
2494
2430
2436
2493
2474
2419
2404
2463
2456
2398
2404
2464
2476
2420
2430
2512
2525
2473
2469
2538
2550
2494
2496
2555
2549
2476
2470
2564
2550
2481
2477
2538
2508
2428
2380
2393
2316
2243
2197
2168
2116
2072
2034
1985
1933
1884
1832
1800
1761
1731
1714
1682
1670
1663
1673
1669
1664
1709
1737
1778
1816
1873
1928
1952
1986
2021
2060
2087
2084
2107
2125
2147
2167
2184
2183
2213
2214
2211
2208
2214
2204
2176
2153
2146
2107
2086
2061
2042
2018
1996
1979
1969
1944
1935
1918
1903
1895
1886
1881
1871
1857
1862
1856
1871
1867
1879
1895
1905
1928
1953
1973
1998
2017
2018
2028
2030
2018
2010
1993
1972
1953
1937
1918
1889
1872
1855
1822
1772
1745
1729
1700
1691
1667
1666
1646
1643
1646
1656
1640
1664
1674
1676
1692
1698
1696
1703
1713
1720
1725
1743
1741
1747
1753
1772
1770
1766
1767
1765
1761
1742
1730
1717
1702
1676
1683
1679
1671
1657
1633
1638
1643
1632
1625
1631
1613
1588
1580
1559
1544
1529
1522
1530
1543
1551
1567
1603
1628
1640
1663
1697
1721
1729
1753
1787
1812
1827
1860
1871
1907
1924
1940
1963
1977
1987
1998
2012
2008
2003
2002
2004
1997
1979
1969
1954
1946
1934
1914
1907
1884
1868
1837
1833
1813
1794
1786
1778
1771
1772
1753
1773
1786
1779
1800
1820
1843
1848
1871
1884
1890
1889
1893
1911
1909
1924
1936
1929
1911
1900
1866
1835
1800
1763
1722
1693
1668
1637
1632
1631
1623
1635
1643
1664
1706
1712
1729
1766
1793
1800
1815
1847
1864
1888
1917
1942
1981
2000
2017
2038
2036
2047
2056
2064
2071
2087
2108
2144
2160
2182
2209
2207
2223
2243
2257
2251
2256
2281
2288
2274
2283
2318
2337
2308
2323
2378
2375
2335
2348
2378
2389
2341
2360
2409
2421
2389
2392
2458
2469
2396
2416
2485
2474
2408
2400
2452
2423
2361
2362
2403
2391
2344
2331
2370
2362
2306
2306
2322
2312
2268
2274
2274
2258
2221
2217
2219
2209
2194
2187
2177
2163
2139
2125
2103
2087
2078
2074
2072
2073
2072
2077
2073
2051
2034
2008
1966
1943
1912
1868
1840
1812
1814
1805
1815
1818
1858
1869
1883
1897
1926
1932
1955
1953
1988
2007
2018
2034
2048
2059
2047
2024
2001
1960
1932
1892
1865
1837
1800
1771
1750
1703
1668
1622
1589
1548
1510
1481
1469
1455
1435
1437
1456
1461
1478
1501
1538
1564
1606
1642
1662
1700
1721
1762
1802
1837
1880
1925
1969
2010
2059
2094
2131
2154
2192
2227
2223
2241
2271
2295
2268
2279
2326
2321
2291
2296
2332
2329
2287
2272
2272
2238
2190
2168
2141
2119
2071
2037
2013
1979
1946
1907
1844
1790
1751
1709
1680
1651
1638
1631
1624
1615
1623
1628
1612
1616
1628
1635
1636
1659
1671
1680
1693
1686
1701
1695
1685
1656
1645
1637
1608
1581
1573
1565
1546
1537
1549
1549
1534
1533
1535
1544
1533
1556
1565
1588
1627
1667
1694
1745
1792
1822
1865
1900
1909
1922
1928
1916
1886
1867
1848
1823
1794
1781
1754
1730
1700
1674
1651
1628
1602
1569
1557
1547
1515
1516
1526
1544
1551
1579
1614
1644
1669
1704
1735
1747
1762
1773
1787
1796
1800
1795
1791
1793
1780
1780
1768
1754
1734
1710
1692
1659
1639
1617
1595
1581
1570
1563
1557
1558
1554
1569
1595
1607
1625
1651
1677
1698
1714
1737
1764
1793
1809
1847
1883
1912
1940
1966
1982
2005
2029
2037
2055
2067
2079
2098
2106
2113
2109
2123
2124
2119
2125
2119
2130
2119
2121
2110
2117
2107
2109
2087
2088
2091
2067
2060
2043
2034
2046
2038
2051
2058
2063
2079
2102
2095
2098
2110
2111
2127
2147
2150
2152
2162
2173
2176
2169
2179
2190
2181
2163
2142
2144
2122
2098
2096
2074
2070
2074
2068
2070
2071
2071
2062
2074
2072
2067
2073
2070
2066
2068
2071
2070
2069
2063
2076
2073
2081
2090
2099
2125
2149
2158
2177
2197
2227
2228
2257
2311
2345
2325
2354
2439
2462
2411
2437
2503
2525
2474
2470
2547
2565
2501
2517
2582
2606
2512
2539
2604
2624
2545
2563
2631
2640
2568
2600
2660
2656
2585
2595
2675
2661
2584
2477
2502
2314
2244
2219
2221
2206
2202
2232
2260
2291
2297
2340
2425
2458
2431
2450
2527
2550
2481
2508
2580
2609
2537
2565
2622
2642
2558
2558
2654
2671
2600
2632
2679
2691
2603
2630
2695
2641
2557
2226
2198
2155
2134
2145
2147
2155
2165
2193
2232
2276
2289
2324
2392
2420
2374
2409
2481
2494
2426
2421
2490
2456
2358
2282
2236
2152
2083
2031
1980
1932
1875
1829
1789
1742
1719
1695
1681
1693
1711
1734
1755
1789
1833
1864
1902
1960
1979
2012
2035
2053
2061
2071
2061
2054
2039
2016
1993
1945
1910
1849
1788
1723
1675
1634
1609
1586
1585
1592
1605
1616
1649
1683
1715
1756
1806
1871
1913
1961
2019
2048
2081
2117
2134
2136
2152
2158
2150
2144
2138
2110
2087
2079
2063
2039
2025
1985
1957
1926
1898
1873
1861
1853
1864
1864
1871
1874
1888
1893
1883
1886
1906
1892
1883
1869
1864
1856
1861
1878
1890
1906
1922
1938
1950
1963
1975
1991
2009
2030
2058
2065
2090
2095
2098
2109
2121
2140
2161
2171
2185
2191
2213
2229
2221
2226
2247
2246
2235
2260
2299
2302
2274
2284
2321
2290
2258
2245
2252
2226
2187
2165
2137
2092
2053
2022
2000
1969
1952
1930
1909
1879
1852
1841
1805
1781
1772
1777
1754
1745
1744
1734
1714
1700
1691
1673
1643
1625
1615
1604
1592
1577
1580
1584
1587
1589
1615
1646
1665
1698
1730
1755
1767
1799
1840
1850
1876
1897
1901
1927
1948
1954
1970
1974
1982
1984
1997
2000
2012
2002
2004
1994
1981
1961
1939
1939
1916
1892
1865
1860
1820
1802
1791
1767
1735
1720
1703
1665
1629
1591
1553
1524
1481
1463
1455
1454
1449
1443
1462
1452
1437
1433
1427
1410
1374
1357
1335
1294
1275
1250
1250
1235
1224
1228
1228
1228
1207
1205
1194
1167
1143
1131
1126
1123
1110
1114
1119
1128
1122
1131
1133
1143
1137
1141
1138
1137
1130
1116
1110
1111
1096
1094
1112
1121
1136
1173
1204
1227
1258
1287
1337
1362
1387
1411
1454
1481
1522
1570
1622
1675
1715
1738
1777
1804
1814
1830
1845
1850
1839
1854
1853
1856
1857
1851
1856
1859
1848
1839
1839
1824
1814
1801
1795
1786
1766
1754
1744
1735
1703
1672
1658
1621
1597
1560
1563
1572
1581
1594
1608
1631
1649
1662
1701
1713
1737
1753
1783
1810
1833
1860
1908
1932
1958
1974
1980
1986
1975
1928
1869
1811
1740
1691
1643
1603
1575
1557
1557
1561
1557
1580
1594
1635
1645
1670
1683
1700
1710
1737
1772
1811
1836
1850
1877
1893
1890
1880
1860
1846
1827
1803
1801
1798
1792
1767
1759
1752
1747
1755
1764
1762
1750
1740
1729
1716
1705
1718
1723
1749
1763
1792
1816
1834
1832
1849
1871
1892
1915
1945
1975
1999
2030
2060
2090
2123
2159
2182
2194
2199
2224
2212
2194
2204
2221
2219
2193
2199
2211
2198
2177
2175
2194
2184
2159
2128
2110
2073
2065
2051
2044
2029
2045
2043
2058
2064
2051
2056
2056
2067
2091
2107
2151
2169
2168
2199
2226
2242
2245
2254
2303
2309
2280
2273
2295
2299
2251
2253
2260
2240
2205
2189
2183
2138
2097
2059
2037
2003
1976
1942
1911
1891
1873
1852
1829
1809
1792
1759
1734
1713
1681
1652
1611
1581
1557
1516
1481
1447
1410
1357
1297
1243
1199
1133
1063
1005
947
888
834
781
748
715
673
656
646
645
633
638
653
665
681
714
753
778
809
852
893
931
955
980
1015
1029
1032
1048
1075
1097
1115
1153
1202
1228
1264
1282
1316
1339
1363
1386
1423
1441
1474
1479
1483
1468
1426
1385
1353
1314
1261
1237
1226
1203
1202
1210
1227
1283
1309
1361
1399
1444
1467
1494
1515
1542
1549
1550
1538
1522
1497
1453
1420
1382
1322
1282
1263
1239
1208
1184
1164
1133
1085
1043
1006
950
892
841
800
755
718
689
676
657
636
616
619
609
600
601
610
615
634
655
691
725
752
793
844
885
924
969
1019
1075
1101
1142
1199
1228
1256
1298
1341
1364
1383
1403
1426
1446
1450
1460
1476
1484
1480
1475
1479
1480
1473
1470
1491
1488
1482
1498
1500
1495
1475
1478
1488
1489
1491
1501
1510
1512
1510
1519
1533
1543
1545
1562
1586
1582
1579
1567
1571
1564
1551
1556
1569
1573
1568
1568
1576
1564
1568
1565
1569
1566
1577
1588
1596
1608
1587
1575
1571
1570
1567
1559
1569
1570
1562
1558
1550
1521
1489
1471
1472
1483
1482
1485
1496
1501
1504
1521
1532
1562
1584
1600
1631
1646
1654
1649
1650
1642
1638
1630
1635
1644
1647
1640
1650
1649
1642
1641
1650
1640
1647
1635
1655
1655
1655
1648
1654
1652
1637
1647
1663
1660
1664
1662
1678
1666
1665
1672
1687
1673
1660
1646
1655
1640
1624
1599
1586
1579
1567
1558
1548
1543
1511
1505
1507
1500
1504
1488
1501
1513
1514
1528
1552
1573
1584
1588
1608
1611
1620
1644
1659
1678
1674
1684
1688
1690
1654
1616
1573
1527
1491
1477
1449
1430
1407
1397
1408
1413
1413
1432
1454
1461
1453
1460
1476
1476
1473
1501
1519
1544
1551
1569
1601
1603
1584
1567
1537
1492
1450
1420
1421
1415
1406
1406
1424
1437
1433
1457
1474
1486
1483
1481
1475
1449
1430
1422
1422
1421
1409
1412
1412
1422
1412
1408
1413
1413
1407
1413
1418
1423
1412
1421
1422
1420
1415
1418
1443
1471
1469
1471
1481
1457
1444
1441
1438
1445
1430
1403
1392
1375
1346
1323
1319
1307
1310
1334
1353
1380
1385
1388
1408
1411
1400
1409
1415
1415
1394
1402
1406
1405
1405
1418
1430
1442
1442
1452
1464
1462
1471
1459
1451
1443
1415
1405
1403
1379
1392
1395
1404
1415
1435
1442
1449
1455
1447
1431
1436
1419
1402
1385
1381
1360
1336
1317
1315
1294
1268
1246
1226
1201
1172
1147
1122
1105
1084
1073
1072
1062
1059
1047
1056
1062
1053
1056
1064
1075
1067
1081
1097
1111
1114
1131
1163
1164
1166
1161
1158
1163
1166
1156
1154
1144
1121
1111
1106
1087
1070
1057
1049
1042
1033
1023
1034
1043
1034
1029
1056
1056
1049
1064
1082
1093
1086
1092
1097
1090
1087
1089
1090
1078
1072
1066
1076
1066
1057
1049
1057
1054
1032
1027
1020
1016
1011
1004
999
982
968
950
949
942
918
904
902
900
883
883
888
890
872
873
886
880
885
883
898
896
891
900
918
918
909
906
905
892
878
871
865
856
846
844
845
841
831
824
818
812
795
791
793
794
782
781
790
787
781
783
794
796
789
789
779
779
757
754
751
748
733
729
735
730
719
722
726
715
712
707
714
701
700
696
707
712
709
713
715
713
700
705
707
706
709
711
726
722
709
715
722
722
711
707
714
712
709
698
703
683
664
658
658
650
632
623
625
619
609
600
612
610
601
597
595
594
582
586
585
578
581
578
595
596
591
591
597
597
588
590
593
591
582
589
593
590
581
580
578
574
565
563
564
561
551
554
564
563
551
547
547
546
539
548
554
563
558
555
572
563
561
567
575
577
565
559
563
550
540
543
540
534
523
522
524
518
509
503
505
496
488
491
495
500
490
499
505
506
510
514
529
518
506
503
501
509
513
525
537
542
548
546
555
559
551
547
549
551
540
543
546
539
542
532
537
533
526
521
520
521
503
489
483
478
467
464
474
472
467
456
463
445
439
432
419
401
391
384
389
374
365
366
379
381
379
391
394
403
395
402
408
404
407
406
412
416
422
421
435
442
440
448
455
460
457
458
463
458
449
445
452
452
443
443
459
462
456
457
459
460
455
457
474
472
463
475
492
494
493
503
493
248
-7
-5
-7
-6
-4
-5
-7
-3
409
410
-7
-4
-8
-5
-5

