;UFOS3
;Measurement details: channel = D, date = 12.09.2015, time = 08:33:31
Exposure=232
Gain=0
Temperature=30.3
Accummulate=4
1.8535923904129803 mu
1.869074837202161 amas
32.367 hs
0 ozone
26224 uva
10851 uvb
8951 uve
[Value]
-5
273
273
274
273
272
273
273
287
283
320
316
281
283
322
322
287
287
320
331
282
290
334
325
284
286
342
340
289
287
340
327
290
289
329
323
286
287
329
333
288
287
325
328
285
287
342
339
293
291
335
332
283
286
343
339
283
286
339
344
286
291
334
346
289
288
341
326
289
288
324
340
287
292
330
333
282
286
331
330
288
288
344
333
283
285
331
336
286
289
333
340
285
286
336
328
288
286
327
341
288
287
327
336
286
292
346
332
286
289
340
326
288
290
333
339
290
285
327
331
284
285
337
336
282
291
333
326
283
289
341
343
283
288
330
340
283
285
331
331
287
285
340
341
286
289
333
344
287
290
345
340
286
285
336
335
284
289
339
338
285
288
333
332
292
291
334
341
286
288
333
351
286
288
328
342
288
290
337
335
285
288
353
334
290
289
323
329
285
287
333
340
285
289
338
338
287
284
330
339
286
289
328
330
283
286
329
334
287
291
328
327
289
288
338
338
285
285
334
338
287
288
330
340
286
289
336
331
288
287
339
332
290
290
329
337
291
288
342
328
286
284
326
339
284
288
337
336
287
283
335
331
289
289
331
337
286
290
362
334
286
287
340
330
286
285
345
329
285
288
330
325
282
290
334
334
290
283
339
333
286
289
338
336
289
286
341
333
291
286
337
334
284
288
333
330
284
289
335
333
283
286
336
333
287
287
341
336
292
289
333
334
283
287
341
325
292
288
339
332
289
288
338
341
283
285
343
339
288
285
328
331
286
286
338
330
288
285
335
329
284
289
333
341
287
292
331
342
286
291
337
336
290
286
326
330
289
287
328
329
285
290
332
327
286
289
324
333
288
282
338
337
287
287
331
333
286
290
339
335
284
288
331
327
288
287
336
336
288
288
344
330
284
284
335
340
288
291
343
338
285
285
336
343
287
290
339
333
284
292
336
334
290
292
338
339
289
286
333
335
286
287
331
336
286
284
321
337
283
286
337
334
283
284
328
341
284
290
333
334
288
286
340
330
286
286
334
341
283
290
337
353
286
287
334
331
286
293
336
336
286
287
330
329
284
284
342
326
286
284
326
332
287
289
333
331
290
290
330
334
287
285
330
340
281
291
332
338
282
293
338
332
282
290
328
330
289
284
327
336
287
287
336
331
284
287
324
339
283
291
340
342
287
285
332
339
287
286
337
336
285
287
336
341
286
288
332
339
289
286
335
334
287
289
334
331
286
288
338
332
295
287
328
332
287
288
333
342
284
287
329
329
290
287
331
327
284
285
343
332
293
290
336
349
286
289
325
340
288
288
339
336
284
289
334
327
287
285
336
338
286
287
336
342
288
285
335
334
286
287
327
336
286
289
328
340
282
288
330
337
284
289
330
326
291
291
335
337
282
287
341
337
288
288
334
335
290
288
333
329
287
294
343
336
289
287
336
341
293
290
340
326
281
285
329
330
283
286
333
345
287
291
337
335
285
287
327
334
294
290
344
337
284
291
337
333
287
284
336
337
283
288
340
330
282
288
341
339
289
291
334
328
282
288
332
332
283
288
335
336
290
289
339
330
284
287
341
347
289
292
333
324
287
287
332
332
291
290
326
335
289
285
345
336
285
287
329
334
286
291
344
330
289
288
323
335
285
289
336
338
285
286
336
331
286
290
329
327
283
292
337
338
286
289
345
323
285
285
326
328
290
284
333
334
285
284
332
332
285
288
334
329
283
290
331
335
287
292
333
338
292
285
334
335
286
289
329
333
288
287
350
331
286
291
334
332
289
290
334
333
286
291
350
335
291
292
330
327
285
287
346
336
285
292
333
328
284
290
333
334
288
287
340
340
284
289
337
330
288
286
342
335
286
287
326
322
283
286
335
328
287
290
333
327
286
287
331
341
287
287
338
337
284
291
334
333
289
287
332
323
288
283
331
338
287
285
342
330
289
290
338
330
283
285
334
333
288
290
345
335
283
288
325
344
285
289
347
335
286
285
335
339
287
288
338
327
283
288
350
331
285
290
339
333
286
292
336
332
289
286
334
330
290
287
342
328
286
289
333
333
286
292
330
335
292
287
345
331
283
289
339
333
291
290
331
329
285
288
330
337
283
292
327
333
288
285
328
347
289
290
339
335
284
288
342
331
291
288
329
336
281
288
332
334
292
287
334
325
291
290
342
334
287
285
338
331
289
284
346
335
284
288
334
332
286
293
341
334
293
292
326
334
280
290
329
333
288
288
337
331
286
289
338
328
285
284
329
338
286
290
336
341
286
303
333
339
283
287
332
333
285
284
333
333
284
288
323
334
285
287
335
333
286
285
336
336
286
287
334
340
287
287
341
334
287
289
349
336
285
294
333
336
285
287
329
332
292
289
332
345
286
291
330
335
285
293
337
331
284
289
332
347
285
285
341
328
288
284
342
329
282
290
337
329
288
289
329
343
285
286
331
334
288
289
331
339
288
286
332
333
286
287
337
325
283
290
340
331
285
286
342
336
286
286
338
343
288
285
341
335
282
288
329
335
284
288
334
340
287
286
343
330
283
286
327
342
289
285
340
340
285
293
332
334
287
286
333
334
287
290
330
336
286
292
327
328
283
284
340
332
287
289
329
360
289
288
340
322
288
287
334
338
288
290
336
338
285
289
333
344
285
289
327
331
284
290
334
331
282
289
335
330
291
285
331
342
283
286
319
332
284
287
333
329
283
291
334
329
287
287
328
327
283
288
332
336
284
290
332
338
286
286
335
332
289
285
336
342
287
283
338
325
289
288
340
339
289
289
330
339
286
288
329
338
285
292
337
338
292
282
336
338
283
286
339
340
286
288
332
339
284
294
343
327
287
290
332
342
283
289
335
352
286
286
334
334
288
285
328
344
290
289
338
331
285
289
336
331
285
288
330
333
287
289
343
336
285
292
336
329
284
285
338
330
289
288
336
333
288
291
335
330
287
289
338
348
287
290
335
334
284
292
334
331
286
285
329
340
288
290
338
332
287
285
342
338
283
285
340
335
287
285
336
335
286
290
332
340
285
291
347
337
285
298
332
335
286
289
339
324
286
286
342
338
289
289
338
333
286
290
328
338
287
288
318
329
287
288
333
341
286
290
335
343
286
286
328
324
285
287
342
338
286
287
340
333
298
286
336
337
285
285
331
340
286
291
342
333
288
291
339
330
285
284
336
334
283
290
326
339
289
284
335
329
287
290
331
332
285
292
330
335
285
291
331
336
285
286
329
337
289
285
338
332
283
289
342
332
287
289
344
338
286
291
321
340
287
292
334
342
287
290
331
338
282
287
331
334
287
288
338
329
288
289
338
326
289
293
336
333
284
290
327
335
291
289
333
336
288
291
336
334
285
286
326
332
287
290
347
342
286
290
342
332
285
286
332
337
286
287
339
335
286
290
327
336
286
290
335
339
285
291
332
345
285
287
338
341
286
289
340
343
287
290
336
341
282
287
343
330
288
289
341
334
286
286
332
334
285
291
327
330
287
289
327
341
290
287
337
327
285
291
339
333
287
288
329
333
283
290
335
334
290
291
331
335
282
287
332
341
284
287
340
337
283
287
349
337
286
287
344
331
284
289
338
349
284
289
331
338
284
290
335
335
287
290
337
327
286
287
342
347
287
290
335
348
285
289
337
331
286
293
341
334
286
286
342
338
283
285
330
330
287
287
335
330
290
292
336
338
287
289
333
334
283
288
334
338
287
290
327
335
291
288
325
322
285
287
340
342
283
290
337
332
285
287
337
336
285
290
335
331
281
290
333
335
285
286
326
334
282
286
338
338
286
288
336
326
282
289
331
330
284
288
332
333
286
287
341
341
286
291
337
338
285
288
343
335
285
287
339
326
295
289
339
338
285
285
330
332
289
285
339
335
284
287
332
326
290
289
331
338
348
291
339
338
283
293
335
337
288
292
333
329
285
287
338
336
283
287
338
336
285
289
333
336
286
291
333
336
287
288
340
338
285
286
336
335
288
287
343
326
291
289
337
334
286
292
331
343
285
292
338
341
283
290
332
338
285
292
343
336
286
288
337
335
289
287
341
333
289
291
337
336
287
286
341
340
288
286
334
337
287
287
337
334
290
289
333
334
287
287
338
334
289
290
337
333
284
287
335
339
287
290
341
341
284
287
337
329
285
290
332
331
284
289
330
335
287
292
331
329
282
285
327
339
286
290
337
336
290
285
332
344
286
285
342
333
283
289
335
332
291
288
327
337
284
292
345
329
286
289
340
343
284
287
343
335
287
292
343
330
283
291
336
337
283
287
357
335
286
285
333
336
285
287
332
334
290
290
332
334
287
286
335
329
286
288
331
326
285
288
338
332
285
286
335
342
291
287
332
336
287
287
334
342
285
291
330
331
288
288
331
330
286
288
324
336
283
288
343
337
287
287
335
330
287
291
340
335
287
287
332
341
285
291
336
334
287
291
337
334
285
290
339
327
291
289
340
336
290
290
325
337
285
286
337
341
284
285
336
329
285
288
342
336
286
289
339
337
284
290
327
336
289
286
341
329
291
289
337
337
287
284
331
339
287
286
333
337
285
288
335
337
285
291
333
336
289
290
338
348
287
289
333
352
287
285
335
330
284
287
343
336
291
292
335
334
283
288
338
324
288
288
338
333
288
286
336
326
287
290
340
339
283
285
333
324
284
286
338
334
288
289
344
336
285
285
333
325
284
288
334
329
288
289
359
333
288
286
329
329
286
285
336
327
285
288
341
333
288
287
340
348
286
292
340
333
289
290
336
341
285
291
331
326
284
287
318
335
289
286
347
345
287
288
340
347
283
288
337
338
284
287
336
335
285
290
340
335
286
288
350
336
284
288
334
336
286
290
350
337
284
290
332
332
283
290
335
329
284
289
336
332
288
286
328
335
286
290
334
337
285
286
335
331
286
288
334
340
285
287
331
337
285
287
343
346
289
287
340
330
291
288
335
343
284
292
336
330
289
292
330
332
285
287
341
336
286
292
333
332
281
290
340
334
288
289
341
335
285
288
345
338
287
291
335
337
283
284
338
336
287
290
338
337
289
286
338
335
292
288
329
340
283
292
340
325
286
294
335
336
284
287
334
339
284
285
334
345
287
287
348
336
331
291
341
341
286
286
327
348
283
288
335
331
286
291
339
340
284
286
331
332
286
288
339
336
284
285
346
329
284
285
337
339
285
289
338
330
286
285
346
338
283
291
338
333
283
290
340
336
281
288
330
330
289
289
327
341
289
290
331
334
289
285
344
339
289
286
342
337
287
295
340
324
283
292
337
342
282
287
337
344
287
291
345
326
284
288
333
324
284
290
345
331
283
291
321
330
283
289
337
338
287
285
331
328
287
288
342
353
283
288
332
324
285
293
344
335
285
289
324
331
289
289
342
337
286
295
334
326
285
288
331
337
285
287
337
329
286
287
340
341
287
284
335
333
284
288
340
337
288
291
345
332
291
287
335
332
290
291
342
331
281
288
334
334
287
289
343
330
289
290
348
327
285
285
327
329
284
287
341
353
280
286
347
333
292
288
339
330
285
287
340
334
283
287
327
340
288
290
338
333
281
290
330
333
284
289
343
331
289
295
333
342
284
286
348
343
286
288
332
326
288
292
335
332
284
287
343
334
286
289
329
347
287
288
339
331
284
286
337
339
283
288
339
337
287
288
337
332
283
289
327
336
293
293
342
331
292
292
333
340
287
287
331
329
286
292
342
334
283
287
343
330
283
288
335
331
285
287
347
324
285
290
344
336
286
287
333
335
282
289
351
342
287
284
326
339
282
289
351
330
285
287
333
329
284
288
336
328
288
289
339
327
289
290
345
335
286
285
341
340
320
287
337
326
284
284
341
333
287
289
336
325
283
287
341
334
286
287
342
331
284
287
338
337
287
289
348
327
288
290
334
329
285
284
335
334
289
289
338
325
289
290
335
324
285
291
337
328
284
290
333
334
288
287
335
334
286
284
350
327
288
291
335
331
284
289
341
337
288
286
330
334
283
292
331
334
290
285
326
330
287
288
333
318
284
289
342
325
284
287
339
331
285
289
342
327
289
286
334
325
285
290
341
337
284
288
338
328
286
288
332
329
285
286
339
328
285
289
337
341
286
285
343
341
291
288
333
334
284
286
335
333
286
289
339
337
284
287
333
329
285
291
337
334
286
292
338
327
283
289
338
333
290
286
334
331
285
286
330
335
285
289
339
340
284
287
343
333
285
284
336
337
282
290
330
334
284
287
349
334
287
283
336
335
285
287
347
340
286
293
335
332
286
291
341
332
293
290
338
340
286
285
341
332
286
292
342
336
292
292
343
345
288
285
327
340
287
288
336
341
287
288
344
331
284
288
351
330
285
291
339
330
284
286
346
327
289
287
343
329
284
284
346
335
286
287
340
332
285
284
343
330
287
287
331
341
291
294
343
325
286
286
341
329
289
289
339
333
285
286
355
334
290
291
332
336
287
286
327
344
289
284
346
337
282
288
352
330
285
287
335
342
288
287
336
326
290
288
339
330
287
287
333
330
285
287
336
320
289
290
341
334
289
288
336
347
286
287
331
345
286
286
345
332
288
288
337
325
287
290
337
344
284
291
332
336
287
290
348
329
287
290
337
333
283
286
364
333
290
292
332
333
292
285
348
342
289
289
341
336
290
291
342
341
288
288
340
330
285
288
334
334
283
289
339
325
284
290
329
342
285
288
336
336
285
284
338
339
286
290
335
334
286
289
336
345
290
288
341
341
286
292
336
330
287
289
345
334
289
293
335
336
284
286
339
340
288
286
339
338
291
290
341
335
290
288
343
336
287
290
351
341
289
291
341
355
288
289
334
338
286
291
341
333
291
290
334
331
289
288
340
344
290
289
340
340
286
286
335
334
287
289
339
339
284
289
337
331
287
287
340
341
291
284
336
325
284
291
341
332
284
290
343
334
287
291
333
339
285
287
332
335
290
290
337
334
290
291
339
354
285
287
331
339
284
287
342
340
286
286
339
334
287
287
340
330
285
289
334
333
286
292
337
339
288
286
341
335
286
288
348
330
291
292
341
323
289
294
342
338
285
289
349
326
287
285
330
334
291
291
341
332
285
288
336
338
283
292
344
334
288
293
348
332
290
285
343
333
286
294
337
325
286
295
346
331
288
292
354
337
288
293
334
333
287
293
344
342
288
290
325
344
285
288
356
328
289
295
347
327
288
285
334
340
284
289
350
343
289
289
354
338
284
290
337
343
289
287
349
324
290
288
335
340
291
290
348
341
286
286
346
337
290
286
342
340
289
287
347
344
288
288
339
332
287
286
338
336
284
287
343
339
286
288
345
331
292
288
331
333
286
288
337
334
284
291
334
331
283
288
333
344
284
289
348
339
286
288
343
339
288
288
337
342
286
291
339
333
293
289
343
330
286
286
342
333
288
287
343
341
286
294
345
340
284
290
345
337
290
288
339
327
289
286
340
327
286
286
335
335
287
288
344
339
286
292
340
329
291
289
341
334
285
287
347
336
286
287
336
336
289
289
356
327
285
288
337
334
288
293
345
332
287
291
338
338
288
289
338
338
288
289
332
350
285
291
339
334
292
292
339
333
282
290
335
333
288
292
334
344
286
286
335
330
283
288
343
330
285
289
340
329
283
287
340
330
284
289
337
328
289
288
333
333
287
285
339
344
287
287
338
341
286
287
335
349
289
289
340
335
288
285
347
343
289
293
341
337
284
288
341
331
288
289
341
330
289
294
333
346
295
289
336
330
289
288
341
335
289
286
341
335
290
291
341
327
286
287
354
335
287
288
330
332
283
289
335
338
288
285
344
337
286
289
335
338
285
289
347
340
293
290
347
340
285
287
336
339
290
289
344
340
288
285
338
334
287
294
348
343
283
290
341
341
287
290
347
343
285
290
341
338
290
294
343
331
287
285
336
327
285
290
342
328
285
289
352
338
288
291
343
329
287
290
331
355
285
292
345
330
291
287
341
331
285
288
349
334
287
289
343
331
290
289
340
335
285
291
342
335
287
289
366
336
284
287
335
328
285
290
342
337
285
285
340
332
288
290
337
336
289
292
338
345
289
288
341
334
286
289
335
333
292
290
341
332
285
290
344
336
285
286
340
332
292
290
348
337
284
287
342
339
292
285
338
324
291
291
340
326
287
288
344
345
286
291
343
340
287
292
326
331
289
292
335
339
284
287
341
335
288
287
343
342
288
293
348
335
286
285
342
336
288
289
355
329
289
287
346
329
291
289
353
339
287
283
340
344
284
289
342
337
290
288
343
340
290
292
335
351
287
289
340
333
285
287
337
337
289
287
333
335
285
285
337
337
290
286
346
333
287
289
341
337
286
284
336
340
288
290
342
337
272
273
275
274
274
274
274
272
284
291
271
270
273
-5
-5

