;UFOS3
;Measurement details: channel = Z-D, date = 12.09.2015, time = 08:37:50
Exposure=349
Gain=0
Temperature=30.5
Accummulate=4
1.8430540008405714 mu
1.8581700430046935 amas
32.58 hs
257 ozone
152489 uva
5620 uvb
1088 uve
[Value]
-5
-3
-5
-4
-3
-4
-6
-6
-5
-5
-8
-7
-5
-8
-5
-5
-7
-9
-5
-7
-5
-3
3
0
1
-2
2
-1
-2
2
4
-2
0
0
-4
0
0
-2
1
-2
-2
-1
0
-2
0
-3
-2
1
0
-1
0
-3
-1
-3
-1
1
0
1
2
1
0
-1
-3
0
3
-3
-2
-2
2
0
-3
4
-1
0
2
-1
-1
0
-1
-2
-2
-2
2
-1
2
-1
-2
1
1
0
-1
1
-2
0
-1
-3
0
-1
0
0
1
2
-4
2
-2
-1
1
1
-1
1
2
0
0
3
2
-2
0
-2
0
-2
-3
-1
0
0
2
-2
-1
-1
-1
-2
1
-1
0
2
1
2
1
0
-2
-1
0
0
0
2
1
-1
4
-1
2
0
-2
-2
1
-1
1
2
1
1
2
0
1
0
-1
2
-1
-3
-1
2
-2
-2
-4
3
1
-1
-1
0
-3
-2
-2
2
1
1
0
0
0
-1
-2
-2
0
1
-1
3
-1
-2
-1
-2
1
1
1
-3
0
-1
1
2
1
0
-2
2
2
-1
0
0
-3
-1
-1
-3
-1
-2
-3
-1
3
-1
0
-3
0
-3
2
-4
-3
-2
-1
0
2
-1
0
-2
-1
-1
1
-1
0
-1
-2
0
0
1
2
-2
0
0
-1
0
0
1
0
0
0
1
1
-2
-2
-3
3
2
0
-3
2
-2
-1
-2
-1
-1
1
2
1
-2
-1
-3
2
0
0
-1
-1
-3
2
-1
-1
-4
1
-2
-1
-6
1
-1
-2
1
1
-2
0
-2
1
2
-1
-1
-2
-1
-4
-2
-1
-1
0
0
3
1
1
-3
2
0
1
0
0
-1
1
0
0
0
-3
0
1
-1
1
4
0
1
2
-1
0
0
-2
-1
3
-1
1
0
-1
1
2
-1
0
0
0
0
-2
-1
0
0
-1
2
-3
-1
-2
0
-1
-1
1
-1
2
-1
1
0
-1
1
1
1
-1
-2
1
-1
0
1
0
2
0
-3
0
1
0
-2
-1
-1
-3
-3
-2
-1
2
0
0
-1
0
1
0
1
-2
0
0
0
1
-1
-2
1
-1
-2
1
3
-2
2
-1
1
1
-4
3
0
1
-2
1
1
1
-2
3
2
-3
1
0
-1
-1
0
-1
-1
2
0
0
1
-1
-1
-1
0
2
1
-2
1
2
2
3
3
0
3
1
1
0
-2
2
0
0
1
3
1
0
1
1
1
2
-1
2
2
1
0
0
0
2
4
0
1
3
1
4
1
-2
-1
2
2
3
2
2
1
1
4
1
4
3
2
4
4
4
1
3
0
1
4
3
0
4
2
2
3
4
1
4
4
2
4
5
3
4
4
3
5
3
5
4
4
1
4
6
5
5
4
5
4
3
7
6
6
8
3
7
5
3
7
5
5
6
8
7
7
5
8
7
6
9
8
8
4
12
6
7
5
7
9
6
10
12
10
11
8
10
10
10
13
12
12
10
13
12
13
13
14
14
12
13
14
15
14
15
14
17
12
12
11
9
12
13
15
13
18
14
14
16
18
17
16
17
20
19
21
23
25
26
26
23
30
29
29
30
34
30
34
35
40
37
39
42
42
42
44
45
45
45
41
45
46
43
44
47
45
48
45
47
47
46
45
45
46
48
48
53
54
53
51
57
60
59
55
59
64
59
65
67
69
66
69
77
76
79
83
89
92
89
92
95
96
96
101
107
108
109
108
108
111
109
107
108
100
102
100
107
97
102
103
106
108
109
109
111
114
116
112
116
117
120
124
132
128
128
134
136
136
138
141
143
149
153
153
162
163
165
174
175
186
185
194
200
201
204
213
220
224
219
224
230
233
234
231
240
242
241
242
248
249
247
245
251
250
241
247
251
256
263
261
269
267
268
268
277
275
274
270
275
274
274
274
283
277
277
271
273
268
259
255
253
255
249
249
260
254
255
258
261
261
263
264
272
278
271
272
277
275
269
274
281
274
274
277
282
286
285
290
300
309
304
318
329
339
347
354
370
382
391
404
426
433
444
449
463
467
463
463
482
478
473
478
479
479
475
474
482
479
469
466
464
464
455
451
456
455
445
438
445
436
431
430
432
432
432
435
441
443
443
441
452
456
459
459
467
479
477
483
493
501
501
500
514
516
518
520
528
522
522
520
524
525
520
520
529
526
520
519
519
525
522
525
536
539
544
542
558
565
567
580
601
610
609
613
623
620
607
596
599
588
584
581
588
587
577
572
584
588
585
588
600
621
617
627
639
648
661
677
697
717
721
736
749
757
749
748
761
762
753
743
736
720
705
692
685
672
664
649
644
638
618
614
623
620
620
633
640
644
655
662
679
704
714
734
766
793
807
829
851
872
879
902
922
951
971
992
1016
1031
1037
1062
1094
1107
1124
1125
1150
1155
1164
1174
1193
1203
1212
1217
1220
1224
1207
1196
1170
1151
1124
1108
1088
1066
1043
1023
1023
1007
994
983
988
978
969
970
980
987
999
1010
1039
1064
1094
1117
1166
1196
1226
1257
1284
1298
1292
1298
1307
1302
1284
1280
1280
1275
1263
1252
1251
1234
1216
1200
1195
1183
1174
1163
1168
1174
1161
1174
1189
1195
1205
1226
1248
1268
1269
1291
1309
1317
1332
1352
1368
1389
1392
1416
1433
1438
1441
1445
1460
1463
1464
1466
1474
1474
1447
1418
1415
1395
1363
1348
1324
1290
1255
1241
1222
1201
1184
1168
1157
1137
1130
1131
1145
1149
1145
1157
1172
1177
1184
1203
1202
1224
1220
1209
1211
1215
1217
1215
1224
1211
1196
1183
1188
1169
1148
1122
1108
1094
1064
1049
1035
1015
995
977
980
980
973
983
990
990
982
986
994
992
999
1004
1020
1031
1033
1043
1062
1076
1097
1108
1122
1139
1131
1152
1170
1167
1173
1182
1190
1207
1215
1222
1253
1251
1265
1268
1286
1300
1303
1317
1327
1330
1320
1322
1324
1317
1304
1295
1295
1281
1269
1263
1268
1260
1253
1252
1256
1267
1253
1250
1256
1265
1271
1291
1318
1349
1368
1390
1435
1450
1478
1504
1542
1576
1599
1632
1657
1685
1706
1725
1759
1782
1788
1801
1798
1793
1787
1784
1794
1794
1803
1801
1823
1822
1841
1840
1863
1870
1873
1888
1903
1914
1894
1904
1902
1902
1919
1918
1933
1947
1948
1963
1957
1958
1956
1936
1940
1936
1934
1917
1922
1918
1911
1902
1902
1909
1916
1913
1918
1907
1901
1897
1895
1893
1893
1893
1896
1900
1902
1918
1910
1917
1904
1909
1908
1925
1927
1945
1965
1986
2011
2036
2060
2097
2116
2129
2152
2181
2223
2257
2272
2305
2358
2389
2378
2407
2486
2510
2452
2484
2557
2570
2499
2505
2598
2611
2537
2555
2633
2639
2570
2589
2654
2676
2600
2596
2675
2686
2602
2621
2684
2687
2594
2553
2611
2458
2389
2315
2326
2291
2247
2230
2247
2241
2233
2238
2251
2250
2226
2238
2249
2235
2233
2246
2257
2260
2254
2247
2271
2275
2245
2264
2287
2290
2272
2272
2301
2310
2301
2299
2333
2324
2291
2281
2292
2286
2260
2251
2274
2270
2253
2245
2255
2250
2225
2216
2220
2202
2180
2168
2168
2167
2147
2152
2162
2170
2170
2167
2168
2165
2149
2130
2112
2090
2075
2046
2024
1992
1977
1968
1961
1942
1937
1929
1895
1863
1852
1833
1822
1804
1796
1777
1771
1763
1787
1798
1814
1834
1874
1890
1918
1932
1950
1972
1972
1991
1998
1982
1975
1948
1942
1930
1920
1916
1931
1929
1924
1908
1900
1911
1892
1891
1890
1900
1903
1913
1924
1939
1951
1958
1973
1988
1986
1963
1944
1902
1873
1820
1779
1714
1678
1635
1616
1574
1562
1531
1529
1521
1505
1500
1503
1497
1499
1512
1527
1544
1548
1559
1579
1595
1598
1609
1616
1608
1595
1572
1558
1524
1500
1477
1469
1448
1441
1438
1455
1477
1489
1521
1560
1583
1615
1646
1683
1703
1711
1715
1725
1725
1718
1729
1729
1732
1721
1727
1721
1714
1711
1705
1706
1705
1707
1734
1745
1761
1770
1796
1821
1850
1874
1917
1948
1975
1982
2002
2011
2013
2002
1998
1993
1972
1959
1948
1952
1930
1928
1921
1930
1931
1935
1960
1975
1986
1989
2000
2017
2036
2085
2122
2155
2185
2238
2266
2280
2298
2343
2358
2336
2335
2386
2396
2342
2349
2388
2377
2321
2313
2353
2324
2267
2261
2265
2243
2218
2215
2235
2247
2238
2236
2248
2258
2217
2220
2220
2197
2170
2176
2175
2178
2179
2176
2191
2195
2201
2201
2234
2251
2249
2267
2307
2325
2308
2340
2400
2422
2373
2388
2477
2484
2433
2438
2514
2511
2443
2452
2510
2502
2431
2424
2483
2479
2406
2414
2480
2493
2425
2440
2518
2538
2483
2484
2550
2567
2509
2514
2574
2570
2494
2484
2580
2568
2502
2495
2564
2532
2458
2404
2431
2361
2267
2219
2183
2134
2091
2035
2000
1952
1901
1848
1809
1773
1749
1717
1700
1691
1674
1681
1681
1690
1719
1748
1785
1818
1881
1927
1965
2001
2034
2067
2092
2109
2122
2141
2159
2178
2176
2198
2232
2224
2226
2215
2227
2215
2191
2158
2162
2130
2098
2076
2058
2026
2007
2000
1979
1963
1945
1932
1918
1906
1906
1891
1887
1879
1874
1871
1875
1877
1905
1912
1922
1935
1963
1985
1995
2023
2034
2039
2040
2032
2021
2006
1987
1966
1945
1938
1899
1883
1862
1835
1790
1759
1742
1710
1700
1684
1674
1654
1651
1649
1657
1662
1674
1682
1697
1704
1697
1704
1710
1721
1728
1734
1760
1753
1755
1760
1770
1782
1778
1776
1778
1771
1749
1739
1729
1720
1695
1693
1685
1671
1659
1650
1650
1654
1645
1632
1637
1620
1598
1585
1570
1561
1543
1527
1536
1540
1557
1573
1613
1635
1650
1669
1701
1726
1740
1764
1786
1817
1837
1864
1883
1918
1938
1940
1975
1986
1996
2003
2018
2013
2007
2015
2004
2004
1989
1979
1976
1953
1939
1936
1923
1894
1877
1852
1836
1820
1800
1793
1777
1777
1773
1770
1782
1782
1785
1811
1820
1850
1855
1874
1885
1898
1893
1906
1918
1926
1933
1936
1938
1933
1908
1881
1850
1813
1766
1734
1704
1663
1647
1638
1638
1632
1641
1654
1671
1701
1714
1729
1767
1786
1806
1829
1853
1882
1896
1923
1948
1981
2009
2023
2045
2031
2056
2059
2075
2080
2096
2124
2148
2168
2194
2202
2207
2237
2250
2266
2254
2250
2290
2298
2283
2282
2322
2332
2320
2317
2382
2384
2336
2350
2383
2394
2345
2360
2409
2430
2386
2392
2464
2476
2401
2416
2492
2482
2412
2408
2460
2434
2369
2359
2416
2400
2349
2336
2382
2373
2317
2309
2334
2317
2284
2269
2287
2249
2226
2219
2229
2213
2200
2188
2187
2172
2147
2130
2109
2094
2082
2075
2072
2083
2074
2085
2079
2055
2033
2009
1977
1945
1921
1873
1847
1818
1817
1799
1811
1825
1858
1871
1873
1905
1922
1935
1948
1965
1986
1998
2021
2043
2053
2069
2050
2041
2013
1968
1941
1898
1873
1843
1807
1776
1752
1705
1669
1624
1586
1553
1510
1486
1469
1453
1448
1439
1455
1460
1477
1502
1539
1570
1604
1635
1673
1696
1731
1761
1808
1841
1883
1917
1968
2020
2060
2099
2132
2159
2195
2223
2231
2245
2278
2291
2271
2285
2319
2321
2290
2301
2338
2328
2285
2277
2275
2244
2205
2167
2152
2117
2075
2047
2020
1989
1940
1914
1857
1803
1754
1719
1689
1659
1643
1644
1634
1627
1624
1621
1612
1612
1626
1635
1643
1648
1674
1681
1694
1693
1699
1692
1685
1659
1655
1650
1611
1593
1579
1566
1543
1544
1544
1546
1538
1547
1539
1545
1544
1549
1577
1591
1629
1660
1700
1754
1790
1822
1873
1897
1917
1925
1925
1911
1884
1873
1851
1826
1783
1783
1751
1735
1710
1678
1656
1621
1593
1567
1569
1548
1517
1513
1528
1541
1552
1571
1615
1642
1672
1703
1743
1751
1765
1775
1791
1806
1796
1793
1789
1794
1789
1777
1773
1760
1726
1717
1697
1671
1644
1611
1599
1593
1566
1556
1559
1561
1559
1575
1587
1616
1625
1650
1676
1704
1711
1729
1760
1784
1814
1838
1881
1906
1929
1962
1981
1995
2025
2041
2060
2071
2081
2090
2098
2105
2117
2116
2112
2123
2131
2129
2117
2113
2117
2129
2111
2105
2099
2098
2077
2082
2073
2057
2038
2027
2044
2041
2046
2059
2068
2081
2089
2096
2101
2108
2111
2120
2155
2162
2145
2159
2167
2187
2176
2175
2189
2183
2159
2141
2143
2128
2096
2088
2079
2076
2072
2066
2072
2076
2068
2064
2066
2071
2075
2073
2077
2074
2061
2061
2073
2066
2063
2069
2070
2076
2086
2099
2129
2144
2159
2176
2200
2219
2221
2254
2314
2338
2321
2349
2435
2459
2406
2429
2499
2518
2469
2464
2541
2564
2497
2510
2577
2599
2505
2533
2600
2623
2536
2555
2632
2630
2560
2591
2655
2651
2582
2587
2675
2665
2587
2508
2551
2355
2255
2219
2218
2214
2199
2221
2264
2282
2292
2338
2422
2453
2420
2441
2519
2541
2477
2502
2575
2604
2530
2550
2614
2634
2548
2554
2652
2663
2592
2622
2677
2684
2597
2624
2691
2673
2571
2282
2211
2147
2129
2131
2152
2144
2158
2178
2222
2264
2282
2314
2389
2420
2370
2405
2477
2488
2422
2415
2490
2459
2358
2285
2246
2156
2078
2032
1977
1927
1875
1825
1783
1740
1716
1694
1681
1687
1714
1725
1751
1785
1832
1867
1909
1945
1986
2003
2027
2048
2049
2062
2066
2046
2034
2019
1995
1954
1905
1848
1777
1725
1682
1638
1605
1585
1582
1595
1597
1610
1640
1674
1704
1755
1812
1860
1897
1968
2012
2043
2076
2116
2128
2134
2144
2156
2142
2137
2132
2107
2095
2074
2066
2039
2014
1984
1956
1923
1895
1875
1855
1850
1857
1855
1864
1861
1886
1891
1884
1891
1902
1887
1876
1870
1862
1863
1859
1864
1890
1906
1918
1923
1943
1961
1962
1990
2001
2029
2050
2061
2082
2094
2091
2111
2114
2129
2156
2166
2175
2193
2204
2222
2216
2218
2238
2247
2235
2255
2298
2299
2272
2279
2310
2293
2257
2244
2253
2230
2185
2157
2136
2088
2047
2017
2000
1976
1954
1926
1904
1879
1854
1824
1803
1777
1767
1767
1751
1741
1747
1737
1717
1691
1682
1668
1642
1627
1613
1600
1589
1577
1581
1578
1578
1595
1615
1636
1656
1683
1718
1747
1764
1793
1830
1843
1867
1888
1898
1924
1939
1948
1965
1972
1980
1984
1995
1998
2003
1999
2001
1986
1980
1952
1943
1934
1914
1892
1869
1851
1816
1795
1782
1758
1746
1724
1706
1676
1630
1588
1562
1516
1488
1462
1457
1452
1444
1449
1453
1444
1435
1438
1429
1406
1382
1352
1328
1303
1270
1258
1242
1227
1217
1216
1225
1232
1209
1199
1182
1164
1142
1129
1130
1112
1102
1109
1116
1118
1117
1119
1134
1141
1139
1128
1140
1134
1120
1110
1116
1102
1092
1086
1109
1118
1135
1160
1206
1235
1254
1285
1328
1353
1371
1406
1446
1483
1515
1570
1614
1668
1709
1737
1780
1800
1819
1817
1834
1842
1840
1843
1858
1863
1851
1856
1853
1854
1840
1841
1830
1825
1805
1798
1778
1776
1756
1752
1747
1727
1702
1675
1653
1613
1590
1560
1567
1569
1570
1585
1608
1625
1640
1667
1694
1708
1733
1750
1777
1808
1825
1857
1899
1930
1954
1961
1983
1987
1971
1914
1877
1806
1733
1686
1642
1596
1561
1549
1554
1557
1545
1568
1585
1628
1637
1660
1680
1693
1708
1736
1773
1808
1822
1852
1886
1884
1881
1869
1855
1841
1817
1802
1793
1799
1781
1763
1751
1745
1737
1747
1766
1768
1749
1735
1724
1708
1700
1705
1717
1746
1767
1788
1815
1822
1833
1830
1857
1885
1912
1925
1963
1994
2016
2055
2076
2108
2146
2184
2182
2202
2216
2212
2185
2194
2217
2208
2187
2189
2203
2187
2170
2173
2191
2173
2147
2132
2106
2071
2063
2044
2038
2027
2037
2033
2053
2052
2048
2053
2051
2058
2075
2100
2131
2157
2162
2182
2210
2230
2234
2252
2289
2298
2270
2258
2294
2293
2240
2240
2253
2224
2199
2179
2167
2140
2091
2061
2025
2009
1960
1933
1908
1887
1864
1847
1819
1803
1782
1759
1724
1705
1690
1649
1606
1570
1551
1518
1481
1436
1403
1352
1302
1242
1206
1136
1060
999
943
891
833
783
752
711
671
658
647
643
629
631
648
666
679
707
749
780
809
850
889
922
952
973
1006
1027
1036
1038
1072
1085
1109
1148
1198
1224
1245
1281
1311
1342
1358
1384
1419
1438
1459
1476
1477
1465
1417
1379
1347
1298
1258
1238
1220
1211
1205
1208
1228
1271
1307
1354
1395
1443
1469
1493
1523
1538
1546
1547
1539
1521
1489
1454
1420
1374
1316
1279
1262
1237
1209
1185
1159
1130
1083
1041
1003
953
896
842
802
756
713
681
670
656
630
614
615
605
593
595
606
612
627
649
686
721
750
785
837
877
917
967
1020
1059
1099
1142
1191
1232
1256
1288
1334
1360
1376
1392
1427
1442
1440
1462
1472
1474
1474
1476
1475
1464
1465
1467
1482
1480
1485
1488
1496
1494
1478
1482
1485
1485
1481
1488
1503
1505
1501
1510
1524
1536
1550
1547
1589
1579
1572
1566
1571
1562
1556
1557
1567
1567
1566
1569
1563
1561
1553
1563
1564
1575
1576
1589
1591
1599
1579
1577
1574
1577
1558
1556
1564
1557
1554
1553
1541
1516
1493
1471
1464
1468
1475
1476
1488
1495
1488
1511
1543
1550
1574
1598
1622
1642
1643
1643
1643
1637
1630
1630
1646
1631
1636
1636
1648
1641
1637
1635
1647
1636
1643
1631
1641
1655
1654
1641
1642
1643
1638
1646
1658
1661
1660
1660
1672
1663
1659
1665
1676
1671
1656
1650
1650
1634
1618
1601
1584
1572
1568
1555
1545
1540
1511
1501
1505
1497
1491
1492
1503
1505
1497
1514
1543
1565
1576
1588
1601
1605
1621
1632
1658
1669
1660
1671
1689
1685
1652
1610
1568
1522
1490
1464
1450
1428
1405
1387
1406
1410
1409
1430
1439
1445
1447
1458
1465
1464
1476
1497
1515
1527
1543
1569
1585
1598
1580
1554
1539
1490
1441
1419
1411
1411
1405
1406
1417
1431
1440
1445
1461
1484
1472
1476
1465
1447
1420
1422
1421
1411
1412
1409
1404
1417
1409
1399
1403
1408
1399
1407
1418
1420
1409
1419
1419
1418
1414
1415
1445
1454
1463
1469
1477
1455
1434
1438
1438
1439
1423
1407
1388
1368
1337
1320
1317
1302
1306
1323
1344
1369
1382
1387
1402
1398
1404
1394
1407
1404
1390
1394
1399
1396
1406
1414
1425
1437
1433
1443
1461
1466
1454
1446
1449
1434
1416
1404
1393
1379
1377
1385
1399
1416
1432
1442
1443
1454
1440
1428
1429
1409
1398
1373
1378
1349
1338
1317
1308
1302
1269
1241
1235
1203
1164
1136
1122
1109
1077
1074
1066
1057
1049
1047
1053
1053
1048
1057
1058
1069
1061
1078
1092
1100
1115
1127
1145
1160
1158
1159
1163
1153
1163
1149
1149
1140
1116
1107
1110
1086
1062
1051
1043
1039
1025
1021
1026
1028
1035
1025
1048
1056
1052
1056
1080
1089
1083
1086
1096
1092
1092
1091
1087
1083
1072
1057
1063
1051
1046
1054
1051
1048
1033
1013
1017
1021
1007
1002
993
984
960
938
946
935
912
896
902
901
885
884
887
887
873
871
878
876
877
886
894
897
893
896
907
910
908
893
903
887
882
870
861
850
847
837
845
836
826
815
818
809
796
792
794
792
781
777
785
793
778
785
791
789
787
792
777
770
759
744
757
744
734
726
731
723
720
720
724
715
702
701
701
699
695
699
707
709
709
707
717
711
696
698
712
701
708
710
713
713
714
713
721
719
704
704
708
706
699
699
701
682
669
656
656
648
631
625
623
615
602
607
609
607
602
599
591
589
582
580
578
582
580
583
596
595
590
587
599
597
587
583
595
582
583
582
586
587
576
582
581
573
563
557
567
558
549
555
564
564
548
542
541
539
538
542
554
562
557
559
563
565
564
567
569
573
564
560
556
555
541
533
534
534
525
520
524
517
504
495
499
497
483
489
494
493
493
492
501
510
503
514
524
514
504
499
503
510
515
522
538
540
537
542
552
553
548
546
547
552
541
540
541
539
535
528
534
529
520
516
523
520
509
491
487
473
468
461
468
471
461
454
459
448
435
424
418
399
394
388
385
371
365
368
380
377
380
390
399
400
400
400
403
407
402
400
412
419
421
423
436
439
439
445
456
453
461
457
460
458
449
446
451
454
444
446
459
455
451
454
463
461
457
455
465
468
465
471
487
493
494
499
492
250
-7
-7
-6
-6
-6
-3
-6
-4
410
405
-6
-6
-8
-5
-5

