;UFOS3
;Measurement details: channel = Z, date = 12.09.2015, time = 09:02:36
Exposure=340
Gain=0
Temperature=31.3
Accummulate=4
1.7951467949818385 mu
1.8086625190276988 amas
33.583 hs
210 ozone
180088 uva
17470 uvb
10857 uve
[Value]
-9
273
274
274
272
275
273
274
293
287
346
344
288
286
352
353
295
293
349
366
289
300
379
361
296
295
390
381
305
302
387
364
304
303
371
363
298
299
371
376
299
298
361
367
298
301
389
383
310
305
375
375
296
303
393
384
295
298
381
390
297
308
373
396
302
300
384
366
297
300
359
389
302
308
369
375
294
300
368
372
301
302
394
375
294
301
372
378
300
303
374
386
295
300
377
366
300
298
368
386
303
299
366
379
299
309
391
374
298
302
387
366
302
302
374
385
302
299
370
375
294
300
381
381
297
307
371
360
295
304
383
389
293
300
370
385
293
299
372
372
300
296
385
390
297
305
375
394
298
305
393
387
296
298
379
374
296
300
387
384
298
303
377
371
303
308
381
389
300
299
373
401
298
304
368
385
299
303
381
379
297
304
403
377
303
303
362
368
301
299
374
390
297
305
380
378
304
299
368
381
298
302
368
371
297
300
370
379
297
303
365
370
302
302
383
381
298
299
374
381
299
302
367
387
297
304
375
374
301
304
382
369
302
303
367
380
309
302
392
368
297
296
365
379
297
303
379
376
301
295
380
375
305
298
367
378
299
305
417
373
297
301
384
367
299
297
389
369
296
300
372
365
293
304
375
375
303
294
383
373
301
304
387
379
303
300
389
373
303
297
380
374
296
301
376
368
294
300
376
376
292
298
377
375
301
300
387
382
305
303
374
380
295
299
389
363
310
303
383
369
302
302
384
391
294
298
394
386
305
300
367
375
300
295
382
374
300
297
376
367
294
305
372
387
301
309
373
391
298
308
382
380
302
301
362
371
304
301
371
368
298
305
372
364
298
304
363
376
301
294
384
382
300
302
372
373
299
305
384
383
297
299
371
367
302
302
381
383
298
303
393
371
298
297
373
388
305
305
388
382
300
296
380
392
304
307
387
375
293
309
384
375
303
309
382
388
305
297
374
381
299
305
372
384
301
298
358
379
296
303
378
377
295
300
369
387
296
304
377
375
302
301
386
371
299
299
378
389
298
303
383
406
299
301
372
373
301
308
379
380
301
302
374
368
298
295
388
365
299
298
366
376
303
305
378
370
304
307
370
377
302
298
368
391
294
305
379
383
297
314
385
376
296
309
370
371
303
298
370
382
303
304
383
375
296
302
364
391
297
307
390
393
303
302
377
385
306
302
385
383
303
303
384
389
302
307
383
386
307
304
384
383
305
311
380
375
304
310
386
377
316
304
376
374
306
308
384
395
301
305
375
375
309
309
378
374
307
307
398
382
317
310
389
406
307
312
375
396
310
310
395
391
309
314
387
381
313
311
394
396
312
311
396
403
316
314
391
392
314
320
379
398
313
320
383
401
307
315
389
395
307
321
387
381
320
319
396
399
309
317
408
403
323
325
404
404
331
330
408
400
332
339
424
413
339
334
412
427
349
349
430
410
335
342
412
415
342
343
423
445
347
356
431
424
343
349
410
426
354
352
442
433
350
359
435
430
355
355
439
446
351
363
449
435
357
371
455
454
374
381
455
449
376
388
459
464
387
399
481
481
403
407
493
482
408
413
500
507
416
414
485
471
406
408
481
482
410
412
471
493
410
411
507
496
413
418
489
501
423
429
519
498
437
440
497
522
442
450
533
536
453
457
542
541
471
476
547
553
486
502
586
590
509
522
615
588
525
529
598
606
539
533
616
623
542
546
627
630
546
554
633
624
543
551
629
642
566
575
649
652
579
574
654
653
577
576
647
655
580
578
691
652
578
582
651
650
571
566
636
634
549
558
655
639
564
564
630
632
560
573
670
657
570
582
656
647
567
575
654
658
575
579
671
679
588
593
686
684
612
623
724
721
644
655
736
741
688
704
803
808
737
755
839
831
772
772
855
873
778
774
863
868
775
788
857
851
777
766
837
826
760
750
828
840
746
745
835
807
735
737
814
808
728
733
820
824
745
747
849
836
753
758
830
864
773
785
894
880
800
804
894
905
815
823
908
892
816
820
923
896
812
827
909
900
819
827
896
898
824
823
913
912
848
847
951
940
871
883
966
982
906
914
989
998
917
899
992
966
876
881
970
957
875
870
947
947
876
890
971
995
905
922
1001
1013
956
967
1062
1112
1022
1037
1125
1124
1047
1044
1144
1129
1055
1041
1108
1102
993
991
1053
1050
970
946
1011
992
922
916
1011
995
919
920
1020
1015
946
956
1072
1075
1001
1024
1134
1161
1096
1124
1231
1241
1186
1198
1289
1327
1254
1283
1378
1397
1332
1353
1460
1468
1405
1421
1519
1507
1446
1457
1553
1577
1497
1516
1589
1599
1499
1528
1545
1525
1405
1399
1444
1431
1327
1307
1388
1374
1275
1282
1331
1350
1267
1268
1349
1365
1291
1301
1406
1433
1379
1412
1527
1573
1510
1545
1658
1663
1578
1593
1686
1668
1567
1578
1645
1632
1544
1540
1596
1592
1512
1481
1548
1564
1458
1452
1525
1537
1448
1466
1555
1546
1491
1521
1607
1651
1554
1575
1671
1675
1614
1634
1742
1741
1670
1708
1787
1794
1721
1733
1804
1847
1747
1748
1823
1833
1725
1710
1771
1756
1650
1622
1677
1654
1532
1522
1588
1547
1458
1452
1528
1495
1411
1404
1522
1511
1427
1441
1538
1550
1476
1479
1580
1572
1495
1496
1572
1582
1503
1501
1583
1588
1489
1468
1558
1522
1427
1413
1467
1466
1362
1334
1411
1393
1275
1274
1344
1344
1264
1267
1350
1349
1269
1283
1347
1356
1287
1300
1364
1391
1318
1316
1433
1436
1375
1392
1473
1531
1414
1427
1535
1513
1458
1462
1544
1563
1497
1506
1596
1621
1530
1546
1635
1673
1589
1599
1678
1683
1602
1603
1667
1670
1582
1578
1649
1638
1552
1541
1619
1641
1533
1539
1597
1621
1527
1527
1614
1616
1545
1576
1669
1696
1648
1672
1777
1793
1754
1778
1894
1930
1872
1917
2014
2044
1978
2001
2102
2124
2059
2070
2150
2156
2062
2056
2160
2135
2081
2075
2175
2189
2116
2119
2203
2224
2148
2159
2244
2261
2170
2179
2257
2266
2185
2177
2280
2306
2209
2220
2318
2323
2226
2221
2282
2292
2204
2205
2278
2248
2168
2180
2248
2275
2185
2186
2270
2290
2169
2171
2237
2239
2166
2162
2240
2268
2179
2190
2280
2259
2172
2177
2265
2267
2185
2215
2310
2334
2277
2302
2417
2451
2371
2410
2504
2513
2484
2513
2621
2644
2629
2652
2727
2754
2751
2789
2801
2826
2831
2851
2854
2875
2872
2892
2888
2909
2904
2921
2917
2939
2932
2946
2943
2954
2951
2958
2956
2954
2954
2916
2925
2828
2798
2682
2702
2648
2583
2544
2599
2569
2514
2518
2571
2588
2508
2517
2592
2580
2504
2517
2578
2584
2522
2531
2609
2586
2534
2538
2613
2616
2562
2556
2619
2615
2568
2578
2634
2643
2593
2576
2612
2617
2559
2551
2603
2613
2531
2543
2589
2605
2510
2507
2568
2550
2480
2465
2536
2520
2432
2431
2514
2500
2446
2427
2515
2511
2432
2422
2488
2487
2371
2363
2428
2386
2285
2268
2329
2301
2232
2212
2290
2271
2166
2138
2186
2189
2097
2078
2143
2121
2049
2041
2128
2142
2086
2118
2208
2241
2177
2216
2293
2322
2249
2257
2344
2335
2250
2215
2296
2272
2187
2193
2295
2266
2186
2188
2276
2262
2161
2172
2218
2247
2181
2185
2277
2293
2226
2232
2315
2338
2243
2243
2286
2263
2144
2101
2132
2070
1948
1927
1966
1926
1840
1824
1893
1873
1778
1777
1845
1859
1780
1780
1874
1895
1826
1847
1937
1948
1870
1884
1958
1960
1868
1855
1933
1893
1778
1762
1837
1802
1714
1721
1805
1825
1771
1796
1917
1943
1892
1927
2024
2065
1987
2007
2079
2088
1992
2002
2083
2105
2003
2002
2081
2086
1987
1992
2078
2069
1990
2002
2111
2123
2045
2070
2181
2188
2160
2187
2313
2323
2268
2265
2352
2351
2272
2269
2332
2326
2234
2227
2287
2294
2199
2191
2276
2270
2203
2229
2325
2341
2260
2275
2363
2394
2356
2403
2507
2540
2509
2541
2622
2645
2610
2629
2685
2695
2658
2667
2704
2706
2662
2646
2690
2663
2620
2584
2634
2605
2533
2518
2575
2579
2492
2513
2578
2590
2520
2519
2572
2560
2493
2475
2523
2510
2439
2447
2536
2542
2457
2471
2542
2572
2499
2525
2598
2608
2575
2598
2675
2690
2670
2693
2737
2751
2743
2757
2772
2783
2777
2784
2788
2792
2787
2770
2783
2772
2752
2748
2755
2763
2747
2766
2779
2796
2799
2816
2820
2836
2832
2845
2841
2845
2843
2837
2845
2844
2848
2845
2848
2838
2829
2797
2796
2746
2693
2625
2612
2559
2450
2418
2446
2406
2277
2227
2251
2201
2075
2054
2114
2088
1986
1966
2033
2025
1947
1964
2067
2093
2059
2105
2232
2277
2245
2275
2391
2433
2362
2379
2475
2500
2431
2456
2552
2552
2504
2512
2577
2559
2510
2498
2549
2533
2441
2397
2449
2423
2334
2293
2373
2354
2253
2237
2299
2273
2197
2190
2252
2250
2260
2157
2232
2231
2142
2178
2259
2270
2202
2216
2314
2327
2271
2296
2399
2406
2313
2309
2385
2351
2256
2252
2296
2288
2180
2179
2209
2192
2067
2044
2102
2078
1970
1966
2041
2016
1940
1934
2030
2007
1953
1968
2051
2066
1975
1995
2069
2098
2013
2026
2115
2127
2027
2041
2126
2143
2052
2063
2141
2132
2025
2024
2086
2077
1979
1971
2053
2023
1944
1935
2015
2010
1919
1924
2006
2000
1879
1863
1932
1928
1815
1818
1897
1901
1845
1860
1968
1989
1928
1955
2074
2081
2019
2047
2150
2174
2114
2152
2245
2279
2220
2231
2338
2356
2282
2288
2386
2370
2300
2302
2369
2357
2262
2257
2324
2315
2227
2217
2269
2245
2151
2144
2186
2186
2082
2077
2146
2139
2061
2039
2130
2158
2065
2084
2192
2201
2128
2159
2243
2242
2183
2184
2264
2289
2210
2229
2314
2280
2198
2163
2222
2191
2051
2021
2077
2024
1936
1932
2009
1993
1919
1940
2036
2065
1984
2010
2155
2149
2089
2100
2209
2240
2171
2208
2301
2345
2288
2302
2402
2398
2338
2346
2438
2427
2383
2400
2495
2501
2471
2492
2569
2587
2520
2550
2618
2629
2579
2581
2633
2641
2603
2614
2665
2692
2656
2660
2686
2694
2668
2666
2704
2708
2697
2708
2729
2753
2736
2757
2767
2779
2771
2763
2770
2755
2737
2715
2729
2721
2688
2673
2703
2710
2659
2661
2677
2662
2612
2601
2637
2636
2555
2547
2585
2574
2507
2508
2566
2554
2469
2467
2488
2494
2388
2375
2445
2447
2358
2368
2442
2429
2361
2350
2409
2383
2259
2235
2275
2239
2125
2109
2166
2175
2103
2106
2222
2219
2171
2191
2287
2305
2232
2247
2335
2375
2309
2315
2412
2427
2336
2323
2368
2334
2220
2188
2225
2206
2102
2062
2134
2092
1959
1919
1950
1945
1807
1768
1832
1813
1725
1728
1834
1829
1774
1796
1901
1926
1890
1929
2043
2050
2016
2046
2172
2201
2175
2201
2335
2363
2343
2387
2510
2524
2481
2508
2593
2586
2561
2574
2636
2649
2613
2613
2674
2667
2624
2615
2648
2625
2563
2534
2566
2529
2439
2416
2476
2408
2302
2283
2313
2269
2155
2092
2125
2075
1976
1955
2021
1999
1916
1915
2004
2011
1899
1911
2004
2002
1923
1947
2039
2057
1974
1985
2058
2058
1969
1950
1994
2008
1918
1876
1967
1952
1834
1834
1928
1939
1826
1832
1914
1919
1830
1838
1942
1955
1907
1950
2075
2115
2084
2111
2257
2256
2202
2216
2294
2272
2187
2163
2238
2200
2090
2075
2128
2105
1995
1980
2023
1989
1881
1867
1932
1912
1822
1809
1884
1910
1825
1877
1979
2016
1957
1995
2113
2111
2052
2060
2154
2172
2089
2090
2152
2169
2072
2081
2161
2141
2026
2004
2068
2027
1931
1911
1962
1968
1848
1867
1935
1922
1847
1867
1947
1971
1921
1940
2053
2063
1998
2028
2124
2152
2093
2136
2265
2266
2218
2250
2357
2372
2313
2340
2444
2440
2375
2381
2466
2479
2398
2396
2486
2485
2423
2419
2492
2493
2416
2414
2487
2473
2397
2389
2447
2462
2354
2358
2418
2390
2331
2343
2418
2433
2358
2374
2457
2467
2386
2406
2483
2505
2445
2443
2540
2535
2510
2476
2553
2548
2479
2478
2509
2541
2429
2421
2477
2446
2362
2378
2447
2443
2355
2359
2428
2424
2351
2351
2443
2444
2349
2357
2454
2424
2352
2356
2439
2442
2362
2368
2463
2465
2407
2437
2541
2557
2502
2515
2604
2619
2595
2629
2696
2718
2721
2749
2762
2789
2794
2815
2818
2837
2837
2858
2856
2875
2874
2890
2884
2904
2900
2914
2912
2925
2922
2936
2933
2945
2942
2954
2951
2962
2962
2959
2952
2899
2837
2651
2643
2576
2512
2511
2567
2574
2546
2583
2674
2697
2710
2749
2767
2797
2809
2835
2843
2864
2867
2893
2891
2913
2905
2931
2925
2944
2939
2959
2949
2971
2962
2983
2973
2991
2982
2968
2939
2647
2545
2434
2513
2507
2437
2447
2523
2531
2512
2550
2637
2686
2667
2710
2737
2761
2769
2782
2789
2796
2782
2748
2738
2660
2541
2453
2468
2408
2282
2232
2269
2192
2087
2032
2095
2062
1981
1985
2086
2096
2034
2080
2192
2232
2198
2242
2365
2369
2334
2349
2442
2422
2351
2344
2409
2394
2279
2241
2293
2252
2070
2024
2069
2011
1911
1888
1958
1950
1890
1914
2019
2044
1993
2045
2168
2249
2200
2259
2389
2414
2361
2419
2483
2494
2440
2452
2523
2512
2430
2418
2461
2459
2358
2329
2426
2377
2261
2221
2262
2234
2153
2146
2233
2227
2156
2171
2256
2256
2182
2181
2261
2287
2171
2170
2244
2227
2159
2159
2266
2286
2206
2229
2317
2337
2263
2285
2379
2402
2346
2365
2443
2466
2397
2408
2493
2504
2459
2487
2554
2570
2514
2524
2584
2584
2542
2554
2612
2629
2587
2607
2655
2653
2617
2594
2631
2611
2551
2531
2584
2516
2432
2388
2449
2403
2290
2263
2323
2303
2202
2176
2256
2221
2101
2080
2130
2145
2040
2045
2143
2103
2013
1988
2057
2035
1936
1926
1986
1965
1889
1877
1961
1943
1882
1889
2006
2016
1952
1985
2101
2134
2114
2082
2204
2208
2155
2179
2286
2296
2234
2241
2344
2330
2266
2284
2373
2367
2297
2299
2385
2355
2267
2259
2322
2313
2219
2196
2261
2208
2122
2115
2155
2129
2039
2022
2074
2052
1939
1893
1942
1886
1791
1769
1832
1814
1744
1752
1835
1816
1731
1742
1802
1790
1678
1651
1709
1680
1570
1551
1642
1594
1526
1531
1604
1598
1514
1501
1582
1548
1444
1436
1500
1495
1402
1415
1487
1487
1426
1412
1503
1508
1441
1439
1520
1477
1412
1415
1495
1467
1390
1388
1488
1490
1427
1469
1586
1584
1556
1579
1706
1716
1670
1707
1834
1863
1808
1855
1996
2022
1996
2040
2149
2170
2103
2122
2217
2200
2141
2153
2228
2240
2160
2144
2242
2243
2150
2144
2214
2202
2110
2097
2165
2150
2061
2058
2137
2116
2009
1973
2041
1992
1886
1863
1957
1945
1862
1891
1991
1989
1936
1963
2076
2084
2034
2049
2154
2185
2124
2160
2259
2309
2256
2281
2362
2377
2265
2225
2271
2186
2047
1988
2026
1987
1861
1863
1927
1930
1851
1871
2000
2005
1952
1960
2071
2068
2004
2030
2163
2186
2130
2170
2259
2261
2176
2185
2239
2210
2129
2116
2185
2189
2081
2071
2146
2129
2039
2059
2152
2146
2067
2049
2112
2105
2002
2003
2087
2123
2061
2086
2185
2206
2126
2141
2258
2262
2206
2237
2366
2358
2319
2361
2462
2489
2451
2486
2577
2560
2526
2505
2580
2564
2518
2513
2584
2571
2512
2500
2556
2546
2492
2483
2541
2502
2411
2386
2431
2436
2344
2353
2433
2401
2361
2358
2447
2415
2355
2366
2462
2478
2432
2457
2572
2556
2524
2543
2605
2631
2593
2609
2640
2661
2606
2605
2649
2624
2562
2541
2606
2555
2476
2450
2474
2454
2347
2305
2354
2292
2222
2198
2256
2211
2130
2106
2161
2143
2033
2008
2069
2013
1922
1871
1945
1907
1787
1754
1796
1764
1607
1557
1577
1534
1371
1312
1338
1266
1137
1084
1134
1073
981
961
1033
1038
937
943
1018
1044
976
1011
1143
1152
1111
1148
1267
1293
1244
1276
1426
1396
1343
1349
1442
1473
1428
1455
1592
1617
1553
1584
1707
1718
1654
1694
1807
1835
1772
1788
1862
1846
1722
1683
1724
1685
1560
1542
1609
1574
1504
1517
1606
1666
1618
1653
1788
1821
1773
1792
1910
1929
1851
1862
1930
1899
1793
1762
1809
1776
1625
1594
1654
1640
1516
1488
1551
1517
1385
1352
1403
1338
1202
1156
1178
1145
1013
982
1067
1048
937
923
1002
992
901
904
995
1003
936
951
1084
1098
1052
1089
1239
1268
1224
1267
1399
1470
1397
1439
1565
1607
1561
1604
1718
1729
1688
1707
1806
1815
1756
1766
1864
1873
1783
1787
1860
1853
1768
1776
1867
1869
1788
1792
1891
1880
1786
1792
1872
1866
1788
1796
1894
1892
1817
1819
1910
1911
1851
1874
1967
1964
1883
1887
1967
1944
1857
1866
1953
1962
1868
1869
1952
1951
1875
1875
1949
1952
1887
1898
1987
2010
1887
1881
1962
1969
1866
1859
1961
1959
1857
1857
1933
1898
1794
1779
1860
1845
1781
1792
1873
1875
1805
1824
1925
1941
1891
1903
2010
2023
1951
1956
2068
2029
1941
1945
2028
2006
1952
1955
2043
2026
1946
1958
2057
2006
1950
1935
2022
2035
1972
1960
2042
2034
1943
1950
2047
2049
1964
1979
2074
2050
1977
1986
2084
2059
1975
1957
2050
2018
1938
1915
1972
1943
1872
1876
1952
1929
1823
1820
1911
1885
1806
1814
1894
1900
1819
1831
1941
1965
1881
1904
1976
2007
1920
1942
2078
2047
1976
1996
2095
2053
1962
1917
1955
1928
1796
1776
1864
1832
1715
1706
1819
1803
1709
1742
1835
1850
1766
1764
1876
1840
1785
1805
1900
1917
1862
1877
1991
1998
1897
1870
1931
1883
1757
1726
1816
1809
1718
1716
1828
1830
1746
1757
1859
1866
1785
1789
1863
1841
1735
1726
1825
1809
1713
1719
1815
1803
1727
1725
1785
1792
1713
1718
1810
1803
1716
1740
1820
1796
1722
1733
1829
1855
1776
1782
1879
1856
1755
1752
1843
1838
1738
1728
1790
1776
1656
1637
1715
1690
1625
1638
1745
1752
1693
1699
1798
1790
1715
1715
1805
1802
1699
1711
1797
1801
1710
1725
1826
1830
1757
1760
1854
1833
1775
1767
1844
1805
1728
1720
1781
1774
1685
1692
1797
1809
1734
1760
1847
1840
1754
1744
1825
1810
1706
1701
1785
1742
1648
1631
1707
1687
1583
1559
1648
1582
1473
1454
1516
1490
1391
1395
1468
1445
1358
1364
1446
1450
1357
1363
1454
1456
1378
1386
1471
1516
1420
1439
1542
1546
1479
1480
1551
1543
1462
1468
1541
1528
1425
1426
1493
1490
1374
1361
1441
1422
1333
1336
1423
1418
1347
1340
1436
1439
1362
1375
1484
1473
1391
1409
1485
1473
1407
1396
1486
1475
1382
1371
1461
1458
1357
1357
1444
1442
1345
1332
1412
1427
1324
1313
1389
1379
1274
1257
1358
1338
1234
1216
1294
1289
1190
1195
1280
1264
1181
1184
1276
1256
1192
1201
1277
1296
1211
1205
1304
1299
1219
1215
1302
1279
1191
1173
1263
1248
1163
1154
1235
1214
1131
1128
1232
1197
1102
1099
1178
1172
1084
1090
1166
1174
1094
1086
1187
1182
1097
1103
1170
1162
1061
1064
1163
1148
1053
1041
1144
1126
1026
1028
1113
1110
1013
1016
1107
1095
1011
1000
1097
1097
1019
1023
1125
1105
997
1013
1100
1104
1019
1027
1135
1117
1019
1028
1111
1112
1024
1025
1113
1083
1010
1007
1088
1058
976
970
1060
1024
940
939
1034
1013
921
914
1007
978
910
906
978
1009
889
891
981
964
893
891
989
972
892
899
1006
977
892
899
992
969
896
894
979
975
882
892
976
966
870
864
1000
951
853
862
945
931
861
857
938
929
842
851
950
948
866
872
956
954
869
875
963
966
881
869
956
934
848
841
917
916
842
827
923
903
808
806
896
884
786
796
890
876
804
807
909
893
811
821
923
911
823
804
892
877
821
842
929
912
847
854
950
960
856
863
944
936
846
853
914
921
844
848
922
925
832
826
913
903
812
800
882
871
772
778
880
860
773
758
851
836
742
733
834
777
700
695
790
754
676
674
787
769
686
691
790
800
698
709
801
799
713
713
811
806
733
736
815
851
746
753
850
846
767
765
850
848
761
756
833
834
749
754
840
844
760
757
863
840
766
767
862
855
777
776
879
884
807
813
890
640
273
276
275
274
273
274
275
274
710
720
273
273
272
-9
-9

