;UFOS3
;Measurement details: channel = Z-D, date = 12.09.2015, time = 09:12:51
Exposure=340
Gain=0
Temperature=31.7
Accummulate=4
1.7812010829269653 mu
1.7942707942813483 amas
33.888 hs
257 ozone
151746 uva
5735 uvb
1121 uve
[Value]
-5
-4
-4
-4
-6
-5
-3
-4
-8
-6
-7
-6
-7
-7
-6
-8
-5
-7
-4
-6
-5
-2
3
-4
-2
-1
2
3
1
-3
1
1
1
-1
1
-1
2
1
4
-1
-2
0
-1
-2
0
-2
3
-1
2
1
-1
-1
-3
1
3
-1
0
-3
-2
1
0
1
-1
2
-4
1
0
1
-3
-2
-2
0
4
1
4
-1
-2
0
-5
2
-2
-1
0
0
-2
-3
-1
-2
0
1
-1
2
-1
-2
-2
0
-1
1
-1
0
0
0
0
-2
0
0
0
2
0
0
0
-3
0
-1
-2
1
2
0
-3
-1
1
-2
0
-2
1
1
-3
-1
-3
-1
1
0
0
1
1
0
-2
-1
2
0
1
0
-2
-2
0
1
0
-1
2
-2
0
-1
0
0
1
2
0
-1
1
0
-4
1
3
0
2
0
1
-1
-1
-2
1
-1
0
-3
1
-1
1
1
0
3
-2
1
4
1
-1
-1
0
-1
0
0
1
0
-1
1
2
-1
2
0
0
-3
0
0
0
-1
0
-1
1
0
0
1
0
1
-1
1
1
0
0
1
0
-1
0
-2
0
-2
2
3
1
-1
0
1
2
-2
2
1
-3
0
0
0
-1
-2
2
-2
2
0
1
2
1
0
-1
-1
0
-2
0
-2
3
-1
0
0
0
3
-2
0
0
-2
1
0
-1
0
0
0
2
-1
-1
-1
-1
-3
-1
-1
0
-2
-3
0
1
-4
2
1
-1
3
-1
-4
2
-2
-1
-2
0
0
2
-2
-3
-3
-1
-1
1
2
-1
-2
-1
1
1
-1
0
-4
-3
2
0
-1
2
0
-2
4
3
2
2
0
0
2
2
-3
-1
0
0
1
1
2
-1
-1
-1
1
3
2
0
1
0
0
1
0
1
0
-1
2
-1
-1
2
2
-2
0
-2
-1
2
-3
-1
1
0
-2
0
-2
-1
0
1
-2
2
-1
-3
-2
-1
1
-2
-1
2
0
0
-1
1
-1
-3
1
1
1
-3
0
1
0
1
-2
-2
0
0
0
5
0
1
-1
0
2
0
0
4
0
-1
1
-1
1
1
0
-1
-1
-1
-1
-1
-2
0
1
-2
-1
1
1
0
2
3
1
-1
-2
2
1
1
-2
-1
-1
1
-2
1
-1
0
-2
0
1
2
-3
0
-2
2
3
2
2
4
0
4
2
1
1
1
0
-2
0
1
0
2
1
3
1
1
1
0
3
0
-2
2
2
4
3
3
2
1
-1
-1
2
3
1
2
2
2
2
0
3
4
2
4
2
3
0
2
5
2
2
3
2
5
2
2
0
1
5
6
2
3
2
3
1
3
4
2
2
5
5
3
3
6
4
4
3
4
5
7
6
7
5
6
4
6
6
7
5
7
7
10
6
7
5
6
6
5
7
7
8
9
6
7
5
9
6
6
7
5
6
8
4
7
9
8
8
8
11
12
10
9
12
14
12
14
10
14
13
15
15
15
14
15
16
15
14
17
17
12
13
17
15
13
14
19
15
15
15
17
18
15
13
16
17
16
19
20
21
21
23
22
28
28
25
31
30
32
29
32
37
35
37
37
41
39
44
42
43
44
45
48
46
47
49
51
48
46
48
50
51
49
49
52
52
52
48
52
51
50
50
50
55
54
56
61
62
63
62
63
65
64
69
73
71
72
77
81
82
84
89
92
93
94
100
105
105
103
108
108
115
114
117
118
119
112
116
115
111
110
110
109
112
107
108
109
112
113
112
117
117
117
122
126
129
126
128
129
136
136
140
141
146
149
151
154
158
161
162
168
169
177
180
189
195
195
201
206
213
212
219
233
233
232
234
243
244
246
245
251
257
250
253
262
261
253
253
259
257
258
256
264
270
270
272
280
282
276
278
290
283
285
281
286
285
284
285
291
287
286
280
287
279
272
267
264
264
259
263
265
264
262
267
268
267
269
271
278
282
279
279
284
280
277
277
286
287
285
285
295
294
292
299
308
317
322
329
345
347
356
364
378
395
406
415
431
447
445
459
472
482
476
482
490
488
489
487
495
494
489
484
496
489
481
474
479
477
467
465
468
463
455
452
453
449
443
438
442
443
444
441
449
454
451
455
464
462
465
466
476
488
485
491
503
509
509
510
524
529
524
527
537
535
532
525
531
530
529
528
533
530
528
526
535
533
530
530
549
548
552
554
569
574
580
584
604
621
612
619
628
621
614
608
607
601
588
590
597
594
579
577
588
586
591
606
614
618
620
627
646
661
669
682
703
724
731
747
759
761
759
761
770
773
757
756
747
735
710
701
695
680
667
656
655
640
628
620
624
622
623
633
647
654
653
669
690
704
717
738
762
799
810
832
848
870
885
905
933
958
976
993
1018
1042
1045
1065
1103
1112
1121
1136
1158
1160
1170
1182
1196
1205
1211
1221
1225
1231
1215
1203
1184
1157
1134
1113
1102
1074
1045
1025
1020
1011
995
998
985
986
975
976
980
998
993
1018
1046
1073
1093
1124
1167
1197
1228
1255
1278
1294
1293
1307
1302
1303
1287
1284
1284
1272
1259
1255
1261
1237
1217
1202
1197
1190
1170
1170
1168
1178
1162
1174
1186
1201
1214
1233
1254
1269
1272
1291
1315
1329
1337
1350
1382
1388
1392
1415
1423
1437
1436
1451
1457
1467
1469
1471
1477
1469
1443
1427
1412
1400
1363
1337
1317
1292
1260
1240
1216
1204
1171
1164
1159
1138
1124
1121
1150
1149
1144
1156
1184
1173
1186
1199
1206
1220
1212
1207
1213
1213
1218
1211
1225
1222
1198
1184
1182
1165
1147
1127
1108
1092
1069
1052
1031
1012
991
981
979
981
974
979
987
987
979
978
986
992
990
1009
1018
1030
1034
1031
1059
1073
1083
1107
1121
1138
1128
1141
1161
1161
1162
1169
1186
1196
1209
1217
1242
1253
1249
1255
1279
1297
1299
1314
1317
1324
1317
1318
1312
1310
1297
1289
1298
1270
1263
1259
1266
1258
1257
1256
1256
1255
1245
1242
1256
1261
1261
1286
1316
1341
1355
1388
1424
1447
1471
1504
1545
1567
1589
1625
1646
1681
1689
1719
1748
1772
1781
1789
1800
1788
1783
1777
1791
1797
1795
1789
1817
1821
1828
1839
1857
1859
1871
1873
1903
1893
1885
1889
1894
1900
1906
1909
1925
1939
1935
1943
1954
1953
1941
1934
1927
1927
1926
1916
1909
1906
1894
1892
1893
1901
1903
1902
1908
1889
1887
1888
1892
1881
1882
1885
1892
1891
1893
1917
1910
1899
1906
1895
1907
1910
1918
1942
1953
1978
2002
2029
2050
2075
2097
2120
2146
2164
2205
2243
2259
2288
2338
2380
2358
2391
2473
2499
2432
2464
2547
2560
2485
2490
2583
2599
2521
2540
2619
2626
2550
2575
2644
2662
2582
2585
2663
2676
2582
2604
2674
2674
2576
2532
2605
2447
2381
2302
2317
2278
2232
2215
2235
2228
2218
2217
2231
2238
2214
2219
2234
2224
2220
2224
2250
2243
2240
2247
2258
2258
2236
2245
2274
2276
2257
2252
2293
2299
2280
2283
2315
2307
2274
2260
2279
2274
2243
2239
2267
2258
2233
2229
2245
2227
2208
2207
2197
2190
2164
2146
2142
2147
2138
2135
2148
2154
2151
2152
2165
2157
2135
2119
2099
2080
2056
2035
2013
1987
1971
1949
1948
1936
1923
1915
1881
1851
1838
1820
1815
1797
1784
1756
1753
1745
1778
1779
1804
1821
1853
1883
1904
1916
1945
1955
1962
1970
1985
1967
1958
1931
1927
1916
1908
1907
1911
1918
1907
1901
1890
1897
1877
1885
1880
1881
1899
1886
1911
1928
1936
1943
1969
1972
1965
1959
1923
1891
1859
1817
1770
1716
1669
1635
1605
1570
1547
1521
1521
1510
1490
1487
1491
1489
1486
1487
1506
1531
1537
1545
1563
1585
1585
1605
1598
1600
1581
1558
1549
1518
1494
1467
1449
1442
1424
1440
1450
1461
1479
1512
1542
1586
1601
1632
1671
1695
1705
1714
1723
1722
1713
1705
1722
1726
1720
1714
1711
1703
1702
1694
1698
1692
1699
1711
1733
1758
1757
1782
1814
1826
1865
1905
1931
1973
1981
1987
1999
1998
1991
1979
1981
1963
1951
1943
1931
1926
1918
1908
1917
1923
1923
1945
1967
1969
1983
1984
2003
2027
2066
2106
2142
2171
2212
2253
2260
2281
2328
2350
2320
2317
2373
2391
2326
2336
2377
2366
2294
2300
2334
2311
2252
2240
2252
2232
2203
2205
2219
2237
2231
2221
2252
2237
2206
2197
2204
2186
2156
2165
2159
2164
2163
2166
2176
2179
2182
2182
2220
2236
2230
2249
2292
2305
2287
2323
2392
2408
2352
2373
2465
2476
2406
2420
2495
2497
2423
2435
2496
2485
2419
2403
2474
2456
2387
2386
2464
2470
2405
2416
2508
2518
2460
2456
2537
2550
2489
2492
2559
2554
2471
2468
2565
2556
2476
2477
2553
2526
2446
2400
2433
2342
2258
2214
2176
2120
2088
2043
1987
1942
1893
1838
1797
1765
1732
1718
1691
1671
1663
1677
1662
1671
1698
1734
1770
1812
1868
1914
1949
1992
2021
2053
2081
2100
2108
2127
2148
2158
2171
2181
2219
2214
2199
2205
2209
2215
2176
2144
2152
2117
2089
2061
2048
2019
1997
1986
1971
1951
1933
1926
1910
1897
1890
1883
1874
1859
1857
1866
1856
1867
1892
1904
1913
1930
1945
1971
1989
2014
2028
2036
2029
2019
2017
1993
1971
1955
1928
1922
1887
1875
1849
1825
1782
1752
1725
1705
1693
1668
1671
1658
1647
1636
1653
1649
1654
1664
1679
1691
1692
1698
1710
1716
1723
1719
1742
1748
1743
1751
1766
1773
1766
1769
1768
1761
1749
1731
1718
1708
1682
1682
1683
1672
1648
1648
1637
1636
1628
1620
1630
1611
1590
1574
1574
1551
1527
1520
1530
1540
1552
1568
1600
1622
1640
1654
1695
1719
1736
1751
1795
1810
1819
1849
1873
1903
1919
1931
1961
1984
1987
1994
2013
2006
2012
2003
1999
1994
1980
1970
1957
1951
1931
1931
1904
1886
1867
1845
1825
1815
1791
1779
1768
1768
1766
1755
1772
1775
1773
1795
1812
1833
1843
1855
1874
1878
1890
1893
1901
1912
1924
1929
1923
1920
1907
1872
1845
1812
1762
1722
1693
1663
1633
1632
1626
1625
1635
1637
1663
1691
1710
1722
1758
1782
1791
1806
1834
1862
1879
1905
1935
1972
1995
2014
2033
2024
2048
2054
2061
2076
2083
2102
2137
2152
2177
2206
2198
2218
2249
2262
2241
2236
2278
2292
2262
2268
2311
2330
2295
2308
2373
2370
2326
2333
2390
2388
2337
2351
2409
2420
2375
2375
2456
2468
2385
2405
2486
2482
2407
2398
2457
2423
2355
2351
2405
2391
2333
2321
2374
2360
2302
2297
2328
2306
2270
2262
2271
2256
2213
2208
2212
2208
2191
2184
2179
2173
2137
2121
2097
2088
2073
2071
2069
2071
2073
2079
2067
2048
2037
2010
1973
1939
1909
1867
1843
1819
1813
1800
1801
1826
1842
1866
1881
1896
1915
1927
1937
1962
1979
1995
2015
2027
2044
2056
2049
2030
2008
1968
1928
1894
1865
1837
1802
1773
1743
1707
1669
1622
1591
1545
1508
1480
1468
1444
1435
1433
1448
1459
1462
1491
1531
1562
1598
1625
1657
1697
1722
1750
1795
1830
1875
1913
1963
2010
2042
2084
2122
2150
2190
2213
2219
2231
2272
2284
2261
2273
2321
2317
2281
2282
2333
2323
2276
2270
2274
2244
2193
2172
2138
2112
2071
2032
2002
1983
1944
1910
1846
1801
1754
1714
1686
1646
1639
1625
1619
1620
1627
1617
1603
1608
1619
1628
1634
1648
1655
1670
1685
1685
1700
1686
1682
1663
1649
1634
1613
1585
1575
1556
1545
1535
1548
1538
1541
1542
1533
1538
1539
1550
1552
1582
1613
1659
1688
1749
1781
1817
1862
1890
1908
1908
1915
1901
1876
1863
1851
1815
1790
1777
1753
1730
1704
1669
1648
1621
1591
1561
1551
1543
1516
1514
1528
1534
1545
1562
1601
1628
1662
1695
1733
1740
1757
1758
1783
1791
1795
1790
1792
1785
1779
1773
1767
1750
1726
1706
1686
1655
1634
1621
1593
1585
1558
1553
1551
1545
1540
1567
1601
1605
1623
1643
1659
1693
1698
1731
1754
1785
1805
1838
1870
1897
1930
1949
1976
1997
2021
2036
2050
2059
2079
2082
2090
2096
2089
2114
2101
2108
2124
2119
2117
2119
2107
2113
2104
2109
2098
2090
2071
2070
2065
2052
2032
2033
2031
2026
2044
2047
2061
2070
2075
2078
2092
2112
2114
2117
2142
2150
2131
2148
2168
2172
2166
2166
2186
2181
2157
2138
2142
2117
2093
2079
2071
2076
2060
2066
2066
2063
2062
2054
2062
2057
2055
2069
2064
2063
2057
2053
2059
2054
2061
2054
2052
2065
2083
2087
2112
2145
2149
2167
2195
2215
2203
2239
2302
2326
2304
2332
2425
2449
2388
2418
2489
2511
2454
2446
2531
2554
2478
2493
2566
2589
2488
2514
2592
2608
2520
2538
2621
2618
2541
2576
2650
2642
2563
2565
2664
2652
2570
2501
2572
2350
2267
2205
2217
2205
2198
2213
2247
2277
2274
2320
2413
2440
2405
2421
2508
2529
2456
2483
2562
2591
2511
2539
2601
2627
2528
2532
2638
2651
2575
2606
2663
2671
2579
2606
2677
2666
2588
2285
2269
2142
2125
2128
2136
2140
2143
2172
2215
2259
2267
2299
2378
2405
2353
2389
2474
2478
2410
2402
2490
2456
2361
2285
2254
2152
2077
2030
1977
1924
1872
1824
1766
1735
1705
1683
1678
1674
1697
1717
1743
1777
1807
1852
1889
1930
1972
1999
2021
2038
2050
2058
2061
2051
2034
2013
1981
1943
1903
1842
1781
1716
1676
1631
1590
1577
1574
1577
1586
1606
1643
1664
1690
1741
1782
1854
1896
1942
2001
2035
2060
2102
2110
2129
2145
2148
2140
2138
2124
2103
2086
2066
2060
2033
2011
1978
1954
1926
1891
1868
1855
1842
1844
1852
1856
1860
1874
1884
1877
1884
1892
1882
1880
1855
1856
1848
1845
1865
1883
1894
1904
1919
1937
1952
1953
1971
1999
2021
2043
2055
2078
2087
2097
2096
2104
2127
2144
2162
2172
2177
2197
2212
2199
2216
2231
2243
2220
2248
2288
2293
2257
2273
2311
2282
2244
2231
2251
2216
2176
2145
2131
2078
2042
2012
1990
1960
1946
1925
1893
1872
1844
1834
1792
1771
1764
1757
1744
1721
1738
1729
1716
1692
1686
1665
1636
1620
1608
1592
1576
1566
1571
1567
1576
1580
1608
1625
1649
1675
1711
1739
1750
1782
1815
1835
1861
1884
1902
1915
1928
1939
1955
1962
1958
1980
1980
1989
1988
1989
1989
1982
1971
1951
1944
1922
1902
1878
1851
1842
1811
1789
1776
1758
1729
1725
1700
1672
1629
1588
1557
1515
1475
1452
1441
1448
1438
1443
1452
1441
1436
1422
1422
1403
1363
1348
1327
1297
1264
1239
1239
1227
1222
1219
1219
1229
1204
1193
1177
1167
1136
1124
1118
1118
1105
1105
1108
1119
1113
1112
1133
1139
1129
1142
1137
1126
1113
1112
1109
1098
1085
1080
1107
1116
1124
1153
1196
1213
1237
1280
1314
1342
1357
1389
1436
1468
1509
1545
1613
1654
1696
1723
1759
1788
1802
1814
1824
1825
1824
1835
1847
1847
1839
1842
1842
1840
1841
1828
1837
1819
1802
1783
1777
1763
1754
1746
1748
1724
1699
1668
1649
1613
1579
1551
1557
1548
1568
1571
1587
1615
1633
1658
1678
1705
1720
1737
1765
1789
1811
1844
1882
1918
1938
1957
1965
1979
1952
1907
1865
1800
1736
1682
1635
1589
1561
1545
1553
1546
1539
1560
1574
1620
1636
1651
1679
1687
1695
1721
1761
1791
1813
1844
1863
1876
1874
1864
1850
1827
1817
1790
1786
1780
1769
1756
1746
1739
1726
1733
1752
1750
1742
1721
1707
1701
1691
1692
1704
1731
1738
1780
1794
1806
1812
1824
1852
1872
1903
1915
1946
1985
2006
2035
2066
2103
2134
2173
2171
2185
2203
2190
2173
2187
2207
2197
2181
2178
2195
2174
2148
2158
2171
2163
2132
2118
2097
2061
2048
2035
2030
2029
2027
2017
2035
2047
2052
2041
2035
2048
2062
2083
2118
2149
2142
2175
2202
2224
2219
2230
2278
2293
2257
2248
2277
2290
2227
2225
2250
2217
2189
2177
2164
2133
2085
2051
2022
1993
1959
1923
1905
1882
1859
1837
1808
1794
1783
1753
1718
1702
1672
1636
1602
1570
1548
1514
1466
1446
1403
1350
1299
1238
1202
1134
1064
1005
951
889
833
783
748
714
666
647
648
643
629
632
645
662
673
697
740
760
798
840
873
914
938
967
992
1007
1020
1028
1054
1077
1098
1137
1183
1210
1247
1262
1300
1325
1337
1372
1400
1426
1454
1456
1466
1447
1405
1368
1328
1296
1247
1219
1205
1193
1193
1197
1219
1267
1296
1338
1391
1433
1462
1490
1516
1528
1532
1532
1531
1516
1487
1448
1413
1371
1314
1280
1258
1234
1201
1174
1161
1127
1081
1042
1010
951
898
839
799
752
710
682
668
650
634
614
610
602
594
593
609
612
616
642
680
709
735
777
822
866
909
953
1001
1046
1080
1124
1184
1218
1239
1284
1308
1342
1361
1382
1408
1428
1437
1446
1462
1460
1464
1465
1463
1448
1448
1457
1471
1472
1475
1480
1480
1475
1471
1464
1470
1475
1474
1484
1503
1490
1493
1502
1525
1528
1534
1540
1566
1572
1558
1560
1556
1545
1538
1550
1558
1552
1550
1552
1564
1560
1541
1551
1551
1549
1560
1571
1585
1587
1571
1557
1564
1559
1560
1549
1548
1548
1539
1544
1537
1512
1474
1457
1455
1458
1473
1467
1476
1480
1488
1505
1523
1540
1566
1585
1610
1621
1634
1644
1630
1629
1624
1617
1623
1626
1624
1624
1636
1619
1624
1632
1637
1634
1632
1623
1624
1642
1644
1631
1634
1630
1625
1636
1645
1642
1639
1650
1642
1645
1655
1650
1667
1665
1648
1633
1629
1622
1608
1587
1569
1564
1541
1540
1537
1523
1497
1488
1494
1484
1476
1477
1492
1493
1490
1502
1530
1547
1563
1569
1584
1585
1594
1616
1641
1659
1656
1662
1675
1671
1634
1594
1558
1518
1482
1454
1445
1420
1396
1378
1398
1403
1395
1409
1427
1439
1434
1440
1451
1449
1466
1475
1504
1521
1530
1542
1577
1582
1565
1547
1527
1485
1435
1396
1405
1398
1394
1398
1411
1418
1421
1431
1449
1470
1466
1466
1458
1431
1413
1406
1404
1404
1396
1397
1396
1405
1398
1385
1393
1390
1385
1395
1396
1400
1405
1402
1410
1399
1400
1400
1422
1443
1447
1457
1453
1444
1423
1422
1424
1417
1411
1395
1387
1357
1318
1306
1310
1294
1291
1315
1332
1356
1365
1378
1392
1392
1388
1397
1397
1388
1374
1384
1388
1393
1388
1403
1423
1428
1426
1428
1453
1445
1445
1442
1439
1428
1399
1391
1391
1373
1378
1377
1386
1403
1416
1421
1431
1437
1434
1417
1421
1400
1390
1369
1358
1349
1331
1305
1297
1280
1256
1231
1219
1195
1160
1134
1117
1097
1074
1062
1061
1045
1049
1042
1046
1042
1042
1042
1057
1058
1046
1068
1083
1094
1093
1111
1143
1156
1146
1146
1145
1152
1145
1141
1137
1126
1106
1092
1094
1079
1057
1043
1038
1032
1024
1011
1018
1025
1017
1022
1041
1049
1033
1048
1077
1078
1076
1083
1084
1090
1079
1074
1084
1079
1059
1057
1056
1046
1042
1036
1033
1038
1018
1014
1012
1009
994
991
982
975
954
942
943
932
909
900
892
893
881
881
880
879
870
869
878
871
871
875
886
888
881
884
896
909
898
896
896
883
865
863
862
852
843
834
833
832
818
811
807
798
784
780
788
782
769
767
781
775
772
776
778
781
779
780
768
760
752
743
748
747
730
718
728
727
715
712
715
710
693
700
700
697
692
685
697
699
699
697
703
700
688
685
700
697
701
707
717
716
708
701
717
709
702
699
706
697
689
694
691
678
666
655
652
642
626
621
623
610
597
604
603
604
595
593
594
583
575
576
577
571
573
579
588
585
590
583
579
585
579
581
579
585
575
576
580
581
573
568
572
571
553
556
560
555
546
549
551
550
545
540
541
530
529
538
551
549
548
553
557
559
551
555
566
559
562
558
556
544
530
527
539
528
520
518
521
512
494
492
500
491
484
487
493
492
485
489
500
507
501
510
515
507
500
496
494
504
504
522
530
537
531
535
545
542
541
540
547
538
535
532
538
536
528
524
531
529
518
517
512
516
503
484
484
471
461
457
465
470
460
453
456
440
427
418
414
399
388
383
382
373
366
364
375
378
376
383
394
397
388
397
400
400
401
400
401
416
415
419
427
432
433
442
450
457
452
453
460
454
444
445
447
446
436
444
443
452
449
448
451
455
452
447
461
464
466
467
482
487
491
496
490
252
-7
-5
-5
-6
-5
-7
-5
-6
400
407
-5
-6
-5
-5
-5

