;UFOS3
;Measurement details: channel = D, date = 12.09.2015, time = 09:12:49
Exposure=340
Gain=0
Temperature=31.7
Accummulate=4
1.781241111243242 mu
1.7943120901462388 amas
33.887 hs
0 ozone
28569 uva
11797 uvb
9719 uve
[Value]
-9
275
275
275
276
276
275
276
295
291
351
350
289
290
358
360
297
296
353
369
290
299
376
362
296
294
391
382
301
300
385
364
302
299
369
363
297
295
368
376
296
296
364
368
293
301
387
384
305
302
377
377
295
299
390
384
292
296
382
389
296
305
375
395
303
297
387
365
297
298
360
386
297
306
368
375
293
298
371
370
300
301
395
374
294
298
373
381
297
299
375
387
294
298
377
367
297
296
368
388
300
297
368
381
296
306
392
376
296
300
387
366
298
302
372
384
299
294
369
375
291
298
381
383
295
303
372
363
292
302
382
391
293
298
369
385
293
298
373
372
298
292
385
390
295
302
376
394
295
303
395
387
296
296
380
374
294
299
384
383
297
298
375
371
302
305
379
390
296
299
372
401
295
303
365
388
294
299
380
377
295
300
401
377
300
302
360
369
299
297
374
389
295
302
377
380
299
296
369
383
298
297
368
372
296
298
368
378
294
301
368
369
300
299
383
381
296
295
373
383
296
301
368
390
294
298
376
373
299
301
382
370
299
300
367
380
307
300
393
369
294
295
362
380
294
299
380
376
298
293
379
374
300
301
365
379
297
305
415
372
297
298
383
368
295
295
392
372
292
297
371
367
291
303
375
376
302
290
379
376
299
301
386
378
298
295
391
371
302
296
379
374
295
299
377
369
290
300
380
375
289
294
379
375
297
301
388
381
302
300
375
380
295
297
387
362
306
301
386
367
299
299
382
392
292
295
390
387
301
297
366
374
295
292
382
369
296
293
375
366
293
302
373
387
298
306
372
392
296
304
384
380
299
297
362
371
301
300
368
369
297
301
373
366
295
302
361
377
297
292
383
382
299
302
372
373
298
303
384
382
295
298
371
369
299
301
380
383
298
302
392
370
295
295
374
386
302
303
387
382
298
296
379
391
301
304
385
373
293
306
384
376
300
306
382
385
302
296
376
382
295
299
373
384
298
294
356
378
291
299
379
380
293
294
367
390
295
301
375
378
299
296
386
373
296
296
376
392
295
303
383
405
295
297
373
373
295
302
381
380
298
297
372
370
293
294
386
362
296
295
363
375
300
300
375
373
301
301
367
375
296
294
369
389
288
300
380
384
292
311
383
375
294
304
366
367
298
292
365
381
298
296
381
371
292
296
358
387
291
304
387
390
295
297
373
386
298
298
380
382
295
298
377
385
296
300
373
382
301
297
382
377
297
302
375
371
297
302
381
372
306
299
369
370
296
299
377
392
294
297
369
367
300
298
370
365
295
298
390
374
309
301
383
404
296
302
368
384
302
300
386
380
295
301
379
367
297
297
379
386
296
297
381
389
298
299
377
377
296
302
363
379
297
304
367
386
291
300
373
381
292
302
370
362
304
303
378
383
291
297
389
381
300
299
379
378
301
301
378
369
299
309
393
380
303
297
375
390
307
304
389
366
289
296
367
370
294
296
375
396
296
306
378
379
293
298
362
378
302
303
393
380
299
306
386
377
299
295
379
387
290
300
386
375
292
303
388
386
301
304
377
370
291
300
370
373
289
300
382
381
300
301
388
369
294
298
388
397
302
303
374
363
299
299
374
372
304
305
365
382
299
298
394
381
294
299
369
377
297
302
395
365
300
298
358
380
293
300
378
383
296
297
378
373
297
299
365
364
293
306
384
384
296
307
391
361
295
299
363
369
300
292
375
375
294
296
374
373
296
300
378
372
294
301
373
381
299
303
377
380
306
296
376
376
299
300
369
376
298
296
406
370
297
306
373
376
302
302
381
374
296
302
396
383
303
303
368
368
294
301
392
382
294
303
377
371
294
300
375
376
297
298
384
389
297
296
382
373
297
299
387
383
297
301
363
355
294
295
380
370
296
303
378
364
296
299
377
385
298
296
383
383
294
303
372
374
301
298
369
362
303
292
369
388
296
296
388
367
300
303
381
375
290
295
374
379
301
303
393
383
293
299
362
390
293
303
403
383
300
296
380
386
298
303
380
370
292
298
401
371
296
303
386
377
297
307
378
377
300
298
375
372
306
299
394
369
298
303
378
375
295
305
371
383
307
299
397
376
291
301
384
376
303
305
371
369
293
300
371
386
293
304
366
370
301
298
368
399
299
301
385
376
296
298
388
372
305
298
368
382
293
298
373
380
305
299
372
366
302
302
390
380
300
292
384
368
301
294
394
381
291
298
374
376
298
306
389
383
310
308
363
383
288
301
366
377
297
300
380
374
295
303
381
367
294
292
371
386
297
309
381
386
296
340
376
384
293
297
369
374
296
294
374
376
294
297
359
375
294
301
381
380
299
292
378
378
297
299
377
385
298
299
388
380
298
302
401
379
294
306
372
378
296
302
367
367
304
300
372
393
295
301
373
377
295
306
385
376
295
298
371
396
293
294
385
367
297
293
385
372
293
303
385
374
299
301
370
392
295
301
370
377
299
303
371
384
297
297
373
375
299
299
381
365
294
304
383
374
298
297
387
380
293
296
381
393
301
295
385
374
291
302
368
383
298
298
373
389
300
296
388
373
293
296
367
390
301
297
387
390
293
307
375
376
298
297
377
373
296
303
371
378
299
304
365
369
293
293
389
376
298
298
368
414
297
299
386
365
303
296
377
381
300
302
376
384
294
302
372
397
294
303
366
370
296
303
376
371
292
298
378
372
302
295
372
389
289
297
353
376
295
299
378
370
295
304
376
369
301
298
367
367
292
300
376
379
295
306
372
379
299
296
383
371
300
295
376
391
300
292
388
360
302
298
385
385
300
299
373
381
296
302
368
386
297
305
383
382
305
293
377
383
294
298
388
389
296
298
376
383
293
309
391
364
296
303
374
390
293
300
378
402
296
299
376
375
299
297
368
391
301
299
387
370
295
299
381
374
295
296
372
377
298
299
391
388
296
306
380
367
292
293
380
369
302
298
378
376
296
302
380
371
298
304
384
395
299
302
380
378
293
305
376
371
296
296
368
386
299
301
386
375
300
297
390
380
294
297
385
378
296
294
387
380
297
305
374
390
296
302
400
380
294
312
369
376
295
301
387
365
295
297
393
382
300
299
382
377
294
299
370
381
298
300
352
372
295
300
374
388
293
306
375
395
292
296
367
363
294
296
389
386
296
298
388
376
313
299
383
384
294
295
372
388
295
304
388
373
299
305
387
371
294
293
382
381
299
302
359
385
300
295
380
373
295
305
372
377
297
306
371
380
293
303
374
382
293
296
371
385
302
296
384
375
294
302
389
370
301
301
394
383
297
306
353
386
297
307
378
391
300
300
374
383
292
298
371
379
299
300
380
369
299
302
378
367
301
308
380
377
294
306
367
382
304
299
373
382
301
307
380
377
295
296
364
371
299
303
399
390
295
302
392
374
296
297
371
381
296
299
384
378
296
308
365
380
297
303
375
387
294
306
373
397
298
299
378
390
295
302
389
393
295
305
380
389
291
295
391
373
297
300
388
375
298
298
371
376
295
307
365
373
298
301
366
388
301
302
379
366
296
302
386
379
298
306
369
378
295
305
375
375
301
305
371
377
293
299
372
389
294
298
385
382
294
300
399
381
296
297
394
375
295
300
381
399
294
301
369
384
296
299
378
380
299
303
380
365
297
297
388
397
298
302
376
404
295
303
380
372
298
310
392
379
295
295
390
386
294
296
371
372
296
297
377
369
300
307
380
385
298
299
376
380
292
299
378
382
297
300
365
381
304
299
362
364
297
300
386
390
290
302
382
379
295
296
377
378
296
305
381
368
290
304
377
380
297
296
366
377
289
298
385
383
300
299
382
363
294
303
375
370
294
303
373
375
297
297
385
391
296
302
382
382
296
303
390
382
295
297
385
369
312
304
387
386
295
296
368
371
301
296
384
377
294
298
376
363
303
304
375
379
398
307
384
384
291
308
381
381
300
305
377
369
293
297
383
382
291
296
379
380
297
303
376
378
300
310
372
381
299
298
388
386
293
301
381
377
301
298
393
364
302
303
380
376
297
307
376
390
294
308
381
388
293
302
375
382
294
302
391
383
294
302
383
377
299
295
386
374
300
301
382
378
294
298
388
385
300
299
374
381
299
298
376
378
305
302
373
376
296
299
383
374
299
304
380
375
296
297
379
386
300
299
387
386
294
301
383
374
296
305
376
370
293
301
370
383
299
308
370
371
293
297
366
387
295
302
385
381
301
297
372
394
299
293
393
372
290
300
380
376
302
299
366
386
293
307
395
369
298
301
386
392
293
300
392
379
299
308
388
374
294
303
382
383
290
297
410
379
297
296
374
382
295
301
371
376
304
302
373
377
300
298
380
367
297
300
368
366
297
300
380
374
294
296
377
393
305
299
374
383
299
300
374
392
295
304
373
372
297
297
374
369
298
303
361
383
293
300
390
384
296
298
380
372
300
306
388
381
302
300
376
390
294
305
381
376
296
303
378
376
297
300
380
366
301
301
385
378
302
301
364
385
294
300
381
387
294
295
383
365
294
301
391
380
300
300
383
381
292
302
365
383
301
296
384
371
304
304
381
388
297
293
370
385
298
296
374
387
297
301
378
376
297
301
377
381
303
304
386
398
300
301
372
406
302
295
378
371
294
297
391
381
307
305
379
376
291
304
383
360
299
302
382
372
303
300
381
362
299
303
390
384
290
296
377
359
295
299
383
377
299
299
396
380
294
297
373
361
294
302
377
368
297
301
417
376
299
297
371
368
298
295
380
366
296
300
389
375
301
298
388
400
298
305
385
377
298
302
380
390
293
302
367
368
294
295
349
375
303
295
398
400
298
298
389
397
291
302
383
385
296
298
382
378
295
299
387
378
299
299
400
379
295
299
376
381
298
304
404
383
291
302
376
375
291
304
382
371
293
300
379
374
301
299
367
384
292
305
379
381
296
296
378
373
295
301
376
391
295
302
374
383
297
300
392
395
300
301
389
369
303
299
377
391
296
308
383
370
303
309
364
374
294
297
385
381
294
307
377
373
290
302
389
379
299
302
389
378
295
304
393
385
301
302
376
385
292
290
382
383
298
304
385
385
305
297
381
381
305
302
371
387
294
306
385
365
299
312
377
383
291
299
376
385
293
296
374
394
296
297
402
380
358
305
391
388
298
297
363
399
292
301
379
374
294
301
388
387
291
297
373
380
295
300
385
381
293
294
397
372
292
296
382
386
299
299
385
373
296
293
394
388
295
305
384
374
292
304
386
381
291
296
372
367
302
301
360
389
304
303
375
377
299
297
394
382
304
299
388
381
295
310
388
361
289
306
385
389
290
299
384
394
297
304
393
368
293
303
375
361
295
302
394
372
293
303
355
372
295
302
379
379
297
295
371
368
300
299
388
408
294
301
369
360
293
306
390
382
298
302
360
374
302
300
389
382
294
309
378
364
299
298
372
379
291
301
383
367
298
300
381
390
296
296
378
377
296
299
390
384
301
307
393
373
304
297
384
373
303
305
391
374
288
301
381
379
301
306
390
365
300
301
398
367
295
295
367
374
292
299
388
408
290
295
399
371
304
300
381
374
297
299
390
377
290
302
368
389
300
304
384
375
291
304
369
376
294
301
389
372
299
313
374
391
291
296
404
391
298
300
378
366
296
304
380
373
295
298
388
378
298
302
370
398
296
302
386
370
298
298
382
389
292
302
389
386
300
296
382
375
293
298
362
379
306
307
388
373
307
311
374
385
300
301
373
366
295
305
390
376
293
300
391
370
292
301
382
376
294
298
401
363
295
303
393
382
297
298
375
381
295
300
403
389
299
297
366
383
290
303
404
375
295
301
373
370
294
303
380
366
299
302
384
366
302
302
399
381
296
298
387
389
354
298
380
364
296
294
389
375
298
300
381
364
294
299
385
380
296
297
391
370
295
299
379
381
298
301
397
367
301
306
374
370
298
291
378
381
298
302
387
360
300
301
380
361
294
305
380
372
295
305
375
377
300
299
378
381
300
292
403
366
300
307
380
372
296
301
390
377
299
297
372
378
291
305
374
375
306
299
362
367
298
299
376
349
293
299
388
361
296
301
384
375
293
300
391
362
303
298
377
364
296
301
388
381
294
301
381
368
294
299
375
370
295
297
386
366
296
302
382
388
296
298
393
389
306
298
376
374
295
298
377
376
299
301
388
380
293
299
377
367
295
306
381
380
294
306
381
364
294
303
383
374
301
298
380
376
298
300
369
381
299
298
383
388
295
298
390
372
296
296
383
387
292
307
370
376
294
299
402
377
297
295
380
377
293
296
395
388
297
308
377
373
293
306
387
375
306
303
386
390
296
295
388
376
300
306
390
380
307
305
392
392
299
293
366
385
299
302
376
390
297
303
394
374
292
300
404
371
297
305
385
371
294
297
394
367
304
296
390
367
297
293
398
379
294
299
392
377
297
295
393
367
298
301
371
388
304
308
391
362
298
296
388
364
300
300
387
377
291
295
409
375
302
303
374
383
299
297
363
394
301
290
401
383
290
300
406
373
297
300
376
390
301
299
377
365
305
300
382
368
299
300
374
371
298
299
383
359
304
299
388
377
300
297
383
397
301
299
372
395
296
295
388
372
298
296
386
360
302
306
380
394
294
305
373
376
298
304
397
371
299
303
381
375
294
297
424
374
302
305
373
377
310
297
398
392
300
303
387
380
303
306
388
387
302
303
385
375
294
300
376
376
291
301
383
363
296
304
368
389
297
300
377
381
293
293
381
388
296
304
376
378
296
302
381
392
301
300
389
392
297
305
381
373
296
300
391
380
301
305
375
383
294
295
386
388
300
303
387
384
303
301
392
378
304
298
396
381
300
300
404
392
304
304
390
412
299
300
379
379
295
305
389
374
305
304
378
373
302
300
384
395
307
302
389
385
296
299
379
379
300
300
386
383
295
303
379
372
297
298
385
386
305
295
382
367
295
307
388
372
295
305
391
376
297
304
371
389
297
300
371
378
304
301
382
379
304
306
384
410
299
300
376
389
296
300
388
388
295
297
380
376
297
299
386
372
296
300
376
378
298
301
382
383
301
298
393
379
299
298
402
373
300
305
388
362
303
309
391
385
295
301
406
365
299
296
369
379
306
305
390
373
299
299
379
382
293
307
396
377
299
308
396
375
303
297
393
378
297
309
385
361
298
310
397
376
299
306
404
380
300
311
376
378
298
306
390
394
295
307
359
397
297
298
415
366
299
313
399
365
301
295
377
386
295
304
400
392
303
300
405
386
293
302
387
394
304
297
401
363
303
302
378
383
309
304
401
388
297
298
393
380
305
298
391
389
301
298
400
390
302
300
385
374
299
295
383
381
293
298
393
381
293
301
394
371
309
302
371
376
300
300
381
380
294
305
379
372
295
297
374
393
296
299
403
389
300
302
389
387
299
301
384
390
300
305
384
377
306
303
391
374
296
296
387
379
299
299
390
387
298
306
397
386
295
301
394
386
304
301
387
367
304
295
387
364
298
299
376
379
298
301
391
385
297
310
386
370
304
301
388
377
292
303
401
376
298
302
383
382
303
300
411
365
295
301
381
377
300
308
395
373
296
304
382
387
300
304
384
383
303
304
373
404
299
302
387
377
306
305
385
377
292
304
379
373
297
306
379
394
298
296
383
371
295
300
392
369
296
303
384
370
293
303
388
372
293
301
382
368
301
304
378
380
301
299
387
392
299
298
380
389
298
298
376
399
305
303
387
381
299
295
402
391
303
306
388
385
295
300
390
371
298
301
391
369
300
310
374
398
310
299
383
373
300
299
391
378
303
294
384
381
305
303
387
370
299
297
409
376
297
298
374
372
295
303
379
383
301
296
393
384
297
303
381
381
296
300
399
387
307
304
394
386
295
299
383
385
305
299
397
385
300
296
385
380
298
307
399
391
292
303
389
389
298
302
401
394
296
305
387
385
302
308
395
373
296
295
383
364
295
301
391
367
295
304
405
386
303
305
393
368
299
303
371
416
297
305
393
372
306
299
388
373
298
302
404
377
296
303
394
374
307
301
384
380
294
308
390
384
298
300
428
385
295
299
381
366
298
302
389
381
293
296
387
376
299
305
386
385
299
305
386
395
301
300
388
377
296
301
373
376
307
303
393
373
298
299
392
384
296
299
388
377
305
302
398
381
295
295
393
385
305
296
380
360
303
307
385
363
299
303
396
396
300
308
389
388
298
304
365
374
302
304
376
387
295
297
386
378
300
299
390
389
298
310
405
380
300
293
390
386
300
303
409
370
300
298
397
368
302
300
405
386
300
296
388
392
294
302
387
387
301
300
393
386
305
303
378
408
301
301
385
380
299
298
384
387
301
299
376
380
295
296
381
380
302
298
398
376
298
306
386
380
297
295
383
387
301
300
389
385
277
276
276
275
275
277
274
277
293
302
274
276
275
-9
-9

