;UFOS3
;Measurement details: channel = S, date = 12.09.2015, time = 09:38:11
Exposure=201
Gain=0
Temperature=32.4
Accummulate=4
1.7604906120951271 mu
1.7729141887026592 amas
34.351 hs
212 ozone
148024 uva
13628 uvb
9966 uve
[Value]
-4
285
284
285
284
285
284
283
297
294
329
327
291
292
336
335
296
296
334
343
294
305
358
346
304
305
364
361
309
308
364
346
312
307
351
347
307
303
352
357
306
306
348
350
306
307
365
359
312
311
357
355
303
307
365
361
304
306
362
366
305
313
355
370
309
306
364
349
308
307
346
362
309
312
352
354
304
307
352
352
310
310
369
357
304
306
354
359
308
310
353
362
303
306
359
352
308
306
352
364
309
308
350
359
306
312
366
357
306
309
363
347
310
309
355
362
309
304
350
355
301
306
357
358
306
312
354
346
303
312
362
365
303
309
356
362
304
305
356
354
310
304
365
366
306
310
357
369
304
312
370
363
306
307
359
355
306
306
360
360
306
309
356
352
314
312
358
364
306
307
354
372
305
310
351
361
307
309
358
359
307
309
376
356
310
309
345
349
310
310
355
364
306
311
360
358
308
306
352
360
307
308
354
353
304
308
351
359
306
311
351
353
308
309
362
359
308
306
354
360
306
309
352
362
305
307
356
356
308
309
359
350
310
310
348
358
313
307
364
351
307
303
349
359
305
310
359
358
308
303
355
356
309
306
351
359
309
310
386
353
304
306
363
350
305
304
366
351
305
307
354
348
304
310
355
356
306
304
359
355
308
310
361
356
311
307
366
354
311
304
357
353
307
308
355
350
306
308
358
356
302
306
359
354
307
308
365
358
311
307
355
357
305
309
366
348
313
308
362
350
309
307
360
364
306
305
363
362
310
305
350
356
307
307
362
352
308
304
355
350
303
311
356
363
308
312
357
365
305
312
360
360
310
310
346
353
308
308
354
350
305
309
355
351
306
311
347
355
307
305
362
359
308
309
353
353
308
311
362
358
304
306
353
352
309
309
358
360
306
309
369
352
306
306
355
362
311
310
365
362
309
305
360
367
310
312
361
355
303
311
358
355
310
313
362
362
312
305
356
358
307
309
353
362
308
305
345
358
305
307
358
358
304
304
352
365
306
309
357
355
310
306
364
357
307
307
358
363
305
309
360
377
305
306
355
355
307
311
358
357
307
306
352
351
305
304
363
348
306
305
350
357
308
310
357
354
312
311
353
356
308
306
352
365
303
310
356
360
306
315
362
356
304
311
354
352
310
304
350
359
310
307
358
354
305
308
347
364
304
312
362
365
308
307
356
361
308
307
361
362
308
309
360
364
309
311
355
362
312
310
361
358
308
313
358
356
309
311
361
356
317
308
354
354
311
310
359
368
307
309
354
353
312
310
355
352
309
311
368
357
318
312
362
376
310
314
354
365
314
312
364
361
311
313
360
354
313
309
363
365
311
312
363
368
311
310
361
361
312
315
352
364
308
315
355
366
309
314
361
364
307
316
359
353
317
314
363
366
310
315
371
364
316
315
365
364
316
316
364
359
316
319
372
366
318
313
364
371
322
319
370
354
310
313
357
359
312
315
366
380
315
321
372
369
316
320
362
368
325
325
383
376
325
327
378
373
324
322
376
380
321
327
383
373
322
328
385
382
329
331
377
371
324
329
372
376
322
330
383
382
327
332
386
374
327
331
389
394
335
337
384
375
333
335
383
385
342
344
378
393
343
341
404
397
347
348
395
401
349
354
413
396
355
356
393
404
353
355
404
403
352
352
402
398
350
353
395
396
348
361
409
410
356
361
419
398
357
360
401
405
368
360
412
414
365
367
420
422
371
377
427
421
374
382
430
438
388
392
442
447
399
395
451
449
407
406
451
454
406
407
476
455
412
418
461
462
415
415
466
462
410
417
480
467
421
422
466
465
419
425
485
479
420
429
472
469
424
429
478
476
424
425
480
478
418
419
471
461
414
419
474
470
419
419
460
455
416
419
478
469
423
427
477
469
428
427
473
483
428
427
484
483
428
436
485
491
442
446
497
493
459
457
511
527
479
483
548
545
500
508
563
559
506
511
564
567
519
519
580
569
516
516
559
577
507
516
576
563
509
507
561
564
503
506
556
547
496
500
565
544
500
503
561
555
505
511
559
556
511
512
566
565
524
523
589
571
527
536
586
588
534
546
588
590
542
536
600
581
524
534
590
587
542
535
582
579
536
540
594
602
550
559
604
609
571
570
624
649
590
591
650
646
591
593
647
633
588
586
630
638
577
575
626
633
584
586
637
631
593
596
662
656
610
616
685
676
638
644
713
705
650
656
708
707
657
658
709
695
640
635
668
675
608
612
649
652
594
597
645
639
592
598
655
648
606
609
670
687
639
654
714
731
687
714
759
766
718
729
786
797
756
769
831
841
794
805
852
870
830
841
897
905
853
860
920
925
876
877
932
939
877
872
926
910
838
841
891
867
803
801
845
833
780
778
824
816
774
771
823
838
776
790
851
864
816
845
918
923
886
904
966
986
927
926
990
975
916
917
980
963
903
907
956
944
889
888
921
940
868
863
910
915
865
863
914
926
881
889
948
955
913
919
981
978
948
956
1023
1022
983
991
1065
1059
1000
1013
1076
1084
1026
1025
1084
1081
1008
1015
1045
1051
985
974
1010
1011
936
920
974
948
891
882
920
930
871
866
924
925
868
886
934
940
894
893
960
959
908
911
963
964
910
917
961
968
905
898
959
944
884
877
910
936
846
834
888
862
808
799
851
851
794
800
854
861
799
806
852
872
807
819
861
874
827
844
898
900
855
866
929
936
891
889
944
962
904
910
952
976
926
933
994
995
949
968
1017
1016
984
991
1043
1043
996
993
1045
1046
981
992
1033
1029
968
963
1017
1011
958
952
1012
1012
955
944
1014
994
962
968
1035
1052
1009
1024
1090
1113
1071
1097
1166
1194
1144
1175
1245
1259
1223
1226
1292
1319
1266
1280
1354
1349
1288
1290
1340
1355
1301
1318
1378
1360
1319
1325
1380
1401
1336
1343
1399
1424
1355
1350
1402
1403
1351
1351
1407
1426
1371
1379
1435
1428
1372
1374
1427
1418
1361
1358
1417
1419
1365
1353
1430
1428
1366
1367
1415
1409
1355
1353
1412
1396
1349
1352
1411
1409
1363
1365
1422
1422
1364
1375
1424
1440
1384
1396
1458
1470
1432
1445
1516
1532
1499
1510
1577
1597
1560
1585
1656
1673
1653
1676
1759
1768
1731
1750
1841
1846
1794
1796
1866
1863
1819
1835
1902
1923
1863
1876
1932
1912
1853
1860
1898
1898
1826
1823
1868
1833
1767
1751
1796
1777
1700
1691
1735
1713
1640
1630
1665
1675
1610
1610
1653
1660
1619
1620
1670
1682
1622
1627
1677
1692
1629
1633
1693
1687
1640
1649
1707
1711
1651
1652
1722
1708
1672
1670
1730
1725
1658
1665
1710
1728
1649
1658
1715
1700
1649
1655
1703
1688
1635
1630
1675
1665
1602
1594
1615
1619
1561
1549
1605
1595
1543
1545
1606
1618
1558
1574
1612
1609
1539
1539
1580
1578
1501
1495
1538
1528
1480
1466
1528
1508
1445
1442
1496
1480
1417
1410
1464
1466
1400
1404
1450
1476
1428
1450
1519
1536
1486
1500
1552
1573
1516
1517
1557
1560
1504
1491
1549
1528
1485
1480
1533
1527
1483
1483
1532
1526
1468
1477
1521
1533
1479
1484
1542
1556
1511
1526
1582
1588
1535
1526
1551
1546
1471
1432
1473
1439
1347
1330
1372
1334
1274
1260
1307
1301
1235
1235
1291
1284
1234
1243
1291
1312
1263
1279
1338
1355
1292
1308
1345
1352
1273
1265
1302
1301
1227
1215
1259
1257
1189
1198
1257
1277
1227
1256
1337
1340
1323
1347
1427
1432
1390
1401
1459
1466
1420
1432
1479
1493
1442
1446
1499
1502
1442
1433
1498
1484
1430
1444
1513
1521
1468
1481
1546
1558
1527
1562
1627
1641
1601
1615
1670
1665
1603
1609
1658
1659
1582
1591
1636
1628
1565
1569
1640
1638
1584
1594
1663
1665
1614
1639
1708
1735
1688
1714
1796
1833
1802
1822
1899
1922
1888
1890
1949
1957
1908
1906
1979
1976
1912
1904
1953
1960
1874
1873
1908
1887
1835
1830
1884
1883
1825
1826
1903
1893
1827
1831
1873
1861
1807
1783
1840
1829
1781
1786
1845
1843
1803
1806
1863
1869
1823
1841
1914
1921
1893
1904
1965
1999
1967
1977
2043
2050
2018
2030
2094
2102
2048
2050
2097
2101
2042
2033
2079
2075
2004
2021
2077
2076
2033
2048
2110
2128
2080
2092
2137
2146
2077
2087
2143
2143
2089
2086
2149
2130
2079
2080
2123
2097
2038
2026
2054
2025
1944
1910
1936
1916
1823
1807
1834
1804
1712
1675
1707
1660
1569
1548
1586
1554
1507
1500
1545
1547
1486
1502
1571
1597
1585
1608
1709
1741
1722
1746
1825
1835
1822
1835
1888
1898
1944
1888
1960
1970
1909
1934
1988
1991
1929
1920
1963
1939
1881
1859
1904
1882
1793
1778
1823
1794
1724
1712
1745
1733
1661
1669
1699
1704
1636
1632
1691
1693
1634
1655
1712
1729
1693
1707
1797
1781
1760
1781
1845
1852
1795
1793
1833
1843
1766
1759
1811
1800
1723
1711
1755
1722
1640
1629
1671
1653
1571
1559
1605
1588
1526
1526
1583
1574
1529
1531
1587
1601
1549
1557
1621
1622
1570
1579
1640
1654
1602
1606
1672
1667
1615
1615
1663
1665
1599
1587
1636
1613
1559
1562
1603
1595
1531
1526
1575
1581
1518
1510
1566
1556
1481
1476
1522
1507
1443
1445
1499
1508
1467
1486
1548
1573
1536
1560
1621
1643
1608
1633
1696
1732
1689
1706
1782
1802
1770
1783
1854
1887
1820
1826
1903
1896
1827
1842
1886
1883
1827
1814
1857
1851
1781
1779
1822
1794
1725
1703
1746
1730
1650
1650
1709
1685
1626
1638
1690
1685
1644
1660
1732
1750
1693
1709
1804
1797
1750
1738
1800
1809
1746
1747
1786
1786
1728
1706
1733
1704
1635
1607
1647
1622
1555
1548
1599
1601
1565
1577
1650
1663
1622
1646
1720
1740
1703
1728
1800
1828
1801
1833
1918
1957
1914
1938
1995
2011
1967
1974
2041
2040
2006
2027
2073
2105
2052
2062
2148
2155
2092
2096
2172
2167
2128
2137
2201
2199
2164
2162
2226
2248
2187
2207
2254
2252
2219
2220
2263
2267
2201
2198
2241
2224
2159
2136
2176
2162
2094
2096
2131
2146
2075
2087
2139
2148
2099
2110
2171
2177
2139
2149
2213
2209
2156
2164
2217
2222
2169
2181
2239
2262
2223
2249
2321
2318
2274
2264
2303
2288
2217
2192
2230
2215
2144
2136
2167
2166
2069
2039
2063
2028
1939
1906
1916
1896
1819
1800
1850
1853
1797
1806
1866
1906
1854
1870
1941
1945
1909
1925
2007
2009
1976
1992
2049
2036
1975
1971
1988
1962
1873
1852
1888
1859
1786
1755
1774
1734
1656
1632
1659
1621
1527
1506
1557
1526
1483
1486
1542
1551
1525
1540
1635
1664
1634
1670
1750
1767
1745
1793
1870
1903
1879
1940
2045
2049
2042
2078
2149
2180
2152
2177
2246
2248
2217
2224
2290
2281
2247
2249
2317
2322
2256
2260
2291
2290
2221
2213
2230
2216
2132
2086
2104
2066
1997
1960
1963
1947
1864
1819
1853
1816
1726
1710
1762
1758
1677
1690
1740
1737
1680
1682
1737
1748
1702
1711
1772
1780
1748
1751
1825
1817
1753
1742
1781
1769
1697
1692
1742
1710
1646
1642
1684
1688
1635
1639
1692
1681
1633
1641
1717
1726
1699
1732
1826
1868
1846
1894
1962
1988
1961
1965
2036
2003
1944
1930
1959
1944
1874
1855
1877
1861
1782
1761
1801
1781
1690
1671
1714
1683
1630
1622
1676
1704
1649
1675
1757
1770
1757
1782
1852
1870
1839
1855
1915
1921
1859
1859
1905
1896
1839
1838
1888
1868
1798
1781
1827
1798
1722
1704
1749
1732
1660
1660
1701
1714
1655
1673
1743
1759
1723
1745
1826
1838
1810
1827
1917
1937
1906
1943
2011
2054
2020
2054
2119
2126
2109
2127
2191
2211
2155
2173
2232
2241
2178
2188
2235
2252
2192
2186
2254
2250
2246
2205
2262
2253
2195
2184
2216
2239
2159
2152
2201
2189
2141
2141
2216
2216
2157
2176
2236
2246
2195
2209
2275
2288
2242
2239
2311
2291
2251
2249
2300
2298
2225
2219
2257
2227
2155
2155
2200
2192
2124
2138
2184
2185
2138
2146
2210
2208
2167
2179
2236
2242
2187
2190
2225
2244
2195
2203
2249
2256
2238
2244
2321
2331
2311
2324
2400
2407
2371
2399
2475
2484
2446
2493
2555
2585
2549
2591
2628
2657
2637
2646
2687
2695
2696
2701
2724
2727
2732
2737
2762
2769
2777
2778
2790
2793
2791
2781
2778
2759
2736
2685
2675
2630
2566
2516
2524
2504
2409
2374
2401
2381
2331
2337
2405
2410
2385
2424
2505
2548
2561
2622
2680
2719
2732
2764
2781
2807
2818
2842
2846
2868
2870
2891
2888
2910
2906
2926
2917
2924
2913
2785
2726
2516
2426
2359
2402
2379
2311
2307
2360
2346
2303
2301
2373
2391
2387
2420
2518
2541
2532
2565
2626
2650
2631
2641
2662
2638
2583
2532
2529
2447
2353
2293
2278
2246
2144
2096
2110
2076
1959
1930
1974
1938
1893
1895
1959
1970
1956
1988
2077
2106
2083
2122
2194
2244
2203
2223
2289
2266
2223
2230
2263
2230
2153
2121
2122
2074
1960
1912
1908
1878
1787
1773
1844
1827
1778
1803
1873
1890
1887
1939
2044
2093
2088
2148
2257
2284
2253
2289
2360
2396
2326
2345
2381
2365
2318
2289
2340
2315
2244
2230
2248
2222
2136
2100
2138
2112
2039
2022
2082
2085
2042
2042
2098
2090
2063
2066
2102
2121
2049
2044
2093
2080
2045
2059
2128
2146
2109
2115
2193
2200
2158
2173
2253
2263
2238
2258
2351
2324
2298
2305
2383
2383
2361
2371
2446
2448
2422
2434
2494
2488
2449
2456
2503
2525
2493
2500
2546
2539
2497
2484
2511
2492
2421
2411
2423
2390
2326
2291
2313
2263
2205
2173
2211
2184
2103
2078
2120
2094
2038
1987
2041
2002
1953
1944
1995
1976
1916
1894
1940
1904
1846
1829
1880
1851
1793
1786
1848
1833
1797
1804
1873
1902
1868
1894
1992
1997
1975
2013
2079
2080
2055
2088
2160
2175
2141
2155
2218
2212
2187
2189
2248
2249
2201
2204
2254
2230
2165
2164
2186
2172
2109
2077
2107
2083
2014
1993
2044
2008
1934
1917
1943
1912
1823
1789
1822
1774
1690
1675
1718
1715
1656
1671
1711
1697
1656
1646
1674
1666
1593
1568
1597
1551
1489
1469
1530
1501
1444
1453
1513
1498
1432
1426
1472
1432
1376
1360
1410
1393
1343
1344
1407
1404
1346
1358
1426
1418
1370
1372
1417
1405
1347
1343
1397
1376
1325
1330
1393
1413
1371
1401
1489
1515
1487
1518
1603
1631
1603
1641
1726
1764
1736
1789
1897
1934
1912
1951
2044
2054
2026
2035
2098
2099
2048
2059
2118
2106
2065
2064
2118
2104
2065
2047
2098
2079
2014
2006
2040
2034
1979
1966
2010
2002
1918
1881
1894
1841
1740
1712
1750
1738
1668
1683
1743
1753
1711
1743
1833
1852
1830
1856
1951
1977
1960
2013
2119
2157
2120
2157
2218
2207
2146
2127
2148
2109
2038
1985
2032
2011
1940
1942
2002
2003
1963
1976
2049
2039
2011
2016
2054
2059
1998
2012
2067
2099
2054
2083
2140
2142
2078
2069
2111
2079
2022
2008
2069
2039
1985
1976
2020
1999
1948
1956
2022
2001
1950
1923
1983
1961
1910
1907
1982
1993
1961
1983
2070
2071
2036
2048
2123
2138
2109
2149
2225
2272
2233
2262
2359
2359
2349
2378
2457
2453
2411
2415
2467
2460
2410
2421
2489
2465
2408
2403
2434
2424
2376
2366
2388
2383
2295
2273
2325
2294
2226
2230
2304
2289
2249
2258
2310
2321
2272
2285
2346
2357
2346
2369
2440
2436
2428
2445
2526
2534
2507
2522
2565
2544
2518
2502
2542
2525
2472
2464
2496
2482
2400
2360
2369
2350
2251
2234
2254
2231
2154
2112
2158
2126
2061
2047
2073
2074
1975
1960
1975
1941
1861
1823
1860
1808
1733
1687
1685
1621
1512
1440
1459
1362
1252
1178
1169
1119
1032
983
1020
986
901
886
940
931
881
894
961
974
936
965
1043
1052
1004
1023
1080
1094
1047
1069
1140
1142
1115
1148
1227
1288
1276
1330
1436
1493
1489
1531
1622
1662
1629
1665
1737
1755
1720
1729
1800
1806
1752
1763
1848
1869
1821
1836
1902
1905
1854
1860
1933
1912
1872
1867
1918
1922
1867
1849
1909
1898
1831
1817
1865
1836
1766
1744
1772
1727
1644
1602
1638
1601
1509
1477
1517
1463
1363
1312
1325
1284
1158
1112
1110
1072
975
953
984
965
900
893
930
921
871
869
933
942
899
922
1005
1032
1010
1047
1141
1183
1174
1224
1326
1367
1335
1381
1471
1502
1487
1510
1600
1614
1589
1608
1683
1698
1669
1688
1764
1769
1727
1742
1804
1794
1749
1763
1813
1820
1764
1770
1818
1816
1775
1785
1827
1838
1803
1803
1868
1894
1835
1832
1891
1903
1842
1855
1921
1917
1840
1839
1885
1847
1770
1761
1808
1799
1763
1775
1819
1821
1772
1787
1850
1860
1818
1832
1908
1904
1848
1843
1899
1876
1821
1824
1876
1862
1811
1810
1869
1856
1789
1806
1877
1838
1803
1791
1849
1862
1825
1821
1892
1893
1863
1879
1958
1961
1890
1912
1962
1957
1896
1892
1963
1950
1903
1898
1972
1952
1905
1910
1949
1930
1890
1907
1974
1966
1906
1911
1971
1956
1903
1910
1962
1977
1924
1933
1996
2000
1929
1939
1976
1993
1920
1914
1973
1943
1865
1864
1922
1889
1814
1789
1820
1805
1740
1729
1784
1769
1698
1687
1777
1778
1728
1746
1837
1866
1825
1841
1920
1900
1884
1910
1968
1987
1945
1952
2012
1991
1913
1867
1878
1810
1705
1658
1707
1704
1649
1650
1723
1722
1678
1687
1755
1779
1738
1737
1792
1799
1741
1763
1851
1861
1829
1848
1925
1927
1882
1882
1919
1913
1846
1837
1867
1855
1788
1792
1828
1826
1768
1774
1835
1855
1786
1777
1823
1782
1697
1680
1728
1724
1661
1662
1709
1714
1643
1637
1696
1684
1645
1652
1732
1727
1691
1692
1768
1756
1701
1716
1796
1806
1743
1760
1811
1801
1733
1752
1805
1802
1740
1733
1775
1743
1687
1673
1718
1683
1623
1624
1685
1685
1651
1645
1716
1728
1676
1686
1751
1745
1707
1714
1787
1787
1741
1754
1835
1819
1779
1780
1841
1847
1796
1796
1864
1833
1775
1789
1841
1843
1787
1797
1856
1854
1803
1802
1844
1851
1780
1764
1808
1784
1719
1707
1741
1742
1648
1644
1688
1654
1591
1559
1571
1552
1466
1433
1452
1423
1341
1323
1353
1344
1263
1237
1292
1276
1222
1229
1293
1297
1255
1276
1349
1360
1329
1364
1457
1472
1444
1468
1536
1538
1496
1503
1561
1568
1506
1509
1572
1573
1520
1525
1581
1584
1523
1521
1565
1572
1509
1501
1553
1546
1480
1474
1535
1526
1454
1447
1497
1487
1417
1417
1470
1456
1394
1382
1443
1431
1379
1384
1432
1440
1369
1360
1402
1392
1331
1321
1371
1342
1275
1267
1313
1298
1245
1230
1292
1270
1218
1219
1288
1260
1212
1211
1259
1259
1212
1228
1279
1284
1228
1233
1305
1303
1247
1246
1287
1282
1219
1210
1266
1247
1182
1180
1235
1230
1163
1162
1205
1202
1133
1122
1187
1171
1109
1102
1160
1166
1116
1119
1181
1166
1091
1110
1161
1150
1085
1089
1154
1145
1076
1079
1131
1120
1060
1060
1124
1106
1055
1056
1114
1095
1040
1044
1111
1097
1043
1053
1132
1116
1066
1070
1123
1112
1075
1076
1120
1145
1059
1065
1117
1098
1051
1053
1110
1100
1042
1040
1097
1082
1015
1008
1061
1037
987
977
1028
1016
953
953
1014
1009
947
945
1023
990
921
927
979
965
916
922
982
971
914
916
982
975
926
930
978
977
926
932
985
990
929
923
979
961
904
903
954
943
897
894
960
945
896
899
964
948
890
898
957
952
902
905
968
955
903
911
973
949
887
873
920
898
863
872
920
911
865
867
920
916
842
838
886
880
822
831
872
884
836
852
897
902
850
853
918
914
850
836
895
881
818
829
896
886
836
826
885
867
802
792
855
812
767
770
836
812
770
770
848
844
790
801
880
891
818
822
878
874
811
812
873
875
820
815
869
884
812
818
875
872
812
809
858
848
782
774
832
831
769
766
825
828
771
774
839
834
783
793
854
857
808
820
889
901
858
877
946
654
283
283
285
284
284
284
284
285
784
788
283
285
283
-4
-4

