;UFOS3
;Measurement details: channel = S, date = 12.09.2015, time = 09:43:18
Exposure=201
Gain=0
Temperature=32.6
Accummulate=4
1.7586128524000784 mu
1.7709787976224498 amas
34.394 hs
212 ozone
148263 uva
13638 uvb
9970 uve
[Value]
-5
284
284
283
285
282
284
284
297
293
329
332
290
292
335
335
298
294
334
342
293
305
359
346
305
305
367
362
309
309
364
348
312
308
351
345
305
306
353
355
307
307
346
353
305
307
363
360
314
313
358
355
304
306
366
360
303
305
360
367
305
312
357
371
309
306
363
349
306
308
346
360
306
312
352
356
304
306
353
353
310
308
371
355
304
308
355
360
308
309
357
362
305
307
358
351
308
306
352
364
309
307
351
361
306
312
368
358
307
308
364
347
308
310
355
364
308
306
351
356
304
306
360
362
304
311
355
347
302
311
362
366
304
309
353
364
302
308
357
356
308
303
360
363
306
310
357
367
307
311
368
364
305
305
359
356
306
309
364
359
306
308
356
354
313
310
357
366
306
308
356
372
305
310
350
364
303
309
360
357
304
310
376
358
311
308
347
351
308
307
356
364
304
310
360
357
308
306
352
360
306
308
353
353
303
309
353
358
304
309
351
353
308
308
363
361
308
309
357
360
306
307
351
363
304
309
357
354
307
309
362
350
308
307
351
360
313
308
369
349
306
304
347
359
305
309
359
356
307
303
360
355
310
306
350
358
307
308
385
357
306
308
359
349
306
303
367
352
304
306
353
349
303
312
357
355
308
301
362
354
308
309
364
357
307
306
369
353
310
305
360
356
306
309
356
352
303
307
360
355
300
305
359
355
308
308
364
360
310
307
356
357
302
306
367
348
312
307
362
351
309
305
360
364
304
305
368
361
311
306
351
357
306
305
361
352
307
305
357
349
304
311
355
364
307
312
355
367
306
312
359
360
307
306
349
354
311
310
353
353
307
309
357
350
306
308
347
357
307
304
363
359
307
309
353
356
308
309
363
359
306
307
352
350
307
310
358
360
306
309
368
354
303
305
355
364
312
310
367
363
307
304
358
367
309
312
362
356
304
313
362
354
308
311
361
363
310
306
357
359
306
311
353
361
309
303
345
357
303
307
356
356
305
305
353
364
304
309
358
354
308
305
364
357
306
305
357
364
305
308
361
378
306
307
356
355
308
311
360
358
306
308
355
352
307
306
364
350
308
304
350
358
310
308
357
352
311
310
355
356
308
304
354
365
303
311
358
362
305
316
361
357
303
312
352
352
307
303
352
359
310
309
359
356
304
306
348
365
303
311
363
365
307
306
356
364
308
307
361
362
307
310
361
366
307
309
358
361
311
308
361
361
308
310
360
355
310
310
362
355
317
308
354
354
311
310
360
369
308
310
354
354
311
311
357
352
310
310
370
356
317
311
364
377
310
314
354
365
311
312
365
365
310
312
359
356
310
309
363
364
311
310
365
367
313
310
361
359
312
313
355
363
308
315
356
365
307
314
362
365
306
314
357
354
318
313
364
364
309
313
372
365
316
313
367
364
318
316
364
358
314
320
373
364
318
313
364
372
322
318
370
357
309
312
362
361
313
315
366
379
315
324
370
369
317
320
361
370
326
324
381
374
324
325
377
371
324
323
377
382
320
328
381
374
324
330
386
382
328
332
379
372
324
330
372
376
321
329
381
379
331
331
385
376
329
333
391
394
336
335
383
374
336
335
385
385
341
341
382
393
344
341
406
399
347
346
395
397
349
353
413
394
357
355
393
407
351
355
403
406
349
353
402
397
351
353
394
393
348
359
410
412
356
364
417
398
357
359
401
406
369
361
414
415
364
366
417
420
371
373
427
425
375
381
431
439
390
392
445
446
399
399
446
453
404
406
451
455
406
405
479
459
410
413
463
461
417
415
470
464
414
416
479
468
421
424
467
465
418
426
486
478
425
431
475
469
424
429
476
477
428
425
483
480
420
418
472
465
416
417
476
473
416
420
462
459
420
419
475
470
424
429
480
468
426
423
477
484
429
427
488
487
428
436
486
487
442
446
499
492
460
459
515
527
479
481
549
540
502
506
560
558
508
509
564
568
516
518
580
572
517
518
561
580
512
515
581
565
509
509
557
567
505
506
558
544
498
499
567
546
498
505
561
558
504
507
556
560
511
512
565
567
525
524
591
574
529
538
586
587
539
547
588
592
543
540
596
582
527
537
593
586
535
536
584
579
533
545
591
602
552
561
606
614
573
574
625
650
590
596
651
646
590
590
649
634
589
586
633
634
576
580
628
633
587
586
643
632
597
600
658
661
610
613
686
679
642
645
716
707
654
653
713
711
659
661
708
701
643
637
668
676
609
612
654
653
597
597
649
642
591
596
658
653
607
613
675
687
639
657
717
737
687
713
755
768
714
734
790
800
757
769
835
837
793
811
855
876
830
840
901
904
857
859
925
927
871
879
938
943
881
873
928
912
843
846
896
871
802
804
843
839
779
783
827
819
778
774
822
840
784
790
850
865
823
846
915
930
886
908
968
990
927
930
997
980
928
922
980
966
906
915
959
948
887
888
928
934
870
860
911
916
864
866
917
931
882
890
952
964
917
926
986
983
943
962
1023
1019
982
992
1062
1062
1007
1015
1078
1088
1027
1029
1085
1088
1020
1014
1052
1057
983
975
1015
1016
933
925
977
958
892
886
921
934
868
867
925
932
871
883
932
941
897
902
962
962
911
919
963
970
916
924
959
962
910
900
961
946
884
880
914
939
843
839
892
865
811
805
851
852
800
804
854
862
804
805
858
876
812
819
867
881
834
842
895
904
861
873
935
936
896
887
952
966
906
916
954
978
930
937
1002
1000
952
971
1022
1027
986
988
1041
1043
995
997
1051
1041
988
989
1038
1034
973
968
1021
1013
963
960
1015
1015
958
950
1014
1002
964
966
1043
1053
1015
1030
1094
1117
1079
1099
1167
1198
1147
1179
1248
1266
1222
1229
1304
1320
1269
1279
1349
1349
1295
1294
1353
1361
1308
1318
1381
1364
1326
1328
1389
1406
1338
1345
1403
1427
1355
1352
1407
1404
1357
1362
1419
1434
1379
1376
1446
1429
1378
1383
1433
1418
1368
1370
1419
1420
1361
1361
1426
1426
1368
1368
1425
1413
1355
1356
1417
1399
1356
1357
1417
1410
1364
1368
1429
1422
1369
1382
1425
1443
1387
1393
1457
1479
1433
1454
1517
1545
1499
1514
1581
1603
1568
1595
1671
1679
1652
1682
1767
1774
1742
1762
1842
1846
1796
1806
1874
1869
1826
1847
1906
1920
1871
1878
1932
1925
1857
1862
1904
1894
1831
1830
1880
1839
1766
1755
1799
1780
1710
1695
1741
1706
1651
1637
1679
1679
1613
1615
1659
1665
1622
1620
1667
1682
1623
1628
1679
1705
1636
1637
1695
1695
1650
1646
1713
1708
1652
1658
1725
1716
1681
1668
1727
1726
1669
1666
1724
1720
1654
1662
1723
1704
1651
1660
1712
1700
1643
1636
1681
1678
1605
1591
1617
1628
1565
1546
1612
1596
1552
1557
1608
1614
1566
1576
1614
1619
1544
1543
1583
1579
1504
1505
1541
1545
1483
1475
1528
1512
1449
1439
1503
1480
1421
1410
1474
1463
1398
1409
1449
1477
1435
1447
1522
1538
1492
1503
1561
1572
1521
1525
1572
1568
1511
1496
1547
1537
1486
1486
1543
1527
1487
1485
1536
1533
1470
1476
1524
1535
1490
1488
1550
1568
1516
1524
1582
1591
1541
1529
1554
1542
1471
1438
1478
1443
1346
1325
1371
1337
1273
1265
1301
1304
1241
1238
1295
1291
1237
1247
1294
1319
1260
1283
1341
1360
1289
1304
1349
1357
1276
1270
1315
1304
1227
1220
1269
1258
1192
1194
1260
1281
1231
1256
1342
1345
1325
1342
1429
1435
1398
1401
1464
1467
1420
1440
1477
1497
1447
1441
1500
1508
1450
1440
1498
1487
1440
1448
1517
1516
1466
1488
1544
1568
1535
1562
1636
1645
1607
1615
1670
1672
1610
1610
1664
1666
1591
1590
1648
1637
1568
1565
1647
1642
1590
1602
1667
1673
1618
1638
1706
1743
1681
1722
1800
1831
1801
1824
1900
1927
1888
1902
1951
1957
1905
1918
1991
1980
1908
1916
1958
1973
1881
1877
1919
1892
1836
1836
1892
1879
1825
1833
1900
1895
1826
1835
1879
1864
1811
1788
1843
1845
1784
1786
1844
1846
1803
1804
1865
1882
1824
1843
1910
1930
1895
1908
1966
2006
1971
1979
2041
2059
2028
2032
2102
2099
2038
2053
2113
2098
2043
2027
2084
2076
2015
2021
2064
2077
2041
2049
2123
2136
2090
2094
2141
2152
2088
2096
2149
2148
2095
2092
2149
2137
2093
2083
2121
2109
2041
2027
2057
2029
1946
1914
1945
1917
1832
1809
1836
1803
1702
1673
1711
1662
1577
1550
1599
1555
1511
1504
1550
1544
1490
1508
1572
1597
1582
1613
1711
1737
1718
1746
1834
1838
1817
1830
1896
1912
1953
1902
1968
1978
1922
1933
1991
1993
1931
1928
1977
1950
1875
1865
1901
1884
1800
1786
1830
1802
1725
1714
1753
1736
1665
1667
1711
1706
1636
1640
1695
1694
1635
1655
1721
1728
1700
1707
1802
1788
1762
1782
1846
1847
1796
1800
1836
1846
1772
1763
1813
1798
1727
1716
1745
1732
1652
1635
1681
1649
1575
1568
1604
1603
1527
1528
1595
1578
1534
1532
1592
1600
1549
1553
1622
1628
1574
1582
1654
1657
1599
1614
1666
1669
1620
1613
1664
1669
1602
1586
1640
1622
1564
1555
1604
1594
1528
1532
1585
1581
1525
1524
1562
1562
1486
1479
1530
1505
1441
1444
1507
1511
1465
1483
1550
1586
1537
1565
1627
1644
1605
1628
1699
1728
1687
1714
1785
1803
1774
1781
1853
1885
1816
1838
1903
1894
1834
1852
1892
1882
1828
1814
1852
1858
1792
1780
1829
1793
1730
1713
1742
1733
1653
1651
1701
1682
1621
1637
1692
1696
1648
1657
1741
1748
1694
1720
1805
1801
1745
1751
1806
1813
1747
1751
1790
1791
1725
1707
1745
1710
1629
1615
1644
1621
1563
1550
1602
1599
1565
1582
1655
1666
1624
1653
1729
1745
1705
1716
1806
1832
1801
1837
1917
1959
1916
1939
1995
2013
1971
1977
2035
2046
2005
2034
2076
2098
2057
2069
2143
2147
2101
2104
2173
2168
2131
2135
2212
2210
2160
2164
2223
2251
2196
2217
2265
2263
2210
2221
2267
2266
2202
2194
2243
2223
2156
2141
2184
2159
2102
2098
2138
2147
2080
2088
2144
2155
2092
2121
2188
2187
2143
2148
2218
2209
2163
2167
2224
2228
2168
2186
2236
2254
2229
2247
2326
2326
2278
2272
2313
2297
2221
2194
2234
2225
2153
2136
2182
2167
2075
2047
2066
2024
1941
1916
1927
1906
1817
1802
1857
1857
1804
1804
1871
1905
1860
1869
1948
1948
1910
1919
2013
2019
1983
1993
2056
2035
1980
1970
1986
1964
1879
1853
1896
1864
1780
1756
1783
1737
1660
1639
1662
1621
1534
1515
1558
1530
1491
1483
1540
1556
1526
1540
1638
1669
1638
1674
1760
1763
1754
1788
1876
1902
1891
1934
2050
2057
2040
2080
2161
2185
2163
2179
2245
2254
2234
2226
2283
2294
2258
2255
2310
2325
2257
2259
2295
2290
2226
2204
2237
2213
2130
2087
2110
2079
1997
1961
1968
1952
1864
1819
1860
1827
1727
1707
1763
1759
1676
1684
1732
1733
1683
1687
1748
1748
1703
1709
1777
1790
1743
1748
1826
1812
1751
1738
1796
1776
1696
1693
1747
1711
1650
1649
1696
1697
1638
1642
1694
1680
1636
1639
1718
1737
1702
1734
1824
1872
1853
1891
1970
2000
1959
1974
2026
2007
1946
1926
1968
1953
1874
1856
1878
1862
1791
1763
1813
1780
1690
1675
1717
1691
1632
1629
1681
1697
1646
1686
1761
1778
1751
1796
1856
1873
1838
1849
1925
1931
1862
1872
1910
1905
1837
1845
1896
1868
1802
1781
1826
1793
1727
1707
1757
1735
1669
1658
1707
1719
1658
1671
1747
1763
1736
1752
1824
1839
1807
1826
1920
1940
1910
1945
2012
2052
2024
2054
2122
2132
2113
2127
2196
2203
2153
2179
2235
2240
2183
2183
2233
2256
2203
2196
2270
2247
2241
2196
2263
2256
2194
2190
2232
2235
2160
2148
2201
2201
2146
2150
2212
2215
2172
2179
2240
2246
2201
2218
2282
2284
2232
2249
2315
2297
2256
2250
2301
2300
2226
2222
2263
2233
2163
2148
2203
2190
2130
2140
2187
2183
2134
2149
2216
2213
2164
2182
2238
2244
2193
2193
2239
2249
2198
2199
2259
2261
2237
2250
2329
2327
2309
2318
2402
2412
2378
2397
2471
2475
2455
2501
2562
2587
2550
2586
2635
2671
2639
2662
2692
2701
2697
2705
2722
2734
2731
2743
2759
2772
2777
2786
2789
2797
2789
2790
2781
2767
2736
2693
2676
2639
2573
2523
2522
2506
2406
2390
2405
2380
2325
2330
2407
2417
2392
2428
2509
2556
2569
2613
2679
2712
2730
2760
2775
2806
2815
2842
2844
2868
2865
2893
2889
2909
2904
2924
2916
2928
2915
2801
2744
2534
2424
2365
2399
2382
2318
2309
2372
2354
2307
2309
2382
2394
2392
2424
2517
2544
2527
2580
2629
2652
2637
2643
2664
2633
2591
2537
2528
2449
2348
2298
2281
2245
2148
2094
2118
2084
1964
1931
1979
1945
1892
1897
1961
1974
1955
1985
2080
2108
2083
2127
2199
2247
2212
2227
2295
2278
2230
2241
2257
2228
2156
2119
2123
2063
1965
1912
1911
1884
1792
1772
1843
1832
1788
1804
1873
1899
1890
1937
2046
2086
2095
2148
2257
2281
2262
2295
2367
2396
2333
2343
2386
2379
2317
2303
2344
2326
2248
2232
2260
2223
2139
2105
2140
2109
2042
2035
2083
2095
2036
2045
2100
2103
2068
2067
2112
2115
2049
2045
2104
2080
2044
2061
2131
2145
2105
2115
2193
2201
2155
2179
2256
2269
2244
2259
2346
2336
2302
2305
2388
2396
2356
2367
2452
2451
2417
2428
2497
2501
2456
2454
2507
2530
2491
2495
2560
2545
2500
2482
2516
2497
2434
2418
2429
2402
2330
2291
2314
2265
2209
2180
2220
2186
2106
2085
2123
2095
2043
1984
2036
2009
1959
1950
1998
1984
1911
1891
1934
1907
1848
1827
1878
1850
1790
1790
1844
1843
1784
1800
1875
1899
1865
1898
1992
2000
1976
2002
2079
2092
2068
2088
2158
2177
2147
2156
2219
2214
2181
2191
2247
2245
2203
2209
2256
2240
2172
2159
2191
2178
2099
2080
2111
2091
2019
1989
2051
2000
1939
1923
1950
1913
1826
1791
1821
1780
1701
1678
1718
1714
1654
1668
1705
1702
1657
1645
1679
1669
1596
1571
1600
1557
1492
1482
1526
1502
1447
1451
1513
1499
1433
1432
1483
1431
1382
1361
1404
1390
1338
1343
1408
1411
1353
1357
1429
1420
1368
1370
1420
1409
1355
1345
1399
1383
1323
1332
1399
1414
1375
1402
1495
1519
1497
1521
1608
1631
1609
1640
1728
1756
1747
1797
1895
1936
1914
1952
2043
2063
2029
2035
2105
2112
2051
2065
2124
2108
2070
2067
2123
2114
2062
2052
2101
2087
2021
2010
2043
2041
1978
1959
2004
2006
1915
1874
1894
1840
1746
1707
1746
1735
1666
1689
1745
1756
1714
1742
1836
1861
1833
1859
1960
1987
1967
2007
2120
2146
2121
2154
2214
2219
2146
2134
2155
2106
2034
1995
2035
2015
1938
1932
1992
2011
1956
1981
2046
2048
2010
2005
2062
2058
2007
2016
2065
2096
2052
2077
2131
2147
2079
2066
2115
2091
2030
2014
2076
2043
1986
1975
2027
2001
1955
1959
2026
2003
1953
1937
1984
1962
1917
1911
1985
1993
1960
1984
2069
2072
2033
2046
2131
2142
2110
2155
2227
2271
2242
2273
2355
2355
2358
2374
2445
2452
2418
2410
2469
2462
2418
2421
2493
2466
2419
2413
2437
2426
2377
2360
2389
2388
2299
2270
2324
2303
2231
2229
2311
2287
2257
2262
2318
2325
2274
2280
2351
2357
2355
2367
2442
2439
2422
2450
2517
2536
2506
2524
2559
2551
2516
2503
2543
2530
2476
2464
2502
2485
2402
2359
2378
2345
2255
2222
2251
2224
2153
2117
2153
2131
2057
2043
2074
2074
1978
1959
1976
1949
1856
1832
1861
1814
1730
1688
1694
1629
1504
1447
1465
1370
1249
1179
1166
1115
1024
983
1023
991
908
885
936
931
883
887
957
976
939
965
1046
1054
1009
1024
1088
1098
1046
1070
1145
1142
1118
1142
1224
1288
1273
1333
1437
1500
1488
1533
1632
1660
1635
1663
1740
1757
1726
1736
1800
1812
1751
1765
1846
1867
1823
1845
1906
1901
1854
1858
1935
1915
1871
1870
1922
1920
1857
1857
1920
1901
1835
1825
1857
1841
1766
1738
1777
1733
1647
1613
1649
1597
1507
1485
1519
1462
1371
1313
1324
1295
1160
1105
1117
1066
976
962
990
963
907
888
930
923
866
871
931
946
898
920
1005
1034
1009
1043
1145
1182
1174
1228
1331
1365
1340
1377
1477
1502
1484
1511
1602
1625
1586
1611
1689
1697
1671
1689
1765
1774
1728
1748
1810
1798
1750
1767
1811
1826
1758
1773
1821
1818
1777
1780
1838
1835
1802
1814
1868
1896
1835
1832
1896
1903
1843
1849
1919
1906
1839
1841
1888
1853
1773
1754
1810
1802
1763
1766
1822
1823
1774
1787
1844
1865
1821
1836
1908
1902
1852
1843
1903
1882
1837
1833
1883
1864
1816
1814
1866
1859
1795
1802
1872
1842
1803
1796
1846
1860
1822
1815
1895
1897
1870
1888
1953
1954
1904
1920
1973
1962
1900
1891
1964
1950
1905
1903
1976
1963
1905
1911
1955
1935
1898
1907
1972
1961
1912
1910
1971
1959
1905
1906
1970
1977
1927
1932
1993
1995
1942
1943
1977
1990
1928
1917
1981
1948
1872
1879
1918
1882
1823
1789
1824
1803
1736
1728
1786
1766
1698
1687
1783
1781
1725
1760
1844
1869
1825
1844
1930
1922
1884
1906
1980
1989
1949
1949
2011
2000
1921
1872
1881
1820
1713
1665
1713
1702
1638
1646
1723
1726
1671
1692
1760
1781
1729
1738
1796
1797
1749
1763
1851
1868
1819
1846
1928
1925
1883
1883
1913
1917
1849
1835
1876
1856
1792
1787
1834
1822
1775
1778
1838
1847
1783
1780
1824
1782
1701
1681
1733
1729
1663
1659
1706
1707
1643
1634
1697
1683
1650
1656
1729
1723
1691
1691
1766
1756
1704
1717
1802
1803
1744
1751
1813
1800
1738
1747
1813
1807
1750
1730
1779
1742
1682
1665
1715
1685
1628
1628
1679
1683
1655
1655
1719
1725
1676
1686
1744
1755
1703
1713
1781
1773
1736
1754
1826
1824
1778
1786
1848
1851
1794
1791
1868
1839
1780
1783
1844
1836
1793
1791
1864
1850
1799
1807
1851
1840
1773
1770
1808
1788
1719
1697
1736
1736
1647
1637
1692
1658
1594
1553
1574
1543
1459
1430
1449
1420
1349
1316
1352
1345
1259
1244
1290
1276
1219
1227
1295
1296
1260
1267
1354
1364
1325
1364
1460
1469
1442
1467
1536
1536
1496
1505
1564
1571
1512
1509
1576
1575
1515
1517
1582
1589
1520
1518
1574
1577
1510
1504
1553
1546
1488
1473
1546
1525
1454
1449
1502
1490
1413
1416
1466
1458
1392
1385
1445
1429
1383
1386
1443
1439
1371
1357
1407
1390
1335
1321
1372
1341
1277
1266
1313
1300
1240
1240
1282
1273
1217
1215
1286
1260
1208
1210
1260
1259
1209
1217
1280
1283
1235
1232
1306
1303
1244
1243
1291
1284
1216
1208
1268
1246
1186
1175
1229
1225
1164
1165
1212
1204
1138
1127
1189
1170
1113
1103
1168
1165
1115
1117
1177
1169
1094
1108
1158
1145
1085
1088
1154
1146
1076
1075
1132
1122
1054
1063
1123
1103
1052
1052
1112
1089
1042
1044
1111
1089
1042
1060
1130
1119
1060
1069
1125
1117
1073
1077
1115
1140
1061
1064
1122
1110
1058
1049
1112
1101
1043
1045
1101
1080
1012
1009
1063
1044
990
974
1029
1019
953
952
1014
1006
948
933
1020
988
921
924
977
967
919
923
976
968
912
923
985
978
925
929
979
976
929
927
981
986
927
920
982
964
908
904
953
944
897
895
962
946
897
893
960
957
889
893
953
951
905
902
971
961
904
907
976
954
894
871
916
901
866
869
923
907
861
865
926
913
845
838
885
882
825
828
872
881
842
847
900
903
846
854
915
912
849
837
889
887
817
825
898
888
833
820
886
869
800
795
860
818
772
768
836
815
770
764
850
843
788
802
879
886
820
826
875
876
812
807
873
873
823
815
862
887
815
817
878
870
815
806
858
847
782
775
832
829
768
774
826
825
772
774
847
830
788
789
852
859
809
816
886
899
856
879
949
655
282
282
282
284
283
284
283
282
787
792
283
283
282
-5
-5

