;UFOS3
;Measurement details: channel = D, date = 12.09.2015, time = 09:48:31
Exposure=200
Gain=0
Temperature=32.8
Accummulate=4
1.7574829181078122 mu
1.7698142597663193 amas
34.419 hs
0 ozone
27380 uva
11328 uvb
9344 uve
[Value]
-5
284
285
284
285
284
286
285
297
294
332
332
294
293
339
337
300
296
334
345
296
299
350
338
298
297
358
355
301
300
358
341
303
300
346
339
300
299
346
349
299
297
341
344
296
300
359
356
304
302
349
349
296
301
360
353
295
296
353
359
296
304
348
361
301
299
358
342
299
300
340
355
300
306
345
349
297
299
345
345
302
301
362
348
296
302
349
352
298
300
347
356
296
299
350
342
301
298
345
356
302
299
342
352
298
304
360
349
298
300
356
343
300
299
347
355
302
296
341
347
296
297
352
353
295
303
346
342
296
302
353
357
295
298
345
358
294
299
348
348
300
296
353
357
298
300
350
360
300
302
361
355
297
297
353
348
297
301
355
355
298
300
350
345
305
303
352
356
298
298
348
366
298
300
343
355
299
299
350
348
297
301
369
350
301
299
339
342
298
299
349
356
297
301
350
352
300
299
344
353
300
298
346
346
299
299
344
350
296
301
343
343
299
302
352
350
298
299
347
354
299
300
342
358
296
300
349
349
299
302
351
344
300
301
342
352
305
299
358
342
298
297
339
354
297
301
349
349
299
296
349
347
300
301
346
351
299
303
380
347
298
300
355
343
298
297
360
345
295
298
347
343
293
302
349
349
300
293
352
347
301
301
354
351
300
299
358
347
304
297
352
347
296
300
347
344
296
300
351
348
295
297
351
347
300
302
355
354
302
301
350
352
296
299
358
340
304
301
354
344
302
300
353
358
295
296
359
353
301
298
340
347
298
296
353
345
299
296
348
344
297
302
346
355
301
305
346
360
296
303
354
350
300
300
339
345
300
299
344
343
297
301
348
340
298
301
340
349
300
295
354
351
299
300
345
347
299
302
352
350
297
299
345
343
298
299
353
354
298
301
361
346
297
296
349
356
301
301
358
352
298
296
349
362
300
303
356
346
295
305
352
345
300
306
353
357
301
298
348
351
297
300
347
355
300
297
335
350
294
302
350
351
297
297
345
357
296
300
349
347
300
299
356
347
298
296
350
356
295
302
352
364
295
298
347
347
298
302
353
351
299
299
346
345
298
297
356
339
298
298
340
347
300
301
349
343
302
301
345
348
300
296
346
354
293
301
351
354
296
308
354
346
294
303
345
344
300
296
343
351
299
300
353
346
295
297
341
356
294
301
356
361
298
299
349
354
300
299
351
352
296
298
351
357
298
301
346
350
302
299
351
350
300
301
349
345
297
299
351
346
304
300
343
345
297
300
350
359
297
299
344
344
301
301
348
341
297
300
358
345
305
301
352
366
298
301
343
354
301
300
354
352
298
301
349
345
300
299
353
354
298
298
352
355
300
299
348
350
300
300
340
350
297
302
343
354
295
300
347
354
296
302
348
339
302
302
348
352
293
299
357
351
300
299
350
352
302
302
349
344
298
306
358
352
301
298
348
358
307
305
358
343
294
297
341
345
296
299
348
363
298
304
352
348
298
300
338
349
303
302
361
352
299
302
354
350
300
296
351
354
293
301
353
346
296
302
358
352
300
302
351
344
294
301
344
346
293
300
351
350
300
301
355
345
296
301
356
364
302
302
348
339
299
300
346
347
304
304
341
355
300
298
361
351
297
301
346
350
298
301
363
341
301
301
336
351
297
300
351
351
298
299
350
347
297
301
341
343
297
303
353
353
298
304
361
339
297
298
344
344
302
296
347
347
295
298
348
348
295
300
350
345
294
301
346
351
300
303
350
351
304
298
348
348
298
301
343
347
298
297
368
344
299
305
347
346
304
301
349
348
298
303
366
351
302
302
346
340
296
303
360
353
298
302
347
342
297
301
349
347
299
302
356
354
297
299
354
344
301
301
356
351
299
301
340
338
295
296
351
343
299
302
349
341
297
300
347
353
300
299
353
353
295
304
349
347
302
300
345
339
303
296
346
354
300
297
355
345
301
303
351
346
295
299
350
350
301
299
362
353
298
300
343
358
294
301
366
350
300
300
350
355
299
302
353
342
296
299
366
345
296
303
356
348
298
305
351
350
300
299
350
347
302
301
360
344
299
301
347
348
299
304
346
353
305
300
364
347
294
299
355
348
302
303
347
342
295
297
346
353
297
301
342
346
302
297
344
364
300
301
354
348
299
300
358
347
304
299
345
352
295
299
348
348
303
299
348
341
303
302
357
350
300
297
354
343
300
298
361
351
295
299
349
348
298
306
357
355
307
303
342
353
293
301
344
350
298
301
352
346
299
301
352
342
296
297
346
354
298
306
353
356
298
328
350
354
297
298
344
345
295
294
347
349
298
299
338
349
297
301
350
350
301
296
352
351
299
299
349
356
297
298
358
351
299
300
365
352
298
305
347
350
296
301
346
346
302
300
347
358
299
304
346
349
296
304
354
348
295
297
346
362
297
296
356
343
298
297
356
345
297
302
353
346
300
302
342
360
296
298
344
348
300
304
346
353
302
298
347
349
301
301
353
342
297
304
354
345
298
300
359
351
297
298
353
360
302
296
355
349
294
300
345
350
298
298
349
355
298
299
356
346
296
298
342
360
303
299
358
357
298
305
351
350
299
298
350
349
297
303
344
351
298
306
340
345
296
295
357
347
298
299
343
376
301
299
355
342
300
298
349
353
300
303
349
354
294
302
346
362
296
301
340
346
297
302
348
344
295
299
348
348
301
296
347
357
294
299
334
347
297
300
349
344
296
303
349
344
302
298
344
342
297
300
348
349
296
304
348
354
299
299
352
347
301
298
353
358
299
297
355
339
300
299
353
353
301
300
349
353
297
301
346
352
297
302
352
352
302
295
351
353
296
300
355
355
299
300
349
352
295
305
357
340
298
301
348
362
295
300
348
367
300
300
350
348
299
299
343
357
299
302
354
346
297
300
354
345
299
299
344
350
300
300
357
355
298
303
351
342
294
296
354
344
301
300
349
349
297
303
354
346
299
303
352
361
299
301
351
349
298
303
350
344
300
297
343
354
299
301
355
347
300
297
356
350
295
297
355
349
298
295
355
349
298
305
347
355
297
303
365
351
296
311
345
348
297
302
356
340
296
299
359
352
301
299
353
348
298
300
346
353
299
300
335
347
297
299
350
359
298
303
349
361
297
296
345
340
297
296
357
356
301
300
355
348
311
301
352
351
298
299
345
354
296
305
359
350
300
304
355
345
296
294
350
350
299
301
340
355
302
298
350
347
298
303
347
348
298
304
343
350
298
305
347
353
298
296
343
353
302
297
354
350
295
303
355
346
301
299
359
351
298
302
335
354
299
302
350
356
300
300
348
355
293
299
346
349
301
300
350
343
300
302
351
342
300
306
352
348
295
301
344
349
304
299
345
353
301
304
350
348
298
300
340
344
299
301
362
356
298
301
361
347
297
299
345
352
299
300
352
349
296
306
341
352
299
302
349
356
297
304
346
361
299
298
348
359
295
302
355
360
294
304
352
359
297
299
360
346
299
300
359
351
300
299
347
347
296
303
343
345
298
302
342
357
302
301
350
342
297
301
355
349
300
305
345
349
296
303
346
348
301
304
345
350
294
299
347
355
295
298
357
353
295
298
361
351
299
297
360
348
296
301
352
363
296
301
346
353
297
299
349
351
299
303
351
341
298
299
361
361
298
303
350
366
298
301
352
344
298
307
357
350
298
296
359
355
296
299
344
345
299
300
349
345
301
303
352
353
300
299
348
349
295
299
352
352
299
300
341
350
303
299
341
338
299
300
353
358
293
301
352
348
298
298
351
347
299
301
350
343
294
300
350
353
298
298
341
348
294
298
354
353
301
299
354
343
296
300
347
344
294
302
346
347
299
297
354
357
296
301
353
352
296
302
356
354
300
299
356
342
309
301
356
353
298
299
345
345
301
299
356
348
298
299
348
340
302
302
348
349
365
305
351
354
293
304
351
351
301
304
351
342
295
296
352
353
296
297
352
349
297
302
350
351
300
305
347
350
300
299
354
351
296
300
351
348
301
299
360
341
302
301
350
348
298
304
349
359
297
302
351
356
295
302
349
353
295
302
358
352
296
300
353
348
299
297
355
346
301
302
353
349
297
298
356
354
300
297
348
352
301
298
350
350
303
299
347
350
298
299
353
346
300
303
354
346
297
299
349
356
301
299
354
356
296
299
355
344
298
302
349
346
297
302
346
352
299
305
345
345
296
299
344
355
296
301
352
352
299
299
346
360
299
299
361
347
294
301
350
347
303
300
342
355
295
306
360
342
302
301
356
359
296
302
361
349
299
304
359
346
295
304
352
353
294
300
375
350
299
298
346
351
295
300
345
350
303
301
349
349
300
299
351
343
300
302
345
342
297
300
352
349
296
297
349
357
303
298
346
351
298
300
348
358
297
302
347
346
299
298
351
346
298
300
341
353
295
301
358
356
296
299
351
344
299
303
355
350
299
299
346
358
296
303
350
348
299
302
351
351
297
301
353
343
300
302
356
348
302
301
341
353
298
298
352
357
296
299
353
343
297
300
357
351
299
300
351
350
296
301
341
353
302
298
355
346
302
302
356
354
298
296
344
355
297
296
345
354
299
301
350
348
297
300
349
350
303
302
353
364
298
301
349
369
302
298
350
343
295
298
358
351
304
302
349
349
295
301
354
339
298
302
352
347
302
300
350
339
298
301
357
357
292
298
348
337
297
298
352
349
300
300
361
351
297
297
348
338
298
303
349
345
297
304
374
348
298
299
347
341
299
296
352
342
296
300
357
349
297
299
356
363
299
303
354
348
300
302
351
357
298
303
345
342
296
297
332
349
302
297
363
364
300
299
355
362
294
302
354
354
297
299
352
349
296
301
353
349
299
300
364
350
297
298
348
350
298
302
365
353
296
301
347
344
296
303
352
343
296
297
350
346
300
301
344
349
295
303
352
353
299
297
351
346
298
299
350
358
298
299
347
352
300
300
359
361
301
299
358
345
302
300
349
361
298
304
352
346
302
306
343
346
298
298
353
352
298
305
348
347
293
302
358
350
302
302
359
352
299
305
357
354
301
302
350
356
295
295
354
352
301
302
355
356
304
298
353
352
303
301
346
356
295
305
357
341
301
308
347
352
295
298
350
354
296
296
348
361
298
299
363
350
347
305
361
357
300
300
341
365
296
299
350
347
297
301
355
358
298
299
347
352
298
301
354
350
294
296
362
345
295
299
354
355
301
300
357
345
298
297
361
356
297
304
352
346
293
302
357
351
295
298
346
344
301
302
340
355
303
304
346
351
300
298
361
354
301
300
357
351
298
306
356
339
294
305
353
356
292
300
355
363
299
303
360
341
293
303
346
337
296
302
361
348
295
303
336
345
299
300
348
351
297
298
345
344
299
301
357
370
293
302
344
337
296
303
358
352
298
300
336
346
301
300
359
352
296
308
349
342
297
299
345
351
296
299
353
344
298
300
355
358
297
295
352
347
299
301
356
352
299
305
358
345
303
299
352
347
303
304
359
346
295
300
351
350
299
302
355
340
301
302
363
342
297
299
343
346
294
298
355
368
293
298
362
347
305
302
354
343
297
300
358
348
295
300
343
356
301
304
355
347
294
304
345
346
296
300
358
345
302
307
352
359
296
298
366
358
299
300
350
341
300
304
351
348
297
301
358
349
298
302
345
365
300
301
355
344
298
299
353
354
297
301
357
354
298
298
351
348
295
301
341
350
306
303
354
348
303
308
349
356
299
299
347
340
297
303
356
348
295
299
359
345
296
300
352
347
296
299
364
339
297
304
361
351
297
298
345
352
295
299
367
358
302
297
341
353
294
302
367
346
298
301
348
347
298
303
353
344
300
303
355
342
301
301
360
352
299
298
356
356
331
298
353
340
297
296
358
347
298
299
353
340
296
299
358
353
297
299
358
343
296
300
350
351
298
302
362
344
299
305
348
344
297
295
354
350
302
301
356
339
301
303
351
338
296
301
352
345
295
302
350
350
300
300
350
351
300
296
363
343
300
304
351
344
297
301
359
350
299
298
344
351
294
304
348
348
302
298
342
342
299
301
349
331
296
300
359
339
297
299
355
349
295
303
358
337
303
299
348
340
297
302
357
353
298
301
354
342
296
302
347
346
299
297
356
342
297
302
352
359
297
297
359
357
305
300
349
348
297
299
350
349
299
300
356
351
294
298
350
344
296
303
353
351
298
304
350
341
297
301
351
348
300
300
353
348
298
300
344
351
299
300
355
355
297
299
359
346
297
298
352
355
295
304
346
349
298
300
364
348
298
297
350
349
295
297
359
356
299
305
350
348
296
303
357
347
304
301
355
355
300
298
354
348
300
302
359
350
304
305
359
359
299
296
341
354
300
303
347
358
297
304
361
346
294
301
366
344
298
303
355
347
296
299
361
345
302
298
356
341
297
297
362
351
297
300
358
347
297
297
359
343
298
301
343
357
302
303
359
338
298
296
354
342
300
300
356
349
296
299
371
350
302
302
346
352
300
299
340
359
300
295
365
353
294
301
367
347
300
298
349
356
301
299
353
341
304
300
353
347
300
299
347
345
298
299
351
337
304
300
357
350
303
299
354
361
302
299
348
361
297
299
358
346
301
298
353
336
299
304
352
362
295
305
348
353
299
301
364
343
300
301
351
347
298
301
381
347
302
304
348
349
305
298
362
358
301
300
355
351
301
306
358
354
300
300
354
348
296
301
351
348
294
301
353
338
298
304
343
356
298
298
350
351
296
297
354
354
298
302
351
349
296
301
352
358
302
301
359
359
298
302
353
345
299
301
359
350
301
302
347
353
296
298
356
357
298
302
358
353
302
304
359
350
303
299
362
352
298
301
366
357
303
302
358
371
301
300
351
353
297
303
356
347
304
303
348
345
301
302
357
360
305
302
358
353
296
298
350
350
299
299
355
353
297
301
352
346
298
300
354
355
303
296
354
341
297
303
355
346
298
302
357
348
297
304
347
355
298
302
346
348
302
300
352
353
304
304
354
368
300
299
349
354
298
299
353
354
297
298
354
349
300
298
355
347
297
300
348
348
298
300
353
353
301
298
360
351
298
301
364
348
301
304
357
339
302
304
360
355
296
299
367
342
299
298
345
349
304
304
359
349
299
301
350
351
298
305
361
348
299
305
361
347
302
297
357
346
297
307
354
340
299
306
362
346
300
303
369
352
300
307
350
350
301
304
360
359
298
303
338
360
298
300
373
342
300
308
364
340
300
297
350
355
295
301
363
359
301
300
368
356
297
303
354
361
303
299
366
341
302
300
350
355
305
302
364
358
299
298
360
351
301
299
358
356
300
301
364
357
300
300
353
347
300
297
355
351
298
295
358
353
296
301
360
346
304
300
346
347
299
301
352
349
296
304
353
344
296
300
349
358
298
300
366
356
301
301
358
353
300
304
355
357
299
306
353
350
303
302
357
347
300
299
357
349
300
299
358
357
299
305
359
355
296
300
361
354
303
299
356
341
301
297
354
343
298
298
349
350
299
299
360
357
297
306
355
347
304
300
359
350
295
302
364
348
297
300
353
350
303
300
370
341
297
301
352
347
302
305
361
346
299
303
353
355
300
301
355
353
300
301
346
365
299
302
355
350
304
305
354
349
295
303
350
347
299
304
349
359
300
298
354
345
296
301
358
346
297
301
355
344
295
302
356
346
297
301
353
342
301
301
351
352
299
298
354
358
299
300
353
355
296
301
352
362
304
304
356
352
300
298
365
357
300
304
357
352
297
300
360
348
299
301
358
343
302
307
349
361
307
299
352
345
301
301
356
351
302
295
355
351
302
304
354
344
299
300
371
349
299
300
347
348
295
300
352
352
302
298
357
351
299
301
350
351
298
302
364
356
304
301
362
355
298
299
353
356
303
301
362
354
301
300
355
351
297
306
362
358
296
302
355
356
297
303
365
360
298
302
357
353
301
306
359
345
298
297
355
341
298
300
362
342
297
305
367
353
302
304
359
345
298
301
345
373
298
304
359
346
306
299
357
345
299
301
365
350
298
301
360
346
304
300
354
350
297
304
357
349
299
300
381
353
298
300
350
340
297
303
358
352
296
299
356
350
299
304
355
350
300
300
354
360
299
300
358
347
299
301
351
347
304
304
357
347
301
300
359
351
295
300
357
348
302
302
363
352
297
299
359
356
303
296
351
337
303
304
357
339
298
300
360
359
302
304
357
357
299
302
342
347
299
304
349
354
300
300
354
351
300
300
360
356
298
306
364
349
301
295
358
354
297
301
372
341
300
299
363
343
303
300
369
354
302
299
358
361
295
302
354
355
300
301
360
354
304
306
349
370
300
302
354
350
299
298
354
356
301
298
349
352
298
299
353
352
301
299
362
348
301
303
355
350
300
298
353
353
300
302
357
354
285
284
286
284
286
285
285
284
296
302
286
286
287
-5
-5

