;UFOS3
;Measurement details: channel = D, date = 12.09.2015, time = 09:47:49
Exposure=312
Gain=0
Temperature=32.7
Accummulate=4
1.7575886274404844 mu
1.7699232039680428 amas
34.417 hs
0 ozone
28989 uva
11969 uvb
9862 uve
[Value]
-9
280
280
281
281
281
281
281
298
296
354
355
294
295
362
363
303
301
360
376
296
306
385
366
299
298
394
391
306
306
394
370
308
305
374
364
303
302
378
383
301
302
367
373
300
305
394
388
311
308
380
381
300
304
396
391
295
301
387
398
300
311
379
404
307
302
393
372
301
303
362
393
302
310
375
379
297
301
374
377
305
306
400
380
298
304
377
386
303
304
378
392
300
303
383
374
301
299
374
393
304
304
373
384
300
311
397
380
300
305
393
371
303
305
377
390
305
301
372
380
294
301
384
387
300
309
377
369
295
309
387
397
295
304
376
390
296
303
377
374
304
298
390
394
300
309
381
399
301
308
402
394
300
300
386
381
298
303
389
389
301
305
379
378
308
311
386
396
302
304
377
405
301
308
369
391
302
305
385
383
300
304
408
381
305
306
365
375
303
302
378
393
301
308
384
385
307
301
374
386
302
303
376
376
298
303
373
383
299
308
372
375
305
305
385
386
302
301
379
387
302
306
372
393
299
306
381
377
305
308
387
374
304
304
370
384
311
306
397
371
301
300
368
387
298
307
386
383
301
298
381
379
305
303
373
386
303
308
420
381
300
304
390
374
300
297
398
376
298
303
380
369
294
307
381
380
307
295
390
378
304
306
391
383
307
301
395
376
305
300
384
377
297
304
380
371
297
303
385
377
293
299
382
380
302
305
392
387
307
306
380
385
297
301
393
367
312
307
389
375
307
304
389
393
298
301
396
390
306
303
371
380
301
298
385
375
302
300
381
374
297
307
377
392
303
312
379
398
300
310
387
386
304
304
366
375
304
304
373
374
300
309
377
371
299
306
364
380
303
296
389
385
301
306
377
380
301
310
387
388
301
303
376
373
301
306
386
389
301
305
400
376
301
297
378
391
307
308
395
387
304
301
381
395
307
308
392
379
296
311
387
380
304
312
387
390
306
301
380
384
300
305
373
388
303
299
360
384
298
306
383
382
298
300
374
395
297
306
381
379
304
301
391
376
299
300
381
394
298
306
385
410
301
303
378
379
303
309
385
383
303
302
377
371
299
301
392
368
302
297
369
381
304
307
380
372
307
308
375
379
303
298
373
392
293
307
382
389
299
316
387
379
296
310
373
373
304
297
367
385
304
304
385
377
299
303
366
393
296
307
391
397
303
301
378
388
304
303
385
388
298
304
384
392
302
304
379
387
305
301
384
384
304
308
379
375
302
306
386
376
311
301
374
374
301
305
380
397
298
303
373
373
303
303
377
372
300
303
397
379
314
306
387
410
299
307
370
391
304
303
390
387
300
307
382
373
304
301
385
390
300
301
385
395
305
304
380
382
302
306
370
385
298
309
372
391
298
306
381
385
296
308
376
366
306
305
382
386
293
304
394
386
304
303
382
384
308
305
381
374
305
312
397
389
308
303
381
395
313
310
394
369
295
300
373
376
298
302
380
401
301
313
384
385
298
302
370
383
308
307
400
387
302
309
388
384
304
299
384
389
295
306
388
378
297
304
395
393
304
306
381
374
295
306
375
381
295
305
386
384
304
307
391
377
301
304
394
399
309
309
380
368
304
305
381
379
307
310
368
384
306
301
396
387
301
303
376
382
302
308
399
370
304
304
362
383
299
305
385
387
300
304
382
377
302
303
370
369
298
312
390
389
303
311
397
366
299
303
367
374
307
299
379
379
297
301
378
380
300
305
383
377
298
305
378
387
304
309
382
385
310
301
381
381
303
304
374
378
303
300
408
374
303
309
378
379
306
308
383
381
301
307
401
389
307
308
374
372
298
308
399
390
299
311
379
373
297
304
381
382
302
302
390
392
300
302
389
377
304
304
395
389
303
305
366
362
300
301
383
376
302
309
384
371
301
302
381
392
302
299
386
389
297
308
379
382
306
304
376
370
308
298
379
391
303
303
391
372
306
308
384
380
298
301
381
382
305
305
398
389
300
304
366
393
297
307
402
385
303
298
384
390
300
308
386
373
298
302
405
377
300
308
391
380
301
310
384
381
303
302
381
377
310
305
398
374
303
310
381
383
298
312
376
387
309
305
403
377
297
308
390
382
310
308
380
374
297
305
375
388
297
308
370
379
303
300
370
404
304
307
387
383
302
304
394
379
310
304
374
387
296
302
378
387
308
304
379
370
308
307
393
383
302
296
390
373
304
298
398
385
297
302
380
383
303
312
393
386
314
314
368
388
293
307
371
384
302
304
386
380
300
306
390
373
300
300
376
389
303
312
385
392
301
345
380
387
295
303
376
378
297
297
380
382
298
305
362
383
299
304
387
386
307
300
381
384
303
303
381
392
302
303
393
386
304
306
405
384
299
312
378
383
301
306
376
374
309
306
378
398
301
306
377
382
298
311
390
378
298
304
377
401
297
299
391
373
301
299
390
376
298
310
389
377
305
305
376
398
301
303
372
385
303
309
377
388
302
301
378
378
302
304
384
370
300
309
392
378
300
302
393
384
300
301
385
397
305
298
388
381
296
305
373
388
302
303
381
391
304
301
390
375
298
302
371
394
303
303
394
393
298
313
379
381
305
300
385
380
299
310
374
384
304
311
368
374
298
299
396
381
301
303
372
418
303
304
391
373
307
302
378
389
307
310
380
392
298
307
379
402
299
309
369
374
301
307
380
375
297
305
381
376
307
300
377
399
296
303
359
379
300
303
384
375
299
308
382
375
303
303
373
368
298
305
379
385
299
311
379
388
305
302
385
376
307
299
383
395
304
298
392
369
307
303
390
391
306
303
378
384
300
305
376
389
302
312
388
390
309
296
381
389
298
305
392
394
302
305
380
389
299
314
395
367
303
307
379
393
299
305
383
409
301
303
383
381
303
305
372
398
305
307
393
376
302
304
387
377
300
302
375
383
302
306
395
392
300
309
384
373
297
298
385
371
305
303
382
380
304
308
386
378
302
308
386
401
301
308
384
382
300
310
382
374
302
300
375
390
305
304
389
380
303
301
393
387
299
303
390
383
301
298
389
385
299
312
381
394
299
309
404
384
300
315
376
381
300
306
391
372
298
302
395
388
306
302
388
381
299
304
374
387
301
304
357
377
301
302
381
398
298
313
381
399
297
301
374
369
300
297
393
390
301
303
393
381
320
304
387
390
298
302
377
392
299
308
393
380
304
311
389
376
299
299
387
385
304
307
366
390
326
301
385
376
301
309
378
380
302
310
376
387
299
307
379
388
298
300
376
385
307
299
388
379
298
309
393
377
306
308
397
388
302
308
358
390
304
310
382
395
305
304
379
389
296
303
375
383
307
305
386
377
301
307
384
371
306
312
391
380
299
310
372
384
308
303
376
389
306
312
385
383
301
302
369
375
303
308
403
394
301
309
396
378
302
303
376
387
302
304
388
384
301
312
371
385
302
308
382
392
299
310
379
402
303
303
380
397
300
309
393
394
299
309
386
394
296
299
398
377
304
305
395
382
302
302
376
382
301
312
368
376
303
307
370
394
307
305
383
370
299
307
391
385
302
308
372
383
300
310
379
383
307
309
379
379
295
304
380
392
299
302
390
387
297
304
405
386
303
303
397
380
298
305
389
405
298
306
372
390
301
303
381
388
302
307
387
371
302
301
394
401
303
308
381
405
302
305
385
376
302
314
397
385
301
298
399
391
299
302
375
377
302
302
384
376
306
310
386
390
305
303
376
385
294
305
382
388
302
305
369
385
309
304
367
366
301
304
390
396
293
307
386
383
300
301
384
385
304
310
385
375
294
307
383
386
300
302
368
383
296
300
389
388
305
303
384
371
299
307
377
374
299
308
380
379
303
302
391
394
300
309
388
387
300
308
394
386
301
301
391
372
315
308
393
391
302
300
374
380
308
302
390
385
298
303
379
368
310
309
377
388
405
311
388
392
298
315
388
389
304
310
382
373
300
303
384
386
295
302
387
382
301
308
380
385
304
313
379
385
306
304
390
391
299
305
387
379
306
304
399
368
309
307
385
382
301
314
379
397
300
310
386
395
297
307
378
387
299
309
396
386
301
306
388
385
304
301
391
380
306
307
385
383
300
303
392
389
305
302
378
384
303
300
381
382
309
305
377
382
303
304
388
382
304
309
386
379
299
303
383
391
304
304
390
391
294
306
388
376
300
308
383
376
299
307
374
386
304
314
378
378
297
300
373
393
298
308
391
383
307
302
379
400
305
300
397
377
296
305
382
381
306
303
371
390
298
312
400
373
306
306
392
398
297
303
401
382
304
313
393
378
298
309
387
389
296
301
416
387
303
300
376
388
298
307
376
384
307
306
378
383
306
303
381
374
304
305
374
372
300
307
385
380
299
301
382
396
306
301
376
387
302
303
380
396
299
309
377
378
303
305
381
373
300
308
365
386
297
306
395
389
299
302
381
379
303
309
390
386
304
305
382
396
300
308
387
380
302
310
387
382
302
306
387
372
308
306
389
380
308
306
369
387
298
306
385
391
300
300
387
373
301
304
395
386
303
307
388
386
299
307
374
386
306
302
389
380
306
309
387
391
302
299
375
387
302
300
380
392
302
305
384
382
302
305
379
387
309
310
391
402
304
307
381
412
306
301
383
374
298
300
396
388
313
312
381
380
296
307
387
366
304
305
388
377
309
306
385
369
303
308
396
389
295
302
381
364
299
303
387
382
303
305
399
388
300
300
379
366
300
306
383
373
300
308
419
382
303
302
374
372
303
299
386
371
301
306
390
383
304
303
394
404
302
310
393
381
305
308
383
398
300
307
375
374
299
302
355
381
308
300
402
401
305
303
390
403
297
307
388
387
301
302
386
384
301
305
392
384
303
304
407
381
299
303
382
384
301
308
408
389
298
306
378
380
295
311
387
376
299
306
385
379
308
305
372
386
299
308
384
388
300
302
384
376
300
305
384
397
300
305
378
389
301
306
396
400
306
306
392
373
310
304
381
401
302
312
386
376
308
313
374
378
300
301
392
385
300
312
382
381
295
305
395
384
306
306
396
386
301
308
396
388
305
306
381
391
298
295
387
386
304
310
390
389
311
301
387
387
308
309
379
391
299
309
393
368
302
318
381
387
297
303
382
390
300
301
380
401
301
301
404
382
366
310
396
393
302
303
367
404
298
306
382
379
298
309
393
394
298
301
377
383
299
304
389
384
296
299
402
376
298
303
391
393
304
305
393
379
302
298
399
395
299
310
386
379
295
309
394
385
297
302
375
373
308
308
367
394
310
308
379
384
304
300
399
388
309
302
395
386
303
316
392
366
296
311
390
392
294
301
388
400
303
309
399
371
297
307
380
366
302
306
402
376
299
310
360
377
300
307
383
383
303
300
377
373
303
306
392
410
298
305
373
365
297
311
395
386
301
307
366
379
310
307
395
389
299
313
384
370
301
305
375
387
296
305
386
373
304
303
389
395
302
298
385
380
300
304
393
389
306
309
399
380
310
304
386
376
310
308
398
378
294
304
387
384
305
309
397
373
306
306
402
373
301
299
369
377
297
303
393
412
294
301
402
378
308
305
389
376
301
304
397
382
295
305
373
391
305
309
390
377
297
309
372
378
297
303
397
377
306
317
384
394
298
301
407
397
304
304
382
371
303
308
383
379
298
305
392
384
302
308
374
403
302
306
390
375
302
301
389
393
297
307
394
387
304
303
389
379
299
305
368
385
312
313
390
378
312
315
382
392
303
305
378
370
301
311
395
378
300
305
399
375
297
308
388
381
298
302
405
366
302
306
399
385
301
302
379
386
299
303
409
396
304
302
372
384
294
307
409
379
300
303
379
377
299
308
384
372
303
307
391
372
307
308
403
386
301
304
393
394
356
304
387
367
301
301
395
381
303
303
382
367
299
306
391
383
300
302
398
375
301
307
383
389
303
304
402
371
305
309
383
371
301
297
386
385
303
308
389
366
306
305
384
365
298
310
385
376
300
309
379
383
306
302
383
386
305
298
406
371
305
313
385
377
301
307
394
382
304
303
376
382
297
309
378
380
311
305
368
375
302
306
380
354
299
306
395
364
302
304
391
382
296
308
397
365
307
303
382
371
301
306
394
386
301
305
390
372
300
305
379
372
302
301
392
370
301
308
386
395
300
301
398
394
313
304
382
379
301
303
381
381
305
306
394
385
299
305
385
371
302
311
386
386
300
310
385
371
299
310
389
378
306
305
384
380
301
304
372
386
303
302
387
393
299
303
394
377
301
300
386
390
296
312
376
383
298
304
402
385
303
301
383
382
298
301
400
392
302
315
382
381
298
309
393
377
314
307
389
396
303
302
391
381
305
310
393
384
312
312
397
397
305
299
369
390
305
309
384
394
300
307
400
378
298
306
408
376
302
308
391
377
299
303
397
372
308
303
395
371
304
299
401
383
302
305
394
381
303
299
396
375
301
307
377
393
308
311
397
367
303
299
393
372
306
305
388
383
297
301
413
381
307
308
379
386
305
301
369
399
308
297
404
389
296
306
410
377
302
303
381
397
307
305
383
370
310
303
388
375
303
302
378
374
302
301
386
362
309
306
393
385
307
303
389
401
305
303
378
399
301
303
393
379
303
300
389
369
306
310
388
397
298
312
375
385
307
309
404
376
305
309
385
381
300
305
431
378
308
310
379
384
312
303
406
398
303
307
393
388
308
312
392
392
306
308
393
381
300
305
380
384
296
307
388
370
302
310
372
396
302
302
386
385
300
299
387
392
301
308
381
383
300
306
387
398
306
304
396
398
300
311
387
376
302
307
399
385
307
308
382
387
300
300
391
392
306
307
393
389
306
308
398
386
309
303
399
386
303
307
407
395
307
308
392
416
306
308
382
389
303
311
393
378
309
309
382
377
304
303
391
399
311
307
391
390
299
304
385
384
304
303
389
387
298
306
384
379
302
305
393
393
309
301
386
369
300
311
391
378
300
308
396
381
302
308
380
390
299
304
379
381
309
307
388
385
308
311
386
412
303
306
383
393
300
303
392
392
299
302
389
382
302
304
392
376
300
305
379
384
302
308
385
389
308
301
395
382
303
306
403
380
307
309
395
365
308
313
396
389
300
306
408
370
305
301
374
383
311
313
394
382
303
305
386
388
296
311
396
381
302
312
402
378
310
300
396
383
302
313
391
365
305
316
403
381
302
312
412
386
303
315
380
381
304
313
398
399
303
312
365
403
303
303
415
371
304
318
402
370
305
301
381
389
300
307
406
395
307
306
412
392
300
306
388
399
310
301
405
370
308
305
383
388
311
308
407
395
304
301
399
385
308
303
395
391
305
305
405
394
305
306
390
379
305
300
391
385
298
303
397
390
298
306
398
379
314
307
376
379
302
307
386
383
298
311
387
374
299
304
380
397
300
306
406
390
305
306
398
390
302
306
389
395
305
312
390
381
311
308
398
380
303
300
393
382
305
305
394
392
301
313
401
390
299
305
401
390
306
304
391
369
306
299
393
371
302
303
381
383
306
304
395
388
300
313
392
376
309
306
394
382
297
307
403
382
301
307
387
386
307
304
418
370
301
306
386
381
304
315
400
378
302
311
390
391
308
309
390
388
306
307
378
406
304
308
391
384
311
312
389
381
297
309
383
378
304
309
383
399
301
302
388
374
300
308
397
376
299
307
392
374
297
306
393
376
299
308
389
375
305
307
384
382
305
302
392
399
305
304
387
395
302
305
382
406
308
308
392
387
305
299
407
397
306
310
394
386
300
308
394
377
304
304
395
376
307
314
382
406
314
303
387
375
305
303
396
385
307
299
389
383
308
308
394
374
304
301
413
382
304
304
378
377
299
306
384
388
309
301
396
388
302
307
387
386
302
306
406
390
311
308
404
391
301
304
388
391
309
306
400
394
305
303
388
385
304
314
401
394
297
307
394
391
304
308
405
397
304
308
392
390
307
313
400
378
303
301
389
372
300
307
397
374
301
308
412
391
305
309
397
375
306
308
378
421
303
311
398
377
311
304
395
378
301
309
405
385
302
307
397
377
312
305
389
383
297
310
396
388
303
304
433
392
302
301
385
372
304
308
395
384
298
299
392
382
306
309
388
387
307
308
389
397
307
306
394
380
302
308
385
382
312
309
397
381
305
307
400
391
297
302
391
381
311
306
401
386
301
300
399
391
310
301
384
363
310
311
391
369
304
307
403
399
306
315
396
392
302
307
370
381
309
308
383
393
300
306
392
384
304
304
395
395
303
313
408
385
305
299
393
390
304
308
415
374
305
302
402
373
307
304
411
390
307
300
391
397
299
308
392
392
308
305
397
393
311
310
381
415
303
306
394
384
303
303
388
392
308
305
379
383
300
304
384
382
306
302
404
380
304
310
390
385
304
299
386
393
307
305
394
388
281
281
280
280
280
281
280
280
298
308
281
279
280
-9
-9

