;UFOS3
;Measurement details: channel = Z-D, date = 12.09.2015, time = 09:52:51
Exposure=324
Gain=0
Temperature=32.8
Accummulate=4
1.7571448416997681 mu
1.7694658410445923 amas
34.427 hs
257 ozone
151547 uva
5935 uvb
1170 uve
[Value]
-5
-5
-4
-4
-4
-6
-7
-4
-6
-6
-6
-4
-5
-6
-5
-7
-5
-8
-5
-2
-6
-3
1
3
-2
-2
0
0
0
0
-2
-1
0
-1
-1
-1
-2
1
2
-1
1
1
2
-2
0
1
1
0
-1
-1
4
1
-3
0
0
1
1
2
1
-1
-1
0
2
1
-1
2
2
2
2
1
-1
-1
-1
-2
1
-1
0
1
2
1
1
1
-3
-2
0
1
-1
-1
-3
0
1
-5
-1
1
2
2
2
1
4
-2
-2
0
0
0
-1
2
1
0
0
1
3
-1
1
-2
2
-4
1
0
2
-2
-2
0
-1
0
0
2
1
1
-2
-1
-1
-3
-2
0
0
0
0
0
3
1
-2
0
-1
2
1
0
-1
0
-1
-1
-1
3
0
-2
1
0
-2
-2
1
2
0
1
-1
-1
1
1
1
0
2
1
2
0
2
-2
-2
-3
-1
1
1
0
-3
-2
0
-1
0
-1
2
-3
-1
0
0
0
-1
2
1
0
2
1
1
1
1
0
-1
-1
-1
0
0
3
-1
-1
6
1
1
0
1
0
-1
0
0
-1
2
1
-1
1
0
0
-1
3
1
-2
1
-1
1
-2
-1
2
2
0
-3
-1
3
1
0
1
-3
-2
1
-2
3
1
2
-2
0
-1
-3
0
-2
0
1
1
-2
1
1
-2
-1
0
-1
-1
0
3
1
-1
-1
1
0
4
0
1
0
-1
1
0
2
0
0
1
1
0
-1
-1
-3
-2
3
2
-3
1
2
0
1
-2
0
-2
-4
1
-2
-2
1
1
1
-2
2
2
0
2
0
1
-1
-1
0
0
-2
-3
2
2
1
-2
3
-1
-1
-1
-1
0
0
-1
0
0
0
-1
0
1
2
1
-2
0
1
-1
0
2
1
2
0
2
-1
0
1
-1
-1
0
2
-3
1
-1
-3
-2
-2
-1
2
1
1
-1
1
1
-2
3
2
-1
-2
3
-1
-3
2
-2
3
1
-1
1
-1
-1
-2
-1
-2
-2
0
0
2
4
2
0
-1
-1
0
4
1
0
-2
0
1
3
-2
-1
1
0
2
-1
-2
2
1
0
-1
1
2
0
0
0
0
-2
2
1
1
2
2
0
0
1
4
0
1
1
-1
3
3
-1
0
3
1
0
3
1
1
0
-1
-1
2
1
-4
-1
1
0
2
1
2
2
0
1
-1
1
1
0
2
0
0
1
3
0
4
2
4
-1
3
5
4
3
2
0
1
3
1
1
3
4
3
2
1
3
4
4
3
3
3
1
0
2
4
2
4
4
2
4
2
4
1
3
2
3
0
4
7
6
5
1
2
2
3
6
4
6
4
4
3
6
10
2
6
6
5
6
9
4
4
6
5
8
6
7
4
7
7
8
6
6
5
10
8
8
10
6
6
7
6
8
7
6
9
12
9
8
6
9
7
10
9
10
11
11
12
12
14
14
12
14
13
13
19
16
16
15
16
17
18
13
22
14
16
13
16
18
15
16
14
19
16
18
19
17
15
18
17
19
23
20
24
24
25
23
29
25
28
30
28
33
34
33
34
38
39
39
42
42
44
47
46
49
48
52
51
52
52
48
53
50
50
56
54
53
52
53
56
53
56
53
54
51
56
58
56
58
58
62
65
67
67
68
70
68
71
73
80
81
77
83
84
90
89
90
101
106
101
103
111
116
111
115
119
120
122
121
122
122
122
118
121
118
116
116
118
114
114
113
118
121
118
123
127
126
125
127
129
130
135
136
144
140
143
147
152
153
154
161
158
167
169
169
177
179
181
188
194
205
205
209
219
226
226
226
239
248
247
250
256
256
260
258
268
266
264
268
272
271
269
267
271
273
270
270
279
280
284
285
292
295
294
289
294
299
293
293
298
300
297
299
305
299
303
299
299
293
283
279
278
274
270
272
279
271
276
277
277
280
281
286
291
292
292
294
295
297
290
287
297
295
295
299
307
309
306
311
319
328
333
342
353
364
367
378
395
407
417
438
452
465
469
477
493
496
494
498
515
511
510
506
513
511
509
507
517
512
500
495
495
492
482
479
483
484
473
466
470
467
454
450
455
462
456
458
467
474
464
468
478
475
481
488
497
502
498
502
525
524
523
529
545
548
545
544
550
558
547
544
548
548
542
540
550
556
544
544
547
546
548
548
562
566
571
575
589
594
599
609
624
638
636
644
656
645
629
626
625
621
612
607
610
610
596
594
603
602
611
611
626
638
637
646
660
673
684
690
718
741
750
762
783
780
777
777
792
786
775
773
768
752
738
718
711
707
685
673
668
661
647
638
641
644
638
647
657
670
676
683
705
720
734
751
783
818
828
851
877
897
906
919
951
980
994
1015
1046
1061
1070
1089
1120
1135
1144
1159
1179
1186
1189
1208
1228
1227
1240
1250
1255
1249
1239
1224
1198
1187
1159
1133
1117
1095
1070
1052
1045
1033
1011
1016
1006
1005
995
993
1004
1014
1019
1032
1062
1091
1114
1144
1180
1227
1249
1271
1303
1325
1322
1326
1328
1330
1308
1312
1306
1295
1284
1275
1272
1255
1240
1222
1213
1213
1202
1189
1188
1194
1183
1197
1219
1221
1237
1256
1278
1299
1303
1319
1334
1348
1357
1381
1401
1418
1414
1444
1449
1466
1468
1469
1485
1490
1495
1491
1498
1491
1473
1448
1436
1421
1389
1367
1340
1311
1276
1254
1237
1214
1197
1183
1174
1156
1137
1140
1153
1156
1161
1174
1194
1196
1206
1218
1223
1232
1231
1227
1231
1238
1231
1229
1240
1235
1219
1205
1207
1187
1171
1145
1126
1109
1087
1068
1056
1031
1007
992
1001
1000
989
990
1012
1001
1000
1002
1001
1008
1014
1018
1040
1039
1048
1049
1076
1088
1102
1116
1133
1144
1140
1156
1179
1178
1174
1186
1202
1213
1212
1232
1252
1269
1272
1278
1298
1307
1323
1322
1338
1342
1335
1328
1329
1329
1314
1315
1312
1297
1282
1272
1278
1273
1268
1271
1275
1271
1267
1262
1273
1278
1275
1296
1332
1354
1379
1406
1444
1465
1494
1520
1562
1591
1614
1646
1671
1694
1707
1739
1767
1785
1800
1808
1816
1808
1803
1796
1808
1801
1817
1810
1825
1831
1852
1854
1868
1881
1883
1894
1909
1911
1906
1904
1909
1909
1923
1920
1942
1957
1960
1957
1970
1968
1964
1960
1954
1934
1944
1935
1932
1923
1917
1916
1910
1926
1925
1929
1925
1914
1916
1901
1900
1899
1906
1904
1912
1906
1913
1924
1922
1928
1922
1912
1917
1927
1930
1949
1975
1988
2018
2038
2062
2096
2126
2139
2156
2175
2227
2259
2269
2300
2358
2390
2367
2394
2482
2505
2432
2464
2547
2561
2483
2488
2591
2603
2521
2541
2625
2632
2555
2574
2648
2665
2580
2580
2659
2680
2584
2606
2681
2695
2590
2597
2684
2581
2513
2348
2395
2306
2254
2230
2257
2252
2229
2235
2257
2260
2227
2234
2248
2244
2229
2240
2274
2270
2257
2262
2281
2282
2242
2259
2294
2303
2268
2276
2318
2311
2291
2299
2330
2334
2285
2282
2300
2300
2253
2252
2283
2278
2248
2235
2258
2254
2223
2219
2221
2202
2179
2166
2162
2167
2141
2159
2163
2166
2172
2162
2171
2171
2148
2136
2105
2092
2069
2038
2023
2011
1981
1969
1957
1946
1939
1931
1898
1868
1852
1828
1814
1806
1795
1779
1777
1761
1785
1795
1814
1836
1866
1893
1918
1938
1951
1974
1984
1992
1999
1984
1977
1952
1939
1928
1923
1914
1924
1933
1912
1912
1901
1907
1897
1892
1897
1894
1902
1897
1920
1928
1949
1957
1979
1986
1976
1965
1948
1910
1867
1812
1772
1726
1681
1633
1613
1583
1552
1542
1529
1515
1509
1495
1502
1503
1495
1503
1518
1541
1538
1560
1574
1592
1599
1608
1612
1609
1593
1570
1559
1531
1496
1484
1468
1442
1440
1438
1454
1461
1484
1513
1558
1585
1620
1638
1680
1701
1710
1723
1727
1720
1713
1724
1728
1733
1725
1725
1719
1712
1707
1705
1710
1699
1701
1723
1747
1753
1768
1791
1810
1831
1876
1917
1944
1976
1980
1993
2006
2001
1995
1991
1990
1979
1958
1945
1937
1926
1914
1911
1915
1930
1932
1937
1974
1971
1984
1999
2013
2037
2081
2112
2149
2180
2226
2259
2258
2284
2338
2353
2317
2318
2382
2398
2328
2338
2396
2387
2303
2302
2353
2318
2253
2244
2258
2240
2202
2199
2232
2238
2235
2224
2252
2249
2204
2204
2212
2190
2169
2167
2158
2169
2169
2165
2183
2181
2187
2193
2218
2252
2229
2255
2299
2313
2286
2324
2392
2419
2349
2367
2466
2477
2406
2417
2495
2504
2424
2433
2501
2496
2418
2408
2484
2476
2399
2392
2479
2476
2407
2413
2505
2522
2458
2458
2536
2554
2487
2497
2557
2558
2474
2462
2572
2557
2479
2478
2560
2544
2451
2412
2451
2366
2275
2209
2191
2127
2077
2033
1998
1937
1902
1838
1802
1775
1745
1719
1686
1667
1667
1678
1666
1679
1702
1723
1770
1810
1870
1917
1959
1989
2025
2059
2079
2091
2109
2133
2153
2167
2179
2184
2220
2222
2208
2213
2224
2215
2178
2153
2163
2130
2088
2065
2048
2026
1988
1983
1972
1953
1931
1926
1909
1905
1891
1876
1877
1862
1870
1863
1863
1867
1882
1894
1909
1932
1956
1972
1988
2010
2022
2030
2030
2023
2011
1985
1971
1952
1940
1919
1893
1879
1854
1824
1784
1756
1733
1707
1688
1672
1671
1648
1645
1646
1646
1645
1652
1663
1682
1687
1686
1690
1712
1703
1719
1720
1737
1749
1743
1751
1770
1767
1767
1772
1773
1764
1747
1736
1726
1702
1684
1673
1672
1664
1652
1637
1634
1634
1631
1619
1627
1615
1598
1573
1567
1550
1533
1519
1526
1533
1543
1561
1602
1618
1633
1655
1688
1704
1724
1750
1780
1805
1829
1848
1868
1902
1918
1937
1964
1975
1983
1984
2011
2000
2002
1996
1987
1989
1986
1963
1961
1949
1931
1919
1906
1883
1864
1850
1827
1814
1790
1788
1771
1764
1753
1751
1763
1771
1766
1783
1805
1826
1839
1860
1870
1885
1880
1890
1903
1904
1917
1921
1926
1922
1901
1868
1835
1804
1765
1726
1689
1657
1622
1624
1626
1625
1623
1635
1666
1681
1692
1722
1757
1773
1793
1804
1830
1860
1874
1899
1929
1963
1983
2005
2024
2020
2035
2048
2050
2067
2077
2104
2120
2137
2169
2191
2200
2216
2238
2256
2227
2238
2278
2286
2260
2259
2312
2320
2289
2295
2366
2366
2316
2325
2376
2378
2317
2339
2395
2414
2361
2368
2448
2463
2373
2390
2480
2471
2397
2390
2453
2423
2347
2340
2399
2379
2321
2310
2368
2364
2294
2292
2325
2307
2253
2253
2255
2239
2198
2197
2209
2197
2173
2168
2170
2159
2130
2105
2095
2078
2064
2053
2059
2058
2062
2068
2067
2049
2021
1996
1959
1932
1907
1857
1830
1795
1796
1787
1797
1814
1838
1855
1863
1883
1903
1911
1937
1951
1972
1981
2012
2025
2038
2037
2049
2029
1998
1958
1924
1882
1859
1835
1788
1769
1741
1703
1662
1608
1583
1546
1500
1470
1452
1439
1434
1417
1442
1447
1461
1492
1521
1553
1584
1618
1658
1689
1712
1741
1794
1826
1867
1912
1950
1995
2033
2076
2111
2139
2181
2206
2205
2223
2264
2286
2248
2266
2309
2311
2265
2279
2329
2327
2270
2262
2267
2237
2185
2159
2139
2105
2062
2029
2010
1976
1941
1899
1841
1794
1742
1708
1676
1648
1626
1624
1617
1616
1618
1607
1599
1608
1607
1627
1626
1633
1656
1668
1676
1687
1683
1687
1677
1644
1635
1628
1599
1578
1580
1547
1531
1528
1536
1532
1526
1529
1517
1529
1532
1536
1556
1578
1609
1640
1689
1728
1771
1813
1851
1882
1901
1913
1914
1896
1871
1850
1833
1807
1783
1768
1744
1729
1692
1668
1647
1609
1581
1555
1543
1532
1512
1494
1515
1526
1527
1555
1598
1628
1654
1685
1716
1726
1752
1751
1777
1780
1784
1777
1775
1788
1763
1761
1756
1737
1720
1696
1685
1649
1625
1610
1581
1570
1548
1548
1547
1547
1544
1556
1576
1602
1614
1639
1663
1685
1699
1714
1746
1769
1797
1826
1855
1882
1914
1938
1965
1983
2005
2025
2038
2047
2070
2076
2080
2087
2090
2106
2089
2099
2116
2102
2100
2098
2104
2101
2086
2088
2085
2084
2060
2058
2052
2038
2023
2023
2021
2021
2026
2031
2051
2062
2065
2079
2084
2101
2091
2105
2126
2135
2126
2132
2148
2154
2148
2162
2173
2170
2138
2124
2119
2102
2074
2069
2056
2053
2041
2048
2057
2054
2049
2036
2040
2045
2053
2054
2051
2050
2042
2037
2050
2041
2038
2041
2037
2051
2069
2079
2099
2138
2131
2149
2186
2202
2201
2234
2289
2316
2292
2320
2418
2437
2372
2403
2478
2497
2436
2430
2517
2542
2465
2479
2560
2580
2474
2498
2585
2594
2503
2519
2608
2607
2524
2558
2637
2628
2544
2549
2654
2641
2553
2477
2536
2337
2236
2191
2195
2191
2174
2198
2235
2262
2258
2307
2396
2427
2392
2406
2497
2518
2438
2466
2552
2579
2497
2521
2591
2611
2514
2516
2631
2639
2560
2587
2649
2660
2562
2591
2667
2645
2550
2250
2207
2119
2104
2109
2119
2128
2132
2144
2199
2231
2257
2291
2367
2397
2337
2375
2458
2471
2387
2387
2469
2441
2340
2273
2232
2132
2061
2013
1966
1910
1870
1803
1763
1712
1693
1666
1660
1663
1683
1703
1729
1764
1804
1846
1882
1921
1956
1983
2011
2025
2033
2035
2049
2030
2017
2006
1971
1939
1890
1822
1767
1700
1661
1616
1585
1565
1561
1570
1573
1591
1626
1651
1683
1724
1771
1835
1885
1935
1981
2011
2053
2094
2097
2100
2123
2126
2123
2121
2111
2085
2070
2054
2043
2033
2000
1964
1939
1903
1879
1852
1831
1828
1835
1832
1840
1850
1862
1864
1862
1865
1879
1862
1855
1847
1844
1845
1838
1842
1869
1876
1892
1906
1917
1935
1948
1963
1987
1997
2022
2033
2062
2066
2076
2089
2092
2107
2131
2144
2145
2165
2186
2196
2189
2197
2218
2224
2205
2231
2272
2275
2243
2250
2286
2267
2232
2217
2236
2207
2160
2133
2113
2075
2027
1993
1972
1952
1937
1901
1893
1855
1827
1807
1784
1763
1755
1742
1730
1719
1730
1713
1699
1683
1673
1646
1625
1605
1597
1579
1579
1563
1560
1565
1548
1562
1592
1623
1632
1672
1697
1725
1737
1768
1797
1822
1841
1865
1881
1901
1915
1927
1936
1943
1947
1957
1968
1971
1989
1981
1973
1967
1953
1940
1927
1915
1886
1872
1850
1824
1796
1776
1771
1741
1718
1703
1685
1652
1615
1576
1545
1503
1472
1441
1436
1427
1426
1434
1438
1437
1423
1425
1418
1394
1363
1336
1312
1285
1255
1232
1230
1212
1207
1199
1210
1215
1193
1185
1177
1146
1125
1105
1115
1106
1091
1096
1101
1104
1102
1107
1118
1127
1120
1122
1128
1121
1109
1093
1101
1091
1073
1072
1087
1094
1116
1142
1185
1206
1230
1264
1306
1334
1350
1378
1418
1463
1492
1535
1593
1639
1679
1714
1751
1780
1785
1797
1813
1809
1817
1821
1830
1832
1828
1823
1830
1833
1820
1811
1816
1801
1791
1763
1766
1761
1748
1731
1735
1700
1680
1661
1633
1602
1565
1543
1545
1542
1546
1558
1586
1598
1615
1640
1670
1692
1705
1723
1754
1779
1798
1828
1873
1896
1929
1946
1956
1959
1949
1913
1854
1793
1722
1658
1621
1581
1539
1534
1537
1533
1529
1545
1572
1602
1617
1634
1669
1669
1693
1710
1744
1774
1800
1829
1853
1866
1872
1852
1831
1807
1799
1778
1777
1774
1760
1754
1724
1730
1716
1729
1738
1741
1730
1705
1704
1682
1677
1685
1690
1709
1734
1759
1780
1795
1801
1806
1827
1852
1880
1905
1940
1956
1983
2016
2049
2089
2116
2146
2154
2168
2188
2174
2154
2165
2187
2177
2161
2157
2167
2158
2133
2131
2164
2147
2122
2104
2084
2050
2034
2023
2012
2001
2004
2009
2019
2035
2024
2023
2020
2027
2039
2068
2103
2132
2122
2152
2180
2195
2201
2213
2261
2267
2243
2231
2261
2269
2215
2202
2237
2205
2171
2157
2149
2105
2069
2025
2003
1977
1938
1912
1885
1867
1848
1827
1803
1786
1766
1740
1711
1681
1655
1631
1590
1555
1534
1496
1460
1432
1392
1338
1286
1240
1189
1126
1050
996
943
881
823
777
745
706
662
646
638
639
619
623
636
653
661
694
732
757
792
830
866
899
938
958
986
1007
1015
1027
1051
1068
1093
1130
1166
1204
1234
1262
1290
1313
1331
1356
1394
1410
1444
1449
1455
1444
1401
1358
1320
1284
1246
1219
1202
1193
1183
1196
1216
1261
1296
1333
1389
1424
1448
1469
1503
1519
1527
1528
1524
1504
1469
1433
1407
1365
1304
1265
1248
1221
1200
1170
1150
1124
1077
1041
996
944
885
836
795
754
710
678
665
647
627
613
608
601
586
588
600
605
616
636
673
704
732
769
822
859
904
938
997
1039
1077
1120
1165
1208
1236
1269
1306
1328
1357
1371
1393
1419
1424
1436
1451
1452
1454
1459
1460
1450
1447
1448
1463
1464
1463
1473
1474
1467
1458
1460
1458
1468
1465
1471
1484
1488
1483
1488
1512
1515
1518
1530
1557
1557
1556
1551
1555
1531
1525
1531
1549
1553
1542
1544
1552
1548
1533
1536
1543
1542
1551
1550
1571
1580
1557
1552
1557
1547
1537
1538
1547
1539
1529
1537
1526
1487
1471
1441
1445
1443
1453
1461
1470
1477
1480
1490
1514
1527
1555
1573
1596
1613
1624
1622
1622
1627
1609
1603
1607
1614
1612
1608
1623
1612
1617
1620
1623
1612
1612
1613
1629
1631
1624
1616
1616
1629
1618
1619
1636
1629
1634
1632
1641
1641
1637
1638
1656
1655
1632
1625
1625
1612
1597
1581
1565
1552
1540
1525
1523
1516
1488
1472
1482
1475
1471
1463
1482
1485
1479
1492
1525
1540
1550
1558
1570
1582
1587
1602
1628
1650
1644
1653
1661
1662
1624
1593
1553
1513
1474
1447
1431
1412
1396
1378
1390
1388
1387
1403
1423
1429
1427
1435
1448
1448
1450
1473
1486
1508
1518
1537
1560
1570
1559
1536
1513
1468
1424
1402
1388
1388
1387
1382
1400
1405
1416
1424
1445
1463
1456
1459
1450
1427
1405
1401
1403
1394
1390
1386
1392
1403
1388
1377
1376
1386
1378
1380
1390
1390
1382
1397
1403
1397
1386
1392
1415
1443
1438
1440
1443
1433
1417
1412
1414
1417
1410
1388
1376
1352
1326
1298
1299
1284
1289
1302
1326
1348
1367
1363
1384
1385
1372
1380
1393
1393
1369
1368
1375
1369
1382
1387
1406
1413
1419
1421
1435
1436
1442
1435
1432
1409
1393
1385
1386
1374
1357
1361
1375
1400
1413
1415
1424
1435
1423
1419
1406
1401
1375
1365
1357
1338
1318
1299
1299
1286
1249
1234
1214
1192
1154
1132
1111
1089
1064
1054
1052
1042
1034
1033
1038
1041
1034
1040
1046
1046
1051
1061
1071
1086
1092
1105
1127
1138
1139
1140
1136
1144
1128
1133
1133
1126
1098
1092
1083
1067
1056
1035
1031
1024
1019
1007
1016
1021
1019
1010
1040
1041
1033
1051
1066
1071
1071
1080
1077
1077
1076
1067
1074
1072
1056
1052
1055
1037
1034
1038
1031
1021
1018
999
1012
1006
989
985
988
972
949
936
936
928
909
890
888
883
873
869
870
872
860
862
871
865
865
868
885
877
875
881
892
895
890
890
893
879
866
858
856
843
836
830
831
828
809
814
810
799
781
780
787
780
769
773
775
779
772
771
777
783
779
777
773
767
743
741
747
736
725
718
727
718
710
704
712
705
695
693
700
692
683
689
694
698
694
697
705
698
688
691
698
695
699
702
716
719
704
703
706
704
698
697
705
697
691
691
694
675
660
649
655
642
626
622
617
607
588
599
596
598
590
586
588
579
569
570
576
572
574
576
584
583
579
579
584
587
576
574
583
579
578
575
578
585
570
568
573
570
555
551
558
556
540
544
552
552
541
537
534
534
530
535
543
549
547
548
558
551
555
554
561
566
557
555
551
544
528
522
529
525
516
515
518
514
498
489
491
490
482
480
488
485
483
490
498
497
502
509
516
505
499
494
498
498
507
519
517
533
531
530
543
545
534
538
539
535
533
529
535
530
524
521
527
530
514
511
514
511
497
480
483
470
456
456
464
471
456
451
449
440
428
419
412
398
387
387
377
374
363
362
374
373
374
381
393
393
389
395
402
401
394
394
407
409
410
412
432
430
428
439
445
451
451
451
455
451
441
443
445
450
439
437
448
450
447
450
455
456
451
450
457
464
462
465
474
484
488
499
486
249
-6
-2
-6
-8
-5
-4
-4
-3
402
402
-6
-6
-6
-5
-5

