;UFOS3
;Measurement details: channel = Z, date = 12.09.2015, time = 10:02:37
Exposure=321
Gain=0
Temperature=33.1
Accummulate=4
1.758379758916956 mu
1.770738561124407 amas
34.399 hs
210 ozone
181873 uva
18255 uvb
11322 uve
[Value]
-9
282
283
283
281
283
281
282
301
299
360
360
295
295
367
369
306
301
365
381
296
311
396
376
306
305
409
402
316
313
407
381
316
313
388
380
310
307
386
392
307
310
381
383
307
312
406
401
321
318
394
393
306
313
410
402
304
308
399
410
309
320
392
413
314
309
405
382
310
311
375
403
311
321
387
393
304
310
387
387
313
313
412
391
305
312
389
397
309
314
391
401
306
309
394
387
309
306
386
404
314
310
385
398
311
320
409
393
310
314
403
381
311
313
386
402
313
307
384
390
301
309
400
398
305
317
387
380
304
317
401
410
303
314
389
405
302
311
392
389
311
306
400
406
309
314
394
413
311
314
415
405
306
308
397
390
306
311
402
403
307
312
393
391
316
318
397
409
309
310
392
419
307
313
385
407
309
313
399
395
308
314
421
392
315
314
378
386
311
310
388
407
307
315
395
395
312
311
386
398
308
312
387
390
306
311
386
396
305
316
384
387
312
311
401
401
310
307
392
399
309
312
385
404
306
314
394
388
312
316
401
386
310
314
382
397
320
313
409
383
308
307
379
397
308
314
399
391
311
306
395
391
314
311
385
394
311
315
432
392
309
311
402
386
308
308
409
387
305
311
388
383
303
315
393
394
315
303
402
390
311
314
402
395
312
307
408
389
315
307
398
390
306
311
393
387
304
311
396
393
301
307
396
392
310
311
405
399
317
313
394
398
304
310
407
378
323
317
402
387
313
313
400
410
306
306
409
403
314
311
384
392
309
305
399
387
308
308
392
385
304
315
386
406
310
319
390
409
308
318
400
396
313
311
378
386
314
311
384
385
308
315
390
383
308
315
376
396
310
306
403
398
310
315
388
391
309
316
404
398
308
312
388
380
312
315
397
404
311
314
414
387
307
309
389
406
316
315
409
400
310
309
398
408
314
316
405
390
304
321
401
393
313
320
401
405
315
308
392
397
309
315
386
402
313
308
373
395
306
313
395
394
306
309
384
405
306
313
393
390
313
309
406
389
308
309
393
407
308
315
401
424
310
310
392
393
310
319
397
400
312
310
391
386
307
307
405
381
311
309
383
395
313
315
393
387
318
318
387
394
311
308
388
410
303
315
399
402
308
327
400
394
305
320
386
387
314
309
386
401
314
315
399
392
309
313
378
409
306
320
409
413
315
314
396
405
317
314
402
403
312
317
399
407
314
317
398
406
320
312
400
400
316
322
399
392
317
320
405
396
329
317
390
393
316
319
401
415
313
318
393
391
321
320
395
390
317
319
417
398
329
322
407
427
316
325
390
415
324
321
412
409
321
326
406
398
324
322
410
413
323
322
415
422
329
327
410
412
325
329
399
416
324
335
400
421
317
328
409
415
320
331
408
398
332
330
414
419
322
331
429
423
335
336
422
424
344
344
428
419
343
357
445
436
354
352
436
454
363
363
455
430
350
356
435
437
355
358
445
470
359
371
449
452
357
363
436
450
370
368
470
456
365
370
456
454
369
369
462
470
368
380
471
458
376
386
480
481
394
399
478
475
393
407
486
494
404
418
504
510
424
428
522
509
428
432
526
538
436
435
510
497
429
426
507
505
431
432
498
521
435
430
535
520
432
442
516
527
443
452
552
524
456
462
522
548
462
472
559
567
476
480
577
572
495
500
579
587
511
533
621
624
532
551
649
619
553
557
633
644
571
563
656
657
570
574
662
661
575
582
664
658
579
582
670
678
594
604
688
691
612
601
691
689
607
607
685
690
610
606
729
688
608
614
692
684
598
593
671
667
582
586
690
676
587
591
663
664
588
601
701
696
598
607
689
680
597
604
691
692
603
612
708
713
612
618
719
715
640
651
758
762
677
689
769
786
725
744
843
851
780
793
882
876
806
810
903
915
813
815
915
915
815
824
912
898
815
804
881
871
795
783
871
883
785
774
879
847
774
765
860
856
756
769
864
865
780
787
888
874
786
798
875
907
803
816
939
927
836
838
936
947
848
858
956
934
846
851
969
939
855
863
956
945
856
863
949
942
862
861
955
956
884
889
996
983
905
923
1015
1022
943
961
1033
1043
951
936
1043
1011
915
916
1013
1002
915
914
991
992
912
927
1016
1035
943
968
1042
1054
997
1003
1106
1157
1068
1079
1183
1175
1084
1096
1202
1182
1097
1078
1152
1153
1035
1030
1105
1096
1002
987
1061
1035
955
951
1048
1033
951
951
1068
1059
989
988
1117
1118
1035
1064
1175
1214
1139
1168
1282
1294
1227
1251
1341
1378
1296
1330
1430
1455
1383
1410
1522
1524
1449
1472
1577
1575
1497
1513
1608
1635
1554
1575
1657
1660
1548
1560
1605
1588
1461
1449
1512
1489
1378
1350
1443
1426
1323
1323
1382
1392
1307
1309
1396
1413
1336
1342
1458
1486
1426
1455
1578
1622
1555
1589
1715
1723
1633
1645
1747
1727
1620
1618
1697
1692
1590
1591
1663
1644
1555
1536
1607
1623
1508
1504
1580
1599
1496
1515
1617
1615
1540
1570
1672
1714
1605
1623
1743
1741
1662
1678
1802
1809
1722
1755
1859
1856
1772
1790
1874
1907
1805
1807
1887
1892
1791
1762
1835
1825
1698
1675
1735
1705
1584
1566
1643
1604
1503
1499
1574
1542
1450
1450
1564
1554
1471
1478
1586
1600
1516
1523
1629
1629
1532
1542
1619
1639
1547
1548
1629
1649
1526
1514
1612
1577
1474
1460
1521
1521
1398
1377
1464
1437
1313
1312
1394
1388
1304
1300
1398
1401
1310
1319
1387
1407
1323
1336
1406
1437
1355
1357
1488
1484
1409
1430
1511
1578
1451
1471
1584
1565
1494
1500
1594
1616
1536
1547
1647
1672
1572
1593
1685
1721
1632
1647
1722
1736
1646
1642
1728
1721
1623
1623
1703
1681
1597
1591
1668
1691
1573
1582
1644
1672
1569
1576
1675
1671
1585
1619
1723
1750
1685
1714
1831
1844
1798
1833
1947
1992
1920
1965
2070
2101
2032
2053
2164
2174
2119
2122
2207
2219
2113
2104
2204
2190
2121
2123
2237
2252
2164
2166
2255
2274
2199
2203
2299
2315
2220
2228
2314
2311
2240
2225
2336
2361
2264
2272
2381
2371
2280
2269
2345
2353
2255
2247
2342
2306
2234
2231
2306
2332
2233
2247
2321
2334
2221
2215
2308
2293
2224
2209
2297
2321
2225
2242
2331
2317
2230
2228
2328
2320
2241
2266
2359
2393
2329
2354
2473
2501
2431
2456
2559
2563
2532
2563
2665
2686
2678
2709
2754
2784
2796
2818
2832
2854
2862
2878
2885
2903
2901
2918
2920
2937
2932
2948
2943
2960
2956
2970
2965
2984
2975
2992
2984
2997
2992
3004
2999
2998
2995
2911
2938
2745
2734
2604
2659
2634
2568
2571
2621
2645
2569
2572
2642
2630
2558
2568
2628
2631
2586
2581
2660
2644
2590
2591
2660
2655
2610
2619
2670
2668
2626
2632
2678
2696
2644
2649
2667
2671
2607
2604
2649
2662
2591
2603
2638
2652
2563
2569
2603
2596
2538
2514
2593
2574
2485
2481
2561
2555
2500
2488
2568
2569
2484
2475
2540
2537
2424
2412
2483
2441
2339
2327
2385
2358
2268
2257
2329
2326
2217
2189
2235
2239
2168
2116
2195
2163
2078
2081
2175
2195
2119
2157
2262
2290
2232
2253
2339
2374
2286
2299
2389
2382
2292
2260
2341
2322
2233
2238
2343
2322
2229
2233
2322
2310
2212
2215
2266
2298
2220
2221
2322
2343
2264
2270
2372
2387
2285
2279
2333
2315
2186
2133
2184
2113
1993
1958
2019
1967
1874
1854
1932
1910
1813
1818
1885
1902
1808
1823
1922
1942
1863
1882
1977
1985
1910
1920
1995
2011
1905
1888
1976
1941
1813
1796
1875
1838
1751
1751
1846
1865
1792
1830
1961
1979
1930
1968
2066
2107
2020
2045
2120
2125
2030
2050
2120
2147
2046
2034
2114
2119
2017
2024
2115
2117
2013
2042
2139
2176
2071
2104
2232
2232
2184
2225
2358
2365
2293
2302
2396
2399
2315
2314
2376
2362
2263
2263
2325
2338
2240
2222
2319
2314
2237
2265
2376
2376
2303
2318
2400
2428
2394
2436
2540
2576
2545
2577
2652
2680
2653
2670
2715
2727
2704
2714
2737
2745
2705
2702
2722
2703
2667
2642
2672
2646
2573
2553
2603
2625
2537
2560
2620
2629
2571
2564
2612
2605
2531
2512
2569
2554
2481
2476
2565
2579
2503
2511
2588
2610
2533
2558
2634
2643
2610
2633
2701
2716
2708
2729
2756
2776
2776
2792
2800
2813
2813
2820
2825
2826
2825
2819
2826
2816
2800
2797
2791
2794
2783
2798
2803
2819
2823
2838
2842
2856
2859
2871
2870
2875
2876
2877
2878
2876
2880
2878
2879
2873
2876
2855
2853
2813
2776
2688
2675
2600
2502
2452
2480
2446
2308
2250
2286
2238
2103
2085
2142
2120
2012
1990
2066
2057
1976
1993
2097
2123
2085
2136
2263
2312
2268
2308
2440
2478
2397
2410
2514
2533
2466
2483
2588
2586
2541
2536
2615
2594
2552
2535
2587
2563
2466
2440
2482
2465
2369
2337
2400
2377
2282
2271
2333
2302
2225
2221
2295
2288
2296
2189
2267
2280
2163
2195
2296
2300
2226
2249
2343
2356
2297
2330
2423
2441
2342
2337
2413
2391
2279
2278
2339
2320
2216
2205
2245
2226
2097
2068
2141
2116
1999
1984
2073
2045
1969
1956
2069
2040
1981
1988
2088
2091
2003
2015
2097
2129
2033
2047
2144
2155
2058
2076
2163
2179
2075
2088
2184
2169
2053
2046
2129
2106
2009
2004
2090
2053
1968
1963
2044
2041
1937
1941
2036
2028
1901
1890
1962
1952
1843
1830
1934
1931
1868
1888
2000
2018
1952
1979
2089
2109
2046
2064
2182
2198
2130
2164
2273
2308
2238
2256
2367
2382
2295
2307
2411
2402
2323
2319
2391
2387
2295
2285
2348
2349
2244
2243
2298
2267
2175
2159
2218
2220
2112
2106
2178
2166
2085
2068
2157
2198
2085
2101
2223
2225
2152
2181
2271
2276
2211
2203
2285
2312
2229
2252
2345
2303
2216
2183
2251
2220
2073
2045
2108
2049
1944
1948
2031
2013
1929
1952
2056
2092
2001
2031
2184
2172
2106
2115
2227
2261
2194
2221
2316
2359
2314
2326
2426
2421
2356
2364
2454
2456
2401
2418
2517
2536
2487
2517
2591
2612
2549
2568
2635
2652
2606
2608
2661
2663
2630
2642
2686
2710
2685
2698
2712
2722
2699
2699
2720
2725
2716
2737
2746
2771
2759
2780
2786
2797
2795
2790
2798
2783
2779
2745
2768
2745
2728
2709
2721
2726
2682
2686
2696
2687
2646
2627
2658
2649
2583
2564
2605
2596
2530
2523
2588
2570
2490
2485
2513
2516
2407
2399
2469
2470
2378
2381
2473
2460
2376
2362
2440
2402
2279
2256
2304
2265
2137
2122
2188
2190
2115
2122
2234
2252
2190
2201
2309
2327
2252
2264
2358
2387
2327
2340
2442
2456
2360
2347
2401
2359
2238
2207
2259
2233
2113
2085
2153
2122
1977
1942
1976
1967
1824
1784
1857
1831
1740
1739
1854
1846
1782
1810
1915
1955
1900
1939
2062
2066
2025
2060
2191
2220
2189
2222
2355
2384
2347
2405
2527
2543
2498
2527
2608
2606
2582
2589
2652
2660
2637
2633
2689
2682
2653
2641
2666
2649
2586
2561
2590
2544
2451
2425
2494
2425
2316
2289
2331
2286
2168
2107
2145
2094
1995
1952
2041
2026
1940
1935
2035
2028
1913
1921
2024
2027
1941
1961
2059
2081
1986
2004
2080
2068
1990
1971
2005
2022
1926
1893
1994
1971
1843
1848
1946
1954
1838
1857
1931
1942
1847
1852
1953
1980
1917
1962
2100
2131
2089
2128
2271
2283
2215
2220
2312
2303
2189
2188
2266
2217
2093
2083
2143
2127
2004
1984
2043
2005
1898
1878
1948
1928
1822
1826
1913
1936
1846
1880
2002
2027
1961
2000
2118
2127
2062
2074
2177
2200
2103
2102
2169
2188
2080
2084
2170
2165
2034
2018
2094
2048
1952
1922
1984
1993
1866
1876
1946
1939
1861
1882
1961
1988
1919
1954
2070
2082
2006
2050
2139
2172
2106
2155
2275
2287
2238
2255
2373
2380
2322
2346
2452
2465
2388
2396
2477
2498
2408
2412
2499
2509
2430
2426
2511
2509
2429
2421
2498
2495
2409
2404
2463
2476
2370
2365
2437
2399
2337
2349
2430
2436
2361
2384
2461
2480
2396
2416
2495
2516
2451
2448
2552
2539
2541
2488
2569
2571
2493
2487
2525
2547
2435
2426
2484
2467
2376
2377
2460
2459
2361
2359
2450
2447
2359
2373
2454
2452
2369
2365
2470
2436
2365
2358
2450
2456
2362
2375
2479
2478
2414
2440
2547
2567
2509
2531
2605
2626
2604
2632
2698
2718
2728
2754
2769
2792
2797
2817
2820
2838
2839
2859
2859
2875
2873
2889
2887
2903
2899
2912
2912
2925
2922
2933
2934
2942
2940
2955
2951
2958
2956
2963
2960
2930
2901
2707
2689
2588
2516
2512
2568
2574
2554
2581
2675
2695
2705
2743
2762
2793
2805
2831
2835
2862
2862
2886
2884
2906
2902
2926
2918
2942
2933
2955
2946
2965
2958
2978
2970
2988
2976
2983
2968
2742
2648
2450
2525
2513
2436
2450
2534
2541
2513
2547
2647
2688
2672
2715
2739
2761
2772
2784
2793
2801
2791
2771
2755
2677
2569
2462
2480
2421
2290
2237
2269
2213
2089
2035
2100
2067
1979
1984
2101
2097
2037
2085
2209
2238
2201
2242
2370
2372
2335
2346
2459
2433
2358
2348
2409
2401
2287
2249
2308
2260
2080
2027
2080
2011
1912
1890
1968
1959
1891
1908
2034
2057
1985
2044
2170
2251
2203
2260
2399
2426
2360
2419
2491
2512
2440
2457
2534
2516
2434
2424
2467
2473
2363
2341
2434
2383
2261
2221
2278
2236
2151
2154
2238
2242
2156
2167
2278
2268
2184
2196
2276
2289
2173
2175
2254
2232
2150
2165
2272
2291
2202
2235
2327
2348
2265
2281
2391
2405
2338
2356
2447
2475
2397
2419
2499
2510
2462
2473
2555
2577
2507
2522
2584
2588
2545
2554
2621
2629
2594
2600
2657
2647
2616
2587
2632
2619
2550
2530
2581
2518
2435
2392
2455
2405
2297
2267
2333
2311
2202
2177
2265
2229
2102
2074
2140
2147
2037
2047
2150
2114
2009
1997
2064
2042
1933
1930
1998
1980
1883
1886
1968
1948
1884
1889
2011
2021
1955
1983
2110
2143
2110
2088
2216
2216
2163
2171
2294
2305
2236
2245
2348
2336
2267
2279
2384
2373
2298
2299
2391
2367
2277
2262
2326
2320
2214
2192
2268
2218
2120
2108
2167
2141
2030
2021
2088
2052
1932
1900
1948
1887
1779
1757
1844
1811
1746
1757
1838
1821
1737
1735
1811
1792
1686
1650
1721
1690
1571
1540
1648
1606
1522
1535
1615
1608
1515
1504
1591
1553
1448
1433
1504
1501
1403
1420
1495
1501
1429
1422
1503
1516
1445
1437
1527
1492
1415
1419
1508
1475
1388
1398
1507
1503
1428
1462
1601
1600
1555
1578
1707
1723
1664
1706
1840
1864
1797
1857
1999
2032
1990
2033
2152
2167
2102
2116
2226
2201
2126
2141
2237
2247
2152
2145
2257
2241
2145
2146
2215
2202
2104
2094
2175
2150
2060
2054
2147
2118
2000
1974
2038
1995
1885
1866
1946
1947
1863
1884
1989
1993
1930
1964
2071
2094
2027
2038
2156
2180
2114
2146
2264
2306
2242
2260
2361
2372
2259
2222
2273
2183
2034
1983
2023
1986
1865
1862
1925
1934
1847
1862
1996
2007
1935
1943
2072
2072
1996
2023
2164
2190
2122
2157
2258
2263
2168
2179
2242
2210
2131
2109
2181
2189
2080
2066
2146
2127
2038
2045
2155
2144
2054
2039
2115
2096
1988
1993
2086
2127
2056
2086
2185
2208
2124
2127
2243
2248
2189
2224
2367
2356
2302
2355
2466
2479
2444
2464
2572
2557
2511
2492
2581
2556
2507
2505
2585
2562
2494
2480
2548
2541
2481
2466
2545
2496
2405
2372
2432
2432
2338
2341
2429
2401
2345
2346
2434
2415
2343
2350
2449
2476
2415
2450
2563
2550
2508
2536
2605
2622
2583
2593
2632
2651
2583
2586
2638
2619
2550
2532
2603
2559
2473
2437
2468
2454
2336
2300
2340
2306
2214
2191
2258
2222
2123
2107
2162
2142
2023
2010
2074
2009
1924
1874
1949
1913
1785
1743
1798
1760
1607
1551
1585
1550
1375
1311
1356
1280
1142
1094
1154
1082
982
966
1044
1047
928
948
1028
1053
980
1011
1155
1151
1109
1151
1272
1303
1239
1269
1437
1405
1341
1342
1444
1468
1418
1451
1592
1622
1550
1580
1705
1723
1653
1686
1806
1821
1762
1776
1875
1841
1715
1672
1714
1690
1557
1540
1612
1578
1500
1523
1617
1675
1615
1660
1791
1832
1767
1788
1907
1927
1841
1855
1925
1909
1786
1755
1821
1786
1631
1598
1666
1642
1514
1501
1559
1514
1392
1360
1421
1345
1213
1156
1190
1153
1017
991
1075
1057
939
930
1011
1005
901
903
1007
1006
938
951
1094
1107
1045
1088
1243
1273
1222
1266
1406
1479
1389
1427
1571
1615
1548
1599
1720
1732
1683
1704
1807
1814
1742
1764
1861
1879
1777
1781
1871
1857
1759
1773
1875
1865
1777
1786
1883
1879
1774
1780
1872
1864
1778
1784
1893
1901
1807
1807
1907
1899
1837
1863
1969
1960
1871
1871
1966
1936
1848
1856
1944
1959
1857
1864
1942
1949
1854
1865
1943
1949
1874
1889
1980
2013
1881
1870
1959
1959
1860
1859
1961
1953
1853
1851
1939
1898
1787
1763
1856
1847
1766
1777
1868
1865
1794
1817
1916
1941
1874
1889
2015
2014
1944
1949
2050
2015
1928
1931
2027
1998
1941
1947
2038
2028
1931
1937
2056
2006
1940
1930
2017
2031
1956
1945
2045
2024
1930
1940
2038
2046
1952
1960
2060
2041
1962
1964
2076
2055
1958
1938
2036
2014
1913
1906
1973
1933
1860
1859
1942
1918
1813
1807
1908
1880
1787
1799
1879
1890
1802
1813
1936
1960
1871
1884
1956
2004
1907
1929
2069
2038
1964
1980
2089
2047
1953
1914
1956
1924
1786
1775
1861
1832
1711
1694
1815
1802
1699
1725
1830
1851
1750
1759
1870
1833
1769
1785
1891
1921
1850
1861
1994
1987
1882
1856
1931
1871
1748
1722
1812
1813
1704
1703
1822
1824
1732
1747
1852
1856
1772
1772
1861
1838
1724
1714
1817
1808
1704
1710
1811
1789
1720
1702
1777
1784
1699
1708
1791
1794
1703
1719
1800
1782
1698
1713
1816
1859
1759
1761
1878
1840
1732
1735
1832
1825
1724
1704
1785
1773
1646
1628
1704
1686
1612
1620
1741
1744
1681
1679
1788
1785
1692
1700
1809
1798
1683
1692
1796
1792
1694
1714
1825
1829
1746
1746
1850
1826
1756
1749
1840
1802
1720
1713
1783
1772
1678
1681
1795
1803
1722
1753
1840
1832
1755
1739
1828
1804
1689
1689
1783
1742
1631
1624
1706
1685
1573
1547
1649
1578
1470
1445
1514
1495
1386
1382
1482
1439
1353
1356
1445
1447
1347
1351
1455
1458
1364
1380
1471
1512
1409
1424
1539
1547
1466
1467
1551
1534
1445
1454
1536
1521
1420
1412
1487
1490
1365
1348
1430
1416
1325
1323
1424
1410
1333
1330
1443
1433
1342
1362
1481
1469
1382
1397
1485
1471
1391
1392
1476
1479
1370
1362
1462
1458
1353
1346
1444
1438
1326
1328
1409
1434
1310
1304
1395
1381
1270
1253
1362
1345
1232
1212
1295
1289
1185
1194
1290
1271
1183
1181
1281
1266
1185
1201
1284
1304
1210
1202
1295
1293
1211
1210
1307
1286
1186
1170
1260
1246
1154
1157
1240
1214
1134
1118
1239
1197
1098
1093
1183
1169
1080
1083
1174
1183
1089
1086
1191
1186
1088
1093
1177
1163
1056
1055
1166
1148
1054
1041
1144
1129
1022
1019
1120
1110
1016
1011
1116
1097
1005
996
1100
1102
1013
1023
1117
1113
998
1009
1102
1100
1009
1022
1139
1128
1015
1020
1119
1108
1014
1022
1119
1086
1007
1000
1097
1064
969
962
1065
1027
932
935
1044
1015
914
916
1011
986
905
913
983
1022
885
894
993
965
893
892
991
975
898
901
1011
984
891
895
992
974
897
891
988
985
882
894
982
973
868
868
1008
963
854
857
953
938
853
856
944
935
835
848
954
950
859
871
959
961
871
879
966
977
876
870
962
942
847
844
925
921
840
833
933
901
811
809
906
898
790
794
895
883
802
801
918
903
809
820
926
914
817
803
902
878
826
839
931
920
847
853
962
959
857
864
951
944
850
851
916
926
844
845
927
937
826
828
919
914
812
797
891
883
772
779
887
864
772
761
866
841
748
733
843
787
705
697
803
760
680
679
800
778
693
690
800
811
698
713
806
808
713
714
817
816
733
730
828
859
744
754
856
859
767
766
865
858
758
759
840
844
747
753
853
855
760
759
872
844
764
771
868
865
775
780
886
890
804
810
892
652
281
282
281
281
280
281
281
281
711
723
281
281
282
-9
-9

