;UFOS3
;Measurement details: channel = D, date = 12.09.2015, time = 10:18:31
Exposure=196
Gain=0
Temperature=33.7
Accummulate=4
1.766342455663297 mu
1.7789466464216601 amas
34.219 hs
0 ozone
27902 uva
11540 uvb
9519 uve
[Value]
-5
288
287
288
288
288
288
288
302
299
340
339
297
299
343
342
304
303
343
354
299
303
360
346
301
299
365
362
309
304
364
348
309
307
353
346
304
303
353
356
302
303
348
350
301
306
364
360
309
307
358
357
300
305
366
361
300
301
359
368
301
308
354
370
307
307
365
347
305
304
346
365
303
310
356
356
300
305
352
355
308
306
369
355
300
304
354
359
303
306
356
364
300
304
359
350
305
303
352
365
306
304
348
358
302
309
368
357
305
302
364
348
306
307
355
362
306
301
350
356
299
302
360
361
302
308
353
346
298
307
364
365
300
305
354
364
298
302
355
352
305
300
359
366
305
306
355
367
300
308
368
364
302
302
361
356
302
305
364
362
303
304
355
352
310
307
357
364
302
304
354
373
302
306
348
365
300
305
359
358
301
305
376
355
306
305
346
352
305
305
356
364
302
307
358
359
304
303
351
360
303
303
352
353
303
304
351
359
301
307
349
351
305
305
362
361
305
304
355
361
303
305
349
364
300
305
358
354
304
305
360
351
306
306
349
358
310
306
368
350
301
301
346
358
301
305
358
358
305
302
357
354
304
304
350
357
302
305
388
355
302
305
361
350
304
301
369
352
301
304
354
350
299
307
354
356
305
299
362
354
305
305
363
357
309
303
365
353
307
301
360
356
302
306
357
350
297
305
359
354
298
301
359
358
306
304
364
361
309
304
354
359
299
304
366
348
310
306
362
349
306
304
360
366
302
302
366
364
306
304
350
354
304
300
362
351
304
301
358
351
300
306
355
365
305
308
355
365
302
310
360
357
306
304
347
350
305
303
352
351
303
306
353
350
303
305
345
354
303
299
362
361
303
304
353
355
303
306
361
359
301
302
354
348
305
306
359
362
304
306
369
351
301
303
355
362
307
311
367
360
301
303
358
368
305
309
364
354
298
306
360
355
303
310
360
361
306
303
356
359
304
306
354
361
306
303
343
358
301
306
358
357
300
302
351
365
301
304
355
354
306
303
365
354
302
303
357
364
301
304
361
377
303
303
354
355
306
310
357
357
304
302
353
349
303
302
365
345
302
301
349
357
304
306
357
352
308
304
355
356
302
300
352
365
298
305
359
361
303
312
360
355
298
308
351
348
306
299
349
361
305
305
359
355
299
304
345
363
299
307
363
368
304
304
355
361
304
303
358
361
303
304
357
363
303
305
356
359
305
302
356
356
304
308
353
352
305
307
360
353
310
304
352
354
305
304
357
365
301
305
351
348
308
303
353
349
302
304
368
354
308
306
360
373
303
305
348
363
306
306
362
360
303
306
356
351
305
305
359
362
304
304
360
363
304
303
358
355
304
305
347
358
301
308
349
360
299
305
355
357
300
306
352
346
308
306
357
359
299
303
363
360
304
305
359
357
306
307
359
352
305
312
367
359
308
304
355
364
312
308
365
349
298
303
350
349
300
305
357
370
304
310
358
359
301
305
346
356
307
308
369
359
304
307
361
356
303
302
358
362
299
305
360
352
301
306
365
361
304
307
356
351
299
306
352
357
299
305
359
360
306
307
362
353
301
305
363
372
307
310
355
346
304
304
355
354
308
308
348
361
306
303
367
359
301
305
351
357
301
307
368
347
304
306
345
356
302
304
358
360
303
303
358
354
302
306
348
349
301
309
362
360
305
310
368
346
302
304
349
353
306
301
354
357
301
302
351
355
301
305
356
353
300
304
353
358
306
305
358
359
311
304
357
356
304
305
351
353
303
303
378
351
303
308
356
356
309
306
358
358
304
308
371
360
308
306
352
349
301
307
367
361
301
306
357
352
301
304
356
357
304
305
363
362
302
303
361
353
303
306
366
359
304
304
347
343
300
302
357
349
302
307
360
348
303
304
355
365
304
304
361
360
301
308
355
353
307
304
350
346
307
300
353
362
304
304
365
350
306
306
359
355
300
302
355
355
305
305
368
359
301
306
348
364
301
306
371
360
306
303
357
363
305
307
359
350
301
303
372
353
301
308
361
356
303
308
358
355
304
304
356
354
307
304
366
352
304
304
358
356
301
309
350
358
309
304
371
356
298
308
361
356
309
307
354
351
302
306
352
361
302
308
349
352
306
302
349
371
304
306
361
358
303
304
364
353
309
306
351
361
300
303
355
357
309
304
355
347
309
306
367
356
305
299
359
353
306
301
367
358
299
303
357
356
304
310
364
357
311
308
349
360
297
307
349
358
303
305
359
355
304
305
360
347
303
301
354
362
305
309
360
364
303
332
356
361
299
304
350
356
301
299
356
355
303
304
344
359
300
304
359
358
305
300
356
359
305
304
355
364
304
304
364
359
304
306
372
358
303
312
357
358
303
304
352
350
309
305
353
367
303
308
355
358
300
310
362
354
302
303
355
369
300
301
364
351
304
300
362
353
302
309
361
351
305
307
351
367
302
304
350
358
305
308
356
362
306
302
355
355
302
304
357
351
299
308
365
353
303
304
363
357
302
303
359
367
306
301
361
356
299
304
350
357
304
303
356
363
306
301
362
352
299
301
351
368
306
302
365
366
303
311
358
355
302
303
357
353
305
308
351
358
304
308
349
352
301
301
362
356
303
305
350
386
305
304
361
346
305
304
355
361
305
307
357
360
300
306
354
370
301
307
348
351
303
307
357
353
300
305
358
353
307
303
353
367
299
304
343
353
300
304
358
351
302
308
355
351
305
304
352
348
299
303
357
359
302
308
355
360
305
303
360
354
305
300
357
365
304
300
365
348
306
307
361
360
306
304
352
359
303
306
355
360
303
309
360
360
310
299
358
360
301
303
363
365
302
306
353
364
299
310
366
348
303
305
355
366
300
305
357
374
306
303
357
356
304
303
350
368
306
305
366
350
301
306
360
354
301
303
352
356
304
304
366
362
302
308
358
349
300
301
358
351
306
304
356
355
306
307
360
354
304
309
360
369
305
306
358
355
301
309
357
352
304
301
352
363
306
307
363
354
305
301
363
357
302
304
361
357
304
300
361
358
301
310
356
364
302
309
373
357
300
316
352
355
302
304
363
349
301
303
367
361
305
304
361
355
302
306
351
360
303
306
341
355
302
306
356
363
299
308
356
366
301
300
350
346
302
301
364
365
303
305
363
358
315
304
362
361
301
302
355
364
303
308
365
354
302
309
363
354
303
302
359
359
304
306
347
362
322
303
360
353
303
307
352
356
303
309
351
361
300
308
354
360
300
301
353
361
308
302
361
355
301
306
363
354
306
308
368
360
303
310
341
362
304
310
359
363
303
307
353
359
299
302
355
357
304
306
360
351
303
308
359
350
305
312
360
356
303
308
351
358
306
305
353
359
306
310
359
357
303
303
349
354
304
307
373
363
302
306
367
353
303
304
350
358
304
305
363
358
303
311
349
359
304
308
356
363
299
309
355
368
302
304
358
364
304
309
364
365
301
310
357
368
299
301
365
353
305
305
364
354
303
305
353
357
302
310
347
351
303
305
348
363
308
306
359
350
300
307
362
356
304
307
351
358
301
308
355
356
306
307
352
356
300
304
354
363
302
304
363
361
300
304
374
361
303
303
369
355
301
308
362
371
301
308
353
365
302
305
358
358
304
308
360
350
302
304
366
370
305
305
357
374
302
305
359
352
302
310
365
358
302
301
366
362
302
302
352
354
303
304
358
354
305
307
359
362
305
305
356
359
298
305
356
360
304
306
347
358
308
303
347
346
303
304
361
365
299
307
363
355
303
302
358
356
302
308
359
351
299
307
359
360
304
304
348
356
297
305
362
360
306
305
360
346
302
305
353
351
300
307
354
355
303
301
362
365
303
307
363
358
302
307
366
359
303
303
362
348
313
308
365
361
301
304
350
354
306
303
362
358
299
304
356
346
306
308
357
357
374
310
362
362
297
311
361
359
305
308
358
350
301
303
359
360
299
303
359
357
303
307
354
355
303
309
352
359
305
303
362
360
301
304
358
357
304
303
368
348
308
307
360
355
304
310
355
366
303
308
362
363
298
308
353
360
300
307
368
358
304
305
361
357
305
301
363
355
304
307
361
359
301
304
364
361
304
303
356
359
305
301
356
359
308
305
356
358
304
304
359
355
305
309
361
355
302
304
357
362
305
305
364
363
302
306
361
355
301
307
357
352
302
308
353
360
307
310
356
353
300
302
350
360
302
309
359
358
305
303
355
367
304
304
365
354
300
305
357
357
308
303
347
362
302
310
368
351
304
304
363
366
302
304
368
356
305
311
365
356
302
307
358
358
297
303
379
357
304
302
353
360
300
302
350
358
307
307
356
357
306
305
358
350
305
304
353
350
301
307
360
356
301
301
359
365
307
303
355
359
304
303
357
363
303
307
355
354
305
303
355
352
303
306
347
360
301
305
367
361
303
303
358
352
305
308
366
359
305
305
355
366
302
307
359
355
304
309
357
356
304
305
359
350
306
306
363
355
307
304
348
359
302
305
358
364
301
302
360
352
302
303
365
357
304
305
361
359
299
306
348
361
306
304
360
353
308
307
358
363
304
300
351
361
303
302
355
363
304
305
357
358
304
306
355
359
307
307
361
371
303
306
355
375
306
301
357
351
302
305
365
360
312
309
359
356
300
306
360
344
306
307
360
353
308
306
359
348
304
305
366
362
299
302
356
345
303
304
361
357
304
305
369
359
301
301
354
346
299
306
356
352
303
306
382
355
303
304
353
352
304
301
360
349
302
304
364
355
304
303
366
374
303
307
365
356
305
308
359
365
302
308
350
350
301
303
339
356
309
302
371
373
304
306
364
368
300
308
359
361
301
303
360
357
300
306
363
359
304
305
376
359
301
304
357
360
305
306
377
360
300
305
352
354
300
306
357
352
301
306
358
353
305
304
350
359
299
307
359
358
303
304
358
353
305
307
356
367
304
306
355
360
303
306
368
367
306
306
364
350
308
304
357
369
303
311
360
352
304
311
353
352
302
302
363
360
301
311
356
353
297
304
364
358
305
306
367
358
304
306
368
363
307
306
356
364
299
299
360
360
304
308
366
363
308
304
361
360
307
307
352
362
302
308
365
348
305
312
357
361
299
304
354
359
299
301
355
368
301
303
370
359
345
310
367
364
303
304
348
373
301
306
357
352
302
308
363
364
298
302
356
354
303
305
361
357
301
300
371
353
300
303
360
362
304
304
364
353
303
304
368
364
301
309
359
356
297
309
364
359
298
302
353
350
306
310
346
363
309
308
357
357
305
301
369
361
308
303
365
360
302
311
364
346
299
310
361
361
299
304
361
368
305
308
368
349
300
307
357
345
301
305
369
354
300
308
342
352
302
305
357
358
303
301
355
351
305
307
366
378
299
308
353
344
301
308
367
360
303
305
345
354
307
307
365
359
301
312
359
348
304
301
353
359
299
303
360
351
303
306
362
366
302
300
359
355
302
304
365
359
305
307
367
353
307
305
360
354
304
307
366
355
297
306
357
358
305
309
364
348
306
305
368
349
301
301
349
355
300
305
364
377
297
301
372
354
307
307
360
351
302
304
366
356
299
306
350
364
304
308
362
355
300
305
351
353
301
306
364
353
306
313
356
364
300
303
375
365
302
304
356
349
303
307
358
354
302
304
366
356
303
307
351
371
304
306
363
352
303
304
362
363
300
306
364
361
303
304
360
356
299
305
346
358
311
309
363
356
308
312
358
362
306
304
354
345
302
310
365
358
299
305
368
354
299
305
361
356
301
304
372
345
302
307
367
359
303
304
354
358
301
304
375
365
303
304
350
360
300
306
376
354
299
305
356
354
301
307
356
350
304
305
365
351
307
307
371
358
304
306
364
366
337
303
361
346
302
302
368
356
303
307
359
349
304
305
362
359
303
304
366
353
301
308
357
362
304
307
372
347
305
309
355
350
304
299
359
357
305
308
363
346
306
305
358
345
301
309
359
352
303
309
355
358
304
303
359
357
304
299
376
349
304
309
358
353
303
306
367
360
305
304
355
358
298
308
356
355
308
305
348
350
303
305
356
338
301
305
366
346
302
305
361
354
299
306
365
347
307
304
356
349
301
307
363
359
302
307
362
347
300
306
356
352
303
303
363
351
302
307
358
365
303
303
368
367
309
305
356
355
301
304
356
357
305
307
366
358
301
304
357
350
303
308
358
360
301
311
361
347
303
306
361
354
306
304
360
356
302
306
351
359
303
304
361
365
302
305
366
354
302
301
360
363
299
310
352
357
301
305
373
359
304
301
360
357
301
305
368
366
303
312
356
354
300
309
362
354
308
309
361
365
302
302
365
355
304
310
366
357
308
307
366
365
305
300
348
362
306
306
358
365
303
308
369
355
302
304
375
352
302
310
363
353
302
304
368
349
308
303
365
350
301
302
370
357
300
306
364
356
302
303
366
351
305
306
354
364
306
309
366
345
304
301
364
348
307
304
364
355
302
302
380
356
306
308
356
358
304
305
349
367
306
298
373
361
299
306
378
354
303
304
360
365
306
306
358
346
306
304
360
351
304
305
353
354
303
304
359
341
307
304
364
359
306
302
362
371
306
302
354
369
302
302
363
352
304
305
362
345
305
309
360
366
301
309
354
360
304
306
372
351
306
307
360
356
300
304
390
356
307
307
354
357
309
302
372
365
303
308
365
359
308
309
366
362
304
307
363
354
300
302
357
355
298
307
359
344
303
308
350
363
304
302
356
357
300
299
361
364
302
307
358
358
303
307
361
367
308
305
366
367
303
309
361
352
305
306
366
358
308
307
354
359
300
302
363
365
304
305
362
362
308
307
365
356
307
304
367
361
305
306
372
366
308
305
365
379
305
305
357
360
302
308
362
352
308
307
358
354
307
304
362
370
308
306
364
364
302
305
358
360
303
306
363
363
301
305
357
352
302
304
362
362
308
301
360
348
301
309
363
354
302
306
366
355
303
309
356
362
301
307
355
358
308
306
360
358
307
308
362
378
305
305
355
364
302
304
366
362
302
301
360
358
303
304
362
353
301
306
357
356
302
307
360
362
306
301
364
357
304
305
372
352
306
307
366
346
306
310
367
362
303
307
376
349
305
303
350
358
309
309
365
355
303
307
360
360
301
310
368
355
302
310
369
354
307
301
367
358
302
312
362
347
306
311
369
355
305
307
377
357
304
312
357
357
306
310
366
367
302
309
346
369
304
303
379
346
304
313
371
347
306
300
356
362
303
306
371
366
304
305
377
362
300
307
362
368
306
303
371
346
306
305
357
361
310
308
374
365
304
304
369
361
309
304
365
361
307
304
372
365
305
306
361
353
305
303
362
359
300
304
365
361
301
305
366
354
311
307
353
356
304
306
360
355
302
309
359
353
301
305
355
368
302
304
372
363
305
306
365
361
303
306
362
365
304
310
362
356
310
305
366
355
303
302
363
355
304
303
366
365
301
311
371
363
300
306
368
364
307
304
363
347
307
302
364
349
304
303
358
356
305
306
364
362
304
310
364
351
307
304
366
356
300
307
369
356
303
305
360
358
308
305
380
347
303
307
360
357
305
310
370
353
302
307
361
362
307
307
365
360
304
307
354
377
305
307
365
356
309
310
363
358
299
308
358
356
305
310
357
367
304
303
360
352
301
309
369
350
302
308
365
350
299
305
364
353
302
308
362
348
307
307
357
359
305
303
364
367
304
302
361
363
302
306
358
372
305
308
363
359
306
300
373
366
308
309
365
360
300
306
366
354
305
303
366
351
306
312
356
370
312
305
360
352
306
303
367
357
307
302
362
359
308
308
366
351
306
303
379
356
304
304
355
352
300
305
357
360
306
303
366
361
303
307
358
360
303
306
372
365
310
308
369
363
302
304
360
361
307
303
369
362
306
301
360
358
304
312
372
366
299
308
366
363
303
309
373
365
304
309
366
360
306
311
369
354
307
302
359
349
301
304
368
348
303
307
376
361
306
309
367
353
304
307
354
380
303
309
364
356
311
303
366
355
303
307
371
356
303
306
366
353
309
306
364
358
301
309
364
360
305
305
390
361
303
305
359
350
304
307
366
359
301
303
364
358
304
310
361
358
306
307
364
365
308
306
365
355
303
306
357
356
311
306
366
353
304
304
366
361
300
303
363
357
307
307
370
359
302
302
367
364
307
302
359
342
308
310
361
347
304
307
370
369
305
310
367
362
302
307
348
355
305
307
358
364
302
304
363
358
305
305
366
366
304
311
373
359
304
302
369
362
306
306
380
353
306
304
372
353
308
303
376
363
304
302
363
368
302
308
363
363
306
304
368
361
310
307
357
375
304
306
364
358
305
303
363
363
307
305
358
357
303
303
358
358
308
303
369
355
304
306
362
360
304
301
360
362
307
307
365
362
289
288
288
288
287
288
288
288
300
306
288
288
289
-5
-5

