;UFOS3
;Measurement details: channel = S-D, date = 12.09.2015, time = 10:13:33
Exposure=196
Gain=0
Temperature=33.4
Accummulate=4
1.7630572551269228 mu
1.7755598610474597 amas
34.293 hs
313 ozone
120105 uva
2020 uvb
395 uve
[Value]
-9
-9
-11
-8
-9
-10
-8
-7
-10
-11
-10
-11
-9
-10
-10
-12
-11
-9
-9
-6
-10
-4
0
-3
-2
-3
-2
-3
-2
-2
1
-2
0
1
-1
-2
0
2
1
1
-1
-1
0
1
0
-1
-3
-1
0
-1
1
-1
-2
1
1
1
2
2
0
-3
-1
0
3
0
0
0
0
-1
0
-1
-3
2
1
-1
-2
-4
0
1
-1
-2
-1
0
0
4
0
1
-1
0
-1
2
-1
1
-1
-2
-1
-1
1
1
0
0
0
1
0
0
1
0
0
-4
-1
-1
1
-1
-4
1
-1
-1
0
-1
-1
1
1
1
-2
1
-2
0
2
0
-1
-1
0
2
-1
1
0
0
-2
-3
2
0
-3
1
-3
0
4
3
2
-3
0
2
-1
-1
-1
0
-1
1
-1
-1
1
-2
2
1
-2
-1
0
-1
0
1
1
1
1
1
1
1
0
-1
0
1
-1
2
0
4
1
0
-1
2
0
0
2
0
-1
1
2
1
-2
-1
1
-1
-2
1
-2
2
-1
-1
3
0
1
-1
1
0
2
-4
-1
2
2
-1
1
-2
-2
2
-1
0
-1
0
1
-1
1
-2
-2
2
2
0
-3
1
1
-1
-1
-1
1
-1
0
0
1
0
-1
0
-2
-2
2
-2
3
1
0
1
-3
-2
0
0
-3
-2
1
0
-1
-2
1
0
-1
-1
0
2
1
4
-1
0
0
3
1
-2
1
0
1
0
0
-3
1
-1
0
-1
0
-3
4
-2
1
1
3
2
0
0
1
2
2
2
-1
-1
0
0
-1
1
2
-1
-2
1
-2
-1
-1
0
1
-1
1
0
0
-1
4
0
1
0
1
-2
1
1
-3
1
0
1
-2
-2
0
0
0
0
2
-3
1
-1
-1
0
1
-1
0
-1
2
2
1
0
-2
4
3
1
1
0
-1
0
2
1
0
1
0
1
-1
0
0
0
0
-1
1
0
0
1
-1
3
-2
-2
-2
-1
1
1
0
-1
1
-2
-3
0
0
-2
1
0
0
1
1
-3
-2
-3
-1
2
2
1
1
-1
-1
1
3
2
-1
-3
1
-4
2
-1
-1
0
0
-1
-1
-2
2
-1
-2
-3
1
-1
-1
-1
1
0
2
-1
-1
1
-1
-1
0
0
4
3
-2
0
3
1
0
2
1
2
1
-1
-1
-2
0
-1
4
3
-3
5
0
0
2
1
0
1
3
1
3
-2
0
0
1
2
3
-1
2
4
1
2
-1
2
-1
0
-1
0
0
-1
5
1
2
3
1
0
1
1
0
0
2
2
3
2
-1
2
3
1
0
2
4
3
2
1
-1
1
2
1
2
5
0
3
1
0
4
-1
1
3
3
0
1
3
2
2
1
2
0
2
2
0
2
1
4
1
2
3
4
1
4
2
1
4
3
1
3
4
3
5
5
3
2
3
3
5
6
4
4
2
6
5
4
2
5
0
6
7
4
5
4
4
3
3
4
3
4
7
4
3
2
4
4
3
6
5
7
4
6
5
7
3
4
9
6
6
7
5
6
8
6
6
7
5
8
7
10
8
7
8
8
7
5
5
9
7
9
7
7
7
6
5
4
7
8
5
4
7
10
6
9
8
8
10
11
12
12
11
12
16
13
12
13
14
16
13
15
18
16
18
17
20
19
19
20
16
20
18
21
25
19
20
23
21
20
20
21
20
20
20
20
21
22
23
22
20
23
24
26
26
25
26
26
27
27
28
27
30
30
31
35
37
38
34
37
37
39
39
44
45
45
45
41
48
44
48
48
46
48
45
45
48
45
45
46
40
44
44
45
45
46
48
49
46
49
51
51
49
51
54
55
55
57
55
56
60
60
62
63
64
64
67
69
70
73
70
79
78
81
81
85
89
86
87
94
93
96
97
102
98
100
98
103
106
104
103
111
105
108
105
107
105
107
104
107
111
112
110
115
114
113
116
119
117
117
118
120
117
118
117
121
121
119
119
120
117
113
109
112
110
107
108
112
112
110
113
111
111
114
114
116
117
114
118
118
115
119
119
118
123
121
124
121
120
123
125
131
131
132
137
142
146
148
152
157
163
170
179
185
189
192
197
200
204
203
202
208
202
208
208
210
213
207
210
209
210
205
205
206
200
200
197
202
198
197
198
197
195
190
193
192
189
193
192
192
196
197
193
199
200
200
205
208
211
207
211
217
222
220
223
229
228
229
229
234
233
229
227
231
225
218
224
226
225
223
226
229
229
227
233
242
244
242
248
260
261
261
261
274
276
282
284
288
288
283
277
282
278
277
275
279
274
269
268
274
269
268
276
284
281
280
285
295
296
301
306
322
328
333
341
346
349
344
347
349
350
341
344
340
334
329
321
321
314
306
299
299
298
289
285
286
285
287
288
293
301
300
307
316
332
335
341
356
368
373
391
401
405
409
418
433
441
449
459
472
482
484
502
503
513
519
525
536
544
541
548
560
564
568
571
572
577
566
561
557
548
530
525
521
506
491
486
485
474
470
462
468
468
459
459
465
470
472
477
493
502
513
531
553
571
577
591
612
620
611
623
625
624
613
607
615
606
598
592
593
583
577
574
574
570
556
556
554
553
551
550
558
566
569
580
593
602
601
610
622
631
640
649
659
667
665
677
698
700
695
703
717
715
716
716
722
717
705
696
697
689
678
665
658
646
626
614
607
598
585
574
568
567
564
558
563
561
560
562
574
580
582
588
599
604
600
602
605
602
607
605
610
613
598
590
593
590
574
568
554
546
528
524
526
508
493
492
491
490
488
490
495
499
494
495
499
501
503
505
517
524
521
535
535
546
548
563
567
576
576
584
592
596
592
605
610
618
617
628
636
640
642
653
662
668
669
679
689
695
691
688
693
683
675
674
673
676
664
660
657
652
647
641
644
647
642
642
646
648
653
660
676
690
701
719
734
746
760
789
804
826
843
857
877
898
907
925
932
952
959
966
977
982
984
983
988
988
992
996
1011
1011
1013
1016
1029
1037
1034
1030
1043
1046
1034
1037
1050
1039
1039
1050
1063
1056
1060
1063
1077
1075
1064
1062
1068
1056
1054
1058
1057
1061
1050
1047
1055
1057
1057
1046
1060
1056
1046
1046
1047
1044
1041
1045
1053
1055
1052
1051
1058
1054
1058
1058
1061
1067
1070
1077
1093
1104
1122
1133
1154
1178
1186
1198
1218
1230
1254
1270
1294
1319
1337
1360
1396
1402
1429
1451
1468
1464
1478
1488
1503
1503
1511
1522
1545
1551
1558
1559
1554
1551
1534
1529
1541
1533
1518
1508
1508
1476
1461
1445
1426
1410
1394
1376
1367
1355
1334
1325
1313
1302
1302
1303
1304
1310
1305
1308
1310
1310
1311
1311
1319
1330
1320
1326
1341
1337
1334
1335
1342
1342
1336
1340
1345
1355
1358
1356
1358
1356
1353
1364
1360
1350
1342
1344
1350
1340
1341
1331
1332
1336
1327
1317
1320
1318
1284
1277
1271
1254
1244
1241
1241
1236
1239
1238
1260
1257
1255
1251
1253
1240
1228
1227
1222
1217
1195
1187
1186
1174
1170
1157
1160
1145
1133
1131
1129
1126
1112
1096
1099
1095
1084
1090
1096
1117
1120
1130
1153
1168
1183
1190
1194
1207
1203
1207
1207
1201
1194
1186
1187
1174
1172
1169
1176
1173
1167
1168
1177
1178
1164
1168
1168
1169
1170
1175
1185
1200
1198
1201
1228
1225
1229
1215
1208
1183
1154
1127
1104
1070
1034
1017
1004
981
963
951
947
937
926
922
927
930
925
930
943
950
957
971
980
996
983
986
989
980
969
958
953
937
915
906
899
888
885
887
899
911
924
945
974
991
1011
1036
1069
1076
1077
1095
1098
1113
1111
1119
1127
1136
1131
1139
1135
1142
1134
1126
1134
1137
1125
1133
1153
1154
1162
1173
1184
1204
1224
1246
1274
1284
1289
1300
1311
1310
1299
1300
1303
1295
1282
1276
1274
1267
1255
1256
1264
1272
1277
1292
1300
1306
1306
1327
1350
1369
1378
1403
1442
1466
1498
1518
1533
1556
1582
1584
1588
1597
1593
1596
1608
1609
1599
1582
1591
1585
1569
1548
1550
1525
1521
1515
1520
1511
1519
1520
1528
1525
1524
1528
1519
1502
1498
1475
1480
1474
1472
1477
1481
1480
1479
1489
1504
1508
1517
1533
1554
1562
1580
1600
1617
1637
1660
1674
1690
1694
1712
1718
1735
1738
1735
1736
1750
1743
1733
1717
1720
1704
1698
1707
1714
1724
1728
1732
1753
1764
1778
1780
1788
1778
1785
1783
1777
1780
1777
1775
1780
1785
1778
1760
1762
1750
1736
1706
1689
1671
1629
1604
1577
1550
1513
1490
1461
1441
1394
1356
1340
1304
1272
1236
1226
1208
1187
1186
1181
1181
1189
1192
1214
1243
1262
1303
1346
1385
1412
1446
1473
1488
1507
1519
1541
1553
1569
1579
1595
1611
1610
1625
1624
1631
1616
1613
1610
1599
1565
1554
1534
1518
1489
1476
1457
1438
1420
1397
1394
1367
1357
1353
1343
1348
1321
1326
1330
1332
1330
1346
1356
1364
1383
1405
1427
1431
1449
1467
1476
1496
1490
1483
1475
1472
1452
1452
1455
1436
1415
1395
1396
1363
1339
1318
1309
1284
1262
1246
1244
1234
1221
1219
1220
1218
1221
1224
1229
1237
1239
1243
1260
1262
1258
1267
1288
1298
1298
1309
1315
1310
1304
1303
1311
1303
1296
1280
1275
1270
1258
1250
1239
1236
1225
1227
1225
1218
1212
1207
1211
1197
1181
1175
1163
1154
1136
1131
1141
1155
1161
1177
1202
1220
1228
1244
1274
1285
1302
1324
1348
1366
1386
1404
1416
1439
1462
1470
1503
1512
1517
1526
1536
1540
1529
1538
1533
1524
1517
1499
1499
1490
1473
1459
1449
1441
1427
1396
1383
1365
1347
1339
1334
1319
1313
1327
1336
1336
1343
1347
1373
1389
1395
1407
1420
1431
1438
1440
1452
1444
1443
1440
1430
1428
1414
1394
1385
1343
1321
1298
1288
1265
1245
1238
1248
1249
1254
1266
1291
1308
1312
1338
1371
1387
1395
1420
1451
1468
1490
1525
1559
1594
1609
1620
1641
1650
1661
1667
1675
1690
1706
1717
1723
1739
1752
1759
1777
1788
1790
1787
1813
1817
1815
1827
1837
1848
1856
1852
1871
1886
1886
1902
1894
1902
1904
1908
1915
1902
1904
1887
1889
1870
1850
1839
1815
1807
1779
1786
1787
1788
1769
1773
1780
1787
1793
1802
1821
1826
1834
1836
1851
1851
1854
1860
1859
1858
1860
1871
1894
1894
1921
1937
1954
1972
1968
1956
1947
1929
1912
1882
1869
1853
1846
1824
1816
1798
1773
1741
1701
1663
1633
1597
1567
1538
1508
1485
1480
1482
1487
1496
1516
1540
1546
1565
1585
1592
1603
1619
1649
1662
1672
1678
1684
1683
1675
1652
1628
1613
1575
1544
1528
1506
1476
1441
1421
1389
1357
1325
1289
1257
1231
1214
1208
1184
1169
1173
1189
1200
1213
1241
1273
1302
1332
1367
1398
1420
1448
1475
1522
1546
1581
1629
1662
1692
1729
1768
1799
1840
1853
1876
1884
1903
1917
1919
1922
1929
1947
1946
1953
1957
1941
1947
1947
1932
1916
1897
1878
1846
1817
1782
1756
1726
1683
1660
1622
1592
1553
1509
1490
1448
1420
1401
1404
1393
1375
1371
1378
1385
1375
1372
1389
1387
1400
1403
1414
1434
1444
1435
1461
1454
1451
1440
1429
1413
1392
1380
1366
1361
1342
1339
1335
1345
1335
1329
1333
1326
1337
1343
1365
1380
1390
1433
1477
1514
1539
1589
1620
1635
1658
1667
1678
1655
1641
1619
1605
1589
1571
1544
1517
1505
1481
1450
1431
1417
1386
1357
1354
1341
1328
1317
1322
1326
1335
1372
1398
1428
1444
1471
1504
1519
1531
1541
1558
1566
1563
1553
1549
1557
1535
1526
1533
1511
1495
1476
1459
1441
1413
1398
1389
1377
1354
1350
1354
1353
1358
1369
1385
1405
1416
1439
1465
1475
1498
1530
1560
1584
1610
1636
1664
1698
1722
1741
1755
1784
1802
1818
1841
1854
1854
1865
1873
1877
1873
1878
1880
1886
1890
1890
1903
1890
1902
1898
1885
1890
1885
1878
1867
1871
1856
1844
1843
1841
1833
1833
1846
1855
1866
1877
1883
1891
1904
1906
1916
1927
1933
1944
1944
1943
1950
1948
1939
1942
1924
1909
1894
1880
1846
1851
1846
1828
1820
1825
1829
1833
1843
1838
1855
1851
1873
1881
1885
1890
1882
1883
1887
1885
1882
1898
1912
1900
1930
1936
1966
1975
2003
2027
2036
2062
2074
2087
2114
2132
2146
2175
2200
2232
2254
2283
2278
2294
2333
2343
2323
2341
2392
2397
2368
2388
2432
2436
2391
2414
2475
2473
2448
2444
2490
2478
2423
2405
2435
2396
2329
2281
2270
2223
2164
2123
2117
2070
2047
2035
2031
2023
2048
2061
2087
2121
2163
2197
2256
2311
2309
2354
2426
2451
2415
2458
2509
2532
2485
2502
2563
2580
2520
2552
2595
2612
2553
2560
2613
2528
2422
2184
2127
2057
2042
2026
2008
2004
2000
2002
1991
2010
2022
2047
2082
2115
2161
2191
2230
2271
2275
2292
2331
2341
2299
2283
2283
2226
2160
2107
2052
1983
1933
1885
1847
1788
1750
1706
1663
1621
1601
1583
1584
1586
1603
1617
1649
1677
1716
1760
1783
1825
1856
1889
1896
1915
1930
1927
1925
1921
1901
1877
1849
1809
1766
1712
1652
1604
1557
1515
1484
1466
1468
1468
1477
1498
1527
1554
1584
1634
1687
1735
1787
1842
1895
1931
1963
1986
2014
2023
2023
2029
2023
2016
2005
1992
1982
1962
1944
1927
1892
1868
1841
1806
1780
1761
1745
1724
1738
1734
1726
1734
1744
1744
1749
1759
1753
1759
1743
1738
1742
1744
1747
1751
1768
1793
1801
1812
1829
1846
1861
1874
1902
1918
1937
1956
1973
1998
1988
1999
2026
2034
2061
2075
2098
2098
2117
2120
2124
2133
2151
2161
2157
2169
2189
2195
2188
2189
2200
2176
2161
2138
2125
2101
2069
2049
2022
1983
1948
1924
1898
1867
1856
1832
1810
1783
1761
1729
1700
1673
1672
1656
1656
1645
1639
1626
1598
1592
1585
1561
1531
1525
1517
1495
1485
1485
1481
1477
1484
1500
1518
1545
1566
1587
1626
1661
1673
1703
1727
1750
1760
1786
1809
1830
1837
1850
1871
1878
1882
1888
1895
1903
1897
1886
1898
1885
1866
1856
1839
1823
1798
1779
1760
1733
1714
1689
1676
1657
1637
1609
1588
1561
1514
1494
1455
1425
1386
1367
1370
1358
1352
1357
1357
1353
1347
1337
1332
1320
1291
1257
1250
1219
1188
1182
1160
1154
1137
1145
1154
1154
1136
1124
1116
1090
1070
1060
1061
1050
1039
1037
1048
1057
1049
1054
1060
1073
1067
1061
1067
1064
1053
1045
1046
1029
1025
1021
1042
1051
1067
1087
1127
1154
1178
1213
1252
1281
1302
1339
1374
1407
1444
1482
1539
1580
1614
1652
1689
1706
1719
1727
1744
1749
1754
1752
1768
1776
1766
1765
1760
1763
1760
1742
1750
1737
1711
1704
1694
1687
1680
1670
1658
1639
1619
1577
1535
1481
1441
1403
1391
1381
1371
1377
1393
1405
1412
1438
1473
1502
1529
1559
1596
1626
1663
1708
1760
1803
1822
1847
1864
1866
1850
1827
1786
1762
1724
1684
1666
1650
1638
1629
1643
1653
1659
1673
1683
1697
1699
1692
1708
1701
1700
1706
1720
1742
1758
1767
1788
1793
1784
1768
1757
1728
1724
1709
1713
1698
1687
1679
1664
1655
1647
1656
1663
1663
1648
1640
1628
1618
1604
1613
1626
1637
1658
1689
1710
1715
1739
1751
1779
1794
1812
1841
1888
1907
1931
1968
2005
2011
2053
2071
2087
2106
2111
2108
2111
2108
2116
2117
2119
2121
2113
2109
2078
2071
2076
2066
2043
2021
1998
1973
1958
1946
1929
1920
1942
1936
1949
1964
1962
1969
1976
1984
1998
2013
2040
2063
2082
2095
2121
2147
2175
2191
2211
2215
2204
2206
2212
2199
2177
2175
2172
2164
2152
2113
2099
2055
2024
1974
1956
1925
1900
1872
1846
1821
1808
1784
1757
1738
1727
1709
1668
1650
1627
1592
1564
1523
1501
1462
1428
1385
1335
1268
1210
1143
1086
1012
944
873
820
760
713
676
650
626
597
580
577
570
572
581
600
609
635
664
681
697
701
717
733
743
749
763
784
796
811
843
883
923
971
1027
1092
1137
1190
1226
1271
1301
1322
1350
1384
1405
1421
1429
1443
1451
1451
1466
1484
1507
1518
1531
1553
1560
1552
1562
1565
1569
1565
1563
1569
1564
1565
1554
1549
1542
1530
1516
1505
1483
1462
1436
1410
1381
1345
1300
1279
1242
1209
1181
1151
1104
1062
1012
964
909
851
801
759
708
671
650
629
614
594
579
574
567
562
562
575
582
592
611
641
671
702
739
788
827
875
923
966
1010
1040
1082
1116
1152
1176
1215
1245
1265
1276
1297
1331
1353
1379
1390
1414
1420
1429
1442
1450
1447
1453
1448
1464
1459
1465
1468
1465
1467
1469
1479
1483
1490
1494
1498
1505
1525
1522
1524
1538
1539
1536
1544
1557
1553
1537
1543
1529
1502
1471
1445
1446
1449
1461
1467
1471
1475
1466
1481
1495
1501
1512
1536
1555
1555
1546
1538
1529
1529
1527
1515
1526
1517
1517
1511
1503
1504
1494
1497
1498
1500
1502
1494
1507
1507
1513
1512
1538
1553
1557
1574
1590
1603
1603
1605
1610
1603
1599
1591
1602
1613
1606
1603
1618
1595
1599
1598
1591
1590
1600
1594
1596
1608
1595
1602
1602
1605
1607
1605
1613
1621
1617
1621
1634
1637
1627
1630
1638
1624
1618
1610
1598
1588
1571
1565
1552
1540
1509
1487
1464
1447
1437
1430
1412
1405
1393
1386
1399
1415
1424
1451
1480
1515
1517
1535
1559
1562
1577
1606
1618
1632
1634
1642
1645
1639
1609
1571
1520
1458
1404
1365
1353
1339
1333
1347
1350
1363
1368
1391
1408
1422
1435
1438
1438
1438
1446
1466
1490
1510
1513
1541
1558
1584
1579
1577
1572
1566
1539
1527
1522
1508
1492
1479
1480
1470
1466
1476
1487
1478
1491
1475
1458
1430
1402
1381
1362
1356
1358
1349
1345
1357
1336
1327
1333
1332
1342
1355
1365
1376
1386
1392
1406
1410
1399
1419
1433
1441
1437
1448
1444
1439
1437
1444
1447
1444
1442
1425
1423
1403
1373
1368
1359
1337
1318
1319
1340
1338
1346
1348
1356
1363
1373
1381
1390
1400
1407
1408
1421
1433
1432
1452
1465
1477
1483
1480
1485
1497
1493
1488
1495
1488
1485
1479
1492
1492
1479
1489
1500
1501
1505
1497
1496
1491
1477
1466
1446
1433
1407
1396
1382
1370
1353
1328
1327
1307
1278
1246
1227
1194
1164
1127
1099
1067
1036
1014
998
983
953
939
929
927
917
917
932
950
954
967
994
1014
1027
1057
1097
1123
1139
1157
1180
1186
1197
1198
1208
1214
1210
1210
1221
1211
1218
1225
1222
1223
1221
1210
1217
1212
1202
1196
1192
1184
1185
1170
1168
1158
1150
1142
1135
1126
1118
1114
1106
1108
1086
1080
1080
1081
1076
1079
1082
1075
1060
1058
1057
1039
1030
1028
1013
992
976
962
959
945
938
928
926
924
916
911
919
917
906
903
916
909
911
918
925
930
928
933
941
949
939
940
934
926
917
902
898
889
878
867
866
870
859
857
856
849
832
821
823
813
805
800
803
813
809
810
811
806
795
798
795
787
782
783
789
787
772
767
761
762
752
747
757
754
748
753
752
742
739
738
744
749
740
745
760
760
756
759
768
762
766
765
772
761
755
753
753
746
747
743
747
748
741
728
731
720
708
698
696
684
673
670
669
661
650
648
656
648
637
632
636
630
623
617
622
618
610
613
617
614
606
620
622
623
616
622
616
619
617
620
621
624
618
614
617
611
598
595
596
589
586
584
601
600
593
590
592
595
590
592
595
597
592
594
600
602
601
602
608
592
582
562
559
557
554
566
564
567
560
553
553
543
534
523
520
516
511
518
532
529
529
542
541
544
544
547
562
552
544
533
530
519
511
514
527
536
528
520
518
510
497
483
486
465
463
461
468
460
459
466
481
483
486
498
515
520
517
514
518
511
506
502
510
516
513
507
514
509
512
511
518
517
509
503
494
485
475
465
472
476
461
462
468
466
470
467
471
472
478
476
491
496
501
510
531
538
547
568
584
292
-11
-9
-11
-11
-10
-11
-9
-9
486
473
-11
-10
-9
-9
-9

