;UFOS3
;Measurement details: channel = Z, date = 12.09.2015, time = 10:17:37
Exposure=321
Gain=0
Temperature=33.6
Accummulate=4
1.7656929514500672 mu
1.7782770198912363 amas
34.233 hs
210 ozone
182080 uva
18415 uvb
11463 uve
[Value]
-9
285
284
285
284
286
283
283
306
299
367
366
299
300
374
375
310
305
373
388
302
314
402
382
312
310
415
407
318
315
411
388
319
316
394
384
314
312
394
400
312
313
386
391
311
316
414
409
321
321
402
399
310
316
413
410
307
311
405
415
310
323
397
420
315
312
411
390
313
316
381
411
315
324
395
397
308
314
392
397
315
319
420
399
309
315
397
406
313
315
398
409
310
315
402
391
312
312
390
411
317
313
392
406
311
323
415
402
312
315
413
391
315
317
398
408
317
310
392
398
306
313
405
405
310
320
397
385
306
318
406
418
309
315
393
411
305
315
398
396
314
308
410
414
312
318
398
419
310
319
420
413
310
311
403
401
310
315
410
408
309
316
398
397
319
325
404
413
311
311
399
424
310
318
389
413
312
317
405
402
309
318
425
401
316
318
384
390
314
315
397
415
311
320
404
402
317
313
393
406
311
315
393
394
309
314
391
402
310
320
388
393
317
316
410
404
311
311
396
404
313
318
391
413
307
317
401
395
315
318
407
393
316
318
390
403
324
317
415
390
311
311
386
405
310
317
403
399
312
310
403
397
316
315
392
402
313
320
438
399
312
317
408
393
311
309
416
394
308
314
399
390
303
319
401
399
316
306
407
396
315
320
412
402
318
312
415
394
317
311
405
399
309
315
401
393
308
313
402
398
304
309
403
401
315
316
413
404
319
317
399
404
307
315
414
387
324
320
408
394
317
317
409
418
307
312
416
411
316
313
388
399
314
309
407
395
313
311
398
391
309
320
397
415
315
324
397
416
311
323
408
404
316
313
383
392
317
314
391
393
312
320
399
389
310
320
382
399
315
307
410
407
314
319
397
397
314
320
408
405
309
314
394
391
316
317
406
409
313
317
422
396
311
312
397
412
319
320
416
405
314
312
404
414
319
323
411
398
307
322
407
399
315
322
406
410
318
312
400
405
311
318
395
408
316
312
377
403
310
316
402
402
310
312
390
416
311
318
399
398
316
311
412
399
312
313
401
415
312
320
406
431
313
314
399
399
313
325
404
405
315
314
395
393
311
311
412
388
313
312
387
400
316
320
399
395
320
321
393
402
316
310
393
414
305
319
406
408
309
332
409
402
308
323
394
395
317
309
392
406
318
317
407
399
311
315
386
416
309
323
414
416
317
317
403
411
317
318
408
410
316
321
407
415
316
321
406
412
325
321
407
408
320
324
406
400
321
324
407
401
330
320
400
400
322
323
407
422
315
321
396
398
325
324
403
394
320
321
420
405
332
327
416
435
321
326
399
422
329
325
419
415
325
327
415
405
327
326
421
425
327
326
419
427
331
330
417
415
329
335
404
422
327
335
405
427
323
331
417
423
324
333
411
403
336
333
423
427
324
334
434
427
338
338
431
430
347
346
435
426
348
360
455
442
357
353
441
458
368
365
461
436
352
360
440
442
357
362
452
474
361
374
458
456
363
368
438
455
372
372
476
460
368
376
465
461
373
370
469
474
371
382
478
467
379
389
486
489
395
402
487
482
396
411
488
499
406
420
512
514
422
431
525
513
428
436
538
544
438
437
518
501
431
430
514
516
434
436
506
521
436
433
542
531
435
441
523
536
448
452
560
528
459
462
531
557
470
474
562
570
479
486
580
577
498
501
581
587
511
531
624
631
535
551
660
621
553
558
640
647
572
565
656
665
573
579
669
671
577
580
673
665
577
585
673
690
598
604
695
695
612
603
702
700
608
608
691
700
610
609
734
694
612
618
695
688
602
593
679
672
582
587
694
683
593
594
668
670
588
599
707
700
598
609
697
686
601
610
693
695
605
611
714
721
614
619
727
724
646
657
763
769
676
695
777
779
728
739
852
855
778
793
896
880
805
814
904
921
815
816
917
917
816
826
912
904
812
804
888
884
798
786
876
886
779
779
883
860
776
770
866
860
762
761
862
868
781
788
899
882
785
793
881
918
806
822
946
929
838
837
943
956
852
865
954
943
854
859
976
944
852
862
963
950
863
869
954
944
861
861
959
966
889
886
1006
981
908
923
1019
1035
944
960
1038
1048
960
935
1050
1012
917
926
1019
1008
914
915
997
998
916
931
1018
1045
945
966
1049
1069
998
1006
1119
1163
1065
1078
1183
1179
1090
1091
1201
1181
1103
1088
1157
1161
1035
1035
1107
1107
1009
985
1065
1045
959
956
1053
1041
954
953
1071
1059
993
989
1126
1123
1035
1068
1186
1215
1141
1174
1287
1296
1226
1250
1341
1388
1300
1329
1432
1461
1377
1414
1527
1535
1458
1480
1581
1574
1499
1507
1605
1645
1549
1574
1660
1664
1552
1585
1616
1590
1461
1455
1514
1494
1380
1362
1449
1436
1328
1332
1384
1406
1314
1313
1407
1421
1334
1345
1463
1488
1417
1455
1579
1632
1558
1590
1718
1731
1643
1652
1758
1735
1620
1627
1701
1699
1597
1585
1667
1655
1562
1538
1614
1636
1503
1509
1599
1601
1494
1521
1617
1620
1538
1567
1675
1722
1606
1623
1751
1745
1666
1682
1809
1798
1723
1762
1864
1862
1780
1785
1874
1910
1807
1803
1888
1894
1790
1767
1836
1834
1694
1674
1743
1719
1589
1582
1645
1610
1502
1500
1586
1557
1459
1456
1567
1564
1470
1482
1592
1613
1516
1526
1637
1638
1545
1546
1622
1640
1548
1545
1639
1653
1537
1510
1613
1587
1475
1462
1522
1527
1408
1382
1463
1445
1320
1320
1399
1396
1303
1306
1406
1406
1307
1320
1399
1405
1325
1338
1418
1441
1356
1356
1484
1481
1412
1432
1525
1587
1454
1473
1588
1564
1506
1499
1602
1628
1535
1553
1653
1672
1581
1592
1699
1729
1630
1654
1730
1739
1650
1650
1737
1728
1626
1625
1711
1691
1599
1588
1680
1694
1576
1581
1653
1668
1577
1581
1674
1672
1590
1622
1728
1753
1695
1716
1826
1855
1807
1836
1968
1988
1920
1970
2076
2094
2032
2048
2174
2182
2114
2124
2219
2227
2114
2104
2223
2193
2129
2121
2233
2244
2175
2170
2259
2288
2200
2215
2301
2331
2220
2218
2317
2323
2239
2234
2347
2359
2271
2278
2391
2382
2280
2272
2348
2359
2261
2257
2351
2309
2236
2235
2315
2333
2241
2238
2332
2349
2221
2217
2303
2305
2226
2212
2298
2328
2231
2242
2339
2313
2232
2228
2331
2328
2246
2274
2367
2401
2324
2356
2475
2511
2429
2470
2561
2573
2530
2573
2665
2691
2676
2709
2759
2785
2795
2821
2828
2856
2860
2881
2884
2904
2905
2920
2919
2932
2930
2950
2943
2963
2957
2974
2965
2984
2978
2996
2986
3002
2994
3008
3001
3011
2999
2950
2962
2789
2758
2625
2662
2639
2574
2581
2636
2648
2571
2581
2644
2635
2572
2579
2630
2642
2587
2603
2666
2647
2601
2601
2663
2666
2618
2625
2674
2667
2630
2636
2684
2697
2654
2642
2671
2676
2616
2609
2662
2669
2588
2604
2643
2666
2576
2567
2616
2602
2542
2517
2593
2578
2483
2482
2561
2555
2507
2490
2580
2576
2497
2486
2541
2552
2437
2424
2488
2445
2346
2329
2387
2365
2274
2249
2348
2335
2211
2188
2236
2246
2145
2121
2209
2179
2092
2080
2181
2194
2122
2157
2267
2303
2232
2251
2348
2380
2287
2306
2400
2381
2298
2270
2345
2324
2232
2237
2349
2322
2236
2233
2328
2316
2207
2220
2268
2306
2219
2231
2329
2345
2265
2271
2371
2395
2290
2288
2340
2320
2197
2146
2191
2122
1996
1957
2022
1973
1878
1863
1937
1921
1816
1820
1897
1912
1817
1818
1923
1941
1865
1884
1980
1999
1920
1922
1998
2008
1913
1896
1987
1952
1815
1803
1881
1840
1757
1752
1849
1871
1798
1826
1962
1986
1929
1971
2066
2113
2025
2043
2132
2133
2031
2045
2122
2159
2042
2037
2128
2130
2027
2023
2122
2119
2017
2045
2158
2175
2075
2099
2229
2229
2189
2220
2359
2367
2300
2309
2410
2405
2312
2315
2383
2363
2278
2274
2335
2350
2241
2223
2320
2316
2236
2265
2375
2382
2305
2318
2406
2434
2389
2433
2538
2581
2546
2588
2657
2683
2650
2674
2711
2731
2701
2721
2738
2746
2718
2701
2732
2713
2673
2644
2678
2648
2586
2566
2613
2637
2535
2571
2620
2632
2571
2567
2615
2609
2529
2516
2574
2553
2485
2487
2580
2586
2504
2510
2584
2618
2542
2564
2639
2638
2619
2634
2708
2717
2714
2726
2758
2775
2776
2792
2800
2812
2813
2820
2826
2827
2830
2821
2827
2820
2805
2794
2795
2795
2788
2797
2804
2822
2821
2843
2842
2855
2856
2870
2866
2878
2877
2877
2876
2881
2882
2882
2884
2882
2881
2863
2866
2826
2794
2711
2693
2615
2513
2443
2490
2455
2314
2262
2289
2251
2112
2082
2157
2125
2015
1985
2074
2066
1967
1992
2096
2131
2076
2137
2266
2319
2271
2299
2438
2469
2398
2417
2516
2539
2464
2492
2591
2592
2544
2538
2609
2596
2548
2543
2589
2571
2475
2450
2482
2471
2369
2342
2410
2395
2291
2273
2335
2308
2236
2223
2288
2294
2308
2193
2281
2278
2165
2202
2294
2313
2230
2259
2350
2360
2293
2326
2431
2438
2344
2343
2423
2396
2288
2277
2345
2321
2213
2198
2256
2234
2101
2072
2148
2124
2000
1994
2075
2053
1962
1959
2078
2035
1986
1984
2085
2098
2001
2016
2110
2130
2037
2048
2158
2165
2052
2073
2166
2177
2084
2086
2192
2171
2058
2054
2123
2120
2005
1993
2092
2064
1971
1961
2054
2047
1943
1941
2045
2024
1912
1891
1968
1957
1854
1835
1934
1947
1867
1880
1998
2020
1954
1977
2098
2119
2053
2069
2187
2206
2134
2158
2276
2310
2233
2252
2376
2376
2295
2316
2422
2406
2319
2322
2402
2392
2291
2286
2357
2359
2250
2249
2303
2276
2179
2165
2221
2223
2110
2101
2179
2171
2079
2062
2157
2192
2085
2100
2233
2228
2151
2178
2284
2279
2204
2206
2285
2321
2229
2249
2355
2309
2218
2188
2244
2224
2074
2035
2119
2059
1951
1950
2040
2019
1941
1952
2066
2094
2010
2036
2184
2181
2113
2130
2230
2257
2183
2223
2326
2368
2307
2322
2430
2425
2352
2363
2459
2458
2394
2420
2524
2537
2492
2512
2598
2610
2551
2564
2636
2651
2602
2608
2651
2669
2628
2638
2684
2708
2683
2694
2713
2719
2699
2699
2726
2732
2714
2733
2749
2769
2759
2781
2782
2797
2796
2795
2797
2789
2780
2753
2766
2747
2735
2706
2725
2726
2686
2683
2700
2689
2652
2632
2657
2654
2583
2568
2605
2594
2524
2517
2589
2577
2499
2487
2521
2527
2407
2406
2469
2475
2378
2377
2474
2464
2387
2361
2443
2411
2286
2254
2309
2268
2142
2121
2189
2196
2121
2119
2249
2249
2188
2208
2318
2327
2248
2257
2359
2394
2322
2337
2440
2467
2358
2349
2401
2363
2237
2207
2261
2241
2121
2089
2159
2128
1982
1941
1974
1981
1822
1784
1864
1842
1744
1746
1863
1847
1782
1808
1929
1953
1904
1938
2070
2075
2026
2056
2195
2220
2189
2215
2355
2385
2355
2393
2524
2547
2483
2525
2610
2607
2586
2589
2653
2661
2628
2634
2689
2686
2653
2643
2664
2650
2585
2566
2588
2549
2450
2422
2504
2439
2324
2304
2341
2298
2171
2106
2154
2100
1989
1962
2050
2027
1939
1932
2025
2037
1918
1931
2031
2031
1954
1969
2062
2082
1990
1995
2079
2083
1987
1970
2017
2031
1929
1890
1998
1977
1855
1852
1961
1957
1838
1854
1931
1945
1844
1853
1960
1979
1922
1962
2101
2132
2090
2126
2285
2288
2213
2227
2323
2312
2198
2178
2268
2220
2102
2094
2141
2132
2013
1993
2049
2011
1897
1876
1951
1936
1824
1815
1904
1933
1840
1879
1992
2031
1969
2000
2129
2129
2054
2080
2181
2199
2097
2093
2181
2187
2082
2084
2185
2165
2041
2022
2101
2050
1956
1930
1995
2004
1862
1879
1955
1943
1859
1879
1971
1995
1928
1953
2070
2086
2008
2043
2143
2173
2100
2145
2286
2290
2241
2265
2376
2388
2321
2343
2464
2464
2388
2392
2480
2500
2408
2414
2505
2507
2431
2428
2516
2513
2427
2428
2501
2495
2402
2411
2463
2479
2363
2377
2439
2399
2343
2345
2437
2445
2355
2381
2473
2484
2399
2408
2496
2527
2442
2448
2559
2543
2544
2491
2566
2568
2494
2487
2531
2545
2434
2426
2488
2467
2369
2383
2468
2469
2363
2367
2443
2444
2356
2363
2464
2464
2366
2359
2471
2444
2357
2362
2452
2466
2363
2365
2475
2472
2417
2443
2556
2566
2503
2529
2603
2625
2596
2632
2693
2719
2727
2753
2763
2790
2795
2816
2819
2842
2838
2861
2856
2875
2873
2887
2884
2902
2897
2914
2909
2924
2919
2934
2929
2945
2942
2954
2949
2960
2956
2962
2960
2938
2913
2723
2711
2586
2522
2518
2579
2572
2546
2572
2674
2694
2704
2744
2761
2795
2802
2830
2834
2862
2860
2885
2883
2909
2898
2924
2915
2942
2932
2953
2941
2963
2954
2975
2963
2987
2976
2985
2966
2762
2653
2449
2531
2521
2435
2447
2525
2541
2509
2552
2642
2689
2670
2718
2739
2762
2770
2784
2794
2801
2793
2771
2758
2685
2568
2467
2482
2432
2287
2239
2286
2214
2084
2039
2103
2074
1995
1989
2107
2097
2030
2077
2208
2244
2193
2243
2377
2373
2329
2361
2453
2434
2361
2352
2416
2408
2286
2255
2309
2266
2082
2021
2100
2023
1909
1882
1970
1966
1892
1914
2033
2051
1988
2045
2172
2248
2199
2256
2398
2421
2367
2413
2498
2510
2437
2457
2543
2522
2439
2430
2475
2472
2364
2341
2434
2393
2260
2225
2274
2251
2150
2148
2245
2239
2159
2168
2273
2274
2182
2200
2276
2301
2180
2169
2254
2235
2153
2167
2279
2294
2198
2229
2332
2353
2259
2276
2392
2402
2334
2366
2444
2471
2391
2417
2500
2506
2458
2478
2554
2579
2503
2519
2581
2583
2533
2545
2617
2624
2584
2600
2658
2652
2609
2591
2633
2617
2545
2524
2585
2519
2433
2391
2450
2408
2286
2266
2331
2316
2199
2175
2265
2228
2101
2078
2145
2160
2038
2033
2158
2116
2008
2001
2075
2053
1941
1935
2007
1975
1893
1881
1978
1954
1874
1885
2017
2017
1958
1987
2111
2146
2108
2087
2211
2211
2155
2173
2293
2303
2236
2249
2357
2339
2263
2282
2391
2379
2291
2295
2391
2370
2271
2258
2332
2330
2216
2189
2282
2228
2128
2105
2168
2142
2044
2012
2100
2064
1936
1902
1952
1888
1793
1768
1838
1820
1741
1755
1851
1830
1729
1737
1820
1800
1688
1651
1722
1689
1576
1539
1666
1605
1524
1531
1619
1611
1508
1517
1592
1559
1440
1433
1515
1512
1403
1418
1503
1505
1429
1418
1511
1523
1437
1441
1529
1496
1416
1417
1520
1475
1393
1394
1505
1500
1423
1462
1607
1587
1553
1581
1710
1723
1676
1698
1842
1858
1803
1848
1997
2024
1988
2025
2148
2160
2101
2116
2226
2202
2131
2135
2233
2247
2141
2149
2256
2246
2146
2139
2224
2208
2099
2083
2174
2157
2056
2055
2150
2120
1996
1973
2039
1995
1879
1860
1961
1950
1865
1888
1997
1986
1929
1963
2075
2087
2030
2037
2162
2176
2114
2148
2261
2305
2238
2259
2359
2382
2267
2217
2277
2185
2039
1981
2031
1988
1850
1858
1934
1933
1843
1858
1994
2004
1935
1942
2076
2076
1994
2021
2170
2193
2120
2159
2259
2261
2177
2189
2243
2220
2126
2101
2185
2197
2085
2059
2144
2134
2032
2045
2155
2149
2059
2041
2123
2110
1995
1990
2077
2125
2051
2086
2193
2222
2112
2128
2252
2260
2197
2220
2366
2357
2306
2340
2464
2479
2436
2458
2574
2564
2506
2492
2578
2557
2506
2488
2592
2572
2496
2485
2559
2543
2478
2471
2540
2501
2407
2367
2429
2435
2335
2333
2426
2404
2343
2341
2446
2408
2341
2345
2460
2468
2411
2444
2566
2548
2507
2527
2595
2615
2574
2584
2629
2650
2586
2584
2642
2617
2549
2526
2604
2553
2477
2429
2468
2446
2331
2307
2342
2307
2209
2182
2258
2221
2116
2096
2169
2144
2026
2001
2075
2016
1921
1878
1952
1909
1786
1751
1804
1769
1610
1552
1593
1552
1374
1315
1362
1281
1148
1097
1160
1091
988
968
1047
1055
931
948
1034
1053
978
1014
1158
1159
1106
1149
1269
1298
1237
1269
1437
1411
1334
1344
1453
1472
1418
1444
1594
1624
1551
1579
1709
1714
1656
1686
1805
1831
1762
1775
1877
1843
1717
1672
1729
1689
1551
1537
1614
1580
1500
1524
1614
1674
1607
1652
1787
1831
1764
1779
1912
1935
1838
1852
1933
1905
1792
1763
1816
1786
1623
1598
1676
1648
1511
1498
1570
1529
1398
1369
1426
1361
1219
1164
1201
1165
1025
990
1076
1060
945
931
1022
1006
910
908
1013
1010
934
952
1096
1108
1047
1086
1247
1273
1229
1259
1415
1472
1393
1436
1570
1612
1547
1598
1718
1724
1676
1690
1802
1818
1741
1756
1866
1874
1775
1781
1870
1861
1760
1763
1874
1869
1782
1789
1893
1881
1775
1776
1872
1865
1783
1779
1892
1901
1812
1798
1916
1910
1830
1855
1966
1960
1864
1873
1959
1945
1841
1860
1946
1965
1863
1863
1942
1950
1855
1860
1948
1956
1877
1886
1989
2015
1879
1878
1962
1963
1858
1850
1966
1955
1851
1847
1939
1904
1788
1768
1860
1847
1773
1776
1873
1872
1793
1810
1921
1937
1871
1887
2017
2021
1944
1946
2054
2027
1930
1933
2027
2003
1935
1940
2036
2036
1928
1941
2066
2005
1934
1922
2019
2034
1953
1947
2039
2025
1930
1935
2040
2035
1943
1970
2062
2042
1955
1970
2082
2056
1956
1931
2045
2006
1911
1910
1976
1934
1859
1862
1948
1908
1808
1805
1921
1884
1789
1796
1881
1889
1806
1812
1935
1957
1868
1881
1967
2014
1901
1914
2070
2028
1963
1983
2092
2047
1955
1913
1959
1920
1783
1772
1861
1826
1706
1693
1822
1805
1691
1727
1830
1846
1750
1751
1870
1843
1769
1784
1893
1918
1841
1856
1988
1989
1876
1856
1936
1879
1753
1723
1819
1810
1714
1705
1825
1827
1735
1740
1851
1861
1769
1777
1862
1839
1716
1712
1821
1814
1703
1701
1806
1798
1711
1704
1784
1792
1697
1705
1797
1796
1702
1718
1805
1794
1701
1708
1814
1859
1751
1763
1873
1847
1733
1739
1828
1832
1715
1710
1784
1770
1638
1621
1715
1687
1613
1625
1738
1743
1680
1681
1796
1786
1696
1702
1806
1793
1686
1695
1802
1793
1694
1712
1826
1829
1741
1741
1861
1832
1762
1746
1846
1803
1714
1701
1781
1767
1673
1679
1800
1809
1720
1748
1843
1836
1751
1740
1834
1805
1693
1688
1784
1744
1628
1621
1709
1694
1579
1550
1657
1579
1474
1449
1523
1496
1392
1389
1474
1437
1346
1353
1447
1451
1348
1360
1455
1454
1365
1380
1472
1514
1404
1426
1543
1549
1470
1468
1550
1544
1451
1463
1537
1524
1419
1410
1488
1498
1363
1353
1444
1429
1326
1326
1436
1415
1330
1335
1445
1437
1348
1364
1484
1473
1381
1393
1485
1469
1394
1397
1488
1483
1375
1371
1458
1462
1349
1344
1446
1454
1329
1322
1407
1434
1312
1313
1394
1378
1273
1256
1367
1348
1229
1221
1307
1296
1185
1193
1296
1280
1186
1181
1289
1261
1189
1198
1285
1302
1206
1203
1304
1299
1208
1207
1312
1283
1187
1164
1262
1254
1157
1153
1248
1217
1130
1126
1252
1207
1104
1101
1183
1178
1086
1090
1180
1189
1093
1081
1194
1189
1091
1098
1178
1169
1063
1061
1169
1154
1049
1040
1143
1136
1024
1022
1122
1120
1019
1011
1114
1105
1003
999
1107
1109
1010
1022
1132
1118
992
1010
1111
1104
1012
1022
1142
1131
1019
1021
1125
1120
1024
1020
1126
1090
1008
1008
1098
1070
974
967
1074
1031
937
939
1052
1023
914
920
1016
991
915
906
982
1026
889
892
996
970
891
894
1004
981
898
901
1015
990
888
893
1000
974
901
891
991
986
880
892
988
983
871
866
1015
966
858
861
958
941
860
863
958
935
838
850
958
954
862
878
973
963
869
878
968
978
880
869
970
942
849
844
933
928
840
836
934
909
815
808
914
901
790
797
902
889
804
805
920
908
806
819
933
917
817
805
903
883
829
834
939
918
846
855
966
972
854
862
957
952
849
852
926
931
846
851
934
943
829
828
926
916
810
801
897
884
776
786
892
876
774
763
867
853
743
739
852
789
705
702
807
764
685
681
807
785
693
696
807
816
698
717
813
813
716
712
825
820
734
736
830
867
745
759
858
860
769
769
866
863
761
760
848
850
752
755
853
859
760
767
879
854
764
772
870
869
775
779
888
896
807
818
899
659
282
286
284
283
284
284
284
283
711
723
284
284
286
-9
-9

