;UFOS3
;Measurement details: channel = S-D, date = 12.09.2015, time = 10:28:33
Exposure=192
Gain=0
Temperature=33.9
Accummulate=4
1.7752245745094066 mu
1.7881058451422116 amas
34.02 hs
313 ozone
118635 uva
1958 uvb
382 uve
[Value]
-9
-9
-8
-10
-9
-9
-12
-8
-11
-9
-8
-13
-8
-10
-9
-10
-8
-9
-9
-10
-13
-3
2
-1
-2
-1
1
0
-4
-1
-1
-3
-2
0
-2
0
1
2
0
0
3
-2
5
1
-1
-1
0
-4
-2
-1
-2
0
-1
0
3
1
0
-1
0
0
2
0
3
0
0
-1
1
-1
1
0
-1
-1
-1
-1
-2
2
-2
0
1
-1
0
-1
-3
-4
0
0
-2
2
2
2
0
-1
-1
0
2
0
1
0
2
0
2
-1
3
3
-2
0
1
-1
1
2
2
-3
-1
2
1
-1
-1
2
1
-1
1
-2
0
0
0
-2
1
3
2
0
-1
-1
1
0
-1
1
0
-1
0
-1
0
1
1
2
1
-1
1
-2
-1
1
1
0
1
2
2
2
1
1
-1
-1
-1
0
-2
-1
0
2
-2
0
1
-1
1
1
1
0
-1
-2
3
-1
2
-1
0
1
2
1
2
1
-1
0
2
-1
-2
0
0
3
0
0
-1
1
3
3
-1
0
0
0
-1
-1
2
-1
0
-1
-1
0
1
-2
1
-2
0
0
-1
-2
1
1
-2
-1
-2
-2
-2
1
1
-2
0
-1
-1
0
1
-2
0
-1
-1
0
0
1
-1
-2
-1
1
-1
2
1
2
-1
-1
0
-1
2
0
0
-1
-1
-4
1
-2
0
-1
2
0
-1
1
-1
0
-1
0
2
1
-2
-1
2
-2
0
0
0
-1
1
-1
2
-2
-3
0
1
1
0
2
-1
-2
0
1
-1
1
0
-2
-1
0
-2
-3
0
-1
0
-2
1
0
-1
-1
1
0
1
0
0
2
3
1
0
-2
0
1
0
-1
3
1
-1
1
-1
0
-2
-2
5
1
-1
-1
-3
0
0
3
-2
1
-1
0
0
1
0
0
1
0
-2
3
1
1
-1
-2
1
0
0
-1
1
0
1
-2
0
-2
0
-3
-4
-1
-1
-2
1
2
2
1
1
-1
0
1
2
-3
2
-2
1
1
0
0
-2
-1
2
0
0
1
2
1
2
-1
2
-4
0
0
0
2
-1
-1
2
0
0
2
-1
-3
0
0
0
0
-2
1
1
-2
-2
0
-1
-3
3
2
2
1
-1
1
-1
0
0
-1
1
0
1
0
2
-1
0
1
0
-2
0
0
1
3
0
0
0
0
-1
-3
-2
-1
3
-2
2
2
1
1
2
1
2
1
2
2
4
0
0
2
0
-1
2
1
3
1
3
-3
-1
1
-1
2
2
0
0
1
-1
0
0
1
-1
-1
0
0
1
0
0
0
0
-1
0
-1
0
3
0
-2
2
3
3
1
-2
2
-1
3
1
0
2
-2
0
2
4
4
3
2
-1
1
5
4
0
1
2
2
3
1
2
0
2
2
3
6
2
2
4
4
3
2
3
-1
2
2
3
3
3
0
2
3
3
4
3
3
6
4
5
2
2
5
3
4
1
2
6
2
4
2
3
3
4
4
4
2
4
2
4
5
4
5
4
6
4
6
6
3
4
2
8
5
6
5
3
5
6
4
4
2
5
6
8
9
7
9
7
8
6
5
9
6
8
6
8
9
5
4
10
5
7
5
8
5
7
7
8
10
10
7
9
8
10
12
9
11
11
10
9
13
14
11
16
17
15
14
15
19
16
15
17
19
18
17
20
18
19
20
18
19
18
18
21
22
19
22
18
18
19
21
20
19
23
21
20
24
24
24
24
26
23
25
24
30
27
24
29
29
28
29
31
32
33
36
35
39
38
37
38
40
41
42
42
45
45
45
42
43
46
45
43
44
43
43
43
43
41
44
42
44
43
44
45
47
48
47
48
48
49
51
51
53
52
52
54
57
55
58
63
65
57
65
67
68
67
67
70
76
78
81
84
84
83
83
93
94
91
94
96
95
95
98
98
104
102
102
103
104
105
104
99
101
102
105
104
106
105
108
116
114
107
111
114
112
115
115
118
117
116
116
118
116
114
112
117
115
109
109
108
107
103
105
105
105
105
109
111
108
108
111
114
115
114
111
118
114
112
114
116
113
117
120
121
116
122
121
127
123
132
129
137
144
142
147
156
160
165
169
178
185
187
186
195
194
196
196
203
203
202
197
204
204
203
202
202
206
200
198
201
196
193
189
198
193
190
191
189
186
185
188
184
181
185
186
190
193
189
190
196
198
197
198
204
204
204
209
215
214
214
218
220
225
223
225
224
225
223
221
222
219
218
220
224
222
217
219
222
222
223
229
232
233
239
240
246
252
252
260
267
270
273
275
281
279
276
273
278
269
264
268
267
267
264
262
263
264
268
264
271
275
275
279
285
293
293
298
307
319
325
323
337
339
334
337
340
342
337
332
330
326
319
315
308
306
295
295
293
283
277
277
280
278
274
279
293
291
295
296
306
317
320
331
347
358
368
372
392
390
396
408
417
434
435
447
462
472
475
485
490
504
507
511
520
531
533
537
544
552
551
555
564
558
552
551
548
534
517
513
507
496
483
474
474
461
456
461
460
456
448
447
454
462
457
469
484
494
502
514
535
553
563
577
587
603
605
605
607
602
604
594
597
590
583
580
576
571
564
559
554
550
539
537
548
545
537
536
545
547
553
565
573
583
584
592
608
619
619
633
638
654
653
664
671
682
682
691
697
694
697
700
701
699
692
685
677
675
665
651
638
635
611
596
593
579
568
558
561
552
544
536
540
548
546
553
560
569
571
573
584
588
587
591
599
592
597
590
596
595
588
579
580
568
561
550
549
542
519
512
511
500
485
478
480
483
476
480
483
486
481
480
482
493
491
490
502
506
512
520
524
531
540
547
560
564
565
571
583
588
586
590
603
604
610
617
623
630
634
636
647
656
662
667
671
675
673
667
672
670
668
661
661
656
647
638
641
635
631
628
632
633
627
625
634
633
638
638
663
675
688
700
714
736
748
764
796
814
825
837
858
877
888
899
920
934
942
948
960
961
956
956
961
968
974
979
990
987
986
990
1004
1008
1006
1007
1018
1018
1015
1019
1023
1021
1019
1016
1032
1034
1034
1040
1048
1047
1046
1045
1041
1040
1033
1029
1031
1034
1031
1023
1035
1038
1030
1033
1032
1027
1025
1016
1029
1022
1019
1023
1035
1037
1025
1032
1038
1038
1030
1030
1037
1042
1050
1052
1077
1086
1096
1103
1126
1147
1158
1175
1201
1202
1217
1248
1263
1289
1306
1327
1367
1380
1402
1412
1440
1454
1453
1461
1470
1470
1478
1497
1516
1529
1521
1525
1526
1520
1516
1501
1508
1500
1486
1480
1470
1455
1435
1413
1400
1385
1365
1350
1340
1324
1300
1288
1288
1278
1270
1274
1279
1275
1281
1284
1277
1288
1284
1277
1286
1295
1297
1299
1307
1311
1306
1303
1304
1317
1309
1319
1316
1320
1332
1326
1337
1338
1328
1327
1333
1327
1320
1311
1322
1313
1313
1306
1312
1310
1302
1299
1294
1288
1267
1247
1248
1229
1209
1219
1218
1218
1215
1214
1232
1236
1227
1225
1225
1214
1216
1203
1192
1196
1177
1166
1164
1148
1146
1130
1146
1121
1117
1105
1109
1099
1082
1079
1080
1081
1068
1064
1077
1087
1103
1114
1135
1145
1158
1166
1175
1178
1175
1179
1182
1180
1175
1166
1158
1151
1155
1146
1153
1153
1151
1146
1144
1150
1139
1138
1149
1148
1145
1149
1163
1175
1175
1182
1201
1206
1199
1191
1184
1167
1137
1108
1082
1046
1019
996
989
962
943
933
929
922
908
912
914
910
903
911
926
932
940
952
961
970
963
966
973
966
945
940
930
915
893
877
885
873
865
862
881
895
902
925
951
979
992
1016
1043
1055
1066
1071
1086
1089
1089
1093
1107
1118
1115
1115
1124
1113
1110
1107
1115
1111
1107
1114
1130
1141
1141
1152
1167
1181
1195
1222
1245
1255
1269
1275
1287
1298
1280
1275
1281
1269
1257
1260
1259
1250
1236
1236
1247
1254
1257
1259
1271
1284
1289
1303
1322
1338
1353
1385
1425
1444
1466
1481
1509
1528
1546
1554
1558
1580
1565
1568
1578
1581
1570
1568
1568
1563
1542
1529
1528
1515
1501
1487
1491
1499
1494
1487
1500
1502
1500
1495
1494
1476
1466
1453
1456
1454
1448
1455
1457
1449
1465
1465
1476
1486
1496
1501
1529
1538
1550
1573
1585
1615
1629
1646
1654
1664
1683
1689
1705
1706
1701
1710
1715
1706
1709
1696
1695
1695
1666
1670
1692
1700
1690
1703
1718
1736
1737
1756
1762
1752
1749
1752
1753
1742
1747
1747
1753
1757
1748
1738
1736
1714
1702
1677
1668
1643
1603
1569
1556
1520
1498
1470
1443
1414
1377
1342
1316
1280
1245
1213
1208
1190
1174
1158
1165
1161
1162
1177
1188
1220
1244
1275
1322
1361
1389
1407
1442
1467
1486
1495
1515
1527
1543
1557
1568
1577
1587
1594
1596
1607
1593
1583
1577
1561
1546
1525
1509
1495
1468
1445
1433
1415
1396
1379
1371
1352
1336
1329
1332
1325
1298
1303
1308
1309
1304
1318
1339
1344
1359
1376
1400
1414
1421
1447
1461
1477
1464
1464
1453
1444
1444
1430
1422
1415
1392
1379
1371
1350
1316
1298
1281
1271
1243
1234
1233
1208
1202
1201
1200
1202
1207
1200
1209
1221
1218
1225
1242
1241
1243
1252
1268
1277
1273
1284
1290
1292
1291
1292
1295
1286
1267
1259
1254
1237
1231
1228
1223
1225
1205
1202
1201
1198
1188
1193
1184
1176
1159
1153
1148
1133
1118
1122
1132
1134
1141
1158
1178
1201
1212
1228
1257
1268
1284
1301
1327
1351
1363
1382
1405
1426
1440
1455
1475
1494
1495
1504
1512
1507
1519
1506
1509
1500
1489
1483
1482
1472
1452
1445
1438
1417
1400
1383
1358
1344
1329
1326
1310
1304
1297
1300
1310
1306
1316
1331
1351
1372
1375
1382
1402
1415
1418
1418
1425
1431
1426
1419
1414
1411
1386
1372
1363
1325
1304
1281
1270
1242
1227
1219
1220
1235
1238
1255
1271
1283
1303
1323
1349
1357
1374
1393
1421
1442
1473
1498
1529
1564
1579
1595
1620
1630
1634
1649
1657
1670
1682
1690
1707
1709
1732
1733
1756
1760
1766
1770
1787
1791
1786
1803
1806
1827
1824
1831
1852
1853
1855
1868
1884
1873
1872
1879
1874
1882
1869
1866
1859
1841
1822
1807
1791
1771
1760
1762
1758
1758
1754
1757
1765
1760
1768
1783
1785
1802
1810
1814
1825
1823
1822
1834
1832
1830
1838
1843
1858
1873
1892
1908
1933
1942
1943
1933
1920
1893
1883
1862
1854
1836
1825
1808
1792
1772
1748
1710
1681
1643
1609
1574
1547
1522
1486
1470
1471
1462
1478
1484
1494
1519
1529
1544
1564
1576
1584
1598
1620
1634
1648
1662
1673
1666
1651
1638
1611
1590
1550
1528
1508
1481
1455
1426
1401
1377
1332
1308
1274
1247
1209
1194
1182
1170
1159
1159
1161
1183
1199
1218
1260
1290
1310
1341
1379
1404
1425
1458
1502
1523
1564
1604
1642
1684
1710
1744
1779
1814
1831
1851
1858
1878
1891
1906
1902
1904
1921
1917
1931
1929
1927
1920
1915
1908
1890
1871
1845
1825
1800
1757
1731
1703
1666
1633
1604
1578
1543
1498
1463
1435
1394
1385
1384
1371
1352
1360
1359
1355
1360
1368
1371
1374
1385
1401
1402
1417
1417
1419
1437
1437
1432
1422
1411
1395
1377
1362
1351
1338
1318
1320
1322
1320
1317
1322
1321
1318
1311
1319
1348
1360
1378
1406
1459
1497
1529
1566
1591
1620
1632
1650
1662
1640
1621
1605
1583
1563
1551
1528
1507
1491
1455
1439
1419
1401
1365
1340
1335
1318
1307
1308
1304
1321
1327
1357
1385
1411
1437
1462
1481
1494
1511
1530
1545
1548
1542
1534
1530
1531
1523
1517
1518
1497
1478
1452
1447
1425
1408
1375
1368
1349
1343
1336
1336
1335
1337
1353
1375
1392
1406
1422
1446
1466
1480
1510
1535
1566
1584
1610
1640
1677
1700
1723
1740
1765
1783
1796
1820
1830
1835
1850
1855
1863
1855
1860
1856
1865
1869
1870
1877
1871
1876
1870
1867
1872
1867
1864
1854
1847
1839
1827
1825
1821
1812
1815
1834
1832
1836
1859
1862
1862
1874
1883
1900
1908
1910
1922
1926
1921
1935
1930
1931
1924
1905
1883
1878
1855
1832
1823
1827
1811
1808
1804
1807
1811
1815
1828
1827
1829
1844
1859
1864
1874
1870
1850
1861
1863
1867
1877
1888
1889
1906
1920
1945
1956
1977
1997
2016
2027
2053
2063
2095
2118
2126
2156
2178
2203
2231
2256
2259
2270
2317
2320
2305
2326
2375
2371
2348
2365
2411
2412
2372
2396
2454
2452
2423
2421
2463
2456
2397
2379
2409
2363
2302
2259
2243
2198
2145
2117
2093
2050
2031
2016
2005
2003
2027
2036
2062
2104
2132
2181
2237
2290
2302
2336
2406
2432
2400
2442
2492
2520
2475
2490
2552
2567
2509
2541
2586
2599
2544
2540
2585
2466
2334
2150
2091
2040
2019
2003
1987
1985
1983
1983
1981
1982
1994
2019
2058
2091
2136
2168
2223
2236
2254
2271
2315
2313
2276
2261
2259
2207
2138
2083
2029
1974
1921
1872
1822
1776
1743
1682
1651
1612
1594
1574
1560
1572
1583
1609
1631
1668
1699
1746
1763
1802
1835
1875
1882
1902
1916
1912
1904
1906
1893
1855
1829
1790
1758
1711
1633
1586
1543
1505
1475
1446
1459
1459
1466
1479
1502
1537
1566
1618
1669
1731
1779
1821
1877
1915
1945
1965
1994
2012
2008
2015
2015
2004
1997
1971
1969
1949
1927
1907
1880
1864
1815
1788
1773
1743
1726
1716
1721
1713
1712
1719
1729
1732
1734
1740
1743
1742
1734
1727
1729
1726
1723
1733
1749
1769
1781
1796
1813
1830
1839
1853
1876
1904
1922
1940
1956
1968
1967
1987
2007
2023
2040
2047
2077
2085
2105
2103
2108
2118
2131
2139
2142
2156
2169
2172
2170
2177
2172
2164
2147
2122
2112
2085
2055
2026
1999
1965
1935
1900
1884
1861
1836
1813
1789
1760
1745
1711
1685
1665
1658
1649
1640
1626
1620
1617
1588
1581
1568
1555
1524
1513
1505
1485
1475
1468
1476
1475
1474
1488
1513
1534
1555
1574
1613
1637
1659
1680
1705
1726
1745
1771
1797
1811
1831
1838
1853
1857
1873
1875
1881
1887
1881
1882
1882
1866
1857
1841
1826
1808
1794
1767
1747
1721
1696
1679
1668
1645
1627
1594
1575
1557
1509
1484
1441
1410
1377
1362
1356
1355
1347
1355
1343
1354
1343
1333
1320
1305
1279
1251
1238
1203
1178
1161
1155
1147
1137
1133
1144
1133
1128
1116
1104
1081
1067
1046
1044
1036
1026
1021
1036
1033
1040
1047
1057
1058
1060
1060
1055
1052
1034
1035
1032
1021
1017
1016
1025
1050
1059
1086
1120
1145
1173
1202
1236
1273
1301
1330
1358
1395
1434
1470
1521
1567
1600
1640
1678
1695
1711
1714
1735
1739
1742
1751
1754
1749
1752
1747
1751
1746
1750
1737
1730
1722
1706
1693
1687
1674
1655
1650
1640
1632
1607
1561
1526
1480
1431
1395
1377
1376
1357
1369
1382
1397
1397
1423
1460
1488
1514
1544
1583
1615
1652
1692
1744
1779
1815
1837
1845
1851
1836
1819
1783
1752
1712
1673
1661
1643
1622
1617
1635
1633
1646
1654
1681
1680
1693
1693
1688
1685
1687
1701
1706
1732
1744
1759
1772
1775
1769
1749
1739
1722
1709
1702
1692
1686
1671
1657
1644
1638
1638
1646
1654
1646
1639
1624
1612
1610
1594
1594
1609
1627
1650
1669
1699
1702
1718
1729
1761
1780
1805
1834
1872
1903
1921
1946
1984
2004
2040
2063
2087
2095
2094
2104
2093
2101
2107
2112
2102
2106
2104
2086
2076
2059
2064
2056
2037
2014
1991
1960
1942
1935
1924
1921
1927
1926
1941
1952
1950
1954
1960
1963
1982
2004
2030
2058
2073
2091
2106
2140
2157
2180
2195
2207
2191
2195
2206
2194
2175
2164
2162
2153
2130
2108
2087
2051
2022
1971
1955
1917
1887
1861
1836
1812
1797
1780
1750
1725
1717
1699
1668
1635
1620
1590
1543
1522
1491
1461
1426
1378
1328
1261
1205
1137
1074
1011
937
877
815
756
716
677
652
623
596
579
577
567
570
576
590
608
631
652
674
688
699
712
723
736
741
760
774
795
816
830
864
922
967
1017
1078
1141
1183
1220
1261
1295
1317
1346
1376
1396
1413
1425
1442
1437
1440
1453
1480
1493
1513
1532
1541
1550
1539
1556
1555
1552
1554
1560
1565
1564
1555
1548
1559
1544
1525
1511
1501
1481
1447
1434
1408
1369
1337
1304
1278
1239
1198
1164
1146
1103
1055
999
961
910
858
799
753
711
671
642
626
608
594
575
566
564
558
558
566
579
579
607
636
666
691
736
777
825
865
909
961
998
1033
1072
1106
1150
1177
1203
1233
1260
1274
1302
1327
1344
1364
1378
1398
1410
1423
1434
1442
1435
1443
1450
1456
1452
1459
1462
1464
1456
1460
1467
1475
1477
1490
1495
1507
1523
1523
1522
1535
1534
1532
1540
1551
1547
1534
1532
1523
1488
1470
1441
1439
1448
1456
1454
1471
1460
1462
1473
1486
1502
1519
1526
1542
1554
1540
1534
1527
1517
1521
1516
1520
1502
1508
1498
1500
1491
1476
1488
1496
1495
1490
1484
1497
1507
1503
1501
1524
1546
1555
1568
1592
1597
1594
1601
1606
1591
1592
1575
1592
1593
1598
1594
1609
1594
1594
1587
1587
1586
1579
1587
1592
1605
1589
1597
1598
1597
1595
1591
1609
1614
1619
1618
1625
1633
1625
1617
1635
1626
1607
1598
1599
1581
1559
1555
1549
1526
1501
1478
1460
1442
1434
1409
1407
1402
1392
1377
1400
1421
1416
1445
1472
1489
1511
1526
1547
1556
1564
1594
1610
1624
1627
1625
1638
1633
1607
1564
1513
1459
1391
1352
1344
1345
1340
1339
1349
1351
1367
1374
1397
1418
1418
1432
1439
1436
1438
1458
1482
1502
1518
1530
1552
1577
1574
1570
1565
1553
1543
1523
1517
1496
1482
1470
1468
1470
1464
1469
1478
1480
1475
1463
1455
1421
1390
1373
1359
1363
1356
1341
1344
1345
1337
1317
1333
1324
1334
1342
1357
1366
1382
1390
1391
1396
1400
1411
1423
1436
1429
1440
1443
1437
1433
1440
1436
1443
1436
1415
1411
1390
1372
1358
1349
1331
1312
1319
1322
1325
1336
1343
1352
1358
1360
1376
1378
1390
1392
1395
1413
1418
1435
1443
1454
1459
1471
1474
1485
1492
1477
1480
1488
1484
1478
1475
1487
1485
1476
1481
1494
1503
1499
1495
1495
1481
1480
1462
1443
1430
1406
1393
1374
1356
1350
1329
1322
1309
1280
1244
1213
1192
1160
1126
1097
1067
1036
1017
991
978
950
944
928
926
914
913
925
948
945
952
993
1015
1017
1054
1095
1120
1136
1156
1176
1181
1188
1199
1210
1211
1199
1201
1200
1205
1209
1209
1217
1223
1211
1204
1210
1206
1201
1189
1194
1183
1176
1159
1168
1162
1148
1132
1133
1117
1110
1109
1107
1105
1088
1075
1081
1074
1076
1070
1079
1075
1063
1049
1044
1042
1024
1017
1003
989
972
959
950
941
934
928
921
915
912
909
923
903
903
902
905
906
908
916
919
925
927
929
936
941
944
936
929
919
911
902
888
879
874
867
867
865
857
858
850
843
828
817
816
806
803
796
800
807
808
801
805
800
795
796
799
785
784
775
787
784
771
765
771
758
751
749
751
753
745
744
750
742
734
733
744
744
741
745
749
750
748
750
762
757
764
759
764
762
754
750
748
754
741
742
744
742
732
732
733
717
711
698
695
690
671
665
668
663
650
641
648
649
639
632
630
628
614
613
620
617
608
609
614
612
608
614
615
616
613
613
620
619
611
615
628
619
613
614
616
606
599
595
590
588
579
584
592
595
589
587
587
588
583
584
591
593
589
596
593
596
596
601
602
593
573
561
560
551
552
559
561
559
552
553
553
540
531
519
522
518
507
512
526
524
527
534
539
540
535
543
554
555
537
529
527
520
509
513
525
532
525
518
522
508
490
480
476
463
462
466
465
459
455
465
484
479
486
501
513
521
509
513
515
512
504
497
506
512
514
501
511
510
504
503
514
514
510
498
495
479
475
469
467
473
456
457
460
465
463
465
470
473
474
482
488
495
496
508
527
535
545
570
582
297
-10
-9
-9
-10
-10
-7
-9
-9
484
477
-11
-9
-11
-9
-9

