;UFOS3
;Measurement details: channel = S, date = 12.09.2015, time = 10:23:19
Exposure=193
Gain=0
Temperature=33.8
Accummulate=4
1.7702142395450269 mu
1.7829387751913666 amas
34.132 hs
210 ozone
148261 uva
13871 uvb
10194 uve
[Value]
-5
290
290
290
289
290
290
289
302
298
339
336
298
301
343
345
303
303
341
352
300
313
367
354
310
309
376
371
316
314
373
357
316
314
360
356
312
311
360
365
314
313
358
362
312
315
373
369
321
318
365
365
311
316
374
371
309
310
372
379
310
319
365
380
317
314
375
356
313
314
355
371
314
319
362
366
310
313
358
363
314
317
380
366
309
315
362
368
314
316
367
374
313
312
367
362
313
311
361
373
316
313
361
369
313
319
376
364
314
315
375
359
316
317
364
373
315
310
361
365
309
314
369
369
311
317
364
355
311
317
371
377
309
315
362
373
307
312
365
364
316
310
372
376
313
316
365
378
313
316
381
373
312
314
367
367
314
314
374
372
311
315
367
364
321
317
368
376
311
315
365
385
311
316
360
375
312
317
369
369
313
316
387
368
316
317
358
361
317
315
365
373
309
317
370
369
317
311
360
371
313
313
363
362
309
314
362
366
312
317
360
364
315
317
372
370
313
314
365
371
314
316
360
373
312
316
366
363
314
317
371
361
314
315
359
369
321
315
375
358
312
309
358
367
310
315
368
369
313
310
367
364
316
313
360
367
313
316
397
366
314
314
372
360
312
310
376
363
310
314
363
359
309
319
366
366
315
307
372
364
313
316
372
368
317
312
379
361
317
310
371
364
311
313
366
363
309
315
367
366
307
313
368
365
314
315
373
372
319
313
365
367
311
312
375
353
321
317
371
361
316
313
372
375
310
312
374
372
317
312
360
366
313
311
372
363
315
311
368
360
310
317
365
375
315
319
364
375
312
317
370
369
316
313
357
362
316
314
364
362
313
317
364
360
310
316
356
364
313
308
371
369
315
316
361
363
314
316
370
364
310
315
365
362
317
313
370
373
315
316
379
360
311
311
365
373
317
317
377
370
314
313
369
376
315
318
376
366
311
320
370
365
315
319
372
373
317
312
365
370
313
315
363
372
316
311
355
369
311
313
368
365
311
311
361
376
310
315
365
364
317
313
374
366
313
313
368
375
312
316
372
386
312
317
365
365
314
319
370
368
317
316
365
362
312
312
373
357
312
313
360
367
315
317
368
362
319
316
362
368
317
313
361
377
307
315
367
372
314
324
371
367
311
318
362
360
316
311
361
369
316
314
370
362
311
314
355
376
310
318
372
379
314
313
367
372
314
313
372
371
313
315
369
377
315
316
368
370
318
315
371
367
315
318
370
363
315
318
372
365
325
315
363
363
316
315
370
378
313
316
364
362
321
316
367
359
316
316
379
368
324
319
374
386
316
317
364
377
319
316
373
373
317
320
370
366
318
318
374
373
319
316
374
378
321
316
370
371
319
320
362
371
316
320
365
377
316
318
371
374
314
321
370
363
323
321
372
374
316
320
380
377
322
321
375
374
324
324
375
370
321
329
384
373
324
322
373
385
329
325
382
365
315
320
369
369
317
321
375
388
322
330
377
377
322
325
369
381
332
329
392
385
329
333
388
383
330
328
385
390
328
334
392
379
329
334
392
391
336
335
389
382
328
335
381
383
327
335
388
392
333
336
394
384
334
337
401
406
342
343
390
381
341
342
393
392
348
349
391
401
349
347
417
405
351
355
402
407
354
357
423
405
359
361
401
411
357
360
412
414
354
356
413
405
358
358
403
405
356
363
421
417
361
368
426
402
361
365
409
415
375
364
423
423
368
369
423
427
376
380
434
430
380
386
437
447
394
397
450
456
407
401
460
459
408
410
457
460
411
409
487
465
415
420
470
468
422
421
472
469
418
420
486
475
426
427
473
469
423
431
491
484
428
432
482
477
426
433
486
484
427
430
490
487
422
421
480
468
420
420
484
478
422
422
467
463
421
423
484
480
427
433
485
474
430
432
482
491
430
431
491
493
431
440
493
494
444
449
503
501
465
462
517
532
482
483
555
544
505
510
566
562
508
515
568
569
520
518
587
573
516
520
564
579
514
516
586
569
510
505
565
567
505
510
567
551
498
501
573
552
502
506
565
558
505
509
565
563
515
515
572
570
525
523
595
577
531
538
585
595
539
545
589
595
544
534
606
588
528
534
596
590
539
538
588
585
535
543
596
607
548
561
607
617
575
574
629
656
587
591
653
650
596
588
650
636
587
582
634
640
576
578
631
634
587
585
640
637
597
600
667
664
608
617
684
681
642
643
718
709
650
653
709
711
653
659
710
700
645
639
670
677
607
610
652
654
591
595
655
647
594
598
661
654
607
612
677
692
639
659
720
737
686
722
757
769
713
728
785
794
751
765
828
838
789
804
852
872
823
833
896
904
847
854
919
926
873
871
934
936
874
868
921
904
837
837
886
862
799
791
840
838
771
774
822
823
770
772
823
841
777
785
850
865
822
843
917
922
878
903
962
989
917
924
991
970
913
912
974
965
894
904
957
942
885
878
924
933
861
860
909
915
857
859
917
927
876
880
949
955
908
915
982
975
936
955
1020
1020
979
983
1056
1054
1000
1007
1068
1078
1015
1017
1077
1074
1007
1007
1051
1048
979
970
1013
1013
931
915
973
948
883
880
926
933
864
855
924
931
862
879
938
939
885
892
955
954
904
912
956
965
912
915
961
965
899
891
956
943
882
876
913
937
838
830
890
860
802
800
850
857
798
801
859
862
792
805
857
879
807
814
865
878
829
837
899
903
855
862
928
936
885
885
949
970
898
912
946
978
921
932
997
995
950
961
1022
1022
980
986
1043
1041
990
990
1046
1046
981
986
1031
1031
967
955
1018
1004
956
949
1008
1009
948
944
1014
993
961
962
1034
1053
1011
1017
1087
1116
1065
1086
1164
1193
1144
1161
1240
1253
1218
1214
1295
1312
1257
1270
1343
1344
1275
1287
1339
1350
1287
1300
1371
1353
1315
1317
1375
1396
1325
1335
1397
1420
1341
1341
1400
1398
1344
1346
1401
1424
1362
1366
1433
1424
1365
1367
1425
1415
1354
1356
1407
1412
1352
1348
1424
1416
1353
1356
1416
1397
1347
1347
1410
1393
1344
1343
1407
1405
1354
1356
1421
1412
1355
1364
1421
1435
1370
1378
1451
1466
1417
1435
1502
1525
1483
1505
1563
1596
1545
1570
1652
1665
1634
1662
1753
1754
1723
1743
1826
1829
1780
1780
1864
1852
1814
1825
1891
1910
1859
1850
1921
1898
1837
1843
1881
1876
1816
1805
1860
1830
1753
1736
1789
1763
1696
1677
1725
1706
1628
1617
1668
1662
1597
1603
1646
1655
1611
1605
1657
1674
1608
1607
1667
1687
1613
1620
1677
1677
1625
1629
1693
1706
1641
1643
1711
1703
1661
1653
1720
1718
1651
1653
1704
1714
1641
1644
1700
1691
1641
1636
1693
1686
1627
1616
1673
1664
1585
1576
1609
1616
1543
1539
1603
1587
1532
1537
1601
1608
1549
1553
1601
1604
1527
1537
1565
1573
1494
1487
1532
1533
1474
1456
1515
1505
1432
1437
1494
1473
1412
1405
1467
1465
1392
1398
1444
1470
1422
1437
1506
1529
1483
1490
1552
1568
1502
1512
1562
1555
1502
1481
1535
1526
1474
1475
1525
1516
1471
1474
1526
1525
1460
1464
1521
1522
1476
1472
1537
1559
1504
1519
1579
1584
1524
1526
1556
1540
1453
1431
1475
1438
1341
1325
1371
1331
1269
1256
1301
1297
1234
1228
1288
1279
1231
1234
1293
1313
1260
1275
1337
1347
1291
1298
1350
1353
1276
1264
1302
1303
1213
1211
1262
1254
1183
1192
1260
1280
1220
1248
1336
1348
1313
1339
1427
1431
1385
1393
1456
1459
1411
1427
1475
1488
1443
1443
1494
1510
1434
1432
1493
1487
1432
1440
1510
1514
1462
1480
1539
1564
1528
1555
1624
1637
1602
1605
1664
1661
1598
1602
1659
1655
1575
1577
1637
1632
1559
1559
1632
1626
1581
1587
1653
1660
1614
1629
1700
1731
1679
1710
1790
1828
1794
1812
1883
1912
1874
1888
1949
1946
1896
1891
1976
1976
1900
1895
1947
1961
1866
1857
1903
1883
1817
1818
1880
1880
1811
1816
1891
1886
1817
1830
1872
1856
1793
1781
1835
1828
1778
1777
1839
1846
1783
1787
1856
1869
1817
1829
1907
1922
1882
1899
1963
1996
1963
1969
2030
2039
2020
2014
2086
2102
2027
2036
2099
2082
2027
2014
2079
2061
1992
2006
2056
2071
2023
2027
2099
2130
2071
2084
2132
2130
2078
2078
2140
2131
2080
2074
2140
2125
2067
2070
2108
2091
2033
2013
2049
2019
1931
1900
1936
1914
1815
1789
1829
1802
1705
1675
1699
1663
1575
1541
1593
1562
1503
1493
1547
1542
1486
1495
1561
1588
1571
1597
1702
1743
1712
1740
1824
1829
1807
1828
1883
1903
1941
1888
1956
1972
1913
1927
1976
1985
1925
1915
1966
1940
1869
1854
1896
1873
1790
1768
1816
1796
1723
1707
1745
1728
1655
1652
1700
1705
1629
1624
1692
1687
1634
1641
1716
1723
1683
1699
1789
1792
1755
1780
1846
1845
1794
1795
1831
1838
1756
1759
1806
1798
1711
1702
1746
1718
1644
1625
1670
1645
1561
1561
1609
1590
1522
1524
1586
1569
1526
1532
1600
1604
1541
1545
1627
1618
1564
1578
1644
1655
1597
1608
1671
1671
1617
1615
1667
1661
1597
1589
1632
1620
1558
1552
1604
1596
1527
1523
1575
1577
1524
1517
1568
1567
1482
1472
1528
1499
1437
1443
1498
1499
1461
1485
1552
1573
1537
1560
1628
1641
1601
1633
1700
1732
1680
1707
1781
1801
1769
1776
1852
1880
1806
1821
1903
1895
1829
1840
1887
1876
1824
1812
1849
1849
1777
1776
1825
1785
1720
1702
1740
1728
1647
1643
1697
1676
1624
1635
1699
1688
1644
1662
1735
1754
1691
1712
1806
1789
1745
1739
1802
1809
1742
1748
1783
1789
1722
1703
1737
1711
1630
1604
1641
1620
1555
1551
1601
1601
1564
1574
1652
1665
1622
1636
1714
1749
1696
1724
1797
1822
1791
1823
1912
1950
1918
1930
1988
2006
1961
1970
2036
2046
1996
2024
2068
2102
2055
2061
2142
2147
2095
2092
2170
2167
2121
2135
2196
2203
2148
2161
2225
2250
2189
2198
2262
2262
2203
2208
2264
2262
2196
2187
2238
2221
2154
2134
2173
2163
2095
2102
2131
2139
2077
2080
2137
2142
2090
2106
2176
2182
2140
2149
2207
2211
2149
2158
2221
2225
2162
2175
2235
2262
2223
2239
2316
2324
2271
2266
2305
2293
2214
2187
2227
2222
2149
2128
2167
2167
2070
2044
2064
2033
1935
1905
1919
1908
1816
1791
1851
1853
1789
1809
1871
1919
1855
1869
1948
1952
1916
1924
2005
2017
1977
1994
2044
2043
1976
1966
1995
1961
1879
1845
1894
1847
1777
1752
1782
1736
1664
1634
1668
1627
1530
1518
1563
1530
1487
1481
1544
1558
1519
1546
1648
1669
1631
1672
1751
1776
1748
1778
1878
1903
1885
1934
2059
2053
2035
2076
2157
2183
2154
2172
2247
2258
2218
2222
2291
2280
2243
2245
2318
2325
2248
2246
2303
2289
2227
2204
2240
2216
2121
2085
2102
2082
1997
1960
1965
1953
1872
1818
1860
1830
1727
1709
1770
1757
1675
1685
1737
1740
1682
1690
1749
1754
1702
1716
1784
1787
1748
1748
1841
1810
1756
1743
1791
1776
1702
1689
1740
1718
1643
1640
1696
1702
1640
1628
1697
1685
1633
1644
1721
1739
1709
1737
1829
1879
1842
1898
1976
2002
1960
1971
2030
2016
1947
1935
1967
1962
1878
1857
1881
1865
1784
1765
1806
1780
1695
1671
1723
1690
1632
1628
1676
1708
1645
1686
1763
1782
1760
1794
1859
1881
1845
1852
1926
1930
1866
1871
1907
1909
1840
1840
1904
1873
1805
1776
1837
1803
1726
1719
1754
1741
1670
1658
1720
1724
1666
1678
1758
1767
1733
1747
1836
1846
1802
1836
1924
1954
1924
1942
2019
2062
2028
2048
2132
2136
2110
2131
2200
2207
2158
2167
2237
2247
2178
2185
2239
2258
2192
2196
2264
2251
2245
2207
2263
2258
2184
2182
2226
2238
2156
2151
2202
2193
2136
2152
2209
2229
2166
2181
2247
2247
2200
2217
2281
2286
2243
2246
2325
2301
2252
2252
2309
2300
2236
2218
2269
2230
2160
2155
2215
2198
2127
2131
2195
2193
2129
2152
2223
2216
2170
2181
2233
2246
2191
2184
2236
2253
2199
2201
2266
2267
2239
2246
2333
2339
2315
2322
2397
2416
2382
2403
2484
2487
2451
2494
2566
2599
2560
2592
2633
2664
2641
2659
2692
2694
2699
2706
2728
2735
2737
2744
2767
2770
2777
2785
2791
2795
2790
2782
2784
2767
2743
2699
2683
2638
2577
2527
2532
2510
2405
2388
2414
2378
2332
2325
2411
2422
2391
2430
2508
2556
2569
2613
2687
2718
2735
2768
2783
2809
2814
2840
2844
2866
2866
2887
2887
2908
2903
2921
2916
2926
2920
2825
2776
2542
2428
2375
2406
2386
2323
2311
2372
2348
2305
2313
2388
2395
2388
2429
2531
2546
2538
2579
2635
2655
2642
2654
2674
2647
2594
2542
2530
2450
2363
2291
2292
2250
2144
2092
2124
2090
1961
1929
1985
1945
1895
1898
1969
1973
1961
1984
2090
2119
2085
2130
2214
2255
2210
2223
2296
2277
2232
2239
2263
2241
2157
2119
2143
2078
1969
1921
1918
1895
1797
1771
1846
1835
1787
1803
1883
1899
1899
1955
2060
2105
2092
2158
2260
2292
2266
2294
2367
2405
2338
2344
2396
2378
2319
2303
2358
2337
2254
2236
2268
2236
2140
2128
2154
2117
2053
2035
2083
2099
2037
2049
2121
2109
2072
2075
2119
2131
2056
2048
2105
2090
2049
2069
2134
2162
2112
2119
2202
2202
2169
2192
2264
2279
2250
2271
2360
2330
2303
2318
2396
2397
2371
2380
2452
2471
2429
2430
2505
2502
2462
2466
2516
2542
2492
2505
2572
2549
2510
2490
2524
2504
2436
2419
2442
2406
2333
2304
2324
2279
2206
2182
2232
2203
2113
2092
2130
2109
2039
1995
2051
2014
1957
1954
2013
1982
1923
1904
1949
1913
1843
1839
1893
1870
1798
1788
1853
1845
1796
1813
1885
1911
1874
1908
2005
2013
1980
2014
2088
2107
2070
2089
2172
2193
2150
2162
2237
2230
2195
2196
2260
2250
2214
2212
2264
2247
2179
2166
2201
2182
2105
2092
2122
2096
2028
2006
2060
2016
1948
1926
1955
1928
1837
1804
1839
1788
1702
1685
1732
1726
1666
1675
1726
1720
1667
1649
1688
1681
1598
1574
1611
1564
1493
1492
1541
1518
1449
1455
1524
1507
1441
1436
1489
1448
1383
1376
1419
1403
1347
1353
1417
1415
1351
1368
1436
1432
1375
1380
1433
1424
1359
1351
1412
1388
1336
1337
1404
1430
1384
1404
1504
1533
1501
1523
1619
1646
1612
1647
1732
1766
1757
1801
1906
1947
1924
1961
2053
2066
2037
2050
2115
2120
2069
2075
2134
2127
2062
2077
2140
2127
2077
2063
2110
2104
2029
2020
2051
2046
1982
1973
2026
2019
1927
1890
1910
1848
1749
1719
1762
1747
1678
1693
1754
1763
1727
1754
1849
1868
1840
1860
1968
1994
1978
2018
2141
2168
2134
2173
2230
2228
2157
2144
2164
2114
2039
2002
2040
2022
1946
1937
2019
2011
1967
1989
2068
2062
2027
2020
2082
2077
2015
2022
2080
2116
2070
2089
2145
2170
2090
2082
2135
2099
2033
2029
2085
2054
1993
1984
2035
2017
1958
1966
2042
2019
1965
1944
2003
1974
1917
1920
2008
2012
1971
1998
2081
2083
2052
2058
2142
2159
2129
2159
2245
2283
2243
2279
2370
2374
2359
2389
2468
2464
2420
2429
2481
2477
2432
2437
2495
2485
2425
2420
2448
2443
2387
2380
2404
2399
2312
2281
2337
2317
2243
2240
2328
2313
2260
2277
2327
2339
2288
2290
2362
2371
2364
2394
2458
2465
2440
2465
2528
2548
2523
2535
2571
2563
2536
2512
2560
2542
2493
2475
2517
2501
2417
2380
2394
2359
2273
2244
2276
2242
2169
2135
2175
2142
2075
2051
2094
2085
1993
1972
1988
1969
1876
1835
1882
1825
1747
1704
1701
1637
1525
1445
1485
1383
1262
1190
1186
1128
1033
995
1031
1001
911
900
952
939
888
899
970
983
947
972
1057
1057
1012
1025
1098
1112
1056
1074
1153
1154
1128
1153
1240
1301
1292
1339
1453
1521
1502
1541
1643
1679
1640
1672
1759
1776
1732
1744
1819
1825
1761
1775
1867
1879
1829
1854
1917
1919
1873
1880
1951
1933
1879
1880
1935
1933
1875
1875
1936
1928
1847
1833
1877
1863
1779
1756
1793
1750
1666
1617
1656
1615
1522
1489
1538
1479
1378
1328
1343
1304
1172
1121
1132
1084
984
967
1003
979
915
897
945
932
878
880
947
955
909
925
1018
1043
1015
1052
1152
1194
1186
1234
1337
1373
1352
1395
1483
1513
1491
1523
1617
1636
1593
1616
1704
1713
1676
1700
1780
1780
1741
1756
1824
1809
1765
1770
1831
1838
1775
1782
1833
1835
1786
1792
1853
1854
1816
1826
1888
1912
1844
1843
1905
1918
1855
1857
1934
1927
1853
1855
1896
1867
1788
1766
1820
1816
1770
1781
1837
1836
1788
1803
1867
1881
1836
1848
1929
1924
1861
1853
1922
1894
1840
1840
1894
1880
1828
1827
1885
1876
1802
1814
1888
1861
1817
1803
1862
1876
1831
1830
1908
1912
1874
1891
1971
1978
1919
1933
1985
1965
1909
1909
1980
1973
1917
1918
1992
1969
1915
1917
1969
1951
1917
1922
1984
1979
1924
1917
1998
1972
1921
1923
1986
1997
1936
1945
2006
2009
1941
1951
2001
2013
1931
1927
2002
1950
1893
1882
1937
1901
1822
1797
1842
1821
1750
1743
1804
1778
1700
1703
1798
1794
1736
1772
1850
1886
1830
1855
1939
1931
1891
1910
1985
2005
1955
1962
2026
2010
1925
1887
1898
1829
1717
1672
1729
1715
1652
1660
1733
1736
1686
1698
1781
1787
1744
1754
1815
1818
1760
1775
1860
1881
1827
1860
1943
1953
1903
1897
1940
1931
1861
1848
1894
1873
1806
1806
1849
1833
1788
1789
1858
1865
1797
1795
1846
1799
1707
1696
1745
1736
1679
1669
1726
1727
1657
1641
1711
1695
1652
1674
1740
1740
1703
1705
1782
1774
1711
1730
1820
1820
1756
1758
1826
1817
1751
1766
1829
1818
1758
1745
1802
1754
1701
1682
1729
1695
1637
1639
1698
1705
1659
1661
1733
1744
1684
1703
1765
1762
1716
1723
1800
1798
1748
1765
1854
1837
1789
1794
1861
1866
1805
1807
1891
1846
1794
1798
1865
1861
1803
1808
1881
1867
1816
1817
1869
1863
1791
1779
1821
1809
1730
1725
1753
1754
1672
1651
1709
1675
1598
1569
1597
1561
1480
1450
1470
1436
1352
1337
1372
1363
1271
1253
1303
1291
1227
1235
1312
1320
1272
1282
1373
1378
1341
1379
1471
1486
1452
1481
1548
1546
1506
1521
1586
1587
1525
1522
1590
1588
1527
1527
1588
1599
1531
1529
1586
1592
1519
1518
1569
1561
1494
1481
1562
1547
1468
1461
1510
1505
1430
1437
1485
1472
1399
1399
1456
1444
1398
1396
1447
1455
1387
1371
1418
1409
1347
1339
1387
1353
1288
1274
1326
1320
1261
1254
1305
1281
1232
1226
1309
1280
1219
1221
1275
1273
1221
1239
1293
1301
1245
1244
1322
1315
1257
1258
1304
1290
1229
1221
1280
1266
1198
1186
1248
1238
1176
1174
1225
1211
1147
1139
1201
1184
1118
1109
1182
1179
1126
1126
1196
1182
1106
1115
1172
1163
1095
1098
1168
1164
1087
1090
1145
1131
1071
1068
1136
1118
1063
1063
1120
1111
1054
1053
1123
1101
1053
1065
1142
1124
1070
1078
1143
1131
1080
1088
1133
1148
1073
1074
1134
1115
1066
1059
1125
1111
1052
1055
1119
1095
1020
1018
1077
1055
1002
982
1043
1033
965
965
1024
1021
954
947
1033
1000
931
927
995
979
922
930
995
988
927
930
994
987
934
937
991
987
931
938
998
998
936
933
989
975
910
909
961
958
906
905
972
957
904
904
972
961
900
905
968
961
913
914
975
970
910
920
985
971
897
877
932
915
871
880
936
924
872
876
935
926
849
845
899
891
829
840
886
893
847
854
910
916
856
861
929
921
856
848
902
897
825
837
912
899
844
833
899
881
811
801
870
828
777
778
850
827
776
779
865
854
801
811
891
900
824
828
887
888
819
819
885
889
829
826
878
898
825
830
887
884
829
818
868
861
794
786
843
841
775
780
839
837
779
783
853
841
796
800
866
869
818
823
902
910
867
884
964
665
289
289
289
290
288
289
288
289
792
800
290
289
289
-5
-5

