;UFOS3
;Measurement details: channel = D, date = 12.09.2015, time = 10:33:30
Exposure=193
Gain=0
Temperature=34.2
Accummulate=4
1.780730857641595 mu
1.7937856841339235 amas
33.898 hs
0 ozone
28264 uva
11689 uvb
9640 uve
[Value]
-5
292
292
291
292
291
292
290
305
301
345
342
302
302
350
350
306
303
347
359
301
309
363
351
306
305
371
366
312
310
369
356
312
309
358
350
306
305
355
360
308
308
353
356
304
308
371
366
314
311
361
361
305
310
371
364
303
306
367
371
305
313
361
377
309
307
370
353
304
307
350
368
308
312
358
361
302
306
355
358
310
309
376
360
305
309
357
364
307
309
362
366
305
307
362
355
309
305
354
368
310
308
353
364
305
313
372
361
307
308
368
354
309
310
361
366
310
306
355
360
303
305
364
365
303
312
359
353
301
310
367
370
301
307
357
371
301
307
359
360
309
303
365
369
308
310
362
372
306
310
372
371
305
304
365
360
307
307
367
367
306
307
362
358
313
313
365
372
305
306
360
381
305
309
353
368
306
309
364
364
305
310
380
361
309
307
350
356
308
307
359
370
305
310
362
364
309
306
355
363
306
308
358
358
306
306
357
362
304
310
355
355
308
308
366
367
308
307
359
365
304
308
356
369
304
310
363
358
310
310
366
356
310
308
355
365
312
310
374
355
306
305
352
367
304
308
364
361
308
305
363
359
309
308
358
363
308
312
393
360
306
309
366
356
306
305
372
356
304
309
357
355
303
311
360
360
311
302
366
360
308
309
367
366
309
306
372
359
310
305
363
359
304
307
360
355
303
309
362
360
302
304
365
360
308
310
369
365
310
307
362
365
303
306
371
353
314
308
368
356
309
309
366
372
303
305
373
366
309
307
354
360
305
304
366
358
306
305
362
355
306
311
360
372
306
314
357
373
306
313
367
363
309
307
353
357
308
309
355
357
307
310
361
353
305
308
352
361
307
301
368
365
307
310
358
359
308
310
368
363
305
306
357
354
306
309
364
368
307
310
374
358
305
305
360
370
311
311
369
365
306
305
361
373
309
312
369
359
302
313
363
359
309
313
368
367
312
306
360
365
308
309
358
367
308
305
345
364
304
307
362
363
304
306
356
370
304
308
361
359
310
306
369
358
306
307
361
369
304
309
367
383
307
306
358
361
307
311
362
361
307
308
358
356
305
303
368
352
305
304
352
360
308
311
359
358
311
310
356
361
308
304
356
371
300
310
362
366
305
316
367
359
303
311
354
356
308
304
354
364
309
307
362
357
304
306
349
369
300
312
370
371
306
306
359
365
306
307
366
363
304
307
364
369
307
308
360
366
310
308
363
364
306
308
361
355
307
309
365
358
314
308
356
359
308
308
362
371
302
305
356
355
309
307
358
355
305
308
370
357
312
308
366
379
305
309
357
366
310
307
365
362
308
310
364
356
308
308
364
365
306
307
366
371
308
308
362
360
306
308
350
364
305
311
355
366
303
309
360
365
303
311
357
353
310
308
359
365
302
309
370
365
308
307
364
363
311
308
363
353
307
314
370
365
312
306
360
371
315
313
370
352
301
305
355
357
305
307
362
377
307
315
364
362
305
307
352
362
311
310
375
365
308
311
367
364
306
305
363
366
300
309
367
357
303
308
370
367
310
311
360
355
302
309
359
359
302
308
365
365
309
309
368
358
306
310
370
375
310
312
360
350
308
308
360
359
312
311
352
363
310
307
373
364
306
308
359
363
307
312
375
353
311
310
348
363
305
310
362
365
306
306
363
359
306
308
354
352
303
311
365
366
307
313
374
350
305
308
352
357
309
301
361
360
304
306
359
362
306
310
362
358
304
309
359
362
309
310
363
366
313
308
362
359
308
307
356
360
306
305
382
358
306
312
360
357
312
308
362
361
305
310
378
365
309
312
354
354
303
310
374
365
305
311
361
355
305
308
363
360
307
306
369
368
305
305
365
357
307
309
371
364
308
309
351
348
304
305
364
355
306
310
365
352
305
307
359
368
307
305
366
364
302
311
361
360
308
307
358
351
311
303
358
367
307
307
370
354
311
310
364
361
304
307
360
362
308
308
376
364
305
310
352
372
304
310
379
365
307
307
364
367
308
309
366
355
304
306
380
359
305
311
366
362
308
313
363
360
308
307
361
360
311
309
373
358
306
310
361
364
305
313
357
365
313
307
376
357
303
308
369
363
312
312
361
356
302
309
357
367
303
313
354
358
309
306
355
377
310
310
367
364
307
309
369
358
311
308
357
367
303
307
359
362
312
306
361
350
310
309
371
364
309
302
364
355
308
304
373
363
301
307
361
361
308
314
369
366
316
313
354
365
302
312
355
364
307
311
364
359
304
308
368
354
305
304
359
367
306
310
365
368
306
338
362
366
303
307
358
360
305
304
360
359
305
310
350
360
304
310
364
365
308
304
364
365
308
306
360
369
305
308
369
365
306
310
378
365
304
314
362
362
306
309
358
356
313
310
358
371
307
311
359
361
304
314
370
357
305
308
358
377
303
304
371
356
306
302
369
358
303
311
367
359
309
309
356
373
305
307
358
361
306
311
359
366
308
306
360
361
307
308
363
354
303
311
367
360
306
306
370
363
306
306
364
372
310
306
368
363
304
308
356
361
307
306
359
369
306
306
370
359
304
306
354
371
309
305
370
368
306
315
361
362
307
306
361
360
307
312
357
361
309
313
351
355
303
304
371
359
305
307
357
390
307
309
367
349
310
306
362
365
308
311
362
366
304
309
360
377
306
310
352
357
306
311
361
357
305
310
364
358
310
306
359
370
302
306
345
360
305
306
363
356
305
311
361
357
310
307
355
353
305
309
362
363
305
313
361
366
305
306
366
357
309
306
363
372
309
302
370
352
309
308
368
365
309
309
359
364
306
310
358
367
308
312
366
368
314
303
363
367
304
308
366
371
306
309
360
367
303
314
373
353
307
310
361
372
305
309
363
382
308
306
363
359
307
309
355
374
310
309
367
355
305
309
368
358
305
306
358
362
307
309
372
370
307
312
362
355
304
306
365
357
308
309
362
360
308
312
362
360
306
311
366
375
308
310
361
362
306
311
361
359
306
305
357
369
309
310
368
357
309
304
372
365
303
307
367
364
308
305
367
363
308
312
361
367
306
311
375
363
304
319
358
360
307
310
368
354
303
306
371
363
309
308
365
359
306
311
357
366
306
307
344
357
306
307
361
371
306
312
360
371
304
304
355
354
305
305
371
367
308
308
371
360
319
309
367
365
305
303
360
370
303
313
371
360
309
313
369
358
307
303
366
364
308
311
352
367
323
306
364
359
304
311
357
363
305
312
359
365
304
311
358
366
305
305
357
367
313
305
367
362
303
310
371
357
309
309
374
367
307
310
347
369
309
311
362
369
308
309
360
367
301
307
357
363
309
309
366
355
307
310
362
353
308
315
364
360
304
310
355
364
312
306
359
366
313
314
363
362
305
304
350
360
307
311
377
368
304
311
371
358
306
306
357
364
307
307
366
363
308
314
354
362
306
311
361
367
305
311
362
375
308
306
362
370
306
310
369
375
305
311
363
371
302
305
372
358
309
306
372
360
306
306
357
362
305
314
355
357
307
310
354
372
311
312
363
353
304
310
367
361
306
312
355
362
307
310
361
360
311
311
360
358
302
309
360
368
303
309
369
367
304
307
376
366
304
307
373
358
304
309
364
377
304
310
355
369
304
308
363
365
307
309
365
354
307
305
373
376
308
311
362
380
305
310
362
358
306
316
372
362
306
305
373
369
306
306
356
357
308
307
362
356
309
311
363
366
308
308
361
363
303
308
361
366
310
310
355
363
311
309
354
351
307
308
368
370
302
310
365
360
307
305
361
363
306
312
364
357
302
310
364
365
307
307
352
362
303
307
368
367
309
307
364
351
305
309
362
356
305
311
358
359
306
306
367
369
306
312
367
365
306
311
370
361
306
307
368
353
316
311
367
368
305
305
358
359
310
307
369
363
304
307
362
351
312
313
359
365
378
313
366
368
301
314
365
364
310
312
362
357
304
306
364
366
303
306
365
361
306
310
361
361
306
312
359
364
308
307
370
365
305
308
367
360
310
308
373
353
312
310
361
361
308
316
361
371
306
313
366
371
304
310
360
363
304
311
372
365
307
307
364
363
306
307
369
358
311
311
364
360
303
307
368
366
309
306
358
365
307
305
361
363
312
308
360
362
306
309
367
360
309
311
364
360
306
309
361
367
310
308
367
369
304
308
366
357
305
312
360
358
305
311
358
364
306
314
359
356
304
305
355
367
307
311
365
364
311
307
358
374
307
307
374
361
303
309
363
360
311
308
354
366
304
314
374
355
307
308
369
371
304
310
372
361
306
313
370
359
304
311
366
367
303
306
387
363
308
305
357
363
305
308
358
360
311
309
360
361
308
307
363
358
307
308
358
352
305
310
365
358
303
306
365
371
311
306
360
365
308
309
359
370
304
311
358
359
306
307
361
357
306
310
351
365
302
309
373
366
306
307
363
358
308
313
370
362
309
308
359
371
305
310
364
360
307
311
361
360
306
310
364
355
310
308
370
362
308
310
353
366
306
308
364
368
304
305
364
354
305
309
369
364
307
308
363
363
303
309
355
365
309
306
369
359
311
313
366
367
307
306
356
366
307
307
358
366
306
308
364
362
307
309
362
363
312
309
366
375
308
312
359
382
308
305
362
354
303
305
372
364
313
313
364
361
303
308
366
350
306
309
367
358
311
308
365
352
306
310
372
367
301
305
361
348
303
307
366
363
308
309
372
363
305
306
358
351
305
309
362
356
307
312
391
358
306
307
359
357
306
305
365
354
304
308
370
359
308
305
371
381
304
313
368
361
309
313
364
370
306
311
358
355
304
305
342
361
310
305
378
377
306
309
368
377
301
310
362
365
305
307
368
364
305
308
368
364
308
307
378
364
304
308
362
364
308
311
379
366
304
307
360
359
302
312
365
356
303
308
364
360
311
306
356
364
303
310
363
365
306
306
363
361
306
309
363
371
306
309
358
365
305
309
374
376
311
307
368
357
312
311
363
373
307
315
366
358
310
313
355
358
304
305
368
363
303
316
361
360
302
309
370
362
308
310
371
364
305
309
374
366
310
310
363
368
302
303
365
365
308
311
367
368
312
308
367
365
312
307
358
365
304
312
371
354
310
318
362
366
302
306
363
364
304
305
360
373
305
305
380
363
353
313
372
369
304
306
351
379
304
308
363
358
305
311
369
369
305
305
359
360
306
308
368
363
303
303
379
357
302
306
365
369
308
309
369
358
305
304
374
370
304
313
367
359
302
312
371
361
303
304
356
354
309
310
353
369
312
310
360
361
308
307
374
365
312
306
372
364
305
317
369
352
302
313
368
369
300
308
368
375
308
311
373
355
303
310
361
351
305
309
374
358
305
311
346
359
304
310
364
364
308
305
359
357
308
310
372
382
301
312
354
349
304
313
369
364
308
310
350
356
308
310
370
365
303
317
363
353
305
307
359
364
304
310
367
357
308
307
367
368
307
304
363
358
307
308
371
367
310
314
373
358
312
307
364
358
311
310
371
359
301
308
364
362
309
311
373
354
309
309
376
352
307
306
354
358
303
304
370
384
299
306
377
359
312
309
366
358
307
307
371
361
303
310
355
366
308
312
367
357
305
311
357
358
304
309
372
360
307
316
360
370
305
306
377
371
308
310
363
353
306
311
363
361
305
306
371
359
305
309
356
377
305
309
368
358
306
304
365
371
305
310
368
365
308
307
365
362
304
307
354
365
314
314
368
360
315
316
361
369
310
309
359
354
308
313
371
359
301
309
372
359
303
309
365
359
302
307
376
352
305
308
375
363
305
306
358
364
305
307
384
372
310
306
352
364
302
311
381
358
305
308
361
359
305
308
365
354
310
309
369
354
310
310
376
364
308
305
370
369
329
308
363
353
304
304
371
359
308
310
364
350
306
308
368
365
303
306
372
356
305
310
362
364
307
309
378
356
308
311
360
355
306
304
364
361
308
311
367
351
310
308
365
350
305
311
364
354
306
311
360
364
307
307
361
362
306
305
379
352
310
313
363
359
306
312
374
362
308
307
358
362
302
311
361
361
312
308
354
357
309
310
360
342
304
310
370
350
305
309
368
359
302
309
373
351
311
307
362
354
307
309
368
366
305
310
366
353
304
310
361
356
308
306
369
354
307
312
365
370
306
307
374
370
313
307
362
362
305
307
362
360
308
310
369
365
304
307
361
353
307
311
365
363
304
314
366
355
304
311
365
360
308
308
363
360
307
308
356
364
307
307
368
370
305
308
373
360
305
305
367
368
303
315
360
361
303
310
380
364
307
304
365
362
304
306
372
369
307
313
362
360
306
312
369
361
314
311
368
370
307
305
370
358
308
314
369
364
314
310
371
373
308
302
354
368
307
310
360
372
307
310
374
360
304
308
379
358
303
312
369
359
304
308
372
354
310
306
373
357
306
304
376
364
303
308
370
360
306
305
373
355
307
311
359
368
311
312
370
351
308
306
368
355
309
309
368
361
303
306
386
361
307
310
360
363
310
304
352
372
308
303
377
365
302
308
381
360
307
309
363
368
308
309
363
352
311
308
367
356
306
308
360
358
306
307
367
346
311
308
369
363
310
306
366
375
311
306
358
376
305
306
367
360
308
306
366
351
308
312
366
373
304
313
360
362
307
310
376
355
308
311
364
362
304
307
395
361
310
312
359
363
314
306
378
373
309
311
369
364
309
313
370
368
308
309
370
362
304
307
361
363
303
308
365
351
305
314
355
371
306
308
364
363
306
304
365
369
307
310
361
362
306
309
365
371
308
308
372
372
306
312
366
359
307
309
373
363
310
311
360
366
304
303
370
369
309
310
369
366
311
311
373
363
309
307
373
365
308
310
378
369
313
309
372
384
309
309
364
364
305
315
368
359
311
314
364
359
310
310
370
374
311
311
370
366
305
307
363
362
306
308
367
367
305
311
365
360
306
309
369
368
311
306
365
352
306
312
370
358
306
310
372
360
306
313
362
368
303
308
359
364
313
309
366
363
311
312
365
384
308
309
361
369
306
309
370
367
304
306
365
361
307
307
368
358
306
309
361
360
307
312
363
367
309
307
370
362
305
309
378
358
309
313
369
349
308
315
372
368
305
308
384
353
307
305
357
361
312
312
372
360
307
310
362
364
304
313
373
360
310
314
376
361
311
305
372
362
307
316
367
353
306
313
375
360
307
314
382
363
309
316
361
361
306
313
371
372
306
314
351
376
308
308
388
350
309
318
378
353
308
304
361
368
304
307
378
372
310
308
381
368
305
310
369
372
311
306
377
353
310
309
363
367
314
311
379
369
308
306
374
365
311
306
372
369
310
309
379
372
310
308
366
360
309
306
368
363
305
307
373
369
305
309
374
359
314
309
359
359
309
311
364
363
304
312
366
357
306
307
362
372
307
309
380
370
309
309
371
367
309
309
367
368
307
311
368
360
313
311
372
359
307
306
371
360
307
306
371
369
305
314
376
368
302
308
371
364
310
308
369
353
310
307
368
353
308
306
363
361
310
308
369
368
305
315
370
359
312
307
372
363
306
311
378
364
307
308
366
364
311
309
385
354
306
308
366
361
310
314
376
358
306
312
367
368
309
311
368
367
310
310
359
380
307
310
369
361
313
312
367
363
302
311
363
358
306
312
362
371
308
306
365
356
307
311
371
356
306
309
370
353
304
308
371
356
304
308
366
354
310
310
361
362
308
307
371
373
308
308
365
369
309
309
364
376
311
311
369
364
309
305
378
372
309
312
370
367
305
310
370
359
309
308
371
357
310
315
361
375
317
307
364
358
310
307
372
363
313
305
366
361
312
313
369
355
309
307
382
360
304
308
359
359
305
309
361
366
310
308
371
366
306
308
364
365
306
308
379
369
313
310
376
367
305
308
364
367
312
309
376
370
310
309
366
363
309
314
376
370
303
312
367
369
307
311
376
374
305
312
370
365
311
315
372
358
307
306
366
355
305
309
373
355
305
311
381
371
311
312
371
358
309
310
358
385
305
312
370
360
312
308
370
360
307
311
380
363
308
310
373
356
312
309
367
362
304
311
370
368
307
309
396
367
304
307
362
352
308
310
371
366
303
306
369
362
308
313
368
363
310
311
367
373
311
310
369
360
307
309
363
360
312
311
372
358
308
309
372
366
304
306
367
362
311
310
374
364
304
305
372
368
312
303
364
350
311
313
366
351
305
308
375
374
308
315
373
369
306
310
354
359
309
310
363
369
307
309
366
363
307
308
371
370
307
315
381
365
309
303
370
367
308
309
384
358
310
307
378
354
311
309
381
367
310
305
370
372
305
313
367
368
309
310
370
367
313
313
361
385
308
308
367
364
308
308
366
369
310
309
361
364
305
307
364
364
310
306
376
359
310
312
368
362
307
306
365
367
311
308
370
366
291
291
291
292
291
291
291
291
304
311
291
292
291
-5
-5

