;UFOS3
;Measurement details: channel = D, date = 12.09.2015, time = 10:43:31
Exposure=193
Gain=0
Temperature=34.5
Accummulate=4
1.7942022069109052 mu
1.8076874414653779 amas
33.604 hs
0 ozone
28483 uva
11775 uvb
9713 uve
[Value]
-5
294
292
293
293
294
292
292
308
304
345
343
302
302
350
352
309
306
350
362
303
312
364
354
306
307
375
371
313
312
374
357
313
312
361
353
309
309
361
364
309
308
356
359
308
309
373
370
316
314
367
365
306
310
375
369
305
308
369
378
306
315
363
380
312
308
372
357
309
310
354
371
309
313
362
363
303
310
360
359
311
312
380
363
305
309
364
368
309
312
365
372
307
307
363
359
311
309
359
374
310
309
360
368
308
315
376
365
307
310
373
357
310
312
362
372
312
309
357
364
304
308
367
367
307
312
360
355
305
314
370
375
305
309
362
370
303
309
363
363
311
305
370
375
308
311
365
377
309
313
376
371
306
307
366
365
307
308
370
369
306
309
363
360
313
314
365
374
309
308
361
383
306
311
358
373
308
311
369
365
309
311
384
367
313
310
354
358
310
308
362
374
305
313
368
367
311
308
361
369
308
309
360
360
306
311
359
368
308
311
358
361
310
311
370
367
310
309
362
370
309
310
359
375
305
310
366
363
308
311
370
359
311
309
358
369
317
311
376
360
309
305
355
370
307
311
366
366
308
306
364
363
311
308
358
363
308
313
398
363
308
310
369
360
306
304
376
359
305
309
361
357
302
312
364
362
312
304
366
363
309
311
371
368
311
307
372
364
313
309
366
362
305
310
365
360
305
310
367
362
303
306
367
362
308
309
371
368
314
310
363
367
303
309
373
355
317
310
371
361
312
311
368
374
307
306
376
372
312
309
358
364
307
305
371
359
309
306
364
359
307
312
363
373
310
313
364
378
308
315
370
367
311
309
353
358
310
309
359
357
308
313
364
357
307
311
354
363
308
304
370
368
308
310
360
362
310
312
370
367
307
309
362
358
311
312
366
368
309
310
377
361
306
304
362
373
311
312
375
370
310
306
366
375
311
314
372
363
305
315
369
362
311
316
369
372
311
307
365
369
306
311
363
371
312
307
351
364
307
309
367
365
305
309
358
372
306
309
364
362
310
306
373
360
309
308
363
373
306
311
369
385
308
308
363
363
308
313
369
365
311
308
361
360
306
305
375
357
307
305
357
365
310
310
362
361
313
312
359
363
310
307
357
373
302
311
365
369
307
318
369
363
304
314
358
358
309
305
356
365
310
311
366
363
305
308
352
370
304
314
369
376
308
309
361
370
308
310
367
369
306
309
367
374
309
310
363
369
313
310
366
365
309
312
361
359
310
311
369
361
318
309
358
360
308
308
365
376
307
308
359
360
310
312
361
358
308
308
374
361
316
313
368
384
308
312
358
369
310
310
371
367
309
314
366
360
309
308
367
370
306
307
367
375
310
307
365
362
308
311
356
367
306
313
356
371
303
310
366
367
305
314
360
356
312
311
367
367
304
309
374
371
311
308
365
368
314
311
365
360
309
316
376
366
314
309
363
375
317
315
373
358
302
307
359
359
306
308
366
379
308
315
368
366
305
311
357
365
313
312
377
367
310
315
367
367
311
308
365
371
302
310
372
360
304
310
372
370
313
314
364
359
305
310
361
362
303
311
369
367
310
312
372
360
306
309
372
379
310
314
363
354
310
309
362
362
314
311
357
367
310
308
377
367
305
311
359
365
308
311
377
357
312
310
352
367
307
312
365
369
308
308
364
363
309
311
357
355
307
314
370
369
308
315
376
353
306
310
354
357
312
305
362
364
306
308
362
364
305
312
366
361
307
308
361
367
310
313
366
370
313
307
364
363
309
309
361
363
309
305
385
361
309
313
366
361
312
312
363
366
307
312
380
369
311
313
357
354
305
309
377
368
307
313
364
358
305
310
364
364
306
308
372
370
306
306
369
360
310
311
374
370
309
310
354
350
306
305
366
359
308
312
366
355
307
310
363
371
309
306
369
368
306
313
366
361
311
309
359
352
311
304
361
372
311
308
374
357
311
314
368
362
306
308
363
364
313
311
377
367
305
310
355
374
307
313
381
368
310
307
366
371
308
312
370
358
307
308
382
363
309
313
371
363
308
314
367
365
312
310
363
363
314
310
375
358
307
312
364
365
306
316
358
367
315
311
379
360
305
312
371
364
313
313
361
357
305
310
359
371
306
314
358
358
311
309
357
381
312
311
369
365
311
311
373
361
314
309
360
368
304
308
362
365
315
309
363
357
315
312
374
364
310
304
371
359
310
308
377
365
306
308
365
366
310
315
372
367
316
315
357
369
303
312
359
368
311
310
368
363
308
313
366
357
306
307
362
369
311
316
368
372
307
339
365
368
305
308
362
362
308
305
364
363
307
310
350
364
307
312
367
367
310
307
365
365
308
310
363
371
310
311
375
367
310
311
384
366
308
314
362
365
308
312
360
358
315
309
361
376
307
312
361
366
306
316
371
362
307
311
363
378
306
306
372
359
307
305
371
359
303
313
369
365
311
310
358
375
307
308
360
367
312
314
362
368
309
308
361
363
308
307
366
356
306
313
371
363
308
308
375
367
306
307
366
375
311
307
370
365
304
311
359
368
308
310
363
372
310
306
371
362
305
307
358
375
311
309
371
373
306
314
364
363
309
308
364
364
307
312
361
365
311
315
354
357
304
304
372
363
307
310
357
394
312
310
371
356
311
309
366
370
311
314
365
369
305
309
363
379
308
314
357
361
306
311
366
360
304
312
367
360
313
307
363
376
304
310
349
366
306
307
366
359
307
313
366
360
313
309
359
356
305
311
364
367
307
315
363
370
309
308
367
361
311
307
364
374
308
303
372
356
310
310
370
371
312
311
362
367
309
308
361
368
308
315
369
371
313
304
366
370
304
309
371
372
307
309
364
369
304
316
375
356
307
311
364
375
307
313
364
384
309
309
365
362
309
310
357
376
312
311
372
362
306
312
370
363
306
309
360
366
309
310
375
373
308
314
365
359
306
307
370
359
311
313
365
364
311
314
367
362
310
314
371
378
309
313
369
366
306
315
363
361
309
307
359
372
310
311
370
362
311
307
375
367
306
309
372
365
307
306
372
366
307
316
363
371
306
312
381
367
306
320
361
364
307
313
372
356
306
307
375
371
311
309
372
364
309
310
361
370
309
311
348
362
307
310
363
374
308
313
365
379
306
307
357
356
308
308
372
372
307
309
372
364
321
309
368
370
305
307
361
374
308
313
375
364
309
315
371
361
306
306
368
365
311
312
353
373
314
307
368
362
306
313
362
364
307
314
359
367
307
313
363
369
306
307
358
371
313
309
371
362
305
314
372
361
311
311
377
367
310
314
351
371
310
314
365
376
310
310
360
370
303
309
360
366
310
311
369
360
308
312
365
358
311
317
366
363
305
313
356
369
313
311
363
370
312
315
366
364
307
310
355
362
310
313
379
373
308
312
375
361
309
308
363
366
309
309
369
368
307
315
358
369
308
312
365
370
307
314
363
378
308
308
367
375
309
312
375
376
307
315
369
373
306
307
376
361
309
309
376
365
308
309
361
364
307
314
357
361
310
311
357
375
312
312
366
358
305
312
372
366
307
312
358
366
308
314
363
365
312
314
363
365
304
311
364
371
305
310
371
370
306
309
382
368
311
307
377
364
304
311
372
383
309
313
360
371
308
309
364
366
308
312
367
357
308
308
375
379
309
313
365
383
306
312
366
361
309
317
377
364
307
305
376
372
307
307
361
361
309
308
367
360
312
313
367
370
309
309
365
367
305
310
365
372
309
314
356
363
313
309
354
354
309
310
370
376
304
311
368
364
307
308
367
366
307
315
368
358
302
314
366
370
309
308
356
368
302
307
369
369
312
308
368
357
307
310
362
360
307
312
363
362
307
308
371
373
306
314
369
369
307
313
374
366
308
308
371
358
320
312
371
371
307
308
359
364
313
308
369
366
307
309
365
352
313
314
362
368
384
315
371
370
304
314
370
367
311
313
367
359
303
308
368
366
304
309
367
363
307
313
363
365
309
318
364
367
311
310
370
370
305
309
366
364
310
312
378
356
314
313
367
364
308
316
365
374
308
314
367
373
306
312
362
368
306
312
376
369
308
311
370
365
308
307
371
362
310
312
368
366
306
308
371
370
310
309
364
367
309
307
365
364
313
312
360
364
307
309
369
364
311
312
369
362
306
307
368
370
311
309
373
374
306
310
370
363
308
312
364
360
306
312
362
367
311
316
362
362
305
307
360
371
308
313
369
367
311
308
364
378
311
308
375
362
304
310
367
365
313
309
358
369
306
317
378
358
309
313
373
374
305
310
376
364
309
314
373
364
305
312
368
369
302
310
393
366
308
307
362
368
306
311
363
365
313
311
364
363
310
309
366
359
308
310
361
357
308
311
369
365
306
308
366
376
313
310
362
368
310
310
364
373
307
313
362
362
310
310
364
362
308
313
353
369
306
313
376
370
307
307
367
361
311
313
372
367
311
311
365
375
307
312
367
364
310
315
366
364
307
311
367
358
311
312
372
367
311
312
354
367
305
310
368
372
307
306
369
359
308
311
374
367
310
311
371
369
306
312
360
371
310
309
370
361
310
314
369
370
310
308
360
368
307
306
363
371
308
309
367
366
307
311
364
368
315
313
371
382
310
312
363
385
310
307
366
360
306
309
378
370
318
316
367
362
305
313
369
354
309
311
368
361
312
309
369
355
309
311
376
371
304
307
364
352
308
309
371
365
310
309
379
368
307
308
363
354
306
312
366
360
307
311
394
365
310
307
361
359
308
306
367
357
305
310
373
366
310
307
374
383
307
312
372
367
312
314
366
373
306
312
358
357
305
306
345
366
314
308
380
381
310
309
371
381
305
313
368
370
306
308
370
365
305
310
370
367
309
309
383
366
307
309
365
367
307
312
386
370
305
312
365
362
305
313
367
362
304
311
366
364
312
310
360
369
304
312
364
368
305
306
366
361
307
312
366
375
309
312
364
370
309
311
375
378
314
310
374
359
314
309
363
379
307
318
368
362
311
318
358
362
306
307
371
366
307
315
366
361
302
312
374
365
312
311
374
367
307
311
373
368
312
311
363
371
304
304
371
368
310
314
372
372
314
307
370
368
314
312
361
371
307
315
371
355
311
318
364
370
305
308
364
369
305
309
361
379
307
309
380
366
353
313
375
375
310
309
355
381
305
309
365
361
307
313
372
374
306
307
363
366
306
309
372
367
305
305
381
361
305
308
369
373
308
310
372
362
308
308
379
373
307
317
369
362
304
313
372
367
303
308
359
359
312
311
352
373
315
312
362
363
311
306
376
368
313
308
374
368
310
319
372
353
305
316
373
370
303
310
370
377
307
314
378
358
305
313
366
353
307
310
377
361
305
313
349
359
307
312
367
365
310
307
361
359
308
311
371
388
305
311
358
352
307
315
376
370
308
311
356
363
312
309
374
368
307
317
366
357
309
309
359
368
306
310
368
359
311
310
369
373
308
308
367
363
308
310
373
369
311
316
378
362
313
309
369
361
312
315
375
365
304
311
366
367
312
312
375
358
312
311
381
357
308
309
358
363
305
308
376
388
303
308
381
362
312
311
369
362
306
311
376
367
303
311
359
373
309
312
372
363
304
314
360
360
305
311
374
361
311
320
363
374
305
306
383
374
308
311
366
359
309
314
366
365
307
312
370
363
308
311
359
379
307
311
372
360
309
309
370
371
306
313
374
370
310
309
369
361
303
309
355
365
315
316
373
363
315
320
366
373
310
309
362
355
310
314
371
364
305
309
375
362
306
310
369
363
305
310
382
355
306
311
377
366
310
309
362
365
306
308
384
375
309
308
358
368
302
312
384
362
305
312
363
362
306
311
367
359
310
313
373
357
313
313
377
367
308
309
374
373
342
310
367
356
308
307
374
362
308
310
369
355
305
312
373
367
306
308
376
360
308
313
367
369
308
312
379
359
310
315
361
358
309
306
368
364
310
312
370
354
310
310
368
350
306
314
368
360
308
312
366
366
312
309
367
367
309
304
382
359
311
314
368
361
307
313
376
365
310
309
361
365
301
313
365
364
313
310
355
359
308
311
366
347
305
310
372
354
309
311
371
365
304
310
375
353
314
307
367
355
306
311
372
367
306
310
371
356
307
310
364
357
307
308
373
359
308
312
370
374
308
310
378
372
314
309
367
363
307
310
364
363
310
312
372
368
306
307
365
358
307
315
368
368
305
315
369
355
308
312
370
363
313
309
366
367
308
309
359
366
309
310
370
373
307
309
377
362
307
307
367
370
304
315
362
365
305
310
383
366
309
305
366
366
306
308
377
375
309
316
364
361
307
313
375
364
315
311
371
375
310
307
374
365
310
313
375
367
315
315
375
376
308
306
357
371
309
313
366
374
308
311
375
363
307
311
383
360
308
315
372
364
307
310
375
358
313
308
375
359
307
307
382
368
307
309
373
364
307
306
374
358
309
310
362
374
312
315
378
354
309
308
373
357
311
311
369
364
307
307
388
364
312
312
363
368
308
307
357
377
310
306
382
370
303
312
384
363
307
310
365
375
310
313
367
355
313
310
370
357
309
310
363
361
308
308
368
352
314
310
371
366
310
308
369
377
312
309
364
380
307
306
372
361
308
307
369
355
310
315
368
377
306
315
361
366
310
312
380
359
310
310
366
364
308
310
400
363
313
313
362
366
315
309
382
375
309
311
372
368
311
315
371
372
311
312
375
365
306
307
365
364
304
311
370
352
306
316
357
373
307
309
369
367
308
307
371
372
307
313
365
367
307
311
371
376
312
311
376
376
308
315
369
360
307
312
376
366
312
312
364
369
307
307
374
373
310
311
372
369
312
312
375
367
312
309
378
366
309
312
384
373
313
311
374
388
311
311
366
368
306
316
373
363
314
314
368
361
310
312
372
378
314
313
371
370
306
308
365
366
310
308
371
370
306
312
370
362
308
310
371
373
312
305
370
355
306
314
372
361
307
312
375
364
308
315
366
370
306
311
364
363
315
312
370
366
314
314
370
388
310
310
363
373
306
310
374
370
309
307
368
365
310
309
371
362
307
309
365
364
307
313
368
366
313
309
372
366
309
310
382
361
311
313
375
353
312
316
377
371
307
310
385
356
310
308
360
363
317
314
375
362
309
312
368
368
307
314
377
364
309
315
380
363
314
307
375
365
309
318
370
356
310
318
381
363
307
315
386
368
310
319
364
366
310
317
377
377
309
315
354
380
308
308
392
356
309
320
381
356
310
309
365
374
308
312
383
376
311
312
386
371
307
312
370
375
313
308
383
354
311
311
367
371
315
315
382
374
309
308
378
368
312
310
375
373
309
311
381
374
310
309
368
363
310
309
372
368
306
307
375
371
306
311
377
363
317
313
362
363
309
312
369
364
305
315
370
361
307
307
364
377
309
311
383
372
310
310
375
371
310
313
369
373
306
313
371
365
315
313
375
364
309
309
373
364
309
310
375
372
309
318
379
373
305
312
378
370
316
308
375
356
312
306
372
358
310
310
365
364
310
311
377
370
308
316
372
360
314
312
372
365
306
312
380
365
306
310
368
367
312
311
389
355
308
311
368
366
310
317
379
361
310
315
367
372
309
313
374
372
312
312
363
384
309
310
373
364
314
315
368
365
305
315
368
360
308
313
366
376
309
309
368
360
307
313
377
359
306
312
370
358
307
311
376
360
306
313
368
356
311
313
365
367
311
309
371
375
308
311
370
375
310
307
368
380
313
313
373
368
310
307
383
374
314
316
374
369
305
311
375
362
310
310
375
362
313
317
362
379
319
310
368
360
311
309
376
366
312
307
370
367
314
315
372
357
310
308
390
365
310
307
361
361
305
312
368
367
312
308
377
368
307
312
367
368
308
311
381
374
314
312
377
370
307
307
368
369
313
310
377
373
310
309
371
365
311
315
381
374
304
311
375
372
310
314
382
376
308
316
374
369
313
317
377
361
309
308
370
358
307
312
377
358
306
315
387
369
311
315
375
360
310
312
361
391
308
315
376
365
315
308
373
363
308
312
381
366
307
310
376
362
313
311
369
368
306
314
371
368
309
309
400
370
308
310
367
359
308
313
374
367
307
307
372
365
311
312
371
367
311
313
371
375
309
308
373
363
308
312
364
365
316
311
373
361
309
311
376
368
307
309
373
363
313
311
381
367
306
309
376
373
313
306
367
353
313
316
371
356
309
312
378
380
310
317
374
372
311
312
358
361
310
314
366
369
308
309
370
363
310
310
376
373
309
316
383
367
311
305
376
370
310
309
388
360
312
308
377
358
314
312
385
373
311
306
371
377
306
313
370
372
312
311
377
374
312
314
363
387
312
313
372
366
309
309
371
372
311
310
364
367
309
308
368
367
312
310
381
362
309
312
369
368
310
307
369
368
312
310
372
368
292
292
294
292
292
293
291
294
305
312
292
292
293
-5
-5

