;UFOS3
;Measurement details: channel = S, date = 12.09.2015, time = 10:43:19
Exposure=193
Gain=0
Temperature=34.5
Accummulate=4
1.7939022099520727 mu
1.8073777697033475 amas
33.61 hs
207 ozone
148078 uva
14035 uvb
10354 uve
[Value]
-5
293
292
294
292
291
293
294
306
301
346
344
303
303
351
349
308
306
348
359
302
315
375
362
316
314
383
380
322
318
381
364
322
320
369
361
319
317
368
374
316
317
363
367
313
319
382
379
325
321
375
370
316
318
384
378
313
315
379
385
314
322
373
389
321
317
383
366
317
318
359
382
320
324
368
371
313
318
367
370
320
321
386
370
314
317
370
376
318
321
374
381
316
318
373
368
318
317
368
383
321
319
366
378
316
322
385
374
316
320
381
366
320
321
370
382
320
316
368
369
311
317
380
378
315
323
369
363
314
323
380
383
315
319
371
383
314
318
371
371
320
313
381
382
316
319
375
385
320
321
386
381
317
317
378
372
316
320
381
378
317
320
372
369
323
321
375
385
317
318
372
392
317
320
367
383
315
318
378
374
316
320
396
374
321
319
362
367
319
318
374
385
316
321
374
376
321
317
368
377
318
318
369
370
317
319
368
377
315
320
367
369
319
321
379
377
318
316
372
379
320
318
368
382
317
320
375
371
319
320
378
369
319
320
366
377
327
319
386
369
318
315
364
378
316
321
375
372
317
313
376
372
321
317
368
374
319
321
404
374
316
319
381
366
315
315
384
369
313
319
370
368
312
322
374
371
320
313
381
370
319
320
381
375
321
317
384
371
322
316
377
371
316
320
374
369
313
319
376
373
313
315
377
374
318
320
381
378
325
317
373
376
315
318
382
364
324
321
378
370
320
321
380
384
314
315
384
380
320
317
369
371
317
314
377
368
319
314
373
366
315
321
372
382
320
323
373
385
315
322
378
375
319
319
363
368
320
319
370
367
317
320
372
367
316
319
363
374
318
314
381
380
318
319
370
372
319
324
378
376
317
318
371
366
319
319
375
379
318
319
384
369
316
315
373
382
323
323
385
376
317
316
375
385
320
322
382
372
314
322
378
372
318
326
380
381
320
319
374
376
317
321
372
378
321
314
358
374
316
319
375
374
314
315
367
383
316
317
375
372
320
316
381
373
316
318
374
382
315
322
379
396
317
320
373
371
319
323
376
377
318
319
371
370
316
317
384
365
318
315
364
375
318
321
373
368
323
321
371
376
320
316
371
381
313
322
375
379
316
327
377
374
315
324
368
366
320
316
368
377
320
320
380
372
316
318
361
384
313
324
383
386
318
320
375
381
320
319
379
380
317
320
377
382
319
321
371
376
324
319
377
377
321
322
376
369
319
321
380
371
327
318
371
370
321
320
377
386
318
320
371
371
321
321
375
368
321
320
386
375
328
324
382
396
320
325
371
382
324
321
382
380
321
324
377
372
323
321
381
381
321
323
381
387
322
319
377
376
323
324
369
379
318
325
371
386
317
323
378
380
318
325
377
370
328
325
379
383
319
325
389
383
327
326
382
383
329
327
382
375
324
330
392
381
328
323
378
388
333
329
389
374
320
322
373
376
323
324
382
397
325
335
387
385
324
331
374
388
334
332
400
391
332
338
394
388
335
332
393
395
331
337
399
390
331
338
403
400
339
342
390
387
333
337
390
390
331
339
398
398
337
340
403
391
337
342
406
414
345
349
397
389
342
345
400
399
352
351
395
408
352
350
422
415
354
356
409
413
357
362
430
406
363
363
404
422
362
361
421
421
359
361
416
411
360
360
409
409
356
368
426
425
365
367
434
410
366
365
415
423
373
368
426
429
371
372
431
430
378
382
439
438
385
388
444
452
396
398
454
460
406
401
460
461
408
410
461
465
413
411
492
466
417
421
474
472
425
420
476
474
417
423
493
484
427
426
477
476
423
427
498
488
430
436
486
479
429
432
491
487
430
431
496
491
425
423
482
474
420
421
488
482
424
424
472
466
425
425
489
481
430
434
490
479
428
432
488
497
432
429
496
494
434
441
496
498
449
451
504
504
463
460
523
538
482
485
558
546
504
510
572
564
509
511
571
577
518
519
586
578
512
518
565
589
512
519
594
573
512
506
572
569
506
510
566
555
502
502
576
554
501
509
569
563
504
509
571
567
513
513
576
570
527
524
595
584
531
534
592
592
536
545
594
598
546
536
612
590
528
538
599
590
540
540
592
586
537
547
600
613
550
562
609
619
571
575
628
659
589
598
655
649
591
588
655
641
591
586
639
642
576
574
635
640
585
584
648
639
595
597
667
659
610
612
688
686
642
641
719
713
646
653
711
712
652
657
714
699
642
635
670
680
607
612
657
662
595
596
656
649
592
600
661
654
609
615
676
694
640
653
719
739
684
727
757
772
706
724
789
801
749
758
832
842
785
799
850
870
815
829
902
900
843
850
919
922
868
872
931
940
868
859
923
909
834
834
895
872
795
798
840
836
770
772
824
821
770
767
826
844
777
787
848
864
814
838
917
920
880
898
964
987
915
916
987
972
913
910
976
966
900
897
958
939
879
882
925
938
864
855
910
915
854
857
912
934
874
878
950
958
902
909
985
975
932
952
1018
1023
968
980
1060
1059
994
1002
1072
1082
1014
1015
1078
1074
1003
1000
1048
1047
977
960
1012
1014
931
914
977
953
885
875
928
937
862
859
927
928
864
875
931
940
888
888
963
960
903
913
962
967
908
911
959
965
900
891
962
944
877
874
912
943
836
828
890
859
804
797
854
854
795
799
861
859
795
805
859
880
807
817
867
878
828
838
902
904
859
866
937
933
887
884
953
968
897
911
950
976
922
931
997
996
945
955
1022
1023
977
984
1036
1037
989
989
1043
1043
974
979
1031
1032
966
958
1017
1013
956
946
1002
1011
945
942
1016
998
959
962
1038
1047
1005
1017
1087
1113
1060
1086
1160
1187
1139
1164
1235
1256
1209
1213
1288
1312
1257
1265
1341
1343
1273
1273
1336
1352
1289
1299
1374
1358
1313
1320
1373
1391
1319
1334
1392
1420
1336
1336
1398
1391
1338
1337
1403
1425
1361
1365
1428
1422
1358
1365
1414
1407
1349
1349
1409
1408
1344
1343
1420
1418
1341
1345
1409
1397
1348
1339
1404
1387
1336
1335
1401
1401
1349
1354
1415
1406
1345
1356
1421
1433
1369
1380
1447
1464
1410
1430
1501
1518
1473
1490
1568
1588
1545
1557
1650
1664
1626
1649
1749
1751
1719
1728
1814
1828
1772
1775
1854
1845
1799
1815
1886
1906
1845
1847
1917
1895
1832
1833
1881
1873
1804
1802
1856
1817
1742
1726
1782
1765
1682
1663
1726
1692
1623
1608
1655
1660
1588
1589
1638
1653
1595
1598
1653
1667
1596
1606
1663
1682
1611
1615
1678
1677
1625
1621
1687
1694
1631
1631
1704
1693
1656
1646
1713
1711
1641
1648
1706
1707
1635
1640
1706
1694
1628
1631
1692
1680
1621
1614
1669
1662
1581
1569
1608
1619
1559
1529
1598
1589
1528
1536
1599
1604
1542
1554
1597
1599
1525
1525
1565
1572
1488
1474
1532
1528
1468
1455
1511
1506
1430
1429
1496
1470
1410
1400
1469
1458
1387
1389
1434
1471
1417
1433
1511
1533
1467
1484
1550
1562
1494
1503
1555
1559
1486
1485
1533
1523
1468
1472
1527
1520
1472
1473
1533
1523
1458
1468
1515
1525
1466
1472
1538
1556
1498
1511
1579
1583
1521
1511
1548
1529
1451
1431
1481
1437
1340
1316
1366
1332
1269
1245
1296
1289
1225
1227
1294
1287
1223
1237
1288
1311
1256
1274
1339
1353
1283
1293
1345
1354
1265
1255
1304
1304
1217
1207
1263
1258
1180
1192
1260
1277
1218
1244
1335
1349
1308
1336
1427
1430
1382
1389
1453
1462
1397
1422
1473
1486
1434
1441
1485
1497
1428
1424
1490
1478
1420
1438
1515
1503
1457
1475
1533
1560
1515
1548
1623
1637
1595
1599
1658
1663
1584
1594
1659
1654
1569
1573
1635
1626
1550
1554
1635
1625
1567
1586
1661
1651
1610
1623
1700
1730
1668
1705
1782
1818
1789
1802
1887
1911
1861
1885
1946
1941
1888
1885
1967
1970
1882
1878
1947
1955
1860
1856
1895
1874
1812
1809
1881
1873
1801
1807
1886
1885
1811
1813
1864
1856
1783
1775
1834
1823
1765
1778
1841
1827
1781
1781
1848
1862
1814
1827
1913
1910
1877
1888
1959
1988
1956
1957
2033
2036
1996
2009
2100
2088
2020
2028
2099
2084
2022
2005
2068
2062
1989
2002
2061
2064
2005
2025
2095
2115
2058
2066
2133
2123
2066
2075
2129
2133
2073
2073
2136
2125
2060
2058
2105
2084
2013
2004
2038
2019
1929
1892
1933
1916
1814
1791
1834
1798
1691
1664
1704
1658
1563
1534
1588
1555
1497
1489
1543
1542
1479
1494
1561
1588
1569
1598
1700
1730
1704
1732
1823
1827
1804
1818
1888
1902
1935
1881
1954
1962
1902
1914
1979
1978
1913
1908
1964
1930
1860
1842
1893
1876
1785
1766
1820
1797
1712
1701
1746
1728
1653
1657
1706
1700
1627
1624
1683
1693
1628
1641
1721
1719
1683
1697
1792
1779
1752
1778
1839
1849
1782
1786
1837
1837
1753
1749
1808
1800
1709
1699
1742
1724
1633
1626
1664
1643
1560
1555
1598
1583
1518
1515
1584
1573
1523
1526
1594
1599
1542
1550
1628
1624
1563
1568
1646
1654
1589
1602
1667
1672
1611
1607
1666
1658
1593
1579
1640
1623
1552
1552
1608
1595
1522
1530
1582
1581
1511
1517
1564
1556
1480
1469
1528
1498
1434
1432
1506
1506
1457
1484
1547
1575
1530
1554
1623
1641
1601
1617
1687
1733
1680
1707
1777
1802
1762
1772
1843
1869
1809
1817
1909
1888
1822
1835
1884
1878
1815
1799
1846
1849
1775
1772
1826
1790
1723
1698
1746
1730
1644
1643
1702
1680
1618
1631
1691
1680
1634
1653
1736
1750
1684
1707
1807
1788
1736
1742
1800
1815
1744
1744
1787
1788
1713
1697
1731
1704
1624
1605
1645
1616
1550
1541
1604
1601
1548
1572
1650
1665
1616
1643
1730
1748
1695
1709
1790
1831
1792
1818
1908
1949
1899
1924
1991
2006
1955
1966
2034
2040
1997
2010
2068
2098
2044
2062
2136
2143
2090
2091
2157
2166
2111
2125
2189
2203
2145
2154
2226
2246
2181
2196
2253
2246
2189
2203
2260
2262
2197
2188
2239
2218
2144
2129
2186
2158
2086
2085
2123
2139
2069
2073
2141
2144
2083
2100
2176
2176
2129
2137
2205
2209
2143
2164
2213
2215
2161
2171
2225
2254
2213
2233
2318
2318
2266
2261
2313
2282
2201
2182
2213
2216
2135
2127
2169
2162
2066
2037
2063
2024
1938
1898
1923
1895
1811
1785
1845
1859
1790
1800
1875
1915
1856
1864
1940
1948
1902
1915
2008
2013
1977
1988
2046
2034
1972
1964
1996
1950
1874
1847
1888
1853
1781
1751
1781
1736
1661
1629
1669
1619
1527
1514
1560
1536
1480
1478
1550
1558
1523
1538
1645
1665
1632
1664
1758
1772
1740
1778
1881
1902
1882
1925
2052
2046
2034
2077
2158
2179
2148
2166
2242
2250
2207
2208
2280
2287
2242
2242
2313
2323
2246
2248
2290
2286
2224
2201
2230
2212
2121
2081
2099
2071
1990
1947
1967
1947
1860
1808
1859
1825
1720
1706
1768
1763
1676
1682
1736
1744
1675
1677
1749
1758
1694
1712
1784
1791
1737
1746
1839
1810
1743
1737
1789
1782
1702
1683
1744
1721
1641
1645
1693
1701
1633
1635
1697
1687
1634
1644
1730
1738
1702
1731
1829
1884
1844
1887
1976
2003
1963
1969
2035
2010
1935
1925
1965
1957
1874
1853
1880
1866
1779
1759
1808
1788
1688
1668
1724
1693
1630
1625
1686
1708
1640
1678
1766
1784
1748
1788
1859
1883
1835
1854
1925
1931
1858
1866
1914
1910
1834
1832
1896
1870
1802
1781
1825
1804
1723
1708
1765
1741
1663
1658
1717
1729
1662
1667
1750
1770
1721
1748
1834
1847
1812
1825
1928
1948
1914
1946
2016
2056
2016
2046
2132
2125
2104
2129
2197
2207
2145
2164
2236
2233
2174
2176
2230
2249
2190
2193
2268
2252
2242
2196
2260
2258
2196
2179
2222
2245
2156
2151
2193
2201
2132
2141
2214
2222
2169
2172
2241
2245
2193
2205
2276
2288
2235
2244
2318
2295
2248
2247
2311
2299
2222
2207
2256
2227
2153
2151
2215
2199
2120
2130
2190
2193
2142
2145
2214
2212
2161
2177
2238
2247
2189
2175
2228
2251
2188
2197
2254
2267
2229
2237
2333
2343
2299
2319
2401
2410
2369
2398
2474
2473
2444
2490
2559
2589
2553
2583
2634
2663
2639
2654
2693
2687
2695
2701
2722
2730
2731
2739
2761
2766
2777
2778
2790
2791
2792
2782
2782
2758
2737
2687
2678
2634
2564
2528
2529
2506
2401
2376
2409
2383
2323
2333
2411
2416
2381
2420
2508
2552
2554
2611
2677
2711
2726
2758
2773
2804
2810
2835
2837
2863
2863
2886
2884
2906
2901
2921
2913
2925
2913
2818
2757
2541
2420
2370
2404
2388
2314
2313
2376
2351
2307
2304
2389
2397
2380
2420
2529
2544
2526
2570
2632
2650
2638
2643
2665
2640
2585
2538
2531
2456
2358
2296
2285
2241
2143
2088
2120
2089
1957
1932
1979
1947
1896
1895
1968
1979
1954
1988
2091
2115
2080
2127
2208
2251
2210
2224
2298
2285
2223
2233
2259
2241
2154
2115
2135
2074
1964
1919
1920
1895
1795
1772
1854
1838
1784
1800
1880
1907
1894
1942
2058
2103
2095
2153
2265
2284
2265
2299
2364
2397
2327
2338
2392
2378
2319
2297
2352
2337
2256
2239
2265
2238
2141
2111
2156
2120
2049
2034
2087
2099
2040
2050
2108
2113
2060
2065
2121
2127
2053
2050
2100
2094
2044
2066
2136
2163
2111
2120
2208
2209
2165
2182
2264
2278
2249
2264
2361
2335
2300
2305
2397
2400
2361
2382
2451
2465
2415
2433
2502
2499
2460
2460
2507
2544
2493
2500
2568
2547
2499
2484
2520
2500
2431
2414
2440
2402
2321
2290
2329
2275
2204
2173
2228
2199
2111
2087
2132
2104
2043
1987
2048
2012
1953
1951
2004
1992
1919
1905
1952
1921
1846
1834
1890
1865
1798
1794
1862
1840
1797
1810
1885
1917
1870
1895
2006
2005
1977
2005
2083
2111
2063
2082
2171
2190
2141
2154
2227
2227
2190
2198
2254
2255
2210
2217
2266
2249
2176
2170
2204
2187
2110
2093
2122
2099
2021
1996
2054
2020
1948
1924
1952
1931
1826
1807
1837
1789
1701
1684
1727
1727
1664
1681
1726
1719
1673
1654
1689
1680
1600
1575
1613
1557
1494
1489
1549
1513
1449
1458
1523
1512
1437
1431
1490
1447
1383
1372
1424
1406
1344
1347
1423
1423
1353
1369
1436
1431
1378
1381
1430
1426
1358
1357
1420
1398
1339
1342
1409
1429
1384
1412
1505
1533
1499
1529
1612
1646
1616
1650
1739
1774
1747
1797
1912
1949
1919
1963
2058
2063
2034
2042
2112
2114
2054
2074
2137
2126
2069
2081
2138
2126
2074
2054
2108
2101
2028
2016
2056
2054
1988
1976
2023
2019
1925
1888
1918
1854
1750
1716
1767
1754
1674
1687
1752
1770
1723
1751
1852
1874
1846
1861
1969
1997
1977
2020
2133
2172
2135
2163
2227
2223
2152
2151
2174
2127
2048
1999
2041
2030
1943
1937
2011
2020
1970
1984
2064
2067
2009
2017
2076
2079
2019
2016
2079
2114
2067
2083
2156
2168
2084
2071
2137
2108
2032
2018
2091
2062
1995
1994
2042
2020
1959
1963
2042
2025
1963
1941
1993
1977
1916
1916
2011
2013
1964
1989
2085
2087
2040
2051
2151
2151
2130
2152
2243
2287
2246
2284
2375
2366
2353
2383
2471
2464
2425
2431
2479
2478
2435
2432
2506
2485
2435
2422
2452
2448
2381
2369
2401
2409
2311
2271
2350
2312
2239
2234
2322
2310
2258
2277
2333
2345
2287
2292
2362
2372
2352
2388
2460
2459
2435
2462
2533
2548
2522
2526
2575
2555
2530
2516
2562
2549
2483
2484
2517
2504
2405
2374
2386
2363
2271
2241
2271
2248
2158
2140
2184
2144
2073
2064
2090
2085
1989
1965
1990
1974
1868
1839
1887
1830
1745
1709
1712
1644
1522
1455
1493
1385
1265
1192
1189
1139
1034
994
1036
1006
918
901
960
950
891
898
975
994
951
976
1059
1068
1020
1031
1096
1114
1059
1082
1159
1151
1129
1161
1245
1303
1283
1341
1457
1521
1504
1546
1644
1675
1644
1675
1758
1779
1730
1739
1815
1829
1767
1771
1860
1883
1830
1853
1919
1923
1875
1883
1956
1935
1877
1880
1944
1943
1868
1870
1935
1934
1847
1833
1886
1863
1780
1755
1797
1759
1661
1622
1667
1619
1528
1488
1536
1482
1383
1330
1352
1317
1174
1120
1134
1092
985
972
1010
983
913
904
949
935
880
881
946
963
914
930
1019
1050
1017
1058
1163
1201
1187
1229
1349
1376
1350
1390
1488
1523
1494
1525
1613
1634
1595
1613
1711
1717
1680
1706
1785
1784
1738
1762
1822
1816
1769
1774
1833
1844
1779
1778
1835
1843
1788
1798
1859
1862
1811
1819
1892
1923
1842
1844
1911
1923
1858
1861
1931
1930
1862
1855
1901
1874
1785
1770
1823
1822
1777
1782
1841
1842
1786
1801
1862
1884
1830
1845
1930
1923
1869
1857
1917
1898
1844
1839
1905
1882
1835
1826
1895
1880
1809
1811
1899
1865
1819
1807
1867
1884
1823
1830
1908
1918
1876
1895
1965
1974
1909
1932
1997
1973
1906
1912
1980
1970
1921
1912
2003
1977
1918
1916
1972
1958
1915
1911
1989
1973
1906
1922
1989
1978
1919
1929
1990
1991
1942
1942
2017
2014
1947
1950
1999
2011
1931
1925
2008
1949
1890
1880
1943
1900
1825
1803
1839
1824
1744
1744
1797
1784
1710
1700
1808
1803
1733
1774
1859
1886
1833
1849
1944
1926
1893
1911
1990
2008
1958
1963
2035
2014
1929
1883
1903
1832
1722
1678
1733
1729
1657
1664
1738
1750
1685
1705
1776
1792
1742
1749
1816
1820
1758
1775
1868
1884
1833
1855
1948
1947
1905
1894
1940
1936
1863
1849
1901
1880
1799
1806
1849
1842
1787
1789
1853
1866
1809
1797
1852
1808
1712
1696
1750
1738
1684
1673
1728
1737
1653
1647
1717
1699
1659
1668
1747
1743
1699
1705
1782
1777
1714
1730
1816
1821
1756
1770
1829
1816
1743
1760
1836
1827
1769
1750
1805
1763
1700
1680
1732
1699
1634
1639
1703
1705
1659
1666
1742
1745
1683
1706
1771
1764
1722
1720
1800
1800
1746
1762
1853
1839
1790
1803
1867
1870
1808
1802
1889
1853
1789
1802
1857
1861
1801
1812
1882
1876
1815
1820
1874
1868
1796
1787
1827
1807
1733
1720
1751
1760
1665
1656
1707
1685
1607
1577
1603
1567
1475
1452
1477
1438
1357
1335
1368
1359
1271
1251
1311
1294
1233
1236
1317
1312
1265
1282
1369
1377
1335
1375
1479
1486
1452
1476
1548
1553
1516
1516
1581
1586
1522
1518
1591
1589
1531
1532
1600
1598
1531
1530
1584
1600
1525
1515
1568
1565
1500
1487
1567
1551
1476
1460
1515
1506
1432
1430
1491
1479
1407
1398
1468
1448
1398
1398
1451
1465
1384
1366
1425
1405
1341
1338
1396
1356
1292
1280
1337
1318
1257
1256
1304
1290
1236
1228
1313
1287
1227
1226
1279
1282
1227
1233
1299
1305
1246
1244
1323
1321
1258
1258
1310
1301
1233
1218
1282
1269
1201
1190
1260
1238
1177
1175
1235
1216
1150
1136
1206
1190
1120
1110
1185
1183
1124
1133
1205
1184
1107
1120
1182
1168
1101
1102
1179
1169
1086
1087
1152
1137
1074
1074
1141
1119
1062
1062
1124
1110
1050
1057
1130
1116
1056
1069
1147
1132
1068
1078
1142
1132
1084
1087
1139
1163
1070
1075
1142
1128
1068
1060
1135
1113
1055
1052
1119
1101
1029
1024
1086
1061
1000
986
1048
1034
965
968
1036
1026
956
953
1045
1008
932
936
1000
985
929
933
999
982
920
930
999
993
936
942
997
996
934
942
1003
1003
934
932
1002
982
915
909
970
963
909
909
979
967
909
911
978
972
896
907
977
970
915
913
986
976
914
915
992
979
898
878
939
916
875
885
941
923
875
872
943
934
853
849
905
897
835
837
890
899
849
854
914
922
859
863
933
934
859
844
913
902
828
837
917
906
843
833
905
889
809
802
871
835
786
782
855
830
779
782
871
866
804
813
896
907
827
835
898
886
826
823
895
896
831
831
884
906
826
831
898
890
823
820
876
862
794
787
847
846
776
781
844
841
783
785
862
850
794
800
871
873
818
827
906
919
868
892
968
674
292
292
293
292
293
293
293
292
797
805
292
293
294
-5
-5

