;UFOS3
;Measurement details: channel = S-D, date = 12.09.2015, time = 10:48:24
Exposure=192
Gain=0
Temperature=34.5
Accummulate=4
1.8019267632424028 mu
1.815662529178741 amas
33.437 hs
313 ozone
118624 uva
1925 uvb
380 uve
[Value]
-9
-10
-9
-10
-9
-8
-10
-6
-12
-8
-10
-9
-10
-9
-11
-10
-10
-10
-10
-8
-9
-4
0
-1
-3
2
1
0
-2
2
0
-2
3
-2
-1
-4
-1
-1
-1
-3
-1
1
-2
2
-2
-1
1
-1
-4
0
-1
2
3
1
-1
0
1
0
2
1
2
0
1
-1
-1
0
-1
0
1
1
-1
-3
1
0
1
2
0
-1
-3
3
3
2
1
-1
0
-1
1
0
-2
0
0
2
0
-1
-1
3
-2
-1
1
1
1
0
2
3
-2
-1
2
0
1
2
0
3
3
-1
1
-2
0
0
2
2
2
0
-1
2
-2
2
-1
0
2
0
1
1
0
1
0
-4
-2
0
0
1
0
1
3
1
-1
1
-1
-1
0
3
2
-1
2
0
1
1
-1
-2
-1
4
2
0
0
-2
3
2
2
1
-1
2
3
1
0
-2
0
-2
-1
-1
2
-2
2
0
-2
0
0
1
0
2
0
1
2
0
-2
-1
6
3
0
2
-1
2
0
-1
-1
-4
-1
1
-1
0
3
1
1
2
0
-1
3
0
2
0
0
-2
0
3
2
-1
-1
-1
1
0
0
-2
0
-2
0
-1
0
1
-1
0
0
1
-1
0
-2
-2
-1
0
-1
-1
-1
-1
-1
0
0
0
1
-2
-1
2
0
0
-1
-1
2
-1
-3
-1
-1
3
1
3
2
-1
-1
2
1
-1
2
0
-1
-1
1
1
1
-1
1
1
-1
2
0
1
-1
2
-2
0
0
-1
1
-3
0
-1
2
0
1
1
2
1
0
2
1
-1
-1
-2
-1
-2
2
3
-2
2
-1
0
0
1
-1
2
0
1
2
4
1
-2
-1
1
1
-1
0
-1
1
1
2
3
0
-1
-1
-2
0
0
-1
2
2
1
-3
1
-3
-1
-1
2
0
-1
0
1
1
0
0
0
-3
-1
1
0
-2
1
0
-1
-2
0
2
-1
2
1
0
-2
-1
-1
0
1
1
1
2
2
1
0
-1
2
2
-2
0
-2
-2
2
4
1
0
0
3
0
0
0
0
-1
0
2
3
0
0
-1
-1
-1
3
0
1
1
1
-1
1
0
0
2
0
0
1
1
1
1
1
0
1
0
1
1
3
0
0
-1
2
0
0
-2
2
1
2
-1
-2
2
1
1
3
-1
1
0
-1
1
3
-2
1
1
1
5
5
2
2
0
3
1
0
1
1
-1
-1
0
1
0
4
0
1
-1
0
0
0
-1
1
1
2
2
0
3
2
1
-1
1
1
0
1
4
3
1
1
4
1
0
2
4
1
2
0
0
1
2
2
4
1
5
0
2
2
0
3
2
0
2
3
0
1
-1
0
0
3
1
4
2
4
3
0
2
4
1
0
4
2
2
3
3
2
3
6
5
1
5
2
2
3
2
1
2
4
3
4
2
5
4
4
3
3
3
6
4
3
5
3
2
3
3
4
5
3
3
4
3
5
6
6
4
5
5
3
2
5
4
5
3
5
5
4
3
5
5
3
3
7
5
6
6
4
5
9
9
6
7
8
8
8
6
8
5
9
7
7
6
7
7
6
5
6
6
7
6
8
5
7
9
9
10
7
10
13
9
12
14
11
8
14
14
15
13
14
14
14
14
14
17
16
17
18
20
18
16
18
19
17
17
19
19
19
16
18
18
20
19
21
21
18
19
19
20
20
20
21
22
23
23
23
21
26
22
26
29
29
27
30
31
28
31
32
31
38
36
35
35
39
37
37
39
41
42
44
44
44
42
45
42
42
39
38
43
43
44
42
41
43
42
43
43
45
43
44
46
47
48
50
48
49
50
54
52
54
56
60
55
58
58
57
60
63
66
65
67
70
73
74
77
79
82
82
83
86
86
90
88
95
96
92
92
99
95
97
95
99
101
99
97
102
100
100
98
104
102
107
105
107
107
110
108
113
111
108
109
114
113
110
112
114
113
112
111
113
110
111
106
101
102
103
104
103
102
101
105
102
106
109
108
111
112
112
114
116
114
112
113
113
115
114
116
115
117
115
118
123
126
128
128
135
139
139
146
147
158
163
166
174
178
180
184
191
190
191
194
197
198
196
200
200
198
195
199
201
200
197
194
193
194
187
191
191
194
188
189
183
186
182
182
183
179
183
184
188
186
188
187
189
196
190
188
200
199
204
209
209
207
212
213
218
216
219
218
222
222
218
215
220
217
210
212
218
218
210
211
218
218
215
223
227
232
237
239
240
246
251
253
265
263
267
272
274
275
277
268
272
268
265
261
265
261
257
257
263
263
263
261
274
273
273
275
280
288
288
297
307
313
319
323
331
335
329
330
337
338
332
333
330
321
314
308
305
299
292
294
289
284
277
271
276
272
273
275
284
288
290
294
303
314
317
328
341
359
362
361
383
388
395
406
418
427
430
441
452
465
467
483
482
495
505
508
518
524
523
530
543
546
545
552
553
556
551
535
538
526
514
508
502
489
474
470
468
460
452
447
451
453
446
443
452
449
450
463
474
487
497
509
528
550
559
578
584
605
597
599
599
600
588
590
594
587
574
573
571
568
560
552
551
549
539
533
537
540
535
533
542
551
549
561
572
573
582
590
597
606
611
621
637
646
646
656
672
681
674
678
692
695
690
688
702
696
685
671
674
670
653
646
636
624
603
591
586
579
562
554
552
546
541
538
542
540
544
551
556
563
564
570
581
588
577
583
590
589
582
587
592
595
582
576
576
563
552
551
540
536
517
508
510
496
480
473
480
478
476
472
483
482
481
478
488
492
487
488
502
504
511
513
521
532
532
543
556
560
569
563
578
582
578
589
587
595
601
606
617
628
624
643
641
646
656
661
667
670
664
664
666
671
657
653
656
648
642
637
635
643
630
626
631
627
622
622
629
630
633
634
657
669
681
694
715
728
745
768
784
810
823
838
855
870
881
891
914
927
934
944
954
958
949
949
956
965
966
970
984
980
986
995
1002
1004
998
1004
1013
1018
1015
1002
1013
1012
1019
1015
1027
1031
1032
1036
1044
1047
1036
1037
1039
1035
1019
1024
1031
1030
1024
1018
1023
1030
1022
1022
1033
1020
1017
1008
1023
1013
1013
1009
1022
1021
1024
1024
1036
1032
1024
1031
1033
1036
1043
1051
1061
1077
1090
1108
1121
1139
1152
1163
1190
1201
1218
1233
1266
1278
1304
1329
1355
1374
1399
1405
1427
1444
1445
1448
1462
1465
1470
1480
1501
1508
1525
1518
1523
1520
1509
1499
1499
1496
1486
1463
1474
1445
1427
1400
1392
1375
1358
1344
1335
1315
1304
1284
1281
1277
1269
1269
1271
1274
1275
1275
1280
1284
1277
1276
1288
1296
1294
1289
1306
1295
1298
1298
1311
1310
1304
1314
1316
1321
1323
1314
1325
1326
1318
1313
1320
1322
1311
1307
1315
1321
1299
1302
1312
1307
1297
1291
1285
1289
1264
1246
1241
1236
1219
1209
1211
1207
1204
1206
1224
1224
1228
1222
1222
1216
1208
1199
1198
1184
1169
1160
1156
1140
1139
1133
1130
1122
1111
1106
1105
1099
1078
1076
1074
1076
1055
1062
1071
1087
1090
1104
1124
1138
1148
1164
1168
1183
1179
1180
1187
1180
1167
1156
1160
1159
1146
1147
1151
1148
1142
1140
1150
1145
1134
1135
1146
1147
1139
1145
1161
1180
1174
1180
1200
1205
1197
1189
1182
1160
1128
1105
1080
1041
1014
986
976
956
939
934
922
918
907
901
905
904
898
909
922
929
934
949
960
966
961
962
974
968
948
936
924
919
890
885
882
867
862
864
882
888
903
926
949
978
990
1014
1037
1055
1061
1067
1078
1085
1080
1093
1099
1110
1107
1116
1115
1118
1105
1094
1106
1113
1104
1118
1129
1140
1141
1152
1167
1177
1190
1222
1246
1257
1263
1276
1285
1287
1273
1275
1277
1268
1252
1247
1253
1241
1224
1229
1243
1244
1247
1257
1269
1278
1279
1301
1314
1331
1341
1369
1411
1437
1466
1487
1501
1526
1539
1549
1560
1566
1568
1562
1572
1570
1567
1560
1556
1554
1529
1530
1517
1506
1489
1484
1486
1489
1483
1491
1497
1496
1490
1489
1485
1470
1454
1445
1449
1455
1449
1441
1447
1459
1456
1463
1469
1484
1492
1510
1530
1532
1555
1562
1583
1606
1629
1633
1655
1667
1682
1684
1703
1705
1702
1708
1707
1708
1700
1686
1682
1678
1669
1667
1680
1688
1701
1702
1710
1735
1738
1746
1749
1744
1748
1743
1751
1744
1734
1746
1756
1755
1745
1736
1734
1722
1692
1675
1664
1638
1604
1580
1548
1522
1490
1458
1442
1413
1378
1337
1315
1274
1246
1216
1199
1177
1167
1165
1168
1161
1160
1173
1187
1220
1246
1283
1323
1356
1387
1409
1443
1467
1481
1491
1511
1519
1537
1548
1573
1585
1573
1596
1601
1595
1585
1581
1588
1566
1541
1520
1513
1491
1468
1451
1439
1414
1396
1374
1365
1351
1330
1323
1325
1323
1310
1298
1302
1311
1314
1318
1334
1334
1360
1379
1393
1411
1426
1452
1463
1469
1464
1451
1454
1449
1438
1421
1423
1410
1393
1374
1369
1343
1318
1295
1283
1269
1242
1236
1224
1211
1194
1198
1202
1195
1203
1208
1214
1225
1219
1219
1241
1243
1246
1251
1264
1273
1270
1283
1293
1289
1278
1280
1291
1281
1268
1261
1264
1239
1231
1222
1225
1215
1203
1203
1202
1194
1192
1182
1193
1181
1161
1141
1145
1130
1115
1112
1121
1134
1138
1157
1183
1195
1209
1231
1252
1266
1284
1300
1328
1343
1356
1377
1402
1422
1444
1455
1477
1484
1497
1502
1513
1512
1509
1507
1508
1501
1495
1479
1474
1467
1454
1445
1430
1413
1398
1377
1362
1346
1327
1311
1310
1301
1292
1300
1305
1310
1323
1331
1350
1362
1374
1385
1401
1408
1417
1416
1431
1429
1422
1418
1410
1411
1388
1370
1359
1323
1306
1282
1260
1248
1216
1222
1228
1232
1234
1252
1268
1293
1304
1318
1340
1358
1371
1392
1422
1443
1467
1497
1528
1571
1587
1599
1609
1635
1635
1646
1658
1666
1677
1691
1708
1714
1723
1739
1752
1762
1769
1766
1786
1791
1794
1799
1809
1822
1816
1829
1853
1862
1864
1869
1874
1872
1882
1881
1884
1880
1872
1860
1861
1842
1824
1799
1794
1778
1753
1766
1770
1765
1748
1751
1764
1759
1764
1776
1797
1803
1806
1814
1816
1829
1822
1822
1842
1839
1834
1846
1861
1873
1892
1908
1938
1948
1937
1931
1927
1901
1881
1864
1848
1831
1821
1804
1794
1780
1747
1711
1688
1651
1616
1577
1544
1520
1488
1466
1468
1463
1462
1480
1495
1526
1532
1550
1568
1574
1582
1592
1617
1635
1647
1658
1672
1658
1659
1632
1608
1593
1557
1522
1507
1488
1454
1418
1401
1371
1346
1313
1280
1238
1207
1193
1187
1169
1162
1160
1169
1185
1197
1222
1258
1290
1306
1351
1376
1411
1432
1454
1499
1532
1563
1595
1642
1679
1709
1750
1778
1814
1830
1854
1865
1873
1902
1888
1906
1908
1916
1913
1933
1927
1922
1918
1912
1915
1886
1875
1851
1834
1792
1762
1727
1703
1672
1639
1608
1576
1539
1491
1471
1435
1397
1381
1380
1367
1362
1360
1362
1362
1360
1366
1369
1375
1381
1394
1399
1411
1423
1419
1432
1438
1431
1418
1406
1397
1373
1363
1356
1335
1320
1318
1319
1329
1322
1316
1320
1310
1318
1325
1336
1361
1375
1415
1461
1504
1524
1568
1597
1628
1641
1653
1655
1641
1625
1599
1589
1564
1545
1526
1502
1492
1465
1438
1423
1391
1364
1346
1333
1320
1304
1310
1302
1310
1326
1347
1389
1412
1435
1461
1493
1507
1518
1529
1537
1545
1547
1537
1533
1536
1524
1515
1520
1498
1479
1462
1448
1424
1401
1375
1378
1359
1338
1337
1326
1343
1345
1353
1370
1384
1401
1422
1455
1469
1480
1511
1542
1569
1590
1614
1645
1676
1699
1716
1751
1766
1794
1798
1823
1825
1839
1849
1858
1859
1853
1864
1864
1871
1868
1873
1876
1871
1871
1876
1874
1869
1870
1862
1866
1845
1838
1830
1828
1822
1811
1822
1836
1838
1842
1859
1870
1872
1870
1887
1909
1910
1916
1916
1932
1931
1927
1927
1928
1924
1895
1895
1874
1855
1832
1833
1823
1811
1805
1791
1800
1807
1820
1824
1837
1834
1846
1862
1864
1870
1865
1855
1865
1866
1876
1881
1883
1890
1909
1923
1943
1958
1984
2002
2019
2039
2050
2075
2094
2111
2127
2159
2182
2209
2231
2263
2250
2275
2311
2329
2297
2326
2370
2383
2343
2367
2414
2415
2367
2395
2462
2454
2430
2418
2472
2458
2403
2379
2414
2369
2308
2263
2253
2207
2147
2110
2092
2059
2038
2016
2011
2012
2024
2032
2067
2100
2131
2173
2233
2292
2288
2339
2410
2438
2399
2437
2491
2518
2468
2485
2550
2566
2501
2534
2582
2596
2535
2537
2591
2492
2370
2159
2108
2033
2024
1995
1997
1989
1984
1978
1981
1987
2005
2026
2062
2101
2139
2178
2208
2252
2252
2273
2317
2316
2289
2264
2265
2214
2150
2082
2035
1971
1923
1872
1823
1769
1744
1690
1649
1609
1590
1580
1566
1565
1586
1606
1642
1664
1698
1742
1776
1809
1842
1874
1888
1897
1925
1910
1912
1903
1894
1857
1838
1800
1755
1701
1636
1585
1545
1506
1473
1454
1460
1464
1468
1487
1512
1538
1584
1615
1684
1732
1776
1828
1877
1915
1943
1973
2003
2012
2017
2028
2017
2011
2003
1982
1975
1950
1931
1909
1885
1854
1829
1796
1770
1745
1731
1715
1719
1719
1715
1724
1729
1736
1747
1736
1749
1754
1730
1736
1734
1735
1725
1746
1756
1784
1791
1799
1814
1833
1842
1858
1888
1895
1932
1942
1967
1978
1972
1989
2009
2024
2038
2063
2075
2088
2102
2109
2108
2120
2140
2141
2144
2152
2171
2173
2166
2176
2182
2171
2145
2131
2117
2086
2062
2034
2010
1970
1938
1915
1887
1854
1838
1815
1789
1765
1748
1726
1687
1667
1671
1652
1635
1630
1630
1616
1597
1578
1566
1555
1532
1509
1506
1491
1485
1465
1472
1479
1478
1496
1512
1534
1553
1577
1624
1642
1661
1693
1719
1730
1750
1780
1793
1813
1829
1833
1851
1866
1868
1870
1883
1888
1900
1888
1894
1870
1861
1839
1827
1810
1783
1764
1750
1725
1702
1682
1664
1649
1622
1606
1585
1558
1510
1488
1448
1414
1384
1363
1365
1348
1346
1353
1352
1353
1338
1334
1330
1304
1281
1261
1240
1208
1178
1166
1153
1158
1135
1137
1148
1138
1133
1119
1103
1078
1069
1050
1050
1046
1023
1029
1042
1038
1042
1048
1057
1067
1064
1058
1063
1053
1045
1036
1036
1026
1015
1015
1037
1046
1064
1087
1125
1154
1176
1206
1243
1271
1300
1329
1362
1402
1434
1475
1524
1575
1608
1648
1686
1706
1720
1728
1743
1748
1745
1747
1765
1760
1756
1757
1760
1750
1748
1742
1742
1732
1709
1697
1688
1685
1664
1662
1644
1640
1606
1573
1534
1482
1432
1403
1379
1372
1359
1368
1387
1397
1402
1427
1468
1500
1519
1546
1589
1623
1664
1698
1750
1784
1819
1841
1861
1860
1837
1820
1786
1755
1726
1681
1668
1649
1624
1629
1637
1644
1646
1665
1676
1692
1690
1695
1702
1691
1694
1704
1716
1740
1749
1761
1776
1781
1774
1759
1745
1726
1720
1695
1699
1685
1676
1667
1661
1649
1635
1656
1662
1655
1644
1621
1616
1612
1605
1608
1615
1635
1651
1675
1700
1707
1725
1732
1763
1789
1812
1833
1875
1900
1927
1957
1990
2012
2043
2073
2086
2101
2106
2112
2102
2102
2115
2120
2113
2108
2114
2102
2079
2058
2069
2062
2027
2015
1998
1966
1945
1935
1934
1914
1925
1928
1947
1951
1960
1962
1974
1967
1990
2014
2045
2066
2087
2099
2125
2145
2150
2175
2202
2216
2195
2200
2211
2197
2179
2168
2176
2164
2134
2116
2091
2062
2021
1976
1952
1925
1893
1871
1850
1817
1802
1782
1755
1733
1729
1709
1675
1645
1624
1593
1551
1526
1502
1458
1430
1377
1333
1274
1201
1138
1081
1012
941
870
819
762
713
683
654
618
598
581
579
571
573
573
595
608
631
661
675
696
705
708
729
737
744
757
781
794
813
839
876
926
972
1023
1078
1144
1184
1226
1259
1300
1321
1347
1386
1397
1421
1419
1444
1432
1446
1453
1479
1494
1513
1527
1549
1552
1552
1557
1561
1557
1558
1565
1561
1563
1553
1552
1554
1546
1536
1508
1499
1488
1454
1432
1417
1377
1348
1299
1276
1245
1208
1176
1145
1102
1059
1008
964
910
856
805
761
720
674
642
633
611
596
577
573
564
561
558
570
576
587
607
634
670
708
736
789
831
865
917
969
1003
1037
1070
1111
1148
1178
1204
1228
1263
1278
1303
1327
1355
1367
1382
1404
1416
1423
1441
1447
1441
1441
1455
1458
1462
1465
1464
1462
1463
1466
1478
1476
1482
1495
1491
1504
1526
1520
1521
1534
1536
1542
1544
1552
1554
1541
1537
1530
1497
1465
1449
1445
1449
1456
1462
1468
1469
1470
1478
1490
1505
1512
1524
1553
1551
1546
1537
1529
1529
1524
1519
1523
1523
1505
1503
1507
1510
1488
1495
1500
1498
1497
1498
1507
1505
1512
1512
1532
1544
1559
1573
1591
1612
1601
1605
1607
1598
1593
1589
1593
1601
1592
1596
1615
1599
1601
1598
1602
1593
1588
1596
1607
1613
1597
1600
1605
1602
1602
1598
1615
1620
1617
1616
1631
1642
1633
1628
1637
1633
1614
1607
1608
1593
1571
1555
1550
1534
1508
1486
1471
1443
1432
1421
1415
1394
1390
1387
1408
1424
1426
1453
1480
1504
1512
1539
1553
1564
1571
1602
1622
1636
1629
1637
1645
1634
1612
1569
1520
1461
1400
1365
1345
1344
1345
1347
1357
1360
1369
1380
1412
1420
1425
1446
1439
1437
1448
1468
1484
1507
1522
1545
1566
1578
1582
1576
1573
1563
1544
1534
1514
1507
1493
1480
1475
1474
1467
1472
1483
1488
1485
1475
1466
1428
1390
1377
1364
1374
1354
1352
1345
1353
1340
1327
1332
1323
1336
1351
1362
1377
1384
1394
1401
1404
1398
1410
1432
1442
1437
1441
1443
1437
1429
1440
1449
1450
1437
1429
1417
1401
1378
1372
1352
1340
1321
1321
1323
1332
1343
1346
1358
1369
1370
1382
1384
1396
1399
1404
1420
1435
1437
1445
1470
1467
1471
1479
1490
1495
1488
1488
1491
1492
1474
1487
1486
1493
1483
1494
1497
1510
1500
1504
1493
1486
1471
1465
1447
1427
1410
1394
1388
1375
1342
1338
1330
1305
1280
1245
1223
1201
1167
1137
1104
1076
1036
1019
997
983
955
938
936
929
923
917
933
949
955
960
987
1013
1025
1052
1093
1118
1133
1163
1178
1192
1191
1203
1207
1209
1206
1212
1218
1212
1211
1213
1222
1222
1216
1215
1209
1209
1198
1200
1196
1189
1180
1166
1171
1167
1144
1134
1130
1133
1111
1109
1111
1106
1088
1076
1082
1081
1079
1078
1077
1082
1058
1048
1046
1051
1026
1027
1009
991
969
967
955
945
942
933
928
928
911
917
916
913
912
908
916
909
910
919
927
924
930
931
948
946
943
942
935
924
917
898
899
884
884
872
866
870
861
861
858
847
832
817
821
811
806
796
809
818
812
808
810
806
797
802
801
791
785
781
784
788
773
766
771
764
753
749
753
751
750
743
748
739
736
739
745
746
740
741
756
756
752
751
763
767
758
764
764
766
754
751
755
756
745
744
750
750
740
729
736
728
707
700
697
689
676
669
663
660
647
649
651
652
643
633
639
630
615
618
616
619
614
616
614
613
610
614
621
618
613
616
623
620
615
613
624
629
617
618
609
604
602
591
596
589
584
584
596
595
591
590
593
593
581
592
602
593
593
595
598
599
600
601
606
592
573
566
557
558
549
563
562
567
558
551
557
550
531
522
521
518
515
518
524
530
532
532
542
537
539
549
554
558
541
536
527
521
511
514
528
536
521
517
524
509
490
478
479
463
463
464
466
460
457
462
479
486
486
501
516
519
511
514
518
512
500
505
512
512
511
502
513
508
508
510
517
519
510
502
496
486
476
476
474
473
463
466
466
467
459
470
479
475
481
479
490
495
498
509
532
539
547
569
586
292
-13
-10
-9
-11
-10
-9
-11
-11
485
485
-10
-10
-10
-9
-9

