;UFOS3
;Measurement details: channel = D, date = 12.09.2015, time = 10:58:30
Exposure=195
Gain=0
Temperature=34.5
Accummulate=4
1.8203926805481099 mu
1.8347384693499138 amas
33.047 hs
0 ozone
28572 uva
11817 uvb
9747 uve
[Value]
-5
293
294
293
293
293
294
293
307
304
347
347
303
305
353
356
310
308
350
361
305
311
366
356
307
306
378
372
314
310
372
358
315
313
363
357
310
308
364
365
308
308
356
359
308
312
375
373
316
312
368
367
307
312
378
371
304
309
372
378
308
316
366
382
311
310
375
359
309
309
355
374
310
316
362
365
304
310
360
364
311
312
380
365
306
311
362
370
310
313
365
373
306
309
367
361
311
308
361
375
312
309
361
368
309
314
379
365
311
313
375
358
310
313
365
372
310
307
360
364
305
310
370
369
306
315
360
356
305
313
370
375
306
309
364
376
306
309
365
365
312
306
371
375
308
313
365
379
309
313
381
372
308
308
367
365
309
311
371
371
309
311
367
361
315
315
369
376
307
309
364
386
307
310
358
373
308
311
369
368
308
311
386
365
314
312
354
360
309
311
365
376
306
311
368
369
311
308
363
372
308
310
362
362
306
308
358
369
308
310
358
364
311
312
372
369
308
309
367
370
310
312
361
375
308
313
369
363
311
311
370
362
311
311
359
368
316
312
379
359
308
308
358
370
306
311
369
365
308
307
368
363
312
309
359
367
309
314
399
365
308
309
371
360
309
308
378
364
306
309
361
358
304
314
367
366
311
303
371
366
311
312
373
369
313
311
379
364
314
307
368
363
308
311
366
362
305
309
371
364
301
308
369
366
310
311
374
372
314
310
366
367
305
310
376
356
317
312
373
361
313
312
373
377
307
309
375
370
314
310
359
364
308
308
370
362
310
308
366
361
307
312
364
372
310
317
365
376
308
316
371
368
311
309
356
363
311
310
360
359
308
313
364
358
307
313
353
364
308
303
374
372
308
312
363
364
311
314
371
367
307
310
362
360
309
311
367
371
310
311
378
360
306
305
365
373
313
315
376
372
310
308
369
379
312
315
377
364
306
315
372
365
311
316
374
373
311
308
366
369
308
313
363
370
310
307
349
368
307
313
368
365
307
307
361
375
307
312
368
365
312
308
374
361
308
310
368
374
308
310
371
388
308
309
366
362
309
314
369
367
307
311
364
361
306
306
375
356
308
306
356
363
311
311
365
362
312
314
360
367
309
308
361
377
303
311
366
370
306
319
369
363
305
314
361
360
310
306
358
366
311
310
368
362
307
308
356
375
304
313
374
376
309
309
364
371
308
312
370
369
308
309
368
374
308
311
364
370
312
309
369
368
310
313
366
363
310
313
369
363
317
311
361
361
307
311
368
375
309
310
360
360
311
312
361
359
310
309
377
363
316
312
371
385
308
311
358
373
313
311
373
370
309
313
366
361
310
310
367
371
309
308
369
376
309
309
365
365
309
313
356
369
308
315
361
372
305
311
365
368
305
312
362
354
313
313
366
370
302
312
376
369
309
311
368
367
311
310
368
360
310
317
379
368
312
309
367
378
317
316
377
357
303
308
357
363
306
309
368
382
309
315
368
366
305
311
357
368
313
313
380
370
312
314
371
367
310
308
371
373
303
312
373
361
304
313
374
375
312
313
365
361
305
314
363
363
305
311
368
370
311
313
374
363
308
309
375
383
314
314
365
354
310
311
366
361
314
314
359
370
312
310
379
367
309
312
361
366
308
315
378
358
311
311
351
366
305
313
369
369
308
309
369
364
308
311
359
357
307
316
371
370
311
317
378
354
306
309
356
363
313
306
364
364
305
309
364
365
309
311
368
363
306
311
362
370
309
313
368
372
315
309
368
365
309
310
361
365
308
307
389
361
310
313
365
364
313
313
368
367
309
314
380
368
313
313
362
358
305
312
380
372
307
314
366
358
307
313
367
364
308
309
373
373
306
308
367
361
309
312
376
371
309
309
356
350
308
306
367
361
308
312
368
357
310
309
363
375
308
310
370
370
307
313
365
364
312
311
362
356
312
303
363
371
311
310
374
361
313
313
371
365
304
307
366
366
312
311
380
371
306
311
355
377
304
313
384
370
310
309
369
371
310
312
372
358
307
310
384
360
308
314
373
366
310
317
368
367
311
309
367
363
316
310
377
360
311
312
364
367
307
315
360
370
316
310
381
364
304
312
373
364
316
312
363
360
307
312
362
372
305
312
358
362
311
307
361
384
311
314
373
366
308
310
376
362
314
312
361
369
306
311
363
368
315
310
364
359
314
313
375
367
310
306
373
360
311
307
377
370
306
309
366
363
311
315
374
371
318
313
359
373
303
313
359
367
308
311
370
367
309
312
370
359
307
307
363
372
309
318
370
373
308
341
367
373
304
309
363
363
308
304
369
365
307
310
353
365
306
310
369
370
311
305
367
368
309
309
366
372
309
310
374
368
308
311
381
370
308
314
366
367
309
312
361
360
315
311
364
374
310
313
363
367
305
315
373
364
307
310
362
379
307
309
375
362
309
305
374
361
305
316
372
365
309
313
360
376
308
309
362
369
309
315
365
372
310
307
362
365
307
310
371
362
309
315
374
362
309
309
377
369
307
307
369
378
313
307
373
366
304
311
359
368
309
309
366
373
309
307
375
363
306
308
357
377
311
309
376
373
307
318
365
369
309
310
368
365
307
314
361
369
310
315
359
362
304
305
374
366
310
310
360
397
311
310
373
355
312
310
366
372
311
314
368
371
305
312
364
381
307
313
359
363
307
312
368
364
305
312
368
365
313
309
362
377
303
310
348
364
306
309
368
361
306
312
366
362
312
311
359
356
305
310
364
369
306
317
363
370
309
310
369
363
310
307
366
375
309
303
374
356
312
310
370
372
314
311
361
369
309
310
363
371
308
315
370
369
313
306
368
370
305
310
375
376
310
311
366
371
306
319
378
359
310
312
361
378
307
312
367
387
310
308
368
365
311
309
360
378
311
311
372
363
306
313
373
364
305
310
362
367
308
311
379
375
308
316
368
360
305
307
370
361
310
309
365
365
310
313
369
367
310
313
372
380
309
315
370
366
306
314
366
361
309
308
363
374
312
314
372
364
309
308
374
369
306
308
376
366
307
307
373
367
308
315
364
375
307
312
382
369
306
322
363
364
307
312
373
358
305
309
377
371
311
310
372
365
307
311
361
367
309
310
346
362
308
309
365
377
309
314
367
379
306
306
362
356
306
308
375
375
308
310
375
365
322
310
371
372
306
308
363
373
308
314
373
365
311
315
373
364
307
308
368
368
309
311
357
372
313
310
371
363
306
314
362
367
309
319
361
369
305
315
366
371
306
310
363
369
313
308
372
365
306
311
376
363
311
313
379
371
309
314
350
371
310
314
369
377
309
310
364
370
304
310
362
366
312
311
371
360
310
312
371
361
311
318
371
365
306
314
359
369
315
311
364
370
314
318
368
367
309
310
356
362
310
313
385
374
310
314
374
363
309
310
360
368
307
310
371
368
307
317
358
369
310
312
367
372
305
315
363
381
309
312
368
375
307
314
375
377
307
314
367
377
306
308
376
362
309
310
375
366
310
309
361
366
309
315
357
363
310
312
359
377
313
313
369
358
307
314
372
366
311
312
359
368
306
315
365
364
312
314
363
366
304
310
364
372
307
308
374
370
307
309
382
369
308
309
376
364
307
315
370
384
307
313
359
374
308
311
366
370
309
314
371
358
310
310
377
379
310
313
367
385
310
309
368
362
308
316
377
367
309
305
379
371
307
307
364
362
309
309
367
361
312
315
368
371
311
308
367
367
305
309
364
370
309
310
356
367
314
310
355
355
308
310
372
376
303
313
368
366
308
309
367
369
309
314
370
363
305
313
368
369
309
309
358
368
306
309
371
372
312
309
369
358
305
312
361
359
306
313
366
366
310
308
373
375
308
313
371
368
308
314
376
369
308
309
371
359
320
314
374
375
306
305
360
364
314
308
373
364
306
309
365
355
314
313
366
370
384
315
371
372
304
318
369
370
311
314
368
358
305
306
369
371
303
309
369
366
307
314
365
368
310
318
363
369
309
309
372
369
306
311
369
365
312
309
381
357
314
314
369
368
311
318
366
377
306
317
368
375
304
314
365
371
306
313
376
368
308
310
371
371
310
306
373
364
311
311
371
367
307
309
373
372
310
308
364
369
309
309
367
368
313
311
362
364
310
311
372
365
312
314
370
364
308
310
369
375
313
312
373
376
307
311
372
364
306
313
369
363
308
312
363
370
311
316
363
360
306
309
358
375
308
313
369
367
313
308
363
379
309
309
379
364
307
312
368
365
314
309
359
370
306
317
379
357
311
312
374
375
305
309
377
365
310
316
376
362
307
314
371
372
304
309
393
368
310
310
362
369
307
311
362
366
314
312
365
367
310
309
367
361
309
310
361
358
308
313
370
365
306
308
369
375
313
309
364
370
308
310
367
375
306
315
362
362
311
311
364
360
307
313
353
369
307
311
378
370
308
309
368
362
310
316
371
370
312
311
367
377
307
316
368
364
309
312
367
368
307
311
369
360
311
312
373
366
312
312
357
372
307
312
369
372
308
308
369
359
307
312
375
369
311
310
370
369
306
314
357
371
311
309
370
362
312
312
370
373
308
306
363
369
310
306
364
373
308
312
366
366
310
313
365
370
315
314
371
380
311
313
364
388
312
308
369
360
305
309
379
370
317
314
366
365
305
314
372
355
309
313
369
363
312
312
369
356
309
314
375
371
305
307
369
353
307
309
373
367
312
312
382
371
306
306
365
354
307
312
368
361
308
312
397
366
309
308
362
362
309
307
369
359
308
311
374
365
308
308
373
382
309
314
373
367
311
316
367
375
308
314
361
358
306
310
346
365
314
310
381
383
309
312
373
383
307
312
372
373
307
310
370
366
307
309
371
368
310
310
384
367
308
310
368
367
307
313
387
371
302
312
364
365
305
315
369
362
307
311
369
363
313
310
358
369
306
314
369
370
307
308
368
362
306
312
367
375
309
313
365
373
309
311
378
379
312
312
373
360
313
312
365
380
309
319
369
364
311
317
359
364
309
308
373
367
308
316
368
366
303
309
375
365
311
313
375
369
310
313
378
372
310
312
366
374
305
305
372
369
309
315
372
373
315
308
371
371
313
313
361
373
306
315
373
358
309
321
367
372
305
308
366
371
309
307
366
379
310
309
383
368
354
316
378
373
310
308
358
384
305
312
367
364
307
315
375
376
306
308
364
365
307
311
374
369
307
306
381
361
305
311
371
375
309
311
375
363
310
307
382
373
306
318
371
365
304
315
373
368
303
310
361
360
311
315
357
375
314
311
366
368
310
306
381
369
315
310
375
370
307
320
375
355
304
316
370
372
303
309
371
381
310
315
378
360
305
313
364
356
308
312
380
363
306
313
348
361
307
312
369
371
310
308
362
360
312
312
375
386
306
312
361
354
307
314
378
369
309
312
356
362
313
312
375
371
308
318
367
357
309
312
362
369
306
310
371
358
311
311
371
375
308
307
368
365
308
310
376
371
313
315
380
364
314
309
370
364
311
314
376
365
302
312
367
367
313
316
376
360
311
311
381
358
307
307
358
364
307
310
373
390
304
307
380
362
314
313
369
362
310
310
375
365
305
310
359
372
313
313
373
363
307
315
359
363
306
311
375
365
310
319
366
376
306
309
386
376
310
313
368
359
309
314
366
364
305
311
375
367
309
313
362
382
309
311
374
361
309
309
371
373
307
313
374
373
311
310
371
362
308
309
357
367
317
315
374
364
315
317
366
374
310
310
364
356
310
315
377
365
306
310
378
363
306
313
371
367
307
308
383
353
308
312
379
370
309
309
363
368
306
312
388
373
311
309
358
368
304
312
386
364
309
312
368
362
309
312
370
360
311
311
372
361
312
312
380
368
308
310
374
373
341
311
371
355
306
306
376
364
309
314
368
356
308
310
376
369
307
309
377
363
306
310
367
368
311
314
382
357
311
316
366
360
309
307
370
366
311
314
374
357
312
312
368
354
308
315
370
361
308
314
367
366
311
308
366
370
310
306
385
361
312
316
367
362
306
315
378
369
310
308
365
366
305
313
366
366
315
310
356
363
309
312
365
348
306
311
373
353
307
311
373
365
305
311
377
356
314
310
368
356
306
312
374
369
307
314
371
357
307
311
363
361
310
308
375
359
309
312
372
376
308
310
379
375
315
312
366
365
307
308
366
364
309
314
374
370
307
309
364
359
308
314
370
372
307
316
370
357
306
311
370
364
311
308
369
368
310
310
361
370
310
311
370
374
308
311
376
365
309
307
369
374
305
317
363
364
307
310
384
367
309
307
370
365
307
306
379
376
309
319
367
363
307
314
374
362
318
311
372
376
310
307
375
367
311
315
377
368
317
314
377
376
313
306
357
373
310
312
369
375
308
311
380
364
304
314
386
362
308
315
373
363
305
310
377
358
315
309
375
361
308
306
381
368
308
308
374
365
308
308
377
359
309
313
363
374
314
316
376
355
310
308
376
359
311
310
373
366
305
308
391
365
312
313
365
369
311
308
356
380
310
305
383
371
304
314
387
363
308
310
367
375
311
311
369
357
315
311
371
362
311
309
366
363
309
310
371
353
312
312
373
369
313
308
374
379
311
308
363
381
307
310
376
363
311
310
371
355
311
315
372
379
308
316
364
370
309
311
383
359
311
314
368
365
306
310
405
363
312
314
364
365
318
307
381
379
312
311
375
370
313
317
375
377
311
313
374
366
307
309
365
364
304
313
371
353
308
315
361
374
308
311
369
368
307
307
371
373
309
315
366
367
309
312
371
377
310
313
379
377
308
317
371
361
309
311
380
368
313
311
366
372
308
307
372
374
310
313
374
372
315
313
376
369
313
310
379
370
309
313
385
376
313
313
375
390
311
311
367
369
307
316
371
364
315
315
368
364
311
313
374
381
314
313
374
373
307
309
369
365
312
312
373
370
307
312
369
364
306
311
373
376
316
306
371
358
308
314
373
365
308
315
376
363
308
315
362
373
307
310
365
367
314
313
372
367
314
315
372
390
311
311
367
375
309
310
374
373
306
307
372
367
307
311
374
363
307
312
366
369
308
315
367
370
312
308
375
366
311
312
384
363
313
316
380
356
314
318
376
375
307
312
388
358
311
308
361
366
316
316
376
362
308
313
369
371
306
316
378
365
311
315
381
367
314
304
377
367
308
316
371
354
311
318
382
367
312
317
389
368
311
320
365
366
310
316
377
378
309
317
353
382
309
310
393
356
312
320
383
357
312
307
366
373
307
313
383
377
314
311
384
374
306
315
371
380
314
309
384
355
313
311
366
372
315
314
385
375
310
310
380
370
313
309
377
375
312
311
382
375
311
309
370
363
311
307
372
369
307
308
375
372
306
312
380
363
316
311
364
364
309
312
370
368
306
313
369
363
308
310
367
377
308
312
381
374
311
312
377
373
309
311
372
373
309
313
374
366
315
315
377
365
306
308
374
367
310
311
375
375
308
317
379
373
306
312
378
372
315
312
375
358
312
309
374
357
309
308
366
367
311
311
377
371
308
315
373
361
314
311
376
367
308
313
381
366
309
311
369
369
314
310
391
357
307
314
371
366
313
317
380
362
309
315
371
373
311
316
374
371
311
314
361
384
310
313
376
365
316
314
372
366
304
315
366
363
308
315
367
378
310
308
370
361
308
313
379
360
308
312
375
360
307
311
374
361
305
313
370
360
313
313
368
367
312
308
374
377
311
311
369
375
310
309
367
382
313
313
374
369
313
309
385
376
312
315
373
370
307
311
376
365
311
311
376
361
313
318
367
380
317
311
370
362
313
312
376
367
312
307
370
366
314
314
374
359
309
309
390
365
311
310
362
362
308
312
367
370
310
308
378
370
309
313
366
370
309
311
381
375
316
313
381
374
310
309
370
371
313
310
380
373
313
309
370
370
309
317
381
377
306
312
376
374
310
314
384
379
309
316
375
374
313
319
381
361
311
307
370
358
306
312
379
358
308
314
387
372
312
313
375
363
311
311
363
392
308
314
378
363
316
310
375
364
309
313
382
368
310
315
378
365
314
310
373
370
308
315
375
370
309
310
405
372
307
312
368
359
310
314
376
368
307
309
375
367
310
315
373
369
312
313
372
378
313
311
374
365
311
311
368
366
314
312
375
362
310
310
376
370
306
310
375
366
316
312
381
371
308
310
377
374
313
307
371
353
312
317
371
358
310
312
380
380
311
317
376
376
310
313
357
365
311
313
370
375
309
310
373
364
312
311
377
376
307
316
384
369
311
305
378
371
309
312
390
360
312
309
382
360
313
311
387
372
311
307
373
378
307
314
374
373
311
312
378
371
315
315
365
387
311
312
373
366
309
311
371
374
313
312
367
370
309
309
369
369
311
309
384
364
311
314
372
369
311
307
370
373
312
312
375
370
294
294
292
292
294
293
291
293
306
313
295
291
293
-5
-5

