;UFOS3
;Measurement details: channel = Z, date = 12.09.2015, time = 11:12:36
Exposure=327
Gain=0
Temperature=34.6
Accummulate=4
1.852053479326034 mu
1.867482093450445 amas
32.398 hs
205 ozone
181278 uva
18508 uvb
11752 uve
[Value]
-9
290
291
289
289
290
288
292
313
305
383
382
305
306
389
390
316
315
387
406
308
322
418
400
318
315
434
425
327
325
431
402
328
325
409
401
323
320
412
416
319
322
403
406
318
325
431
426
333
330
418
417
316
325
433
425
317
317
423
433
319
330
416
437
326
322
427
405
321
323
398
431
323
333
413
416
316
323
410
411
323
326
438
416
319
323
416
421
320
324
417
428
317
320
418
410
321
320
408
430
324
322
409
420
322
332
433
418
319
325
430
405
323
327
414
425
323
317
409
417
312
321
422
423
316
329
413
403
315
329
424
432
314
325
411
424
311
324
414
412
323
317
427
432
319
328
419
435
321
327
443
431
318
319
422
416
318
324
428
429
320
325
417
416
329
334
421
432
319
323
415
443
320
325
406
430
319
324
423
420
318
328
441
420
326
325
399
405
326
322
414
433
320
327
420
424
327
319
409
422
320
323
409
412
319
324
406
421
317
328
405
411
325
325
426
422
320
321
415
422
322
324
409
428
316
326
416
414
325
326
425
409
323
324
407
421
333
325
430
405
318
319
403
423
319
327
422
417
322
318
421
414
327
324
408
419
324
331
452
416
322
323
426
410
320
317
433
411
316
324
414
408
313
330
418
416
325
314
425
413
323
328
431
420
327
320
435
412
323
319
422
414
316
323
418
408
314
326
426
413
311
318
422
416
322
324
431
424
327
326
418
421
316
322
433
404
334
326
429
410
325
324
424
437
316
319
433
431
326
323
404
419
321
316
423
412
322
317
418
410
317
328
414
431
323
331
417
435
317
334
426
420
326
323
402
411
325
324
407
410
319
329
413
407
319
326
401
416
323
314
426
425
322
327
413
414
321
329
429
422
320
323
415
407
325
325
424
428
322
326
442
411
319
318
417
432
327
330
432
428
322
318
424
431
327
331
430
413
315
333
427
416
324
333
421
431
328
319
417
423
321
327
411
426
323
321
394
422
317
324
420
418
317
318
410
432
318
325
420
417
325
320
430
413
321
320
419
432
316
327
425
449
322
323
415
416
324
332
425
423
321
322
415
409
318
317
428
403
323
320
403
418
326
329
418
408
328
330
411
420
325
320
412
439
310
328
423
428
318
339
427
420
316
332
409
410
327
317
406
425
327
327
422
416
318
323
403
433
317
333
434
437
325
325
418
428
327
325
428
427
323
328
423
430
323
329
422
430
330
326
428
424
326
331
422
416
326
333
428
418
339
327
418
416
330
331
426
440
321
327
414
413
332
330
418
413
327
328
441
422
340
334
432
454
329
335
411
437
333
331
437
430
330
338
429
418
333
331
434
439
333
332
439
443
335
334
432
429
333
341
418
437
331
344
422
443
327
338
431
440
330
343
429
419
343
339
436
442
328
339
452
444
344
344
443
445
355
353
448
438
351
363
468
453
360
356
453
472
373
368
474
448
354
360
450
453
359
363
462
486
364
381
466
467
362
368
450
466
376
375
489
471
370
378
478
471
373
372
481
489
371
384
490
474
376
388
495
498
393
404
493
489
392
408
501
505
401
415
519
519
421
426
531
518
421
431
542
553
431
434
520
507
427
428
515
519
429
431
507
529
430
425
548
532
430
438
524
538
441
449
566
532
455
455
531
559
455
466
569
571
470
476
578
574
483
493
582
590
502
521
625
625
526
538
655
622
539
547
632
641
556
551
653
654
555
565
662
664
560
570
665
658
561
569
667
683
582
592
686
685
596
586
693
688
593
597
685
688
592
593
729
684
596
600
684
682
586
581
676
673
565
577
687
678
579
583
666
669
575
587
701
699
587
598
690
684
583
595
694
691
593
598
713
714
600
609
721
717
627
637
753
763
660
675
763
771
707
715
839
841
756
772
880
866
779
791
888
907
792
794
899
906
788
796
889
890
789
783
874
860
774
767
863
880
761
757
873
841
756
753
855
844
743
747
854
857
759
765
881
875
764
775
862
907
779
800
938
918
814
815
930
945
831
841
949
928
832
833
960
929
825
839
950
937
833
847
939
936
840
843
949
944
869
865
996
969
887
899
1007
1020
915
936
1024
1034
923
915
1033
999
888
898
1011
998
895
895
985
983
892
911
1010
1035
920
934
1034
1050
972
983
1094
1148
1033
1053
1173
1165
1059
1067
1188
1168
1074
1060
1145
1141
1011
1005
1091
1086
981
962
1052
1028
941
930
1044
1036
937
933
1061
1049
968
969
1116
1106
1012
1044
1167
1199
1111
1144
1265
1276
1200
1217
1317
1370
1267
1297
1403
1436
1337
1364
1498
1507
1414
1436
1556
1543
1452
1467
1580
1612
1509
1534
1619
1630
1509
1553
1580
1570
1422
1412
1483
1467
1341
1324
1420
1414
1292
1299
1363
1382
1279
1283
1383
1400
1306
1311
1445
1469
1391
1417
1564
1607
1524
1559
1688
1705
1596
1614
1731
1703
1581
1594
1678
1670
1559
1560
1633
1622
1529
1510
1598
1614
1478
1479
1567
1574
1463
1483
1592
1590
1500
1524
1639
1697
1568
1582
1713
1708
1630
1643
1784
1776
1690
1717
1831
1834
1742
1760
1848
1875
1770
1768
1861
1866
1742
1733
1810
1799
1672
1648
1718
1686
1562
1542
1627
1590
1480
1478
1568
1536
1431
1428
1559
1550
1444
1457
1586
1592
1493
1496
1617
1615
1507
1520
1603
1626
1517
1521
1618
1628
1505
1486
1597
1560
1451
1434
1509
1521
1373
1361
1451
1435
1293
1300
1381
1385
1284
1280
1395
1389
1297
1300
1389
1397
1307
1315
1408
1428
1341
1334
1482
1478
1397
1408
1514
1567
1441
1444
1578
1554
1477
1479
1590
1604
1513
1531
1639
1663
1552
1571
1680
1711
1605
1623
1712
1722
1618
1623
1718
1711
1597
1599
1695
1679
1569
1564
1666
1673
1549
1556
1627
1659
1547
1552
1653
1656
1562
1600
1712
1730
1666
1688
1809
1827
1765
1801
1934
1965
1891
1929
2058
2082
1994
2013
2149
2159
2079
2085
2186
2196
2080
2072
2195
2167
2097
2090
2220
2219
2130
2131
2240
2260
2167
2180
2281
2296
2181
2194
2296
2302
2211
2197
2316
2334
2225
2238
2360
2357
2242
2237
2326
2332
2214
2226
2333
2286
2196
2203
2285
2307
2193
2208
2305
2320
2185
2172
2278
2281
2185
2172
2270
2304
2196
2214
2315
2293
2197
2192
2304
2310
2210
2234
2341
2367
2291
2319
2452
2489
2401
2424
2539
2542
2490
2535
2647
2662
2643
2674
2740
2764
2773
2799
2810
2832
2841
2860
2862
2880
2885
2899
2898
2913
2911
2929
2923
2943
2935
2955
2947
2964
2958
2976
2967
2979
2975
2980
2973
2947
2933
2804
2810
2700
2632
2574
2637
2609
2536
2535
2608
2618
2532
2540
2625
2610
2531
2544
2604
2617
2546
2556
2638
2618
2557
2561
2638
2637
2580
2583
2652
2649
2590
2599
2663
2677
2614
2610
2640
2645
2582
2577
2630
2639
2564
2576
2624
2645
2544
2530
2596
2578
2514
2494
2575
2560
2456
2461
2543
2540
2475
2456
2556
2553
2457
2451
2528
2535
2401
2392
2473
2420
2318
2307
2377
2354
2242
2240
2333
2323
2188
2160
2216
2232
2144
2096
2189
2154
2052
2057
2167
2179
2101
2137
2248
2288
2202
2229
2332
2368
2256
2276
2370
2380
2272
2233
2337
2308
2212
2216
2326
2313
2215
2211
2321
2302
2187
2190
2254
2298
2193
2201
2309
2333
2243
2259
2358
2378
2264
2265
2327
2305
2175
2124
2172
2110
1976
1946
2010
1964
1863
1845
1930
1914
1800
1797
1883
1904
1791
1797
1908
1942
1835
1863
1970
1994
1889
1897
1993
1997
1890
1877
1979
1937
1796
1781
1883
1832
1731
1734
1840
1866
1779
1809
1960
1983
1907
1945
2055
2094
2005
2027
2107
2132
2007
2029
2117
2142
2025
2015
2120
2118
2000
2013
2113
2111
1996
2026
2143
2163
2046
2081
2223
2220
2162
2203
2348
2357
2276
2287
2390
2393
2286
2290
2364
2362
2250
2252
2320
2335
2220
2204
2313
2306
2220
2236
2360
2373
2275
2294
2398
2417
2363
2418
2529
2562
2528
2554
2643
2668
2623
2651
2703
2713
2671
2688
2718
2727
2685
2680
2705
2695
2644
2614
2662
2632
2547
2539
2597
2613
2514
2538
2606
2623
2549
2538
2602
2593
2514
2493
2552
2534
2457
2467
2566
2575
2482
2483
2567
2613
2519
2539
2624
2630
2588
2613
2689
2702
2688
2700
2744
2757
2760
2773
2784
2797
2794
2802
2806
2809
2805
2796
2803
2791
2779
2764
2774
2773
2763
2776
2784
2800
2802
2821
2824
2837
2840
2854
2847
2859
2852
2858
2856
2860
2859
2859
2860
2856
2852
2830
2828
2790
2744
2672
2657
2592
2477
2429
2479
2441
2298
2244
2282
2240
2093
2064
2149
2122
1991
1966
2066
2054
1959
1975
2092
2120
2063
2112
2258
2306
2252
2283
2423
2473
2380
2397
2505
2527
2452
2462
2581
2575
2512
2519
2599
2591
2530
2514
2578
2562
2451
2423
2473
2456
2349
2311
2401
2382
2270
2252
2330
2296
2211
2202
2288
2282
2298
2174
2259
2265
2149
2181
2292
2294
2212
2235
2344
2351
2275
2310
2424
2435
2331
2323
2413
2385
2269
2260
2331
2320
2204
2185
2248
2236
2087
2051
2141
2116
1986
1985
2073
2046
1949
1945
2068
2030
1965
1971
2081
2084
1990
2006
2096
2139
2025
2042
2146
2154
2041
2063
2170
2175
2063
2076
2187
2164
2038
2038
2132
2100
1986
1979
2088
2062
1961
1946
2039
2041
1919
1925
2048
2033
1906
1883
1975
1951
1831
1820
1925
1935
1856
1873
2000
2020
1944
1963
2092
2108
2031
2053
2182
2199
2122
2154
2270
2308
2224
2246
2363
2378
2275
2299
2409
2392
2299
2312
2395
2382
2276
2275
2343
2345
2237
2227
2300
2267
2163
2146
2217
2218
2085
2091
2178
2167
2061
2052
2161
2182
2069
2085
2230
2217
2131
2167
2272
2281
2182
2191
2285
2319
2216
2238
2344
2307
2204
2174
2253
2222
2055
2029
2102
2052
1937
1948
2033
2016
1924
1942
2062
2089
1995
2019
2183
2173
2085
2106
2232
2261
2171
2204
2314
2365
2292
2304
2408
2419
2349
2345
2450
2443
2381
2400
2516
2524
2468
2489
2588
2601
2534
2544
2626
2637
2576
2586
2639
2652
2607
2631
2673
2702
2663
2680
2703
2709
2679
2676
2714
2713
2703
2716
2737
2755
2745
2768
2772
2786
2778
2770
2785
2769
2748
2730
2739
2731
2703
2689
2711
2714
2671
2664
2684
2677
2620
2615
2644
2645
2557
2548
2597
2573
2505
2497
2582
2566
2484
2461
2514
2515
2391
2376
2462
2459
2351
2358
2465
2455
2365
2350
2430
2402
2266
2236
2304
2261
2119
2106
2187
2194
2109
2113
2245
2250
2178
2195
2308
2325
2236
2241
2362
2392
2308
2316
2436
2459
2348
2332
2399
2359
2230
2191
2253
2237
2110
2079
2157
2128
1964
1928
1983
1981
1812
1787
1871
1834
1736
1732
1863
1851
1776
1798
1928
1959
1890
1932
2058
2071
2008
2043
2186
2217
2176
2206
2348
2370
2336
2382
2525
2537
2468
2502
2598
2599
2563
2571
2646
2653
2614
2614
2678
2675
2627
2626
2654
2638
2572
2551
2583
2544
2435
2412
2493
2421
2307
2282
2333
2290
2156
2090
2156
2095
1983
1953
2047
2031
1934
1919
2036
2042
1904
1909
2031
2031
1946
1953
2063
2087
1982
1996
2078
2078
1975
1961
2011
2034
1916
1887
2004
1977
1836
1831
1962
1957
1829
1844
1936
1942
1829
1847
1963
1981
1904
1947
2099
2136
2076
2109
2282
2286
2197
2218
2320
2305
2180
2173
2269
2231
2088
2076
2155
2133
1987
1975
2059
2013
1889
1870
1958
1937
1827
1808
1905
1937
1832
1867
1999
2029
1961
1993
2117
2129
2055
2070
2176
2194
2092
2090
2185
2180
2074
2068
2186
2171
2035
2011
2101
2055
1948
1918
1995
2001
1860
1874
1960
1941
1858
1876
1975
1995
1919
1936
2082
2089
1991
2032
2147
2173
2095
2141
2278
2295
2227
2248
2379
2390
2316
2339
2458
2466
2372
2388
2481
2504
2389
2401
2499
2509
2414
2425
2508
2508
2418
2410
2498
2493
2398
2394
2463
2480
2355
2360
2428
2400
2330
2347
2431
2439
2349
2364
2469
2481
2390
2402
2493
2517
2431
2434
2553
2533
2536
2472
2569
2561
2481
2476
2522
2547
2426
2406
2475
2469
2357
2369
2470
2458
2352
2357
2442
2437
2345
2349
2458
2454
2354
2351
2477
2435
2345
2349
2449
2457
2350
2360
2475
2470
2400
2426
2554
2557
2480
2521
2598
2622
2592
2621
2692
2715
2717
2740
2758
2779
2785
2804
2811
2830
2832
2849
2851
2866
2864
2880
2878
2894
2889
2906
2899
2915
2912
2922
2921
2936
2932
2943
2940
2951
2949
2951
2952
2913
2874
2684
2674
2584
2502
2502
2571
2562
2540
2561
2663
2686
2691
2735
2752
2786
2796
2825
2829
2856
2854
2881
2875
2900
2896
2917
2911
2933
2926
2946
2939
2958
2950
2968
2958
2982
2967
2972
2949
2710
2584
2437
2519
2519
2423
2436
2522
2533
2492
2543
2637
2680
2661
2701
2733
2752
2767
2774
2792
2791
2787
2751
2747
2665
2563
2446
2488
2429
2282
2229
2284
2214
2088
2026
2111
2073
1979
1984
2114
2101
2018
2065
2216
2252
2200
2238
2378
2368
2319
2341
2457
2431
2349
2337
2412
2404
2278
2248
2305
2264
2069
2019
2095
2025
1899
1875
1978
1965
1883
1895
2042
2054
1974
2043
2170
2253
2188
2250
2395
2419
2360
2404
2492
2510
2432
2444
2536
2518
2438
2418
2473
2480
2351
2336
2430
2389
2253
2222
2286
2253
2140
2144
2244
2241
2153
2165
2283
2270
2179
2186
2273
2298
2156
2167
2260
2236
2146
2148
2286
2299
2198
2222
2341
2349
2264
2272
2391
2395
2323
2347
2451
2479
2399
2408
2503
2505
2446
2477
2553
2581
2501
2510
2586
2585
2526
2548
2615
2625
2568
2592
2654
2644
2604
2584
2633
2611
2540
2514
2584
2526
2427
2388
2455
2411
2288
2266
2334
2322
2190
2167
2266
2232
2104
2072
2143
2153
2035
2035
2164
2122
2007
1989
2081
2052
1934
1928
2017
1985
1885
1880
1979
1951
1878
1885
2022
2031
1948
1974
2123
2152
2108
2076
2213
2216
2153
2172
2300
2306
2220
2242
2346
2335
2256
2272
2382
2381
2286
2290
2403
2369
2260
2254
2333
2330
2212
2180
2278
2228
2114
2104
2171
2146
2031
2006
2100
2068
1926
1892
1966
1900
1789
1762
1850
1818
1739
1753
1854
1837
1737
1739
1825
1812
1685
1652
1733
1703
1580
1543
1671
1617
1519
1526
1625
1621
1510
1516
1602
1568
1446
1431
1526
1524
1403
1421
1512
1517
1425
1422
1524
1532
1437
1446
1546
1507
1419
1414
1527
1486
1394
1398
1515
1514
1424
1465
1612
1598
1557
1582
1724
1731
1665
1701
1852
1870
1793
1856
2013
2031
1985
2034
2161
2177
2096
2107
2236
2215
2129
2144
2250
2251
2139
2141
2268
2249
2136
2136
2228
2211
2097
2096
2185
2157
2050
2054
2153
2130
1994
1973
2046
1999
1876
1871
1961
1953
1858
1881
1997
1997
1925
1958
2084
2098
2027
2036
2166
2186
2116
2143
2262
2306
2248
2260
2370
2385
2249
2219
2276
2198
2038
1979
2043
1997
1845
1859
1939
1937
1835
1859
2005
2015
1936
1947
2083
2087
1995
2022
2180
2201
2109
2153
2262
2266
2169
2182
2255
2226
2128
2105
2200
2206
2076
2061
2163
2134
2035
2041
2164
2148
2053
2035
2139
2110
1990
1995
2089
2145
2049
2082
2190
2226
2116
2131
2259
2263
2186
2221
2374
2366
2301
2345
2477
2479
2428
2457
2572
2564
2513
2498
2574
2562
2496
2490
2591
2572
2499
2490
2558
2546
2474
2475
2544
2512
2402
2378
2440
2443
2334
2337
2443
2401
2341
2336
2459
2421
2339
2353
2457
2484
2404
2439
2570
2559
2506
2530
2601
2625
2577
2593
2635
2657
2591
2582
2650
2624
2556
2532
2614
2565
2472
2439
2485
2462
2338
2305
2360
2314
2213
2189
2273
2230
2117
2104
2177
2147
2025
2008
2088
2024
1930
1880
1960
1923
1789
1750
1828
1788
1616
1557
1611
1569
1384
1326
1373
1302
1153
1105
1182
1109
995
980
1066
1078
937
958
1053
1068
981
1017
1176
1170
1110
1157
1294
1314
1240
1277
1458
1416
1342
1352
1463
1484
1427
1443
1618
1639
1551
1586
1722
1733
1661
1687
1828
1844
1756
1774
1893
1853
1712
1679
1746
1706
1559
1542
1637
1590
1498
1529
1631
1697
1617
1655
1807
1846
1767
1788
1929
1948
1843
1856
1944
1931
1790
1761
1838
1804
1641
1603
1694
1669
1521
1504
1587
1544
1403
1371
1448
1380
1224
1172
1222
1181
1028
1001
1100
1084
948
941
1039
1030
919
920
1036
1024
945
957
1107
1122
1057
1092
1267
1293
1227
1266
1427
1491
1396
1444
1579
1626
1548
1598
1736
1749
1690
1702
1823
1844
1749
1766
1875
1887
1776
1779
1885
1884
1759
1776
1881
1888
1791
1795
1903
1898
1785
1786
1886
1890
1785
1786
1916
1915
1813
1811
1932
1920
1839
1860
1985
1984
1872
1878
1985
1960
1855
1865
1964
1980
1867
1864
1957
1959
1868
1863
1971
1963
1890
1893
2006
2034
1893
1870
1979
1982
1871
1867
1979
1965
1858
1860
1960
1917
1792
1772
1873
1863
1777
1789
1893
1893
1799
1821
1936
1957
1879
1897
2037
2038
1945
1948
2074
2035
1935
1941
2043
2017
1952
1944
2058
2050
1932
1944
2076
2026
1941
1938
2037
2053
1966
1950
2057
2045
1939
1950
2053
2062
1946
1971
2089
2065
1960
1978
2094
2067
1967
1941
2060
2031
1923
1922
1995
1959
1861
1868
1970
1938
1820
1817
1942
1909
1796
1806
1895
1907
1800
1822
1956
1983
1879
1896
1978
2023
1920
1929
2098
2044
1969
1997
2114
2068
1961
1919
1977
1953
1792
1789
1885
1859
1717
1704
1849
1826
1707
1735
1855
1868
1757
1762
1899
1852
1779
1795
1910
1941
1851
1872
2009
2010
1884
1866
1958
1902
1764
1728
1828
1828
1724
1717
1853
1843
1750
1752
1877
1882
1786
1782
1889
1858
1735
1733
1836
1828
1712
1713
1833
1812
1722
1718
1806
1812
1710
1715
1823
1822
1710
1733
1828
1813
1706
1719
1835
1877
1764
1774
1901
1868
1744
1747
1860
1844
1732
1720
1816
1802
1648
1637
1736
1705
1619
1638
1768
1769
1690
1693
1819
1812
1707
1707
1837
1827
1695
1709
1825
1807
1706
1717
1845
1858
1761
1749
1869
1856
1767
1760
1868
1827
1724
1710
1804
1799
1691
1698
1823
1829
1733
1762
1875
1859
1765
1754
1855
1829
1706
1703
1817
1768
1644
1631
1735
1716
1592
1562
1690
1607
1485
1463
1546
1524
1399
1409
1504
1468
1352
1369
1477
1481
1360
1366
1483
1483
1375
1391
1495
1543
1416
1431
1567
1568
1472
1471
1571
1561
1465
1471
1556
1549
1429
1426
1517
1517
1377
1357
1467
1445
1336
1336
1460
1440
1349
1340
1469
1461
1363
1375
1511
1492
1398
1408
1514
1489
1408
1402
1500
1494
1392
1379
1489
1486
1358
1360
1464
1473
1344
1337
1441
1458
1328
1319
1415
1405
1282
1263
1401
1378
1240
1229
1335
1322
1193
1209
1318
1297
1197
1196
1313
1284
1196
1217
1308
1336
1220
1208
1330
1313
1223
1221
1337
1309
1201
1190
1290
1273
1171
1168
1268
1240
1138
1137
1275
1226
1120
1106
1206
1202
1094
1100
1201
1208
1104
1097
1222
1209
1103
1109
1201
1194
1077
1070
1195
1177
1065
1056
1171
1148
1034
1038
1147
1144
1027
1019
1142
1130
1018
1008
1131
1131
1021
1031
1150
1138
1002
1019
1135
1130
1025
1036
1166
1162
1029
1042
1148
1137
1030
1034
1150
1122
1018
1019
1127
1090
989
979
1100
1056
946
954
1078
1044
929
931
1043
1011
926
923
1005
1049
902
905
1018
994
904
904
1021
999
907
909
1043
1010
905
910
1024
998
909
903
1014
1011
899
903
1010
1000
887
880
1042
984
867
873
982
966
866
871
981
958
849
858
986
972
875
886
992
984
879
891
999
1005
888
884
995
970
858
861
960
948
855
844
960
935
829
820
937
925
803
809
923
911
820
821
948
929
818
829
954
947
838
818
926
906
841
849
958
938
857
868
990
994
870
876
979
976
862
865
945
953
858
857
958
963
840
846
952
938
823
809
922
913
782
793
917
895
788
769
893
876
757
744
876
813
721
710
833
790
695
692
833
812
703
705
831
840
711
727
836
834
725
726
845
844
745
742
851
891
756
767
883
881
782
774
891
889
773
773
872
870
766
768
877
882
776
769
899
873
778
785
892
890
790
787
906
922
817
825
926
678
288
290
289
290
290
288
290
289
722
736
287
291
291
-9
-9

