;UFOS3
;Measurement details: channel = Z, date = 12.09.2015, time = 11:07:37
Exposure=326
Gain=0
Temperature=34.6
Accummulate=4
1.8400540509519678 mu
1.855066745656962 amas
32.641 hs
207 ozone
181273 uva
18536 uvb
11747 uve
[Value]
-9
290
289
290
290
289
291
289
313
307
383
379
305
308
386
388
317
315
384
408
308
323
419
400
319
316
432
426
326
325
431
404
328
325
407
400
321
320
411
413
319
321
401
404
319
323
430
426
332
332
418
416
317
325
434
426
316
318
421
432
318
331
413
438
324
321
429
403
319
321
398
429
321
334
411
415
314
321
408
411
325
328
438
414
315
322
414
422
322
325
416
424
317
321
417
406
322
319
407
430
326
321
407
419
320
331
432
417
320
324
430
405
323
327
414
425
325
319
407
413
313
320
423
422
318
329
412
402
314
328
423
432
316
325
410
427
312
321
414
413
322
314
427
430
320
327
416
435
319
327
440
429
319
320
422
414
316
323
426
425
320
326
415
412
327
331
422
431
321
323
414
440
321
326
407
431
319
325
422
419
317
326
439
417
325
327
398
405
324
322
415
429
318
327
418
424
326
320
408
422
320
323
408
411
319
322
408
422
317
326
408
410
326
325
423
422
320
319
413
420
320
326
409
430
316
327
417
413
324
327
424
410
325
325
404
419
333
323
427
405
318
319
399
424
319
325
421
416
320
319
421
409
326
323
405
421
324
329
452
413
320
322
426
409
320
316
433
410
315
322
411
405
312
327
414
417
325
313
423
416
322
329
429
418
324
323
434
410
325
317
421
414
316
323
417
409
316
324
420
415
310
317
420
417
322
322
430
424
329
325
417
421
319
322
431
402
334
326
425
411
325
326
426
434
316
318
434
428
327
323
406
418
322
318
421
412
321
319
414
410
315
327
413
431
321
331
415
436
319
330
424
418
326
322
399
408
327
324
408
407
320
327
412
404
318
328
400
415
322
313
430
422
324
327
412
412
322
328
427
423
319
322
411
406
323
325
423
427
321
326
440
411
320
321
415
429
330
330
433
426
324
318
418
431
327
329
431
413
315
333
423
418
326
333
421
429
329
321
415
423
317
326
412
427
322
318
393
420
319
324
419
417
315
320
407
431
316
325
419
417
325
320
428
416
320
321
419
434
319
329
424
447
322
323
414
415
324
332
424
423
323
322
413
410
319
319
429
403
323
319
404
416
324
328
419
412
329
328
411
417
322
318
410
434
313
329
422
425
318
335
426
419
317
331
411
411
327
317
407
423
326
325
424
416
321
324
400
432
315
333
431
437
324
325
419
426
326
324
426
426
320
325
427
431
324
329
419
429
331
324
429
423
325
331
421
415
327
333
427
418
337
325
415
418
329
330
425
440
322
328
416
413
331
331
418
413
324
329
442
420
341
335
430
451
326
334
414
435
334
333
437
431
328
337
427
419
334
331
434
438
333
334
435
444
336
336
434
431
335
340
418
436
331
342
419
444
329
337
432
439
329
343
426
415
343
339
434
440
330
340
451
440
343
344
445
447
352
353
447
438
353
364
470
456
358
354
452
471
370
371
475
443
353
360
451
451
360
366
466
485
362
379
468
467
364
369
448
465
375
373
490
472
371
379
476
468
374
373
476
486
370
385
490
476
375
390
496
496
396
404
496
488
394
409
496
505
404
419
521
522
423
429
534
515
424
433
540
550
435
435
524
505
430
428
520
520
430
432
506
528
432
428
547
535
430
439
530
539
440
448
565
531
456
456
531
561
457
469
572
576
472
477
581
581
490
493
584
590
503
522
626
628
524
542
659
618
537
551
633
646
561
551
660
656
561
563
665
665
564
570
669
662
566
576
666
683
582
592
687
687
597
586
692
690
596
597
682
692
599
596
732
692
593
603
688
686
588
586
677
668
572
580
691
679
583
585
669
668
578
594
706
699
589
602
697
687
592
597
694
697
597
600
712
715
605
609
725
719
630
642
759
762
663
679
768
777
706
725
844
842
754
777
879
869
783
792
893
907
799
790
904
902
796
807
894
889
792
788
876
867
784
769
870
881
766
758
878
845
757
762
856
851
744
752
858
859
761
769
886
880
770
780
873
911
787
804
937
924
823
820
933
943
835
845
946
928
834
834
965
938
837
848
954
942
836
849
942
931
844
843
945
949
870
869
985
972
888
903
1014
1024
926
942
1028
1037
934
918
1035
1002
891
903
1012
1002
896
897
984
989
904
910
1008
1038
929
943
1039
1055
975
983
1101
1147
1038
1060
1176
1170
1065
1072
1187
1168
1078
1059
1143
1153
1013
1010
1090
1094
989
968
1053
1037
941
937
1049
1034
938
939
1060
1053
970
972
1124
1114
1016
1046
1170
1202
1116
1146
1266
1286
1200
1225
1324
1372
1266
1298
1407
1438
1347
1375
1501
1507
1421
1446
1566
1547
1462
1478
1590
1617
1512
1539
1632
1639
1517
1554
1587
1569
1434
1415
1494
1468
1345
1329
1424
1415
1305
1311
1367
1394
1285
1282
1399
1401
1310
1322
1446
1477
1394
1430
1571
1610
1525
1560
1703
1709
1599
1619
1735
1712
1585
1602
1682
1679
1559
1562
1648
1628
1528
1516
1599
1613
1484
1478
1568
1583
1467
1481
1606
1603
1515
1540
1648
1698
1574
1592
1726
1712
1630
1643
1788
1780
1691
1729
1836
1841
1741
1758
1855
1888
1770
1776
1869
1872
1763
1739
1820
1804
1670
1649
1726
1698
1566
1556
1636
1591
1481
1484
1576
1546
1434
1432
1563
1553
1448
1459
1575
1592
1496
1497
1625
1621
1513
1524
1613
1625
1527
1521
1618
1631
1508
1494
1607
1564
1458
1441
1508
1513
1379
1356
1457
1435
1294
1303
1395
1390
1291
1291
1399
1396
1295
1305
1389
1401
1315
1329
1414
1440
1331
1342
1476
1483
1401
1410
1516
1575
1445
1455
1586
1554
1482
1488
1597
1614
1516
1532
1639
1661
1549
1575
1680
1720
1606
1629
1714
1721
1631
1627
1723
1712
1604
1603
1700
1678
1575
1561
1664
1680
1552
1561
1636
1657
1551
1555
1659
1657
1565
1598
1718
1730
1669
1693
1810
1828
1770
1809
1934
1969
1896
1938
2047
2084
1992
2017
2145
2163
2087
2087
2200
2209
2084
2074
2202
2176
2108
2096
2215
2230
2135
2141
2245
2264
2166
2186
2288
2310
2194
2201
2301
2306
2213
2203
2327
2349
2227
2246
2367
2357
2255
2235
2320
2336
2222
2239
2327
2290
2204
2208
2286
2320
2189
2208
2303
2321
2188
2185
2284
2282
2191
2183
2273
2303
2206
2210
2316
2294
2197
2209
2310
2300
2212
2237
2346
2376
2306
2328
2457
2488
2406
2430
2545
2546
2496
2537
2650
2661
2645
2680
2740
2765
2775
2800
2815
2837
2844
2864
2866
2885
2885
2905
2903
2921
2914
2935
2928
2947
2942
2960
2951
2970
2960
2978
2970
2983
2978
2986
2978
2957
2951
2819
2838
2702
2649
2584
2637
2613
2540
2543
2605
2628
2539
2546
2627
2617
2535
2538
2607
2613
2554
2559
2647
2620
2566
2562
2646
2637
2582
2582
2654
2653
2591
2600
2661
2680
2614
2613
2644
2649
2587
2571
2641
2648
2570
2571
2632
2645
2554
2539
2594
2584
2509
2496
2574
2575
2459
2461
2544
2541
2474
2464
2560
2558
2463
2456
2529
2531
2406
2392
2480
2428
2322
2308
2376
2362
2252
2235
2332
2323
2192
2169
2216
2242
2127
2098
2191
2158
2057
2064
2167
2183
2111
2138
2255
2286
2206
2235
2338
2363
2261
2285
2376
2377
2277
2243
2340
2315
2213
2216
2323
2311
2214
2214
2312
2306
2191
2196
2249
2295
2201
2208
2312
2335
2240
2253
2363
2382
2262
2269
2326
2303
2169
2124
2175
2098
1980
1937
2010
1968
1864
1849
1933
1913
1802
1810
1891
1897
1798
1802
1913
1935
1845
1870
1974
1990
1892
1906
1996
2007
1888
1879
1978
1939
1800
1785
1882
1840
1736
1736
1847
1866
1787
1812
1956
1984
1909
1947
2059
2099
2004
2035
2116
2127
2010
2036
2121
2148
2024
2030
2121
2122
2006
2013
2115
2117
1998
2029
2145
2172
2051
2085
2231
2222
2167
2199
2354
2363
2282
2294
2389
2396
2296
2299
2371
2364
2255
2250
2318
2338
2226
2213
2321
2298
2223
2251
2368
2365
2282
2290
2388
2430
2364
2409
2526
2564
2521
2562
2643
2666
2627
2647
2702
2715
2682
2694
2719
2728
2689
2677
2711
2695
2648
2613
2660
2635
2557
2543
2603
2617
2516
2540
2611
2620
2554
2536
2609
2593
2515
2493
2556
2541
2459
2468
2576
2578
2484
2486
2575
2598
2516
2541
2624
2628
2590
2620
2692
2705
2689
2707
2746
2762
2764
2776
2788
2799
2796
2802
2806
2808
2811
2799
2807
2798
2783
2774
2776
2777
2767
2780
2787
2804
2810
2826
2830
2843
2844
2857
2854
2862
2860
2861
2859
2862
2861
2861
2865
2861
2855
2837
2831
2794
2743
2673
2658
2598
2470
2427
2474
2446
2298
2244
2278
2244
2090
2069
2149
2117
2002
1976
2066
2055
1959
1981
2091
2121
2066
2112
2258
2305
2258
2276
2427
2463
2375
2398
2508
2531
2443
2466
2580
2584
2514
2518
2604
2587
2531
2515
2584
2563
2457
2426
2479
2456
2360
2320
2402
2392
2268
2243
2336
2302
2211
2206
2282
2289
2294
2183
2264
2265
2152
2187
2291
2303
2214
2231
2349
2347
2279
2309
2419
2437
2325
2333
2419
2393
2274
2260
2332
2325
2199
2182
2251
2231
2089
2056
2150
2124
1995
1980
2074
2048
1954
1944
2069
2042
1956
1974
2085
2091
1987
2008
2100
2133
2015
2038
2149
2159
2039
2063
2164
2178
2063
2084
2190
2170
2046
2033
2127
2106
1987
1983
2086
2055
1955
1952
2050
2042
1934
1934
2044
2025
1902
1877
1966
1954
1832
1824
1930
1938
1861
1878
1997
2022
1936
1960
2089
2104
2033
2058
2178
2193
2116
2153
2269
2297
2222
2242
2369
2381
2276
2301
2420
2389
2301
2309
2397
2380
2268
2263
2352
2345
2245
2232
2296
2272
2157
2140
2215
2219
2094
2085
2173
2162
2063
2058
2161
2187
2070
2094
2230
2230
2134
2166
2274
2281
2184
2191
2282
2311
2216
2239
2341
2304
2212
2168
2251
2224
2057
2026
2104
2056
1937
1940
2042
2016
1925
1949
2066
2094
2000
2021
2188
2175
2082
2111
2228
2253
2164
2205
2318
2362
2297
2304
2413
2420
2336
2346
2445
2449
2382
2400
2505
2530
2462
2494
2581
2596
2532
2548
2629
2645
2588
2594
2642
2652
2605
2623
2675
2698
2662
2674
2697
2704
2678
2680
2708
2714
2698
2712
2731
2754
2746
2764
2773
2784
2784
2775
2783
2767
2757
2733
2746
2732
2703
2686
2715
2717
2671
2668
2685
2677
2626
2609
2650
2641
2558
2546
2603
2579
2514
2496
2580
2560
2485
2471
2508
2511
2395
2378
2459
2464
2356
2358
2467
2448
2376
2344
2442
2401
2272
2239
2305
2267
2129
2115
2185
2201
2107
2110
2243
2247
2171
2198
2301
2327
2233
2237
2361
2390
2305
2313
2435
2449
2345
2332
2399
2356
2221
2186
2264
2238
2103
2074
2154
2126
1966
1923
1981
1978
1805
1777
1866
1835
1729
1728
1861
1855
1778
1798
1921
1961
1889
1936
2061
2065
2012
2042
2197
2213
2176
2207
2349
2378
2346
2383
2523
2538
2478
2508
2605
2599
2569
2580
2645
2647
2615
2612
2675
2674
2636
2620
2657
2639
2574
2544
2584
2552
2435
2412
2499
2426
2307
2286
2339
2287
2156
2091
2146
2094
1975
1952
2050
2028
1928
1923
2040
2037
1905
1912
2029
2026
1938
1949
2061
2084
1979
1991
2079
2082
1972
1962
2015
2037
1917
1882
1996
1980
1836
1833
1953
1963
1823
1839
1937
1945
1831
1837
1959
1976
1904
1956
2096
2137
2080
2107
2274
2283
2207
2220
2313
2305
2186
2167
2265
2219
2085
2077
2146
2129
1998
1974
2052
2012
1886
1859
1959
1937
1821
1814
1908
1931
1831
1866
1997
2031
1954
1998
2125
2126
2047
2071
2169
2202
2095
2086
2179
2189
2071
2073
2175
2176
2031
2009
2105
2056
1942
1913
1993
1995
1850
1862
1958
1942
1857
1874
1974
1993
1916
1935
2076
2093
2003
2024
2150
2177
2088
2137
2270
2295
2215
2240
2381
2377
2306
2334
2452
2463
2377
2386
2470
2497
2391
2390
2506
2502
2417
2420
2503
2504
2410
2404
2492
2496
2404
2394
2453
2476
2355
2354
2429
2393
2333
2334
2432
2441
2342
2364
2460
2482
2383
2393
2492
2525
2426
2437
2553
2534
2525
2472
2568
2556
2481
2474
2525
2543
2416
2412
2487
2468
2362
2368
2457
2458
2356
2357
2435
2447
2348
2355
2463
2455
2347
2354
2465
2437
2342
2345
2446
2450
2352
2349
2474
2473
2402
2433
2541
2559
2479
2517
2601
2623
2581
2626
2691
2712
2715
2743
2758
2784
2786
2808
2810
2827
2831
2848
2845
2866
2861
2879
2876
2891
2887
2902
2902
2911
2912
2925
2922
2932
2931
2942
2939
2949
2948
2948
2949
2913
2862
2686
2665
2574
2507
2493
2567
2566
2532
2559
2665
2685
2694
2733
2754
2785
2796
2823
2828
2855
2855
2880
2876
2900
2896
2916
2910
2935
2925
2945
2935
2959
2952
2968
2962
2979
2971
2965
2954
2685
2606
2437
2522
2516
2426
2438
2517
2531
2504
2536
2634
2679
2658
2697
2731
2749
2761
2771
2785
2788
2782
2755
2745
2674
2553
2452
2480
2428
2275
2235
2291
2213
2082
2027
2105
2069
1972
1979
2101
2097
2026
2071
2217
2246
2189
2224
2371
2372
2323
2335
2460
2431
2350
2334
2413
2405
2278
2238
2317
2258
2069
2018
2098
2025
1897
1874
1973
1967
1883
1904
2044
2051
1986
2043
2175
2246
2195
2248
2394
2417
2349
2407
2495
2508
2425
2444
2535
2518
2425
2419
2476
2478
2356
2329
2440
2393
2248
2218
2283
2245
2144
2149
2247
2235
2144
2165
2277
2273
2174
2185
2278
2303
2169
2162
2257
2236
2143
2152
2281
2298
2197
2222
2342
2347
2257
2263
2388
2407
2324
2342
2445
2476
2395
2398
2499
2504
2431
2471
2552
2577
2500
2510
2571
2574
2519
2538
2611
2620
2576
2581
2654
2648
2602
2583
2631
2615
2539
2517
2591
2519
2433
2379
2455
2407
2286
2263
2334
2321
2191
2170
2272
2226
2099
2074
2144
2152
2034
2035
2161
2120
2007
1988
2068
2052
1929
1926
2010
1975
1877
1876
1978
1955
1872
1881
2017
2024
1941
1977
2119
2143
2105
2072
2219
2213
2147
2167
2294
2305
2219
2232
2349
2336
2245
2267
2380
2373
2293
2289
2397
2366
2258
2251
2329
2332
2203
2184
2274
2224
2114
2098
2168
2141
2031
2003
2099
2067
1927
1897
1963
1893
1787
1752
1852
1826
1744
1749
1857
1836
1735
1736
1823
1807
1677
1653
1730
1703
1579
1541
1662
1612
1521
1532
1627
1619
1506
1511
1600
1565
1443
1430
1520
1514
1402
1412
1509
1521
1429
1419
1517
1534
1435
1439
1537
1493
1416
1417
1528
1485
1391
1394
1512
1512
1420
1456
1611
1591
1553
1576
1712
1730
1664
1701
1846
1870
1793
1846
1998
2033
1983
2023
2155
2173
2093
2107
2228
2211
2122
2137
2248
2252
2145
2137
2253
2247
2138
2137
2223
2212
2094
2082
2170
2159
2052
2045
2152
2121
1989
1972
2047
1999
1875
1862
1959
1954
1856
1874
1997
1998
1922
1961
2081
2092
2022
2041
2159
2181
2107
2134
2259
2299
2238
2254
2366
2376
2249
2215
2274
2192
2041
1972
2038
1990
1844
1857
1935
1940
1836
1858
2007
2008
1931
1940
2075
2080
1989
2010
2179
2202
2105
2148
2256
2266
2166
2175
2247
2218
2124
2100
2202
2199
2083
2054
2156
2138
2028
2039
2157
2149
2055
2030
2132
2105
1995
1987
2086
2130
2040
2076
2191
2226
2123
2124
2249
2261
2187
2217
2372
2358
2299
2340
2463
2482
2429
2460
2573
2559
2513
2496
2575
2558
2499
2489
2588
2568
2491
2478
2556
2543
2472
2464
2547
2498
2399
2368
2427
2446
2340
2332
2433
2394
2334
2341
2450
2418
2332
2341
2459
2473
2402
2437
2565
2554
2498
2522
2596
2614
2578
2583
2624
2644
2587
2573
2647
2626
2548
2529
2606
2561
2474
2428
2474
2453
2332
2297
2350
2304
2218
2186
2268
2228
2117
2102
2179
2147
2019
1999
2089
2027
1921
1876
1956
1917
1786
1744
1827
1784
1615
1556
1602
1569
1378
1324
1374
1305
1152
1098
1173
1110
994
978
1061
1072
943
952
1050
1070
979
1015
1176
1168
1105
1147
1287
1307
1241
1268
1457
1415
1340
1351
1457
1480
1421
1438
1614
1640
1548
1579
1719
1734
1657
1683
1819
1841
1769
1776
1882
1853
1713
1680
1736
1704
1552
1543
1632
1596
1499
1522
1622
1694
1608
1656
1798
1837
1767
1786
1921
1948
1835
1854
1940
1923
1795
1756
1835
1803
1635
1600
1689
1662
1517
1502
1579
1538
1405
1367
1445
1375
1221
1172
1214
1184
1024
997
1100
1086
944
939
1035
1024
916
915
1034
1022
936
953
1111
1123
1053
1096
1262
1287
1222
1266
1418
1486
1396
1437
1577
1626
1547
1594
1729
1746
1683
1706
1822
1831
1748
1755
1870
1884
1781
1775
1882
1876
1755
1763
1876
1889
1783
1793
1899
1894
1771
1785
1882
1879
1783
1790
1898
1914
1814
1806
1928
1921
1830
1857
1979
1976
1866
1880
1981
1952
1845
1861
1950
1973
1858
1859
1959
1957
1864
1864
1959
1963
1879
1885
1991
2023
1881
1876
1972
1983
1858
1857
1971
1965
1849
1856
1952
1912
1785
1769
1870
1860
1776
1781
1887
1883
1797
1827
1935
1955
1874
1888
2028
2025
1946
1946
2071
2036
1937
1933
2042
2008
1937
1941
2054
2043
1924
1945
2074
2009
1935
1926
2033
2047
1958
1946
2051
2029
1932
1938
2048
2052
1945
1963
2073
2053
1960
1969
2089
2066
1963
1932
2068
2027
1915
1912
1990
1953
1859
1865
1969
1936
1821
1813
1935
1898
1794
1798
1891
1906
1804
1821
1951
1975
1866
1882
1974
2023
1907
1917
2093
2035
1965
1987
2103
2064
1955
1914
1980
1943
1793
1777
1887
1848
1715
1697
1837
1822
1698
1726
1846
1869
1760
1748
1890
1845
1776
1792
1905
1934
1848
1865
2007
2002
1882
1857
1957
1901
1754
1730
1836
1825
1717
1710
1847
1845
1737
1742
1871
1875
1778
1782
1886
1851
1729
1718
1842
1827
1705
1708
1828
1806
1723
1712
1795
1805
1702
1700
1815
1813
1704
1729
1818
1811
1705
1716
1827
1875
1764
1764
1893
1859
1744
1739
1848
1845
1730
1711
1801
1791
1647
1635
1735
1706
1616
1630
1757
1768
1684
1692
1813
1803
1707
1707
1830
1817
1697
1706
1816
1809
1700
1712
1838
1841
1750
1745
1867
1848
1765
1757
1863
1819
1720
1706
1801
1790
1687
1694
1812
1829
1729
1758
1858
1849
1764
1745
1851
1827
1698
1702
1809
1758
1639
1634
1723
1704
1585
1556
1682
1599
1478
1459
1537
1511
1402
1403
1503
1458
1356
1373
1473
1473
1354
1365
1475
1476
1380
1384
1484
1533
1418
1433
1566
1557
1481
1472
1571
1567
1453
1468
1551
1544
1424
1424
1509
1514
1376
1356
1462
1447
1338
1338
1448
1433
1337
1337
1467
1449
1354
1374
1500
1489
1387
1399
1504
1489
1402
1402
1503
1495
1383
1374
1481
1481
1357
1362
1461
1468
1344
1331
1435
1452
1324
1313
1416
1395
1284
1258
1393
1370
1242
1227
1324
1314
1193
1205
1313
1291
1184
1190
1312
1280
1196
1205
1311
1334
1211
1207
1318
1320
1223
1222
1333
1305
1199
1183
1286
1273
1173
1163
1266
1237
1134
1125
1271
1219
1115
1110
1201
1196
1088
1097
1199
1205
1100
1094
1219
1209
1105
1101
1202
1189
1068
1069
1190
1173
1059
1051
1168
1153
1033
1031
1141
1140
1028
1017
1134
1128
1011
1009
1123
1125
1016
1031
1152
1132
998
1017
1130
1129
1021
1031
1165
1157
1029
1033
1143
1138
1027
1031
1146
1112
1016
1010
1115
1083
985
977
1094
1055
944
951
1076
1044
928
926
1039
1011
917
919
1002
1046
897
903
1015
992
905
897
1014
1002
902
910
1037
1007
897
907
1017
997
908
902
1007
1010
898
901
1007
999
878
874
1040
986
864
867
978
963
869
869
979
955
846
861
981
970
870
883
986
979
879
889
991
1007
887
883
989
966
858
855
950
948
857
846
955
933
824
819
940
917
797
803
922
913
817
819
943
928
818
828
956
941
830
813
924
899
834
849
956
936
857
863
989
990
866
877
978
973
856
868
940
951
856
856
953
959
834
838
948
932
821
810
915
913
786
793
919
893
782
768
891
871
748
745
874
810
718
711
831
785
692
690
832
808
703
701
826
837
709
720
830
830
718
724
844
841
743
742
846
888
756
763
882
883
778
781
887
889
771
764
867
870
758
763
876
876
772
771
901
875
775
781
888
888
781
782
905
916
816
823
926
675
288
289
290
289
288
288
289
289
723
733
288
291
289
-9
-9

