;UFOS3
;Measurement details: channel = S, date = 12.09.2015, time = 11:23:19
Exposure=202
Gain=0
Temperature=34.8
Accummulate=4
1.881005487296077 mu
1.8974657508180013 amas
31.828 hs
203 ozone
147173 uva
14077 uvb
10468 uve
[Value]
-5
294
294
295
295
294
295
294
307
303
351
347
302
305
358
356
311
310
354
367
305
320
382
368
317
317
392
386
326
323
389
370
325
321
375
368
320
318
376
379
319
321
367
374
318
323
390
388
328
325
381
378
318
324
392
385
316
319
387
393
320
326
380
397
324
321
389
371
321
321
367
390
320
327
375
377
317
322
375
375
321
321
396
379
318
320
378
384
321
322
380
389
317
320
382
375
323
318
376
389
326
320
375
385
320
328
393
380
320
323
388
374
321
324
377
389
323
319
372
379
314
319
384
385
318
325
376
369
316
326
389
391
316
320
377
389
316
320
379
379
323
317
389
392
320
323
382
394
320
324
395
389
320
318
384
380
317
322
388
386
320
320
381
379
328
326
384
390
321
320
379
401
319
324
375
387
320
322
383
381
319
324
402
381
323
323
369
375
321
322
381
392
320
324
382
383
323
319
373
386
321
321
376
375
318
320
376
386
320
324
375
376
323
321
386
384
320
319
380
385
320
321
376
391
317
322
380
378
322
323
387
375
323
323
374
383
328
323
391
373
320
318
371
384
317
323
384
380
320
316
382
378
323
321
372
381
319
325
416
378
320
320
389
373
319
317
394
376
317
320
378
374
316
325
382
381
324
314
386
381
323
324
388
383
323
318
394
378
325
316
383
378
317
321
380
377
316
321
386
383
314
317
385
380
324
322
389
384
326
322
379
384
317
320
391
369
328
323
384
375
321
323
389
391
316
318
392
390
324
321
373
382
321
317
385
376
321
319
381
372
317
325
378
389
320
326
378
393
320
327
388
382
322
322
369
377
324
323
377
375
320
325
380
372
319
321
366
377
321
316
387
386
320
323
376
378
322
323
388
384
318
323
377
375
322
322
384
386
322
321
395
374
318
316
378
390
325
325
393
384
322
319
384
393
323
325
391
378
316
326
384
379
324
329
386
390
325
319
379
385
320
323
377
387
321
316
366
383
317
321
381
381
316
319
376
388
318
323
381
380
323
319
392
378
319
319
383
391
320
324
387
404
319
322
378
378
321
325
383
384
320
320
378
376
318
319
390
372
320
318
370
381
322
322
382
377
326
325
377
381
322
319
376
390
315
322
381
387
319
331
385
379
316
327
375
374
323
317
373
382
323
322
385
379
319
321
369
389
316
325
388
393
320
323
381
385
323
320
384
385
321
322
384
392
322
323
381
385
324
321
385
382
323
327
382
376
321
323
385
379
328
323
378
377
324
325
385
394
320
323
375
376
325
322
380
376
320
322
393
381
329
324
389
402
321
327
377
388
325
323
390
388
323
326
385
375
326
323
389
391
322
323
391
393
324
324
387
383
324
328
374
386
321
329
380
391
320
324
385
387
322
329
381
374
330
328
386
390
321
325
394
389
330
328
391
389
330
328
388
381
329
334
399
389
330
325
385
398
335
331
395
377
321
325
382
382
324
326
390
405
329
336
392
394
325
331
378
392
335
336
407
397
332
338
399
393
335
331
395
400
330
339
404
392
332
336
408
404
338
340
398
393
331
338
391
397
330
338
402
401
339
342
407
396
337
341
409
419
344
344
401
389
345
346
405
404
351
350
399
411
352
349
425
416
351
355
413
418
356
358
430
408
362
361
406
422
358
361
423
425
357
357
420
413
356
359
411
408
354
365
428
427
360
367
437
412
361
363
416
425
371
364
425
427
368
369
432
433
370
379
441
435
377
382
444
452
391
395
452
460
401
395
460
459
405
405
459
461
404
405
491
462
409
416
470
469
415
414
472
469
413
419
491
477
421
421
472
470
417
420
495
491
421
427
484
479
421
427
485
487
426
426
491
493
416
414
483
470
414
417
486
480
420
420
469
464
416
418
489
477
423
429
487
475
425
428
485
493
426
426
496
496
427
437
497
494
443
442
502
500
456
452
516
535
472
474
551
540
493
499
565
558
497
502
564
568
508
507
583
571
504
508
558
579
502
506
580
565
500
497
563
566
497
499
563
547
489
490
572
548
490
499
563
561
497
506
562
562
506
506
567
567
518
515
589
573
523
527
588
588
526
536
588
595
531
527
604
584
516
529
596
587
533
529
585
583
526
535
593
607
538
553
603
612
563
563
622
652
578
581
652
640
578
579
647
635
582
574
627
637
566
569
627
633
579
573
636
629
584
588
663
655
600
602
682
676
628
630
712
704
634
639
703
704
638
645
705
698
631
618
665
675
592
601
649
654
586
590
648
639
583
588
660
648
594
602
671
686
629
645
712
733
669
703
750
763
697
715
776
795
732
743
818
826
767
779
832
859
797
813
883
889
823
828
904
905
845
848
920
923
849
841
909
891
815
808
881
857
775
779
829
827
755
760
813
810
758
750
814
832
757
769
836
854
797
820
903
911
862
880
946
975
897
900
970
955
896
888
963
948
872
882
944
929
863
862
913
922
838
842
898
900
838
842
899
914
851
860
931
937
884
891
964
956
912
928
1000
1004
949
960
1044
1040
971
981
1055
1061
992
991
1065
1063
981
980
1032
1035
958
945
1002
1001
914
898
964
938
867
862
912
927
849
845
918
918
852
865
926
932
876
875
946
956
884
893
946
953
895
899
946
942
878
874
951
933
866
850
902
934
822
817
885
851
793
783
840
848
783
786
851
855
784
791
849
871
792
806
858
869
815
829
894
894
844
852
926
926
875
871
946
964
883
892
946
963
902
916
988
994
933
940
1013
1011
964
972
1025
1030
971
972
1035
1031
962
969
1021
1027
949
942
1006
996
938
927
998
1009
931
923
1006
986
938
948
1029
1041
986
998
1072
1095
1040
1069
1143
1173
1117
1143
1226
1240
1194
1190
1280
1292
1231
1244
1319
1326
1252
1263
1319
1333
1264
1279
1359
1337
1284
1302
1348
1374
1292
1309
1373
1400
1313
1309
1383
1375
1316
1316
1385
1406
1336
1336
1415
1397
1337
1338
1406
1389
1323
1325
1386
1389
1314
1315
1402
1397
1320
1330
1395
1381
1313
1309
1383
1367
1316
1316
1383
1386
1329
1331
1399
1392
1326
1329
1397
1412
1337
1356
1428
1445
1384
1404
1480
1495
1457
1462
1542
1574
1513
1540
1624
1640
1602
1626
1718
1734
1682
1700
1799
1798
1739
1744
1819
1829
1757
1789
1858
1878
1813
1819
1894
1869
1794
1798
1852
1848
1773
1766
1827
1795
1722
1697
1756
1735
1656
1639
1695
1677
1597
1587
1634
1632
1569
1569
1613
1625
1575
1574
1637
1645
1561
1580
1646
1663
1584
1588
1654
1649
1588
1595
1675
1668
1598
1614
1680
1671
1629
1625
1692
1686
1616
1625
1675
1692
1611
1615
1694
1669
1605
1610
1671
1662
1592
1585
1653
1644
1559
1548
1593
1595
1525
1511
1580
1569
1511
1525
1578
1587
1524
1531
1590
1582
1503
1508
1554
1544
1460
1463
1517
1513
1449
1425
1498
1485
1407
1408
1477
1462
1385
1381
1455
1439
1368
1376
1422
1455
1397
1415
1492
1513
1453
1463
1527
1548
1478
1481
1538
1541
1471
1469
1530
1509
1449
1451
1517
1506
1455
1450
1510
1510
1435
1447
1503
1508
1448
1454
1525
1543
1481
1496
1561
1561
1503
1495
1540
1522
1434
1407
1467
1422
1318
1303
1354
1323
1243
1241
1287
1289
1214
1219
1278
1276
1212
1221
1282
1303
1240
1262
1327
1341
1268
1277
1332
1348
1256
1241
1295
1295
1200
1197
1259
1249
1163
1176
1253
1275
1201
1233
1328
1331
1295
1320
1418
1420
1364
1373
1445
1449
1385
1402
1460
1471
1415
1426
1475
1498
1421
1411
1472
1467
1406
1419
1501
1496
1441
1460
1523
1546
1494
1527
1608
1616
1573
1586
1641
1650
1569
1578
1640
1637
1558
1561
1623
1611
1529
1537
1624
1612
1549
1561
1643
1637
1578
1598
1679
1715
1647
1678
1775
1805
1759
1782
1863
1887
1835
1856
1923
1921
1859
1867
1949
1951
1869
1860
1926
1927
1842
1824
1876
1855
1789
1789
1859
1854
1780
1783
1870
1864
1791
1791
1843
1828
1767
1747
1815
1810
1743
1755
1813
1821
1753
1761
1829
1849
1791
1804
1887
1903
1852
1866
1935
1966
1925
1939
2009
2009
1975
1983
2063
2075
1997
1999
2067
2063
1993
1985
2046
2038
1966
1980
2036
2046
1990
1999
2085
2104
2041
2047
2108
2112
2037
2045
2113
2105
2042
2048
2111
2095
2038
2038
2086
2077
1994
1986
2019
2000
1902
1863
1917
1890
1788
1761
1813
1782
1670
1645
1682
1647
1548
1516
1576
1547
1484
1474
1537
1534
1462
1473
1546
1579
1553
1587
1680
1723
1695
1715
1808
1817
1783
1799
1868
1886
1923
1857
1936
1947
1879
1898
1964
1965
1891
1893
1938
1918
1841
1828
1878
1859
1760
1741
1804
1779
1699
1686
1725
1715
1642
1633
1682
1682
1610
1599
1678
1674
1607
1624
1700
1701
1656
1678
1779
1761
1728
1746
1828
1831
1768
1770
1821
1823
1741
1742
1794
1782
1693
1688
1727
1716
1612
1608
1663
1638
1542
1537
1593
1576
1503
1498
1575
1562
1505
1519
1587
1591
1525
1537
1613
1614
1550
1560
1630
1642
1576
1582
1653
1659
1594
1589
1651
1646
1580
1567
1629
1609
1536
1537
1598
1582
1502
1511
1567
1570
1496
1500
1555
1558
1470
1456
1514
1489
1414
1421
1494
1501
1442
1468
1540
1571
1517
1542
1617
1638
1584
1603
1689
1716
1662
1693
1773
1795
1745
1753
1836
1865
1794
1798
1884
1871
1802
1815
1874
1864
1803
1786
1833
1835
1757
1748
1811
1768
1704
1679
1732
1721
1633
1628
1697
1672
1599
1619
1688
1671
1619
1642
1722
1739
1673
1688
1797
1782
1726
1719
1790
1798
1718
1724
1772
1779
1699
1682
1719
1694
1614
1580
1634
1610
1535
1531
1593
1591
1540
1559
1638
1658
1606
1619
1720
1736
1681
1698
1783
1818
1770
1799
1897
1941
1885
1904
1980
1988
1938
1949
2016
2032
1976
2001
2051
2079
2022
2034
2126
2138
2064
2071
2144
2140
2091
2098
2183
2183
2124
2132
2197
2223
2162
2169
2237
2232
2184
2188
2244
2248
2168
2155
2224
2203
2126
2109
2160
2140
2065
2069
2107
2120
2042
2055
2128
2131
2067
2075
2158
2154
2112
2122
2192
2188
2129
2137
2203
2205
2136
2150
2210
2243
2196
2214
2299
2304
2246
2239
2285
2268
2180
2157
2210
2198
2122
2101
2159
2139
2052
2018
2045
2013
1918
1884
1911
1887
1792
1781
1842
1846
1779
1784
1865
1908
1837
1840
1932
1940
1884
1896
2000
2004
1958
1968
2039
2029
1959
1948
1986
1952
1861
1828
1881
1847
1765
1735
1772
1730
1654
1622
1656
1622
1514
1502
1549
1528
1461
1476
1543
1556
1507
1529
1638
1660
1619
1655
1744
1762
1729
1764
1864
1891
1870
1911
2033
2039
2013
2050
2144
2173
2129
2145
2235
2240
2193
2194
2276
2267
2218
2219
2306
2306
2232
2221
2290
2271
2207
2184
2225
2199
2099
2065
2096
2058
1971
1937
1951
1948
1848
1795
1850
1827
1706
1701
1759
1755
1659
1667
1729
1733
1661
1673
1740
1743
1690
1694
1777
1789
1734
1728
1822
1801
1735
1732
1783
1775
1683
1676
1753
1710
1625
1635
1690
1699
1621
1631
1693
1682
1620
1636
1716
1727
1686
1724
1829
1871
1833
1877
1967
1991
1939
1947
2029
2002
1918
1907
1959
1951
1858
1839
1870
1858
1765
1748
1796
1779
1672
1662
1717
1684
1614
1618
1681
1701
1635
1667
1759
1779
1745
1780
1847
1876
1826
1838
1921
1925
1851
1853
1904
1904
1823
1827
1902
1862
1792
1772
1827
1796
1712
1698
1751
1730
1655
1653
1709
1718
1649
1664
1745
1759
1715
1737
1828
1837
1799
1820
1912
1937
1904
1926
2008
2049
2005
2035
2114
2116
2092
2114
2186
2194
2136
2147
2229
2233
2166
2159
2226
2245
2181
2178
2256
2239
2229
2189
2256
2247
2177
2171
2211
2236
2140
2132
2192
2188
2112
2130
2204
2211
2153
2161
2230
2237
2181
2196
2272
2278
2215
2221
2315
2290
2234
2238
2301
2296
2210
2202
2253
2219
2143
2138
2208
2187
2115
2122
2179
2184
2120
2135
2212
2206
2151
2169
2227
2239
2181
2171
2225
2239
2183
2185
2255
2251
2218
2229
2320
2335
2296
2309
2395
2401
2359
2385
2465
2462
2441
2473
2549
2579
2536
2561
2624
2648
2622
2638
2683
2682
2678
2686
2710
2716
2718
2724
2750
2753
2763
2765
2779
2778
2775
2767
2764
2743
2715
2665
2663
2619
2556
2507
2522
2503
2400
2363
2399
2373
2313
2326
2409
2405
2372
2404
2495
2540
2544
2602
2669
2707
2715
2753
2766
2799
2806
2830
2835
2858
2859
2881
2879
2898
2895
2913
2907
2910
2894
2750
2685
2513
2411
2349
2397
2377
2303
2296
2363
2335
2290
2293
2374
2387
2373
2418
2515
2537
2512
2558
2624
2643
2625
2632
2655
2630
2573
2521
2526
2447
2346
2277
2284
2240
2131
2082
2113
2085
1953
1914
1978
1945
1887
1888
1966
1980
1948
1984
2085
2111
2073
2120
2205
2255
2200
2213
2291
2281
2216
2223
2256
2230
2145
2111
2131
2075
1952
1912
1916
1890
1790
1767
1855
1844
1779
1794
1879
1898
1885
1937
2041
2094
2085
2140
2262
2280
2256
2282
2358
2397
2327
2332
2393
2371
2306
2290
2347
2327
2243
2225
2251
2233
2133
2106
2148
2120
2037
2027
2080
2094
2030
2043
2109
2105
2058
2060
2115
2122
2035
2045
2098
2092
2038
2060
2135
2148
2096
2110
2203
2201
2150
2179
2258
2274
2237
2258
2359
2328
2288
2304
2396
2394
2352
2370
2450
2455
2405
2419
2501
2500
2446
2459
2500
2535
2475
2498
2562
2545
2494
2475
2510
2487
2423
2413
2428
2394
2315
2285
2317
2278
2196
2167
2223
2199
2105
2082
2122
2104
2036
1984
2038
2014
1950
1941
2010
1990
1912
1902
1948
1909
1839
1824
1895
1859
1790
1785
1855
1846
1786
1803
1889
1916
1863
1907
1997
2001
1978
2011
2081
2093
2062
2080
2165
2185
2145
2149
2226
2223
2183
2182
2255
2248
2194
2197
2264
2234
2168
2163
2202
2186
2100
2080
2118
2099
2012
1986
2055
2006
1933
1924
1956
1929
1824
1791
1839
1789
1699
1676
1729
1728
1662
1669
1721
1719
1661
1652
1688
1680
1597
1573
1617
1566
1494
1483
1540
1516
1449
1460
1530
1517
1439
1434
1497
1447
1383
1367
1427
1408
1341
1352
1423
1421
1355
1363
1442
1432
1372
1378
1442
1424
1363
1353
1414
1391
1337
1337
1414
1434
1376
1404
1515
1537
1494
1521
1616
1648
1612
1644
1739
1770
1750
1794
1906
1942
1918
1956
2059
2065
2024
2039
2115
2115
2054
2070
2128
2116
2066
2074
2133
2114
2068
2055
2113
2099
2023
2016
2057
2058
1988
1976
2026
2023
1925
1887
1918
1855
1744
1717
1762
1751
1673
1682
1762
1763
1716
1743
1859
1871
1837
1857
1970
1998
1959
2019
2132
2168
2125
2158
2226
2226
2144
2135
2166
2124
2038
1992
2045
2030
1940
1944
2015
2014
1966
1985
2059
2063
2019
2012
2082
2079
2007
2015
2079
2119
2057
2081
2153
2167
2093
2080
2134
2105
2031
2017
2091
2062
1990
1988
2035
2021
1953
1956
2042
2024
1960
1940
2007
1981
1907
1912
2005
2009
1957
1987
2083
2085
2046
2045
2153
2154
2119
2156
2245
2288
2247
2277
2371
2376
2358
2376
2466
2472
2425
2421
2478
2479
2421
2421
2510
2480
2424
2416
2451
2446
2383
2377
2399
2396
2306
2273
2349
2312
2232
2236
2327
2312
2257
2269
2336
2348
2281
2293
2366
2374
2356
2378
2455
2456
2435
2457
2528
2550
2517
2532
2578
2559
2530
2511
2555
2547
2490
2479
2516
2499
2411
2376
2395
2365
2260
2241
2275
2244
2165
2129
2177
2146
2075
2049
2098
2093
1979
1963
2000
1968
1870
1846
1892
1835
1741
1703
1704
1648
1518
1453
1500
1388
1263
1192
1194
1141
1040
1000
1050
1012
918
903
965
953
899
907
987
1002
949
978
1064
1074
1020
1030
1103
1113
1060
1079
1165
1160
1128
1160
1247
1316
1290
1340
1466
1523
1499
1543
1650
1679
1641
1666
1762
1783
1734
1738
1825
1832
1763
1775
1865
1891
1831
1847
1926
1921
1867
1875
1961
1939
1880
1875
1941
1950
1872
1864
1934
1927
1850
1832
1890
1868
1775
1755
1801
1754
1665
1619
1669
1623
1533
1499
1542
1489
1379
1331
1352
1320
1180
1130
1141
1099
989
974
1018
988
922
900
957
948
882
885
955
970
911
932
1028
1054
1015
1058
1164
1205
1184
1235
1350
1388
1348
1393
1494
1525
1493
1520
1622
1639
1604
1617
1716
1722
1681
1703
1789
1790
1743
1758
1836
1821
1765
1780
1838
1851
1775
1780
1847
1844
1785
1801
1861
1859
1810
1820
1901
1925
1841
1848
1919
1924
1853
1867
1940
1932
1854
1855
1912
1876
1792
1767
1833
1829
1779
1783
1851
1847
1791
1803
1876
1890
1836
1843
1944
1931
1862
1857
1926
1909
1834
1845
1907
1885
1832
1830
1895
1880
1809
1815
1906
1866
1818
1805
1873
1882
1831
1834
1920
1926
1880
1892
1970
1980
1914
1927
1997
1979
1917
1916
1986
1973
1917
1906
1995
1980
1916
1920
1983
1958
1916
1925
1998
1981
1922
1921
2008
1982
1921
1931
1996
2000
1939
1953
2018
2027
1948
1952
2004
2029
1934
1923
2009
1954
1879
1886
1948
1910
1826
1802
1846
1835
1751
1743
1808
1796
1706
1703
1810
1812
1742
1771
1864
1893
1840
1854
1952
1934
1906
1917
1991
2019
1959
1965
2046
2024
1929
1886
1914
1837
1722
1683
1734
1739
1654
1666
1752
1753
1689
1703
1789
1801
1741
1753
1829
1822
1753
1779
1880
1891
1840
1857
1965
1959
1903
1902
1945
1942
1864
1851
1902
1886
1807
1804
1858
1847
1782
1795
1860
1872
1802
1798
1864
1815
1713
1696
1762
1745
1679
1668
1732
1742
1659
1646
1719
1706
1659
1677
1758
1755
1706
1714
1787
1782
1721
1733
1827
1825
1751
1774
1841
1827
1751
1768
1838
1835
1764
1744
1808
1766
1700
1682
1742
1710
1640
1644
1708
1716
1666
1667
1744
1752
1690
1702
1779
1771
1725
1722
1810
1812
1755
1767
1864
1852
1792
1800
1866
1877
1812
1805
1899
1858
1793
1808
1876
1869
1803
1814
1892
1876
1820
1820
1884
1875
1792
1788
1837
1814
1735
1726
1759
1773
1663
1657
1721
1692
1610
1575
1604
1580
1479
1449
1479
1449
1363
1338
1384
1375
1271
1263
1320
1304
1233
1239
1325
1321
1270
1286
1378
1388
1339
1380
1482
1497
1458
1482
1562
1557
1514
1518
1592
1592
1529
1526
1604
1604
1534
1535
1611
1612
1534
1536
1595
1610
1525
1523
1578
1571
1507
1487
1574
1550
1470
1463
1526
1520
1437
1432
1504
1481
1406
1404
1479
1456
1403
1401
1463
1470
1389
1374
1428
1419
1351
1343
1402
1371
1297
1280
1345
1327
1265
1250
1316
1293
1237
1227
1317
1289
1226
1229
1292
1286
1226
1240
1306
1312
1251
1249
1327
1332
1260
1263
1320
1308
1238
1222
1296
1273
1200
1196
1262
1256
1182
1175
1238
1229
1158
1143
1215
1196
1124
1118
1194
1197
1127
1132
1208
1194
1112
1122
1186
1176
1107
1106
1189
1182
1092
1089
1159
1145
1079
1080
1151
1131
1072
1065
1138
1116
1056
1061
1143
1116
1063
1070
1157
1148
1078
1078
1158
1140
1088
1093
1146
1174
1079
1080
1149
1128
1070
1073
1141
1124
1056
1058
1127
1102
1028
1025
1090
1065
1001
991
1058
1048
970
973
1039
1037
964
961
1054
1016
935
935
1007
994
932
936
1007
991
927
934
1012
1002
940
943
1010
1006
939
943
1009
1014
940
938
1005
984
923
917
976
972
911
908
987
974
914
913
987
980
899
908
977
971
917
920
991
979
914
921
1000
981
905
887
940
929
883
887
953
932
878
877
947
946
855
857
915
903
837
841
899
908
850
861
921
931
858
861
946
934
860
851
915
909
830
843
924
918
847
835
910
891
813
803
883
840
781
783
867
836
783
784
883
869
808
820
905
913
830
842
906
906
830
823
897
901
837
833
892
916
825
835
907
898
833
828
885
872
798
791
856
855
778
785
848
853
792
782
869
857
802
804
880
881
822
827
911
923
871
887
971
682
294
293
293
295
294
295
294
294
799
808
292
294
294
-5
-5

