;UFOS3
;Measurement details: channel = D, date = 12.09.2015, time = 11:33:30
Exposure=206
Gain=0
Temperature=34.8
Accummulate=4
1.912726710714348 mu
1.9303636222224052 amas
31.227 hs
0 ozone
28987 uva
11986 uvb
9884 uve
[Value]
-5
295
295
295
294
295
294
295
312
306
351
352
305
305
357
358
312
312
356
368
305
312
374
362
310
309
383
379
316
314
383
366
318
313
368
360
314
311
367
376
311
312
362
365
309
312
382
379
319
318
373
371
308
313
386
377
307
310
380
387
308
318
370
391
315
312
384
365
312
313
360
382
314
317
369
373
307
312
369
371
315
315
392
371
307
314
370
376
312
316
373
381
311
311
372
365
314
309
367
383
315
312
367
375
310
318
387
373
310
313
380
367
312
314
370
381
316
310
366
372
306
309
377
378
309
317
372
363
306
315
378
384
308
314
368
379
307
313
372
371
314
308
379
385
310
316
375
388
311
314
387
381
308
311
376
371
309
312
381
377
310
314
375
369
317
319
374
384
312
312
371
394
310
316
366
381
308
315
376
375
310
316
394
373
316
316
360
366
313
312
372
384
307
317
374
376
313
313
367
378
310
311
368
371
309
313
368
377
308
317
365
369
313
313
379
377
311
312
369
379
311
314
366
384
309
316
374
371
315
315
377
367
314
313
365
376
318
312
387
366
310
311
364
377
308
314
376
373
312
309
374
371
315
314
368
374
311
315
410
373
311
313
378
367
310
309
386
369
309
313
371
365
306
315
371
372
316
305
379
371
312
315
381
376
316
312
385
368
317
311
376
371
308
313
373
370
307
313
375
370
306
308
376
371
312
314
381
377
318
316
372
376
308
313
383
363
319
316
379
370
314
314
378
385
308
310
384
382
316
316
364
372
312
308
378
370
311
311
374
366
308
317
369
382
314
319
371
385
310
318
376
375
314
313
362
367
313
315
367
365
311
317
371
367
309
313
360
371
313
308
379
379
312
314
368
370
314
317
378
376
310
312
368
366
313
314
377
381
313
315
388
371
309
309
372
381
318
316
384
377
314
309
374
385
314
317
382
372
307
317
380
373
315
318
378
382
314
310
372
375
309
315
369
380
313
308
356
375
308
313
377
375
310
311
365
383
310
313
373
373
315
313
379
369
310
310
373
383
309
315
381
397
309
313
371
368
312
316
373
375
312
313
371
368
307
309
382
362
311
309
362
371
313
317
371
367
316
314
368
371
311
309
368
382
306
315
373
380
312
321
375
371
307
317
367
366
314
308
363
376
314
312
376
370
306
313
358
381
307
317
380
386
311
311
371
381
313
311
375
377
310
311
376
383
311
313
372
375
314
313
376
377
313
313
371
368
313
314
376
370
321
311
368
367
314
313
372
385
308
311
368
368
314
313
369
366
310
311
383
371
321
314
379
392
311
316
366
380
316
314
379
375
312
314
373
367
312
311
378
380
312
310
376
383
312
311
371
374
313
316
363
377
310
316
369
381
307
314
373
374
309
315
368
361
316
314
374
376
306
314
381
376
314
314
376
374
317
314
374
369
314
321
386
373
315
310
373
383
321
317
383
366
305
310
366
369
307
312
373
388
311
319
375
376
306
312
362
374
317
316
387
377
313
316
379
376
315
311
375
378
306
313
383
369
307
313
384
381
314
316
375
366
306
315
370
374
307
312
378
376
312
315
381
367
310
314
385
389
314
316
374
362
312
315
370
371
316
316
363
377
317
312
387
375
310
315
366
373
313
316
387
364
314
315
360
374
309
315
375
379
310
311
374
370
313
313
364
363
309
317
382
375
310
319
388
359
310
312
363
369
314
308
372
371
308
310
369
373
309
315
374
369
308
313
371
377
313
317
374
377
318
312
375
372
312
312
368
370
311
310
396
365
313
316
372
369
317
314
375
372
312
316
393
375
317
315
369
367
309
315
386
379
309
317
373
367
308
312
375
374
312
311
380
383
309
312
380
370
314
312
382
379
313
311
364
359
309
309
375
367
312
314
373
364
311
311
372
380
313
310
377
377
309
316
373
372
315
312
371
359
316
308
369
383
313
310
381
366
316
316
376
371
306
310
372
375
314
316
388
378
310
313
362
383
310
318
391
377
315
310
375
382
311
317
379
366
307
313
392
369
309
317
382
372
312
319
377
372
314
314
373
370
317
312
386
369
313
317
371
375
310
318
367
377
318
312
387
370
308
315
381
372
318
317
369
366
310
313
367
378
307
316
364
370
313
309
365
392
314
315
380
373
310
313
384
370
318
313
371
379
307
311
371
375
317
311
369
365
315
316
382
372
314
309
379
366
313
309
388
375
307
311
372
374
313
319
382
376
320
319
365
379
303
316
366
375
313
314
376
372
310
315
379
365
309
309
370
380
312
319
376
381
311
334
372
380
307
313
369
370
311
309
373
374
309
315
357
374
310
314
375
375
313
310
374
376
311
313
373
382
310
313
380
376
312
314
391
374
309
318
370
377
310
316
368
366
318
314
371
387
311
315
369
373
308
320
380
371
308
313
368
389
308
309
383
367
311
307
381
370
307
315
380
370
313
314
370
388
310
311
368
375
312
316
370
379
313
310
372
372
312
312
375
364
310
315
379
368
312
313
383
374
312
308
376
384
316
309
380
375
306
314
367
378
313
313
371
382
314
311
382
369
309
309
367
383
315
312
382
384
308
321
372
373
313
311
375
372
309
317
368
373
314
317
363
366
308
308
382
373
312
313
366
406
313
312
381
362
314
310
374
379
314
314
374
380
306
313
373
389
309
315
364
371
310
318
371
368
307
314
372
368
318
308
370
387
306
313
355
372
310
314
373
368
311
317
375
366
314
313
365
364
307
312
372
377
310
317
371
377
313
314
375
370
315
309
377
382
310
307
382
362
314
312
380
382
314
315
370
379
310
312
368
379
311
319
377
379
316
308
375
379
311
313
383
383
310
313
371
379
310
320
386
363
310
317
370
386
309
314
375
395
310
312
372
371
312
311
368
385
313
314
379
369
310
315
382
369
309
312
367
373
311
314
386
382
310
317
371
367
309
309
377
366
314
313
374
372
312
317
376
369
313
315
375
390
313
318
375
374
310
318
373
368
311
310
368
381
314
315
379
370
313
310
383
374
310
311
383
374
312
307
378
375
310
319
373
383
311
318
390
375
305
325
369
372
311
315
384
363
308
310
385
378
315
312
377
372
309
314
368
378
311
313
355
370
310
313
374
384
309
317
372
386
310
308
365
363
309
310
382
381
311
312
382
373
324
312
378
378
309
311
370
382
309
317
381
373
314
318
379
368
310
309
376
375
313
315
362
380
315
312
375
368
311
317
371
373
309
319
368
377
308
318
371
378
310
310
368
376
316
310
378
371
308
315
382
369
315
316
389
378
312
318
356
380
313
317
377
384
312
314
371
377
308
312
367
375
313
315
378
369
313
315
378
366
316
319
375
372
309
316
366
375
317
312
369
380
316
318
377
374
311
312
362
370
312
316
389
384
311
316
385
369
310
313
368
378
311
313
377
378
309
318
364
375
311
317
374
380
308
317
371
387
310
313
376
384
310
316
380
385
307
318
375
384
308
311
384
371
314
313
384
372
313
313
369
372
310
318
365
371
312
315
366
384
315
314
375
366
308
318
381
374
311
315
364
374
307
319
372
372
314
319
370
373
306
312
372
379
309
312
381
379
307
311
391
378
312
313
386
372
306
314
379
393
309
316
367
378
311
313
373
378
310
317
375
364
310
312
383
388
313
316
374
394
310
315
378
368
310
318
386
376
309
309
385
381
309
310
369
370
313
312
377
367
315
320
378
380
312
312
374
374
307
311
372
378
313
315
364
376
317
311
363
365
311
313
380
384
306
314
377
374
310
311
374
375
312
319
376
367
306
316
377
374
310
311
364
376
307
310
378
376
313
312
378
363
311
316
371
367
310
315
369
372
311
311
379
381
310
315
380
376
309
314
384
377
311
312
380
367
324
316
380
380
310
311
367
372
315
312
381
374
308
311
375
362
316
317
372
377
391
319
376
380
306
321
376
376
314
318
374
365
308
311
377
377
307
312
378
374
311
315
372
374
312
318
370
376
314
312
381
378
309
313
376
373
314
312
388
363
317
314
374
374
311
320
372
388
309
319
377
385
309
316
373
377
312
316
387
377
308
315
378
374
312
308
382
368
315
316
379
373
311
311
382
378
313
313
372
377
314
311
373
376
318
314
372
375
312
314
379
370
312
316
378
371
310
311
375
381
313
313
382
383
308
313
379
369
310
317
374
368
308
315
368
379
314
320
369
369
308
309
366
383
309
315
379
378
314
311
370
387
313
310
385
369
309
314
374
374
317
311
365
379
309
319
388
363
312
315
381
386
307
314
388
375
313
320
382
369
306
317
378
377
305
311
401
376
313
311
370
375
309
314
370
373
317
316
371
374
314
313
373
367
313
314
368
362
309
317
377
372
310
311
374
382
318
313
369
377
313
313
369
382
309
317
373
368
312
312
371
369
310
315
361
379
306
315
382
379
312
311
378
370
313
318
383
377
314
315
370
385
310
317
377
370
311
319
374
371
311
315
377
366
314
314
382
373
317
314
362
380
310
314
376
381
309
311
376
363
310
314
383
379
312
313
381
379
308
314
365
378
313
313
379
372
316
316
375
383
313
309
369
382
311
310
371
381
312
313
376
375
313
315
374
377
316
316
381
390
311
315
370
396
313
311
373
366
307
312
385
378
320
318
376
371
309
316
378
361
313
313
379
370
315
314
377
363
313
315
384
379
306
311
375
359
310
312
379
374
311
315
387
376
310
310
372
361
307
315
375
366
311
314
408
372
314
312
369
366
311
310
378
367
311
315
381
373
313
312
382
394
311
318
381
372
313
319
378
384
310
316
368
368
309
310
354
372
317
311
388
389
313
312
381
389
306
316
378
377
310
313
378
376
309
313
380
375
311
312
393
376
310
313
376
376
312
316
394
381
307
316
368
371
306
318
377
369
307
315
377
371
316
312
369
373
308
316
374
376
309
311
376
369
312
314
375
384
311
315
372
378
311
313
387
389
315
315
381
367
316
314
375
388
311
321
376
368
316
320
367
370
311
313
381
377
310
321
373
372
304
314
383
374
315
314
386
374
311
317
385
380
313
316
373
381
308
307
379
377
311
317
383
381
318
312
379
378
316
313
368
380
309
320
381
363
312
322
375
377
308
314
373
378
310
312
372
385
313
313
393
376
364
318
386
384
311
312
363
393
307
315
375
370
308
316
382
382
308
310
371
378
312
312
380
377
309
308
390
370
307
312
378
381
312
313
381
372
310
310
391
383
308
322
379
369
307
317
382
375
306
312
368
366
316
315
361
380
318
316
372
374
314
310
389
378
317
314
381
376
311
321
381
360
307
320
378
382
306
313
379
389
311
317
388
367
307
317
375
361
311
315
387
370
308
316
355
366
309
314
375
375
311
310
370
368
312
315
383
397
306
313
369
361
309
317
386
376
312
315
361
370
316
315
384
377
311
321
377
365
312
313
369
377
307
313
378
365
310
313
381
383
312
306
377
372
313
312
383
380
315
318
387
371
318
314
380
370
317
318
384
369
306
314
374
375
315
317
384
365
314
313
387
363
309
311
367
370
308
312
383
397
306
309
392
368
317
316
377
368
312
314
383
373
305
314
365
382
315
318
380
370
307
316
369
368
308
313
384
366
315
324
373
383
309
311
392
384
310
313
373
364
312
318
374
372
307
312
383
375
310
315
367
389
313
315
380
369
311
312
379
381
311
316
383
381
312
313
377
372
307
312
363
375
319
319
383
371
319
323
374
379
313
313
372
363
312
320
383
373
306
312
390
369
308
315
380
371
307
312
393
363
309
315
387
378
312
311
370
377
308
311
395
382
314
310
366
376
307
315
396
370
311
314
372
368
308
316
373
364
313
313
380
365
319
316
388
376
312
311
383
384
347
311
377
363
311
310
384
371
311
313
375
362
310
313
381
377
308
312
382
368
310
315
375
379
313
316
391
365
315
317
372
365
311
308
375
377
312
316
379
361
314
314
374
362
310
318
377
366
310
318
372
374
312
311
374
376
313
308
393
367
312
318
376
370
308
315
384
374
313
310
370
374
307
318
372
373
317
314
362
367
314
314
374
353
309
315
380
360
310
314
380
372
308
315
382
363
317
312
375
363
310
316
382
376
308
315
378
363
309
315
370
366
311
311
379
366
312
315
379
385
310
311
389
384
320
314
373
372
308
312
374
371
310
315
383
375
309
311
375
364
313
316
377
375
309
319
376
365
308
315
378
372
319
313
376
371
312
312
367
376
312
314
378
381
310
313
384
369
311
310
380
377
307
319
368
375
310
312
393
376
312
308
377
371
310
312
387
383
314
319
372
372
309
317
380
373
318
317
382
382
313
310
383
372
313
318
384
375
319
318
385
386
313
307
364
381
314
314
375
384
312
315
387
372
308
314
395
368
310
316
380
369
307
310
385
365
316
313
384
367
311
308
389
375
310
315
384
372
311
310
385
367
313
314
368
382
315
320
386
361
312
310
383
367
313
314
380
372
307
310
400
374
315
315
372
377
315
310
364
386
314
308
390
377
307
315
397
370
311
311
374
386
317
315
376
364
317
314
380
368
312
312
371
370
313
311
379
358
317
314
383
375
315
313
380
389
314
312
370
388
311
311
380
369
313
314
378
362
313
318
375
386
310
317
371
373
311
317
390
368
312
316
377
372
309
314
411
370
316
316
371
373
320
311
392
385
313
315
381
376
315
319
383
384
316
316
383
374
309
312
372
374
307
314
379
361
309
318
366
382
310
312
376
376
308
309
378
380
311
317
373
375
311
315
379
386
315
315
384
386
311
317
377
370
313
314
387
375
316
317
372
376
308
309
380
384
313
317
382
378
316
316
384
374
316
313
388
378
311
316
394
382
317
316
384
399
314
314
376
380
312
320
383
371
316
317
374
371
312
317
382
388
317
316
382
379
310
313
376
374
313
314
380
377
310
314
377
371
312
314
382
381
317
310
377
364
311
318
382
372
310
316
384
371
310
316
373
381
311
313
371
374
318
316
378
375
318
318
380
397
313
314
373
382
308
314
383
381
310
312
377
373
313
313
381
369
310
314
372
373
311
317
376
378
314
310
385
375
312
314
391
369
315
319
383
360
315
320
386
381
308
313
397
362
313
310
370
372
319
317
384
371
310
314
376
376
308
318
387
373
312
320
391
371
316
310
385
372
312
320
379
361
313
320
389
372
313
318
397
378
312
322
373
375
312
319
383
386
311
319
360
390
311
314
403
361
314
323
392
365
313
310
372
382
310
317
394
384
316
314
395
380
311
316
379
386
317
311
390
362
318
315
374
377
318
315
393
384
313
313
386
376
316
311
387
383
313
312
390
385
314
314
378
372
313
310
377
375
308
312
383
381
310
316
388
371
321
316
370
372
313
314
376
374
310
319
378
370
310
313
373
387
310
314
392
379
313
315
385
380
311
315
378
383
311
319
379
373
318
318
383
369
311
311
381
372
312
314
388
382
311
319
388
382
309
315
390
378
315
314
380
365
315
310
380
364
311
313
374
376
312
313
384
382
311
320
378
366
317
314
382
373
308
315
391
374
311
314
378
376
316
314
397
365
311
315
376
373
314
320
387
370
311
319
378
381
313
317
381
380
316
317
372
392
312
316
380
373
319
318
380
375
306
316
377
371
312
319
374
387
311
311
377
368
311
315
387
366
311
314
380
368
307
313
382
368
308
316
380
367
314
315
374
376
313
311
380
385
313
315
377
383
312
312
375
392
318
316
382
378
315
310
393
384
317
320
383
380
308
313
384
369
312
314
385
369
316
322
373
392
323
313
376
370
314
311
384
374
315
310
379
376
317
317
381
365
312
309
397
372
312
314
372
369
309
313
372
378
314
309
386
375
311
313
376
377
312
315
390
383
320
316
387
379
311
311
380
379
317
313
387
379
314
310
378
375
311
320
390
384
306
316
383
383
315
315
394
386
312
318
383
379
315
320
386
369
313
310
379
365
309
314
386
365
309
319
395
382
315
317
387
367
312
317
370
402
313
318
386
369
317
312
383
372
311
317
394
374
311
315
384
368
318
313
381
377
310
316
385
377
311
315
410
381
312
310
374
364
311
316
384
377
310
310
382
372
312
320
380
377
313
316
381
387
315
315
380
372
313
315
373
374
320
317
385
372
313
314
386
379
310
311
382
374
318
314
391
378
309
312
386
380
316
309
377
360
319
319
382
364
313
317
389
389
314
321
385
380
313
315
364
370
315
316
374
381
311
312
380
374
314
312
385
383
312
321
392
379
314
309
383
378
314
315
400
369
315
312
389
368
316
313
395
380
313
309
380
389
309
319
379
381
315
314
388
379
317
318
372
397
314
315
382
375
314
316
379
381
316
313
374
373
309
313
374
374
316
310
388
371
312
317
382
376
312
310
378
381
315
313
383
379
294
296
293
295
294
294
294
295
308
315
295
293
293
-5
-5

