;UFOS3
;Measurement details: channel = S, date = 12.09.2015, time = 11:43:27
Exposure=210
Gain=0
Temperature=34.8
Accummulate=4
1.9479828014887781 mu
1.9669853989783033 amas
30.585 hs
200 ozone
145996 uva
13961 uvb
10437 uve
[Value]
-8
293
292
291
292
293
293
293
307
304
352
348
302
302
356
355
309
307
355
366
301
316
381
368
317
316
392
386
321
321
391
372
323
320
377
369
319
317
375
378
318
318
369
372
319
320
391
387
326
323
382
380
315
319
395
388
315
317
387
395
315
325
380
400
321
320
390
372
319
318
368
390
320
324
378
380
314
318
376
377
321
322
397
381
315
318
380
385
318
321
382
391
315
317
381
376
320
318
375
391
322
319
375
385
319
326
396
381
317
319
391
372
319
322
378
391
322
317
374
378
313
317
386
388
318
323
378
370
315
323
388
394
315
322
377
391
313
318
379
377
320
314
388
393
317
321
382
396
318
324
397
391
316
318
384
379
319
322
388
387
315
320
380
379
327
325
384
392
318
319
382
402
317
323
374
391
317
321
384
384
318
320
404
382
322
322
368
373
320
319
380
392
315
325
387
383
321
316
376
385
316
320
377
379
316
319
377
385
316
321
372
377
322
322
390
386
320
319
380
386
317
320
375
390
316
322
382
381
322
321
387
375
319
320
375
384
326
321
393
373
318
314
370
383
319
320
387
384
318
315
385
379
320
318
374
381
319
323
419
379
317
320
386
372
318
317
395
376
313
320
379
371
314
325
379
380
322
315
387
381
321
323
389
383
323
317
393
380
323
315
384
381
317
320
381
377
316
320
383
380
311
317
385
381
318
321
391
386
326
321
382
383
314
317
392
370
327
322
386
376
320
319
387
392
314
316
396
391
322
319
372
380
317
315
388
377
321
314
381
375
315
322
379
389
320
326
380
393
318
327
386
384
322
320
369
377
322
320
374
376
319
322
380
372
318
323
369
382
318
314
389
387
319
320
379
380
319
321
388
385
315
319
376
374
320
321
385
389
318
324
393
377
316
315
381
390
323
324
394
385
319
315
384
395
323
325
391
381
313
327
387
379
321
327
388
390
323
318
380
384
319
321
378
390
322
317
367
383
317
321
384
382
314
319
375
393
316
321
380
381
322
319
391
379
319
317
384
390
317
321
388
407
319
317
380
379
320
326
384
382
321
320
378
375
316
315
390
371
318
317
375
382
321
323
381
380
324
323
376
383
321
316
377
394
311
322
384
386
316
329
388
382
314
326
375
374
322
315
374
386
320
319
385
379
316
318
368
392
314
326
392
394
321
318
380
389
323
320
385
385
318
321
386
391
319
323
381
388
323
318
386
384
321
324
383
377
320
324
389
379
330
321
378
378
322
321
385
398
318
320
376
376
324
322
379
377
319
321
396
380
331
324
390
403
320
325
375
394
325
324
389
389
320
326
384
378
323
320
388
391
322
320
389
395
325
321
383
385
323
326
376
389
319
328
378
392
316
326
386
388
320
327
382
374
327
327
388
390
317
325
398
391
325
324
389
390
327
326
388
382
326
331
400
388
329
323
388
400
332
332
396
375
317
322
380
381
321
323
389
406
324
333
392
392
324
327
377
392
333
331
406
396
330
335
397
392
330
327
399
401
326
335
403
393
329
333
405
403
335
340
396
390
327
338
394
395
327
338
401
405
335
337
409
396
334
338
408
417
343
342
404
390
339
340
400
401
347
349
397
411
348
343
425
415
346
349
407
415
349
353
429
408
355
355
402
421
352
357
418
421
351
351
420
412
353
354
409
408
351
360
424
425
356
362
436
407
355
358
414
417
366
357
423
424
361
365
429
431
367
374
438
433
369
378
439
448
382
386
449
452
396
387
452
453
396
396
453
459
399
396
489
457
398
406
467
464
410
407
469
464
403
408
488
469
413
413
467
465
406
416
489
484
409
419
477
470
410
415
477
481
414
417
486
484
410
407
476
467
408
409
483
474
409
408
463
458
409
410
482
474
413
420
484
472
417
418
481
489
417
416
489
491
419
428
488
490
433
434
497
493
446
442
509
523
464
463
542
530
482
487
551
548
485
489
553
557
496
497
573
562
490
492
544
567
488
491
576
558
489
485
555
559
487
490
550
539
475
477
563
539
479
488
558
552
487
494
556
552
493
498
560
558
503
501
583
563
507
517
577
580
511
528
576
587
522
516
596
574
504
515
584
578
515
518
576
571
512
519
580
597
527
538
591
602
546
548
612
642
560
566
638
628
565
562
634
620
567
557
615
625
548
557
619
625
565
559
625
623
571
572
647
646
586
584
667
661
615
609
702
689
618
620
688
691
622
628
691
680
615
604
651
661
578
587
637
644
572
574
638
630
568
574
647
637
581
586
661
678
613
629
700
722
654
697
737
745
678
691
760
770
718
719
802
806
747
764
811
841
778
788
859
871
804
810
881
885
824
825
898
898
825
818
886
874
789
792
862
832
758
758
813
806
736
740
791
793
737
733
798
819
739
752
823
838
777
801
885
889
837
853
932
955
870
881
957
935
871
869
948
928
858
858
926
912
839
839
893
907
823
815
878
887
818
819
889
894
834
836
910
917
861
863
944
937
886
905
979
978
925
933
1021
1018
950
958
1034
1043
968
966
1045
1037
959
957
1008
1012
932
925
978
978
892
873
942
921
847
839
897
914
830
830
903
907
829
844
906
915
852
857
931
932
862
876
927
941
872
878
924
933
859
852
931
916
840
837
883
912
808
796
869
836
777
768
834
833
764
771
841
844
766
774
839
857
779
788
845
856
797
809
882
880
819
834
909
910
859
856
931
945
867
877
931
950
887
899
973
974
913
924
998
997
946
946
1014
1008
950
954
1016
1016
940
947
1002
1008
934
922
992
981
915
910
979
989
910
903
988
963
919
926
1012
1021
972
979
1054
1075
1022
1042
1130
1156
1091
1119
1199
1220
1163
1160
1255
1273
1202
1217
1301
1302
1226
1226
1299
1309
1240
1260
1331
1313
1261
1271
1332
1354
1276
1285
1355
1376
1285
1284
1355
1352
1289
1285
1359
1382
1304
1308
1394
1376
1305
1306
1374
1364
1298
1298
1358
1358
1292
1289
1376
1366
1291
1300
1367
1350
1289
1280
1359
1344
1284
1287
1354
1352
1299
1303
1373
1362
1296
1302
1371
1392
1311
1324
1399
1417
1361
1381
1457
1474
1413
1434
1516
1537
1490
1505
1597
1612
1569
1588
1692
1705
1655
1662
1767
1762
1701
1713
1793
1793
1737
1748
1814
1844
1768
1780
1855
1841
1758
1772
1816
1812
1735
1733
1797
1765
1685
1670
1735
1706
1623
1608
1671
1643
1563
1549
1606
1607
1534
1529
1583
1605
1543
1535
1614
1615
1529
1546
1617
1634
1550
1552
1623
1620
1562
1558
1643
1649
1566
1582
1652
1642
1599
1588
1671
1666
1587
1586
1647
1661
1580
1578
1659
1636
1574
1577
1651
1636
1566
1559
1623
1614
1534
1521
1563
1571
1512
1484
1549
1547
1475
1489
1557
1562
1496
1501
1558
1555
1472
1483
1533
1527
1447
1431
1488
1488
1424
1406
1476
1459
1384
1381
1457
1433
1362
1359
1431
1414
1342
1351
1393
1438
1375
1384
1472
1490
1432
1435
1500
1522
1446
1456
1520
1521
1449
1441
1498
1482
1422
1428
1494
1477
1422
1430
1491
1480
1416
1421
1482
1494
1424
1429
1499
1518
1452
1466
1539
1539
1474
1471
1519
1506
1414
1385
1446
1407
1305
1277
1342
1303
1225
1221
1267
1270
1195
1194
1267
1265
1191
1201
1269
1289
1222
1240
1309
1325
1248
1259
1317
1328
1239
1223
1280
1279
1178
1176
1246
1234
1148
1162
1234
1250
1187
1206
1304
1312
1275
1298
1396
1402
1344
1349
1424
1428
1363
1380
1438
1453
1391
1401
1455
1472
1397
1384
1451
1441
1388
1392
1477
1485
1421
1435
1503
1518
1475
1504
1585
1595
1547
1560
1622
1627
1541
1553
1624
1618
1528
1538
1604
1580
1501
1510
1604
1589
1523
1543
1622
1622
1557
1580
1662
1688
1618
1656
1743
1780
1736
1754
1837
1862
1807
1823
1897
1902
1831
1831
1921
1921
1833
1836
1896
1905
1804
1795
1852
1839
1761
1768
1831
1825
1761
1753
1850
1841
1760
1766
1820
1816
1741
1729
1791
1778
1728
1728
1785
1793
1732
1730
1803
1820
1764
1775
1864
1877
1815
1844
1907
1942
1905
1910
1983
1992
1953
1962
2041
2048
1957
1970
2044
2035
1957
1955
2013
2024
1938
1950
2008
2014
1955
1972
2055
2071
1996
2015
2076
2084
2011
2021
2084
2076
2012
2014
2085
2072
2011
2001
2060
2048
1961
1950
1993
1971
1875
1847
1897
1866
1761
1747
1789
1758
1650
1617
1668
1622
1525
1497
1550
1527
1463
1450
1515
1516
1448
1455
1535
1559
1530
1555
1668
1693
1664
1691
1781
1789
1760
1772
1843
1868
1898
1824
1902
1920
1844
1872
1942
1941
1865
1866
1922
1901
1808
1801
1861
1839
1740
1727
1777
1752
1674
1662
1705
1696
1607
1614
1669
1668
1591
1587
1656
1655
1584
1601
1687
1686
1644
1653
1758
1743
1704
1724
1805
1808
1737
1741
1791
1800
1711
1709
1774
1769
1673
1666
1715
1698
1593
1581
1648
1614
1526
1521
1583
1558
1482
1483
1555
1546
1485
1495
1564
1573
1506
1515
1599
1595
1531
1538
1612
1622
1554
1567
1636
1639
1574
1562
1634
1626
1551
1542
1607
1589
1522
1518
1576
1564
1489
1491
1549
1553
1480
1483
1549
1540
1446
1436
1503
1482
1408
1411
1479
1476
1425
1449
1532
1553
1505
1519
1597
1616
1559
1586
1663
1700
1643
1666
1756
1771
1719
1736
1817
1846
1775
1783
1868
1853
1784
1796
1856
1838
1778
1763
1811
1825
1735
1729
1799
1758
1686
1665
1718
1705
1613
1598
1677
1651
1576
1596
1666
1656
1600
1614
1707
1719
1656
1670
1778
1757
1700
1699
1770
1778
1701
1705
1756
1757
1681
1655
1711
1672
1593
1571
1621
1593
1517
1506
1573
1574
1525
1540
1624
1648
1582
1607
1689
1720
1664
1682
1767
1797
1746
1786
1877
1926
1871
1889
1960
1967
1916
1923
2001
2006
1950
1969
2031
2064
1995
2017
2103
2110
2041
2041
2131
2121
2069
2081
2156
2158
2108
2109
2178
2207
2134
2149
2214
2214
2148
2162
2219
2220
2144
2136
2195
2174
2101
2089
2144
2117
2047
2050
2086
2101
2027
2027
2100
2110
2044
2056
2139
2142
2089
2097
2177
2168
2103
2111
2177
2193
2115
2119
2193
2220
2173
2184
2280
2276
2224
2218
2279
2252
2162
2133
2186
2189
2101
2088
2133
2127
2036
1994
2039
2001
1895
1864
1892
1876
1782
1766
1829
1831
1757
1769
1846
1891
1821
1828
1916
1921
1863
1876
1977
1976
1941
1949
2012
2008
1933
1925
1970
1928
1842
1815
1864
1835
1753
1716
1758
1714
1629
1607
1647
1604
1502
1494
1545
1519
1452
1458
1531
1549
1493
1517
1623
1648
1604
1637
1734
1750
1725
1748
1849
1879
1848
1884
2025
2018
1993
2033
2129
2147
2109
2122
2212
2213
2176
2173
2247
2246
2208
2199
2281
2288
2209
2204
2271
2260
2179
2162
2207
2186
2075
2049
2067
2043
1955
1928
1936
1923
1828
1782
1839
1810
1699
1678
1743
1746
1645
1654
1715
1722
1648
1651
1734
1728
1671
1689
1764
1772
1711
1713
1815
1795
1721
1713
1764
1759
1669
1658
1733
1700
1613
1619
1676
1687
1612
1616
1683
1673
1607
1612
1698
1715
1678
1706
1802
1855
1819
1856
1951
1975
1925
1935
2018
1994
1912
1894
1938
1928
1846
1821
1864
1852
1752
1736
1786
1770
1669
1647
1707
1669
1607
1607
1665
1687
1623
1661
1743
1763
1728
1767
1836
1863
1809
1815
1906
1905
1829
1836
1890
1884
1806
1813
1882
1857
1778
1761
1813
1787
1694
1682
1743
1726
1647
1632
1697
1707
1634
1645
1730
1759
1703
1721
1815
1832
1778
1800
1904
1921
1879
1919
1991
2028
1985
2014
2111
2103
2074
2093
2174
2190
2120
2130
2210
2220
2142
2147
2212
2228
2155
2162
2242
2227
2221
2164
2244
2233
2154
2152
2196
2214
2123
2116
2182
2170
2098
2114
2198
2196
2131
2148
2221
2222
2158
2176
2260
2260
2203
2204
2304
2274
2219
2214
2283
2284
2197
2187
2236
2217
2121
2121
2188
2176
2093
2098
2165
2172
2107
2119
2206
2198
2137
2157
2216
2229
2166
2163
2212
2232
2169
2170
2232
2241
2203
2215
2317
2320
2280
2289
2381
2398
2343
2368
2452
2461
2413
2464
2533
2571
2516
2548
2613
2638
2604
2621
2668
2668
2656
2667
2697
2706
2699
2709
2735
2742
2751
2752
2764
2767
2759
2751
2750
2730
2693
2652
2644
2601
2539
2501
2507
2483
2377
2351
2387
2361
2300
2312
2399
2402
2358
2387
2486
2536
2530
2585
2663
2698
2705
2743
2759
2785
2797
2822
2826
2850
2853
2873
2870
2892
2888
2902
2900
2887
2868
2694
2645
2490
2381
2336
2387
2360
2302
2283
2352
2342
2277
2276
2367
2379
2354
2399
2503
2531
2507
2541
2614
2631
2609
2614
2643
2616
2563
2507
2518
2432
2327
2263
2269
2232
2115
2070
2111
2079
1943
1909
1976
1942
1881
1868
1956
1974
1936
1969
2082
2107
2062
2101
2194
2248
2179
2204
2281
2277
2201
2219
2239
2233
2144
2097
2132
2075
1949
1902
1911
1882
1772
1760
1848
1842
1773
1788
1878
1892
1875
1928
2040
2087
2070
2132
2247
2283
2251
2265
2351
2390
2305
2322
2387
2359
2298
2277
2334
2312
2222
2216
2250
2225
2123
2095
2141
2106
2022
2015
2070
2082
2023
2019
2095
2094
2048
2054
2105
2118
2037
2039
2097
2082
2032
2050
2125
2141
2090
2102
2192
2204
2140
2157
2250
2265
2221
2252
2350
2325
2285
2291
2383
2386
2339
2362
2437
2453
2402
2405
2496
2488
2441
2437
2495
2522
2471
2482
2557
2540
2485
2469
2508
2491
2410
2402
2435
2393
2311
2282
2315
2270
2192
2163
2226
2191
2096
2075
2127
2095
2030
1972
2038
2006
1946
1937
2010
1981
1907
1890
1940
1912
1833
1818
1891
1864
1787
1779
1853
1838
1786
1796
1885
1905
1864
1892
1995
1999
1968
1997
2077
2092
2049
2071
2168
2177
2132
2146
2220
2217
2177
2179
2243
2244
2193
2197
2268
2231
2158
2152
2201
2179
2095
2071
2117
2096
2008
1986
2055
2014
1926
1922
1959
1924
1815
1791
1837
1792
1693
1669
1727
1724
1649
1660
1722
1724
1663
1637
1695
1673
1599
1570
1614
1566
1491
1482
1539
1513
1444
1450
1528
1518
1432
1433
1496
1443
1387
1357
1424
1407
1346
1348
1426
1418
1358
1357
1439
1437
1373
1373
1433
1424
1361
1351
1434
1396
1325
1332
1417
1433
1369
1402
1507
1536
1496
1514
1617
1650
1600
1639
1732
1768
1741
1793
1911
1946
1913
1952
2054
2063
2021
2030
2111
2109
2048
2070
2137
2122
2069
2066
2138
2119
2062
2053
2111
2107
2021
2004
2064
2055
1978
1970
2023
2028
1922
1884
1922
1856
1749
1719
1768
1755
1669
1687
1758
1765
1712
1742
1860
1870
1836
1860
1968
1997
1963
2019
2139
2166
2124
2158
2233
2229
2153
2141
2174
2131
2038
2003
2046
2030
1939
1934
2010
2015
1955
1977
2067
2067
2016
2018
2085
2076
2000
2008
2076
2120
2064
2084
2145
2168
2077
2076
2137
2100
2026
2020
2095
2061
1992
1982
2039
2018
1949
1953
2038
2020
1965
1943
2005
1976
1915
1911
2008
2018
1970
1995
2089
2084
2039
2053
2154
2153
2120
2144
2244
2291
2242
2275
2375
2366
2349
2371
2475
2473
2417
2419
2480
2475
2421
2431
2504
2487
2424
2413
2445
2445
2377
2377
2405
2408
2311
2272
2351
2323
2247
2234
2333
2311
2256
2266
2337
2338
2286
2287
2373
2384
2362
2380
2461
2462
2430
2450
2538
2548
2520
2531
2579
2558
2529
2513
2566
2553
2485
2478
2524
2505
2413
2380
2395
2370
2276
2247
2277
2248
2155
2124
2187
2152
2076
2057
2108
2097
1985
1973
2000
1979
1868
1840
1895
1832
1741
1709
1718
1646
1521
1457
1501
1398
1266
1198
1194
1147
1040
999
1052
1017
915
904
971
958
891
902
984
1003
953
978
1068
1079
1012
1027
1108
1118
1057
1077
1162
1164
1123
1163
1247
1320
1290
1342
1471
1522
1502
1539
1649
1689
1645
1673
1759
1782
1732
1746
1830
1840
1766
1770
1875
1889
1828
1845
1926
1934
1871
1881
1961
1941
1877
1887
1947
1954
1877
1864
1945
1941
1846
1844
1893
1876
1783
1752
1812
1759
1663
1623
1676
1638
1528
1493
1554
1499
1380
1339
1360
1321
1174
1128
1147
1103
997
976
1023
993
919
902
959
950
883
882
961
977
911
935
1033
1061
1012
1057
1168
1209
1189
1235
1355
1391
1354
1392
1498
1525
1492
1527
1624
1644
1599
1622
1719
1726
1680
1706
1800
1789
1745
1759
1834
1833
1764
1777
1843
1855
1778
1786
1845
1852
1789
1793
1865
1867
1816
1826
1904
1930
1847
1852
1921
1927
1864
1869
1952
1947
1860
1860
1925
1887
1788
1771
1844
1834
1774
1784
1860
1851
1798
1803
1884
1887
1840
1846
1942
1939
1869
1858
1936
1907
1843
1845
1921
1885
1835
1826
1908
1890
1803
1814
1905
1869
1822
1811
1879
1892
1839
1838
1931
1932
1884
1897
1977
1985
1922
1930
2010
1982
1919
1915
1995
1986
1920
1915
2007
1984
1920
1920
1982
1960
1914
1925
1999
1997
1926
1935
2011
1985
1926
1932
1998
2011
1943
1957
2026
2039
1951
1957
2005
2032
1946
1933
2019
1971
1902
1891
1956
1920
1831
1805
1857
1839
1762
1752
1819
1802
1714
1712
1819
1817
1745
1777
1870
1905
1846
1868
1965
1942
1904
1916
1995
2024
1969
1962
2052
2044
1932
1885
1923
1846
1723
1682
1745
1743
1666
1666
1761
1757
1698
1705
1798
1807
1747
1757
1833
1829
1773
1783
1882
1900
1838
1867
1972
1965
1906
1904
1954
1948
1864
1855
1919
1898
1814
1805
1868
1860
1790
1803
1874
1878
1810
1798
1867
1824
1718
1707
1759
1758
1684
1678
1749
1750
1663
1658
1731
1720
1667
1678
1769
1757
1710
1715
1810
1796
1727
1739
1837
1843
1764
1780
1843
1842
1763
1763
1854
1847
1777
1765
1815
1776
1703
1689
1753
1714
1652
1650
1722
1722
1672
1680
1759
1758
1696
1714
1784
1783
1727
1734
1821
1817
1763
1767
1875
1859
1799
1801
1884
1888
1822
1809
1912
1866
1797
1811
1883
1871
1808
1825
1901
1884
1824
1827
1888
1892
1807
1793
1853
1828
1739
1726
1777
1783
1676
1665
1728
1704
1614
1580
1618
1583
1492
1470
1492
1456
1363
1341
1389
1378
1280
1260
1327
1307
1243
1250
1335
1330
1278
1290
1387
1394
1349
1382
1494
1509
1460
1481
1565
1565
1514
1526
1597
1595
1528
1528
1606
1612
1537
1540
1616
1628
1545
1540
1598
1620
1538
1526
1592
1581
1510
1500
1589
1565
1485
1473
1534
1532
1443
1439
1505
1497
1415
1412
1489
1465
1407
1411
1475
1481
1396
1382
1445
1422
1357
1345
1410
1375
1306
1288
1348
1334
1267
1264
1325
1304
1243
1240
1330
1301
1241
1226
1299
1290
1226
1240
1312
1320
1252
1259
1345
1340
1267
1271
1328
1320
1241
1232
1310
1285
1205
1201
1272
1265
1180
1191
1255
1237
1155
1151
1224
1206
1135
1120
1196
1203
1135
1140
1210
1202
1117
1126
1199
1186
1107
1112
1191
1181
1096
1098
1172
1154
1074
1087
1159
1135
1068
1077
1144
1126
1057
1064
1148
1131
1066
1076
1164
1154
1081
1083
1166
1140
1089
1096
1157
1184
1079
1084
1162
1135
1079
1068
1146
1134
1065
1060
1139
1112
1036
1027
1097
1072
1009
1000
1066
1052
971
976
1050
1047
960
960
1061
1023
938
945
1012
996
936
940
1014
1004
932
937
1017
1005
944
954
1013
1005
944
948
1014
1024
944
942
1013
996
925
921
982
973
914
914
993
975
916
914
996
983
903
918
990
984
922
920
1001
992
921
927
1006
986
906
892
950
932
882
892
956
942
882
883
955
953
861
859
921
912
845
849
902
918
859
859
933
936
860
872
949
946
874
857
926
916
828
846
933
924
852
838
921
898
818
809
891
846
791
784
870
842
785
786
892
873
812
819
911
917
837
842
908
908
828
828
909
905
840
837
897
921
833
837
913
907
834
828
896
879
801
793
860
859
784
787
857
852
793
788
878
861
801
807
884
889
825
834
918
933
874
892
982
685
292
291
290
292
295
292
292
291
804
807
290
290
291
-8
-8

