;UFOS3
;Measurement details: channel = D, date = 12.09.2015, time = 11:38:31
Exposure=212
Gain=0
Temperature=34.8
Accummulate=4
1.9299556713169845 mu
1.948252275883447 amas
30.91 hs
0 ozone
29128 uva
12040 uvb
9927 uve
[Value]
-5
294
295
295
295
295
294
293
310
305
354
354
306
306
361
361
312
312
358
372
306
315
377
362
310
309
387
383
316
315
385
366
318
315
373
363
313
313
369
373
312
312
364
370
310
314
387
382
320
317
375
373
311
314
388
381
308
312
381
389
310
319
374
393
315
312
387
366
312
314
362
384
313
320
371
376
307
312
369
372
315
316
390
372
310
313
373
380
313
314
376
386
309
313
377
367
314
312
370
385
317
313
367
380
312
319
388
376
313
315
383
367
314
316
371
383
317
311
370
373
306
310
380
380
310
319
373
362
307
317
382
386
308
312
370
385
307
312
374
373
315
311
383
387
310
315
373
392
311
315
389
386
310
311
378
374
310
313
384
381
309
313
374
373
317
319
378
388
311
314
373
397
310
316
370
384
309
314
378
377
311
315
396
375
314
316
362
371
314
313
374
385
309
317
377
378
316
311
370
380
312
313
369
373
313
311
369
377
310
316
368
368
315
316
383
381
311
311
375
383
311
315
371
383
311
314
377
374
315
315
380
368
314
316
370
378
322
314
389
368
310
310
366
381
311
314
379
376
312
308
379
372
314
312
367
377
313
316
411
374
312
313
381
370
311
310
387
372
309
315
373
365
307
317
374
375
314
306
383
375
313
316
384
376
315
310
389
373
317
312
377
376
310
315
374
370
310
313
380
373
304
309
379
374
313
314
384
378
316
317
375
380
309
313
385
363
322
316
380
372
315
315
381
388
309
312
389
382
315
311
367
375
312
310
379
369
312
311
375
371
309
318
373
385
314
319
374
388
312
318
381
379
315
313
362
368
314
312
370
369
312
316
374
368
310
314
365
375
312
308
384
382
314
314
372
372
311
316
382
379
311
314
372
367
313
315
379
383
312
314
390
371
311
311
374
386
315
317
385
379
312
311
377
387
315
318
386
372
307
319
380
375
314
319
381
383
316
311
375
380
312
315
373
382
315
308
358
380
309
315
377
374
309
313
369
385
308
314
376
378
313
312
385
372
311
312
376
383
308
314
381
401
312
311
373
373
311
318
377
378
313
311
374
367
309
308
384
365
311
309
365
376
316
316
373
372
317
316
371
375
312
309
366
386
304
315
378
380
310
324
381
375
308
318
367
369
313
308
366
378
315
312
378
372
308
313
361
386
306
318
382
389
310
311
372
381
313
314
380
378
311
313
377
386
313
314
374
381
315
311
377
376
310
315
375
371
313
315
378
371
319
313
370
369
314
312
374
389
309
313
369
368
314
314
372
367
311
313
386
373
320
317
381
397
310
315
367
383
314
314
382
380
310
317
375
369
314
311
379
381
312
314
380
385
313
313
375
376
313
316
366
379
309
317
367
383
306
316
375
381
308
317
373
364
317
315
378
381
308
311
383
380
314
313
380
378
317
314
377
369
313
321
388
377
316
314
374
387
322
318
385
366
306
311
369
368
309
312
375
392
312
320
381
375
309
313
365
376
318
316
391
379
313
318
380
378
312
310
379
384
307
315
382
371
306
314
388
381
315
318
377
370
306
315
372
375
307
313
380
378
315
315
386
371
309
314
386
392
317
319
373
363
313
312
375
371
318
318
367
379
315
311
391
379
311
314
371
376
312
317
388
367
314
315
360
378
309
314
379
380
309
313
379
371
312
312
366
366
308
319
382
383
312
319
393
363
311
312
364
371
316
308
374
376
310
311
375
374
312
316
375
373
308
317
372
379
314
319
376
382
318
312
376
374
313
314
371
375
313
311
399
369
313
317
371
372
317
317
378
374
311
318
394
379
316
317
371
365
310
316
390
380
310
318
376
367
308
316
377
374
311
314
384
383
312
311
381
373
314
313
386
379
315
314
366
358
311
312
380
370
311
317
378
364
312
314
375
384
312
311
381
380
309
317
374
373
315
312
371
363
318
307
371
384
313
311
383
368
316
319
381
373
308
311
374
376
315
316
391
382
308
313
364
388
306
318
395
380
314
311
378
385
312
317
379
369
309
313
397
373
310
319
382
375
313
319
379
375
313
311
374
373
319
315
391
371
313
318
374
377
312
317
371
378
318
316
393
370
307
317
386
377
319
318
374
371
309
313
370
382
308
320
367
372
315
310
368
395
316
313
383
375
311
313
387
372
317
313
367
381
307
314
372
378
320
313
373
366
316
316
386
374
314
307
382
369
313
309
390
378
307
312
375
378
312
320
384
378
323
321
367
380
306
316
368
378
313
315
379
374
314
315
380
367
312
310
372
383
312
319
381
381
314
334
375
381
306
312
372
370
310
308
377
375
309
314
359
376
310
317
376
378
315
308
376
376
313
315
378
385
312
316
385
377
312
316
396
378
309
318
375
378
311
314
370
368
317
316
373
389
312
317
371
377
311
321
380
372
308
313
373
394
308
312
385
370
311
307
384
371
309
315
383
373
315
316
370
386
311
313
371
376
313
316
375
384
314
311
373
374
312
313
379
368
310
319
385
375
312
313
386
381
309
312
381
389
315
310
383
374
305
314
369
378
310
313
375
384
315
310
386
373
310
311
366
387
314
312
384
386
310
321
374
377
313
312
377
376
311
318
371
377
314
322
364
372
310
309
385
376
311
314
368
410
316
314
385
367
314
312
375
380
318
316
375
382
308
315
372
393
309
318
365
375
311
318
376
370
310
314
375
370
316
310
374
389
305
313
357
376
309
312
379
370
311
316
377
369
315
313
369
367
307
312
376
380
310
318
376
380
312
310
381
374
314
308
376
387
313
309
385
364
313
313
381
382
315
314
372
379
312
314
371
381
310
319
380
379
318
310
377
383
309
312
381
384
312
314
372
382
308
322
388
365
312
317
374
386
310
315
374
399
313
312
375
375
314
314
369
388
317
316
384
372
309
316
380
373
310
312
371
377
313
314
388
384
311
318
376
367
309
310
381
371
313
313
377
375
313
319
377
374
311
317
382
394
313
315
378
375
310
319
378
369
312
311
370
383
314
316
382
375
314
313
387
379
310
312
384
378
312
309
383
377
311
320
375
385
312
318
395
379
309
326
369
376
312
316
383
366
308
312
389
382
316
314
381
374
310
314
369
381
314
316
356
373
312
312
373
386
311
317
374
389
309
310
368
363
312
307
384
385
313
315
383
375
326
313
380
381
309
310
375
383
312
318
384
376
313
319
383
373
310
309
378
377
314
318
364
383
317
311
380
370
311
316
372
376
312
320
371
380
308
320
373
380
310
309
371
380
316
311
381
376
306
316
385
372
313
316
391
379
313
317
357
382
313
320
380
386
313
315
373
384
308
309
369
379
316
314
378
369
313
314
378
369
316
322
381
377
310
317
368
378
316
316
372
381
315
320
378
378
311
311
366
374
314
318
393
385
312
316
388
370
311
314
371
376
313
313
381
378
311
321
366
380
314
318
376
382
310
319
373
390
311
312
377
389
311
318
388
388
309
318
379
388
307
310
391
373
313
315
385
375
312
314
372
374
312
317
367
371
313
315
367
389
317
314
379
367
309
316
382
375
312
316
368
377
308
319
374
376
313
319
371
376
306
316
373
384
311
315
383
383
308
311
396
381
312
312
389
375
307
314
380
394
311
316
371
384
310
314
376
379
314
317
379
366
312
310
386
393
313
318
375
397
311
313
378
371
312
319
387
380
312
309
389
383
311
311
372
369
313
314
377
370
316
320
379
384
314
313
375
375
308
313
376
380
312
315
366
378
317
314
367
365
314
313
383
387
307
316
379
377
310
310
378
375
313
319
379
371
307
316
376
381
311
312
365
375
307
313
384
380
314
315
380
367
309
315
372
368
310
316
373
374
309
310
381
387
311
319
381
377
311
317
389
379
312
313
379
368
323
316
384
382
309
311
370
373
316
310
384
377
309
313
374
364
317
318
374
378
397
321
381
383
307
320
382
380
315
320
376
370
307
311
380
380
307
312
377
377
312
318
375
379
312
321
374
379
313
312
383
381
308
316
378
374
317
312
388
365
317
317
378
377
312
323
374
388
309
321
377
384
308
317
372
378
311
316
387
378
309
315
381
376
312
311
385
373
314
316
381
377
311
312
383
382
312
313
374
377
314
311
377
377
318
315
373
374
313
315
382
374
315
316
379
374
310
313
377
384
316
314
387
384
309
314
381
371
311
318
378
371
309
316
372
380
313
319
371
370
309
312
368
386
310
316
380
378
316
311
374
388
313
311
391
372
309
313
377
374
317
313
366
381
309
320
391
369
312
316
382
388
310
315
390
375
313
320
384
373
310
317
383
381
306
311
405
377
314
313
373
379
307
316
371
377
318
315
374
377
315
315
374
368
314
315
370
366
312
317
380
373
309
311
377
386
318
313
375
379
311
312
372
387
308
317
374
372
313
313
376
370
313
316
363
381
308
316
387
382
312
314
377
373
313
317
383
381
317
314
373
387
311
317
379
374
313
319
378
378
311
314
378
368
313
314
384
374
316
315
365
384
310
315
378
384
309
310
379
369
310
313
387
378
312
314
380
381
309
316
365
381
314
312
381
373
317
318
380
384
313
310
369
383
313
309
375
385
310
315
376
376
313
315
376
380
320
317
382
395
314
315
374
400
315
311
375
372
309
311
387
380
322
319
376
377
309
317
381
363
312
315
380
372
317
313
378
365
313
316
387
382
306
311
376
362
311
313
382
378
313
316
391
380
311
312
374
363
311
315
377
370
312
316
408
374
312
313
373
368
312
311
381
367
310
314
386
374
316
312
385
392
313
317
385
376
314
320
377
386
310
317
370
368
309
311
354
377
319
310
394
393
311
314
384
393
307
315
380
381
310
314
381
377
311
315
383
377
313
313
397
376
310
314
376
379
311
317
396
381
308
316
373
374
308
318
378
372
310
314
380
374
314
315
369
376
308
317
379
380
310
311
377
372
314
315
375
385
311
317
374
384
311
316
389
391
314
314
387
370
319
315
376
390
312
318
380
372
314
321
367
371
312
310
385
377
309
322
377
371
306
315
384
378
317
315
389
381
311
317
388
382
316
314
374
384
310
308
380
380
314
317
384
383
319
313
383
381
318
317
369
381
310
317
385
365
312
323
378
380
307
313
379
380
309
310
376
389
312
312
395
378
373
318
390
383
312
313
364
395
308
314
376
372
310
318
384
387
307
313
375
378
311
314
384
377
308
308
393
371
307
313
380
384
312
314
384
374
312
311
391
386
308
320
381
375
308
317
385
379
306
312
371
367
317
318
362
386
316
317
376
376
315
310
392
382
317
312
386
381
311
321
384
363
306
321
382
385
304
313
381
390
313
317
392
368
309
318
376
363
312
316
390
372
310
317
356
372
310
314
378
376
311
312
373
371
313
315
385
400
308
317
371
362
309
320
387
379
312
315
364
372
316
315
386
379
310
323
380
367
312
312
372
380
308
314
381
370
314
315
382
385
310
308
381
374
311
316
385
383
314
319
390
373
316
313
383
372
316
320
388
374
305
315
380
377
316
316
386
368
315
314
393
368
311
311
368
374
308
313
385
400
306
310
391
372
318
315
380
372
312
315
390
375
307
315
366
384
313
318
384
373
308
318
370
373
309
314
387
371
314
325
376
389
308
310
396
389
310
313
379
367
311
318
378
377
309
313
385
374
312
316
371
394
312
316
382
370
312
312
381
385
308
316
385
383
312
314
382
374
309
314
366
379
320
320
383
372
320
323
377
385
313
314
374
366
311
320
386
376
312
314
388
371
308
317
379
375
308
313
393
365
310
316
391
380
312
313
373
378
310
315
399
387
314
311
366
378
306
317
398
375
311
315
374
371
310
315
380
369
314
317
382
368
316
318
390
380
312
313
384
387
335
310
377
365
310
311
386
375
313
317
380
367
310
312
383
380
310
311
388
370
310
313
377
384
312
315
394
367
314
318
375
366
311
309
379
376
314
317
382
364
315
315
378
363
312
318
380
369
310
317
374
377
314
314
374
379
315
309
396
368
316
320
378
371
312
317
386
377
314
313
373
377
307
317
374
373
318
314
366
368
312
315
378
353
309
317
388
362
311
315
386
375
308
313
387
362
318
312
377
366
312
316
385
381
309
316
383
365
309
315
374
368
311
311
387
368
308
316
379
387
310
311
391
385
321
316
375
375
310
314
375
375
312
316
386
381
307
314
373
367
312
319
380
378
312
317
380
365
311
317
382
375
317
313
378
375
311
313
369
379
311
314
381
384
310
313
388
372
310
309
380
382
308
319
374
375
312
313
396
375
314
309
380
376
308
312
390
385
313
321
378
374
310
319
386
374
320
317
383
386
311
310
386
376
314
318
386
378
320
320
386
388
313
311
369
383
315
317
376
387
312
316
391
374
309
316
399
372
311
320
384
371
311
313
390
368
316
313
390
369
312
309
395
378
310
314
386
374
312
312
388
369
314
315
371
385
316
319
385
364
312
311
384
366
315
315
385
376
308
311
401
377
317
316
375
380
314
311
365
391
315
307
394
381
307
316
400
374
313
314
377
389
315
314
379
363
317
315
384
371
313
315
374
371
313
312
381
360
318
315
386
377
315
312
382
392
315
313
373
392
311
312
384
372
313
312
383
364
314
318
381
389
309
318
372
378
313
317
394
368
314
318
380
374
310
314
416
373
316
319
374
377
322
314
395
387
315
315
384
380
319
318
383
382
317
314
385
375
309
312
375
376
307
316
381
361
311
320
370
384
312
312
379
378
309
308
380
386
309
317
378
379
312
316
381
388
316
314
387
390
311
319
380
374
312
313
390
378
317
316
375
380
310
310
382
385
316
317
385
381
316
314
389
379
316
314
392
379
313
318
396
388
316
316
386
402
314
315
377
380
310
318
388
373
321
320
376
376
314
315
383
392
320
319
383
382
308
311
378
375
313
314
383
383
312
313
381
373
312
313
385
386
319
310
381
368
311
318
385
375
311
319
386
375
311
318
373
382
311
315
374
378
320
316
381
376
317
319
382
402
315
315
375
385
312
314
386
385
308
311
380
377
312
313
383
373
310
316
374
377
314
317
381
382
316
312
387
377
312
313
396
373
316
320
387
363
319
321
390
383
311
315
400
367
312
311
370
375
320
318
386
374
312
316
381
380
309
321
388
375
316
320
392
375
316
308
389
378
312
323
384
364
312
321
395
376
314
320
400
378
314
322
375
379
313
320
388
389
313
319
364
396
314
312
407
364
313
326
395
365
315
310
376
381
309
316
396
388
316
314
400
383
309
316
382
389
316
311
395
363
316
315
379
381
320
318
398
386
313
313
391
380
318
312
390
386
314
313
396
386
315
316
380
374
313
310
382
378
309
313
389
382
309
315
391
374
320
316
372
373
312
315
380
379
309
319
378
371
311
313
375
389
311
316
395
386
315
317
387
383
311
316
380
386
313
318
384
375
318
317
389
372
312
312
385
374
315
312
388
384
311
320
392
383
307
314
391
384
319
314
381
365
317
310
384
365
314
313
377
377
314
314
388
382
312
321
384
371
317
314
383
376
308
314
394
379
311
315
378
381
317
314
403
367
311
315
379
376
315
322
393
371
313
318
379
383
314
317
384
379
314
319
374
399
313
315
386
376
320
319
384
378
307
318
377
373
314
319
376
390
313
313
380
371
309
315
389
369
310
317
383
369
306
315
386
369
310
317
380
369
313
318
375
376
315
314
384
388
314
314
380
387
312
312
377
393
317
318
385
378
314
311
396
388
318
322
384
382
309
316
388
372
314
315
388
371
315
323
375
395
322
314
380
372
315
313
390
376
315
309
384
376
320
318
383
370
314
312
403
372
313
312
372
372
308
315
375
383
315
313
389
380
314
316
379
378
312
316
395
387
319
314
391
384
312
312
381
383
318
315
393
385
316
313
385
377
314
321
394
387
306
318
384
386
314
316
393
389
313
318
385
381
318
322
391
370
311
312
382
367
311
315
390
366
310
320
399
383
315
317
388
371
314
316
371
405
310
320
390
374
319
313
387
373
312
317
395
378
311
317
389
372
319
316
381
379
308
319
385
381
313
315
418
383
311
314
378
368
311
317
388
378
309
312
384
378
313
319
384
380
314
319
382
388
315
314
386
373
313
314
379
376
318
318
389
374
314
315
388
382
310
313
385
374
318
316
394
381
310
311
390
385
317
311
381
364
316
322
382
367
313
319
391
392
316
321
388
384
312
318
367
374
315
319
378
384
312
312
383
374
314
317
389
384
312
322
396
378
313
309
389
381
314
317
403
369
315
314
393
373
317
313
398
384
315
308
384
391
310
319
384
385
315
313
390
383
318
317
374
400
316
316
384
379
314
315
382
384
317
315
375
377
312
314
380
378
316
312
395
374
313
318
385
377
312
309
381
384
316
317
385
382
296
295
295
294
295
294
293
294
308
316
295
296
295
-5
-5

