;UFOS3
;Measurement details: channel = D, date = 12.09.2015, time = 11:52:49
Exposure=347
Gain=0
Temperature=34.9
Accummulate=4
1.98532577487126 mu
2.005842753465064 amas
29.935 hs
0 ozone
31490 uva
12977 uvb
10682 uve
[Value]
-10
289
290
292
290
290
289
289
313
310
388
387
307
310
398
399
318
315
395
414
310
322
423
401
316
315
436
425
323
322
433
407
327
324
410
403
319
320
415
418
317
318
402
408
317
324
433
431
331
328
421
422
315
322
438
431
313
315
427
436
318
331
421
436
325
322
430
409
319
321
401
431
321
329
415
419
312
320
414
415
321
325
441
420
313
321
418
430
320
324
420
427
314
320
424
410
317
317
412
431
323
318
411
425
318
333
436
419
317
324
434
410
319
322
419
427
323
316
413
419
310
318
426
427
315
327
416
405
309
325
425
435
310
322
415
425
308
320
418
417
321
313
432
435
316
325
422
437
316
327
445
434
315
316
424
417
316
320
432
431
316
323
425
415
326
329
425
434
316
320
417
443
317
326
410
435
314
323
427
423
317
324
443
419
321
324
402
406
321
319
418
432
316
327
427
426
323
319
413
425
317
321
414
416
316
320
414
426
316
326
410
416
323
321
428
427
318
318
417
426
318
322
413
433
316
323
425
419
322
326
430
415
322
324
409
426
332
323
433
410
318
315
405
425
315
324
428
419
320
315
422
413
324
320
412
424
321
327
452
415
319
320
429
414
318
315
436
413
313
321
418
410
309
325
418
421
325
309
431
420
320
323
437
423
324
319
438
412
323
314
428
417
313
320
422
414
312
319
424
421
307
314
424
420
320
321
434
428
327
323
422
426
313
319
436
406
332
322
433
415
324
321
427
440
311
316
440
434
324
320
409
422
318
315
427
417
319
315
419
413
314
328
415
437
320
329
418
438
317
329
430
423
321
320
403
415
324
321
412
413
318
327
418
408
314
323
403
421
319
313
432
429
319
323
416
417
318
326
434
429
318
318
417
412
319
322
427
432
321
326
446
417
314
315
419
436
325
327
437
432
321
318
424
431
324
328
432
417
310
330
429
422
323
331
425
432
324
317
422
428
317
324
417
430
319
317
398
426
313
321
424
419
312
316
412
434
313
324
423
420
322
317
434
417
317
317
423
437
314
325
427
452
318
321
417
418
317
329
427
427
319
319
416
415
314
315
435
404
316
314
408
419
322
323
422
413
325
326
412
423
320
315
413
438
308
325
426
432
313
335
428
421
310
329
412
413
322
314
410
426
321
321
424
418
314
320
399
434
309
327
432
439
318
320
420
425
320
319
427
426
315
320
424
431
318
321
422
428
324
319
428
422
321
324
421
415
319
324
424
414
330
321
414
415
320
323
424
437
312
318
413
412
324
321
417
410
317
320
438
419
332
323
431
451
319
324
412
436
326
322
431
422
317
324
425
412
319
320
427
433
319
317
427
435
319
317
421
418
316
325
410
426
316
325
410
432
310
322
423
430
312
325
417
407
326
323
425
428
310
320
440
427
319
322
427
428
326
325
425
415
321
331
445
427
322
319
421
438
330
329
439
406
310
316
411
414
314
319
424
443
316
331
425
423
314
320
406
426
326
326
445
430
320
327
432
421
322
314
427
433
309
322
431
419
312
322
431
433
323
327
423
414
310
323
416
422
309
324
430
430
323
325
434
417
317
320
438
443
326
329
421
404
322
322
420
421
328
328
409
427
325
321
442
428
314
322
414
425
320
325
444
408
323
323
398
424
316
323
427
432
316
320
424
417
317
320
411
406
313
329
430
427
319
330
439
401
315
320
406
414
324
314
419
416
313
316
416
422
316
323
422
417
313
319
419
430
323
328
425
424
329
318
423
422
319
322
413
421
317
317
452
414
317
328
421
420
325
325
423
423
315
327
437
430
325
327
411
413
315
326
440
432
315
328
423
413
315
323
423
420
319
320
435
436
315
319
430
419
320
324
429
429
319
324
408
399
313
317
424
413
318
327
427
409
316
321
420
436
321
317
429
432
313
329
422
421
324
320
416
406
326
313
414
434
319
320
436
411
325
328
426
420
310
318
422
420
323
326
438
432
313
323
406
438
312
324
450
427
321
316
424
432
318
328
428
411
311
319
445
416
316
329
432
423
317
328
425
422
323
320
420
413
331
323
440
416
319
326
417
420
315
332
415
425
331
321
444
420
309
325
432
424
327
330
418
412
312
323
415
431
316
325
412
415
322
316
410
442
323
325
432
426
319
317
439
419
328
321
411
425
311
322
420
426
330
319
419
411
323
325
435
424
320
312
433
414
322
315
446
428
311
320
424
423
320
331
434
430
333
331
409
432
305
327
412
428
321
324
430
420
319
325
428
410
315
316
416
430
320
332
428
431
318
357
422
431
312
319
414
418
315
312
420
422
316
322
396
422
318
323
425
426
323
314
425
425
319
320
425
430
319
322
433
429
321
326
450
426
318
330
417
422
316
327
415
410
326
324
418
446
314
324
418
428
315
332
433
420
315
322
416
449
314
315
432
413
317
312
433
418
313
329
433
417
323
323
414
445
319
321
414
424
320
327
419
432
318
317
419
422
320
322
425
410
312
326
433
420
319
319
440
426
313
318
428
438
323
314
430
422
310
321
417
426
322
318
421
433
323
317
437
416
313
316
410
438
324
321
435
440
313
331
421
422
321
317
423
421
316
327
413
423
322
330
405
414
314
312
439
422
318
320
411
453
319
321
436
408
325
322
423
429
325
326
423
435
313
325
418
442
316
327
408
417
318
327
426
416
311
322
423
417
325
318
415
435
309
320
394
419
316
322
424
413
315
325
425
414
321
320
412
408
313
321
420
422
315
329
421
430
322
319
428
418
326
314
424
441
322
310
437
406
324
322
429
436
323
319
419
426
316
323
414
427
317
330
430
432
329
313
426
427
312
320
435
435
320
322
422
434
312
335
439
404
320
325
416
438
312
324
424
444
319
320
425
425
321
322
410
439
322
324
435
417
315
319
433
420
315
322
418
422
321
323
441
436
316
330
423
412
314
315
429
413
323
320
422
424
321
327
428
419
320
329
432
438
320
325
426
423
316
329
423
415
319
317
415
432
323
325
435
420
320
315
439
424
313
319
432
428
317
315
431
428
315
331
423
439
317
327
452
424
314
335
417
422
319
324
437
409
313
320
442
430
324
320
428
421
316
322
415
426
318
322
393
415
316
320
424
435
315
328
423
447
315
316
410
406
319
315
438
435
318
321
438
424
339
323
428
432
314
316
415
435
315
328
439
420
321
330
435
419
317
315
429
428
324
324
404
434
353
315
429
417
316
327
414
424
317
329
418
431
313
327
419
428
313
315
413
432
325
314
429
422
311
326
436
417
323
325
439
429
317
329
395
432
321
331
424
438
320
322
417
430
313
321
413
427
325
324
429
415
319
325
428
411
324
334
431
420
317
326
414
427
327
321
417
429
325
331
427
422
317
318
407
417
322
325
447
437
318
328
440
419
317
319
414
426
319
321
432
424
317
333
411
426
318
326
424
433
314
330
418
447
317
321
423
435
317
328
436
435
315
329
427
437
311
317
445
416
320
323
438
424
320
321
416
423
316
330
409
417
320
325
409
438
325
327
428
411
316
325
435
425
319
326
416
424
315
329
419
423
326
327
418
423
311
322
418
440
314
321
433
434
313
319
448
427
320
320
445
421
312
324
437
446
314
325
416
430
315
319
424
427
322
325
428
408
317
317
440
443
321
327
421
448
318
321
427
416
318
333
441
424
315
315
443
433
316
318
415
417
318
320
426
416
326
329
426
432
320
320
423
425
311
319
424
432
319
324
407
426
326
320
407
407
319
319
432
443
309
325
423
423
318
318
427
425
319
331
430
413
308
326
428
431
318
317
411
425
310
319
435
434
325
320
429
409
314
323
420
412
315
326
421
420
317
316
435
437
318
329
431
428
318
326
443
429
321
319
433
411
336
327
436
433
318
318
414
419
326
319
433
428
315
321
423
404
327
329
420
428
433
331
431
436
311
333
431
430
323
327
426
413
314
318
432
431
310
318
426
428
317
325
422
426
320
332
420
428
322
319
436
431
315
324
429
423
323
324
446
407
324
326
429
425
317
335
423
443
315
330
429
436
311
328
420
432
316
329
440
427
316
323
431
425
321
317
438
421
320
326
429
428
317
320
439
435
322
318
422
430
322
317
425
428
330
323
421
421
320
324
434
423
324
326
430
420
316
321
427
436
321
324
438
436
311
323
433
415
315
330
422
414
314
325
416
430
321
333
419
418
311
320
411
437
316
326
434
426
322
318
420
436
321
318
442
415
311
322
425
424
327
319
408
432
313
332
445
412
323
324
438
442
313
321
445
423
322
335
438
419
316
327
433
433
309
318
456
430
320
319
416
431
314
323
417
423
328
325
421
426
323
318
423
415
322
325
414
406
316
326
428
419
314
316
425
432
329
321
418
426
319
324
421
437
317
329
420
416
324
319
423
413
318
328
404
429
312
323
438
433
318
319
422
418
322
328
438
429
323
323
422
439
315
329
428
421
316
330
423
423
318
322
428
411
323
321
436
422
326
325
405
431
315
322
428
433
315
316
428
411
317
322
441
428
321
323
431
429
313
326
411
432
324
320
431
418
328
325
428
436
318
314
414
429
318
316
420
431
319
322
426
424
320
324
423
427
328
327
436
445
321
325
418
456
324
319
427
415
313
320
444
429
334
330
425
423
311
327
431
403
322
323
433
420
326
323
428
407
321
326
438
427
309
318
421
402
317
320
428
418
320
324
444
430
314
318
421
404
316
323
424
417
316
324
459
421
319
320
415
413
319
316
430
409
317
321
437
425
321
316
438
447
319
330
436
424
322
330
426
439
316
326
413
410
315
318
391
422
328
315
450
444
320
322
436
443
312
325
430
431
317
319
431
427
316
322
435
427
320
321
452
428
316
321
425
427
317
327
456
433
312
323
420
418
313
328
429
419
316
320
428
422
327
320
415
424
311
328
424
430
315
319
425
419
318
320
425
434
317
325
421
436
318
323
442
439
325
322
436
415
330
322
422
447
318
334
428
416
323
334
413
419
318
317
435
427
316
332
423
418
310
324
441
425
325
323
439
429
321
327
439
432
323
325
424
434
312
310
431
434
323
329
435
435
330
319
433
430
329
326
418
437
315
330
435
407
322
337
425
428
313
319
423
432
315
317
420
443
319
318
454
427
403
330
447
431
319
319
406
447
313
323
423
420
314
327
436
440
313
318
420
425
318
321
432
431
311
313
452
418
311
319
431
436
320
322
438
418
318
314
444
440
313
332
431
423
310
329
434
425
310
319
418
415
324
326
406
437
326
327
420
427
321
316
449
431
324
322
439
429
317
337
437
403
310
332
434
434
309
319
431
448
320
329
447
414
312
328
423
406
319
326
446
417
313
326
395
416
314
322
425
429
319
315
419
413
321
323
436
454
313
326
415
401
314
330
441
435
321
324
405
420
328
324
438
429
314
333
428
410
319
320
417
432
311
323
431
412
320
322
435
438
319
314
427
422
318
322
437
430
326
331
447
421
328
319
431
418
325
329
441
419
307
325
428
427
327
324
440
411
324
324
446
412
317
317
412
419
313
321
440
448
308
316
451
418
328
325
431
419
320
321
438
422
311
323
411
439
323
326
431
418
311
329
415
420
313
323
440
419
322
338
424
440
313
318
456
440
320
323
421
411
317
328
426
422
313
322
435
423
316
324
415
445
320
325
435
417
320
318
432
436
313
327
434
432
320
320
431
420
312
322
407
426
333
333
437
422
332
337
425
434
322
321
416
410
318
331
436
418
313
322
442
419
313
323
431
420
312
320
450
407
317
326
442
430
317
318
421
429
315
322
455
440
322
319
410
428
309
326
452
421
316
324
421
417
316
327
426
410
322
326
434
408
328
328
451
427
319
319
435
435
353
319
428
406
316
316
434
418
320
323
429
406
316
322
436
429
313
319
441
418
315
323
425
430
320
324
446
409
322
330
421
409
316
311
427
426
320
327
437
406
324
322
428
403
317
330
429
413
315
328
421
423
322
319
422
427
320
312
453
409
323
333
427
414
316
325
441
420
323
319
418
425
310
331
421
419
331
321
408
411
320
323
424
389
314
323
437
402
319
323
432
422
313
324
443
403
329
319
424
407
316
325
437
426
314
324
432
409
315
322
420
412
318
319
434
410
318
326
427
435
317
321
445
435
333
324
423
421
315
320
424
418
319
324
440
427
312
319
422
414
318
329
425
424
315
328
430
410
313
326
430
420
327
321
426
422
320
322
414
425
320
322
430
435
316
320
440
418
318
315
431
429
315
331
416
426
315
322
449
418
321
315
429
422
313
318
445
439
320
334
424
420
314
330
433
419
331
326
435
435
322
318
438
421
322
330
438
421
329
331
440
439
321
315
411
433
324
326
427
435
318
325
443
420
314
325
455
419
319
330
435
415
316
319
444
413
327
318
438
413
317
314
452
426
315
321
440
423
318
315
441
409
320
324
419
438
328
335
444
405
319
316
438
412
324
326
437
421
313
318
457
421
326
326
420
427
322
320
408
442
326
312
454
432
311
324
457
419
317
321
427
440
325
322
426
405
325
321
433
415
320
322
422
417
318
319
428
401
330
324
433
428
324
320
434
442
325
320
416
443
317
320
438
418
319
322
437
408
323
329
429
444
315
333
420
430
322
325
450
416
322
329
430
425
316
320
469
418
326
329
422
420
334
320
449
442
322
326
440
428
328
331
440
437
323
324
436
422
313
322
424
420
312
324
429
403
318
330
412
440
317
322
427
430
316
314
432
434
318
326
425
426
318
327
431
443
325
325
443
442
320
330
429
420
320
325
444
426
327
327
423
432
313
317
433
437
325
326
436
431
326
327
441
424
329
321
447
429
320
327
454
440
327
325
438
461
323
324
425
429
317
332
438
420
329
330
427
422
322
325
436
442
330
326
438
437
316
321
428
423
320
322
433
432
318
325
427
423
319
322
436
434
330
315
431
408
317
328
437
419
317
326
439
422
317
328
420
435
317
324
420
427
329
320
430
426
328
328
431
454
322
320
423
439
316
321
438
440
316
317
433
425
321
321
437
415
317
325
422
425
322
329
432
431
327
319
442
428
320
322
452
421
324
332
440
404
327
335
443
434
316
322
460
412
322
318
417
426
331
333
443
423
321
323
430
433
313
333
446
422
323
330
452
420
329
316
446
424
318
335
433
404
322
338
447
422
319
331
459
428
323
338
424
429
322
333
445
443
317
330
403
446
321
319
469
405
323
341
454
410
325
315
426
436
315
328
451
438
325
323
461
437
315
327
434
443
330
317
456
407
329
323
426
434
332
328
455
440
318
319
442
429
328
317
441
436
319
321
457
436
322
323
432
421
322
318
434
429
314
318
441
436
316
323
448
419
332
324
419
425
321
324
430
426
315
331
433
416
316
322
424
446
316
323
458
438
322
324
441
436
319
325
435
440
319
329
437
424
331
326
446
421
323
317
440
424
321
319
442
442
320
331
451
436
315
324
447
436
328
322
438
409
326
315
440
410
320
320
426
427
321
322
442
434
319
333
435
416
330
325
444
428
315
327
455
426
319
322
432
429
326
322
470
410
316
324
431
427
324
332
449
417
318
330
431
436
323
328
438
432
325
328
421
451
321
326
438
424
329
331
431
428
311
327
428
423
319
329
427
443
318
318
433
415
316
325
446
415
318
326
439
416
312
323
441
415
317
324
433
413
325
325
428
427
326
320
438
438
323
322
430
442
319
321
429
454
328
325
438
430
323
315
455
445
326
331
438
433
314
323
443
419
321
325
442
417
326
336
423
453
337
321
434
419
320
320
443
427
325
316
433
429
328
328
438
414
323
319
463
421
322
321
419
418
315
325
426
432
326
319
445
433
321
325
430
429
318
323
455
439
331
325
452
437
318
321
431
434
329
324
449
437
324
321
436
431
321
334
454
438
309
327
437
440
319
328
458
445
321
329
441
434
328
333
446
419
320
316
434
412
316
325
446
414
317
328
461
437
324
329
440
417
322
326
420
467
319
329
443
422
330
322
439
422
319
326
455
429
320
327
443
418
332
324
430
430
315
333
442
432
320
322
485
434
318
322
430
410
321
328
442
431
314
317
438
427
324
331
435
432
325
330
437
444
326
323
440
423
320
325
423
424
333
327
444
421
323
323
445
433
314
320
436
424
329
325
449
430
317
319
444
438
330
315
430
404
330
333
439
408
320
326
447
446
322
339
440
437
321
325
409
420
324
328
426
436
321
323
437
428
323
323
442
439
319
336
458
430
325
315
443
436
322
326
461
416
324
321
451
415
325
321
462
435
322
317
438
442
314
329
436
439
324
325
445
436
329
329
424
465
323
324
436
428
320
321
436
438
328
324
424
427
316
322
428
429
324
319
449
422
321
328
436
429
321
318
432
439
325
324
441
433
289
291
291
291
291
290
289
290
315
324
291
291
290
-10
-10

