;UFOS3
;Measurement details: channel = D, date = 12.09.2015, time = 11:58:31
Exposure=222
Gain=0
Temperature=34.9
Accummulate=4
2.010163534556568 mu
2.0317271529473313 amas
29.518 hs
0 ozone
29410 uva
12152 uvb
10018 uve
[Value]
-5
294
294
295
294
294
296
294
311
310
359
356
307
306
364
366
313
312
363
376
309
316
382
367
309
310
394
386
319
315
388
372
318
315
375
369
314
313
376
380
313
312
370
372
313
316
392
387
323
319
382
381
311
317
393
385
309
314
389
392
312
320
379
400
315
314
391
372
314
314
369
389
315
321
374
379
308
314
376
378
315
317
397
378
309
313
378
383
313
315
382
391
311
314
381
375
314
312
375
392
315
314
372
385
314
322
393
379
311
314
389
371
314
319
377
387
317
310
374
379
307
311
385
384
310
321
378
370
309
319
385
394
310
315
374
390
307
315
379
376
314
310
387
392
312
318
379
397
313
318
396
390
310
312
382
381
310
314
388
389
313
315
380
375
318
322
384
393
312
316
379
404
312
318
370
390
311
317
386
382
312
315
406
380
319
316
365
375
315
314
376
391
311
319
382
383
316
313
374
385
313
314
375
377
311
314
374
383
312
317
373
376
316
316
388
387
315
313
379
388
314
317
375
388
311
316
382
376
316
319
388
374
316
317
372
382
323
316
393
375
312
309
370
384
312
317
384
386
314
311
381
380
316
313
374
382
315
319
418
380
313
314
388
374
311
312
393
375
310
314
378
371
308
317
382
377
317
307
384
379
314
317
391
381
316
312
395
377
319
311
384
379
311
315
379
376
308
315
383
378
306
311
384
381
314
315
390
385
319
316
379
384
310
314
392
365
322
317
387
375
316
316
387
393
309
312
389
388
317
315
372
381
313
309
382
376
314
310
382
373
311
317
376
390
315
321
377
394
312
318
385
383
317
314
368
375
318
314
375
374
313
318
377
372
311
317
367
381
315
310
388
387
314
317
375
377
314
319
387
382
313
315
374
373
316
317
383
387
314
316
395
375
311
313
378
388
319
319
392
386
316
311
382
395
317
320
388
382
308
319
387
378
315
321
389
389
317
314
380
385
313
315
377
384
315
310
365
385
310
315
382
382
310
312
375
392
309
317
381
380
316
313
388
377
313
313
382
392
311
317
385
407
313
315
377
376
314
319
382
384
313
313
377
376
310
311
389
369
312
312
370
382
316
318
379
379
318
318
374
380
314
311
375
390
306
315
383
387
310
325
387
379
307
318
372
373
314
309
370
385
317
313
383
376
310
314
366
391
307
319
388
394
312
314
382
386
313
314
382
383
311
313
383
391
313
317
377
385
316
314
384
382
314
317
377
376
314
317
385
374
322
313
375
373
314
316
381
392
309
314
374
374
318
316
379
372
314
314
392
378
322
316
385
403
313
316
371
387
320
314
388
384
312
318
380
373
315
314
385
387
313
314
385
391
314
314
379
379
313
315
371
384
312
320
373
386
308
317
380
386
310
317
377
371
317
316
382
386
306
316
391
384
314
315
384
383
319
317
382
375
315
321
394
383
318
315
380
392
321
322
391
371
305
312
373
375
311
312
382
398
314
321
383
384
309
313
370
382
320
318
396
387
313
320
387
383
313
311
383
387
306
318
388
378
310
316
390
387
316
319
382
376
306
316
376
376
307
315
382
385
315
316
390
376
311
317
391
401
316
318
380
368
316
315
378
377
319
321
369
383
315
314
396
384
312
316
374
381
315
318
395
371
315
316
365
382
312
316
384
386
310
313
383
378
313
314
371
371
310
320
387
386
315
323
397
366
312
315
369
375
319
310
380
379
309
311
377
381
310
317
383
377
310
317
379
385
313
320
379
383
321
314
382
380
315
314
374
380
313
313
406
376
312
320
378
380
319
318
384
380
312
320
398
386
318
317
373
372
311
317
394
387
312
320
380
371
310
317
381
380
313
314
388
389
312
313
386
378
315
315
392
383
314
316
370
366
311
310
384
374
311
318
380
372
312
316
379
390
313
312
385
384
311
318
379
381
317
314
375
368
319
310
376
389
316
315
391
371
317
318
384
378
309
311
380
381
317
316
397
386
311
315
371
394
309
319
401
385
314
312
384
390
313
318
384
373
309
314
403
376
312
318
389
381
312
319
382
379
314
315
379
379
321
317
393
375
316
318
380
380
312
322
374
384
322
317
397
377
308
318
388
378
322
319
378
375
311
314
376
387
309
319
371
376
316
315
372
401
316
317
384
381
314
312
393
379
321
313
376
385
309
312
376
382
322
314
379
370
319
318
393
378
316
311
387
376
317
312
397
387
309
314
379
381
316
322
389
383
326
323
371
387
306
319
373
383
314
318
384
377
312
317
384
370
313
312
375
388
314
323
383
388
315
351
378
389
308
312
375
377
311
311
382
376
312
315
364
382
311
315
384
383
315
311
385
383
313
314
381
388
313
315
389
387
313
317
400
383
312
323
377
381
313
318
374
374
320
318
378
395
313
317
377
381
311
321
390
380
310
317
377
396
309
311
389
375
312
311
390
376
308
319
389
376
315
316
375
394
314
312
375
381
314
320
378
385
314
316
377
378
316
314
383
373
309
318
388
379
313
312
393
384
310
312
386
396
318
312
389
381
309
314
373
384
314
313
379
391
315
312
390
376
310
313
370
396
316
314
390
392
310
323
382
382
313
312
379
377
310
320
375
381
316
323
369
373
311
312
390
382
314
316
373
415
315
315
387
369
317
313
382
386
315
318
381
388
310
318
379
400
311
318
370
376
312
318
380
376
311
316
381
377
317
311
376
394
304
314
361
377
310
314
381
375
311
319
380
374
316
315
374
371
309
315
378
382
313
320
377
384
314
313
387
377
318
312
381
396
315
310
389
369
318
315
387
389
319
314
374
384
313
316
373
389
312
321
386
384
319
309
382
385
310
315
387
390
314
315
379
387
309
324
392
370
314
317
379
391
310
318
383
407
315
314
383
379
312
316
373
396
316
316
387
374
311
317
385
377
314
315
378
381
314
317
393
390
313
320
382
376
309
309
384
374
316
314
382
378
315
318
382
380
315
318
388
396
316
318
385
381
310
320
381
377
312
312
374
387
315
318
388
380
315
310
394
384
309
312
386
382
312
311
386
382
312
319
379
390
313
320
402
385
312
327
377
381
313
316
389
371
309
313
393
385
317
314
388
380
314
314
373
386
313
314
360
379
314
313
379
394
312
319
379
397
309
311
377
370
313
312
390
391
314
314
391
379
329
317
385
386
312
313
378
389
309
321
390
381
317
324
388
379
311
310
386
382
316
316
369
388
315
314
383
378
311
318
376
381
312
322
375
387
311
317
379
387
311
311
374
385
319
312
387
382
310
318
391
377
316
318
394
384
312
322
360
390
314
322
383
392
316
317
375
387
308
313
375
384
316
315
385
375
313
320
383
372
317
323
386
379
311
318
371
384
317
315
379
386
318
320
384
380
313
312
369
377
316
318
399
393
316
319
396
377
313
314
375
385
314
314
387
382
311
321
373
385
314
318
381
388
312
320
378
397
312
314
381
392
312
318
390
390
310
320
381
394
311
310
393
378
315
315
392
381
313
314
376
382
311
321
370
376
313
316
371
394
319
318
385
372
312
319
388
382
312
318
374
382
311
321
379
381
317
320
376
382
307
318
379
390
311
314
386
385
311
314
401
386
314
315
397
381
310
318
386
400
312
318
374
390
312
315
383
382
314
320
385
373
313
315
394
399
313
319
381
403
313
316
383
376
312
320
391
384
312
311
392
387
313
312
375
376
314
314
383
374
317
320
383
389
314
313
381
381
308
316
381
388
315
317
372
383
320
314
369
368
314
315
388
393
309
318
384
382
311
313
382
381
312
320
386
376
308
316
385
386
311
314
374
380
307
315
387
388
316
313
386
370
310
317
379
373
312
318
380
379
313
313
389
391
313
319
386
383
312
320
392
384
315
314
388
370
325
318
390
388
312
313
373
379
318
314
387
385
310
314
382
369
318
319
378
383
403
323
385
388
308
324
385
383
315
320
382
372
310
312
383
387
309
314
381
382
311
316
380
384
315
322
377
384
316
314
389
387
313
317
385
382
316
316
395
369
320
317
382
381
313
325
380
395
311
321
386
392
308
317
380
386
312
318
395
384
310
316
387
384
315
313
390
380
317
318
383
382
311
315
391
386
316
314
381
384
316
311
383
382
320
318
379
382
315
318
387
378
316
320
387
377
312
313
381
391
317
318
390
390
310
317
387
380
312
322
381
374
312
318
375
387
316
321
376
375
310
312
373
392
312
319
388
384
316
313
377
395
315
312
396
375
308
317
384
379
318
314
373
387
312
323
400
374
314
316
388
393
311
317
395
381
314
322
392
377
311
319
386
387
307
311
411
383
315
312
377
385
312
316
376
384
320
317
380
383
315
313
380
373
315
317
374
369
312
317
386
380
311
310
381
392
318
313
379
384
315
315
380
394
312
319
379
375
315
314
380
374
314
320
369
385
309
319
394
387
313
315
383
376
315
320
389
385
317
313
378
394
314
318
385
378
315
317
382
381
313
316
387
373
317
316
389
381
318
319
369
388
311
314
386
386
311
310
387
372
313
315
393
383
314
316
386
386
310
318
373
388
317
314
389
376
319
318
386
391
315
312
377
387
312
312
379
389
314
315
382
380
315
316
380
385
320
321
387
399
315
317
380
406
315
313
383
374
310
313
395
384
323
320
382
382
309
319
386
368
314
317
386
378
320
317
383
370
313
317
392
388
307
313
381
365
311
313
385
384
314
317
397
384
312
313
378
369
312
316
383
375
312
318
415
381
313
314
375
373
313
310
383
372
310
315
389
380
315
314
391
402
314
320
388
380
315
320
382
391
313
319
376
374
309
315
358
379
320
312
399
398
315
314
390
399
309
319
384
387
313
313
386
381
310
314
390
383
314
315
402
382
310
314
380
384
312
319
404
386
310
316
378
379
309
318
385
374
311
316
382
377
318
316
376
383
309
318
384
385
311
313
382
377
313
319
383
393
312
316
379
388
314
316
396
397
317
315
390
374
319
317
381
397
315
323
384
377
317
323
373
377
311
312
388
386
312
322
382
379
307
317
392
382
316
317
393
382
311
318
395
387
317
317
380
390
310
310
386
384
315
319
390
390
320
315
387
385
319
318
378
389
311
320
390
370
316
326
383
384
309
314
380
388
309
312
378
395
315
314
400
385
373
323
395
392
315
313
370
399
311
318
383
377
311
320
390
391
311
312
377
381
312
317
388
383
309
310
397
377
308
313
385
391
316
316
392
379
313
311
397
392
311
322
386
379
307
320
390
383
308
314
374
374
317
320
370
391
321
318
380
380
317
312
396
388
318
314
390
385
315
323
389
369
308
322
387
390
308
314
386
396
314
319
397
369
309
320
381
367
314
317
396
378
312
318
362
378
310
316
384
381
313
312
377
376
313
316
391
407
309
319
376
368
310
318
392
386
315
318
367
379
319
318
392
384
310
323
383
371
314
314
376
385
308
315
387
372
314
316
386
394
313
311
385
382
313
316
393
386
316
320
393
379
319
316
385
377
318
320
396
378
307
317
382
383
317
319
393
373
317
317
397
371
314
311
372
380
308
315
390
407
307
311
401
378
319
318
385
376
313
314
390
380
307
317
375
390
316
319
387
377
309
318
372
375
311
316
392
378
316
325
378
391
311
311
405
393
314
316
382
373
314
318
381
380
311
313
391
378
313
317
375
402
315
318
389
376
314
314
387
392
312
317
392
388
315
315
388
379
310
315
370
381
321
322
387
380
323
325
381
389
316
316
378
369
313
321
389
380
309
315
396
377
309
316
386
380
309
315
401
369
313
321
395
386
312
313
379
385
312
316
404
392
314
313
370
384
308
317
404
378
311
317
382
374
311
315
384
371
316
316
388
373
318
319
397
386
314
315
389
390
351
313
382
369
312
309
394
378
315
317
385
367
311
315
388
381
311
316
393
378
311
316
382
388
314
322
399
371
317
321
377
372
312
310
385
384
315
318
388
368
318
317
383
367
313
320
388
376
310
319
380
381
317
313
380
384
314
309
401
372
316
321
385
377
312
319
392
382
315
316
378
383
308
320
379
379
320
314
371
373
313
317
381
360
309
315
393
366
312
318
389
380
309
315
393
368
320
313
384
368
312
318
390
385
311
318
386
371
311
316
381
374
314
312
390
371
313
320
384
390
313
314
395
390
322
315
381
381
311
314
382
378
315
317
392
383
310
315
380
373
314
321
383
385
311
320
384
370
310
317
386
382
318
316
382
381
314
315
374
383
315
315
387
392
312
313
393
375
311
312
384
389
309
322
377
381
309
316
402
381
315
311
385
380
309
313
395
391
313
322
381
378
312
319
390
378
324
318
387
392
314
311
390
380
315
321
393
383
322
319
393
394
316
310
373
390
314
318
380
394
312
318
400
378
311
316
405
379
312
321
388
379
312
315
395
374
318
313
392
375
313
310
399
382
312
316
395
381
313
312
394
375
315
317
376
388
318
323
391
370
314
310
392
369
316
317
390
380
309
313
409
380
320
319
377
385
316
312
370
395
315
309
401
387
309
318
407
376
312
315
383
394
317
317
385
369
319
317
388
376
314
315
381
376
313
314
385
365
320
315
393
384
316
315
387
398
316
313
376
397
313
314
391
377
316
315
386
367
316
322
383
396
310
320
378
383
316
318
399
375
314
320
384
379
310
313
422
377
318
320
377
383
323
314
401
393
317
319
392
384
317
321
389
388
318
318
393
379
311
316
381
378
308
317
385
369
313
318
373
393
313
314
385
384
312
310
385
388
312
320
382
384
312
318
387
393
316
317
392
396
314
319
385
376
314
317
395
384
319
320
380
386
312
313
389
393
316
318
391
385
318
319
393
385
319
315
396
386
314
317
404
393
319
317
392
408
315
317
384
384
312
320
391
377
321
320
382
379
315
315
389
398
321
316
391
389
310
314
384
383
315
317
387
386
313
317
385
380
315
315
387
388
319
311
385
370
312
320
390
378
311
318
392
380
313
321
379
388
315
317
379
383
319
318
385
384
321
321
386
407
316
316
382
389
314
317
389
387
312
314
388
382
315
315
390
376
312
317
379
380
315
320
387
387
319
314
390
384
312
316
401
377
317
320
392
368
320
322
393
388
311
317
404
372
315
313
377
382
321
323
391
380
311
316
384
385
310
322
392
380
315
322
399
381
322
312
394
381
314
322
388
367
315
325
399
379
314
321
410
382
314
324
379
382
314
320
395
396
313
320
367
399
313
316
415
368
317
326
400
371
317
313
381
388
313
316
399
396
318
319
407
389
312
319
389
394
320
312
400
370
319
316
381
387
321
318
402
391
314
313
397
385
319
312
392
392
316
314
400
392
316
315
386
378
316
312
389
387
310
313
392
387
312
317
398
380
323
318
377
379
314
314
384
381
311
320
383
376
312
314
381
395
312
315
401
391
315
317
391
388
314
316
387
392
313
320
387
381
321
318
393
378
315
311
388
381
316
314
393
389
313
322
399
391
312
317
398
388
319
314
387
372
318
312
389
371
314
315
383
382
315
317
393
388
313
324
390
375
320
314
393
381
310
319
400
380
311
317
386
385
319
316
411
371
313
316
385
382
317
324
398
377
313
321
387
390
317
318
388
387
317
319
377
401
315
317
388
381
320
323
386
381
307
320
385
378
315
319
382
395
313
313
386
375
312
316
394
376
312
316
389
375
310
317
391
377
311
318
386
374
317
316
380
382
317
314
388
395
315
315
385
391
314
317
383
399
318
319
390
385
316
312
401
395
316
323
390
386
311
316
391
378
317
316
392
372
318
324
380
400
325
316
386
379
313
315
392
382
318
312
386
383
321
321
392
376
314
313
406
380
314
314
379
378
312
317
381
387
315
314
393
388
315
315
383
386
313
316
401
391
321
317
399
389
311
314
387
387
319
317
396
390
317
314
389
382
316
323
397
393
309
318
390
389
311
319
400
394
314
320
391
391
319
323
397
377
312
312
386
372
312
318
394
372
312
319
403
390
317
321
393
374
315
318
378
413
314
319
394
380
322
316
393
376
313
318
403
384
313
318
396
379
321
317
387
385
310
323
392
385
315
315
424
387
312
316
385
371
314
321
391
384
311
314
390
381
315
322
388
386
316
319
390
396
318
316
391
381
313
317
382
380
321
317
393
379
316
318
395
386
311
314
390
381
320
316
398
385
313
313
396
388
322
311
383
367
319
321
389
368
315
319
396
399
318
325
394
389
315
318
371
379
317
320
380
386
312
315
390
382
317
315
394
392
312
324
403
385
315
314
392
387
318
319
410
375
317
314
398
373
320
316
406
390
316
312
389
396
311
318
389
390
317
318
392
390
320
321
383
407
314
318
389
384
314
315
387
388
318
317
381
383
312
315
383
384
317
314
395
379
316
319
388
385
315
311
386
389
315
318
392
389
295
293
295
294
295
295
295
296
311
319
295
294
297
-5
-5

