;UFOS3
;Measurement details: channel = D, date = 12.09.2015, time = 12:03:30
Exposure=223
Gain=0
Temperature=34.9
Accummulate=4
2.0332675975726398 mu
2.0558335081228507 amas
29.14 hs
0 ozone
29442 uva
12168 uvb
10031 uve
[Value]
-5
295
295
296
295
296
295
294
313
308
359
358
306
307
363
365
314
312
362
377
307
316
382
368
311
310
394
387
317
315
390
373
319
316
376
369
314
315
373
379
314
313
370
374
311
318
393
388
322
320
381
381
311
317
393
387
309
312
387
397
312
320
378
397
316
314
387
371
314
315
365
390
316
322
378
379
310
315
376
378
315
319
398
380
310
315
377
385
312
318
380
391
310
314
383
375
314
311
373
391
317
314
374
384
312
322
394
379
314
316
391
372
316
316
378
389
316
313
371
379
308
312
384
385
311
321
377
369
310
319
388
392
308
316
376
392
309
313
379
377
315
309
387
391
313
316
382
396
312
317
396
391
311
313
383
381
313
315
389
386
314
316
381
378
319
321
385
393
312
314
377
402
313
318
373
388
313
314
386
383
312
315
407
382
317
316
369
374
317
315
377
392
313
318
383
386
315
313
378
387
312
314
374
378
313
316
375
383
311
317
372
376
318
317
388
385
314
313
378
386
313
316
374
391
312
317
383
378
315
318
387
376
315
316
373
383
322
317
396
374
313
311
370
385
312
317
383
384
313
312
384
379
315
314
376
383
316
318
418
379
315
313
387
375
313
311
395
376
308
314
380
373
307
319
380
380
317
309
384
381
314
320
388
384
317
313
393
377
320
312
383
377
310
314
381
376
309
316
387
380
307
310
383
380
313
316
390
389
319
317
381
385
309
313
392
369
322
319
389
375
317
314
385
392
311
313
394
390
318
314
373
379
313
311
387
378
314
312
380
376
308
318
377
391
314
319
378
395
313
320
387
382
314
314
370
375
316
316
374
375
312
319
379
372
312
318
365
381
316
310
389
385
315
317
376
378
315
317
388
385
312
313
377
373
314
318
385
388
314
317
396
376
313
311
379
390
318
320
394
385
316
313
383
395
319
322
391
379
309
321
387
380
317
320
388
389
319
313
382
386
313
320
378
388
316
311
364
384
311
314
382
383
311
313
371
393
310
318
382
380
316
312
391
378
313
312
382
393
309
318
386
407
313
315
379
378
314
320
384
383
314
314
378
375
310
312
388
369
313
311
371
380
316
317
380
375
319
318
377
382
312
310
374
391
306
318
381
387
311
324
388
379
309
319
373
373
314
310
371
385
315
316
385
376
310
314
368
391
309
320
390
394
315
313
380
388
316
313
386
385
311
313
384
391
314
316
379
386
317
313
384
383
315
319
378
374
314
316
383
378
323
314
375
374
315
316
381
392
310
313
375
373
316
316
377
375
313
314
392
380
322
318
388
402
312
316
371
389
316
315
389
385
314
318
381
374
313
314
385
389
313
312
386
392
317
315
378
382
314
318
370
387
313
318
373
388
309
316
381
386
310
318
375
369
320
318
381
385
308
315
391
387
315
315
384
381
320
316
382
376
316
322
395
384
319
315
380
395
323
320
392
370
307
311
372
374
310
313
381
400
311
321
386
384
311
315
370
384
318
317
398
387
314
319
388
383
315
311
385
389
308
316
387
377
310
316
392
390
317
319
380
377
308
315
377
380
307
316
385
385
316
318
391
376
312
315
389
401
319
321
377
370
318
315
381
381
318
320
370
387
318
314
396
385
311
316
375
383
314
319
396
372
317
317
365
385
313
318
385
387
313
316
382
378
315
314
371
370
308
322
387
386
316
320
398
368
312
314
370
377
316
311
379
378
309
311
378
382
313
318
382
377
311
315
379
384
315
319
383
387
321
312
381
380
316
317
373
377
316
313
408
374
312
319
380
379
320
319
384
381
314
319
398
385
318
318
374
373
312
316
397
388
311
318
379
373
310
318
381
382
313
314
388
389
314
314
386
380
315
315
391
386
315
314
371
366
309
314
388
373
313
318
385
372
315
315
379
389
314
311
386
389
310
319
378
379
317
315
377
369
321
310
378
390
314
314
392
373
317
322
385
379
308
312
379
380
316
318
395
387
311
316
367
394
312
317
401
385
316
312
383
387
313
319
385
373
309
315
403
378
312
320
390
381
314
321
383
381
316
315
383
378
320
315
394
374
315
317
377
383
313
322
377
386
321
316
397
379
310
316
388
382
321
322
379
376
308
316
376
387
309
320
370
377
317
312
373
402
317
315
387
380
315
316
394
380
323
314
374
387
309
316
375
386
321
315
381
370
318
316
392
381
316
310
389
375
316
309
397
385
310
313
382
383
314
321
390
387
324
321
373
386
306
319
373
383
314
316
384
381
313
315
385
372
311
310
377
387
315
322
383
390
313
337
382
390
310
314
375
379
312
310
382
382
313
317
365
382
312
316
383
382
316
312
382
386
315
314
381
389
313
314
391
386
314
319
400
383
314
322
379
383
313
318
375
374
320
317
379
395
312
317
376
382
311
321
390
377
309
314
377
400
309
311
391
375
314
309
389
378
310
319
389
379
314
318
375
396
314
314
377
383
316
319
378
388
315
313
379
379
313
316
385
373
311
320
389
377
313
313
395
382
310
315
384
394
316
311
389
379
308
314
375
385
314
313
382
390
315
312
390
377
311
311
374
395
317
313
390
390
310
323
382
383
316
313
383
381
313
320
375
383
315
321
371
376
309
311
390
379
315
316
374
416
314
316
389
370
317
313
382
386
317
318
380
388
310
319
378
400
313
318
371
375
312
319
381
375
309
315
384
376
319
312
376
394
308
313
361
379
311
314
383
376
311
319
384
375
316
313
372
372
311
316
380
383
311
323
380
387
313
313
385
376
320
311
385
393
315
310
391
369
316
315
388
389
318
313
377
386
312
316
377
389
312
321
387
388
319
312
382
389
309
314
388
392
314
315
379
388
311
325
393
369
313
317
380
393
310
317
381
407
314
315
382
382
314
315
373
394
317
317
389
375
313
316
388
378
311
314
376
383
315
317
396
391
313
322
382
377
311
311
386
374
315
318
381
380
315
319
385
379
314
321
386
395
314
318
385
381
312
321
381
374
314
313
374
388
315
318
389
380
315
311
392
385
310
313
389
384
314
310
387
385
314
320
378
392
312
319
400
383
311
328
376
380
313
318
388
372
310
312
394
385
317
316
389
380
313
316
375
385
313
315
360
380
313
314
379
392
311
321
380
399
311
311
373
369
312
312
390
391
313
317
390
381
328
316
385
385
311
312
377
392
312
321
393
380
314
319
390
375
310
309
387
385
315
317
369
390
336
314
385
379
312
320
378
381
313
321
376
384
311
320
376
388
310
313
377
385
318
311
389
383
309
319
390
377
317
317
397
384
313
320
361
389
315
322
384
394
316
315
377
388
309
313
376
383
316
317
386
377
315
318
383
372
315
321
386
381
312
320
374
386
318
316
382
386
319
321
385
382
311
314
369
377
314
318
400
391
312
318
394
379
313
314
375
384
313
316
386
383
312
321
371
387
314
321
381
391
310
320
379
398
313
314
382
393
313
320
390
392
312
322
383
394
308
313
395
377
314
315
390
379
314
314
379
382
312
320
371
375
315
316
375
393
317
318
385
370
312
318
390
384
314
319
375
383
312
321
381
381
317
319
377
380
309
315
380
389
309
313
391
386
310
313
402
384
313
314
397
381
312
314
387
403
311
318
376
390
310
314
381
384
316
318
384
372
313
313
393
400
315
318
383
404
311
317
383
377
312
321
395
384
313
311
393
389
313
311
376
375
313
314
383
376
319
319
384
389
315
314
380
383
308
316
382
385
315
317
370
385
319
314
371
369
312
315
387
394
310
318
384
383
315
313
381
384
314
324
384
374
308
317
381
383
315
313
370
381
308
313
389
385
317
315
386
370
312
317
378
374
310
319
380
381
313
311
389
391
311
318
387
384
313
319
396
387
314
315
389
374
323
319
391
388
312
314
375
377
318
314
388
382
313
314
383
370
319
319
378
384
402
323
388
390
309
323
382
386
316
322
381
375
309
312
387
388
307
314
383
383
312
317
380
382
317
323
379
385
315
313
389
390
311
316
385
379
319
314
396
373
318
320
384
382
314
325
378
396
313
321
388
392
309
320
380
387
310
320
395
384
311
317
389
382
314
313
392
378
315
317
386
384
313
313
391
387
315
315
381
385
317
313
384
383
319
317
379
383
313
316
387
382
314
321
385
380
311
315
385
390
316
318
388
390
309
315
389
376
311
319
383
376
312
317
376
389
315
323
377
378
311
314
374
392
313
318
387
382
315
312
378
397
315
312
397
378
309
314
383
379
321
314
373
386
309
324
397
375
315
316
392
397
310
314
397
382
317
323
392
377
311
320
386
388
307
314
412
383
315
312
378
389
310
316
377
382
320
317
378
381
316
315
381
375
314
314
376
371
312
318
383
381
311
314
382
393
319
314
377
388
313
317
381
392
311
320
378
377
315
315
383
377
314
318
370
385
307
318
392
386
311
314
383
378
314
320
390
385
316
317
382
394
311
319
384
381
315
319
383
381
312
318
384
372
316
317
391
378
319
319
369
386
309
315
383
390
313
311
386
374
314
316
393
385
316
317
384
387
311
320
371
386
315
313
386
377
319
318
384
390
316
311
376
388
316
313
379
388
313
314
382
382
315
316
380
386
321
318
389
401
316
319
381
406
316
313
383
376
311
313
395
388
323
322
382
382
310
319
385
370
315
318
388
378
319
314
384
370
314
319
393
390
307
312
380
366
312
316
387
386
315
316
397
385
313
312
379
369
312
317
382
376
312
320
415
380
314
314
377
373
313
311
385
373
312
316
389
381
317
314
392
400
314
320
393
381
316
320
386
392
312
319
376
371
310
313
358
381
321
312
401
400
314
315
391
399
309
319
386
387
312
314
386
383
311
318
391
383
315
317
403
384
312
316
382
385
315
318
403
386
308
317
380
380
309
320
386
378
310
315
382
380
318
314
374
384
310
318
382
385
315
313
384
379
311
317
379
393
313
318
379
389
312
318
393
398
317
316
390
374
320
315
383
396
312
323
385
378
318
324
376
377
312
315
390
386
312
324
383
379
308
319
391
380
315
316
394
384
311
318
395
388
316
317
380
389
310
308
386
387
317
321
389
388
321
314
386
386
319
318
375
388
312
321
390
370
316
328
382
385
309
314
383
387
312
313
380
396
313
314
400
384
369
321
395
391
314
313
368
401
311
316
381
378
313
317
390
394
310
313
375
382
312
316
386
384
310
312
399
377
309
314
385
391
316
315
390
376
312
310
396
392
311
322
387
379
309
320
390
385
308
314
378
372
317
319
369
391
320
319
380
381
314
312
399
389
319
314
391
385
313
327
391
368
308
322
389
389
308
316
386
399
317
321
397
370
311
318
381
369
312
316
396
378
311
320
363
378
313
318
383
383
316
311
377
376
316
318
388
404
309
318
376
367
311
322
394
386
314
318
370
379
320
316
393
385
311
323
385
371
315
313
376
386
309
316
385
373
315
315
386
393
314
312
384
380
313
316
391
388
317
321
396
380
318
315
387
377
320
318
393
378
309
315
383
385
319
320
394
374
315
316
398
375
312
312
371
379
310
314
392
409
307
312
400
376
321
317
388
378
314
313
394
382
308
317
375
393
314
318
388
379
310
320
374
379
309
315
394
377
317
326
380
394
311
313
404
395
315
316
385
371
314
319
383
382
310
315
389
381
312
316
376
403
315
317
388
377
313
315
386
392
312
318
392
387
313
315
387
379
311
316
370
384
322
323
391
378
321
325
381
391
315
317
381
372
314
321
392
379
311
316
396
379
309
319
388
380
310
314
401
369
316
319
398
383
314
313
379
385
311
315
407
392
315
313
373
386
307
319
403
380
311
316
380
376
310
318
384
374
317
318
390
373
317
319
398
384
314
314
390
393
351
314
385
371
312
311
392
377
315
315
386
373
310
316
393
385
313
313
393
374
312
317
383
388
315
319
399
372
317
321
378
372
315
310
385
382
316
317
388
370
319
316
383
368
316
320
385
374
311
319
381
384
316
314
381
384
316
310
403
373
315
323
384
376
315
320
397
385
315
316
378
383
308
321
380
380
323
314
370
374
313
316
382
359
312
316
393
367
314
315
389
382
310
316
393
366
319
316
382
371
312
318
390
386
312
318
387
371
311
317
377
376
311
313
392
373
313
318
386
389
315
313
396
392
323
316
380
378
312
316
382
380
316
318
393
386
310
315
379
375
314
320
386
384
312
320
387
373
310
317
386
380
319
315
388
381
314
315
375
385
314
316
387
391
309
313
397
379
314
312
388
386
310
322
376
381
310
314
402
385
313
312
384
381
310
313
396
395
314
322
383
378
311
320
390
379
323
317
388
394
315
313
393
381
316
322
392
384
322
323
393
395
316
311
373
391
316
318
384
394
313
320
399
380
310
316
401
378
313
321
390
379
312
314
392
375
320
313
395
376
313
309
401
386
311
317
393
380
314
311
392
373
315
316
376
391
318
322
392
370
317
312
392
373
318
319
390
382
310
311
409
380
319
319
377
386
316
313
370
395
317
309
401
386
308
318
408
377
313
316
382
392
319
317
383
371
319
314
388
374
314
314
380
378
313
315
386
367
320
313
392
384
317
313
388
399
316
311
379
399
312
314
392
378
315
316
389
368
316
320
385
397
310
322
377
385
316
319
401
375
314
320
386
380
311
314
424
377
318
322
379
382
323
311
400
395
316
319
389
385
320
322
390
393
317
317
392
381
310
317
381
381
310
318
388
366
314
322
373
392
312
316
385
385
313
310
385
390
313
319
381
382
312
318
385
394
319
316
393
394
314
322
384
378
314
317
396
382
319
319
380
385
311
314
391
392
315
318
390
387
317
319
395
384
319
315
396
386
314
317
405
393
318
318
392
410
316
316
382
386
311
320
391
377
319
321
383
379
316
316
391
397
319
318
390
389
311
313
384
381
315
316
387
387
313
318
386
379
314
315
389
391
321
312
387
370
311
320
392
378
312
318
391
378
313
318
380
388
311
320
378
383
321
315
385
383
320
321
387
411
316
315
381
391
312
315
389
387
311
313
386
382
313
315
390
377
312
316
382
380
315
318
386
386
319
314
393
383
316
315
401
379
318
320
392
368
320
324
395
389
311
317
407
372
315
313
377
380
321
324
392
379
315
317
387
387
310
323
394
383
317
321
401
379
319
313
395
382
314
324
388
370
315
325
400
380
315
321
407
387
316
324
382
382
316
323
392
395
314
321
368
398
315
313
414
369
317
326
401
370
316
313
381
389
311
320
400
396
317
316
407
390
310
317
389
394
318
314
402
369
321
316
384
387
323
321
404
392
315
314
397
384
319
314
396
390
318
317
402
393
316
316
388
379
316
313
388
382
312
315
393
390
311
316
398
380
322
317
380
381
314
318
386
383
311
321
386
377
311
315
380
396
313
316
402
390
316
316
392
387
315
318
391
392
314
321
389
383
322
317
393
378
313
314
389
382
316
313
393
393
313
322
398
388
311
318
399
389
320
317
390
372
319
313
392
372
313
315
382
384
316
317
393
385
314
323
390
379
320
317
393
384
310
320
401
382
313
316
387
385
320
316
412
373
313
318
385
380
315
325
398
378
313
320
386
389
316
319
389
386
316
319
379
404
315
317
390
379
319
322
386
384
308
323
388
377
315
319
381
395
315
313
388
376
315
317
394
377
314
317
389
378
309
316
392
377
310
318
387
373
317
319
381
385
316
314
387
394
313
315
383
393
314
315
383
400
318
319
391
381
316
312
402
394
316
322
390
389
310
318
393
378
316
316
394
376
320
325
381
398
327
316
385
376
315
315
392
384
317
312
389
383
319
321
390
375
315
313
409
381
316
313
378
378
309
317
383
390
318
314
392
387
314
315
384
386
313
318
402
394
322
318
396
390
314
314
385
387
319
317
398
389
319
314
386
382
316
323
399
394
309
319
390
392
315
316
401
393
314
320
390
388
319
323
397
378
315
312
386
372
311
316
394
372
311
319
407
391
317
320
395
374
316
317
379
414
314
321
394
379
319
315
394
382
313
318
404
383
313
318
394
378
321
317
388
385
311
320
393
386
315
314
422
389
313
315
384
372
315
318
390
384
311
312
390
384
315
319
390
385
317
320
388
397
320
315
390
381
314
316
381
383
321
319
394
380
315
316
395
387
311
313
393
381
320
319
400
384
312
314
396
389
319
314
386
367
320
322
389
370
315
321
396
396
317
323
394
390
313
318
372
379
317
319
384
388
314
315
389
383
315
315
394
393
315
323
404
385
317
312
393
386
316
318
409
376
318
314
400
374
318
315
408
391
316
312
390
396
313
319
389
392
318
319
393
390
321
318
380
410
317
318
390
386
314
315
387
390
317
316
382
382
312
312
385
385
318
313
398
378
314
319
391
385
314
311
387
389
316
319
392
387
296
294
294
294
296
297
296
295
310
319
294
296
296
-5
-5

