;UFOS3
;Measurement details: channel = S-D, date = 12.09.2015, time = 12:08:33
Exposure=311
Gain=0
Temperature=34.9
Accummulate=4
2.0580683696658006 mu
2.0817413960099223 amas
28.746 hs
311 ozone
119468 uva
1873 uvb
356 uve
[Value]
-8
-9
-8
-9
-5
-10
-8
-8
-10
-9
-8
-7
-11
-9
-10
-10
-10
-7
-11
-11
-9
-2
1
-3
0
-1
-2
1
0
0
2
4
3
-3
2
-1
-1
-1
1
0
-3
0
0
-2
-3
1
0
-3
0
0
0
-2
0
-2
3
-3
0
-1
-2
-1
-1
-1
-1
2
-1
-3
1
0
2
1
-2
-4
1
0
2
-2
-2
-1
0
-1
1
-2
0
0
2
-1
-1
2
-1
-1
0
-2
0
-1
3
0
1
-1
1
-3
-2
-2
1
0
-2
0
2
-2
0
1
2
-1
2
0
-1
-4
0
1
-3
-1
-1
-1
-3
2
-1
1
-3
-2
-1
1
3
-1
-1
2
0
-6
1
-4
-1
3
1
1
2
1
2
-1
-1
4
-1
0
1
1
2
-2
1
-2
0
0
1
0
-1
0
0
0
2
2
2
2
1
-3
1
-4
1
1
-4
4
-2
1
4
-1
-1
-2
-2
0
-1
-2
0
0
-1
2
-3
0
0
1
1
3
-1
1
-1
-2
-3
1
0
0
-1
0
1
-2
2
0
1
-2
0
5
-1
1
0
0
2
-2
1
-2
0
-4
0
-2
-1
-3
1
-2
1
1
-3
-1
-2
0
-1
0
-3
0
-1
-1
2
-1
-1
-2
-1
1
1
-1
1
0
-1
-1
-1
-3
-1
-1
3
1
-3
-1
-2
0
0
-1
3
-2
-1
-3
2
0
-3
3
1
0
2
-2
0
-1
-1
0
3
-2
0
0
0
-1
-1
-1
-1
1
2
0
0
-3
-2
-1
0
2
0
-1
-1
-1
3
-2
-1
-1
0
-1
2
-2
2
-2
2
-2
1
1
3
1
-1
-2
2
1
3
1
3
2
2
0
0
-1
1
-1
0
-1
1
-2
-1
1
2
-1
2
0
-1
2
1
-3
1
-3
2
2
1
3
2
0
0
3
4
-2
1
-5
1
-2
0
-1
1
-2
-1
0
0
-2
0
-2
-1
-3
-1
0
1
-3
0
-1
0
0
-2
1
2
1
0
-1
2
0
-2
4
0
-2
2
0
1
1
-1
-1
2
-1
2
0
2
-2
-1
0
-3
0
2
-3
0
3
0
-2
-2
0
0
1
4
0
0
-1
1
1
0
-4
-3
-1
0
-2
-1
0
0
-1
-1
-1
-1
-3
0
1
-1
0
1
-1
2
0
5
1
2
0
2
-1
1
2
4
-1
-1
-1
0
-2
1
1
1
1
2
0
-1
0
1
0
-1
1
2
-1
0
2
2
-2
2
1
3
-2
3
-1
0
-2
0
2
-1
3
1
-1
4
-2
1
2
0
-3
2
2
-1
-2
1
3
0
0
0
0
3
0
0
0
1
1
3
-2
0
-1
4
1
1
0
2
3
2
2
0
2
3
0
0
3
1
1
4
3
3
2
1
0
2
1
4
2
-2
0
1
0
0
0
0
2
3
4
4
2
2
1
5
1
0
3
2
2
5
1
0
4
1
0
1
2
2
0
5
0
3
2
4
-1
5
4
4
2
2
5
7
2
2
4
4
3
5
3
4
3
4
5
1
4
5
2
5
4
5
5
6
9
7
2
8
5
5
5
5
2
4
5
4
4
5
6
4
4
4
5
4
7
4
4
6
9
4
7
10
3
5
8
8
7
9
11
10
9
8
11
11
10
10
10
13
15
13
11
14
13
11
12
11
11
15
14
10
14
15
11
11
12
14
16
15
17
15
17
19
15
16
15
18
15
16
17
22
16
19
15
21
21
22
19
24
22
25
24
26
24
27
28
34
30
29
30
34
32
34
34
31
35
37
36
38
40
34
36
35
32
36
35
37
36
34
36
36
35
40
35
38
38
37
38
42
42
42
39
45
42
46
43
47
48
49
49
51
50
52
57
57
59
56
60
62
65
68
72
71
74
71
73
80
81
82
83
82
86
85
84
91
87
88
90
90
93
90
91
89
90
86
90
96
92
94
96
97
102
96
103
101
102
98
99
102
102
104
103
103
104
102
100
104
102
99
96
96
93
95
93
96
95
101
99
97
104
100
102
108
107
103
107
110
108
107
107
108
107
106
108
109
110
114
113
117
123
123
127
133
134
136
142
144
152
152
158
172
172
176
178
183
191
184
190
191
193
192
190
192
194
189
191
198
194
189
188
192
189
183
182
188
186
183
182
186
179
178
177
183
178
179
180
187
189
184
188
188
192
189
192
197
199
199
203
210
216
212
212
215
225
220
218
226
223
220
218
218
220
212
214
218
220
213
216
216
218
218
221
228
229
236
237
247
246
248
256
260
267
272
272
279
277
277
268
278
272
268
267
269
269
265
265
267
267
264
272
275
275
280
280
289
296
295
299
316
321
327
330
342
340
338
342
343
349
338
340
339
332
322
316
315
312
299
294
297
288
284
282
288
285
282
283
294
297
296
301
317
322
335
342
353
370
375
389
398
405
408
421
432
444
449
460
472
482
487
502
507
514
518
527
538
544
543
546
560
567
564
566
576
575
569
563
556
555
531
524
523
514
491
487
485
487
468
470
474
475
466
464
474
474
480
488
495
519
521
535
564
578
584
608
617
636
625
635
642
634
626
625
629
618
611
603
606
604
590
582
583
579
566
565
570
570
561
559
571
573
572
581
601
611
605
615
634
639
642
658
673
675
682
691
704
714
706
717
728
731
730
731
740
743
727
719
712
712
694
685
681
668
650
632
632
614
605
597
597
588
577
578
582
575
580
591
592
599
602
604
621
630
623
619
621
629
624
621
626
622
617
605
612
602
586
579
577
568
543
537
535
523
512
506
505
509
503
505
513
518
509
511
517
521
518
524
534
550
542
549
555
569
574
580
598
612
604
607
623
628
623
629
640
645
647
655
667
670
672
680
695
702
701
709
723
721
714
711
715
713
709
701
703
701
688
675
688
680
673
669
670
673
667
662
672
672
668
681
700
718
720
736
764
779
788
815
836
859
870
888
913
934
937
949
980
991
992
1005
1027
1021
1016
1025
1029
1032
1035
1041
1053
1060
1053
1066
1067
1082
1077
1078
1094
1094
1084
1082
1093
1095
1093
1089
1105
1110
1099
1110
1118
1116
1109
1104
1115
1107
1090
1098
1105
1096
1089
1083
1098
1102
1094
1088
1098
1088
1085
1083
1088
1080
1075
1082
1090
1097
1088
1091
1101
1096
1092
1094
1110
1107
1109
1121
1130
1159
1162
1182
1200
1219
1236
1255
1273
1290
1306
1327
1346
1376
1398
1420
1446
1466
1492
1505
1532
1540
1545
1551
1575
1576
1583
1588
1613
1619
1623
1623
1625
1621
1608
1597
1606
1594
1586
1562
1563
1548
1512
1500
1487
1463
1450
1436
1420
1408
1389
1364
1366
1355
1344
1347
1359
1362
1363
1356
1354
1364
1352
1354
1375
1372
1371
1378
1386
1383
1380
1374
1388
1393
1392
1395
1399
1402
1402
1409
1424
1412
1406
1402
1416
1405
1396
1396
1411
1399
1398
1382
1386
1392
1386
1380
1375
1374
1342
1329
1326
1309
1298
1293
1298
1298
1292
1285
1308
1310
1311
1295
1306
1291
1284
1280
1273
1266
1245
1241
1233
1221
1208
1199
1206
1194
1185
1172
1172
1172
1147
1147
1142
1142
1123
1130
1141
1149
1158
1173
1197
1211
1219
1227
1242
1255
1249
1249
1254
1254
1235
1236
1228
1217
1214
1218
1221
1218
1214
1214
1224
1223
1206
1208
1216
1223
1219
1217
1237
1246
1246
1257
1271
1279
1269
1258
1251
1236
1203
1171
1151
1115
1085
1055
1044
1025
1009
991
984
975
959
960
969
964
963
963
987
984
989
1009
1022
1028
1023
1026
1035
1023
1007
991
979
966
952
932
930
920
913
918
933
951
952
981
1006
1028
1046
1067
1094
1111
1113
1126
1144
1145
1141
1157
1158
1172
1173
1175
1181
1181
1173
1165
1177
1173
1169
1170
1192
1198
1200
1217
1223
1244
1258
1291
1310
1320
1332
1344
1356
1354
1341
1337
1347
1342
1320
1320
1316
1314
1297
1304
1311
1319
1313
1329
1338
1355
1346
1368
1382
1406
1413
1444
1486
1518
1537
1552
1578
1599
1615
1627
1639
1646
1645
1642
1655
1647
1646
1633
1644
1627
1608
1600
1595
1574
1564
1556
1557
1563
1557
1556
1567
1574
1558
1568
1573
1551
1534
1522
1524
1521
1517
1514
1522
1531
1531
1541
1549
1560
1561
1585
1594
1605
1623
1643
1653
1686
1699
1711
1733
1741
1756
1754
1780
1785
1780
1777
1786
1779
1773
1761
1761
1755
1740
1743
1759
1764
1762
1768
1793
1813
1818
1822
1836
1822
1817
1819
1816
1816
1825
1822
1828
1826
1816
1809
1799
1796
1767
1752
1725
1713
1676
1636
1624
1587
1557
1521
1511
1486
1433
1393
1379
1339
1297
1274
1261
1236
1224
1214
1215
1215
1215
1232
1240
1268
1301
1328
1374
1411
1446
1467
1512
1520
1542
1545
1573
1585
1600
1607
1624
1647
1639
1654
1653
1655
1654
1641
1638
1623
1602
1582
1572
1554
1526
1500
1500
1471
1449
1433
1417
1400
1389
1377
1374
1375
1356
1352
1359
1360
1359
1365
1391
1392
1410
1424
1454
1469
1479
1494
1510
1518
1520
1508
1514
1501
1481
1478
1478
1462
1445
1425
1413
1394
1364
1340
1334
1315
1289
1272
1279
1254
1241
1244
1248
1235
1243
1249
1266
1265
1258
1264
1287
1288
1285
1290
1313
1316
1315
1333
1327
1326
1330
1324
1328
1327
1312
1293
1296
1288
1279
1267
1260
1260
1243
1242
1251
1240
1227
1230
1229
1217
1202
1191
1189
1172
1159
1154
1159
1174
1180
1193
1220
1241
1249
1271
1296
1305
1322
1339
1367
1385
1401
1417
1438
1465
1472
1495
1513
1532
1533
1544
1561
1558
1546
1562
1553
1545
1533
1529
1513
1509
1501
1490
1475
1452
1436
1413
1401
1387
1367
1355
1350
1338
1334
1332
1344
1347
1355
1370
1386
1406
1409
1419
1448
1450
1455
1458
1467
1468
1449
1458
1449
1447
1424
1409
1399
1364
1340
1315
1308
1282
1263
1255
1265
1274
1271
1282
1308
1332
1337
1354
1383
1402
1408
1424
1461
1483
1508
1535
1569
1604
1624
1635
1656
1666
1669
1685
1691
1696
1708
1732
1732
1741
1768
1774
1788
1792
1801
1804
1816
1824
1830
1827
1851
1854
1855
1866
1879
1880
1896
1904
1902
1912
1916
1908
1914
1914
1901
1892
1897
1876
1859
1837
1827
1811
1786
1789
1792
1785
1777
1779
1793
1791
1797
1817
1829
1832
1844
1847
1851
1861
1855
1870
1873
1871
1869
1877
1894
1899
1924
1947
1956
1974
1980
1970
1956
1925
1918
1899
1878
1863
1848
1835
1830
1804
1776
1741
1716
1680
1642
1608
1577
1550
1518
1494
1501
1489
1490
1498
1524
1545
1557
1565
1598
1605
1601
1615
1649
1656
1664
1686
1686
1685
1672
1656
1634
1610
1584
1548
1528
1508
1476
1439
1420
1398
1358
1329
1305
1263
1229
1215
1215
1196
1183
1177
1194
1205
1214
1236
1281
1310
1327
1366
1394
1422
1439
1480
1525
1547
1581
1622
1654
1691
1720
1768
1796
1830
1840
1860
1876
1899
1907
1911
1912
1922
1929
1934
1949
1937
1935
1932
1927
1926
1908
1889
1866
1844
1808
1776
1746
1722
1694
1649
1623
1592
1555
1506
1492
1457
1416
1397
1397
1379
1369
1367
1378
1383
1361
1376
1382
1386
1390
1403
1411
1427
1425
1427
1447
1449
1436
1431
1429
1407
1383
1369
1360
1345
1339
1340
1330
1344
1330
1323
1329
1330
1322
1328
1355
1377
1382
1420
1465
1502
1528
1575
1596
1624
1634
1652
1664
1647
1627
1600
1592
1577
1563
1544
1518
1496
1466
1447
1430
1404
1376
1354
1347
1329
1314
1310
1318
1330
1321
1363
1395
1416
1435
1465
1498
1513
1527
1530
1542
1561
1541
1543
1545
1529
1531
1518
1520
1501
1492
1467
1457
1431
1405
1393
1380
1361
1351
1338
1342
1343
1341
1349
1378
1396
1408
1422
1447
1467
1475
1512
1534
1565
1587
1611
1637
1680
1691
1714
1745
1760
1774
1795
1815
1822
1836
1835
1853
1854
1855
1861
1857
1856
1871
1866
1872
1872
1869
1876
1872
1872
1866
1866
1858
1847
1834
1824
1826
1819
1812
1815
1832
1833
1842
1853
1864
1865
1876
1877
1892
1903
1908
1916
1918
1925
1920
1919
1923
1909
1895
1880
1875
1858
1836
1825
1814
1808
1798
1802
1810
1805
1815
1820
1829
1828
1839
1856
1855
1870
1857
1852
1862
1861
1866
1870
1878
1887
1901
1915
1945
1946
1977
1989
2002
2018
2052
2056
2077
2098
2122
2148
2153
2184
2225
2254
2221
2236
2310
2326
2262
2298
2376
2366
2310
2328
2410
2407
2322
2349
2455
2449
2399
2380
2470
2451
2365
2348
2418
2375
2285
2245
2242
2198
2126
2087
2093
2051
2024
2012
1995
1994
2006
2020
2059
2090
2117
2158
2212
2276
2255
2291
2407
2424
2348
2398
2480
2506
2423
2431
2538
2554
2451
2489
2570
2587
2485
2484
2586
2499
2362
2143
2104
2021
2001
1986
1981
1959
1956
1961
1963
1958
1989
2001
2041
2070
2110
2142
2193
2227
2219
2228
2298
2297
2236
2231
2255
2190
2116
2063
2011
1952
1891
1851
1801
1750
1724
1673
1636
1595
1581
1563
1555
1547
1569
1595
1621
1643
1685
1725
1749
1773
1820
1850
1860
1871
1891
1883
1877
1879
1862
1842
1812
1774
1726
1684
1621
1576
1526
1498
1463
1440
1441
1449
1452
1462
1499
1518
1557
1591
1650
1700
1737
1800
1844
1879
1912
1931
1960
1976
1981
1989
1973
1972
1960
1942
1937
1917
1898
1884
1850
1822
1789
1763
1739
1712
1699
1691
1694
1691
1678
1691
1699
1704
1710
1708
1712
1716
1699
1705
1705
1701
1701
1700
1728
1752
1763
1769
1781
1797
1818
1822
1853
1866
1894
1905
1929
1936
1942
1955
1964
1982
2011
2020
2033
2046
2065
2072
2068
2073
2102
2107
2090
2109
2127
2135
2126
2130
2142
2118
2097
2078
2070
2045
2019
1994
1970
1926
1901
1872
1843
1813
1797
1786
1754
1731
1708
1687
1649
1633
1619
1614
1606
1602
1596
1582
1564
1546
1545
1520
1503
1484
1473
1462
1453
1441
1442
1444
1444
1460
1476
1499
1516
1545
1573
1599
1617
1640
1671
1688
1705
1725
1743
1765
1776
1788
1797
1814
1819
1818
1831
1840
1842
1823
1838
1823
1810
1807
1784
1765
1737
1714
1702
1679
1657
1630
1624
1608
1575
1565
1542
1515
1478
1438
1407
1385
1349
1327
1328
1325
1311
1317
1324
1312
1310
1296
1300
1286
1251
1227
1212
1187
1154
1133
1131
1121
1113
1111
1115
1109
1100
1091
1083
1058
1036
1023
1030
1024
1003
1006
1012
1015
1016
1020
1038
1045
1042
1031
1037
1031
1014
1008
1020
1000
988
990
1008
1028
1038
1055
1098
1124
1146
1168
1209
1238
1260
1294
1326
1359
1391
1436
1477
1525
1554
1593
1631
1650
1654
1671
1690
1688
1685
1695
1701
1699
1700
1693
1707
1696
1698
1690
1681
1675
1653
1641
1638
1632
1616
1609
1603
1593
1556
1524
1483
1439
1391
1356
1346
1336
1322
1327
1343
1354
1361
1387
1417
1454
1475
1495
1542
1578
1599
1644
1693
1727
1757
1777
1806
1797
1779
1767
1732
1699
1665
1626
1617
1590
1579
1576
1587
1589
1595
1611
1631
1636
1637
1643
1641
1629
1632
1639
1658
1671
1683
1705
1716
1721
1710
1697
1689
1672
1660
1645
1642
1624
1626
1612
1605
1588
1586
1585
1606
1591
1584
1571
1566
1553
1553
1548
1562
1576
1601
1621
1642
1659
1666
1677
1694
1723
1750
1762
1806
1838
1856
1877
1922
1939
1972
1994
2006
2022
2021
2027
2031
2029
2036
2038
2032
2032
2039
2023
2006
1988
1998
1982
1968
1940
1923
1897
1876
1860
1857
1849
1856
1866
1874
1886
1883
1884
1897
1896
1921
1927
1959
1982
2004
2016
2037
2061
2074
2099
2117
2131
2111
2117
2122
2105
2090
2083
2080
2075
2052
2033
2014
1975
1949
1898
1882
1841
1817
1802
1772
1742
1728
1713
1681
1672
1649
1638
1608
1577
1568
1531
1489
1458
1441
1409
1374
1324
1290
1220
1160
1099
1051
983
907
846
792
741
694
664
639
611
580
565
563
560
556
564
581
594
612
634
653
675
677
686
708
714
712
725
754
765
777
808
838
884
922
982
1038
1097
1137
1174
1214
1248
1266
1289
1322
1342
1345
1361
1381
1378
1374
1387
1413
1438
1441
1449
1475
1480
1481
1491
1492
1490
1493
1487
1495
1493
1489
1476
1482
1483
1459
1445
1439
1423
1392
1370
1349
1321
1284
1239
1232
1194
1156
1119
1097
1057
1011
967
930
882
822
771
739
693
651
626
610
591
574
557
558
551
543
541
557
563
564
585
613
641
669
708
754
792
831
871
922
955
986
1016
1051
1097
1113
1140
1184
1200
1213
1231
1267
1292
1294
1310
1343
1345
1359
1365
1378
1369
1375
1376
1382
1392
1394
1389
1395
1390
1388
1394
1407
1404
1417
1420
1434
1449
1446
1448
1460
1463
1458
1461
1482
1482
1475
1467
1451
1416
1399
1378
1377
1378
1388
1381
1396
1396
1394
1398
1425
1426
1433
1456
1472
1475
1461
1455
1462
1450
1445
1442
1443
1444
1431
1423
1430
1427
1419
1420
1426
1420
1424
1420
1419
1423
1425
1436
1448
1473
1474
1482
1513
1519
1514
1520
1520
1519
1505
1491
1510
1524
1507
1518
1523
1522
1512
1505
1508
1513
1510
1509
1519
1527
1521
1520
1522
1519
1521
1520
1541
1537
1536
1535
1540
1552
1540
1539
1553
1542
1534
1525
1524
1509
1489
1473
1481
1458
1431
1416
1390
1378
1364
1345
1345
1336
1314
1310
1332
1346
1347
1371
1398
1419
1435
1454
1473
1485
1482
1510
1529
1536
1550
1545
1552
1547
1524
1483
1434
1382
1321
1289
1280
1276
1262
1269
1290
1285
1293
1308
1326
1348
1343
1351
1358
1360
1359
1371
1408
1422
1432
1440
1473
1490
1483
1486
1485
1473
1457
1442
1438
1424
1411
1395
1392
1391
1382
1387
1398
1406
1400
1387
1380
1349
1315
1294
1294
1289
1285
1272
1273
1277
1263
1248
1255
1252
1255
1274
1285
1298
1309
1315
1331
1326
1318
1338
1351
1362
1346
1355
1365
1355
1350
1364
1371
1362
1362
1338
1335
1318
1296
1289
1282
1260
1246
1240
1259
1256
1262
1264
1277
1289
1293
1294
1308
1321
1315
1320
1333
1352
1347
1353
1374
1384
1380
1387
1401
1407
1387
1390
1401
1400
1384
1395
1401
1394
1396
1388
1410
1411
1408
1404
1407
1398
1380
1369
1362
1353
1320
1307
1301
1293
1267
1256
1255
1228
1204
1168
1149
1127
1097
1070
1035
1017
977
953
943
926
904
884
884
882
866
862
879
899
894
904
936
950
957
993
1030
1056
1064
1084
1103
1110
1117
1129
1137
1141
1131
1138
1133
1134
1130
1139
1147
1154
1139
1136
1138
1132
1124
1115
1122
1116
1106
1091
1099
1098
1076
1066
1062
1057
1038
1046
1037
1038
1017
1007
1017
1019
1011
1001
1008
1002
992
983
987
975
958
949
949
928
908
906
893
880
869
871
870
863
853
845
860
852
846
841
854
850
842
851
858
862
866
865
880
887
881
878
877
863
862
839
839
830
820
809
810
817
800
800
794
792
774
768
772
759
752
746
756
763
752
755
761
752
739
751
743
741
728
730
741
737
715
716
721
716
700
692
709
706
698
700
700
697
685
683
702
701
693
690
704
705
698
704
711
713
711
716
714
713
701
702
705
701
699
692
700
700
692
680
686
677
659
651
651
644
625
624
628
620
606
603
602
610
597
590
596
584
575
578
584
579
568
565
581
571
570
571
579
581
573
568
576
575
572
570
581
583
573
571
572
566
555
551
557
554
544
542
555
559
551
545
553
556
541
549
552
557
545
549
555
560
555
558
564
554
538
529
524
518
518
516
522
525
516
513
513
512
493
489
487
484
476
478
488
494
488
489
502
503
503
504
512
515
497
487
489
484
473
475
491
496
488
479
477
468
456
450
446
432
428
430
437
427
426
429
446
447
446
457
479
487
479
479
475
478
465
462
477
478
471
459
476
476
470
470
480
476
472
467
466
447
440
442
439
442
429
428
438
433
426
431
442
445
439
440
456
459
464
471
491
494
505
525
540
272
-9
-10
-5
-7
-8
-7
-8
-9
442
441
-11
-10
-8
-8
-8

