;UFOS3
;Measurement details: channel = Z-D, date = 12.09.2015, time = 12:27:51
Exposure=362
Gain=0
Temperature=34.6
Accummulate=4
2.167032528265423 mu
2.1959640816422827 amas
27.133 hs
254 ozone
146763 uva
4545 uvb
862 uve
[Value]
-5
-7
-4
-4
-5
-8
-5
-7
-5
-4
-5
-8
-6
-2
-4
-4
-5
-6
-7
-5
-5
-3
-1
1
2
1
3
-2
1
1
3
-1
2
2
1
5
0
-1
-3
-2
1
-3
2
2
2
0
-1
0
1
-1
1
-2
-1
0
0
-5
0
0
-4
-1
-2
0
1
0
3
-1
4
-1
2
2
2
3
0
2
4
0
1
0
3
2
0
1
-2
0
0
2
-2
0
-1
1
-1
1
-1
1
0
-1
0
-1
0
0
0
-1
2
1
0
1
0
3
2
-4
3
0
-1
1
1
0
1
-1
-3
0
-1
1
-2
-1
1
-3
1
1
-1
1
0
-2
-3
-2
-1
0
-1
0
-1
-2
1
2
2
2
0
2
0
-1
0
1
2
1
-1
-2
-1
1
0
-3
2
1
-2
2
-1
1
1
3
2
-2
2
0
-2
2
-4
1
2
3
2
-1
3
-1
1
2
4
-2
0
1
0
-1
0
-1
-5
1
2
1
-1
1
1
-2
1
0
-2
-1
3
4
0
-2
0
3
-2
-1
3
5
0
-2
1
-2
2
-2
-2
-2
-1
-2
2
2
-2
0
4
-1
1
-3
-1
0
0
-1
-1
-1
-3
0
1
-1
-1
-2
1
1
1
-1
0
2
1
-1
-1
1
2
-1
1
-1
0
-1
1
2
-1
-1
1
3
-2
-1
4
-2
-3
-1
0
1
4
-1
-2
-2
2
0
0
2
-1
-1
0
-2
-1
-2
3
1
0
0
0
-1
0
-1
0
4
1
0
1
-3
3
-1
2
-1
2
0
0
-1
0
0
4
0
0
0
-2
-1
-1
-1
1
-1
1
1
1
-2
-1
-1
4
0
0
0
-3
0
-1
-1
3
3
2
2
3
-1
-1
3
0
0
0
1
1
-2
-4
0
2
0
-1
1
-4
-1
2
0
1
-1
2
0
-2
1
2
-2
0
0
1
2
0
0
3
1
1
-2
-1
1
1
0
0
2
-2
1
-1
-1
-3
2
2
1
0
-2
0
-1
0
0
3
-1
-3
2
0
0
3
2
0
-3
2
3
-3
-2
4
-1
1
0
3
2
0
-1
2
-1
-1
2
-3
2
2
-2
-2
1
0
2
1
-2
-1
1
2
0
-2
2
1
-1
1
-1
2
-2
0
-2
2
1
1
2
0
-2
-1
-1
2
0
0
1
1
2
1
-1
0
1
1
1
0
2
0
0
4
5
2
2
1
0
2
1
3
-1
1
0
2
5
1
1
-1
1
3
0
3
-1
1
2
2
-1
3
1
3
1
2
1
1
3
2
1
4
2
1
5
0
1
3
2
1
3
3
2
3
1
4
0
3
2
2
4
0
5
2
5
5
1
0
2
1
1
0
3
6
4
4
1
4
5
3
3
7
3
0
7
3
6
4
3
4
6
6
5
8
1
4
5
4
3
2
3
7
8
4
4
7
7
4
10
5
4
7
9
6
7
6
6
8
7
6
7
13
13
9
10
11
10
8
10
9
7
7
7
9
10
9
10
10
13
10
10
9
6
10
11
11
12
14
14
15
13
17
13
16
19
20
17
19
19
20
19
24
21
23
23
28
25
27
25
25
27
27
28
31
32
25
30
31
28
28
30
30
31
28
28
27
32
31
30
32
29
37
33
36
37
37
36
41
39
38
41
44
46
46
47
48
51
51
56
61
59
61
59
63
66
66
69
64
71
71
69
73
71
70
70
74
70
69
71
70
68
72
68
72
70
73
77
74
75
76
75
80
84
83
84
89
85
91
92
94
96
98
97
100
103
103
110
112
116
117
118
130
127
131
134
144
144
148
150
159
155
159
161
166
165
169
170
175
178
173
179
181
181
178
179
180
181
181
180
182
189
187
188
195
194
197
193
201
202
200
198
200
206
203
201
207
204
200
205
202
198
193
193
195
188
182
188
192
195
194
194
195
200
197
200
206
207
204
203
210
213
206
209
217
212
209
215
223
225
221
219
230
240
237
246
257
263
266
274
287
300
302
312
332
337
341
349
363
358
363
367
377
374
368
372
374
379
380
374
379
376
368
366
366
364
362
358
362
358
351
351
357
349
344
345
349
348
346
348
354
357
355
362
368
366
368
375
382
391
390
395
404
410
402
412
424
428
421
426
438
430
424
425
430
432
424
424
436
429
423
422
428
433
426
432
441
443
450
445
462
462
463
475
490
500
500
504
515
510
505
491
503
491
490
491
491
492
483
479
489
494
491
499
507
523
516
524
544
546
563
570
593
603
611
624
636
637
634
639
649
646
636
625
630
614
595
584
588
572
561
547
548
539
532
521
529
533
527
533
547
554
556
567
588
605
606
629
651
685
690
718
741
754
760
780
804
826
837
854
879
894
896
916
946
960
964
970
991
1002
1001
1015
1034
1037
1038
1049
1061
1057
1045
1038
1023
999
970
961
944
927
904
893
887
874
860
865
861
858
856
856
856
872
877
891
922
938
965
981
1033
1062
1081
1113
1136
1156
1146
1161
1163
1160
1143
1138
1139
1130
1123
1118
1117
1104
1081
1063
1067
1057
1042
1033
1032
1043
1030
1035
1045
1055
1068
1086
1108
1125
1127
1142
1158
1176
1181
1200
1220
1233
1231
1248
1270
1284
1279
1287
1305
1315
1313
1319
1327
1328
1303
1277
1277
1258
1227
1212
1201
1171
1138
1124
1110
1091
1067
1057
1052
1037
1021
1025
1041
1041
1039
1042
1068
1072
1075
1086
1095
1096
1094
1087
1093
1100
1093
1091
1103
1101
1080
1068
1071
1056
1032
1023
1004
979
963
946
934
916
894
887
882
887
878
879
892
893
893
891
895
895
906
917
933
943
944
947
972
984
995
1003
1032
1037
1037
1047
1077
1072
1074
1081
1097
1114
1115
1124
1139
1154
1156
1159
1180
1190
1202
1210
1223
1221
1212
1206
1209
1207
1197
1187
1189
1176
1157
1155
1160
1153
1145
1151
1152
1156
1153
1148
1149
1158
1160
1175
1200
1223
1237
1268
1305
1325
1355
1369
1409
1438
1462
1497
1530
1547
1569
1581
1617
1632
1642
1660
1666
1661
1655
1645
1659
1667
1668
1670
1688
1692
1714
1711
1732
1739
1739
1752
1770
1779
1773
1756
1766
1768
1773
1769
1803
1813
1805
1813
1824
1818
1814
1805
1805
1798
1788
1779
1772
1770
1760
1759
1764
1770
1765
1770
1773
1771
1759
1746
1756
1752
1749
1741
1754
1757
1761
1775
1778
1765
1777
1770
1769
1782
1793
1798
1829
1845
1865
1893
1925
1955
1967
1991
2021
2034
2071
2108
2128
2162
2216
2241
2248
2271
2353
2378
2320
2344
2452
2450
2365
2367
2493
2498
2404
2422
2534
2535
2443
2467
2560
2566
2469
2453
2557
2547
2437
2418
2503
2425
2321
2274
2306
2251
2182
2165
2157
2134
2103
2083
2094
2098
2090
2092
2099
2102
2092
2091
2095
2092
2086
2103
2114
2122
2108
2109
2127
2125
2110
2123
2142
2147
2133
2138
2153
2166
2162
2168
2187
2185
2156
2151
2153
2150
2127
2128
2138
2145
2128
2118
2131
2125
2104
2097
2099
2083
2063
2047
2045
2041
2038
2040
2039
2054
2046
2047
2054
2046
2022
2017
1996
1969
1958
1928
1909
1889
1874
1861
1843
1837
1837
1813
1786
1753
1734
1726
1713
1698
1687
1667
1668
1660
1684
1688
1706
1725
1758
1786
1807
1829
1839
1857
1869
1876
1883
1870
1870
1841
1834
1825
1817
1814
1823
1823
1802
1819
1802
1812
1795
1794
1795
1800
1801
1799
1823
1837
1851
1847
1874
1879
1872
1870
1845
1819
1770
1734
1691
1636
1591
1557
1528
1505
1482
1455
1450
1437
1426
1416
1428
1421
1418
1423
1436
1448
1461
1471
1498
1516
1514
1522
1528
1527
1506
1489
1473
1449
1425
1399
1390
1371
1363
1359
1377
1386
1404
1431
1472
1500
1527
1554
1589
1609
1621
1629
1633
1629
1631
1630
1645
1640
1639
1636
1636
1632
1625
1621
1628
1621
1616
1630
1660
1672
1676
1694
1730
1746
1773
1812
1851
1875
1892
1891
1908
1917
1903
1893
1894
1885
1864
1859
1847
1844
1835
1819
1827
1835
1833
1853
1883
1883
1894
1908
1919
1936
1984
2013
2043
2088
2121
2152
2160
2188
2233
2249
2222
2221
2270
2291
2229
2228
2279
2262
2201
2203
2230
2208
2149
2144
2145
2131
2107
2106
2122
2136
2136
2122
2151
2146
2116
2102
2121
2093
2074
2078
2073
2072
2072
2075
2088
2087
2097
2100
2133
2148
2147
2156
2198
2214
2211
2234
2307
2320
2265
2282
2385
2390
2320
2330
2417
2419
2326
2337
2412
2390
2311
2301
2378
2366
2296
2292
2382
2384
2310
2325
2432
2452
2368
2368
2465
2474
2391
2385
2468
2461
2362
2358
2491
2467
2373
2366
2461
2417
2319
2278
2306
2242
2155
2116
2091
2034
1992
1951
1914
1866
1823
1778
1732
1701
1677
1645
1619
1609
1601
1603
1595
1608
1638
1666
1698
1730
1792
1841
1869
1914
1946
1972
2000
2011
2020
2048
2066
2081
2086
2099
2126
2131
2126
2126
2132
2125
2097
2082
2075
2042
2015
1994
1972
1942
1921
1911
1900
1876
1862
1856
1831
1820
1826
1816
1816
1795
1800
1790
1785
1799
1819
1821
1833
1855
1886
1891
1920
1935
1951
1958
1962
1950
1944
1918
1891
1880
1872
1851
1822
1800
1784
1758
1720
1688
1675
1650
1625
1613
1614
1593
1570
1587
1600
1592
1593
1609
1622
1627
1623
1621
1646
1653
1658
1663
1685
1679
1678
1685
1709
1701
1702
1701
1704
1700
1681
1676
1661
1645
1616
1624
1616
1606
1595
1580
1581
1575
1571
1565
1580
1556
1530
1523
1515
1497
1468
1467
1466
1483
1487
1512
1544
1562
1580
1591
1632
1650
1666
1685
1714
1739
1750
1782
1814
1832
1851
1863
1888
1906
1914
1928
1951
1938
1932
1929
1921
1929
1911
1900
1898
1889
1865
1850
1842
1824
1802
1785
1778
1750
1732
1716
1708
1705
1702
1691
1703
1704
1708
1724
1755
1771
1775
1794
1808
1816
1813
1823
1832
1849
1862
1859
1864
1853
1840
1805
1787
1744
1712
1671
1636
1609
1576
1571
1569
1568
1574
1576
1607
1625
1643
1660
1697
1717
1720
1743
1773
1802
1812
1836
1869
1896
1919
1944
1962
1962
1973
1992
1991
1999
2014
2034
2061
2075
2105
2124
2128
2138
2174
2182
2168
2173
2212
2215
2188
2199
2240
2258
2223
2230
2297
2298
2249
2255
2307
2308
2249
2258
2336
2344
2295
2296
2391
2396
2302
2312
2419
2403
2311
2310
2380
2348
2269
2262
2329
2310
2250
2239
2300
2284
2217
2218
2253
2235
2191
2182
2197
2170
2139
2134
2140
2133
2117
2107
2101
2101
2069
2051
2039
2022
2003
2000
2003
2003
2010
2007
2008
1988
1968
1940
1906
1886
1843
1816
1774
1758
1744
1734
1748
1762
1780
1803
1811
1836
1849
1866
1877
1891
1910
1927
1950
1963
1984
1999
1988
1970
1947
1906
1870
1834
1807
1781
1741
1721
1702
1665
1618
1577
1538
1494
1461
1432
1426
1405
1392
1382
1410
1416
1411
1448
1487
1512
1551
1571
1608
1646
1659
1697
1735
1760
1811
1848
1891
1942
1983
2027
2055
2076
2121
2151
2143
2166
2200
2221
2191
2203
2249
2252
2204
2217
2268
2268
2199
2198
2205
2178
2130
2094
2084
2039
2010
1980
1945
1932
1890
1856
1812
1750
1694
1665
1635
1598
1591
1584
1577
1572
1575
1571
1555
1559
1576
1580
1584
1600
1611
1625
1634
1640
1640
1648
1629
1620
1594
1593
1562
1540
1532
1510
1490
1492
1500
1488
1487
1495
1498
1492
1492
1490
1513
1543
1561
1605
1644
1685
1729
1755
1805
1835
1860
1866
1865
1856
1836
1813
1793
1764
1742
1727
1708
1694
1663
1624
1610
1578
1548
1524
1522
1500
1471
1466
1479
1492
1497
1526
1561
1589
1616
1647
1689
1689
1704
1714
1733
1740
1746
1738
1736
1747
1735
1723
1723
1710
1688
1661
1645
1620
1597
1573
1549
1545
1517
1515
1518
1512
1511
1529
1539
1552
1579
1597
1624
1645
1663
1678
1703
1731
1760
1788
1822
1850
1876
1895
1920
1937
1964
1982
1989
2007
2022
2045
2032
2044
2046
2060
2046
2058
2066
2061
2057
2053
2064
2066
2050
2043
2042
2038
2019
2025
2017
1998
1979
1977
1978
1974
1993
2002
2004
2024
2028
2038
2039
2056
2055
2065
2085
2095
2085
2096
2112
2117
2110
2111
2134
2135
2101
2083
2084
2061
2042
2036
2019
2022
2016
2006
2012
2011
2016
1994
2004
2008
2006
2017
2020
2018
2008
2001
2010
2000
2002
2006
1999
2016
2018
2043
2065
2086
2093
2104
2148
2162
2153
2185
2251
2283
2242
2271
2387
2405
2326
2350
2444
2467
2387
2375
2491
2512
2412
2423
2528
2554
2412
2450
2554
2572
2448
2472
2584
2578
2472
2516
2611
2599
2494
2501
2628
2603
2494
2406
2468
2285
2183
2154
2164
2153
2142
2156
2202
2221
2211
2262
2371
2394
2346
2359
2476
2492
2390
2418
2526
2555
2451
2476
2564
2588
2467
2468
2608
2613
2517
2550
2632
2632
2510
2541
2643
2603
2494
2181
2165
2097
2082
2084
2092
2089
2083
2115
2164
2204
2210
2240
2334
2357
2291
2324
2433
2437
2339
2339
2448
2417
2300
2233
2211
2108
2030
1991
1947
1889
1838
1783
1744
1703
1672
1652
1632
1637
1662
1677
1704
1733
1778
1814
1849
1889
1936
1952
1978
2009
1994
2010
2015
2005
1993
1981
1956
1903
1873
1806
1756
1692
1646
1600
1572
1548
1541
1552
1558
1574
1596
1629
1657
1701
1759
1811
1855
1909
1956
1990
2025
2065
2070
2086
2106
2118
2085
2091
2094
2065
2045
2031
2028
2008
1975
1950
1920
1890
1856
1833
1817
1806
1816
1813
1823
1826
1836
1837
1838
1849
1856
1857
1832
1829
1820
1818
1819
1821
1845
1849
1870
1884
1896
1914
1926
1939
1959
1981
2006
2016
2038
2046
2054
2064
2059
2076
2107
2119
2120
2137
2167
2179
2158
2168
2193
2205
2173
2198
2254
2257
2212
2227
2276
2249
2198
2186
2223
2193
2138
2111
2097
2049
2012
1990
1960
1937
1916
1885
1877
1844
1815
1790
1781
1748
1740
1724
1715
1707
1710
1699
1677
1661
1659
1642
1612
1596
1589
1569
1564
1542
1551
1546
1545
1548
1579
1608
1619
1658
1681
1707
1750
1756
1794
1809
1827
1844
1862
1882
1894
1910
1925
1926
1932
1945
1950
1950
1965
1962
1954
1955
1940
1929
1915
1904
1878
1858
1834
1811
1791
1772
1755
1741
1715
1695
1669
1643
1615
1568
1538
1499
1461
1431
1424
1424
1423
1422
1432
1430
1417
1417
1413
1390
1355
1332
1309
1278
1250
1227
1225
1212
1193
1201
1206
1207
1192
1182
1179
1147
1120
1109
1111
1103
1089
1086
1098
1098
1100
1102
1115
1128
1118
1118
1125
1121
1099
1095
1097
1093
1066
1070
1079
1096
1111
1135
1182
1195
1225
1260
1300
1337
1346
1387
1421
1447
1483
1524
1580
1632
1673
1703
1748
1770
1779
1793
1797
1815
1805
1820
1823
1829
1825
1829
1825
1827
1814
1809
1802
1807
1775
1776
1754
1750
1737
1724
1726
1714
1681
1647
1636
1604
1559
1542
1545
1543
1545
1553
1577
1594
1612
1623
1659
1682
1701
1720
1747
1769
1790
1817
1857
1891
1926
1943
1952
1953
1944
1902
1850
1791
1716
1662
1628
1575
1542
1530
1531
1531
1529
1545
1562
1600
1610
1637
1667
1671
1684
1706
1744
1767
1799
1825
1849
1864
1858
1850
1832
1811
1811
1779
1777
1773
1762
1750
1741
1735
1709
1722
1738
1737
1728
1708
1697
1685
1682
1679
1689
1713
1726
1759
1793
1794
1801
1809
1824
1853
1887
1907
1936
1962
1996
2020
2054
2078
2126
2141
2137
2162
2192
2193
2149
2158
2195
2191
2154
2160
2196
2176
2131
2137
2165
2167
2121
2109
2095
2058
2028
2037
2011
2017
2007
2006
2036
2031
2027
2021
2028
2031
2043
2065
2113
2137
2126
2153
2195
2212
2190
2211
2268
2285
2238
2225
2276
2288
2208
2211
2258
2220
2165
2165
2184
2135
2072
2044
2025
1991
1955
1917
1893
1879
1854
1832
1815
1795
1778
1756
1718
1695
1672
1634
1604
1567
1546
1516
1471
1437
1406
1352
1305
1245
1203
1138
1072
1008
956
897
836
789
762
720
677
656
643
637
627
630
646
656
668
696
737
769
797
833
876
904
933
960
996
1009
1020
1031
1061
1078
1099
1137
1182
1210
1246
1267
1302
1327
1346
1368
1401
1427
1449
1464
1473
1449
1405
1360
1332
1302
1249
1229
1218
1202
1199
1194
1233
1275
1308
1339
1397
1434
1457
1489
1519
1535
1535
1544
1536
1516
1480
1453
1425
1379
1326
1290
1268
1244
1206
1186
1175
1139
1090
1056
1019
966
906
851
811
770
721
690
673
659
636
621
616
609
597
595
607
614
625
641
686
713
735
771
835
868
905
952
1006
1044
1086
1128
1179
1222
1248
1281
1309
1350
1370
1388
1419
1435
1443
1446
1462
1463
1463
1470
1473
1462
1462
1470
1476
1481
1483
1490
1495
1488
1474
1473
1478
1492
1479
1487
1496
1503
1504
1504
1526
1535
1537
1557
1575
1583
1580
1578
1567
1563
1556
1552
1563
1570
1569
1564
1567
1562
1555
1562
1564
1567
1576
1583
1586
1601
1588
1571
1574
1570
1564
1560
1563
1557
1557
1553
1548
1512
1493
1460
1462
1473
1475
1480
1492
1493
1490
1512
1536
1548
1571
1591
1616
1635
1654
1654
1649
1642
1636
1634
1640
1636
1639
1641
1645
1643
1632
1645
1646
1641
1638
1637
1650
1656
1656
1646
1649
1652
1634
1646
1662
1661
1656
1668
1669
1670
1659
1663
1680
1679
1660
1651
1655
1644
1628
1608
1592
1572
1577
1564
1554
1547
1524
1514
1511
1506
1492
1486
1509
1512
1504
1513
1543
1565
1583
1586
1605
1608
1611
1633
1657
1672
1669
1683
1701
1685
1658
1628
1586
1543
1500
1477
1459
1441
1413
1399
1418
1413
1416
1427
1456
1460
1456
1464
1474
1478
1477
1492
1511
1537
1544
1562
1592
1604
1587
1556
1545
1509
1457
1433
1428
1424
1417
1408
1432
1442
1438
1450
1476
1488
1493
1494
1482
1454
1433
1427
1429
1427
1416
1413
1422
1420
1412
1413
1418
1418
1404
1416
1424
1425
1419
1431
1436
1432
1421
1421
1447
1458
1471
1477
1482
1463
1449
1441
1445
1445
1437
1412
1404
1388
1356
1333
1321
1309
1311
1328
1350
1376
1392
1396
1414
1413
1407
1408
1420
1418
1396
1399
1403
1409
1408
1421
1436
1447
1448
1452
1471
1469
1464
1460
1460
1448
1427
1417
1408
1390
1390
1390
1412
1422
1443
1448
1456
1467
1463
1448
1452
1434
1409
1401
1393
1368
1354
1336
1331
1315
1286
1260
1242
1221
1187
1158
1145
1121
1094
1082
1085
1076
1055
1055
1069
1062
1060
1060
1080
1083
1071
1083
1098
1117
1111
1133
1157
1172
1165
1165
1166
1169
1176
1157
1164
1149
1129
1114
1111
1109
1074
1066
1061
1051
1043
1034
1045
1055
1039
1036
1062
1064
1068
1069
1095
1102
1101
1104
1109
1108
1098
1107
1099
1103
1089
1073
1079
1076
1061
1055
1060
1061
1047
1031
1044
1037
1019
1015
1013
1001
977
962
973
952
938
924
914
913
895
900
901
903
886
886
894
896
888
896
904
902
903
903
916
926
919
916
913
908
895
884
882
875
858
857
861
856
840
832
833
828
811
797
807
802
787
790
799
798
791
793
799
804
796
803
797
787
770
766
767
766
749
740
752
742
728
731
738
730
716
710
722
712
706
707
718
721
717
717
728
714
704
703
721
716
719
729
738
736
719
727
736
731
715
716
719
725
711
705
712
698
684
670
675
666
641
638
635
627
613
616
620
615
611
609
609
606
593
589
596
592
584
591
601
601
594
594
604
605
595
594
594
599
593
593
604
599
589
589
592
588
575
568
579
575
561
564
567
575
557
556
562
548
541
550
564
565
562
564
577
576
568
573
584
582
573
574
574
569
545
549
544
545
536
533
536
532
512
507
512
502
495
497
504
508
497
503
513
514
513
521
541
525
510
508
512
515
522
531
549
546
545
551
565
563
557
556
558
556
557
548
560
554
545
542
549
543
530
530
531
528
516
503
495
487
472
473
479
483
473
467
472
456
443
429
427
410
402
397
396
390
381
377
389
391
390
398
412
410
404
408
416
414
411
406
422
427
426
428
445
450
441
453
463
469
466
467
471
474
454
455
466
462
453
458
466
474
460
463
470
471
466
464
475
477
480
481
496
500
503
514
502
260
-6
-7
-4
-6
-6
-6
-6
-6
416
416
-5
-7
-7
-5
-5

