;UFOS3
;Measurement details: channel = S-D, date = 12.09.2015, time = 12:28:33
Exposure=250
Gain=0
Temperature=34.5
Accummulate=4
2.1714447958026746 mu
2.20060316147492 amas
27.072 hs
306 ozone
114058 uva
1516 uvb
299 uve
[Value]
-9
-9
-8
-11
-9
-10
-9
-9
-11
-12
-8
-10
-12
-8
-8
-8
-11
-9
-11
-12
-10
-4
1
0
1
0
3
1
-1
1
2
1
1
-3
-1
1
3
1
-3
1
2
-1
-4
-2
-2
1
3
2
0
0
0
2
1
0
-3
-2
1
1
0
-1
-2
-2
-2
0
4
-1
0
2
0
1
-2
3
-1
-3
-4
1
0
1
0
1
0
1
3
4
1
0
0
-2
1
1
-1
0
0
0
3
1
2
0
-1
-1
2
-1
1
2
0
-2
0
1
0
0
1
1
1
-3
-1
3
2
2
1
0
-2
-1
-2
0
-1
0
1
2
2
-2
-2
2
1
-1
-2
-1
-2
0
-1
0
-2
-1
2
1
2
1
3
0
1
0
2
2
1
3
3
1
2
0
3
2
0
0
3
-1
-2
1
2
2
2
0
2
0
-1
0
1
-1
1
-1
3
0
3
1
3
2
3
3
0
-2
1
-1
1
-1
-1
-2
0
1
1
0
5
-2
0
1
3
-1
0
0
-1
0
1
1
1
2
2
1
3
0
1
-2
-3
-4
-2
1
2
-2
2
-2
0
0
2
-1
0
-2
-2
3
0
1
0
0
0
2
1
-1
1
0
-1
-4
-2
0
2
-1
-1
2
0
1
2
1
-2
0
0
2
0
-2
-4
0
-2
2
-1
1
1
-2
0
3
2
0
3
1
-1
0
1
2
2
3
0
0
2
-1
1
0
2
-2
0
-1
-2
1
1
-1
2
0
2
-4
1
-2
-1
1
-1
-1
0
2
1
-1
4
1
-1
1
-2
-2
-1
0
0
-2
0
-2
1
1
-1
-2
3
-1
1
-2
1
2
-1
1
-1
-2
-1
-2
0
2
1
-2
1
1
1
-1
1
3
-2
1
3
-1
-1
0
0
2
-2
0
-2
2
-1
-1
2
2
3
-2
1
0
0
-1
0
1
0
1
-1
-1
-3
-2
4
2
-1
0
1
2
0
1
-2
-4
-1
-1
5
1
-1
-2
1
1
0
0
0
2
2
2
-2
-2
0
1
1
0
1
-1
-2
1
1
-1
-2
3
1
-1
-1
-2
1
1
-1
0
2
0
4
0
-2
0
0
-2
1
0
-1
3
0
2
0
-2
1
-1
0
1
1
1
2
4
-1
-3
2
2
1
2
1
1
0
1
3
3
0
3
2
-1
1
-1
1
1
0
1
0
2
1
1
4
0
0
2
1
3
0
4
2
-2
1
2
-1
0
3
1
2
0
0
2
-1
-3
2
0
0
0
0
1
2
1
2
1
3
0
3
1
3
0
1
0
1
0
2
0
3
0
1
1
4
4
0
1
2
4
3
3
0
2
2
2
1
1
2
3
1
1
2
2
2
1
4
3
2
0
2
1
2
4
2
1
4
0
3
2
4
3
2
1
2
3
4
3
3
3
3
2
4
1
2
1
5
3
2
5
6
1
5
2
3
3
4
2
3
4
2
2
6
5
3
2
1
6
5
3
1
6
5
5
3
4
5
3
5
3
4
3
6
3
6
3
1
4
3
6
6
4
6
6
5
4
5
4
3
3
3
4
1
0
7
3
8
5
4
6
7
4
3
6
6
8
7
7
9
6
7
7
7
9
9
9
8
9
7
12
11
7
13
10
11
12
11
10
13
13
12
13
12
10
14
9
13
9
13
12
6
7
15
11
15
13
13
14
13
16
14
14
15
14
17
13
18
17
17
19
17
17
22
20
23
22
24
24
24
27
24
25
24
24
31
26
29
28
25
29
29
24
24
29
26
28
29
27
28
27
29
27
30
31
30
28
30
34
34
34
35
36
30
34
36
38
34
36
39
40
41
41
43
41
47
44
51
48
54
52
54
56
58
54
63
64
63
61
64
67
65
66
67
68
66
69
72
68
69
69
69
74
67
70
70
73
73
74
77
83
77
77
79
81
80
79
81
81
78
77
86
80
79
83
81
80
75
73
77
73
75
74
75
78
77
78
80
77
76
79
80
82
81
85
87
84
86
85
87
87
84
89
90
90
90
92
93
95
96
97
101
108
107
112
115
117
122
126
137
136
142
140
142
146
144
149
153
151
153
150
150
153
155
153
157
156
154
154
152
150
147
146
149
148
149
145
151
148
142
144
148
145
143
145
150
152
152
150
150
154
155
156
159
161
158
163
173
171
170
176
180
180
182
176
182
177
175
177
176
174
174
173
175
174
176
175
180
179
178
182
185
184
189
194
197
202
204
205
212
218
216
221
226
227
223
218
224
225
220
222
220
219
216
217
225
214
215
222
229
232
235
231
237
240
241
247
259
263
269
272
283
279
281
278
283
288
276
280
278
278
266
261
262
256
246
241
238
239
234
235
234
230
230
234
245
242
245
250
261
267
272
284
294
305
316
325
335
338
340
350
363
368
374
386
392
398
396
414
419
427
431
438
445
454
450
453
461
468
465
471
480
477
468
463
458
453
445
433
436
421
407
404
405
405
391
392
393
392
390
386
396
404
402
405
420
433
442
452
469
485
499
507
524
527
530
532
538
535
524
518
529
526
513
513
509
506
500
488
491
488
478
478
477
475
468
468
474
483
482
492
505
509
513
519
533
538
544
547
563
569
568
579
599
597
599
605
620
617
621
621
624
626
613
610
606
606
588
579
578
567
549
539
539
526
508
505
502
504
490
489
494
495
497
497
507
516
510
518
524
528
525
526
528
535
527
526
529
531
526
513
520
508
501
489
491
478
460
454
453
448
433
430
433
430
427
430
435
437
434
432
445
445
439
448
459
465
462
466
479
488
490
497
512
518
519
521
539
533
539
544
547
558
552
559
571
580
578
584
593
604
599
606
617
621
614
612
613
608
606
597
605
602
586
578
584
580
576
572
583
573
575
563
572
579
580
586
599
616
621
636
652
671
678
698
724
744
751
768
793
800
812
817
844
856
862
874
881
887
884
885
891
895
897
900
915
915
910
924
931
931
933
940
947
949
941
939
942
945
946
952
956
969
956
958
974
975
963
962
968
958
950
956
952
958
948
950
954
952
949
945
955
947
940
935
942
936
931
931
947
943
943
944
965
955
944
953
953
970
967
981
990
1004
1008
1028
1047
1069
1075
1092
1116
1126
1135
1157
1185
1197
1218
1240
1269
1291
1308
1317
1338
1349
1361
1363
1380
1377
1378
1392
1415
1419
1427
1429
1429
1423
1409
1403
1410
1407
1385
1379
1369
1365
1325
1311
1303
1289
1274
1252
1254
1232
1210
1200
1199
1191
1188
1187
1196
1193
1190
1189
1188
1197
1188
1183
1204
1204
1198
1205
1214
1222
1212
1213
1216
1225
1223
1225
1236
1237
1234
1235
1250
1250
1240
1238
1245
1239
1234
1232
1235
1229
1233
1229
1237
1231
1218
1215
1210
1205
1188
1181
1170
1157
1156
1142
1140
1145
1136
1141
1159
1158
1157
1156
1155
1151
1135
1124
1118
1116
1099
1089
1095
1075
1071
1062
1068
1055
1036
1033
1042
1036
1016
1004
1012
1009
996
1003
1011
1020
1025
1042
1055
1077
1083
1090
1104
1112
1106
1108
1118
1107
1098
1095
1095
1086
1079
1077
1086
1080
1079
1080
1092
1082
1077
1074
1081
1079
1079
1086
1101
1111
1109
1114
1133
1142
1128
1123
1121
1095
1065
1040
1025
996
965
933
931
912
897
882
881
874
858
854
867
860
858
862
876
892
881
895
910
919
909
917
920
907
898
893
882
870
841
834
833
822
813
817
829
847
855
874
903
919
932
952
985
995
998
1012
1022
1019
1017
1031
1044
1054
1051
1047
1055
1058
1042
1039
1050
1053
1048
1052
1074
1079
1076
1086
1105
1117
1142
1157
1178
1199
1202
1213
1218
1221
1211
1204
1214
1204
1193
1190
1186
1180
1171
1175
1174
1182
1182
1196
1204
1213
1215
1234
1254
1268
1279
1305
1347
1368
1389
1400
1423
1449
1465
1470
1483
1491
1481
1480
1502
1492
1486
1477
1474
1473
1454
1447
1447
1420
1413
1408
1412
1414
1409
1408
1423
1424
1415
1418
1414
1407
1394
1376
1374
1375
1371
1371
1379
1382
1384
1392
1399
1408
1416
1428
1447
1458
1476
1484
1510
1524
1542
1555
1572
1590
1600
1598
1628
1622
1616
1618
1628
1617
1607
1597
1613
1595
1585
1594
1602
1607
1623
1615
1635
1647
1656
1664
1671
1666
1665
1662
1649
1652
1660
1654
1673
1671
1656
1643
1644
1637
1610
1600
1586
1561
1525
1497
1481
1448
1409
1389
1377
1343
1304
1269
1249
1214
1183
1157
1145
1129
1113
1107
1108
1104
1105
1108
1131
1156
1178
1210
1254
1293
1318
1346
1376
1389
1400
1416
1434
1439
1464
1480
1495
1501
1508
1518
1518
1525
1504
1499
1503
1487
1475
1456
1439
1416
1400
1376
1371
1353
1321
1314
1296
1279
1268
1265
1264
1257
1240
1239
1239
1250
1246
1252
1271
1274
1298
1308
1335
1342
1363
1371
1387
1402
1390
1384
1388
1386
1374
1351
1353
1343
1324
1315
1306
1279
1253
1240
1218
1209
1184
1172
1172
1158
1146
1141
1147
1142
1142
1141
1155
1163
1162
1168
1179
1191
1186
1190
1208
1215
1212
1217
1230
1229
1217
1219
1226
1218
1212
1196
1191
1187
1177
1167
1165
1161
1147
1149
1141
1145
1131
1135
1137
1127
1114
1096
1102
1082
1070
1063
1073
1083
1091
1104
1132
1150
1157
1169
1204
1209
1223
1242
1266
1275
1299
1315
1336
1360
1369
1383
1403
1422
1427
1433
1439
1445
1442
1444
1448
1439
1419
1419
1414
1407
1382
1375
1373
1348
1336
1317
1304
1289
1265
1255
1253
1252
1235
1243
1257
1250
1260
1270
1292
1311
1311
1324
1350
1347
1351
1356
1368
1362
1363
1357
1345
1344
1337
1307
1302
1270
1250
1226
1214
1193
1176
1168
1174
1185
1189
1199
1220
1234
1242
1266
1281
1303
1314
1337
1363
1390
1404
1432
1479
1503
1524
1519
1555
1564
1567
1571
1589
1594
1602
1615
1640
1642
1656
1666
1684
1681
1700
1698
1710
1709
1715
1721
1732
1746
1744
1758
1768
1776
1782
1785
1797
1794
1804
1800
1800
1805
1790
1776
1775
1762
1746
1736
1723
1702
1677
1684
1686
1685
1674
1675
1689
1691
1687
1713
1720
1732
1736
1746
1747
1742
1757
1761
1765
1762
1757
1768
1794
1797
1810
1840
1860
1862
1865
1858
1847
1820
1812
1798
1782
1757
1740
1724
1720
1708
1673
1641
1622
1584
1543
1511
1488
1454
1426
1408
1411
1403
1408
1426
1429
1454
1467
1485
1503
1510
1517
1532
1554
1568
1575
1589
1598
1587
1584
1573
1546
1521
1490
1458
1446
1428
1394
1364
1344
1320
1280
1254
1238
1194
1162
1142
1145
1128
1113
1112
1126
1142
1153
1167
1210
1238
1260
1292
1324
1349
1371
1398
1438
1469
1498
1542
1574
1612
1638
1681
1715
1746
1762
1778
1794
1807
1823
1812
1819
1832
1846
1843
1854
1854
1852
1839
1841
1835
1819
1806
1778
1758
1725
1684
1658
1638
1606
1571
1538
1512
1475
1435
1413
1378
1346
1330
1328
1317
1300
1305
1305
1314
1302
1312
1321
1320
1331
1341
1354
1364
1358
1365
1378
1383
1374
1365
1358
1343
1323
1311
1302
1285
1273
1269
1273
1273
1271
1261
1270
1262
1270
1270
1297
1309
1319
1356
1403
1440
1466
1498
1539
1562
1574
1583
1596
1570
1561
1539
1533
1515
1494
1467
1447
1441
1407
1383
1371
1349
1307
1300
1295
1273
1258
1255
1266
1281
1280
1304
1329
1361
1386
1404
1439
1455
1461
1468
1487
1492
1492
1483
1479
1477
1468
1461
1460
1444
1420
1408
1391
1381
1352
1338
1325
1305
1300
1291
1290
1298
1298
1297
1327
1346
1355
1375
1399
1419
1424
1453
1490
1517
1529
1562
1590
1616
1637
1663
1677
1697
1717
1725
1755
1767
1772
1777
1784
1799
1795
1790
1796
1801
1801
1802
1810
1802
1808
1808
1807
1802
1800
1805
1794
1789
1780
1765
1764
1761
1758
1759
1770
1776
1785
1795
1808
1801
1808
1822
1838
1846
1851
1859
1874
1864
1858
1868
1869
1853
1841
1827
1811
1806
1780
1769
1762
1753
1741
1744
1745
1758
1757
1759
1774
1780
1789
1800
1800
1815
1802
1800
1798
1814
1802
1820
1824
1831
1850
1855
1892
1890
1919
1934
1944
1971
1976
2005
2035
2056
2060
2083
2119
2140
2167
2193
2191
2199
2253
2251
2241
2258
2312
2308
2278
2297
2345
2348
2298
2327
2396
2393
2356
2344
2394
2378
2307
2292
2318
2276
2223
2176
2173
2128
2071
2048
2020
1992
1965
1964
1948
1947
1970
1986
2000
2040
2073
2119
2177
2226
2243
2277
2365
2390
2345
2392
2465
2488
2424
2440
2524
2535
2459
2489
2549
2557
2471
2411
2426
2249
2136
2053
2020
1985
1967
1947
1931
1924
1930
1922
1921
1921
1947
1964
1999
2038
2072
2110
2154
2193
2194
2213
2246
2242
2210
2191
2190
2135
2077
2016
1969
1905
1856
1818
1764
1714
1696
1642
1602
1577
1548
1531
1523
1534
1551
1562
1590
1620
1656
1693
1716
1755
1781
1825
1837
1848
1848
1851
1847
1851
1837
1810
1783
1744
1701
1660
1602
1542
1509
1467
1439
1406
1421
1415
1425
1439
1473
1498
1522
1582
1635
1679
1731
1780
1822
1862
1889
1914
1936
1950
1951
1965
1961
1957
1936
1926
1919
1894
1878
1857
1834
1806
1772
1739
1727
1694
1686
1662
1678
1674
1663
1674
1680
1691
1694
1693
1694
1691
1688
1685
1679
1684
1671
1691
1700
1733
1741
1751
1769
1785
1793
1816
1828
1852
1883
1895
1912
1918
1932
1936
1960
1967
1985
2007
2024
2038
2050
2055
2054
2064
2084
2089
2094
2104
2125
2120
2120
2116
2127
2109
2090
2065
2055
2030
2004
1981
1954
1918
1883
1864
1830
1810
1787
1772
1743
1718
1702
1684
1641
1620
1628
1608
1597
1594
1577
1571
1556
1542
1530
1510
1492
1469
1460
1454
1442
1438
1429
1439
1444
1451
1463
1498
1516
1536
1565
1603
1611
1645
1661
1685
1703
1723
1746
1767
1774
1786
1799
1813
1819
1814
1831
1843
1837
1837
1841
1828
1810
1794
1786
1764
1736
1717
1702
1682
1655
1636
1623
1597
1582
1558
1544
1515
1480
1443
1411
1381
1350
1332
1332
1323
1317
1318
1313
1314
1301
1295
1301
1283
1246
1217
1209
1183
1152
1139
1138
1124
1102
1115
1121
1109
1098
1096
1081
1063
1044
1026
1027
1018
1014
1002
1017
1024
1021
1022
1034
1042
1041
1035
1040
1034
1023
1013
1014
1004
997
999
1010
1027
1032
1060
1098
1125
1154
1174
1218
1246
1269
1299
1330
1375
1407
1446
1493
1539
1576
1600
1646
1666
1676
1675
1705
1703
1708
1704
1714
1716
1716
1716
1720
1713
1711
1698
1699
1689
1668
1655
1659
1647
1633
1618
1613
1609
1574
1539
1495
1452
1402
1371
1356
1345
1332
1342
1353
1366
1376
1398
1432
1473
1490
1522
1561
1599
1631
1667
1719
1751
1786
1806
1821
1816
1801
1789
1760
1727
1685
1648
1628
1617
1595
1591
1603
1613
1619
1626
1649
1656
1662
1661
1661
1664
1665
1663
1680
1702
1720
1725
1736
1745
1735
1719
1715
1690
1683
1663
1664
1656
1644
1633
1623
1618
1615
1608
1629
1625
1615
1598
1587
1580
1574
1574
1590
1602
1623
1637
1669
1677
1701
1710
1729
1756
1779
1795
1840
1867
1893
1920
1959
1975
1997
2028
2053
2060
2072
2068
2064
2067
2080
2071
2066
2072
2070
2059
2047
2023
2042
2019
2008
1978
1949
1931
1915
1912
1898
1884
1898
1900
1916
1924
1924
1920
1935
1938
1954
1968
2003
2038
2048
2057
2084
2111
2126
2148
2163
2180
2159
2158
2167
2161
2142
2127
2133
2122
2099
2071
2055
2019
1991
1942
1916
1891
1867
1843
1815
1780
1777
1749
1727
1708
1691
1678
1642
1616
1598
1563
1525
1501
1471
1437
1408
1359
1318
1243
1180
1122
1064
1000
927
861
808
746
702
671
644
617
588
575
572
572
567
573
590
611
627
650
670
687
694
702
724
733
732
749
763
784
800
821
859
915
954
999
1068
1127
1168
1205
1247
1282
1305
1333
1363
1379
1389
1405
1422
1421
1419
1432
1456
1484
1490
1511
1521
1534
1535
1528
1540
1527
1540
1535
1547
1540
1537
1526
1534
1524
1505
1492
1488
1459
1438
1407
1387
1351
1320
1287
1256
1226
1181
1156
1136
1094
1046
995
950
900
844
793
751
708
667
638
623
606
588
568
570
565
552
559
564
574
583
604
640
665
693
729
782
827
856
909
965
986
1023
1061
1100
1136
1160
1185
1223
1243
1256
1281
1316
1341
1348
1361
1385
1397
1408
1423
1430
1432
1424
1427
1444
1439
1448
1443
1446
1441
1450
1449
1459
1469
1471
1476
1497
1500
1501
1506
1522
1513
1529
1522
1544
1533
1523
1517
1510
1479
1450
1434
1429
1435
1448
1443
1447
1453
1454
1461
1481
1490
1495
1509
1533
1530
1520
1521
1509
1511
1502
1496
1504
1501
1482
1487
1487
1479
1473
1472
1485
1479
1487
1479
1477
1484
1491
1491
1519
1528
1533
1557
1579
1579
1582
1585
1591
1585
1574
1571
1573
1590
1576
1584
1585
1583
1578
1579
1577
1576
1572
1572
1584
1600
1587
1582
1583
1585
1572
1585
1601
1607
1604
1601
1617
1616
1610
1614
1625
1611
1605
1596
1586
1571
1556
1541
1543
1531
1495
1467
1449
1435
1418
1409
1397
1389
1376
1370
1397
1414
1412
1432
1472
1493
1508
1519
1543
1553
1564
1584
1602
1618
1623
1620
1633
1618
1590
1548
1507
1440
1388
1344
1333
1335
1328
1332
1342
1347
1357
1370
1396
1409
1409
1416
1431
1433
1438
1447
1472
1483
1508
1520
1549
1564
1564
1558
1560
1546
1531
1514
1508
1496
1475
1469
1462
1459
1462
1465
1469
1471
1477
1456
1448
1421
1380
1372
1359
1355
1345
1343
1331
1341
1325
1311
1326
1318
1334
1341
1354
1372
1379
1378
1397
1402
1388
1403
1428
1433
1425
1435
1435
1427
1421
1429
1440
1444
1429
1416
1406
1392
1368
1350
1341
1327
1307
1309
1313
1328
1338
1342
1348
1357
1355
1364
1379
1392
1379
1396
1408
1419
1425
1438
1457
1449
1462
1467
1477
1480
1474
1473
1483
1481
1470
1475
1479
1475
1461
1482
1488
1487
1490
1489
1484
1478
1469
1450
1445
1417
1401
1380
1376
1367
1340
1322
1320
1308
1271
1241
1211
1187
1161
1120
1093
1067
1028
1012
994
974
952
934
927
924
914
916
918
947
947
959
987
1012
1020
1045
1094
1113
1133
1147
1168
1178
1181
1193
1205
1196
1197
1198
1204
1213
1201
1208
1218
1212
1206
1203
1208
1209
1192
1189
1188
1191
1173
1160
1171
1161
1145
1126
1133
1126
1119
1114
1100
1104
1077
1072
1085
1078
1074
1069
1074
1072
1051
1046
1050
1035
1025
1016
1003
987
968
962
954
940
938
924
930
920
907
905
917
904
906
893
902
902
906
907
923
917
916
924
934
942
935
939
929
920
910
893
900
882
869
865
867
861
855
855
849
838
822
814
820
813
800
794
807
810
804
808
806
797
795
800
799
784
787
780
786
789
770
763
764
755
755
748
755
752
746
744
753
740
734
730
744
746
740
741
758
756
749
753
762
760
760
762
768
757
750
758
756
753
744
749
747
740
733
730
730
723
705
700
694
693
676
668
667
663
651
643
651
653
637
629
635
626
618
613
622
617
611
611
612
612
606
612
619
625
616
621
622
619
611
620
622
617
618
611
614
611
597
592
593
590
583
578
590
590
587
587
590
594
583
586
594
593
590
587
598
603
596
602
605
589
578
566
558
554
556
562
561
563
561
552
551
544
533
523
519
519
515
516
523
528
527
537
538
540
544
544
559
557
543
530
527
522
508
509
522
536
530
518
518
506
495
485
474
463
464
469
466
462
451
463
478
482
485
500
514
520
509
513
518
511
501
497
510
512
510
503
510
517
510
510
514
514
513
500
500
484
469
467
473
466
465
462
468
470
464
467
474
478
477
484
495
500
501
507
530
533
543
570
586
293
-10
-12
-8
-8
-10
-10
-11
-9
486
481
-9
-7
-8
-9
-9

