;UFOS3
;Measurement details: channel = D, date = 12.09.2015, time = 12:43:31
Exposure=257
Gain=0
Temperature=34.5
Accummulate=4
2.274535671538242 mu
2.3093130865946163 amas
25.712 hs
0 ozone
29708 uva
12269 uvb
10113 uve
[Value]
-5
293
292
293
292
293
292
294
311
305
362
363
305
305
370
371
313
311
369
383
307
316
388
373
310
309
400
394
318
317
398
377
317
316
380
372
314
313
384
386
312
315
377
380
310
315
398
393
322
318
387
385
309
317
401
395
308
311
393
404
311
323
385
408
316
313
399
379
313
311
369
399
315
322
382
387
309
314
381
384
314
317
406
385
309
314
386
391
313
314
387
397
310
313
387
381
315
313
378
397
317
313
378
390
314
323
404
388
312
315
398
377
314
316
384
397
315
311
378
387
307
312
393
396
308
319
381
374
309
318
392
401
307
313
381
396
307
313
387
384
314
309
398
402
313
318
386
404
312
319
406
397
309
313
392
385
311
314
398
395
312
315
386
382
321
322
390
399
311
314
387
411
312
316
380
399
311
316
394
391
311
317
413
389
318
316
375
380
314
313
384
400
310
318
391
392
316
311
382
394
311
313
381
385
312
314
382
391
312
318
381
380
317
314
393
394
312
311
385
393
313
314
379
399
309
317
391
384
316
317
393
381
315
318
378
390
321
317
401
378
309
309
376
393
310
315
389
389
314
310
388
388
318
314
381
389
314
319
427
386
313
316
397
378
311
311
404
382
307
314
384
380
305
319
388
388
316
306
395
384
313
315
395
389
316
312
401
384
318
311
391
386
311
312
386
383
307
315
389
387
305
311
391
386
314
316
398
395
319
315
386
392
309
315
397
375
323
318
395
382
317
316
394
403
310
311
399
397
317
312
377
385
313
310
391
383
313
308
389
379
309
319
384
399
315
319
385
403
311
319
394
390
315
315
372
382
316
313
380
379
314
317
384
378
312
319
372
386
314
307
395
395
314
317
384
387
314
318
394
392
311
315
383
380
314
315
391
394
311
316
405
381
313
310
384
397
318
320
401
394
315
313
391
403
318
319
397
385
307
322
394
387
316
323
394
397
316
312
388
389
313
318
383
394
314
310
369
392
309
317
388
388
309
312
381
399
310
317
387
388
315
310
396
385
311
312
387
400
311
318
395
417
311
312
386
385
312
320
390
391
314
312
382
381
310
309
398
375
312
311
375
388
316
317
385
381
317
318
380
387
313
311
379
399
305
317
388
396
310
325
392
384
307
321
377
379
313
310
377
391
316
314
390
383
308
312
371
401
307
319
397
403
314
312
383
396
313
312
389
394
311
314
390
400
313
316
386
394
315
313
391
391
312
317
387
383
313
315
391
383
322
312
381
381
313
315
387
402
309
314
377
379
317
314
385
378
312
313
399
383
324
318
393
410
312
316
378
396
315
315
396
391
314
318
389
380
314
313
394
394
312
312
390
399
315
314
387
386
313
317
376
391
310
318
377
397
308
316
388
393
309
318
384
376
319
316
386
393
304
313
397
391
314
315
391
391
318
316
388
382
315
321
401
392
319
313
388
401
320
319
399
375
305
311
377
381
311
313
389
406
311
324
392
389
309
315
372
389
320
317
405
394
313
321
392
387
312
309
392
397
307
318
395
385
309
315
400
398
316
319
387
379
308
315
382
385
307
316
393
392
314
317
396
383
308
315
397
408
316
319
386
376
315
315
386
386
321
320
377
391
316
313
403
391
309
317
382
391
313
318
404
377
314
316
369
390
310
316
390
393
310
312
391
383
314
315
375
377
309
320
395
393
312
321
404
374
311
314
377
381
318
310
384
386
309
313
383
386
312
317
388
383
307
315
384
393
315
318
389
391
319
313
389
386
314
314
380
387
313
311
416
381
312
321
387
384
319
317
389
387
313
320
407
389
319
319
381
377
311
318
402
393
310
321
387
379
309
315
390
386
314
314
396
398
311
312
394
385
314
314
399
391
315
313
375
369
309
311
390
378
314
318
390
375
312
313
389
398
313
311
392
395
310
318
386
384
317
313
384
375
318
309
383
397
313
313
398
380
316
318
392
387
306
310
386
388
314
317
404
394
308
316
374
401
310
316
410
394
313
313
390
395
312
318
393
380
309
315
412
382
311
319
397
388
312
318
390
385
314
313
387
384
320
317
402
381
314
317
386
388
312
322
382
393
321
316
407
386
306
317
396
387
321
319
383
380
310
316
381
395
307
319
378
385
315
312
379
410
315
318
394
388
315
314
398
384
321
315
380
393
306
314
383
393
318
313
385
378
318
317
399
390
314
309
395
380
316
309
405
390
307
313
389
388
313
323
398
392
323
321
375
393
305
318
380
392
313
316
392
386
313
317
393
379
311
310
384
397
312
324
391
397
313
339
386
397
308
315
383
384
309
310
386
387
310
317
370
391
312
314
388
391
316
311
388
393
314
315
389
396
313
315
398
390
313
317
407
393
311
323
385
390
310
316
384
379
319
315
384
406
312
317
384
389
310
321
393
386
310
316
381
405
309
310
398
381
312
308
397
386
309
320
396
383
315
316
381
405
311
315
381
390
314
320
384
395
313
312
385
388
314
314
391
374
307
317
396
385
312
313
401
392
311
311
392
401
317
310
397
389
307
315
382
391
314
314
388
396
317
313
398
382
310
312
378
399
314
312
398
402
311
321
389
388
315
311
389
385
310
322
380
389
316
320
374
381
310
310
402
388
313
315
380
424
314
315
399
377
317
314
387
392
316
320
390
395
309
317
385
405
310
320
375
383
311
319
390
383
309
316
387
384
320
310
384
401
307
313
366
388
310
313
387
380
309
320
388
380
314
314
379
378
310
314
387
391
311
320
387
394
313
313
395
384
318
310
388
400
315
309
395
374
317
314
394
397
317
314
385
391
312
316
382
396
313
321
393
394
319
310
389
395
308
314
396
399
313
317
385
397
311
325
402
375
312
317
384
402
308
318
389
413
314
311
388
388
313
314
379
403
316
316
397
380
312
315
395
385
311
312
386
391
315
314
402
396
312
319
390
381
312
311
393
380
318
314
386
385
314
318
391
384
313
318
396
409
313
320
392
391
309
321
387
383
312
314
381
399
315
317
396
385
313
312
400
394
307
313
401
390
313
308
395
393
312
322
386
399
314
316
408
390
309
328
383
387
312
318
397
377
310
313
405
391
317
315
393
388
312
314
381
393
313
315
365
386
311
314
389
399
311
320
388
403
310
310
379
375
311
311
400
399
313
313
399
388
329
315
392
392
309
312
383
397
313
321
398
385
315
322
396
384
311
310
394
390
315
317
370
397
317
312
391
383
312
318
383
388
312
322
384
393
309
321
387
393
309
311
381
395
320
310
394
388
307
320
401
383
316
317
404
394
312
319
366
393
315
321
388
400
313
316
383
396
308
313
379
388
318
316
393
382
316
318
390
379
316
325
394
385
309
318
378
391
317
315
383
394
318
322
390
386
311
312
375
383
314
318
410
399
313
317
401
385
312
314
382
390
313
314
394
391
312
322
377
392
313
319
388
396
309
320
385
409
313
314
391
401
313
321
400
403
310
320
389
401
308
314
402
382
314
316
400
388
314
314
383
388
310
322
377
384
314
317
377
401
318
315
391
378
311
318
396
389
312
319
380
389
309
321
387
390
318
321
384
388
308
317
384
401
310
314
397
394
310
312
411
392
312
314
403
385
309
316
395
411
309
317
380
396
312
314
390
391
312
319
391
376
313
313
402
407
315
320
388
412
311
316
389
382
313
323
403
391
312
310
402
398
312
313
382
383
311
313
391
383
318
320
390
398
315
316
387
391
308
315
388
394
314
315
373
388
320
314
377
373
312
315
394
402
307
318
391
391
311
312
389
392
314
321
390
381
306
317
389
394
314
314
378
389
306
313
395
394
318
314
392
377
311
316
385
381
309
319
384
387
311
312
396
400
310
317
395
392
312
318
401
392
313
313
395
380
326
319
398
396
313
312
378
383
317
313
395
389
311
316
387
373
317
319
385
392
409
322
394
396
307
323
391
393
315
320
389
380
309
313
392
392
305
313
391
389
312
320
386
392
314
323
386
393
315
313
396
394
310
317
391
389
316
316
406
376
319
319
392
389
311
322
387
403
310
322
395
400
309
317
386
393
312
320
401
390
312
314
394
390
315
313
399
385
316
319
393
389
312
313
399
394
315
313
385
391
315
311
389
391
319
316
385
388
313
315
394
388
315
321
393
385
312
315
388
400
317
317
396
399
310
316
392
384
311
319
389
383
311
318
383
395
316
323
383
381
309
310
379
397
311
318
393
391
317
312
383
405
314
311
403
385
309
315
391
387
319
315
377
395
308
323
405
380
315
316
397
401
309
315
404
390
315
324
399
382
310
319
391
394
307
313
421
391
315
311
385
395
311
316
382
390
320
317
387
390
316
311
389
381
314
318
379
376
310
320
393
386
310
313
389
401
320
315
384
393
313
314
387
399
308
321
385
381
317
314
389
382
312
317
375
393
309
316
401
394
312
313
388
384
314
319
398
391
315
317
387
404
311
321
392
387
312
319
391
387
312
318
391
380
318
316
398
388
320
317
374
395
309
314
391
397
311
312
394
378
310
314
399
390
314
317
395
391
310
317
377
394
316
313
396
386
317
317
392
396
312
311
383
395
313
310
386
397
312
315
390
389
312
316
386
391
319
318
398
409
315
317
386
415
317
312
390
383
307
312
405
393
323
322
390
388
309
317
392
374
312
316
394
383
319
316
393
375
314
319
401
396
308
311
389
373
311
313
392
390
313
317
404
394
312
312
385
374
312
316
391
383
312
318
426
384
314
314
382
380
313
311
392
379
311
313
397
386
317
312
399
411
313
321
399
387
316
321
392
400
311
317
381
381
310
313
360
387
320
313
411
408
312
315
398
408
307
318
391
395
311
314
394
388
309
316
399
389
315
313
411
390
311
313
389
391
311
319
412
392
308
317
387
387
307
320
392
382
310
315
392
388
319
314
379
391
309
321
391
395
311
312
390
384
312
317
391
401
313
317
385
395
311
316
402
407
319
316
400
380
320
316
389
405
310
324
391
386
316
323
382
384
311
313
400
391
312
323
388
385
306
317
402
390
317
316
401
391
310
318
400
396
315
317
387
399
310
308
394
392
314
320
396
396
322
314
394
392
320
318
382
395
308
321
397
376
316
326
391
391
308
313
387
394
308
312
388
403
313
312
410
391
369
321
405
397
312
314
375
411
311
315
391
384
309
318
398
398
309
311
385
388
312
316
397
391
309
309
407
383
308
313
393
397
316
314
395
386
312
310
406
399
311
323
393
386
308
318
400
391
305
312
381
380
319
318
372
401
321
318
386
390
316
309
407
395
319
314
401
393
312
325
397
374
308
323
396
399
304
312
394
408
314
320
404
379
308
319
387
372
313
317
405
384
310
318
369
383
310
317
390
389
316
311
383
379
314
318
400
416
308
317
379
372
311
318
402
393
314
318
373
385
318
316
399
393
309
323
390
379
312
312
382
397
308
316
395
381
313
316
398
400
312
309
392
388
312
313
399
395
316
323
406
384
319
314
392
383
319
319
405
385
305
315
390
390
314
321
402
380
316
316
408
376
312
312
379
385
307
313
400
416
304
311
410
384
320
318
393
384
312
315
402
387
306
315
378
397
318
319
394
385
308
318
383
383
310
316
401
384
317
328
388
399
310
311
416
402
312
314
390
379
313
321
392
386
309
313
398
388
313
318
381
409
314
315
397
380
313
314
393
398
309
319
396
397
314
314
395
387
309
314
374
386
322
321
399
388
321
326
388
397
315
316
384
375
313
322
400
388
308
315
400
383
309
317
393
387
307
311
409
376
309
318
404
392
313
314
385
391
308
314
416
401
316
312
379
392
307
316
414
385
312
317
387
382
311
318
393
377
314
319
397
377
318
319
406
392
313
314
400
399
363
313
393
375
310
312
402
386
313
315
391
374
310
315
395
389
309
313
405
383
311
317
388
392
315
317
408
379
316
320
384
380
312
308
392
389
314
318
395
374
319
315
392
371
311
321
390
382
311
320
387
389
314
312
389
389
313
310
414
378
317
323
392
383
310
319
401
388
315
313
383
390
308
321
385
387
321
314
377
381
315
315
387
365
309
316
400
371
312
315
395
390
309
319
400
374
320
314
389
376
312
318
399
392
311
317
393
378
309
318
386
380
311
313
398
380
313
317
393
402
311
315
404
399
323
317
387
387
311
315
387
385
315
319
398
390
308
312
387
379
313
320
393
389
310
320
392
376
311
319
393
384
317
315
391
388
312
316
381
393
315
316
395
397
310
314
403
384
311
311
391
393
309
321
384
387
310
315
410
389
312
309
393
389
309
312
403
400
312
325
389
387
309
321
398
386
322
318
397
402
314
311
395
384
315
321
400
390
322
320
401
402
315
310
378
396
316
317
389
401
311
318
405
385
310
317
414
384
313
320
397
385
310
315
403
379
319
313
402
380
310
310
406
391
313
315
400
389
311
314
403
379
313
317
384
400
318
320
404
373
314
311
399
379
314
318
398
389
309
311
419
386
316
320
384
393
316
316
376
405
317
307
414
395
308
316
415
384
315
315
388
401
316
317
390
376
320
315
395
380
314
315
388
382
312
314
393
371
320
315
400
390
317
313
396
408
318
313
383
404
311
314
398
384
312
314
395
372
318
320
393
404
310
323
385
391
313
321
407
382
315
319
394
388
309
315
435
387
318
321
383
389
322
313
408
401
315
317
398
393
318
321
398
398
317
316
399
388
308
314
387
387
308
316
393
373
312
320
380
404
313
314
390
391
311
310
394
397
313
319
389
390
313
316
393
403
316
317
402
406
313
321
393
382
313
318
403
392
318
319
387
396
309
312
396
399
316
318
398
395
320
320
401
387
318
315
406
392
314
318
414
400
318
316
398
419
314
318
389
394
311
324
399
384
320
321
388
386
316
316
396
405
321
318
399
397
310
315
393
390
315
316
395
396
311
316
392
386
314
315
397
400
322
312
393
378
311
321
399
386
313
321
400
388
313
320
385
396
313
316
386
390
322
318
392
391
320
321
396
418
316
315
386
398
312
313
399
397
310
313
394
391
314
315
399
386
312
317
386
388
312
321
394
395
318
312
402
391
314
315
412
385
318
320
399
372
319
323
404
396
311
317
413
378
316
312
381
389
320
322
403
386
313
318
390
391
309
323
405
388
314
323
408
388
319
311
405
388
314
322
393
376
315
326
405
388
314
321
415
392
314
326
388
389
315
323
401
404
312
320
372
407
315
316
424
374
316
330
408
377
317
311
389
394
310
317
410
403
316
315
415
397
310
318
396
405
319
313
411
376
322
316
389
394
321
321
413
401
314
314
404
394
320
313
404
399
316
314
409
399
316
314
394
387
314
312
393
391
308
314
400
397
309
317
406
384
323
318
383
388
313
318
395
389
310
321
393
384
311
315
387
401
312
315
411
400
316
318
400
398
313
319
395
400
315
321
393
387
322
319
403
383
314
313
399
388
315
313
401
398
311
322
408
399
310
319
404
397
319
315
397
377
319
313
398
377
313
312
388
388
315
316
403
396
314
322
397
383
322
316
401
388
309
318
409
389
312
317
392
392
320
316
421
376
313
317
391
389
317
323
406
383
313
320
395
397
317
319
394
397
317
319
385
412
315
316
398
390
320
322
395
387
307
321
390
383
313
320
388
405
315
313
395
382
310
317
403
380
314
319
398
381
309
316
400
381
308
319
396
379
316
319
388
392
315
313
398
403
313
315
393
399
313
315
393
408
320
318
398
393
314
312
412
404
319
324
401
394
310
318
400
386
317
316
401
383
319
325
385
407
325
315
394
382
316
317
402
389
318
312
395
391
321
321
400
382
314
312
416
389
315
314
385
383
311
317
389
395
317
314
402
393
312
316
392
392
314
317
410
401
321
318
404
398
313
314
393
396
321
316
407
399
317
312
394
391
313
322
410
402
308
319
397
398
313
318
414
404
314
320
400
396
319
322
404
385
315
311
396
381
311
315
405
378
311
320
415
397
316
319
401
382
315
318
385
425
313
319
403
388
322
313
401
385
313
318
412
393
313
319
403
386
322
317
396
392
312
321
400
393
315
318
436
395
308
314
391
378
312
318
397
392
309
312
398
388
314
322
396
392
320
319
395
403
317
317
400
386
312
319
388
389
322
318
401
388
314
316
402
396
311
312
396
388
321
318
406
393
312
313
404
395
322
311
393
372
319
320
399
376
314
319
408
404
316
324
400
398
315
320
377
386
316
320
390
398
312
314
398
389
316
316
402
401
314
326
412
393
318
310
404
397
315
317
418
381
317
313
407
382
321
314
414
397
316
310
398
406
308
319
397
400
317
316
404
397
321
318
388
420
315
319
398
394
312
314
395
395
316
316
387
389
311
313
391
391
317
314
406
386
313
319
396
392
314
311
392
397
318
315
401
394
293
292
292
292
292
292
292
293
309
320
293
292
294
-5
-5

