;UFOS3
;Measurement details: channel = Z, date = 12.09.2015, time = 12:42:37
Exposure=338
Gain=0
Temperature=34.4
Accummulate=4
2.267836404708626 mu
2.3022297100873943 amas
25.796 hs
0 ozone
166599 uva
16751 uvb
11316 uve
[Value]
-11
288
288
287
288
287
286
287
307
304
379
378
303
303
388
387
313
311
384
405
307
319
415
397
314
314
429
422
324
321
428
403
324
322
407
398
319
317
409
411
317
318
399
404
316
321
428
427
329
327
416
416
313
320
431
424
310
316
421
432
317
329
413
432
323
319
426
404
316
320
396
427
319
328
407
412
311
318
409
409
319
322
433
413
311
320
410
421
318
320
412
424
313
320
417
402
318
316
406
426
322
319
404
420
317
331
432
414
316
322
428
405
320
324
411
423
322
315
406
413
310
317
420
420
314
327
408
398
311
325
420
431
310
321
409
422
310
319
412
411
322
312
424
428
316
324
416
432
317
322
439
428
315
315
418
415
313
317
425
424
317
321
414
410
324
327
419
430
316
317
412
439
317
325
403
429
316
320
420
419
314
322
437
415
323
324
399
401
320
320
414
428
313
327
421
419
323
316
406
422
316
319
409
411
316
319
406
418
315
326
407
408
321
323
424
421
317
317
411
419
316
321
405
427
312
323
416
410
321
322
424
407
321
323
403
419
329
323
428
404
315
314
399
421
316
323
420
413
316
314
418
411
322
321
407
418
318
325
448
411
317
320
426
408
316
314
431
408
313
319
411
403
310
325
415
414
323
310
423
413
320
322
432
416
321
318
433
408
323
316
421
415
314
317
416
406
312
322
419
412
306
314
416
414
317
320
425
422
325
321
416
421
312
318
431
399
330
324
425
406
322
321
421
434
312
315
432
429
324
316
403
413
317
312
421
411
318
313
415
409
312
325
411
429
321
328
413
432
315
327
425
417
321
320
401
409
323
322
409
407
318
326
410
405
316
324
399
416
320
311
423
424
318
321
413
410
319
326
427
422
315
320
411
405
319
322
421
425
319
323
438
408
316
316
413
428
327
327
430
426
320
315
420
428
325
328
426
415
310
329
423
415
323
329
419
428
324
316
413
420
317
324
412
424
319
316
390
420
313
322
418
416
315
316
407
430
314
324
416
412
323
315
428
413
316
317
417
429
316
324
423
446
316
320
412
414
321
328
423
419
320
318
411
410
316
314
426
400
316
316
401
415
321
324
416
406
325
324
409
417
320
312
410
430
308
323
418
426
314
334
424
415
310
328
407
406
318
314
405
420
322
321
421
412
314
319
399
432
310
326
429
433
318
320
416
423
320
320
420
423
317
323
419
428
318
324
417
422
326
321
424
421
321
326
416
411
322
325
422
412
331
323
412
413
323
325
419
434
314
320
409
409
324
324
413
408
319
322
434
414
335
326
427
450
320
328
406
435
326
323
429
422
322
327
422
412
325
322
425
430
323
322
427
434
326
325
422
420
325
331
409
425
322
332
413
435
317
329
422
431
317
331
418
406
331
328
421
429
317
328
440
431
329
330
429
432
335
336
431
421
334
345
449
436
341
335
435
448
348
347
450
419
327
338
424
430
335
338
441
460
338
353
439
441
338
342
422
441
348
346
461
447
343
349
448
441
346
343
448
456
339
351
457
442
341
355
460
462
357
364
454
449
351
365
454
460
356
370
474
474
371
379
481
468
375
378
488
497
383
385
472
457
375
377
471
471
381
384
460
480
381
379
497
482
374
384
474
485
387
395
505
473
395
394
473
496
392
404
502
506
403
404
512
506
415
419
503
508
422
441
540
542
439
451
561
524
447
454
536
545
462
452
559
557
455
459
560
565
464
468
568
562
463
471
564
581
478
486
583
582
490
481
586
577
486
487
576
585
483
481
622
579
488
498
581
580
487
486
578
572
472
480
591
584
485
488
571
570
480
491
607
603
489
505
594
587
490
496
598
597
495
499
612
617
501
506
619
614
522
530
646
647
543
553
642
639
575
580
696
691
608
620
722
709
624
631
729
751
635
635
747
745
629
643
739
727
637
634
721
709
628
618
716
731
622
615
728
706
618
617
713
710
604
615
719
726
623
633
750
738
626
643
726
767
644
660
788
770
671
667
781
790
678
692
794
776
680
684
813
783
684
693
802
791
683
700
791
784
690
686
793
791
712
708
835
806
722
734
840
843
747
762
853
863
756
750
870
838
728
739
853
843
747
744
835
830
739
752
852
875
767
783
878
887
802
811
917
968
859
869
983
974
870
874
993
976
880
865
953
958
834
829
919
920
814
797
892
874
783
783
891
881
779
778
905
895
809
807
950
947
845
867
993
1016
925
953
1077
1077
995
1009
1102
1143
1041
1073
1175
1202
1107
1127
1244
1252
1163
1173
1299
1277
1189
1205
1309
1341
1233
1250
1344
1348
1238
1259
1314
1302
1169
1161
1242
1228
1106
1094
1195
1195
1069
1082
1152
1173
1064
1076
1184
1192
1091
1101
1225
1245
1167
1193
1319
1365
1281
1297
1427
1439
1343
1347
1478
1450
1326
1344
1425
1417
1303
1311
1391
1380
1286
1264
1359
1371
1238
1231
1330
1338
1226
1248
1357
1349
1254
1275
1386
1435
1297
1317
1452
1447
1360
1366
1510
1501
1406
1440
1553
1552
1457
1464
1564
1608
1483
1486
1587
1596
1474
1462
1551
1553
1422
1396
1478
1460
1329
1316
1410
1373
1265
1270
1367
1338
1234
1234
1362
1344
1242
1250
1372
1387
1281
1276
1398
1391
1289
1291
1383
1401
1291
1293
1396
1414
1275
1267
1382
1343
1229
1220
1299
1310
1178
1162
1268
1249
1107
1119
1207
1209
1104
1105
1216
1212
1112
1126
1208
1226
1128
1141
1233
1251
1153
1157
1304
1302
1210
1226
1329
1387
1255
1262
1384
1365
1287
1287
1395
1420
1322
1332
1441
1460
1347
1367
1474
1509
1388
1415
1501
1511
1406
1405
1504
1491
1383
1384
1480
1464
1366
1350
1452
1465
1339
1343
1418
1455
1338
1342
1450
1447
1346
1373
1499
1509
1437
1456
1580
1593
1522
1553
1686
1709
1624
1675
1777
1811
1725
1739
1867
1883
1806
1805
1914
1924
1811
1792
1925
1894
1829
1823
1945
1965
1857
1868
1976
1992
1895
1904
2008
2026
1909
1924
2026
2024
1932
1914
2039
2055
1936
1954
2082
2077
1951
1950
2049
2048
1937
1941
2046
2000
1917
1911
2005
2025
1909
1920
2023
2031
1897
1894
2000
1992
1897
1886
1986
2016
1913
1915
2026
2012
1908
1913
2028
2022
1924
1951
2062
2088
2004
2035
2175
2191
2097
2127
2248
2255
2189
2224
2371
2375
2320
2351
2492
2521
2454
2488
2593
2599
2540
2561
2632
2641
2586
2595
2673
2684
2642
2650
2689
2692
2630
2615
2664
2662
2589
2573
2624
2593
2487
2438
2516
2479
2353
2334
2428
2388
2264
2234
2328
2316
2220
2228
2310
2337
2224
2229
2337
2315
2208
2222
2314
2319
2223
2238
2350
2322
2238
2243
2363
2362
2257
2270
2377
2365
2276
2284
2383
2399
2296
2297
2362
2377
2278
2274
2363
2380
2256
2275
2363
2380
2245
2236
2331
2316
2224
2204
2317
2299
2172
2176
2284
2268
2196
2177
2295
2285
2174
2177
2262
2271
2128
2119
2216
2176
2057
2040
2124
2097
1990
1976
2082
2071
1943
1917
1981
1994
1916
1862
1952
1929
1825
1817
1929
1951
1865
1895
2006
2041
1949
1987
2088
2116
2008
2024
2119
2137
2022
1998
2090
2073
1965
1980
2096
2074
1972
1969
2078
2069
1949
1949
2022
2062
1954
1973
2074
2100
2001
2009
2118
2138
2027
2016
2088
2074
1932
1900
1957
1901
1774
1738
1816
1775
1673
1663
1734
1723
1607
1616
1701
1714
1614
1611
1713
1742
1647
1665
1772
1791
1687
1701
1793
1798
1694
1679
1788
1760
1610
1596
1700
1660
1549
1550
1658
1687
1588
1622
1755
1779
1701
1744
1848
1882
1793
1810
1905
1912
1795
1813
1902
1927
1798
1803
1907
1914
1786
1797
1912
1901
1794
1818
1931
1953
1836
1868
2008
2000
1939
1969
2126
2130
2040
2053
2156
2157
2056
2056
2126
2133
2022
2017
2096
2106
1997
1982
2096
2072
1986
2012
2145
2139
2039
2064
2163
2190
2120
2172
2289
2321
2263
2297
2405
2431
2343
2369
2471
2485
2368
2397
2500
2486
2371
2364
2476
2450
2344
2315
2426
2381
2264
2266
2361
2378
2247
2268
2370
2383
2279
2282
2361
2359
2251
2235
2324
2298
2210
2204
2333
2342
2230
2233
2341
2377
2261
2281
2402
2397
2322
2357
2488
2495
2414
2420
2557
2560
2476
2500
2574
2580
2511
2509
2583
2578
2503
2492
2554
2555
2454
2460
2539
2549
2481
2503
2595
2610
2552
2564
2618
2634
2583
2562
2617
2601
2555
2557
2640
2641
2558
2560
2625
2592
2500
2471
2536
2510
2379
2349
2399
2347
2211
2182
2244
2219
2072
2022
2074
2039
1890
1872
1958
1935
1810
1790
1888
1865
1772
1789
1904
1928
1862
1910
2048
2092
2037
2069
2208
2247
2145
2168
2282
2308
2205
2230
2356
2351
2253
2272
2388
2367
2280
2271
2356
2332
2214
2189
2255
2241
2127
2098
2196
2171
2046
2045
2124
2097
2012
2003
2084
2085
2087
1978
2067
2078
1951
1983
2084
2098
2009
2029
2139
2140
2062
2096
2222
2220
2111
2101
2206
2179
2060
2050
2137
2121
1996
1991
2049
2043
1899
1869
1965
1938
1806
1805
1897
1878
1773
1765
1897
1857
1788
1793
1906
1905
1809
1826
1922
1951
1836
1853
1971
1977
1850
1864
1978
1989
1863
1895
1997
1980
1858
1856
1945
1926
1807
1810
1903
1882
1791
1781
1868
1867
1749
1756
1874
1856
1730
1710
1810
1801
1669
1661
1775
1782
1694
1708
1826
1851
1766
1787
1920
1933
1848
1876
1999
2015
1926
1952
2077
2109
2019
2036
2167
2181
2069
2090
2202
2193
2091
2102
2202
2183
2071
2074
2159
2156
2037
2030
2108
2082
1964
1958
2029
2037
1907
1906
1994
1992
1891
1870
1981
2017
1888
1901
2043
2029
1948
1970
2083
2088
1998
2000
2089
2124
2013
2038
2153
2111
2013
1979
2069
2040
1882
1851
1939
1893
1770
1777
1879
1850
1760
1781
1897
1921
1820
1848
2014
2004
1906
1920
2050
2075
1982
2012
2126
2166
2097
2103
2221
2225
2134
2148
2255
2249
2171
2189
2309
2326
2253
2285
2390
2399
2303
2320
2438
2443
2349
2349
2453
2457
2374
2392
2484
2517
2418
2417
2507
2513
2430
2427
2520
2525
2460
2482
2552
2584
2510
2518
2605
2603
2526
2504
2581
2563
2469
2456
2539
2530
2440
2437
2514
2530
2413
2415
2489
2482
2387
2376
2452
2442
2327
2316
2401
2376
2289
2282
2392
2366
2264
2253
2314
2320
2194
2185
2275
2277
2160
2164
2274
2261
2162
2155
2242
2216
2082
2060
2131
2099
1953
1943
2012
2026
1931
1937
2063
2072
1993
2014
2124
2144
2042
2054
2179
2201
2115
2132
2253
2267
2153
2133
2212
2180
2040
2010
2086
2063
1934
1918
1993
1970
1812
1778
1831
1833
1669
1638
1723
1699
1599
1592
1732
1720
1634
1658
1777
1802
1738
1778
1902
1910
1844
1880
2029
2045
2003
2028
2174
2190
2143
2189
2332
2340
2267
2301
2413
2399
2342
2363
2457
2459
2393
2391
2501
2488
2388
2389
2471
2443
2340
2322
2381
2352
2230
2215
2310
2240
2122
2097
2166
2126
1979
1935
1995
1947
1822
1797
1906
1881
1776
1770
1890
1893
1756
1767
1887
1882
1787
1797
1905
1931
1827
1835
1928
1923
1820
1805
1860
1884
1765
1740
1854
1840
1701
1699
1816
1820
1685
1701
1801
1802
1688
1694
1822
1835
1763
1798
1948
1977
1911
1946
2119
2120
2036
2044
2143
2140
2015
2007
2109
2060
1923
1920
1995
1977
1849
1829
1908
1873
1744
1728
1821
1803
1686
1675
1769
1791
1694
1733
1856
1895
1809
1838
1973
1974
1892
1902
2023
2044
1933
1926
2027
2039
1921
1919
2030
2019
1877
1860
1958
1907
1800
1777
1863
1864
1713
1732
1826
1811
1718
1737
1836
1860
1772
1792
1933
1943
1846
1874
1997
2014
1931
1974
2127
2134
2060
2082
2209
2224
2132
2158
2288
2287
2191
2203
2308
2327
2211
2215
2333
2338
2234
2234
2342
2339
2236
2221
2333
2327
2218
2213
2289
2308
2177
2181
2271
2234
2161
2177
2261
2274
2172
2193
2301
2316
2207
2217
2325
2351
2253
2256
2386
2372
2344
2289
2403
2393
2298
2283
2361
2384
2241
2231
2314
2299
2192
2199
2301
2295
2172
2184
2276
2284
2182
2182
2295
2297
2178
2177
2313
2282
2168
2179
2291
2300
2179
2193
2313
2304
2237
2249
2392
2402
2300
2334
2444
2461
2394
2446
2559
2580
2519
2571
2632
2658
2631
2634
2682
2705
2679
2703
2718
2732
2720
2724
2754
2762
2771
2772
2789
2787
2792
2786
2793
2770
2750
2711
2712
2686
2585
2543
2564
2550
2401
2369
2454
2411
2308
2316
2409
2409
2355
2386
2538
2552
2522
2582
2655
2692
2687
2726
2748
2776
2787
2812
2818
2839
2841
2862
2861
2879
2879
2886
2881
2854
2782
2599
2583
2490
2352
2313
2362
2355
2260
2265
2362
2365
2255
2280
2376
2379
2329
2369
2497
2543
2482
2524
2623
2626
2598
2600
2651
2639
2553
2506
2530
2479
2331
2271
2327
2275
2126
2083
2148
2073
1945
1897
1984
1943
1846
1854
1982
1975
1888
1932
2076
2109
2040
2090
2225
2230
2164
2180
2314
2278
2192
2177
2258
2254
2123
2098
2176
2137
1939
1889
1980
1907
1783
1759
1865
1848
1755
1777
1924
1933
1852
1902
2038
2117
2043
2103
2255
2270
2202
2255
2338
2365
2272
2285
2392
2365
2267
2262
2327
2331
2193
2179
2297
2251
2103
2071
2146
2114
2006
2004
2115
2105
2011
2027
2139
2139
2036
2040
2135
2167
2027
2028
2131
2109
2014
2020
2145
2157
2052
2083
2195
2206
2114
2131
2258
2266
2185
2198
2304
2324
2243
2245
2364
2356
2290
2310
2414
2437
2335
2344
2441
2438
2356
2374
2486
2490
2409
2419
2527
2513
2418
2407
2493
2468
2367
2356
2447
2375
2265
2230
2317
2278
2143
2116
2204
2191
2063
2042
2143
2104
1981
1948
2028
2032
1912
1914
2044
1997
1885
1872
1953
1938
1815
1804
1896
1871
1773
1767
1872
1842
1765
1774
1916
1915
1832
1854
2003
2023
1985
1948
2089
2085
2023
2037
2162
2175
2086
2108
2219
2205
2119
2137
2257
2251
2149
2150
2262
2235
2132
2116
2204
2204
2077
2057
2160
2101
1988
1980
2055
2026
1911
1897
1986
1956
1816
1784
1859
1799
1686
1658
1756
1728
1639
1656
1756
1732
1635
1639
1727
1712
1590
1565
1646
1615
1496
1461
1589
1531
1442
1453
1550
1537
1419
1428
1526
1493
1367
1361
1449
1444
1325
1346
1438
1446
1361
1346
1444
1456
1358
1368
1469
1424
1342
1344
1459
1412
1317
1325
1444
1443
1349
1379
1534
1520
1472
1488
1633
1643
1567
1613
1751
1774
1692
1748
1908
1935
1880
1911
2041
2060
1976
1993
2109
2100
2008
2025
2137
2139
2023
2025
2142
2136
2034
2021
2116
2096
1988
1978
2068
2054
1948
1938
2046
2024
1890
1873
1952
1904
1779
1770
1865
1859
1768
1789
1898
1895
1822
1856
1975
1984
1917
1930
2063
2076
2001
2036
2153
2194
2118
2140
2252
2266
2129
2094
2168
2093
1924
1873
1937
1895
1750
1768
1845
1842
1741
1764
1915
1914
1832
1845
1980
1985
1888
1908
2077
2089
2007
2043
2158
2164
2055
2069
2150
2114
2019
1997
2092
2092
1970
1956
2051
2042
1932
1946
2062
2056
1946
1933
2033
2019
1892
1893
1993
2039
1946
1973
2094
2117
2012
2023
2165
2155
2085
2109
2266
2250
2186
2228
2362
2365
2300
2338
2478
2451
2381
2360
2472
2450
2372
2360
2479
2463
2363
2359
2447
2434
2345
2337
2439
2390
2277
2252
2325
2340
2212
2222
2331
2295
2218
2235
2339
2309
2219
2225
2350
2365
2287
2323
2472
2448
2381
2405
2496
2519
2448
2460
2523
2557
2451
2448
2548
2522
2397
2392
2505
2448
2344
2322
2376
2355
2224
2190
2255
2209
2110
2084
2173
2135
2022
2004
2087
2057
1934
1920
1996
1932
1838
1791
1883
1844
1710
1675
1745
1714
1539
1499
1543
1507
1321
1267
1325
1256
1106
1060
1138
1074
954
945
1027
1040
903
923
1013
1036
945
981
1137
1127
1067
1106
1241
1272
1190
1223
1401
1369
1282
1302
1405
1427
1358
1388
1551
1575
1487
1516
1653
1664
1589
1611
1753
1766
1680
1696
1811
1780
1641
1604
1666
1631
1486
1477
1575
1526
1438
1463
1559
1632
1545
1587
1732
1771
1695
1712
1859
1878
1771
1783
1862
1847
1721
1694
1764
1729
1566
1532
1624
1610
1455
1444
1524
1486
1348
1317
1399
1328
1179
1126
1179
1146
988
963
1066
1050
923
909
1009
1000
887
888
1003
997
910
920
1077
1092
1013
1051
1221
1250
1178
1224
1378
1438
1344
1383
1519
1563
1490
1535
1669
1675
1613
1628
1756
1769
1681
1695
1809
1818
1710
1710
1823
1808
1691
1703
1816
1816
1720
1726
1828
1827
1709
1716
1819
1811
1714
1720
1847
1845
1741
1739
1858
1855
1766
1789
1916
1906
1799
1809
1917
1893
1783
1795
1892
1908
1790
1790
1891
1894
1796
1796
1903
1896
1810
1818
1921
1959
1813
1805
1906
1914
1789
1788
1908
1900
1780
1788
1887
1852
1726
1701
1802
1800
1712
1726
1824
1830
1735
1762
1872
1890
1814
1824
1964
1963
1875
1881
2016
1975
1870
1868
1975
1946
1866
1874
1994
1981
1866
1870
2009
1954
1873
1861
1960
1982
1901
1883
1989
1970
1868
1873
1991
1995
1880
1907
2014
1992
1899
1912
2027
2009
1901
1869
1999
1968
1863
1848
1933
1902
1802
1803
1906
1876
1749
1756
1879
1845
1739
1750
1837
1845
1745
1759
1891
1913
1806
1828
1912
1955
1843
1858
2026
1979
1909
1929
2050
1999
1895
1854
1915
1893
1737
1729
1830
1799
1662
1648
1787
1775
1649
1678
1797
1818
1703
1700
1846
1792
1721
1739
1849
1874
1790
1809
1952
1951
1823
1791
1900
1844
1708
1667
1780
1780
1664
1661
1796
1790
1696
1698
1821
1822
1728
1720
1821
1801
1673
1667
1783
1779
1656
1656
1780
1763
1668
1665
1742
1760
1659
1661
1770
1762
1661
1683
1774
1766
1654
1667
1782
1820
1710
1717
1846
1815
1684
1687
1804
1798
1676
1662
1750
1743
1595
1586
1691
1663
1581
1582
1712
1720
1635
1644
1771
1754
1657
1658
1787
1770
1646
1659
1773
1763
1644
1671
1788
1795
1701
1700
1828
1803
1720
1704
1815
1777
1671
1663
1757
1739
1639
1648
1776
1779
1681
1710
1808
1797
1714
1695
1809
1774
1651
1647
1770
1719
1599
1586
1685
1669
1539
1516
1645
1564
1446
1423
1502
1481
1359
1362
1467
1421
1323
1332
1439
1441
1326
1334
1444
1451
1338
1352
1459
1500
1373
1396
1529
1531
1428
1433
1529
1530
1416
1434
1522
1501
1391
1385
1478
1480
1337
1321
1430
1402
1301
1300
1423
1406
1306
1311
1438
1421
1323
1344
1471
1452
1360
1370
1474
1458
1373
1368
1468
1461
1352
1341
1459
1450
1324
1327
1431
1438
1302
1306
1401
1421
1295
1284
1387
1374
1251
1228
1366
1343
1213
1201
1298
1291
1168
1179
1287
1269
1164
1158
1286
1259
1172
1178
1279
1306
1190
1178
1299
1293
1185
1191
1305
1281
1171
1157
1269
1255
1147
1137
1239
1214
1123
1107
1239
1201
1089
1082
1179
1175
1064
1070
1180
1184
1077
1070
1195
1183
1075
1084
1176
1170
1050
1049
1175
1152
1041
1025
1156
1136
1008
1011
1120
1118
1006
1002
1124
1105
996
983
1105
1105
999
1010
1131
1115
982
998
1110
1110
1001
1008
1148
1131
1007
1015
1122
1125
1014
1015
1127
1096
997
988
1103
1071
962
953
1075
1035
928
931
1056
1023
911
907
1021
997
908
904
997
1035
881
887
1002
975
887
879
1007
987
890
894
1023
992
885
894
1006
979
892
884
991
994
880
884
991
982
867
863
1025
969
852
855
963
945
849
853
964
946
833
845
968
958
857
869
975
969
865
873
981
994
873
863
977
955
841
843
940
931
838
832
943
917
807
808
920
912
787
797
911
899
804
801
931
913
804
817
941
927
818
802
914
891
821
835
944
924
841
850
974
978
852
859
965
954
844
847
933
936
842
846
935
942
830
826
937
924
811
800
907
899
767
785
908
884
774
756
883
862
737
738
862
801
705
699
821
779
682
682
822
798
693
693
816
823
699
713
825
826
714
714
837
835
737
731
839
882
746
755
872
874
765
766
873
876
767
757
859
862
751
754
865
867
765
758
889
861
762
769
881
879
776
772
896
906
806
813
913
672
287
286
286
285
287
286
287
286
712
722
286
287
286
-11
-11

