;UFOS3
;Measurement details: channel = D, date = 12.09.2015, time = 12:42:49
Exposure=338
Gain=0
Temperature=34.4
Accummulate=4
2.269319287909072 mu
2.3037973849516864 amas
25.777 hs
0 ozone
30785 uva
12694 uvb
10454 uve
[Value]
-11
286
288
288
287
287
285
285
310
304
379
379
303
305
386
389
313
311
387
404
305
316
415
393
310
310
423
420
319
317
424
397
319
317
401
393
315
312
403
409
314
312
395
400
312
315
425
420
324
323
410
411
308
318
430
420
307
312
416
427
312
325
409
428
319
315
421
397
312
312
391
421
315
326
407
406
306
316
400
402
316
318
429
410
308
316
408
419
314
318
408
420
308
316
410
404
314
312
401
423
318
314
400
415
313
327
424
411
313
317
423
397
316
317
406
419
318
311
401
408
306
314
414
417
309
322
406
394
307
321
416
425
306
316
405
417
304
316
408
407
314
310
420
425
311
320
412
429
312
319
435
425
310
311
415
409
311
314
422
421
313
317
411
406
320
323
415
424
312
316
409
434
311
319
400
427
311
317
418
413
310
318
435
409
317
318
390
397
316
315
410
425
311
322
414
416
318
313
402
417
311
315
406
407
310
313
403
412
312
321
400
406
317
317
416
417
313
313
409
414
312
318
401
421
310
318
410
408
318
320
419
402
317
318
398
413
326
316
422
400
311
310
396
415
309
317
414
409
315
310
414
407
317
315
400
414
312
322
444
407
315
315
421
403
310
308
425
403
307
314
406
398
304
319
408
409
318
303
418
408
315
320
424
412
320
315
428
405
320
310
417
408
309
315
411
406
306
315
416
409
304
309
413
410
314
317
423
417
321
317
411
413
310
315
426
394
327
318
422
401
318
315
418
431
307
311
429
423
319
313
398
411
312
310
415
404
313
311
408
401
309
320
408
425
315
324
408
428
311
323
420
412
316
314
394
402
317
315
402
403
313
321
408
400
311
317
393
411
314
306
418
417
314
317
406
406
314
320
419
418
310
314
405
400
315
319
414
417
312
317
434
404
311
311
408
424
319
322
425
418
315
310
415
423
320
324
423
407
305
325
418
412
317
325
416
423
318
312
409
414
312
318
405
421
317
309
388
416
309
318
413
411
312
312
401
425
310
318
412
412
319
313
423
405
313
312
411
428
308
319
416
441
312
315
405
409
313
323
416
414
314
313
408
401
310
308
424
395
312
309
397
410
317
321
412
403
320
320
403
412
316
309
402
428
303
319
414
419
308
330
421
408
306
323
403
402
316
309
397
417
316
315
415
405
307
314
390
423
305
321
423
428
315
315
408
415
315
315
418
417
313
315
413
422
313
316
411
419
318
313
415
412
314
321
408
405
314
319
415
403
322
314
403
402
313
316
410
427
307
314
402
401
316
316
406
401
312
315
425
408
328
316
418
436
312
319
399
423
318
316
420
415
313
320
414
403
316
314
416
420
313
314
416
426
317
315
409
411
312
317
395
416
310
321
400
423
306
315
410
419
307
318
405
396
320
317
413
415
304
314
427
416
317
316
415
413
320
318
411
404
313
326
434
416
319
314
408
428
325
322
424
397
303
311
400
406
309
313
412
432
310
324
414
412
308
315
396
413
320
319
433
419
315
322
419
411
314
309
415
421
306
318
423
408
307
316
420
423
317
323
412
404
305
317
402
409
303
320
415
417
314
321
423
406
308
317
425
433
319
322
411
395
316
316
409
413
323
322
394
416
316
315
430
417
308
317
404
413
314
319
434
400
317
315
391
417
308
319
414
418
310
313
413
406
314
317
398
398
307
325
418
418
313
324
431
391
310
315
396
404
321
309
406
407
308
311
405
410
311
320
411
408
308
316
408
417
314
320
414
413
325
312
412
410
316
315
403
408
313
310
445
404
313
321
409
411
319
320
411
411
311
320
426
419
320
320
401
398
309
320
430
420
311
322
413
404
310
317
411
411
314
315
423
425
310
312
418
408
316
317
423
418
314
317
397
389
309
312
415
403
311
320
414
398
313
317
412
422
315
312
417
418
311
322
409
409
317
315
405
396
320
308
402
424
315
315
424
402
319
321
415
409
307
311
411
411
317
319
428
418
308
315
394
426
307
318
438
415
316
311
411
421
314
321
418
401
307
314
437
404
309
322
422
413
312
324
415
408
315
315
412
404
324
317
430
402
315
320
409
410
310
325
403
414
326
316
434
409
307
319
418
410
321
321
405
403
308
318
401
419
310
320
398
407
316
312
397
432
316
317
421
414
312
315
425
409
324
316
405
413
305
316
407
416
321
316
413
397
318
319
424
411
315
311
421
403
318
309
434
417
308
316
411
414
315
327
424
419
328
325
397
420
302
321
398
414
315
317
417
410
311
319
420
402
309
309
406
419
312
324
416
419
313
348
413
420
306
313
407
407
308
307
408
409
308
319
388
410
312
316
413
415
315
307
413
416
314
314
413
423
314
315
423
418
315
322
437
414
310
326
407
411
311
318
404
402
322
319
406
433
310
319
407
414
310
323
419
409
310
316
407
435
308
310
423
402
313
310
423
404
308
321
424
407
319
318
400
433
313
316
405
413
314
321
408
422
312
311
407
408
316
314
415
394
309
322
423
408
313
313
429
415
309
312
417
429
316
311
420
411
304
319
403
414
314
314
409
422
318
314
425
405
309
313
400
426
316
314
425
425
308
328
412
410
316
313
413
411
312
321
403
413
317
325
395
403
309
308
426
410
313
315
400
446
314
317
423
398
320
315
411
419
317
321
412
422
307
321
408
430
310
320
398
406
309
319
412
404
308
319
411
405
317
314
406
425
304
314
383
409
310
316
412
404
313
321
413
405
316
316
404
398
307
317
409
413
310
323
410
419
316
315
419
407
320
311
412
430
315
307
423
397
318
315
421
426
318
316
407
416
311
318
405
418
314
325
419
418
324
307
416
418
307
317
422
426
313
316
410
421
307
328
427
396
313
318
407
426
307
319
412
434
314
315
415
411
316
315
399
429
318
318
424
404
310
316
421
408
310
315
405
413
314
316
431
423
312
321
415
403
310
309
415
400
317
314
410
409
315
321
415
409
314
323
420
430
315
321
416
411
312
324
412
405
312
313
401
421
318
319
421
409
315
310
426
415
310
314
420
415
314
308
420
415
311
325
406
426
311
323
440
414
309
329
406
409
311
321
424
397
308
312
429
416
317
315
417
411
312
315
403
417
312
315
385
408
312
316
411
422
310
323
413
433
307
310
401
396
312
309
427
423
313
316
425
412
333
315
418
422
310
313
404
424
310
324
425
407
316
324
422
407
310
307
418
416
314
321
393
422
343
311
415
407
312
320
404
410
313
325
404
417
308
321
406
418
308
312
404
418
323
310
421
410
307
321
425
406
319
321
429
416
315
322
383
423
316
326
415
429
315
318
406
419
309
315
402
415
318
319
418
405
315
319
415
399
318
325
418
412
309
320
401
415
320
315
406
420
318
325
416
411
313
313
397
404
316
324
435
426
313
319
428
410
311
315
405
416
313
315
418
414
313
326
400
414
315
322
411
422
311
323
405
433
313
317
412
424
311
322
427
426
310
321
416
427
306
311
430
405
315
318
427
411
313
315
402
412
312
324
397
406
316
319
398
427
321
320
418
399
310
319
424
413
315
321
403
410
308
323
409
411
319
321
406
410
306
318
408
428
309
315
423
423
308
314
437
418
313
315
432
408
309
320
421
437
310
319
405
419
314
314
412
418
315
320
419
396
313
314
425
433
315
321
411
439
313
317
416
408
312
326
430
414
311
309
430
421
313
311
402
405
312
314
417
405
320
322
411
421
314
316
409
413
305
316
413
419
315
320
396
413
322
315
395
394
314
315
423
432
304
320
416
410
312
313
414
417
314
325
418
405
304
318
415
420
312
315
399
413
305
312
422
419
320
316
418
397
309
317
408
402
309
321
409
411
312
313
423
425
311
321
422
417
313
320
428
418
312
315
422
403
330
321
425
422
311
310
401
408
322
312
422
415
307
315
413
396
319
322
408
419
426
327
421
424
306
328
419
422
317
324
412
402
308
313
416
420
306
315
414
415
312
323
413
413
315
329
411
418
318
316
423
419
310
320
416
409
318
317
435
398
319
319
416
412
313
329
412
431
311
325
417
425
308
320
410
420
311
320
431
418
312
318
420
415
315
311
423
407
317
318
417
415
311
315
427
421
317
312
410
418
316
312
412
416
325
317
407
413
313
318
420
411
317
323
419
407
311
315
414
422
317
317
423
424
309
317
419
409
311
323
411
403
309
319
406
418
316
327
401
405
308
313
404
421
310
320
421
416
316
312
409
427
314
312
431
406
307
318
415
412
321
315
397
418
309
329
435
402
316
319
425
430
309
316
434
412
316
328
428
409
310
321
422
423
304
312
451
417
314
314
407
419
308
317
406
416
324
319
408
414
319
315
410
402
314
318
402
400
311
319
416
406
309
311
414
425
320
314
404
416
313
316
410
423
310
323
409
406
316
315
412
402
313
320
394
417
308
318
427
418
314
313
414
406
315
323
425
418
318
317
411
429
310
324
418
410
314
322
412
411
312
319
418
400
318
317
425
410
319
320
397
418
309
315
417
425
310
312
420
400
311
317
427
418
317
317
419
418
306
319
401
418
320
313
417
407
320
323
418
426
315
311
402
420
313
312
409
420
315
316
415
414
313
319
410
417
323
321
423
431
316
320
409
444
319
313
416
405
308
317
432
420
327
324
413
412
307
320
419
392
314
319
420
409
322
317
414
398
315
321
427
417
303
311
412
390
311
312
417
408
314
317
432
416
311
312
410
394
311
320
414
405
313
321
450
410
318
312
406
403
314
311
417
398
312
317
423
413
318
313
426
437
314
324
424
411
317
323
415
428
310
321
402
400
310
313
377
411
323
314
436
434
314
315
423
430
306
320
418
418
310
315
420
414
312
315
423
415
316
315
442
415
312
315
412
412
314
321
445
418
305
319
409
408
307
322
416
405
308
315
414
411
319
316
403
416
309
323
414
418
311
313
416
407
313
317
414
425
313
319
407
423
315
317
431
430
320
318
424
403
324
316
409
432
312
327
417
408
318
328
403
406
313
315
424
417
312
327
412
407
305
318
428
413
319
321
427
417
313
321
430
420
319
320
411
423
308
306
420
421
315
321
425
423
324
315
419
418
324
322
406
426
310
324
424
395
316
332
416
420
308
313
410
421
310
312
409
432
311
312
440
416
384
324
431
422
315
315
396
437
307
317
412
408
310
323
423
429
309
312
407
413
312
315
421
416
307
310
438
405
305
314
419
423
316
314
425
410
314
311
433
429
310
328
418
410
305
322
424
417
305
315
406
408
318
320
393
428
323
321
410
413
316
312
436
421
321
315
426
417
312
330
426
393
306
328
423
422
303
315
420
436
316
323
434
401
309
323
410
393
311
320
434
408
310
320
384
406
309
317
416
415
316
312
404
402
314
320
427
443
308
320
402
392
309
324
430
421
314
319
394
408
319
320
425
419
310
326
416
398
313
317
406
420
308
316
420
400
315
317
422
427
312
308
417
411
313
315
424
421
321
324
434
409
321
314
420
407
319
323
429
409
304
317
415
416
319
323
428
401
320
319
437
400
312
311
399
412
306
316
425
436
304
311
438
407
323
319
421
407
312
316
426
410
306
316
400
426
317
324
420
410
309
323
402
406
310
317
426
405
318
332
411
428
310
312
443
430
316
318
411
400
315
323
414
412
309
316
428
413
312
320
402
436
313
318
424
402
315
314
421
424
309
319
424
418
314
314
421
409
309
316
395
414
324
325
428
412
323
333
413
424
316
316
407
397
312
325
426
408
307
317
429
404
309
318
418
410
310
315
438
396
314
319
432
415
314
315
406
419
310
315
446
427
315
313
398
418
305
320
443
409
311
319
410
403
310
319
415
400
315
319
424
399
319
319
435
414
314
313
425
426
363
315
419
393
312
309
426
409
314
318
416
396
311
318
425
415
312
315
432
405
311
317
414
417
316
319
435
398
318
324
407
402
312
309
415
414
316
318
421
394
318
319
415
391
311
325
417
402
312
321
409
413
315
315
412
413
314
307
441
397
317
326
417
403
311
321
431
413
316
314
407
417
305
324
409
409
325
316
398
401
314
318
411
377
309
318
428
390
312
316
421
410
308
319
429
392
322
315
414
398
312
319
423
418
310
318
420
399
309
317
409
403
311
314
422
399
313
321
418
424
311
314
434
425
328
317
412
410
310
317
409
408
317
319
427
416
308
316
412
400
313
323
418
415
309
324
419
397
311
321
418
407
319
316
418
410
314
317
403
415
314
317
420
423
309
315
428
406
312
312
419
415
307
327
407
413
313
316
438
410
314
310
417
412
308
314
436
425
314
328
410
407
311
323
423
407
328
321
420
428
316
311
423
410
317
326
428
414
327
322
432
427
315
310
399
424
317
320
414
428
311
320
434
411
308
318
441
406
312
324
420
404
309
315
432
402
322
316
428
403
312
309
440
414
312
316
426
411
314
314
430
402
315
318
405
425
323
326
430
391
313
312
427
399
320
317
425
412
308
311
446
411
321
324
409
417
315
312
397
431
319
306
438
420
305
320
445
408
316
315
414
426
319
317
414
396
322
317
421
404
314
317
410
405
313
314
421
392
322
318
427
415
321
313
421
432
318
312
407
434
313
312
425
409
315
313
421
396
318
324
418
433
310
325
408
415
316
322
437
405
315
323
417
410
309
316
459
407
319
324
409
411
328
313
438
431
318
320
425
417
321
324
424
424
317
322
425
413
309
316
413
412
307
319
420
393
312
324
402
428
314
314
415
417
310
309
417
423
313
322
411
413
313
319
417
431
318
318
431
428
314
325
417
406
313
318
432
416
322
321
410
418
309
310
423
425
319
322
426
420
321
322
431
414
322
314
435
417
316
319
441
427
323
320
429
451
316
319
415
419
311
323
424
408
323
321
416
410
314
319
426
431
324
322
427
423
310
314
413
414
317
318
421
419
312
320
416
409
314
316
423
424
322
309
417
399
313
325
424
409
311
321
427
411
312
323
409
424
311
319
409
415
324
321
419
416
320
326
419
444
318
317
412
426
313
317
426
423
312
312
417
414
313
316
424
408
311
319
411
413
316
321
418
421
321
312
431
415
315
315
442
408
322
325
425
393
321
328
429
423
312
318
446
399
315
313
404
415
322
324
430
411
315
318
416
420
306
326
432
412
316
325
441
407
323
313
430
413
316
329
421
396
315
329
436
414
313
325
450
416
317
332
410
415
314
326
433
433
314
324
391
434
315
315
461
395
318
334
437
400
319
314
413
424
312
320
441
429
320
317
447
425
307
323
424
429
323
314
441
396
323
318
413
421
326
321
442
426
313
314
433
418
320
314
429
424
318
315
440
427
320
320
420
410
318
311
419
413
310
313
431
423
310
320
434
409
329
319
405
412
316
318
418
412
309
324
420
405
312
317
414
431
309
317
440
426
318
320
431
422
316
319
420
430
316
323
424
414
322
321
430
408
314
312
425
412
316
315
430
422
314
328
437
423
311
319
434
424
323
317
424
397
318
310
426
400
314
316
413
414
315
320
430
424
312
327
424
405
326
319
427
413
308
319
440
416
312
318
420
416
321
317
454
397
312
317
417
416
317
327
438
405
313
324
421
423
316
323
424
421
318
321
407
440
316
318
423
412
323
326
420
414
307
324
416
411
316
324
416
435
313
314
419
405
309
319
432
404
312
321
425
402
309
320
428
406
309
321
422
402
319
321
415
415
320
316
427
424
317
316
421
431
314
315
416
438
322
319
424
421
320
310
441
430
322
323
428
423
311
320
431
408
317
318
427
403
318
329
412
438
328
316
421
406
317
313
430
413
321
309
422
418
323
323
424
403
317
313
447
414
314
315
408
408
311
319
414
420
319
314
430
421
314
319
419
419
314
317
439
425
324
321
437
423
312
314
419
420
324
321
437
425
320
314
421
417
314
329
442
431
306
322
426
426
316
320
442
435
315
323
427
421
323
327
434
410
314
311
420
399
311
319
434
399
312
322
446
423
319
323
429
402
316
320
410
456
314
323
432
407
323
317
428
407
315
322
443
414
313
322
431
406
325
320
420
418
310
326
428
419
317
316
472
423
310
318
418
401
315
322
430
417
308
312
428
412
316
325
424
418
319
324
425
431
320
318
426
415
314
318
413
411
327
322
430
409
317
319
432
421
308
314
429
408
322
320
439
420
311
313
432
425
324
312
417
393
323
326
423
397
314
321
439
436
319
330
428
424
315
320
397
408
317
322
414
425
312
316
422
414
319
316
429
425
317
330
444
420
319
309
429
422
319
321
452
404
318
314
438
403
319
317
447
423
318
312
425
430
309
324
425
425
319
319
432
421
325
321
414
450
316
319
423
420
314
316
422
425
319
318
412
417
312
314
417
417
321
315
438
410
317
322
425
418
314
312
419
424
319
320
427
420
286
285
286
287
286
285
287
285
309
322
287
286
286
-11
-11

