;UFOS3
;Measurement details: channel = Z-D, date = 12.09.2015, time = 12:52:42
Exposure=337
Gain=0
Temperature=34.4
Accummulate=4
2.3469169819095157 mu
2.386017744405923 amas
24.835 hs
254 ozone
146347 uva
3779 uvb
709 uve
[Value]
-5
-3
-3
-5
-8
-5
-3
-7
-8
-6
-8
-6
-9
-10
-9
-7
-7
-7
-7
-5
-6
0
-1
-2
0
1
0
0
-2
-3
-3
-3
-1
-2
2
-1
1
1
1
3
-1
1
1
-3
0
0
-1
-4
-3
0
0
1
-1
0
1
-2
-1
-2
-1
-1
1
-1
0
-2
-1
0
4
0
0
-1
-1
0
0
-1
3
1
2
0
-1
-3
1
-2
0
-1
1
-1
0
0
1
0
2
0
-1
-3
3
2
-1
-1
0
0
0
0
0
1
0
2
2
-2
1
-1
-2
3
-3
0
0
-3
3
-1
-3
3
-2
1
0
2
0
0
1
-2
-1
-4
-3
0
0
0
-2
0
1
4
0
1
0
0
4
-1
2
-1
-1
-1
1
1
-2
0
-1
1
0
0
3
-1
1
0
1
0
1
-1
-2
-1
-1
1
2
0
0
1
0
-1
1
0
3
1
3
-3
1
0
-1
-2
-2
2
2
-1
0
-1
2
-1
1
-1
0
1
2
-2
1
0
0
-2
0
2
-1
-1
2
0
0
-3
-1
-2
-1
-2
3
2
-3
-3
1
-2
0
0
-4
1
-2
1
2
0
2
2
2
-1
1
-1
0
0
0
1
-1
-3
2
0
-1
-2
2
-1
1
5
-1
-2
1
-1
2
1
3
1
-2
0
-1
1
1
1
1
0
2
1
0
-4
0
-1
1
2
2
1
-1
1
1
-1
1
0
1
3
2
-3
3
-1
-2
1
1
-1
2
0
-2
-1
2
-2
1
1
-1
-2
0
-1
0
0
3
0
1
-6
0
1
2
1
0
0
-2
0
2
-1
-3
3
2
0
2
0
0
-1
1
-2
0
-2
1
-1
3
1
2
-1
2
-2
2
0
1
-1
1
2
2
4
0
4
2
-2
2
3
1
1
0
0
1
-3
3
2
-1
2
-3
1
0
1
3
-4
0
1
1
0
1
0
0
0
-1
0
1
0
-1
-1
-1
1
1
1
4
1
1
0
3
1
1
0
0
-1
0
0
-3
3
1
-1
1
-1
1
2
1
3
-4
1
0
3
3
-1
1
-1
1
1
2
0
-3
0
-2
-2
0
0
3
1
-1
0
1
2
0
-1
1
-1
3
-1
2
-2
2
-1
-1
0
1
1
3
0
0
0
3
1
1
-2
2
0
-4
1
-1
2
2
-1
-1
1
-1
0
2
0
-1
0
-1
-1
1
3
1
1
1
0
2
-1
1
2
-2
-2
1
-2
2
0
1
0
0
3
4
0
0
2
2
2
2
1
4
-1
1
2
1
2
0
1
3
3
3
2
4
3
3
4
3
0
1
2
3
1
6
4
1
2
1
1
3
4
2
1
3
2
3
4
4
1
1
1
0
3
1
4
4
4
1
3
5
3
-1
5
3
1
3
3
3
0
7
5
4
3
5
3
2
5
4
3
3
3
5
9
7
3
6
4
5
6
4
4
5
6
6
7
9
7
9
9
7
9
3
8
7
6
8
6
6
8
8
8
8
7
7
5
7
7
9
6
5
5
8
8
8
11
12
9
16
10
12
13
11
13
16
13
15
15
14
14
16
18
22
20
19
17
18
18
18
16
22
18
19
19
18
21
20
20
21
20
19
23
22
24
24
22
22
25
22
26
31
29
27
30
35
29
29
28
31
33
32
35
41
37
38
39
43
44
44
45
49
49
49
50
57
51
52
53
54
55
53
52
52
52
54
51
51
49
54
54
54
55
55
50
58
58
56
59
58
60
64
65
63
66
66
70
71
72
72
75
79
78
80
81
84
87
87
92
96
100
101
105
109
112
112
115
118
118
126
126
127
128
129
131
131
133
139
137
139
137
138
138
142
138
135
139
144
150
148
149
153
153
154
154
155
156
158
153
157
162
155
160
166
160
160
160
160
162
153
150
149
147
147
150
149
154
151
155
159
155
157
162
166
169
165
165
172
172
168
171
169
176
171
174
175
178
183
180
190
192
196
197
205
214
216
222
228
241
240
254
267
274
276
282
291
296
294
295
301
298
299
306
301
307
305
302
303
306
300
296
300
306
288
294
292
293
289
290
288
290
282
279
287
284
285
287
293
294
293
298
303
305
301
306
316
323
326
328
339
339
337
343
354
350
355
354
362
362
355
352
363
357
354
349
362
367
353
358
359
353
355
360
361
368
373
374
392
391
390
401
415
416
423
424
432
424
420
417
418
415
408
410
414
416
408
408
418
416
419
425
435
438
440
446
459
464
475
485
508
517
522
531
544
546
544
542
550
551
543
537
536
526
509
499
495
497
480
463
463
457
451
451
451
451
449
458
466
477
479
489
508
515
524
542
566
588
599
616
637
648
654
674
696
713
728
736
761
777
776
805
818
831
828
842
861
870
866
873
891
903
901
906
913
918
905
892
888
868
842
831
825
808
782
768
764
764
749
752
751
754
739
745
760
762
765
782
810
828
841
866
903
937
952
977
999
1009
1018
1019
1028
1028
1010
1001
1008
1007
990
984
986
968
956
937
938
933
919
913
916
915
904
911
926
928
934
953
973
990
985
997
1024
1033
1041
1054
1079
1088
1091
1110
1124
1133
1135
1138
1152
1164
1170
1168
1173
1180
1156
1144
1136
1120
1098
1088
1069
1042
1013
1002
996
975
958
948
946
925
918
913
927
931
931
938
957
953
954
969
979
983
978
974
982
991
978
978
982
982
961
950
950
938
922
910
896
877
862
845
829
820
802
786
800
797
783
788
800
804
800
801
810
812
817
824
835
852
846
859
883
883
895
910
934
941
943
949
977
970
974
973
999
1006
1007
1022
1037
1049
1048
1060
1068
1083
1084
1099
1108
1111
1095
1099
1102
1100
1080
1080
1079
1062
1055
1046
1057
1050
1042
1037
1048
1051
1036
1033
1038
1047
1044
1064
1085
1112
1126
1151
1183
1202
1219
1254
1281
1309
1335
1360
1392
1410
1425
1441
1478
1491
1504
1521
1521
1515
1504
1513
1523
1527
1529
1531
1546
1552
1564
1577
1593
1598
1604
1613
1628
1637
1620
1613
1626
1635
1636
1629
1657
1666
1660
1669
1688
1672
1668
1657
1661
1652
1647
1640
1648
1628
1621
1614
1622
1629
1622
1624
1624
1617
1611
1599
1612
1610
1614
1598
1609
1612
1608
1621
1631
1632
1626
1630
1636
1647
1641
1658
1681
1709
1728
1751
1776
1805
1821
1839
1875
1890
1918
1951
1996
2019
2048
2079
2117
2146
2190
2218
2215
2238
2282
2288
2250
2257
2324
2332
2293
2313
2391
2386
2322
2330
2382
2378
2310
2287
2336
2322
2250
2216
2234
2186
2131
2110
2096
2066
2053
2018
2005
1973
1955
1940
1936
1952
1942
1945
1950
1942
1942
1939
1940
1932
1947
1957
1960
1963
1976
1971
1970
1977
1978
1981
1997
1995
2004
2004
2003
2016
2029
2035
2036
2022
2023
2019
2015
2002
1998
2004
1999
2002
2003
1993
1980
1981
1975
1965
1965
1949
1930
1923
1914
1911
1912
1913
1912
1922
1922
1926
1917
1914
1905
1891
1864
1841
1846
1807
1788
1776
1747
1734
1728
1714
1706
1701
1670
1645
1628
1617
1583
1595
1586
1567
1558
1552
1578
1584
1594
1616
1654
1672
1687
1708
1727
1746
1758
1758
1772
1755
1755
1740
1726
1714
1709
1700
1721
1715
1706
1703
1704
1704
1691
1684
1688
1694
1699
1697
1721
1728
1743
1743
1769
1782
1777
1764
1744
1716
1672
1635
1597
1549
1507
1474
1450
1425
1396
1379
1367
1361
1344
1340
1348
1347
1338
1338
1362
1364
1377
1390
1414
1431
1429
1435
1445
1443
1424
1412
1391
1381
1345
1323
1313
1300
1289
1280
1295
1313
1324
1350
1388
1422
1445
1464
1508
1523
1537
1545
1556
1547
1542
1539
1560
1553
1549
1550
1544
1540
1535
1536
1537
1534
1534
1541
1573
1590
1595
1609
1635
1663
1695
1719
1762
1785
1801
1814
1817
1820
1814
1806
1815
1799
1778
1771
1763
1755
1746
1730
1739
1748
1755
1762
1791
1800
1796
1819
1832
1851
1892
1924
1956
1985
2023
2055
2077
2104
2129
2141
2145
2143
2156
2178
2149
2150
2164
2141
2118
2113
2118
2103
2068
2055
2051
2040
2016
2022
2026
2032
2051
2052
2063
2052
2035
2022
2023
1999
1986
1980
1976
1979
1993
1989
1994
2003
2014
2021
2045
2066
2071
2082
2100
2116
2143
2165
2204
2223
2201
2225
2270
2288
2254
2258
2309
2309
2258
2263
2295
2282
2235
2224
2259
2248
2220
2223
2276
2291
2263
2268
2354
2362
2309
2305
2375
2377
2311
2309
2362
2355
2297
2297
2389
2370
2296
2283
2330
2282
2217
2191
2193
2133
2077
2041
2008
1956
1923
1892
1849
1797
1750
1703
1665
1637
1603
1586
1559
1540
1542
1544
1540
1549
1564
1604
1635
1674
1721
1781
1814
1845
1886
1909
1927
1944
1953
1984
1990
2012
2029
2038
2065
2058
2065
2060
2053
2054
2035
2014
2001
1968
1954
1929
1903
1881
1856
1857
1833
1826
1802
1799
1777
1775
1765
1760
1754
1740
1745
1737
1732
1746
1764
1778
1778
1797
1821
1839
1853
1880
1906
1906
1898
1902
1888
1867
1846
1829
1818
1799
1772
1756
1743
1722
1667
1647
1626
1604
1579
1574
1566
1549
1546
1544
1551
1552
1549
1565
1587
1590
1584
1588
1604
1615
1616
1623
1641
1648
1642
1647
1659
1662
1652
1657
1657
1658
1636
1625
1616
1607
1584
1583
1580
1573
1555
1545
1543
1549
1535
1530
1540
1525
1500
1485
1479
1464
1437
1436
1433
1442
1451
1474
1507
1530
1552
1564
1588
1618
1629
1650
1676
1698
1720
1749
1774
1789
1814
1829
1851
1870
1883
1889
1901
1894
1897
1899
1893
1890
1877
1856
1860
1839
1833
1825
1811
1787
1770
1751
1735
1720
1703
1692
1686
1681
1672
1666
1672
1685
1679
1698
1730
1739
1748
1763
1783
1790
1786
1790
1818
1819
1826
1826
1837
1823
1812
1770
1752
1717
1685
1646
1606
1580
1554
1548
1548
1545
1551
1556
1582
1602
1618
1632
1666
1692
1705
1720
1750
1771
1782
1816
1844
1877
1896
1910
1936
1934
1948
1953
1966
1972
1987
2012
2039
2056
2076
2100
2103
2118
2144
2158
2148
2151
2179
2192
2171
2172
2213
2222
2202
2213
2271
2273
2233
2240
2279
2284
2239
2254
2311
2328
2283
2287
2363
2369
2291
2304
2394
2371
2301
2290
2346
2318
2249
2246
2305
2284
2243
2230
2277
2262
2208
2210
2229
2214
2168
2168
2175
2157
2118
2119
2124
2117
2095
2089
2088
2089
2050
2047
2035
2016
1992
1984
1996
1992
1994
1999
1998
1988
1962
1934
1894
1872
1837
1795
1771
1745
1743
1728
1739
1746
1771
1799
1800
1823
1840
1850
1871
1884
1905
1911
1940
1955
1967
1985
1976
1960
1931
1899
1857
1826
1800
1773
1742
1704
1697
1655
1605
1562
1537
1500
1461
1430
1424
1400
1386
1385
1402
1406
1403
1439
1475
1506
1542
1569
1608
1633
1662
1685
1732
1772
1813
1846
1893
1935
1983
2019
2066
2073
2119
2150
2154
2165
2208
2219
2194
2209
2255
2252
2213
2229
2276
2268
2211
2200
2205
2180
2140
2109
2096
2049
2016
1975
1952
1930
1897
1858
1799
1749
1705
1666
1636
1603
1596
1593
1576
1578
1581
1573
1561
1565
1580
1591
1586
1604
1614
1633
1639
1643
1646
1654
1635
1628
1611
1600
1573
1546
1550
1522
1507
1503
1516
1502
1501
1505
1500
1509
1495
1507
1525
1545
1567
1617
1654
1703
1742
1770
1820
1847
1870
1876
1878
1876
1845
1833
1810
1790
1764
1743
1717
1708
1683
1646
1624
1592
1563
1540
1529
1511
1491
1477
1493
1506
1514
1535
1572
1606
1632
1663
1697
1711
1723
1736
1753
1768
1767
1767
1765
1763
1750
1746
1743
1731
1704
1684
1671
1637
1610
1593
1577
1552
1543
1537
1541
1529
1523
1542
1563
1577
1590
1617
1639
1666
1678
1699
1722
1760
1778
1808
1851
1869
1904
1923
1950
1973
1988
2011
2021
2041
2055
2070
2065
2068
2084
2095
2079
2084
2091
2100
2090
2078
2101
2093
2081
2080
2081
2078
2049
2051
2051
2039
2014
2008
2019
2008
2020
2031
2045
2056
2060
2063
2076
2088
2085
2099
2123
2134
2123
2123
2147
2157
2146
2146
2172
2175
2142
2123
2129
2101
2081
2066
2060
2055
2045
2045
2052
2060
2047
2039
2046
2050
2047
2046
2049
2053
2043
2038
2050
2038
2043
2037
2047
2052
2063
2075
2103
2135
2125
2148
2190
2208
2195
2219
2297
2314
2273
2305
2418
2440
2356
2383
2470
2494
2421
2411
2514
2530
2444
2456
2556
2578
2447
2483
2577
2598
2483
2505
2607
2602
2504
2546
2633
2625
2521
2534
2648
2646
2537
2513
2620
2528
2425
2303
2351
2226
2198
2203
2251
2273
2249
2294
2410
2431
2381
2390
2491
2511
2424
2448
2545
2576
2470
2499
2582
2600
2488
2492
2620
2629
2536
2571
2641
2648
2529
2558
2654
2662
2580
2509
2564
2399
2314
2162
2202
2158
2144
2167
2222
2263
2258
2281
2388
2417
2329
2372
2469
2485
2390
2393
2503
2505
2393
2349
2363
2229
2122
2055
2015
1951
1902
1840
1808
1753
1733
1698
1692
1689
1713
1727
1762
1788
1833
1875
1909
1948
1994
2016
2041
2063
2068
2076
2086
2080
2059
2047
2022
1978
1936
1878
1810
1752
1704
1655
1623
1597
1602
1608
1604
1626
1658
1688
1719
1760
1820
1876
1920
1975
2029
2057
2106
2140
2135
2150
2183
2191
2166
2163
2178
2144
2123
2101
2107
2080
2054
2018
1995
1960
1929
1905
1887
1876
1878
1882
1890
1896
1909
1921
1925
1924
1933
1925
1903
1912
1895
1890
1890
1891
1917
1927
1941
1960
1971
1985
2001
2013
2034
2054
2078
2090
2109
2127
2127
2152
2127
2160
2192
2205
2196
2213
2263
2280
2233
2246
2295
2300
2244
2273
2349
2353
2274
2299
2381
2353
2282
2273
2334
2299
2219
2202
2212
2144
2095
2064
2056
2014
1997
1965
1944
1927
1892
1867
1849
1821
1811
1804
1798
1778
1784
1773
1749
1734
1724
1710
1685
1670
1648
1640
1627
1614
1610
1621
1618
1614
1654
1670
1693
1721
1751
1781
1805
1827
1868
1887
1908
1930
1932
1975
1979
1994
2008
2024
2033
2026
2033
2035
2063
2050
2048
2036
2040
2017
1992
1992
1967
1948
1916
1909
1872
1848
1841
1813
1793
1774
1753
1725
1682
1644
1605
1567
1530
1505
1505
1497
1494
1497
1494
1494
1482
1471
1473
1453
1422
1397
1374
1351
1306
1285
1290
1267
1257
1256
1268
1270
1253
1241
1226
1205
1176
1161
1161
1159
1141
1145
1153
1158
1154
1156
1174
1184
1181
1177
1180
1177
1153
1147
1152
1145
1128
1132
1136
1150
1168
1195
1237
1263
1292
1323
1370
1397
1420
1446
1490
1531
1560
1602
1665
1718
1756
1793
1831
1863
1874
1885
1903
1902
1899
1917
1920
1920
1923
1923
1918
1911
1912
1916
1900
1895
1883
1864
1852
1843
1832
1818
1819
1797
1774
1749
1731
1684
1655
1632
1616
1623
1632
1645
1670
1679
1706
1718
1751
1773
1792
1813
1850
1867
1894
1917
1955
1988
2031
2050
2053
2064
2049
2014
1950
1893
1825
1761
1715
1666
1629
1627
1624
1614
1615
1634
1665
1694
1710
1726
1759
1766
1780
1808
1841
1864
1901
1929
1958
1963
1969
1958
1939
1916
1907
1878
1873
1875
1865
1850
1832
1825
1813
1827
1836
1840
1830
1805
1798
1787
1779
1782
1789
1812
1825
1859
1887
1898
1909
1913
1934
1958
1990
2018
2043
2066
2113
2148
2147
2186
2250
2275
2232
2269
2340
2322
2256
2274
2345
2332
2254
2264
2345
2317
2250
2252
2318
2306
2237
2228
2260
2196
2156
2132
2149
2147
2119
2126
2157
2160
2135
2149
2166
2171
2152
2185
2246
2272
2216
2255
2339
2347
2294
2305
2403
2417
2346
2326
2429
2441
2324
2336
2440
2399
2294
2304
2363
2300
2221
2174
2175
2136
2075
2049
2031
1999
1971
1954
1935
1908
1884
1872
1841
1809
1782
1753
1712
1672
1645
1614
1577
1540
1503
1448
1392
1334
1289
1220
1151
1078
1018
952
893
838
808
762
721
696
695
686
669
669
679
701
710
740
786
821
849
889
934
966
1000
1024
1069
1085
1091
1099
1134
1151
1181
1218
1263
1300
1326
1356
1394
1424
1440
1469
1505
1527
1549
1571
1569
1552
1516
1473
1439
1394
1348
1325
1312
1297
1288
1302
1319
1375
1402
1449
1498
1532
1576
1602
1633
1646
1662
1658
1656
1634
1597
1564
1536
1486
1426
1396
1368
1338
1305
1283
1259
1229
1182
1133
1096
1037
976
916
871
825
771
735
726
703
677
667
657
656
639
638
650
655
665
689
730
763
796
835
891
934
980
1021
1082
1136
1171
1212
1271
1316
1349
1387
1423
1450
1481
1490
1524
1555
1563
1567
1579
1595
1591
1599
1588
1583
1580
1588
1598
1599
1607
1616
1612
1605
1595
1588
1603
1612
1600
1608
1618
1625
1623
1632
1654
1660
1670
1684
1701
1710
1697
1707
1693
1691
1683
1685
1694
1693
1693
1691
1692
1692
1676
1692
1686
1696
1705
1711
1724
1731
1718
1704
1713
1708
1694
1682
1695
1687
1683
1694
1685
1642
1615
1590
1580
1599
1607
1609
1615
1621
1626
1648
1668
1671
1706
1737
1764
1764
1786
1783
1793
1794
1778
1774
1770
1788
1779
1776
1789
1787
1772
1781
1792
1780
1779
1774
1785
1802
1795
1785
1791
1792
1788
1791
1806
1812
1804
1808
1807
1814
1810
1807
1834
1832
1815
1793
1806
1782
1770
1745
1721
1725
1708
1694
1680
1679
1663
1644
1641
1639
1628
1624
1651
1647
1641
1655
1685
1703
1721
1730
1751
1752
1760
1782
1809
1815
1829
1831
1849
1846
1821
1772
1732
1683
1647
1619
1599
1572
1549
1539
1546
1554
1543
1558
1581
1594
1595
1602
1620
1613
1621
1631
1652
1675
1699
1712
1739
1751
1748
1711
1695
1646
1596
1563
1559
1565
1558
1546
1567
1579
1581
1595
1615
1638
1627
1638
1627
1601
1581
1563
1567
1567
1555
1546
1561
1565
1551
1548
1551
1555
1545
1553
1560
1561
1564
1568
1571
1572
1560
1567
1590
1595
1622
1627
1629
1619
1596
1586
1597
1586
1582
1557
1556
1524
1494
1470
1467
1444
1447
1468
1488
1515
1536
1550
1563
1564
1559
1561
1569
1562
1544
1538
1552
1551
1556
1568
1585
1598
1605
1610
1622
1633
1628
1626
1624
1605
1582
1575
1568
1545
1539
1545
1563
1583
1599
1615
1627
1627
1622
1613
1598
1586
1579
1548
1542
1518
1496
1477
1470
1457
1428
1402
1389
1352
1314
1298
1263
1241
1219
1201
1197
1189
1179
1185
1176
1188
1176
1180
1191
1196
1196
1203
1221
1234
1240
1257
1290
1303
1305
1295
1305
1300
1302
1291
1295
1284
1259
1250
1241
1221
1207
1190
1179
1179
1162
1154
1164
1169
1169
1163
1180
1196
1198
1203
1229
1224
1230
1239
1239
1239
1230
1231
1234
1222
1207
1205
1206
1198
1188
1189
1187
1185
1173
1160
1158
1153
1145
1136
1127
1120
1091
1079
1086
1068
1048
1024
1028
1023
1008
1007
1015
1008
996
996
1008
1002
1000
1004
1019
1018
1012
1016
1031
1038
1030
1033
1034
1020
1012
991
985
976
974
958
960
958
943
934
942
921
912
906
913
905
895
890
898
896
902
894
908
905
897
901
897
881
871
865
863
854
849
838
842
840
826
827
829
819
805
800
811
805
792
796
811
810
806
813
815
815
800
799
814
810
810
821
825
832
817
820
825
825
819
815
824
828
810
805
810
788
766
760
759
755
730
725
723
716
698
701
700
695
693
692
693
687
674
669
676
674
672
669
676
686
680
679
686
686
680
675
686
680
675
674
684
683
672
676
671
664
648
646
656
651
637
638
654
649
636
632
632
619
622
632
643
645
646
646
660
656
647
653
660
658
661
652
651
643
630
615
626
616
611
604
612
605
591
581
584
581
567
573
575
576
569
582
584
587
590
594
605
598
588
582
590
601
599
609
622
631
628
629
645
642
638
633
639
640
637
635
638
634
628
623
621
623
612
609
612
608
581
572
565
554
543
543
556
555
548
536
539
527
503
497
493
472
461
458
456
450
429
435
444
450
448
461
473
472
461
470
475
476
470
470
482
491
494
486
508
523
515
518
536
539
543
543
549
537
528
529
540
534
526
524
540
540
538
538
544
542
538
543
546
556
553
557
574
581
584
595
584
298
-5
-7
-6
-5
-4
-6
-6
-3
482
480
-6
-6
-6
-5
-5

