;UFOS3
;Measurement details: channel = Z, date = 12.09.2015, time = 13:02:28
Exposure=263
Gain=0
Temperature=34.4
Accummulate=4
2.4326391032831203 mu
2.4772821562008214 amas
23.87 hs
0 ozone
171676 uva
15192 uvb
10721 uve
[Value]
-11
287
285
286
285
287
287
285
302
301
358
356
299
300
364
364
307
304
360
377
301
314
392
374
312
311
401
400
319
315
401
378
320
316
387
377
317
315
386
390
313
314
378
383
314
316
404
400
325
321
392
391
311
319
406
397
310
312
395
405
313
323
390
410
321
317
402
380
314
316
372
400
315
323
386
389
310
315
385
388
318
318
410
391
309
315
387
394
315
318
390
403
311
313
393
383
315
312
385
402
320
315
383
395
316
325
406
394
315
319
401
379
315
319
388
400
320
312
382
388
307
316
398
396
313
321
386
380
309
319
398
406
310
315
385
400
309
315
388
390
317
310
398
403
314
319
392
409
312
320
408
402
313
312
396
390
315
316
400
399
314
318
391
388
321
322
394
408
313
316
389
414
313
318
381
400
313
316
397
394
313
319
418
393
318
318
376
384
315
316
387
403
312
321
394
392
317
313
383
397
314
315
384
387
310
315
386
391
312
322
384
383
319
317
399
398
315
313
389
396
313
317
383
400
311
316
391
387
317
319
398
385
316
318
381
394
325
318
407
382
314
312
381
397
313
318
393
391
315
312
393
388
320
315
382
393
316
319
430
390
317
316
400
384
311
311
406
387
311
317
388
382
306
320
391
391
318
305
396
391
316
318
400
393
318
313
405
389
319
315
394
389
312
318
391
384
310
317
396
391
307
312
394
391
315
316
402
397
322
316
391
394
310
315
403
376
324
318
399
385
318
318
399
405
311
313
405
401
320
317
383
392
318
315
397
386
315
311
390
384
310
322
390
401
318
323
389
404
314
321
397
393
317
316
377
384
317
316
384
384
315
320
386
381
314
318
376
392
315
308
400
397
315
318
387
390
318
320
397
399
313
315
386
383
315
318
397
399
315
318
407
386
313
311
391
403
321
321
405
398
315
311
394
406
320
323
402
388
309
325
398
392
320
322
399
402
321
315
391
396
314
317
387
398
318
313
371
394
312
317
394
393
313
314
383
404
312
317
392
393
320
315
402
389
313
313
393
402
312
321
398
419
316
317
390
390
315
321
394
397
316
316
389
385
313
313
401
379
315
313
380
392
317
321
391
387
322
321
387
391
318
313
388
404
306
321
394
397
311
327
398
390
309
324
383
384
318
312
382
398
318
317
396
387
312
316
377
405
310
322
403
408
316
316
391
401
320
318
398
402
316
314
394
406
315
319
392
398
320
316
398
394
318
323
392
387
318
321
398
387
327
317
387
390
318
321
396
408
313
318
387
385
321
319
390
385
317
316
405
392
328
322
399
419
317
323
385
405
322
321
403
399
317
323
396
386
320
317
398
401
319
318
402
407
322
318
396
396
320
322
384
401
316
326
387
404
313
321
394
401
315
325
393
381
327
321
398
399
312
320
409
399
323
323
402
401
327
327
402
395
327
335
416
401
329
324
402
416
336
332
415
388
321
325
396
397
323
329
407
422
327
338
410
406
326
328
394
406
336
333
425
411
332
335
413
406
331
330
413
417
327
335
419
406
330
339
423
421
342
343
416
410
336
346
414
416
340
347
428
427
348
353
434
423
348
352
440
450
355
357
427
412
353
352
424
428
354
356
415
434
353
350
449
433
353
355
427
435
357
364
452
427
363
365
421
444
364
368
447
451
370
369
452
449
376
379
447
450
381
394
473
474
394
402
492
461
400
401
467
474
412
403
485
483
407
409
484
489
410
415
491
485
408
414
487
499
421
423
500
502
430
421
502
499
427
427
497
501
428
426
535
499
429
435
505
500
428
429
499
499
418
425
520
500
430
429
496
496
426
437
527
519
432
442
513
504
432
440
515
515
437
442
528
529
442
446
535
525
454
461
551
552
471
480
546
549
493
500
590
581
514
525
604
595
529
534
615
623
539
538
618
626
534
542
611
611
536
530
606
595
532
524
602
618
527
530
617
593
530
528
606
600
520
524
607
610
539
542
631
622
536
544
615
645
550
560
664
652
568
570
654
666
573
583
668
653
580
583
685
653
579
589
672
659
582
591
661
660
586
587
666
666
600
598
697
677
607
620
696
705
629
645
712
717
640
630
728
705
619
631
714
706
633
629
702
698
628
641
715
731
647
661
730
744
683
684
766
808
714
728
816
810
728
729
823
806
738
725
790
803
696
697
766
770
685
673
748
731
667
659
755
738
661
661
757
750
683
686
797
793
711
732
828
842
772
803
888
897
833
842
917
950
865
889
970
993
919
936
1026
1032
957
976
1064
1061
985
989
1080
1092
1015
1036
1106
1112
1018
1035
1080
1068
967
961
1024
1016
925
908
991
984
898
902
953
971
894
899
984
995
921
923
1023
1034
977
990
1101
1136
1061
1085
1192
1192
1112
1132
1228
1205
1109
1120
1187
1186
1096
1098
1157
1146
1071
1055
1127
1148
1035
1033
1114
1114
1023
1047
1128
1127
1052
1068
1150
1192
1090
1098
1207
1195
1132
1141
1255
1244
1171
1198
1291
1287
1215
1228
1300
1333
1240
1243
1328
1330
1242
1230
1294
1295
1193
1181
1241
1225
1124
1119
1189
1163
1068
1081
1156
1131
1050
1045
1146
1146
1050
1059
1157
1169
1088
1087
1182
1178
1093
1105
1171
1182
1097
1096
1178
1191
1091
1075
1170
1138
1049
1038
1098
1114
1006
990
1072
1061
953
956
1027
1031
944
945
1039
1031
957
966
1032
1046
970
984
1055
1065
996
1000
1111
1108
1045
1058
1137
1196
1080
1083
1187
1171
1108
1117
1198
1214
1138
1150
1235
1245
1162
1174
1260
1290
1199
1221
1279
1285
1205
1207
1292
1281
1194
1192
1271
1251
1172
1166
1243
1252
1150
1153
1217
1240
1153
1152
1237
1235
1159
1186
1273
1289
1234
1253
1348
1363
1308
1338
1436
1466
1396
1438
1524
1553
1482
1500
1603
1612
1554
1556
1649
1657
1565
1551
1656
1627
1577
1576
1684
1688
1607
1611
1695
1716
1630
1648
1727
1749
1658
1660
1739
1748
1672
1666
1764
1774
1685
1694
1791
1787
1692
1688
1765
1771
1684
1682
1767
1730
1654
1660
1730
1745
1649
1663
1740
1761
1644
1641
1724
1720
1644
1634
1717
1744
1655
1664
1753
1732
1661
1663
1756
1755
1684
1702
1788
1810
1746
1773
1884
1918
1832
1862
1967
1961
1911
1951
2066
2077
2033
2063
2181
2205
2151
2178
2288
2288
2228
2242
2315
2339
2262
2281
2367
2382
2309
2316
2393
2383
2301
2297
2350
2349
2262
2248
2319
2275
2176
2144
2215
2176
2071
2047
2124
2095
1996
1976
2052
2032
1943
1961
2032
2045
1956
1957
2053
2036
1944
1968
2035
2040
1968
1981
2070
2042
1978
1979
2077
2078
1997
2002
2095
2091
2013
2025
2111
2131
2030
2031
2084
2101
2015
2017
2092
2104
2006
2026
2092
2112
1999
1993
2070
2050
1978
1961
2052
2041
1942
1942
2029
2024
1962
1947
2041
2033
1945
1950
2008
2014
1904
1900
1969
1933
1838
1821
1897
1867
1786
1771
1850
1850
1738
1719
1770
1771
1708
1667
1744
1718
1631
1646
1723
1740
1668
1695
1797
1826
1764
1782
1866
1893
1813
1822
1910
1912
1822
1799
1869
1863
1777
1782
1879
1861
1785
1782
1869
1860
1761
1771
1822
1858
1772
1786
1879
1893
1809
1821
1912
1936
1838
1830
1886
1872
1761
1722
1776
1718
1614
1584
1637
1602
1518
1506
1570
1558
1468
1469
1540
1555
1469
1476
1563
1579
1510
1525
1611
1612
1545
1558
1628
1634
1545
1533
1614
1589
1469
1460
1535
1506
1421
1423
1506
1524
1452
1480
1596
1624
1564
1593
1679
1717
1635
1656
1731
1735
1646
1656
1737
1754
1661
1660
1739
1751
1651
1649
1740
1743
1648
1670
1757
1781
1696
1722
1847
1830
1783
1819
1933
1948
1887
1890
1980
1982
1900
1899
1961
1956
1871
1866
1918
1935
1841
1833
1920
1912
1844
1865
1962
1972
1889
1906
1984
2014
1966
2006
2110
2134
2098
2128
2214
2251
2173
2195
2293
2294
2210
2220
2307
2298
2203
2197
2294
2264
2171
2155
2231
2200
2103
2110
2177
2196
2099
2114
2193
2209
2125
2111
2193
2182
2088
2082
2147
2134
2059
2061
2166
2178
2078
2087
2174
2207
2106
2132
2230
2231
2173
2199
2307
2322
2253
2277
2391
2395
2319
2333
2415
2414
2355
2349
2428
2412
2339
2329
2396
2394
2301
2298
2385
2395
2322
2350
2439
2459
2398
2413
2473
2487
2417
2406
2461
2456
2401
2411
2498
2496
2403
2397
2471
2440
2355
2325
2384
2362
2241
2219
2257
2202
2094
2060
2110
2078
1959
1916
1942
1909
1791
1774
1835
1806
1704
1688
1765
1754
1682
1693
1782
1811
1763
1808
1929
1971
1932
1970
2082
2118
2040
2057
2157
2174
2103
2127
2229
2229
2163
2170
2253
2244
2171
2159
2241
2217
2112
2090
2145
2123
2037
2001
2077
2052
1964
1954
2012
1991
1921
1907
1974
1975
1997
1892
1961
1969
1870
1896
1981
1999
1923
1941
2034
2038
1987
2011
2110
2118
2026
2023
2109
2071
1982
1974
2031
2025
1920
1913
1961
1946
1825
1797
1869
1846
1739
1733
1810
1794
1714
1702
1810
1777
1720
1739
1821
1834
1745
1761
1840
1856
1777
1792
1887
1886
1801
1821
1891
1906
1817
1835
1919
1900
1799
1797
1872
1852
1755
1747
1839
1814
1742
1722
1802
1797
1708
1706
1799
1788
1686
1667
1731
1724
1623
1615
1699
1713
1644
1666
1766
1784
1722
1741
1852
1868
1805
1830
1933
1947
1886
1917
2014
2046
1976
1992
2100
2113
2036
2054
2146
2129
2056
2058
2132
2122
2030
2032
2094
2096
2003
1990
2052
2032
1935
1919
1978
1976
1877
1869
1934
1935
1851
1841
1930
1953
1862
1872
1991
1981
1917
1944
2039
2039
1970
1971
2049
2075
2000
2019
2108
2068
1984
1966
2025
1994
1860
1829
1894
1852
1753
1750
1827
1812
1738
1757
1849
1883
1803
1827
1974
1959
1894
1897
2010
2039
1971
2003
2086
2137
2078
2101
2188
2192
2128
2137
2227
2227
2165
2187
2287
2297
2251
2269
2364
2376
2294
2315
2409
2425
2340
2348
2427
2445
2375
2386
2470
2496
2422
2428
2489
2494
2423
2433
2498
2513
2467
2483
2548
2572
2517
2527
2594
2594
2523
2512
2566
2551
2480
2472
2528
2522
2450
2445
2508
2522
2430
2428
2485
2471
2385
2383
2443
2441
2349
2332
2399
2371
2304
2304
2387
2370
2286
2276
2320
2320
2208
2196
2274
2274
2176
2186
2282
2269
2190
2179
2249
2218
2103
2079
2133
2087
1968
1957
2021
2021
1955
1961
2061
2077
2025
2045
2134
2148
2083
2090
2185
2218
2149
2162
2259
2283
2185
2175
2231
2192
2073
2053
2095
2079
1966
1941
2002
1978
1839
1801
1835
1839
1693
1663
1737
1698
1622
1619
1728
1723
1665
1677
1788
1805
1765
1808
1921
1929
1885
1921
2045
2064
2038
2072
2207
2225
2196
2246
2375
2384
2328
2359
2458
2449
2417
2433
2516
2522
2464
2463
2548
2543
2469
2472
2517
2499
2412
2403
2440
2403
2296
2277
2358
2287
2183
2164
2194
2158
2045
1993
2023
1967
1879
1854
1928
1904
1829
1817
1913
1924
1813
1828
1910
1913
1847
1862
1946
1972
1890
1896
1970
1964
1877
1872
1914
1926
1833
1810
1893
1872
1759
1759
1848
1865
1751
1761
1840
1841
1750
1762
1871
1879
1828
1878
1994
2041
2003
2026
2175
2179
2124
2132
2217
2205
2101
2092
2176
2124
2017
2009
2059
2039
1939
1911
1967
1928
1830
1807
1871
1855
1759
1755
1829
1852
1779
1811
1918
1950
1903
1931
2051
2054
1992
2001
2095
2126
2035
2037
2106
2123
2016
2023
2106
2102
1988
1955
2029
1989
1890
1866
1925
1934
1810
1815
1890
1880
1808
1830
1913
1932
1876
1892
2006
2021
1956
1985
2090
2110
2048
2095
2211
2228
2181
2207
2314
2321
2265
2292
2409
2402
2337
2341
2433
2447
2353
2366
2446
2451
2374
2384
2461
2458
2373
2378
2456
2448
2364
2362
2410
2428
2332
2326
2393
2362
2299
2316
2397
2400
2323
2343
2430
2443
2359
2370
2451
2482
2407
2419
2512
2510
2498
2459
2531
2535
2463
2457
2496
2519
2410
2395
2449
2440
2346
2362
2436
2431
2343
2353
2424
2418
2336
2347
2428
2433
2347
2353
2452
2407
2339
2346
2432
2434
2346
2355
2451
2458
2405
2431
2544
2553
2499
2520
2596
2616
2593
2625
2690
2707
2720
2743
2758
2784
2788
2810
2815
2834
2837
2853
2852
2871
2869
2885
2883
2898
2895
2909
2909
2923
2919
2930
2929
2940
2939
2951
2949
2961
2956
2966
2963
2961
2954
2841
2827
2619
2567
2531
2580
2587
2569
2600
2682
2700
2723
2753
2771
2800
2810
2837
2839
2865
2864
2888
2886
2905
2901
2923
2917
2941
2932
2950
2945
2966
2955
2975
2963
2984
2974
2994
2982
2990
2977
2736
2768
2561
2493
2496
2559
2574
2556
2598
2668
2704
2708
2747
2762
2787
2795
2817
2822
2837
2838
2843
2840
2802
2738
2594
2565
2482
2363
2303
2332
2255
2142
2097
2146
2114
2031
2030
2142
2143
2092
2137
2256
2296
2267
2314
2426
2434
2400
2425
2516
2505
2448
2427
2483
2479
2379
2335
2377
2328
2160
2097
2152
2079
1977
1952
2030
2021
1951
1975
2095
2117
2064
2125
2238
2321
2285
2347
2469
2494
2463
2511
2577
2594
2554
2560
2618
2610
2562
2537
2569
2565
2476
2458
2525
2472
2364
2334
2370
2333
2256
2250
2329
2328
2255
2265
2363
2365
2284
2298
2366
2386
2279
2277
2347
2332
2259
2276
2382
2388
2314
2343
2435
2456
2379
2401
2491
2515
2462
2484
2559
2581
2535
2547
2609
2620
2597
2609
2657
2679
2654
2670
2691
2703
2691
2702
2725
2737
2738
2754
2765
2773
2772
2773
2776
2767
2752
2725
2736
2680
2644
2568
2593
2547
2461
2414
2468
2441
2349
2322
2386
2353
2244
2212
2267
2269
2175
2176
2275
2232
2147
2135
2187
2166
2067
2057
2123
2092
2020
2007
2084
2065
2005
2019
2133
2144
2092
2118
2243
2273
2252
2240
2357
2355
2318
2335
2445
2457
2404
2420
2509
2499
2444
2467
2537
2538
2481
2482
2551
2535
2465
2447
2498
2484
2391
2381
2431
2383
2295
2285
2335
2304
2209
2180
2254
2208
2101
2055
2098
2029
1944
1903
1978
1955
1890
1896
1985
1972
1890
1888
1948
1931
1830
1800
1853
1819
1717
1681
1777
1731
1649
1660
1738
1730
1635
1642
1712
1677
1575
1552
1623
1618
1526
1539
1616
1615
1553
1554
1628
1641
1570
1572
1655
1613
1546
1547
1633
1594
1515
1521
1624
1616
1558
1597
1726
1724
1701
1733
1860
1869
1832
1878
1998
2037
1995
2045
2184
2225
2198
2239
2357
2388
2329
2345
2442
2431
2370
2379
2466
2468
2393
2390
2474
2461
2393
2380
2446
2427
2335
2337
2394
2372
2296
2286
2358
2334
2229
2199
2247
2200
2100
2073
2150
2153
2071
2096
2191
2200
2154
2178
2295
2304
2263
2282
2393
2408
2371
2402
2501
2546
2515
2543
2606
2622
2548
2510
2536
2437
2299
2229
2256
2214
2077
2083
2135
2141
2067
2088
2217
2225
2177
2199
2304
2320
2245
2274
2415
2437
2389
2430
2514
2525
2460
2466
2502
2478
2403
2384
2447
2443
2353
2339
2408
2389
2305
2317
2398
2402
2334
2308
2375
2361
2257
2259
2338
2382
2330
2364
2461
2475
2416
2424
2518
2533
2502
2531
2628
2634
2628
2661
2705
2729
2741
2767
2780
2798
2806
2823
2831
2843
2848
2856
2859
2860
2870
2870
2876
2872
2877
2870
2879
2863
2873
2841
2852
2797
2791
2736
2746
2720
2719
2704
2735
2724
2726
2720
2744
2752
2759
2778
2790
2807
2814
2829
2836
2853
2858
2872
2872
2891
2889
2905
2900
2919
2914
2931
2924
2940
2933
2952
2941
2958
2951
2959
2952
2888
2859
2634
2651
2558
2493
2456
2497
2464
2370
2340
2391
2329
2242
2190
2244
2198
2077
2040
2069
2030
1872
1807
1822
1774
1595
1517
1540
1451
1310
1252
1291
1227
1117
1094
1156
1158
1053
1069
1146
1166
1108
1150
1290
1294
1264
1316
1440
1474
1431
1467
1638
1611
1552
1566
1663
1701
1660
1686
1842
1869
1826
1863
1976
2002
1952
1987
2106
2126
2074
2095
2177
2147
2038
1988
2011
1968
1839
1817
1882
1834
1780
1801
1882
1954
1909
1961
2098
2141
2101
2131
2250
2273
2192
2214
2271
2250
2128
2101
2137
2091
1944
1900
1956
1927
1803
1771
1824
1781
1657
1614
1659
1573
1426
1360
1375
1328
1184
1149
1217
1204
1087
1069
1151
1132
1039
1041
1138
1133
1073
1091
1240
1263
1227
1268
1436
1472
1448
1491
1641
1710
1661
1712
1841
1897
1858
1914
2031
2055
2027
2039
2148
2170
2107
2123
2217
2231
2149
2152
2225
2216
2135
2144
2230
2228
2169
2167
2257
2240
2144
2162
2224
2233
2169
2168
2268
2272
2195
2189
2297
2287
2235
2261
2352
2360
2281
2281
2358
2331
2252
2267
2339
2358
2265
2273
2334
2342
2260
2276
2346
2348
2290
2294
2386
2413
2307
2292
2364
2363
2272
2269
2359
2357
2266
2262
2340
2294
2191
2157
2243
2239
2182
2183
2261
2271
2202
2231
2328
2343
2309
2331
2433
2446
2391
2398
2476
2451
2389
2387
2457
2436
2393
2400
2472
2465
2379
2400
2489
2445
2399
2387
2461
2481
2425
2409
2487
2475
2399
2409
2482
2493
2423
2435
2508
2502
2441
2444
2524
2521
2442
2418
2498
2465
2392
2369
2424
2386
2319
2319
2381
2357
2267
2251
2343
2310
2233
2240
2313
2322
2246
2269
2371
2400
2333
2362
2420
2459
2386
2403
2530
2508
2478
2486
2561
2533
2473
2412
2425
2374
2259
2224
2296
2257
2142
2128
2230
2222
2138
2169
2260
2282
2205
2198
2311
2283
2226
2246
2346
2372
2323
2345
2458
2465
2385
2345
2398
2336
2216
2175
2240
2248
2161
2157
2265
2269
2195
2205
2309
2319
2253
2252
2320
2284
2187
2175
2265
2257
2155
2157
2251
2238
2167
2160
2226
2232
2158
2164
2250
2250
2174
2183
2264
2239
2172
2185
2284
2317
2234
2241
2342
2306
2215
2214
2295
2295
2215
2188
2239
2219
2097
2074
2144
2115
2052
2068
2192
2195
2151
2162
2261
2255
2171
2184
2276
2264
2161
2175
2266
2254
2180
2195
2301
2309
2244
2248
2335
2318
2274
2254
2331
2293
2215
2204
2257
2236
2169
2171
2279
2297
2225
2256
2341
2332
2267
2249
2320
2299
2196
2185
2262
2213
2116
2102
2171
2147
2043
2005
2086
2009
1899
1869
1916
1885
1784
1785
1853
1820
1735
1745
1825
1825
1739
1753
1838
1840
1761
1771
1856
1909
1817
1841
1956
1967
1899
1899
1977
1965
1886
1895
1957
1952
1848
1841
1896
1895
1772
1758
1825
1809
1729
1723
1821
1803
1729
1727
1835
1836
1761
1783
1890
1879
1804
1821
1903
1886
1821
1817
1897
1888
1797
1786
1868
1865
1764
1763
1847
1848
1739
1734
1800
1811
1716
1705
1781
1763
1657
1631
1743
1711
1596
1582
1655
1642
1538
1550
1636
1619
1537
1535
1631
1610
1542
1556
1641
1660
1568
1562
1665
1663
1588
1585
1666
1640
1561
1531
1620
1594
1515
1505
1584
1556
1474
1463
1566
1522
1442
1430
1504
1503
1405
1417
1496
1508
1422
1417
1511
1511
1424
1433
1494
1483
1392
1382
1478
1458
1366
1354
1449
1432
1329
1333
1424
1408
1317
1315
1409
1398
1305
1297
1396
1394
1320
1326
1420
1403
1296
1312
1401
1398
1323
1335
1441
1440
1333
1339
1431
1423
1331
1331
1427
1399
1322
1314
1395
1363
1273
1264
1349
1314
1221
1221
1307
1284
1183
1187
1271
1250
1186
1177
1244
1271
1150
1162
1241
1223
1151
1149
1251
1243
1163
1170
1269
1244
1159
1169
1259
1234
1163
1157
1246
1247
1147
1153
1242
1231
1131
1127
1262
1209
1113
1118
1208
1188
1112
1115
1198
1178
1088
1100
1203
1199
1126
1137
1222
1213
1135
1143
1232
1240
1144
1140
1220
1195
1104
1101
1174
1169
1092
1080
1174
1145
1051
1047
1138
1123
1019
1027
1123
1108
1037
1046
1148
1139
1052
1065
1172
1159
1064
1048
1137
1116
1072
1087
1179
1172
1106
1124
1224
1226
1120
1128
1213
1203
1115
1119
1178
1183
1104
1118
1182
1190
1085
1090
1172
1163
1066
1042
1123
1108
1005
1016
1111
1097
1009
995
1080
1066
966
947
1045
984
901
896
990
948
865
864
988
966
884
890
997
1005
898
920
1004
1006
916
918
1020
1018
948
946
1034
1074
971
985
1078
1085
1002
1006
1096
1088
995
986
1066
1068
985
989
1072
1080
1007
998
1105
1077
1000
1006
1100
1099
1018
1019
1125
1142
1067
1075
1146
775
285
285
286
285
287
284
285
286
931
939
283
285
287
-11
-11

