;UFOS3
;Measurement details: channel = Z-D, date = 12.09.2015, time = 13:07:51
Exposure=313
Gain=0
Temperature=34.3
Accummulate=4
2.484166247591668 mu
2.5323689308887696 amas
23.325 hs
254 ozone
138744 uva
3079 uvb
573 uve
[Value]
-6
-5
-4
-6
-7
-4
-6
-8
-5
-8
-6
-4
-7
-8
-7
-5
-7
-5
-7
-6
-10
-3
1
-2
0
1
-2
0
1
-1
0
-1
-2
0
0
-3
1
0
-2
0
1
0
-1
4
-1
2
-5
-1
0
-3
0
-2
-1
-1
1
-2
-1
-2
-1
1
-1
-2
0
0
0
-1
-1
0
2
0
2
2
2
2
2
-2
-1
0
-2
1
-2
0
2
2
-2
0
4
1
-1
-3
-1
-2
-2
0
3
-2
0
1
0
2
1
-4
1
-2
1
1
0
1
-1
1
-2
-2
1
0
1
1
0
0
-2
1
0
-3
2
1
1
0
2
1
0
1
1
-1
1
2
1
1
3
0
2
-3
2
-1
1
2
0
0
-1
0
-1
-1
-2
1
-1
-1
0
2
1
1
3
0
-1
0
-1
-2
2
2
2
-3
1
-1
0
2
0
-2
2
1
-1
0
-4
2
-2
0
-2
-1
-1
-1
-1
0
2
-1
0
1
0
1
1
1
-1
0
-2
0
-1
-2
1
3
0
-1
-1
0
1
0
1
3
0
1
-1
-2
0
0
1
0
2
-3
-2
1
1
-3
-4
-1
-1
2
-1
-4
-1
-1
0
0
1
0
0
-1
0
0
1
0
-5
-2
0
-1
1
1
-1
-1
-2
-2
-2
1
0
0
-3
1
0
0
0
1
-3
2
-3
-2
-1
-1
2
0
2
-2
-1
0
-1
-1
1
-3
-1
2
-1
-4
1
-1
-1
4
2
0
2
0
-1
-5
0
0
2
0
1
-2
0
0
2
0
2
3
1
-2
3
0
0
4
1
0
1
2
2
1
-3
1
-1
0
4
1
1
1
-1
2
-1
-1
-1
-1
0
-1
-1
0
-2
-1
1
0
-2
1
0
-2
-2
0
-1
-1
0
2
1
1
1
-3
0
-3
1
0
-3
-1
-2
-3
-2
0
-1
1
1
2
-2
0
-2
1
-1
0
-3
-1
4
-2
-2
0
3
0
-1
-1
1
1
2
1
-1
1
-3
-2
-1
3
-1
1
-1
0
-1
-2
1
-2
0
3
0
-1
-1
0
1
0
3
3
0
3
0
4
-2
3
2
1
0
2
0
-5
-1
1
4
-2
-1
1
0
2
-2
-2
1
0
0
0
-2
-1
0
-1
2
1
-1
0
2
-2
1
1
5
2
1
1
3
-1
0
2
3
2
-2
-1
2
3
1
1
0
1
2
-1
1
0
-2
2
4
-1
5
4
2
0
1
0
3
3
1
3
3
2
-2
2
2
2
5
2
1
4
0
3
2
1
2
0
2
1
3
-1
-1
3
2
2
0
3
2
1
3
1
2
3
1
3
3
1
2
1
4
1
1
-1
4
2
2
4
2
-1
4
4
2
0
1
-2
1
3
3
2
4
2
3
2
2
4
3
1
1
4
4
1
3
5
2
3
1
1
6
-2
2
3
4
2
3
2
2
2
4
3
6
5
4
3
0
6
4
2
5
6
6
6
6
5
6
3
6
7
5
3
5
3
4
4
3
2
3
6
4
5
7
5
4
6
7
4
6
6
7
7
7
5
9
9
9
7
9
8
11
9
13
11
12
11
10
12
14
13
14
12
14
17
12
13
17
14
13
16
14
17
15
16
14
15
16
15
17
15
15
17
15
18
18
18
18
19
21
21
20
25
22
22
24
25
25
26
26
27
29
31
29
34
31
34
37
33
38
38
35
36
40
38
40
39
38
40
40
36
37
41
40
40
38
42
39
41
39
38
44
43
43
41
43
48
45
49
50
49
50
48
51
54
57
52
58
56
61
60
64
64
68
69
72
73
76
74
83
84
86
90
88
94
94
95
97
98
97
99
100
104
102
107
110
106
104
108
107
107
106
107
111
110
111
115
114
118
120
115
123
117
122
124
122
126
122
123
126
120
125
121
124
123
120
115
117
115
115
116
117
117
121
124
120
123
123
123
127
131
132
133
135
133
133
135
137
137
137
137
141
143
140
142
147
153
153
158
164
167
169
174
186
188
192
201
213
218
220
224
232
239
234
236
244
244
240
240
243
249
247
243
247
246
237
237
239
241
231
233
239
237
232
229
233
232
228
225
231
230
230
230
239
238
240
241
246
247
249
246
258
260
261
265
274
275
276
280
286
292
288
288
295
295
289
293
301
300
288
293
297
294
289
294
293
296
294
296
302
301
307
307
315
324
322
319
337
343
344
352
357
352
342
342
347
345
337
340
340
346
336
334
343
344
346
351
361
369
368
368
380
387
392
405
426
430
437
441
454
458
448
449
455
462
453
446
446
439
423
417
414
410
399
393
392
381
374
370
375
376
376
381
389
397
406
410
426
434
440
456
475
496
504
514
531
546
555
563
585
597
613
618
642
646
654
670
694
698
705
711
721
733
731
742
758
759
759
767
771
769
761
751
748
729
714
702
691
680
658
651
650
646
632
634
635
635
634
629
639
650
653
662
686
705
716
735
772
797
809
838
859
870
862
874
878
877
861
863
865
855
850
841
840
826
814
802
806
801
786
775
779
786
772
779
787
792
795
816
836
846
847
851
876
883
887
900
917
932
927
949
959
978
975
982
992
1000
1000
1004
1016
1013
997
982
983
975
949
933
924
907
879
872
865
846
824
821
815
802
788
796
803
807
808
813
825
836
831
844
847
848
844
844
846
853
843
846
852
855
831
824
823
807
797
785
772
762
738
729
718
704
689
684
686
684
683
685
695
696
695
692
701
704
698
713
728
742
736
748
766
775
781
802
821
824
813
830
849
854
853
857
869
884
880
893
914
915
916
921
939
946
952
954
965
970
963
958
963
959
939
942
939
932
923
906
916
911
905
897
914
911
893
897
905
914
919
926
948
970
986
1002
1029
1053
1072
1095
1123
1143
1168
1191
1218
1234
1247
1266
1291
1309
1317
1329
1339
1334
1328
1321
1344
1343
1349
1350
1369
1377
1383
1381
1398
1410
1412
1421
1438
1442
1436
1428
1437
1451
1449
1442
1452
1468
1462
1463
1486
1482
1466
1469
1467
1457
1450
1447
1445
1437
1429
1426
1425
1436
1433
1428
1441
1431
1415
1413
1416
1419
1411
1406
1416
1424
1420
1425
1439
1437
1427
1431
1444
1450
1454
1465
1494
1519
1522
1544
1587
1599
1613
1629
1664
1681
1703
1734
1777
1796
1823
1856
1887
1911
1944
1973
2003
2010
2031
2035
2038
2039
2062
2067
2079
2104
2112
2114
2109
2109
2090
2090
2079
2059
2060
2048
2018
1985
1967
1929
1908
1883
1864
1831
1829
1796
1773
1756
1749
1719
1725
1729
1731
1739
1729
1730
1730
1728
1721
1725
1740
1736
1746
1748
1766
1748
1758
1760
1761
1774
1774
1783
1789
1794
1789
1802
1815
1817
1818
1808
1815
1803
1801
1792
1791
1790
1790
1787
1793
1789
1775
1775
1768
1768
1756
1737
1730
1724
1711
1717
1711
1717
1718
1713
1718
1720
1720
1717
1706
1704
1671
1652
1652
1623
1600
1581
1564
1555
1545
1540
1533
1520
1492
1466
1457
1436
1464
1421
1412
1398
1391
1385
1409
1418
1430
1449
1480
1501
1510
1533
1555
1567
1568
1576
1589
1583
1571
1561
1556
1534
1532
1533
1546
1544
1528
1533
1532
1529
1511
1518
1511
1530
1523
1535
1546
1558
1563
1568
1587
1599
1591
1583
1576
1545
1512
1471
1438
1393
1352
1320
1308
1280
1260
1240
1234
1225
1207
1197
1210
1206
1198
1201
1224
1236
1238
1248
1271
1280
1277
1293
1295
1298
1277
1266
1259
1239
1216
1190
1182
1162
1140
1149
1171
1171
1194
1214
1247
1275
1296
1317
1352
1368
1382
1391
1388
1388
1385
1392
1396
1401
1400
1393
1400
1392
1379
1387
1386
1386
1388
1399
1421
1436
1433
1464
1485
1492
1524
1564
1592
1612
1618
1624
1649
1654
1635
1636
1633
1628
1607
1602
1600
1588
1573
1571
1571
1586
1592
1595
1623
1635
1637
1645
1657
1675
1707
1751
1777
1808
1840
1863
1892
1924
1923
1939
1961
1953
1961
1968
1969
1962
1950
1950
1931
1916
1915
1899
1881
1869
1845
1839
1839
1842
1838
1848
1864
1864
1860
1851
1853
1837
1834
1814
1809
1810
1794
1798
1820
1814
1813
1816
1836
1848
1846
1867
1889
1902
1913
1930
1948
1980
1999
2017
2040
2048
2055
2081
2083
2084
2085
2086
2080
2082
2073
2071
2048
2043
2045
2043
2045
2043
2062
2084
2089
2109
2135
2143
2146
2137
2161
2137
2129
2124
2140
2141
2139
2131
2150
2137
2119
2097
2086
2058
2038
2005
1977
1935
1893
1861
1825
1788
1751
1727
1686
1635
1603
1556
1521
1491
1463
1452
1418
1407
1402
1411
1401
1411
1431
1467
1488
1518
1579
1615
1649
1684
1715
1741
1769
1776
1796
1809
1818
1837
1859
1863
1883
1881
1892
1893
1878
1882
1866
1848
1830
1810
1789
1765
1745
1726
1707
1696
1686
1666
1652
1640
1627
1617
1619
1609
1604
1599
1593
1588
1580
1599
1619
1633
1645
1649
1677
1683
1696
1727
1741
1750
1743
1738
1732
1709
1688
1680
1668
1654
1624
1608
1593
1568
1525
1509
1488
1476
1449
1435
1438
1429
1411
1407
1421
1420
1425
1435
1447
1456
1457
1456
1474
1478
1488
1484
1500
1508
1506
1505
1520
1530
1522
1525
1525
1522
1504
1494
1496
1476
1454
1452
1449
1439
1426
1416
1419
1419
1410
1408
1409
1401
1375
1368
1367
1342
1324
1330
1325
1329
1338
1355
1390
1410
1419
1439
1465
1489
1497
1520
1550
1569
1581
1616
1629
1653
1662
1692
1715
1728
1730
1750
1769
1752
1749
1754
1747
1751
1735
1718
1722
1704
1683
1679
1667
1650
1622
1620
1598
1589
1572
1555
1552
1549
1543
1539
1546
1550
1552
1559
1594
1609
1619
1623
1641
1655
1650
1659
1671
1679
1692
1698
1695
1688
1672
1648
1619
1590
1563
1514
1489
1458
1434
1427
1426
1428
1429
1439
1463
1474
1498
1513
1550
1570
1582
1588
1612
1642
1662
1675
1704
1740
1761
1778
1800
1800
1814
1816
1822
1835
1839
1859
1898
1912
1923
1947
1964
1985
1986
1999
2016
2010
2022
2033
2036
2030
2047
2061
2071
2079
2106
2099
2095
2098
2112
2107
2110
2118
2145
2155
2157
2160
2193
2196
2173
2171
2212
2181
2160
2150
2144
2136
2110
2108
2126
2111
2108
2093
2102
2088
2076
2071
2059
2050
2048
2032
2017
2000
1987
1979
1978
1973
1972
1961
1953
1939
1921
1916
1880
1870
1865
1864
1856
1857
1869
1862
1863
1845
1830
1804
1773
1744
1713
1682
1646
1628
1622
1612
1621
1631
1659
1680
1686
1701
1720
1735
1746
1762
1783
1791
1814
1828
1856
1863
1854
1836
1811
1782
1745
1707
1679
1667
1633
1604
1584
1548
1512
1471
1438
1396
1362
1341
1318
1303
1292
1291
1305
1312
1316
1344
1381
1403
1438
1470
1503
1529
1556
1583
1622
1658
1690
1733
1781
1819
1858
1900
1938
1959
1986
2007
2034
2048
2070
2080
2080
2088
2109
2100
2106
2103
2115
2118
2092
2086
2060
2034
2014
1983
1941
1920
1897
1864
1834
1809
1787
1746
1694
1646
1599
1575
1536
1507
1498
1493
1490
1478
1486
1484
1472
1473
1482
1487
1497
1508
1517
1532
1546
1543
1558
1559
1544
1523
1508
1504
1476
1458
1452
1432
1415
1411
1426
1417
1413
1414
1412
1414
1411
1422
1441
1457
1485
1517
1563
1610
1642
1681
1715
1751
1765
1777
1778
1775
1752
1729
1721
1689
1662
1642
1621
1619
1581
1550
1535
1503
1477
1451
1444
1425
1406
1404
1412
1419
1429
1448
1491
1511
1542
1576
1612
1624
1637
1646
1664
1672
1673
1666
1665
1667
1658
1652
1654
1646
1618
1593
1581
1558
1528
1502
1492
1479
1460
1458
1457
1449
1450
1457
1474
1496
1511
1536
1563
1574
1601
1614
1636
1666
1686
1721
1754
1780
1806
1832
1853
1880
1896
1913
1939
1944
1955
1959
1978
1978
1979
1992
1985
1991
2001
1998
2008
1988
1985
1993
1986
1985
1975
1976
1967
1965
1948
1945
1922
1920
1925
1917
1928
1941
1955
1957
1979
1979
1983
1988
1998
2012
2025
2033
2029
2045
2063
2058
2063
2055
2076
2061
2055
2030
2034
2009
1997
1980
1961
1968
1958
1951
1963
1962
1966
1963
1956
1962
1963
1970
1965
1969
1969
1954
1965
1965
1957
1955
1952
1965
1974
1997
2006
2040
2054
2070
2094
2110
2125
2147
2207
2226
2223
2249
2335
2361
2307
2337
2409
2431
2372
2363
2457
2479
2398
2414
2497
2523
2405
2430
2525
2546
2442
2459
2562
2554
2469
2505
2587
2572
2482
2465
2560
2486
2375
2272
2272
2196
2128
2122
2129
2115
2114
2128
2172
2191
2207
2247
2340
2371
2345
2360
2459
2485
2398
2422
2517
2550
2456
2486
2565
2582
2483
2477
2603
2614
2529
2561
2626
2629
2524
2527
2592
2402
2294
2101
2089
2074
2061
2065
2074
2075
2082
2102
2143
2186
2210
2236
2317
2347
2301
2329
2425
2427
2348
2344
2430
2406
2288
2232
2198
2108
2031
1979
1940
1879
1844
1784
1737
1691
1669
1647
1640
1634
1658
1673
1697
1733
1780
1819
1852
1897
1927
1953
1984
2001
2011
2017
2016
2014
1999
1986
1956
1913
1874
1809
1754
1694
1654
1604
1569
1555
1550
1554
1565
1579
1599
1632
1672
1713
1758
1827
1871
1917
1972
2012
2038
2088
2089
2101
2130
2122
2110
2110
2103
2081
2068
2043
2043
2017
2004
1965
1942
1908
1874
1855
1837
1822
1833
1829
1841
1856
1855
1871
1863
1880
1880
1869
1855
1846
1842
1842
1843
1837
1869
1876
1894
1903
1924
1935
1952
1969
1998
2010
2038
2047
2070
2081
2082
2100
2094
2116
2142
2150
2157
2172
2202
2217
2195
2211
2239
2244
2213
2243
2305
2296
2257
2265
2334
2303
2248
2243
2274
2239
2180
2165
2147
2092
2047
2019
2005
1974
1954
1933
1913
1884
1854
1832
1806
1791
1773
1766
1762
1746
1752
1729
1721
1704
1700
1679
1653
1628
1628
1607
1591
1585
1585
1583
1587
1588
1616
1639
1668
1693
1726
1756
1773
1805
1840
1861
1875
1897
1925
1940
1952
1969
1979
1996
1991
2001
2015
2008
2032
2022
2024
2014
2010
1989
1973
1961
1947
1923
1889
1869
1843
1833
1806
1791
1767
1760
1724
1696
1660
1619
1593
1549
1512
1483
1480
1476
1466
1472
1481
1473
1466
1474
1458
1442
1406
1382
1359
1329
1298
1274
1277
1265
1244
1244
1256
1255
1249
1226
1215
1199
1169
1154
1156
1148
1139
1136
1140
1148
1149
1150
1160
1171
1169
1170
1173
1172
1150
1143
1145
1142
1125
1119
1135
1143
1157
1194
1237
1259
1280
1318
1364
1389
1416
1449
1492
1522
1556
1602
1666
1710
1760
1787
1830
1851
1871
1890
1891
1906
1904
1906
1933
1924
1926
1920
1917
1919
1906
1908
1906
1902
1884
1864
1860
1841
1836
1824
1815
1796
1782
1748
1728
1689
1652
1624
1627
1619
1628
1647
1669
1688
1703
1730
1755
1782
1798
1822
1846
1876
1900
1935
1971
2003
2037
2050
2057
2074
2062
2020
1959
1904
1833
1773
1723
1674
1636
1629
1625
1630
1625
1637
1668
1705
1717
1741
1762
1779
1784
1815
1849
1883
1914
1942
1971
1979
1984
1976
1950
1924
1921
1900
1885
1887
1876
1870
1848
1844
1833
1845
1854
1860
1849
1825
1816
1809
1800
1798
1815
1836
1847
1876
1901
1916
1938
1938
1959
1984
2018
2038
2068
2096
2146
2173
2168
2209
2265
2297
2252
2290
2364
2355
2290
2299
2382
2369
2286
2298
2380
2360
2284
2289
2357
2345
2264
2263
2291
2236
2195
2169
2182
2177
2156
2166
2187
2193
2173
2175
2201
2206
2185
2215
2273
2309
2246
2287
2369
2387
2327
2339
2436
2454
2379
2364
2465
2488
2361
2385
2484
2455
2345
2354
2423
2356
2280
2216
2237
2191
2122
2085
2075
2041
2017
1989
1977
1962
1933
1901
1872
1853
1820
1787
1744
1707
1679
1655
1609
1576
1531
1482
1419
1358
1310
1241
1169
1104
1037
974
913
855
814
775
730
706
698
696
683
682
693
710
728
758
800
836
869
906
955
991
1021
1059
1091
1112
1127
1135
1159
1185
1210
1243
1291
1333
1363
1401
1438
1466
1480
1509
1554
1564
1602
1616
1615
1597
1558
1513
1470
1437
1383
1359
1339
1328
1321
1337
1354
1408
1449
1486
1539
1592
1627
1639
1681
1696
1709
1709
1706
1687
1653
1618
1576
1524
1470
1439
1404
1373
1334
1313
1294
1255
1208
1170
1125
1069
1003
944
900
848
795
761
749
726
702
683
677
674
656
655
673
679
688
707
756
790
815
863
917
966
1007
1062
1115
1173
1212
1260
1312
1362
1395
1438
1471
1507
1538
1553
1583
1604
1612
1630
1635
1647
1648
1653
1647
1646
1648
1644
1650
1655
1663
1675
1675
1667
1659
1656
1661
1678
1665
1670
1692
1695
1693
1693
1711
1728
1736
1751
1772
1782
1778
1773
1770
1751
1749
1748
1747
1763
1762
1761
1759
1758
1744
1753
1759
1765
1779
1779
1791
1803
1793
1775
1785
1774
1767
1757
1763
1763
1761
1751
1744
1714
1687
1667
1657
1666
1672
1673
1688
1689
1695
1715
1731
1747
1785
1800
1828
1851
1866
1863
1878
1865
1857
1847
1846
1858
1855
1859
1867
1860
1858
1872
1871
1865
1863
1860
1871
1879
1874
1871
1871
1880
1869
1873
1888
1887
1891
1889
1901
1901
1894
1894
1916
1911
1896
1872
1886
1869
1862
1836
1812
1802
1789
1778
1764
1762
1741
1732
1723
1715
1715
1707
1724
1732
1724
1736
1765
1793
1805
1818
1836
1838
1845
1872
1895
1914
1920
1930
1938
1935
1906
1868
1813
1769
1732
1699
1674
1653
1628
1611
1627
1627
1634
1647
1669
1673
1676
1691
1697
1700
1692
1721
1742
1773
1787
1807
1828
1847
1833
1810
1779
1735
1682
1656
1643
1650
1637
1647
1649
1658
1677
1684
1706
1724
1724
1725
1715
1685
1667
1660
1662
1647
1640
1633
1642
1650
1646
1643
1631
1639
1643
1639
1658
1650
1651
1662
1662
1663
1646
1654
1670
1702
1710
1716
1719
1697
1686
1674
1684
1680
1683
1651
1642
1618
1579
1554
1551
1532
1542
1550
1578
1602
1629
1639
1644
1653
1650
1653
1664
1655
1641
1639
1650
1652
1654
1661
1682
1694
1704
1708
1713
1721
1728
1721
1721
1703
1673
1667
1659
1634
1637
1641
1660
1675
1687
1708
1716
1728
1715
1707
1702
1680
1671
1646
1638
1611
1591
1570
1564
1550
1519
1485
1469
1443
1399
1367
1349
1318
1290
1283
1272
1267
1254
1249
1256
1259
1246
1258
1266
1272
1273
1286
1294
1311
1321
1336
1374
1383
1387
1385
1388
1392
1387
1384
1379
1370
1345
1330
1322
1302
1286
1267
1255
1259
1239
1228
1237
1252
1242
1243
1267
1278
1270
1278
1311
1318
1308
1321
1326
1321
1323
1308
1317
1321
1299
1290
1294
1281
1271
1268
1272
1268
1255
1237
1241
1238
1223
1214
1207
1191
1168
1155
1159
1149
1118
1105
1093
1090
1078
1078
1080
1081
1064
1065
1072
1072
1076
1073
1090
1089
1082
1089
1102
1110
1105
1105
1100
1095
1079
1067
1060
1049
1036
1034
1029
1024
1014
999
1009
986
976
974
978
964
954
954
965
963
964
961
967
974
970
963
964
945
928
925
932
920
904
895
905
902
885
886
894
878
866
861
873
865
852
855
860
863
868
874
878
870
856
862
873
868
879
879
898
897
883
884
891
887
874
871
882
877
870
873
866
850
836
817
818
809
787
779
777
770
752
752
761
752
747
746
742
735
719
717
722
724
727
719
739
735
737
733
743
741
733
728
740
737
726
726
740
734
724
717
719
724
703
702
709
699
695
687
701
700
686
684
687
669
674
677
695
700
694
699
705
708
707
706
716
725
713
707
708
691
684
672
676
673
661
658
659
652
634
629
629
624
613
616
627
626
617
627
637
632
638
649
657
649
636
629
637
640
649
659
674
689
681
686
700
705
693
691
694
695
688
687
693
688
675
679
683
674
667
660
663
659
632
623
616
607
597
597
597
605
594
580
585
569
549
542
537
515
502
499
497
483
466
470
486
486
487
494
515
514
503
508
518
517
515
518
525
534
532
536
552
563
568
568
577
589
587
589
600
586
574
579
583
583
574
576
585
588
584
584
590
589
583
582
597
605
604
607
621
635
635
649
638
326
-8
-9
-8
-5
-6
-7
-8
-5
528
526
-7
-8
-7
-6
-6

