;UFOS3
;Measurement details: channel = S, date = 12.09.2015, time = 13:08:27
Exposure=314
Gain=0
Temperature=34.4
Accummulate=4
2.490111069300623 mu
2.5387357259631895 amas
23.264 hs
0 ozone
154133 uva
14394 uvb
11018 uve
[Value]
-6
290
290
292
293
292
290
292
311
308
376
377
305
308
384
385
314
314
379
398
307
326
421
402
325
324
433
425
334
329
432
406
332
331
411
404
327
326
410
417
327
328
402
408
324
331
430
426
336
334
419
417
322
331
434
426
322
323
425
437
324
337
415
437
332
328
429
404
323
327
396
430
328
338
414
416
320
326
411
412
329
332
437
415
322
329
416
424
328
329
415
428
324
327
419
410
327
325
408
431
331
327
407
421
328
339
434
417
328
331
428
407
328
331
415
427
331
325
409
415
320
327
425
424
324
336
413
401
320
332
422
431
321
329
409
426
319
326
416
415
331
323
427
433
325
335
420
436
327
333
441
431
325
326
424
415
323
329
430
427
326
329
417
414
334
336
422
432
327
328
414
443
326
333
405
430
326
331
423
422
324
332
443
419
331
331
402
409
329
327
416
433
323
334
421
420
330
326
409
425
327
328
412
411
327
328
413
421
325
334
406
411
332
330
425
427
326
326
417
423
326
331
409
430
323
332
419
412
329
332
425
409
331
329
407
422
338
332
430
408
326
324
405
422
325
332
421
415
326
323
420
415
332
329
409
421
328
336
454
415
328
329
426
411
323
324
432
411
322
329
416
407
320
334
418
418
331
320
426
416
329
330
429
421
330
327
433
411
331
324
421
419
323
326
421
410
321
329
424
416
317
324
423
420
329
329
431
427
334
329
415
420
323
329
431
404
338
330
426
409
332
330
425
434
323
324
436
431
334
327
406
418
327
323
423
411
328
325
418
410
320
334
414
431
329
337
416
434
326
337
426
420
332
328
403
411
333
329
410
410
327
331
414
405
328
334
400
420
329
321
429
425
326
331
414
418
328
333
429
422
326
329
413
407
329
331
422
428
330
331
438
411
324
324
416
430
334
336
434
427
327
325
422
433
331
335
431
416
320
338
425
417
333
338
423
430
331
325
417
422
327
332
413
427
330
328
396
420
324
327
421
419
323
325
410
433
323
331
420
418
332
325
429
414
329
326
420
432
325
333
424
448
325
330
415
415
326
336
421
421
328
328
412
410
326
325
428
406
325
324
404
419
329
332
418
411
334
334
413
420
329
323
410
435
318
331
421
425
324
342
423
418
320
336
408
410
331
321
406
424
330
331
421
413
323
329
402
431
321
338
432
434
329
329
415
427
328
329
424
427
326
327
422
430
328
331
418
423
335
329
425
421
330
335
417
415
330
336
424
413
340
329
414
412
329
332
420
437
321
329
411
411
334
331
415
409
326
331
435
418
342
334
428
449
330
335
407
429
333
330
431
424
329
335
420
412
331
330
425
430
329
331
426
436
332
329
420
419
329
335
407
424
328
337
411
434
323
334
420
427
325
337
414
407
335
334
420
429
323
331
436
426
332
332
428
427
337
334
420
413
333
342
439
426
335
330
422
440
341
341
437
407
322
328
412
413
325
329
423
444
328
341
428
425
326
334
409
426
340
338
445
430
333
341
431
427
336
331
426
438
327
338
436
421
328
339
437
435
338
343
427
420
329
339
420
423
327
338
433
433
339
343
439
424
334
339
442
452
342
345
428
415
342
342
428
429
347
348
419
435
345
341
456
438
341
348
430
439
345
353
457
426
351
350
417
444
346
351
442
447
344
346
442
433
347
349
425
426
343
358
446
447
349
361
458
424
347
350
428
437
358
347
443
443
347
354
443
447
356
360
453
450
355
366
451
461
369
377
465
464
380
369
466
468
377
377
460
466
378
376
502
464
380
390
472
474
387
385
475
475
382
390
494
482
392
392
470
468
384
394
501
490
386
398
483
473
384
394
484
486
392
391
494
497
386
388
488
478
388
390
493
489
393
394
468
461
389
393
488
481
394
402
492
475
397
400
489
505
399
400
501
502
398
412
497
499
413
411
503
492
425
415
510
528
432
434
544
525
451
454
547
542
444
453
547
548
460
465
569
558
454
462
539
571
451
462
577
553
458
453
549
558
451
461
552
535
448
456
569
542
454
464
559
551
459
474
560
551
467
466
558
561
479
476
585
565
480
490
575
580
485
499
572
585
500
489
604
573
480
490
589
581
496
494
574
569
486
497
581
599
493
507
584
596
511
513
600
639
527
532
633
629
530
531
635
619
536
529
609
627
519
531
615
626
542
534
627
621
543
550
656
648
556
553
675
657
579
579
704
692
585
588
683
687
589
600
689
682
588
583
647
666
549
559
635
648
545
551
643
637
545
554
650
638
558
560
661
681
590
609
704
723
623
652
733
750
645
663
757
769
682
685
791
802
707
725
799
831
737
753
849
855
760
758
865
871
775
777
880
886
777
772
878
861
752
752
858
827
716
729
806
805
707
710
791
789
709
709
801
826
716
727
828
841
752
783
889
889
812
828
925
962
842
848
962
939
846
835
952
933
826
841
933
911
816
819
890
920
796
790
886
887
793
795
880
898
801
804
910
918
827
835
946
932
854
875
983
973
890
900
1018
1014
912
926
1034
1049
943
936
1051
1038
929
934
1017
1025
915
910
994
1003
880
861
967
937
839
835
916
938
824
817
930
930
824
841
936
938
841
845
952
945
849
858
941
953
854
862
935
941
842
833
954
927
827
816
892
934
793
785
882
854
769
757
847
857
761
762
854
870
757
767
858
887
772
785
866
881
797
809
902
908
817
837
940
937
861
856
959
982
869
879
950
982
890
898
1005
1001
914
933
1021
1026
948
953
1039
1039
947
953
1045
1047
941
952
1030
1034
924
919
1016
1005
912
906
1009
1019
907
895
1010
988
914
922
1038
1052
962
971
1080
1106
1010
1040
1145
1179
1087
1118
1234
1245
1167
1162
1281
1297
1200
1218
1341
1340
1232
1240
1338
1352
1244
1266
1378
1346
1269
1283
1375
1397
1280
1299
1400
1425
1297
1293
1399
1391
1309
1299
1398
1431
1317
1326
1436
1415
1317
1318
1419
1407
1303
1307
1396
1397
1304
1300
1416
1409
1300
1306
1397
1380
1288
1281
1393
1369
1290
1285
1387
1386
1292
1309
1405
1397
1303
1313
1418
1435
1325
1342
1440
1458
1373
1396
1505
1515
1444
1459
1567
1596
1516
1536
1655
1666
1595
1620
1751
1760
1674
1687
1823
1827
1736
1735
1858
1859
1767
1783
1889
1906
1806
1816
1927
1899
1786
1800
1875
1874
1767
1768
1866
1815
1708
1694
1789
1770
1646
1640
1725
1698
1585
1570
1650
1660
1548
1551
1622
1647
1557
1557
1650
1673
1552
1560
1653
1686
1566
1576
1668
1668
1581
1587
1697
1706
1594
1602
1716
1702
1629
1619
1730
1734
1617
1620
1723
1731
1611
1617
1733
1713
1615
1621
1716
1703
1603
1590
1693
1691
1578
1563
1629
1645
1536
1524
1622
1606
1519
1527
1619
1629
1530
1542
1620
1625
1511
1520
1589
1598
1480
1469
1557
1561
1458
1435
1543
1520
1411
1416
1521
1485
1391
1393
1483
1476
1365
1373
1446
1492
1399
1423
1528
1557
1465
1469
1575
1591
1480
1489
1576
1587
1485
1473
1570
1550
1464
1464
1557
1543
1467
1472
1566
1553
1453
1461
1551
1564
1468
1468
1571
1595
1492
1514
1605
1618
1512
1512
1588
1569
1453
1435
1524
1480
1342
1322
1415
1378
1267
1260
1336
1341
1233
1231
1335
1323
1228
1247
1328
1350
1255
1278
1379
1391
1279
1298
1384
1402
1269
1257
1344
1347
1217
1212
1301
1298
1179
1197
1294
1322
1218
1243
1377
1378
1309
1329
1466
1464
1383
1388
1487
1500
1406
1430
1510
1517
1430
1440
1520
1545
1434
1429
1534
1520
1433
1442
1558
1555
1465
1486
1575
1599
1519
1551
1665
1677
1600
1606
1698
1707
1595
1604
1696
1701
1583
1588
1680
1679
1557
1560
1694
1673
1574
1589
1708
1701
1608
1628
1744
1782
1678
1713
1823
1859
1782
1816
1927
1951
1865
1881
1986
1976
1889
1895
2018
2020
1889
1889
1980
2002
1859
1855
1943
1919
1826
1822
1930
1915
1814
1815
1940
1933
1826
1824
1906
1899
1798
1783
1877
1872
1784
1787
1883
1890
1794
1810
1904
1916
1822
1843
1958
1970
1887
1904
1994
2042
1970
1974
2065
2081
2013
2025
2144
2148
2033
2048
2144
2139
2033
2027
2121
2117
2007
2021
2113
2117
2025
2049
2156
2176
2076
2089
2174
2183
2080
2085
2188
2176
2089
2085
2182
2168
2078
2072
2151
2138
2033
2025
2093
2069
1943
1909
1991
1973
1827
1804
1884
1856
1707
1681
1766
1721
1587
1551
1653
1609
1521
1511
1608
1600
1496
1512
1612
1641
1593
1616
1760
1789
1721
1750
1872
1881
1827
1845
1935
1958
1990
1903
2007
2019
1914
1950
2042
2036
1938
1931
2020
1991
1890
1867
1957
1941
1797
1798
1885
1858
1735
1723
1801
1789
1677
1684
1759
1765
1653
1640
1762
1755
1654
1667
1778
1782
1715
1725
1862
1839
1773
1797
1906
1905
1806
1816
1890
1905
1779
1784
1869
1867
1739
1732
1804
1794
1659
1656
1741
1713
1588
1586
1677
1656
1549
1546
1649
1627
1550
1556
1661
1668
1563
1574
1703
1692
1594
1603
1706
1723
1617
1631
1729
1728
1642
1632
1729
1725
1616
1614
1703
1685
1584
1590
1676
1659
1552
1558
1646
1651
1544
1539
1638
1637
1498
1502
1597
1568
1460
1473
1572
1573
1490
1507
1616
1655
1563
1593
1696
1704
1635
1651
1759
1803
1717
1738
1851
1869
1789
1808
1911
1952
1847
1850
1979
1956
1853
1868
1965
1950
1857
1842
1917
1923
1804
1808
1904
1859
1758
1743
1829
1811
1676
1673
1784
1751
1656
1675
1769
1755
1667
1691
1797
1825
1722
1736
1896
1867
1777
1779
1873
1885
1774
1781
1858
1860
1763
1738
1811
1785
1666
1639
1727
1685
1590
1585
1677
1674
1595
1615
1735
1737
1660
1676
1793
1828
1747
1757
1872
1913
1832
1861
1991
2042
1947
1965
2065
2082
2003
2015
2116
2116
2035
2063
2144
2178
2083
2115
2230
2235
2142
2138
2252
2248
2158
2181
2285
2290
2201
2214
2307
2334
2231
2248
2342
2346
2253
2260
2348
2351
2240
2245
2328
2295
2199
2181
2274
2241
2141
2142
2213
2239
2115
2126
2234
2238
2133
2152
2264
2262
2179
2198
2302
2302
2209
2216
2308
2310
2201
2231
2325
2357
2273
2285
2413
2406
2326
2317
2401
2385
2268
2239
2316
2311
2191
2184
2261
2251
2123
2088
2155
2116
1989
1956
2011
1990
1866
1855
1947
1951
1847
1856
1955
2016
1908
1921
2041
2034
1947
1965
2108
2104
2031
2042
2136
2121
2026
2021
2082
2045
1930
1902
1982
1946
1833
1804
1873
1824
1709
1681
1757
1714
1571
1562
1644
1618
1528
1528
1633
1647
1566
1586
1741
1757
1683
1718
1836
1848
1794
1842
1964
1991
1937
1985
2144
2143
2088
2128
2252
2276
2213
2219
2338
2343
2281
2283
2383
2385
2306
2302
2416
2419
2307
2312
2399
2393
2277
2272
2329
2316
2181
2149
2192
2167
2047
2021
2045
2052
1919
1874
1966
1931
1785
1760
1867
1864
1728
1744
1827
1842
1731
1744
1847
1844
1760
1774
1881
1885
1801
1791
1933
1905
1802
1795
1882
1870
1758
1745
1856
1824
1693
1703
1785
1795
1695
1694
1795
1782
1693
1705
1816
1837
1760
1790
1917
1966
1903
1952
2072
2103
2024
2027
2135
2109
2006
1992
2068
2063
1932
1919
1979
1979
1841
1824
1921
1895
1757
1737
1827
1785
1700
1690
1784
1816
1701
1755
1868
1881
1817
1861
1958
1983
1898
1912
2033
2035
1932
1939
2018
2009
1905
1913
2016
1976
1871
1850
1944
1907
1792
1778
1865
1845
1728
1722
1814
1829
1721
1732
1854
1877
1796
1815
1947
1959
1881
1898
2030
2063
1986
2015
2123
2171
2093
2126
2254
2238
2191
2215
2314
2334
2237
2249
2349
2367
2259
2265
2356
2383
2278
2282
2394
2369
2353
2288
2387
2389
2275
2281
2345
2374
2249
2239
2322
2317
2219
2227
2343
2359
2261
2261
2358
2370
2287
2306
2407
2417
2326
2334
2454
2421
2337
2340
2441
2434
2323
2308
2388
2368
2249
2240
2346
2330
2216
2234
2305
2313
2224
2246
2353
2348
2249
2277
2366
2368
2292
2278
2353
2391
2299
2300
2396
2393
2335
2342
2467
2469
2409
2433
2534
2544
2479
2510
2601
2603
2563
2601
2668
2696
2667
2698
2728
2752
2750
2773
2776
2796
2799
2811
2816
2828
2833
2844
2845
2857
2861
2872
2878
2883
2888
2896
2897
2902
2904
2903
2896
2875
2859
2761
2751
2672
2565
2519
2548
2521
2445
2445
2553
2562
2504
2538
2627
2670
2669
2716
2744
2777
2793
2822
2824
2854
2852
2878
2875
2901
2894
2918
2910
2933
2928
2946
2939
2961
2951
2971
2962
2982
2971
2962
2957
2684
2610
2441
2521
2493
2427
2417
2532
2542
2508
2540
2649
2670
2649
2691
2726
2749
2753
2771
2780
2780
2765
2722
2722
2621
2525
2419
2432
2392
2251
2206
2268
2233
2062
2038
2132
2086
2003
1993
2095
2118
2056
2089
2234
2249
2189
2229
2340
2412
2323
2337
2439
2423
2331
2348
2401
2388
2255
2226
2289
2209
2073
2021
2061
2025
1887
1866
1999
1984
1883
1901
2016
2040
1993
2041
2194
2235
2204
2259
2407
2436
2370
2410
2507
2557
2455
2481
2546
2526
2443
2424
2497
2479
2368
2358
2413
2389
2265
2229
2304
2269
2150
2135
2223
2246
2149
2158
2261
2253
2177
2183
2267
2280
2161
2165
2243
2233
2154
2176
2290
2301
2226
2229
2366
2357
2280
2305
2415
2428
2364
2389
2510
2484
2427
2438
2547
2546
2493
2513
2593
2616
2558
2575
2648
2650
2613
2607
2653
2675
2638
2653
2697
2691
2666
2647
2666
2652
2588
2573
2600
2559
2479
2429
2488
2433
2345
2302
2387
2354
2234
2211
2287
2260
2180
2106
2193
2158
2067
2059
2161
2135
2027
2023
2088
2057
1950
1938
2039
2007
1902
1895
2001
1990
1900
1917
2029
2056
1975
2011
2157
2145
2092
2129
2237
2239
2176
2200
2330
2338
2263
2284
2390
2376
2316
2319
2417
2401
2329
2338
2421
2397
2297
2296
2354
2337
2226
2204
2278
2256
2144
2114
2218
2156
2057
2043
2111
2068
1935
1914
1975
1933
1800
1781
1864
1869
1765
1784
1860
1862
1768
1756
1819
1814
1696
1675
1750
1686
1587
1577
1668
1630
1538
1551
1654
1639
1526
1525
1625
1563
1483
1457
1548
1524
1426
1438
1547
1542
1440
1451
1560
1552
1470
1469
1561
1545
1445
1443
1543
1511
1414
1423
1536
1559
1473
1498
1647
1666
1594
1623
1753
1783
1709
1757
1882
1921
1861
1917
2060
2108
2042
2087
2215
2231
2162
2174
2279
2289
2189
2210
2299
2283
2196
2204
2300
2289
2198
2198
2284
2265
2150
2155
2219
2225
2119
2102
2199
2189
2051
2017
2078
2007
1866
1839
1910
1905
1784
1809
1901
1916
1837
1867
2019
2034
1960
1984
2133
2163
2103
2154
2318
2345
2275
2316
2411
2410
2301
2288
2347
2305
2182
2140
2220
2200
2082
2077
2185
2188
2106
2118
2233
2239
2161
2153
2253
2253
2145
2164
2249
2294
2204
2222
2318
2342
2231
2217
2313
2277
2170
2165
2276
2230
2135
2129
2205
2190
2098
2099
2221
2189
2099
2081
2173
2153
2053
2053
2182
2177
2106
2143
2266
2264
2185
2197
2333
2334
2278
2298
2422
2470
2410
2443
2552
2545
2526
2552
2638
2639
2610
2607
2664
2654
2617
2613
2675
2663
2633
2615
2638
2635
2578
2557
2590
2593
2498
2448
2537
2512
2409
2404
2523
2487
2433
2440
2525
2535
2462
2461
2544
2560
2530
2550
2632
2637
2625
2636
2690
2704
2697
2717
2733
2737
2737
2720
2749
2726
2717
2687
2713
2697
2643
2591
2604
2568
2450
2413
2472
2432
2326
2287
2379
2325
2235
2212
2277
2283
2133
2111
2167
2145
2001
1976
2065
2004
1874
1836
1876
1798
1631
1562
1651
1518
1356
1285
1305
1250
1117
1068
1157
1119
988
966
1064
1055
960
969
1087
1100
1023
1044
1174
1177
1091
1105
1209
1227
1130
1155
1279
1269
1206
1246
1363
1437
1381
1441
1606
1667
1614
1662
1810
1850
1765
1804
1919
1942
1853
1879
1990
2002
1897
1903
2038
2065
1968
1994
2098
2103
2011
2029
2139
2118
2025
2032
2118
2124
2015
2006
2121
2114
1992
1983
2070
2037
1918
1887
1975
1913
1792
1747
1833
1779
1644
1611
1695
1638
1487
1433
1487
1456
1266
1211
1254
1209
1060
1046
1120
1089
987
971
1053
1044
947
949
1056
1075
985
1005
1137
1168
1090
1142
1282
1328
1276
1331
1487
1529
1451
1501
1631
1670
1607
1640
1773
1800
1728
1750
1878
1883
1810
1838
1957
1960
1876
1898
2006
1997
1894
1918
2000
2025
1920
1922
2018
2019
1935
1939
2037
2040
1964
1967
2078
2110
1986
1999
2099
2107
2007
2014
2124
2128
2011
2006
2090
2051
1937
1909
2013
1994
1918
1932
2026
2027
1936
1942
2052
2071
1987
1996
2127
2115
2011
2011
2117
2078
1990
2004
2096
2055
1987
1979
2081
2066
1956
1963
2094
2041
1962
1959
2050
2063
1987
1990
2107
2110
2031
2050
2168
2174
2067
2088
2193
2165
2073
2067
2189
2168
2091
2074
2199
2172
2076
2080
2159
2147
2067
2081
2190
2180
2078
2089
2211
2175
2079
2096
2193
2194
2097
2115
2212
2232
2108
2123
2193
2214
2095
2087
2214
2155
2052
2053
2146
2089
1987
1953
2029
2020
1893
1897
1998
1973
1855
1851
1997
1991
1891
1928
2054
2089
2001
2012
2151
2120
2071
2085
2193
2211
2133
2123
2243
2222
2093
2046
2103
2019
1871
1823
1915
1904
1804
1803
1937
1930
1833
1849
1969
1983
1890
1906
2015
2004
1914
1925
2065
2088
1983
2019
2156
2150
2075
2066
2139
2133
2026
2014
2089
2073
1965
1965
2044
2030
1937
1950
2049
2073
1959
1952
2054
1996
1864
1844
1935
1933
1824
1816
1911
1923
1805
1793
1897
1887
1807
1822
1943
1930
1857
1853
1976
1972
1874
1889
2014
2019
1911
1923
2039
2019
1902
1927
2031
2032
1924
1901
1998
1947
1859
1828
1926
1885
1782
1790
1880
1895
1817
1817
1934
1937
1834
1859
1958
1951
1873
1881
2002
1997
1906
1927
2058
2039
1943
1953
2068
2064
1970
1965
2093
2045
1956
1966
2068
2058
1966
1979
2087
2073
1979
1986
2077
2064
1954
1948
2029
2007
1882
1871
1941
1961
1817
1809
1899
1874
1756
1716
1776
1744
1611
1582
1633
1592
1471
1462
1527
1525
1390
1363
1461
1437
1342
1353
1473
1465
1379
1402
1533
1536
1455
1506
1645
1654
1586
1611
1734
1715
1656
1663
1768
1769
1674
1664
1774
1774
1666
1675
1779
1787
1677
1665
1769
1785
1659
1649
1756
1740
1637
1615
1743
1726
1603
1594
1688
1680
1555
1561
1666
1636
1530
1528
1641
1605
1526
1530
1619
1631
1517
1493
1591
1567
1467
1461
1561
1521
1408
1390
1488
1471
1376
1364
1462
1436
1341
1333
1474
1433
1336
1324
1419
1420
1335
1346
1446
1464
1355
1361
1484
1483
1374
1373
1463
1447
1339
1333
1444
1414
1308
1294
1407
1397
1277
1274
1383
1366
1256
1242
1355
1336
1224
1211
1322
1330
1229
1242
1345
1329
1205
1222
1319
1309
1197
1204
1323
1314
1185
1186
1288
1276
1172
1171
1281
1258
1161
1163
1265
1241
1149
1150
1265
1242
1149
1162
1288
1272
1173
1181
1287
1258
1183
1187
1271
1310
1168
1176
1277
1257
1165
1159
1271
1248
1148
1155
1260
1228
1116
1112
1212
1179
1087
1072
1175
1161
1051
1055
1163
1149
1039
1035
1186
1128
1016
1014
1119
1098
1009
1014
1119
1104
998
1014
1128
1113
1019
1021
1119
1115
1012
1020
1122
1135
1019
1014
1115
1094
995
995
1082
1074
995
984
1097
1086
986
987
1102
1085
977
987
1096
1081
994
994
1109
1093
992
1003
1114
1094
982
951
1047
1023
953
965
1055
1032
947
953
1056
1054
926
926
1020
1010
905
912
996
1004
921
929
1023
1035
927
939
1051
1040
944
928
1027
1014
900
910
1037
1021
916
902
1014
1004
878
868
992
931
850
846
967
930
841
845
986
968
874
882
1011
1016
897
903
1011
1000
891
897
1006
1000
903
897
994
1026
897
899
1007
996
895
885
987
975
864
854
951
953
839
849
947
948
854
848
978
950
865
874
979
975
884
894
1018
1035
943
968
1088
757
289
291
291
289
290
292
290
293
859
874
289
290
291
-6
-6

