;UFOS3
;Measurement details: channel = D, date = 12.09.2015, time = 13:12:40
Exposure=360
Gain=0
Temperature=34.3
Accummulate=4
2.5330865512214844 mu
2.5848323078314945 amas
22.83 hs
0 ozone
31060 uva
12797 uvb
10535 uve
[Value]
-11
285
285
286
286
286
286
284
310
306
386
383
303
304
394
392
316
310
389
411
305
319
418
399
314
310
427
421
321
319
430
401
321
318
405
398
315
314
408
415
312
314
398
403
311
319
430
427
325
324
416
416
309
320
431
426
307
310
422
429
311
325
413
431
320
315
424
403
313
316
394
428
316
327
410
414
306
316
405
410
316
318
436
413
309
313
411
422
314
317
413
424
309
315
418
406
312
312
403
428
319
315
406
418
315
326
429
414
313
320
428
404
317
319
412
421
317
313
404
415
305
314
420
422
309
324
409
400
306
322
419
431
307
317
408
422
305
315
412
409
316
308
425
430
313
320
416
432
311
320
442
429
310
313
420
411
311
315
426
426
312
318
417
410
321
327
423
428
311
317
412
438
315
321
406
432
312
316
424
416
310
321
436
416
320
320
396
402
316
313
413
427
310
321
419
420
318
314
409
420
313
317
408
412
312
315
408
419
310
321
408
409
316
319
424
422
313
310
413
419
311
318
405
429
310
318
419
411
318
321
425
409
318
320
405
421
325
320
427
406
311
310
399
421
309
317
421
415
314
312
417
408
319
316
407
420
316
323
445
410
313
318
425
406
313
310
433
408
309
316
409
403
304
321
416
417
318
304
423
414
313
319
430
415
319
314
434
408
318
312
421
413
309
314
418
409
306
316
420
412
301
310
418
414
315
315
428
425
322
319
415
419
309
315
431
398
326
319
429
407
316
316
423
434
308
314
435
427
321
315
405
415
314
311
419
411
315
311
415
406
308
323
410
430
316
325
414
433
314
326
425
418
317
314
397
410
318
317
408
407
312
323
411
402
310
321
398
414
315
306
427
422
314
319
409
409
314
323
428
421
310
316
408
406
314
318
422
425
315
321
438
409
312
310
415
428
320
321
431
427
316
311
418
427
321
324
429
414
307
326
424
414
317
327
421
428
320
313
413
419
310
320
410
426
316
311
389
420
308
316
422
414
308
312
407
430
310
317
417
415
316
313
428
412
312
310
418
433
310
322
420
447
312
316
410
410
312
325
419
419
315
314
410
406
309
310
427
403
312
309
402
415
316
319
414
409
321
322
410
414
316
311
408
431
302
320
420
423
307
331
426
419
307
325
406
407
315
310
405
421
316
316
419
411
310
314
395
429
306
322
428
432
314
314
414
419
317
316
420
420
311
313
416
425
314
317
416
423
319
314
422
418
315
320
414
410
313
319
421
410
325
316
411
407
316
320
417
432
308
316
408
404
318
315
411
404
313
313
431
412
327
321
424
441
312
319
405
428
318
317
427
418
314
320
421
406
316
316
421
428
314
313
425
428
315
315
413
414
313
320
404
420
312
322
406
427
306
317
418
425
307
319
412
398
322
321
417
427
304
315
431
423
317
316
423
421
320
320
420
408
315
327
438
421
320
315
416
429
326
325
433
402
305
311
406
405
310
315
417
438
312
328
420
421
309
318
400
421
323
321
440
424
316
322
423
417
315
310
421
429
305
318
426
414
307
319
425
427
319
325
417
410
305
317
410
414
304
320
421
423
316
321
426
413
313
317
430
439
321
322
416
401
318
317
415
417
321
323
401
422
316
314
436
422
310
321
410
417
314
323
437
404
317
317
393
422
310
322
422
424
311
313
421
411
315
315
403
403
310
324
427
424
314
327
436
396
311
317
401
411
321
309
415
412
307
312
413
413
311
318
417
413
311
318
411
422
318
324
419
418
324
313
417
414
316
314
406
413
317
312
448
407
314
323
414
415
322
319
418
416
313
320
427
422
320
322
406
406
311
323
433
426
307
323
417
408
309
320
419
416
311
315
428
431
309
313
424
415
318
317
426
425
313
317
401
394
309
312
420
409
311
321
419
401
313
315
414
429
315
313
421
428
310
323
414
417
321
314
409
400
323
307
409
429
315
314
432
405
323
322
420
412
306
313
415
416
318
319
432
425
310
315
398
432
309
319
443
424
316
312
418
428
314
322
425
406
308
313
438
409
313
324
427
415
315
325
419
415
318
315
417
411
324
316
435
409
315
320
414
416
309
326
409
420
325
317
438
414
308
319
427
418
323
322
412
408
308
320
408
425
308
319
404
409
318
314
404
435
318
320
429
420
312
314
431
414
324
316
408
419
306
315
412
421
325
316
414
405
319
321
431
419
316
308
429
409
317
309
440
419
305
316
417
418
315
326
428
424
329
325
401
425
301
321
405
420
316
318
424
415
314
320
426
406
311
309
408
426
314
327
423
425
313
355
419
424
309
315
411
410
309
307
415
414
310
316
391
416
312
319
422
422
319
311
420
422
315
315
418
425
316
315
429
423
316
322
443
424
311
325
413
417
314
319
409
404
324
318
414
439
311
316
412
419
309
329
426
415
308
315
416
441
309
311
429
408
313
308
429
410
308
324
428
411
316
321
408
439
312
316
409
418
317
322
414
426
313
312
413
415
316
317
419
402
310
323
428
415
312
314
429
418
310
312
423
434
318
311
426
417
304
318
410
420
313
315
419
427
318
312
428
409
309
312
404
432
318
314
430
432
308
329
420
416
316
314
418
416
311
323
412
417
317
327
401
408
309
309
432
417
314
317
406
446
314
317
429
402
321
315
416
424
320
323
417
428
307
323
414
440
311
322
400
410
312
321
418
411
309
316
415
409
320
311
411
430
307
314
386
417
311
317
419
410
311
323
417
410
319
316
406
403
308
318
414
416
312
326
415
422
316
315
422
412
318
311
420
435
316
306
431
404
319
317
424
429
320
317
413
419
313
317
411
422
316
327
427
425
325
307
417
421
308
314
429
429
313
316
415
429
309
328
433
402
317
320
411
431
309
322
417
439
315
316
418
417
316
317
407
434
317
319
428
411
311
317
424
414
309
316
412
416
315
317
436
429
312
323
418
406
311
311
424
406
316
317
415
416
316
323
424
412
316
322
425
434
318
322
420
419
312
325
416
409
315
313
409
428
316
320
428
414
315
313
432
423
309
313
429
421
313
310
428
421
312
328
414
430
312
323
447
420
310
330
410
417
315
320
432
401
308
314
439
423
320
317
425
413
314
318
408
421
312
319
388
411
312
316
417
429
312
325
418
439
308
310
406
401
312
312
430
429
314
315
429
417
334
319
425
426
310
311
411
429
312
323
432
412
317
327
433
412
311
308
426
424
317
321
399
428
322
313
424
413
310
324
413
416
312
325
409
423
308
323
415
424
309
312
409
424
323
312
426
416
307
321
433
408
320
320
434
422
315
323
388
429
316
323
418
431
317
317
413
420
310
316
409
418
319
318
424
408
316
321
421
404
320
327
424
415
310
323
405
421
323
318
411
425
320
328
424
416
315
312
399
409
315
323
441
432
314
322
433
414
311
315
412
424
313
316
426
418
313
325
404
421
315
322
417
428
308
325
412
439
314
316
419
428
311
323
430
429
310
324
422
432
309
312
437
411
315
318
434
417
315
317
410
419
312
324
402
412
314
318
404
433
322
322
423
405
311
321
428
419
316
321
407
417
309
326
411
417
320
325
411
415
306
318
413
434
311
317
427
425
310
313
445
422
313
315
439
414
309
318
428
442
312
320
410
424
313
318
416
423
316
322
420
403
314
314
433
438
316
322
420
445
313
318
423
409
314
329
436
417
313
312
437
428
312
313
410
411
314
316
421
410
319
322
421
429
315
316
417
419
306
314
420
428
316
319
403
423
322
315
400
399
314
318
429
435
305
321
420
417
314
314
420
422
314
323
421
410
306
321
424
424
314
316
405
421
306
313
427
427
320
316
422
403
310
319
415
407
310
323
412
419
314
315
430
431
312
322
426
422
311
321
434
424
313
316
427
408
328
323
432
429
312
314
408
413
321
312
428
421
310
316
415
397
322
322
413
424
429
330
427
431
304
330
423
423
318
324
422
407
309
313
422
426
305
315
421
424
315
322
418
419
316
330
415
424
318
316
429
427
311
317
424
417
318
315
440
402
320
322
423
421
313
331
416
439
309
327
425
431
308
321
415
425
311
322
437
423
312
319
425
418
317
312
431
415
319
320
422
422
311
315
434
430
318
313
414
422
316
314
420
421
324
318
415
417
315
317
425
413
316
322
422
415
313
315
421
430
319
317
431
432
308
319
428
411
311
323
417
410
309
318
411
426
319
328
415
412
308
313
404
430
308
320
428
422
318
311
413
431
317
313
438
411
309
316
420
415
323
315
404
425
309
327
440
409
317
318
429
437
309
316
444
417
318
329
433
412
310
322
424
428
304
313
456
423
315
313
411
425
309
319
410
420
324
319
411
417
317
316
417
409
315
318
408
403
313
321
424
415
310
312
419
429
321
315
413
422
316
317
416
434
310
323
415
407
318
316
416
408
313
322
399
421
308
319
433
427
313
313
424
408
316
327
430
424
320
317
414
431
312
326
423
416
314
323
421
418
313
320
423
406
320
317
430
417
320
319
398
424
312
318
423
428
311
309
428
407
311
317
435
424
316
315
423
423
309
321
403
424
319
315
424
410
321
321
422
430
316
309
408
424
314
311
414
425
313
318
422
421
314
320
416
422
325
323
430
439
317
321
415
450
321
313
420
410
308
313
438
424
329
327
419
417
309
320
425
397
317
321
425
414
323
319
422
402
315
322
433
422
306
311
419
397
313
315
422
416
315
321
437
422
311
312
415
398
312
321
417
410
312
321
455
416
315
315
412
406
314
311
422
403
311
318
430
417
318
314
432
440
314
324
431
419
317
324
422
433
312
323
408
405
312
314
382
416
322
313
443
437
317
317
432
434
306
323
425
424
313
315
426
420
310
318
430
419
316
316
449
419
309
316
421
419
316
324
450
425
307
319
416
416
308
325
422
411
310
316
418
418
320
317
409
418
310
323
419
424
314
313
419
410
311
318
416
430
314
321
413
428
315
318
437
435
318
319
431
408
325
317
419
440
313
329
424
412
319
330
411
414
313
314
430
417
312
326
418
415
305
319
433
422
320
320
430
423
314
321
436
424
319
321
415
428
307
308
426
426
317
325
429
431
324
316
425
424
325
321
412
433
312
326
431
401
317
334
420
423
308
316
416
428
310
313
415
434
315
313
447
421
407
327
440
426
314
315
400
441
308
320
421
413
311
321
429
434
308
313
413
421
312
317
430
422
307
310
446
412
309
315
426
431
316
316
432
415
312
310
438
435
312
330
427
417
304
324
433
421
308
315
410
408
322
323
399
431
323
321
414
419
315
311
443
425
323
317
435
422
314
332
431
399
307
329
429
427
304
316
423
443
315
325
443
408
309
323
418
397
312
322
441
411
313
322
388
409
308
319
423
421
314
312
410
408
315
319
432
449
307
321
409
398
308
326
436
427
317
319
399
413
323
318
435
425
310
329
419
403
316
316
412
426
307
318
427
408
312
317
427
433
313
310
422
416
313
317
430
428
320
325
435
415
323
318
427
411
323
324
434
414
303
319
424
422
320
324
434
408
320
318
440
405
314
311
405
414
306
314
431
442
304
314
446
412
324
320
425
414
312
316
433
415
306
318
406
433
319
319
428
414
307
323
406
414
311
318
434
411
319
332
417
435
309
313
450
434
315
318
419
408
313
324
419
419
311
316
429
418
314
320
409
441
316
320
428
407
315
315
425
429
308
319
430
424
313
316
426
416
309
317
400
420
330
327
432
414
328
333
417
430
319
317
412
404
314
326
431
414
308
318
434
411
307
320
426
417
309
316
444
400
313
322
436
422
314
314
415
424
309
315
448
434
317
314
401
425
306
321
449
413
312
320
416
411
310
319
420
405
315
320
430
405
320
321
444
420
317
316
430
432
357
314
422
400
312
311
430
413
315
321
423
399
310
317
430
422
310
315
437
413
312
319
421
422
316
319
438
404
319
323
416
406
313
309
422
421
317
321
429
398
319
319
424
397
310
327
421
411
313
322
416
419
318
315
423
422
317
308
448
403
320
326
423
410
310
320
438
415
316
312
413
420
307
325
414
414
323
316
401
406
316
319
417
383
311
318
432
396
314
319
430
414
308
320
438
398
323
315
419
400
313
320
431
423
311
320
428
405
309
318
416
407
311
314
431
404
316
322
425
429
313
313
442
432
328
319
418
414
311
316
416
415
317
318
433
421
310
316
417
405
315
326
421
417
310
325
425
403
310
322
426
413
322
317
423
415
315
319
407
417
316
318
427
429
313
316
434
411
312
311
423
425
309
326
412
420
312
318
446
414
317
311
423
416
308
314
439
431
316
328
417
415
310
326
429
413
328
321
426
430
315
312
430
418
317
324
434
416
328
324
434
431
317
309
405
428
318
321
420
429
314
323
438
419
310
320
447
411
312
325
428
409
312
317
439
406
325
315
433
410
315
310
442
420
312
317
436
417
314
313
437
406
316
318
412
434
323
328
437
398
315
312
431
405
318
320
428
417
307
312
452
417
323
326
412
420
317
315
402
437
319
308
448
427
307
321
451
408
315
316
420
432
320
317
419
402
322
316
427
411
316
317
416
410
313
314
425
398
325
319
431
421
319
314
430
436
319
314
411
437
310
316
432
411
317
316
429
401
318
326
422
438
310
325
413
423
316
322
444
410
317
323
423
419
311
319
462
412
319
325
415
418
330
315
446
437
320
322
432
424
321
326
433
434
319
320
438
419
309
317
417
413
307
320
426
399
314
324
407
435
314
314
418
424
311
308
425
431
314
322
420
422
313
319
423
435
320
320
436
438
313
327
424
412
315
318
439
421
322
323
418
425
309
310
431
432
318
321
432
424
322
324
435
421
322
316
441
423
315
322
447
435
323
319
434
456
319
318
419
425
314
326
433
417
324
323
422
417
318
320
430
433
325
321
430
428
310
314
422
419
316
317
428
425
312
323
423
415
314
317
429
429
326
309
425
408
312
324
430
413
314
324
434
419
311
324
416
429
311
318
416
420
324
321
427
420
324
325
429
446
316
319
416
434
312
317
431
430
311
313
423
418
315
317
431
413
312
320
418
420
318
322
423
425
320
315
437
422
318
316
448
417
323
324
434
401
324
331
435
428
311
320
454
403
318
314
411
419
324
325
436
415
313
319
423
427
309
328
436
418
318
327
443
416
325
313
440
418
314
330
427
400
318
331
444
416
314
325
454
421
317
335
416
420
317
328
438
439
312
326
397
440
315
316
466
400
319
334
444
404
319
311
419
433
311
321
446
435
321
320
453
431
309
323
430
436
325
314
449
398
323
318
421
426
328
325
447
434
317
314
438
422
321
314
435
429
318
317
446
427
320
320
428
415
316
312
429
421
310
312
436
429
310
320
444
415
330
322
414
417
315
318
425
420
310
326
422
412
312
317
417
438
314
318
452
432
319
321
434
430
315
320
423
433
315
324
431
417
328
324
438
414
315
313
434
420
317
316
436
426
314
327
443
431
313
320
442
432
321
317
431
407
322
312
432
403
315
316
421
422
317
319
438
429
314
330
432
410
326
316
435
421
310
321
448
422
314
319
425
422
323
319
460
406
313
317
425
420
321
329
445
410
314
324
427
429
318
322
431
426
320
324
414
446
315
319
431
418
326
325
426
419
308
325
422
417
316
322
423
439
315
313
428
411
313
320
440
411
314
323
430
410
308
320
433
411
310
324
425
410
321
321
420
422
319
314
432
435
315
316
425
435
314
315
422
449
323
319
433
426
319
313
448
438
320
325
431
429
310
319
438
417
315
318
436
410
322
329
419
446
331
316
426
411
318
320
436
423
323
311
427
420
326
324
432
407
316
313
458
419
316
315
414
412
311
321
418
427
321
313
438
426
314
320
424
426
314
319
449
433
326
321
445
432
313
314
427
427
326
319
444
432
320
316
430
424
317
328
448
436
309
322
433
435
317
322
448
438
315
323
436
428
323
329
443
412
316
314
424
406
312
318
441
407
311
325
453
431
321
323
433
410
317
322
414
460
314
323
440
417
325
317
438
416
316
321
449
422
314
321
438
413
327
320
429
426
310
325
431
428
314
319
480
429
314
317
422
405
315
321
435
422
309
314
429
420
316
326
431
424
321
324
429
437
322
318
434
419
314
322
419
418
328
325
438
415
317
319
440
428
308
315
431
415
324
319
444
425
312
312
438
430
325
310
423
397
324
328
428
402
317
322
446
444
320
332
435
430
314
324
402
416
319
324
420
431
314
316
431
420
316
320
436
434
316
329
451
423
321
310
434
429
317
321
456
412
320
316
447
410
321
316
456
429
319
310
433
437
310
323
429
432
320
319
439
429
325
324
421
457
318
322
432
425
315
318
429
429
323
318
416
422
313
314
424
425
322
315
446
416
317
325
430
422
316
309
427
432
321
318
434
427
285
287
286
287
285
286
286
288
310
321
287
286
287
-11
-11

