;UFOS3
;Measurement details: channel = D, date = 12.09.2015, time = 13:18:41
Exposure=332
Gain=0
Temperature=34.3
Accummulate=4
2.598224897539493 mu
2.6549423810818533 amas
22.201 hs
0 ozone
30993 uva
12783 uvb
10528 uve
[Value]
-5
291
291
291
290
292
292
292
313
310
381
381
309
309
390
390
318
316
389
406
308
321
415
396
315
314
426
420
324
322
424
401
324
320
405
396
319
315
406
412
316
317
397
401
316
319
427
422
328
328
413
410
313
322
428
421
311
314
415
428
315
328
408
429
324
320
421
400
317
321
391
422
318
327
405
409
311
320
404
405
319
323
433
410
311
319
408
419
317
323
410
420
313
318
413
403
319
315
402
426
321
319
402
413
317
330
428
410
316
320
423
398
319
323
406
420
322
315
400
409
311
317
418
417
313
324
408
394
310
324
418
425
312
318
404
420
310
319
407
406
320
312
421
427
316
324
412
430
317
321
434
425
312
317
414
410
312
320
422
421
315
319
412
407
324
327
417
428
316
320
411
437
314
324
402
424
315
320
416
415
311
323
439
414
322
321
394
399
320
316
408
424
315
326
415
417
321
316
404
417
316
318
404
407
318
317
403
414
314
324
400
402
321
321
419
416
318
317
412
415
315
321
402
423
312
322
414
409
320
323
420
405
321
322
401
417
330
320
426
400
318
314
398
416
313
320
417
412
316
314
415
407
323
320
403
414
319
323
445
409
318
320
421
401
317
314
428
404
312
319
409
400
309
322
409
411
320
309
418
409
320
324
422
415
319
318
430
406
322
313
416
410
314
318
411
404
312
318
417
410
307
314
414
412
316
319
427
419
325
321
412
415
313
317
427
395
330
322
421
406
321
319
421
429
311
315
431
422
322
319
400
411
316
313
418
407
316
314
411
404
312
325
406
424
318
328
410
430
313
327
419
415
320
316
395
404
321
319
401
403
316
324
409
400
315
323
396
413
317
311
420
421
319
323
407
409
317
323
422
417
314
319
405
401
318
321
417
424
318
323
433
407
315
315
407
425
323
327
427
421
322
314
415
427
323
325
424
407
310
327
418
410
321
327
416
423
323
316
411
417
315
321
408
422
319
315
387
416
313
320
413
412
311
315
405
426
313
321
412
411
321
315
424
408
314
316
415
426
315
324
421
442
314
318
408
408
317
325
415
417
318
316
406
402
313
315
422
398
316
315
397
410
319
325
414
406
323
325
405
413
319
314
404
427
307
324
414
419
312
334
418
411
311
326
403
405
320
312
400
417
319
320
415
406
314
318
392
425
309
325
426
427
318
318
411
419
321
316
417
416
314
318
415
424
316
320
410
420
322
318
418
411
318
323
410
407
319
323
414
404
329
319
402
403
319
322
414
427
310
320
406
402
321
321
405
402
317
318
427
411
331
323
421
439
315
325
398
425
322
319
423
415
317
325
413
404
318
316
417
423
319
318
417
424
318
319
411
410
319
323
397
414
314
325
403
423
310
320
411
414
310
324
406
396
324
321
416
417
308
320
427
417
320
319
415
418
323
321
416
405
317
327
431
415
325
317
412
428
328
328
426
399
306
315
402
403
313
316
414
436
314
330
415
413
313
319
397
414
324
323
432
421
320
325
418
413
319
314
418
423
310
322
421
408
312
322
423
425
319
326
412
405
311
320
405
411
309
322
418
421
319
324
422
407
315
320
424
436
323
327
409
398
322
320
410
408
324
325
398
418
322
319
432
416
315
320
406
413
317
323
433
400
321
320
391
416
314
324
418
419
316
318
414
410
317
318
400
399
312
328
420
420
318
327
430
396
312
318
397
405
324
314
412
411
312
316
407
410
315
323
412
407
313
321
408
417
322
324
415
415
327
316
413
411
321
318
402
410
318
316
444
403
316
325
412
411
324
324
412
413
317
327
430
418
322
323
403
399
314
323
431
422
313
328
412
404
314
322
412
413
317
318
421
425
314
317
418
411
319
322
424
420
321
321
398
389
314
315
414
405
314
323
415
399
316
320
409
425
319
317
418
423
312
325
408
412
323
320
405
398
325
312
406
424
320
319
423
402
323
326
417
410
311
315
411
412
321
321
430
418
313
320
395
429
314
322
439
422
318
315
413
422
317
325
416
402
312
320
438
406
314
325
422
414
319
327
415
409
320
319
411
405
326
322
429
405
319
325
409
411
315
326
405
418
328
320
435
409
310
324
421
412
327
325
408
405
313
323
406
422
314
325
400
406
320
314
402
434
321
321
424
414
316
319
426
411
327
320
405
417
310
318
408
416
328
320
411
400
322
324
427
412
323
312
422
406
320
314
434
415
308
317
409
410
319
328
424
420
331
328
398
422
306
324
400
418
318
323
417
411
317
322
418
402
314
314
406
422
317
331
420
421
318
354
413
421
309
316
407
408
314
312
409
410
313
322
389
413
313
321
413
415
320
311
415
417
317
319
411
423
319
320
424
416
318
323
439
417
313
331
409
414
316
324
405
402
326
322
409
432
314
321
408
415
312
329
422
411
313
321
407
439
313
314
424
403
319
311
424
406
312
326
421
409
320
322
404
432
317
317
404
414
319
325
409
421
318
314
409
409
318
319
418
401
314
324
422
408
317
317
426
415
313
316
416
430
321
315
422
413
308
319
405
415
318
317
411
425
321
318
424
408
313
317
399
428
321
317
426
429
313
328
416
410
320
317
412
413
316
327
405
415
322
329
396
405
313
312
427
414
317
319
403
448
319
318
425
397
324
320
409
422
323
325
412
424
313
322
409
437
314
326
397
406
315
323
413
408
313
320
413
406
323
316
408
427
310
319
385
410
315
319
413
404
315
325
413
406
320
319
403
397
313
321
412
412
314
329
411
417
320
318
417
407
323
315
416
430
319
312
427
396
324
320
421
424
322
320
409
417
316
321
406
420
317
329
418
420
328
312
417
420
313
320
423
421
318
319
410
422
312
329
430
396
318
321
409
427
315
321
414
438
319
320
411
412
318
320
400
429
323
320
427
405
316
321
419
411
313
319
408
412
318
319
431
425
316
326
415
403
313
313
418
403
321
319
411
411
318
326
420
411
319
327
421
431
319
324
416
414
314
325
414
409
319
316
404
425
321
324
422
411
321
316
430
413
313
317
422
418
316
314
420
418
316
329
410
429
315
325
441
416
311
333
407
412
316
322
424
398
313
316
431
418
322
319
420
414
315
321
403
418
318
320
386
407
319
318
412
428
313
325
412
433
312
314
405
396
314
314
424
424
316
320
425
414
336
319
417
421
312
316
408
424
315
328
427
411
320
326
423
408
313
314
419
417
320
323
396
423
325
315
419
408
315
325
408
410
317
328
406
417
313
327
408
421
315
317
405
419
323
315
419
409
311
326
428
408
321
324
430
421
316
326
386
424
320
330
413
431
321
321
409
419
312
317
403
416
322
321
420
405
320
324
416
405
323
330
419
411
314
325
403
418
322
320
408
419
321
328
416
413
316
315
394
407
319
325
434
427
316
325
429
408
316
318
407
418
317
320
420
413
317
329
401
418
317
327
413
423
315
329
409
438
317
320
414
427
316
327
426
426
316
327
414
427
311
317
433
409
320
321
427
413
317
320
406
411
318
327
400
408
320
322
399
429
325
322
417
402
316
324
423
416
318
325
404
415
313
327
411
413
324
329
406
415
309
319
410
429
314
319
424
421
313
318
437
420
318
318
433
411
313
322
421
437
314
324
405
422
317
320
412
418
319
326
416
398
315
319
428
435
321
326
414
438
317
319
415
405
317
332
430
415
314
315
430
425
316
314
405
407
318
319
415
405
321
326
414
423
319
320
410
413
311
321
414
419
320
321
400
417
326
318
397
396
319
320
423
428
309
321
417
413
316
316
416
417
316
326
417
406
308
321
412
419
315
318
399
415
311
318
422
420
322
320
417
402
314
321
407
404
314
323
409
414
317
318
421
427
316
325
419
417
314
327
427
418
318
315
421
404
331
327
426
424
316
319
406
409
324
317
419
414
313
319
411
396
325
327
410
418
431
328
419
424
309
332
421
418
323
326
415
403
313
316
419
419
309
317
417
417
315
324
413
415
320
332
410
419
320
319
425
422
314
321
419
413
322
319
433
395
323
322
416
413
318
331
412
432
313
329
420
427
313
324
409
422
315
325
432
418
315
321
420
416
320
314
426
409
322
323
417
415
314
318
425
423
321
318
410
419
319
317
413
417
327
322
408
412
318
322
422
412
320
325
417
410
317
320
415
425
318
321
423
425
309
323
420
407
315
326
411
405
313
322
406
419
323
330
406
406
311
315
403
422
312
324
420
417
320
318
409
429
319
314
429
404
313
322
413
414
326
317
398
420
312
331
432
405
321
322
423
428
313
321
435
413
321
333
427
409
315
325
420
421
308
316
450
418
319
317
407
419
313
320
408
413
328
322
408
414
323
317
413
403
318
321
404
398
316
326
419
410
315
317
415
425
326
318
410
418
318
320
410
432
314
327
410
409
321
319
411
405
318
323
395
420
311
321
427
423
314
319
414
406
318
328
425
416
321
321
412
428
315
326
418
413
317
327
413
413
316
325
417
401
323
321
428
412
324
324
396
420
315
318
419
426
315
314
420
402
316
320
430
419
321
320
418
416
313
324
402
423
321
317
421
407
324
325
416
426
317
315
404
423
317
314
409
422
318
320
414
415
321
325
414
418
326
326
423
435
321
323
409
445
323
316
415
406
312
317
433
419
331
328
415
412
310
324
420
392
320
323
421
409
326
322
419
398
318
326
428
419
309
314
411
391
316
316
419
412
319
320
433
416
316
317
410
395
315
324
413
407
316
325
452
411
318
320
406
401
316
316
417
399
317
321
424
414
320
317
428
437
320
327
426
414
321
329
416
426
314
324
401
403
314
317
382
412
326
317
437
437
320
319
428
435
312
323
419
419
316
318
421
416
317
320
426
417
321
319
441
413
315
320
415
417
318
325
444
420
311
323
409
410
312
327
419
407
313
322
415
410
324
319
403
417
311
326
412
418
318
316
416
408
317
322
413
429
319
321
408
424
316
321
432
430
324
320
425
406
327
318
415
433
316
330
415
406
320
331
405
407
316
316
425
417
317
331
414
410
308
323
427
413
321
322
427
417
316
325
430
417
320
320
411
424
313
311
420
421
322
326
424
423
329
318
419
418
329
324
406
423
315
329
426
398
320
333
416
420
313
320
415
423
314
315
412
434
315
317
441
418
391
328
433
424
315
318
395
438
311
323
413
411
314
324
423
429
314
317
409
413
318
321
422
420
312
314
438
410
312
318
420
427
320
321
425
410
317
313
433
428
316
332
418
413
308
326
425
416
311
316
405
405
322
325
394
427
327
324
408
413
320
315
435
420
325
319
426
419
317
334
425
395
311
328
424
428
309
322
421
435
320
325
433
403
313
326
412
394
318
322
431
407
314
324
385
407
314
322
418
416
319
317
405
404
321
321
422
444
312
325
405
393
314
328
430
421
319
321
394
409
327
322
428
420
312
331
418
400
317
319
406
420
310
322
421
404
317
321
421
424
316
314
416
412
317
321
425
425
322
328
433
409
325
318
420
407
324
326
429
412
307
322
413
416
324
327
428
402
321
321
435
400
315
316
403
410
310
320
428
442
307
316
436
409
327
322
418
408
317
319
429
414
310
321
403
424
321
325
422
410
310
326
404
409
312
322
427
407
323
336
412
431
312
316
441
430
316
321
414
400
317
326
415
411
316
320
424
415
317
323
405
439
319
322
424
404
316
317
418
427
311
323
422
422
320
319
420
411
313
321
394
416
331
331
424
413
330
335
412
426
321
319
409
399
316
329
425
411
312
321
429
407
312
322
420
411
313
317
439
394
315
324
435
418
319
318
410
418
315
319
444
428
323
318
400
418
309
325
442
410
318
323
410
405
315
323
415
398
322
325
424
400
323
324
435
416
320
318
426
428
358
319
417
397
316
314
428
410
321
323
418
394
316
320
424
417
316
318
429
407
316
321
417
419
319
323
435
400
323
328
410
402
317
311
419
417
320
324
425
398
323
322
415
394
317
331
418
404
315
325
409
412
320
318
414
416
320
311
443
399
323
329
417
405
315
325
431
412
321
319
406
416
309
329
411
410
328
319
396
404
320
322
415
381
313
322
428
395
316
319
422
412
313
323
430
395
326
317
414
397
316
323
425
418
314
324
422
399
313
320
410
405
316
316
428
400
318
322
422
425
315
319
432
427
330
320
411
412
315
317
412
410
319
323
428
416
312
319
414
399
317
328
419
416
315
328
417
399
314
321
420
409
323
322
417
413
318
320
404
416
318
319
419
426
315
318
428
409
315
315
420
419
311
331
408
414
315
319
439
411
319
313
416
413
314
317
435
429
319
334
412
410
314
326
424
410
329
326
422
429
320
316
424
410
322
328
428
415
330
328
431
426
320
313
400
422
321
324
415
428
317
324
434
410
314
321
442
406
317
326
423
405
316
319
433
404
327
320
430
404
315
314
440
416
316
322
429
410
317
318
432
403
318
320
406
426
326
331
430
395
318
314
428
400
321
323
425
411
313
315
446
412
324
328
411
418
322
319
397
431
323
311
435
419
310
321
447
409
316
320
414
429
323
320
414
397
325
320
421
404
320
319
411
405
318
318
420
393
327
322
425
416
322
319
420
434
322
318
407
434
314
318
424
410
317
319
422
397
321
328
418
433
314
329
408
419
319
326
440
405
320
326
420
411
315
318
461
406
325
327
411
413
330
318
437
433
322
322
426
419
324
330
427
425
321
324
428
413
314
321
413
411
312
323
420
393
316
326
404
429
317
320
416
417
314
314
420
424
318
326
413
416
316
326
417
433
322
321
428
432
317
326
418
409
318
323
433
419
324
326
410
419
313
316
423
430
319
325
425
422
324
325
430
417
324
319
435
418
317
325
442
427
325
323
429
452
322
322
416
421
315
328
426
408
328
328
414
409
322
323
425
430
328
324
425
423
314
318
415
416
320
321
419
421
316
324
417
409
319
320
423
424
327
314
419
405
316
327
425
409
316
326
428
412
315
326
409
423
316
322
408
417
328
323
418
418
327
328
420
444
321
322
413
426
316
322
427
426
314
319
419
413
318
317
425
409
317
321
411
416
320
325
419
419
323
319
430
416
320
320
439
409
322
329
428
396
324
333
431
424
316
321
447
400
321
317
405
415
330
330
430
412
319
322
417
421
314
329
432
414
321
330
436
413
327
316
433
413
318
331
424
398
321
334
434
414
317
329
448
420
321
334
413
417
321
328
431
434
317
328
393
436
318
320
457
395
321
337
439
400
323
316
414
429
314
324
439
428
323
322
445
427
314
323
425
432
327
320
442
396
325
321
417
420
328
326
441
426
318
317
433
421
325
319
430
426
323
319
440
426
322
321
421
409
320
317
420
417
316
319
430
425
313
324
435
407
331
323
408
412
320
322
419
414
313
327
419
406
315
320
413
432
315
321
442
426
321
323
427
423
319
323
420
428
318
328
426
413
329
326
431
410
319
317
424
417
318
318
427
423
316
330
438
425
315
323
435
422
325
321
425
397
321
317
426
400
317
319
414
415
319
322
432
423
315
331
424
408
328
323
431
415
313
324
439
413
317
324
420
417
325
321
453
400
317
321
420
414
321
329
437
406
316
330
422
425
323
324
423
423
321
326
410
442
319
323
425
414
328
329
421
416
310
328
417
411
318
327
413
433
319
319
418
404
315
324
434
406
317
325
424
404
310
321
427
408
316
323
421
401
324
324
414
418
321
319
424
428
320
318
421
427
317
318
415
440
326
325
426
419
321
314
441
432
324
330
427
421
314
324
431
407
320
322
430
404
326
331
413
439
335
318
420
407
322
318
428
416
323
313
421
415
326
326
428
404
320
316
453
414
320
319
409
408
314
324
413
419
322
317
427
420
316
323
419
420
317
323
439
427
329
323
433
424
317
318
422
423
327
322
436
423
321
317
421
418
318
331
443
433
312
324
424
425
319
324
441
433
318
326
426
421
325
331
434
408
318
316
422
399
314
322
434
401
317
326
446
424
324
327
428
404
322
324
409
458
317
326
433
412
328
322
430
412
317
325
440
416
316
324
434
409
328
324
424
420
314
327
429
420
320
321
472
425
316
321
417
401
322
324
428
417
314
317
427
416
320
328
423
419
324
326
425
431
323
321
429
412
321
325
415
412
329
327
431
411
320
322
430
423
314
318
428
410
327
322
438
420
315
316
431
423
327
316
416
393
328
329
425
398
320
324
436
436
321
334
430
427
319
325
399
408
322
328
418
426
317
319
425
415
321
321
431
429
321
332
444
418
322
313
429
424
320
324
451
405
322
319
438
405
323
321
450
424
322
316
427
431
316
325
423
426
323
322
433
424
326
326
414
451
322
324
424
419
318
320
421
426
324
321
414
415
316
318
419
419
324
319
438
409
320
327
426
416
320
315
424
424
323
321
428
421
291
292
291
292
292
292
292
293
314
325
292
292
293
-5
-5

