;UFOS3
;Measurement details: channel = D, date = 12.09.2015, time = 13:27:40
Exposure=302
Gain=0
Temperature=34.3
Accummulate=4
2.7046510387501868 mu
2.7701386162914914 amas
21.242 hs
0 ozone
29856 uva
12320 uvb
10149 uve
[Value]
-12
285
285
284
284
284
286
283
307
300
366
363
299
300
373
374
307
307
371
388
300
311
396
379
306
304
410
403
314
311
408
382
313
311
387
376
310
306
389
395
306
309
381
385
308
311
404
404
317
317
394
396
305
310
413
402
304
306
401
411
306
319
393
416
314
311
407
384
307
309
377
406
311
319
390
393
304
308
388
391
311
313
413
392
304
311
391
400
306
314
392
408
305
307
397
387
309
306
387
406
312
308
383
398
306
319
410
395
306
312
409
384
310
312
391
403
312
307
387
392
302
307
397
400
305
316
391
379
301
313
403
412
302
311
388
403
302
309
392
391
312
306
403
409
305
313
393
412
306
312
415
407
305
307
402
393
305
309
404
404
304
311
393
391
315
319
396
407
306
308
391
421
308
315
384
408
306
311
400
398
304
314
423
397
311
312
378
385
309
308
392
405
307
315
399
397
313
306
388
400
307
307
389
389
306
309
388
397
307
314
383
390
311
311
399
402
308
307
393
402
309
310
385
409
306
314
397
392
310
315
401
387
312
312
386
401
318
311
408
385
307
305
384
399
307
314
398
396
308
305
396
391
313
310
388
398
310
315
433
395
309
311
402
388
305
305
410
388
303
309
390
384
301
316
394
395
311
302
401
393
309
313
405
396
313
308
413
389
314
306
398
394
305
309
396
389
303
309
399
394
298
306
398
393
310
311
405
402
314
311
393
398
302
309
404
382
319
314
405
388
311
312
404
409
304
306
412
405
313
309
383
397
306
305
399
388
307
304
394
387
305
314
390
406
309
317
392
410
307
316
402
398
310
309
379
387
311
313
387
386
306
316
390
382
306
314
378
394
310
301
403
400
307
311
389
391
307
316
404
399
307
307
389
385
310
312
399
406
308
313
415
388
305
304
392
409
313
316
409
402
311
306
398
408
312
317
404
391
302
317
402
394
309
320
402
405
314
306
394
397
308
312
389
403
307
306
371
398
305
311
396
396
304
307
386
409
303
310
394
395
309
307
407
391
307
309
398
406
305
313
398
427
307
311
390
391
309
319
398
397
309
309
389
385
305
306
406
382
304
305
383
393
311
313
393
388
312
314
387
395
307
305
386
409
299
313
397
403
304
324
402
391
303
317
385
388
311
302
384
398
311
310
398
390
304
307
377
407
301
314
405
410
308
309
391
404
310
309
399
399
307
308
397
406
308
312
394
402
312
309
397
396
308
313
394
388
307
314
399
389
319
308
389
387
307
311
397
410
303
308
385
384
311
312
390
386
306
307
410
392
319
315
398
423
307
312
383
406
312
310
403
400
310
313
396
387
310
308
400
405
307
309
401
407
309
309
394
395
307
314
382
402
307
316
387
406
300
312
391
401
303
315
391
381
312
311
395
401
299
310
408
399
310
311
401
398
313
311
397
386
309
318
411
399
316
308
395
410
319
317
407
383
300
306
386
386
303
306
397
417
306
318
399
398
303
311
380
396
314
314
414
399
309
316
401
394
311
306
400
406
300
313
403
392
302
311
405
405
311
317
394
387
301
311
388
391
300
310
403
403
309
314
405
390
305
308
406
417
313
315
394
381
308
310
393
393
314
315
380
401
314
308
414
400
306
311
388
397
308
316
412
382
312
311
375
397
305
314
398
402
308
305
398
391
308
310
383
384
304
317
402
402
308
320
412
378
305
310
381
389
314
305
389
391
305
307
390
395
305
313
395
390
304
310
390
399
311
314
396
398
318
307
396
391
310
308
387
391
309
308
426
385
311
317
390
394
314
314
396
395
306
315
414
399
314
316
387
382
305
315
412
404
306
317
395
388
305
313
395
394
307
309
405
409
306
308
403
392
308
310
409
401
310
311
381
373
305
307
397
387
306
314
399
382
305
311
394
407
309
308
402
401
304
317
394
391
313
311
394
380
313
303
389
406
309
309
406
386
312
315
398
394
301
306
394
396
310
312
412
403
302
311
380
410
303
313
421
400
309
307
396
407
309
315
404
384
303
309
420
391
307
316
405
396
307
317
397
393
310
309
395
389
317
313
413
388
311
313
392
397
306
319
388
401
317
310
415
392
300
316
403
394
315
315
392
386
304
311
389
403
303
314
384
393
311
308
385
418
310
313
404
395
309
307
409
392
318
311
386
399
300
310
391
399
315
309
393
382
314
314
409
396
312
303
405
389
309
304
414
399
302
308
393
396
309
318
406
402
322
320
384
404
298
317
387
400
310
311
398
393
308
313
400
388
305
306
390
402
309
319
399
405
306
323
394
405
303
310
390
390
304
303
393
396
306
311
373
396
306
312
400
399
310
304
397
398
309
309
394
404
310
312
407
399
310
314
420
398
306
318
391
397
307
315
388
386
315
312
390
415
306
313
390
397
304
320
406
392
304
309
390
418
305
305
402
387
307
303
405
388
301
318
405
392
309
315
388
415
307
309
388
397
310
315
391
403
308
308
392
392
310
308
397
386
305
317
404
392
307
308
408
399
305
307
400
412
312
305
402
394
300
312
388
399
308
309
393
407
313
308
407
390
304
309
381
411
311
308
408
412
303
318
395
393
311
307
396
394
307
315
387
397
311
317
381
387
305
304
409
393
308
309
384
434
309
310
405
383
312
309
394
403
312
315
394
405
302
313
391
415
306
312
381
390
306
314
393
390
303
311
395
389
313
307
390
411
300
309
370
393
307
311
400
388
305
316
397
387
311
309
385
381
304
312
394
396
306
320
393
400
309
308
399
391
313
304
398
413
310
301
405
381
314
310
404
405
311
311
390
400
307
311
390
404
306
319
403
404
317
302
398
400
303
310
406
407
307
310
395
405
305
320
410
381
307
314
393
410
305
312
395
422
310
308
394
395
310
310
386
413
313
311
406
387
306
312
403
392
306
309
387
394
309
312
411
406
306
316
398
385
304
305
398
385
313
311
394
393
310
316
398
392
309
313
402
414
310
314
397
396
305
316
396
390
308
308
387
408
312
315
403
392
310
308
408
397
303
307
406
398
308
305
402
397
306
320
390
408
307
314
420
398
304
323
390
394
308
314
407
385
303
306
415
402
313
310
403
393
308
310
387
402
307
311
369
392
309
309
396
410
304
316
393
414
304
303
386
381
306
306
407
409
308
311
407
396
325
310
402
401
306
308
390
408
305
318
405
394
309
318
405
392
306
307
401
398
311
316
377
408
335
307
401
390
306
314
391
393
306
316
389
400
303
314
392
402
304
307
388
401
316
305
404
395
301
315
406
389
313
316
413
401
307
316
370
405
309
319
397
408
310
311
393
402
301
308
386
397
312
312
399
387
308
313
399
384
312
320
401
395
304
315
383
400
315
310
389
402
314
318
397
396
307
307
382
389
308
316
420
410
306
314
409
393
307
308
392
399
311
310
402
398
307
320
382
399
308
316
394
405
304
316
390
419
307
310
397
411
306
315
407
410
306
316
397
409
301
307
410
389
309
311
409
397
308
308
391
396
306
320
384
390
309
314
385
410
315
313
396
384
305
314
404
397
308
315
387
395
307
319
394
395
312
317
392
396
301
311
392
409
303
310
406
402
303
309
420
401
307
310
413
395
304
313
403
419
303
313
388
405
307
311
395
402
309
314
399
382
308
307
407
417
311
315
395
421
305
311
398
390
309
322
409
396
307
306
408
407
307
306
388
389
308
311
399
387
314
318
399
405
309
310
394
397
303
310
397
402
310
313
381
397
314
309
381
380
310
310
403
411
302
316
399
396
307
308
400
396
307
318
401
388
298
314
395
403
307
310
380
395
301
308
406
403
313
311
399
383
306
310
392
390
305
314
393
394
308
308
405
409
305
316
404
399
307
314
409
401
310
309
403
387
323
315
406
405
306
308
387
391
315
310
402
397
304
311
395
379
315
316
394
399
414
319
403
407
300
320
402
401
313
316
396
387
307
309
403
400
300
307
398
399
306
316
396
398
309
318
389
402
311
308
406
404
304
314
399
394
312
310
416
378
315
315
397
396
306
323
394
411
305
320
402
408
303
314
391
402
305
315
412
399
306
311
402
396
310
307
402
390
312
314
400
398
306
309
411
405
308
307
391
399
311
308
395
399
317
312
391
394
309
311
403
393
311
315
403
393
305
310
397
406
311
311
407
407
305
311
403
392
305
318
395
388
307
313
389
401
311
320
394
390
302
309
387
407
304
315
403
399
310
307
393
412
311
306
412
389
302
311
399
395
314
310
384
405
306
320
415
384
310
311
407
412
303
310
414
397
310
321
407
390
305
317
401
405
300
308
433
399
309
310
389
401
305
313
388
395
316
314
393
397
311
309
397
389
307
311
388
382
308
313
400
396
305
308
396
411
315
311
391
400
309
312
393
411
305
316
391
390
312
310
393
390
306
315
381
402
302
315
410
402
305
311
396
391
309
318
406
401
312
310
392
409
307
317
399
395
309
316
398
395
308
315
397
385
314
312
407
395
316
313
379
403
306
310
400
408
306
308
402
383
306
311
409
399
310
312
401
403
304
314
383
403
314
309
403
391
316
314
401
409
310
305
386
404
309
305
393
404
308
310
396
397
308
313
395
401
316
316
407
418
309
315
390
425
313
308
397
388
304
309
414
404
320
318
399
395
304
315
403
379
309
314
405
393
317
311
400
381
309
314
411
401
301
307
396
378
307
308
401
397
311
311
413
403
307
307
393
378
306
315
396
387
306
314
435
394
309
309
391
385
308
305
399
383
306
310
407
395
311
308
407
419
309
316
410
396
311
316
397
410
306
314
387
385
306
308
366
395
315
307
417
417
310
311
404
417
303
314
402
403
307
309
403
398
308
310
405
401
311
308
421
398
305
309
395
398
309
317
425
404
303
311
391
393
304
316
403
389
304
309
400
391
314
312
388
400
305
315
395
403
308
308
398
391
311
313
395
409
307
311
392
404
308
314
413
415
315
312
408
387
317
312
396
415
307
321
401
389
312
322
387
391
306
308
405
400
305
320
395
394
302
312
410
398
313
313
409
402
307
313
411
402
311
315
396
403
304
302
402
405
311
315
409
407
318
309
400
401
317
315
390
405
306
319
407
383
310
325
397
401
301
310
396
403
305
307
391
415
307
307
423
397
371
319
415
405
309
308
381
419
303
312
396
393
306
315
408
408
303
307
392
397
309
311
402
402
301
304
418
390
303
310
402
408
312
310
406
394
307
304
415
408
307
321
402
395
302
317
406
398
301
307
388
390
314
314
379
407
314
315
393
396
310
307
415
403
316
309
407
398
308
322
408
380
302
317
403
407
299
311
402
414
309
317
415
389
303
316
392
378
307
314
414
391
306
314
371
392
305
313
403
399
309
307
391
388
311
312
409
426
302
315
388
377
304
317
413
402
309
311
378
394
315
311
407
406
304
322
399
382
308
309
390
402
303
310
402
387
308
311
402
412
309
305
398
397
307
312
405
405
314
319
413
392
313
310
404
391
314
317
410
390
297
310
398
401
313
317
410
386
312
313
417
385
307
306
385
393
305
311
408
425
298
307
418
391
317
313
403
391
308
313
412
397
301
313
384
408
315
317
402
391
302
316
387
391
305
311
409
390
312
325
394
411
304
307
422
412
309
313
397
384
307
314
398
394
304
312
407
397
307
314
386
419
310
313
405
388
310
310
403
409
304
313
405
403
309
310
404
394
304
311
382
398
318
318
407
395
317
323
397
409
311
311
389
381
308
319
407
391
304
311
411
390
304
313
401
394
304
307
421
380
306
315
413
400
307
309
393
399
305
310
427
409
312
309
383
399
302
312
423
393
307
312
393
388
307
313
399
383
311
313
406
386
314
315
417
401
308
309
410
409
365
309
402
380
305
307
407
394
312
313
399
380
305
312
407
401
306
309
412
391
306
312
396
400
308
311
416
384
314
317
393
383
307
303
398
399
310
314
404
378
313
312
398
377
307
319
399
385
307
314
394
396
312
310
397
399
311
304
422
383
312
318
401
388
305
316
412
397
310
309
390
395
301
317
391
396
316
310
380
387
310
311
395
366
303
311
406
376
304
313
406
396
304
312
412
379
314
307
398
381
307
313
406
396
304
313
404
382
305
311
393
388
308
308
406
383
307
313
400
409
305
309
412
409
321
314
395
393
306
310
395
391
310
314
409
401
304
310
397
384
308
318
399
398
304
318
399
383
306
312
403
394
314
309
400
393
309
311
387
397
311
309
404
410
307
310
410
390
310
306
400
402
303
319
392
398
306
311
424
397
310
306
401
396
305
308
414
409
309
320
396
394
307
317
405
393
321
315
405
409
309
307
405
395
311
317
411
396
319
317
413
413
311
303
383
405
312
313
396
407
309
314
413
391
306
312
422
391
307
315
408
392
305
309
413
386
315
310
410
388
307
305
420
399
307
311
409
394
309
309
410
386
310
312
389
409
315
319
413
377
309
307
409
384
313
314
406
395
303
309
429
392
313
317
393
400
311
310
381
413
313
303
420
405
301
313
427
392
307
311
398
410
314
313
398
383
316
312
405
387
310
309
395
390
308
311
401
376
317
312
410
397
312
308
400
416
314
307
389
417
306
313
407
393
311
310
403
380
315
317
399
415
305
319
393
399
311
315
420
390
311
317
399
395
306
311
445
392
314
319
390
394
322
310
421
411
311
313
406
398
314
319
408
409
313
312
409
393
304
311
394
394
303
313
403
379
308
316
386
411
308
309
400
400
307
303
401
408
307
315
396
398
308
313
399
415
311
311
409
414
308
319
401
392
308
312
414
399
315
315
393
401
304
306
406
408
311
314
408
404
314
314
411
399
317
310
415
399
309
314
421
411
315
315
411
432
312
312
397
402
306
319
410
393
317
318
397
395
311
310
406
416
317
315
407
406
306
310
399
397
311
311
404
405
309
315
400
392
308
310
405
408
317
306
402
383
305
318
405
392
306
316
412
393
307
317
392
404
307
313
392
398
317
313
404
400
316
317
402
428
311
311
394
408
308
310
407
406
304
307
402
396
310
309
406
392
305
314
395
396
309
318
402
403
314
309
408
398
311
308
420
392
314
321
409
378
316
322
411
406
307
312
429
384
311
307
388
396
318
319
411
394
308
310
401
403
304
317
411
394
310
320
419
393
317
307
412
396
311
322
403
378
310
321
414
395
308
318
429
400
309
323
394
397
310
320
412
413
308
318
377
415
310
311
437
379
311
324
419
384
312
309
398
408
304
314
419
409
313
310
428
408
304
313
405
412
316
307
420
381
315
314
397
404
318
317
423
410
309
309
417
400
314
308
410
407
311
312
422
409
313
311
402
392
310
307
404
400
305
308
410
405
304
312
416
392
321
314
390
396
309
313
400
399
304
319
398
392
307
312
396
411
307
312
423
409
311
314
409
403
310
313
404
411
308
317
404
397
317
313
411
393
311
306
406
396
311
310
408
404
306
317
418
405
307
311
415
403
315
312
406
384
315
308
408
382
308
309
396
396
310
312
413
407
309
322
406
391
319
312
410
398
306
312
422
400
309
310
400
401
315
310
433
382
307
312
403
396
312
321
415
393
308
320
402
408
312
316
407
402
313
317
391
423
308
313
405
393
318
318
401
398
303
316
399
391
310
317
395
414
308
307
405
390
308
312
411
387
307
313
405
387
304
314
408
389
306
316
401
386
314
314
398
397
313
309
405
411
311
310
401
410
307
311
399
420
315
313
407
403
311
306
420
414
313
319
408
404
304
314
408
393
312
310
413
390
313
322
392
418
322
312
403
391
311
310
412
398
314
307
403
400
318
317
408
387
308
308
430
398
307
310
392
392
305
313
397
401
312
309
411
403
309
311
399
399
306
312
421
408
317
314
417
407
308
310
402
404
315
314
416
404
312
308
403
401
311
321
421
412
303
317
407
407
309
312
419
416
308
316
409
405
316
321
416
391
310
308
403
383
307
313
414
385
307
316
425
407
314
319
409
387
313
315
391
435
309
319
412
390
319
312
412
395
310
314
421
397
307
315
413
394
318
313
405
397
306
317
410
402
311
312
451
404
307
313
400
384
311
316
408
398
303
310
405
398
312
320
403
400
312
315
404
415
315
311
407
393
308
314
393
395
320
315
412
393
311
311
415
404
305
307
408
395
315
313
420
401
306
307
412
405
317
306
401
378
315
320
411
380
311
315
417
415
311
321
413
406
308
315
383
391
314
316
397
404
308
309
406
395
312
310
411
410
309
321
422
401
314
306
409
405
311
314
429
390
315
308
419
388
315
310
427
407
312
308
405
414
305
316
406
406
313
314
415
404
317
314
396
432
312
315
406
399
311
310
402
407
316
313
397
398
307
308
401
399
314
309
418
394
311
317
404
399
311
308
401
407
314
313
409
404
285
285
284
285
286
285
284
284
305
315
285
286
283
-12
-12

