;UFOS3
;Measurement details: channel = S, date = 12.09.2015, time = 13:28:18
Exposure=348
Gain=0
Temperature=34.2
Accummulate=4
2.712601711124541 mu
2.7787776275346023 amas
21.174 hs
0 ozone
152974 uva
14295 uvb
11044 uve
[Value]
-10
286
286
287
286
286
287
287
308
305
380
378
305
302
389
389
314
310
387
405
305
324
425
407
322
321
439
431
332
328
436
411
331
330
414
407
327
322
418
421
324
325
407
412
323
328
438
434
335
335
427
422
319
330
441
432
318
322
430
438
323
338
423
440
330
325
432
413
323
323
404
437
328
333
418
419
318
326
417
416
328
331
444
422
321
325
421
430
325
330
423
433
322
325
426
413
325
325
412
437
330
324
415
427
324
340
439
425
324
331
434
412
328
329
420
433
330
323
414
424
316
324
428
428
320
335
418
408
318
332
429
438
318
329
417
432
316
328
423
421
327
320
433
438
323
334
424
441
324
333
447
436
323
323
430
422
320
326
432
433
324
327
425
418
332
336
428
436
324
327
422
446
326
333
412
438
322
327
430
426
322
331
447
426
331
332
405
411
329
324
421
435
322
333
429
427
329
324
417
429
326
327
417
420
323
327
416
429
323
331
414
419
328
330
430
430
324
324
423
429
325
327
415
435
321
328
425
420
329
331
433
414
327
327
410
429
339
328
437
413
322
321
408
429
322
329
428
422
323
321
426
420
329
327
412
425
327
334
454
421
325
328
433
414
324
321
442
415
317
325
419
411
318
334
424
426
330
317
430
424
325
331
438
425
331
325
442
420
329
321
428
422
323
327
424
417
316
327
430
423
313
321
427
421
326
326
435
431
332
329
423
427
319
325
438
408
335
331
435
418
329
328
431
441
320
322
444
436
330
325
414
423
325
323
430
419
324
323
425
414
320
333
418
439
327
336
422
440
326
335
434
428
330
328
406
419
331
328
416
415
324
334
421
413
323
333
405
426
325
318
433
430
326
329
421
420
324
334
434
430
322
327
417
414
328
329
429
434
326
328
444
415
323
322
422
438
331
333
439
433
326
324
430
435
332
334
435
419
317
335
431
422
330
338
428
437
333
320
423
431
324
329
421
434
328
323
400
428
322
329
425
425
318
323
417
437
319
332
425
425
330
324
436
421
325
326
426
441
322
333
431
454
324
327
419
421
327
335
429
431
326
326
422
416
324
320
438
410
324
322
410
422
331
333
425
417
334
333
414
425
327
322
418
441
316
332
429
431
319
341
432
422
318
335
415
416
327
321
412
430
328
328
429
421
322
325
405
440
319
333
438
443
324
326
422
431
327
326
430
430
324
327
430
436
326
331
424
431
332
325
432
428
327
333
426
420
327
331
429
420
338
329
417
416
328
330
429
440
322
328
416
417
332
331
420
413
326
327
442
423
340
332
434
452
325
333
415
439
331
329
436
428
329
333
431
415
330
326
433
436
328
327
433
441
330
331
425
426
328
333
413
430
326
336
416
441
321
330
426
434
322
334
422
412
335
332
427
434
319
330
441
435
332
330
434
433
335
333
430
419
329
339
446
431
335
328
426
442
341
336
443
416
318
325
417
418
323
327
430
451
327
342
432
430
325
331
414
431
338
337
449
434
332
337
437
431
333
326
435
442
321
336
442
429
325
336
441
442
335
340
432
425
324
335
424
431
323
337
436
438
336
338
443
426
329
335
445
455
339
341
431
415
337
338
431
436
344
344
420
442
341
337
458
444
336
342
430
441
340
347
460
428
347
344
418
444
339
345
444
448
339
339
444
434
342
342
429
426
336
352
450
449
344
353
460
425
340
344
429
438
352
338
441
440
341
347
440
449
345
356
451
447
349
357
451
459
359
365
462
460
370
357
464
462
367
365
457
463
365
363
498
460
366
377
467
468
376
378
473
469
369
381
486
477
379
383
465
461
372
383
492
485
371
386
477
466
372
381
479
478
376
380
493
491
374
377
485
471
376
379
488
486
377
382
466
456
377
378
485
475
382
391
491
470
385
388
483
498
388
385
494
498
384
398
490
491
401
396
493
488
412
400
498
519
416
419
531
513
430
436
532
529
424
431
532
535
439
442
555
546
432
439
519
557
433
441
566
540
440
434
538
548
435
445
543
523
429
437
559
526
433
445
548
536
440
451
543
544
449
450
549
543
461
459
576
550
459
467
563
565
462
480
561
569
475
466
590
562
457
468
572
564
470
472
560
557
460
472
568
583
469
486
570
582
491
492
581
621
500
506
620
609
503
507
622
603
514
504
597
611
497
502
601
612
517
510
614
606
523
523
640
631
536
529
656
643
551
549
683
667
551
563
660
665
561
570
670
659
562
555
630
646
519
541
616
631
523
525
629
625
523
532
638
622
534
537
646
666
562
584
687
701
597
648
710
726
618
627
739
741
647
648
767
776
674
691
767
798
701
712
821
827
723
717
836
841
734
737
843
852
733
735
839
828
711
717
833
798
680
693
776
776
669
679
766
762
681
678
775
806
682
696
801
820
713
746
865
862
766
789
898
934
806
809
927
910
805
797
922
902
784
795
902
881
780
779
864
893
757
759
851
858
753
755
855
871
762
767
878
887
789
795
910
904
810
833
949
940
843
859
984
979
868
880
998
1013
900
894
1014
1006
886
897
987
996
880
871
965
976
844
832
944
911
807
805
889
913
790
784
907
910
789
809
907
910
810
804
922
922
816
829
914
925
825
832
909
909
805
803
922
905
790
785
872
905
755
755
866
830
742
731
829
836
731
732
835
853
730
742
838
871
741
758
849
863
768
786
887
886
793
809
925
921
832
823
940
958
837
852
930
963
862
872
983
980
886
903
1007
1006
915
911
1013
1011
916
922
1020
1017
910
918
1006
1009
896
888
997
981
879
874
983
999
877
865
994
966
884
883
1012
1026
929
941
1050
1076
981
1003
1111
1151
1049
1077
1198
1211
1123
1118
1248
1266
1161
1174
1300
1310
1181
1193
1296
1320
1196
1231
1342
1314
1230
1234
1343
1366
1245
1257
1369
1392
1261
1262
1368
1365
1257
1258
1371
1392
1275
1280
1402
1377
1280
1279
1387
1371
1260
1261
1363
1363
1248
1256
1383
1373
1252
1262
1362
1348
1240
1243
1359
1331
1244
1242
1350
1353
1254
1262
1371
1356
1259
1273
1374
1395
1284
1299
1405
1427
1324
1354
1471
1478
1397
1407
1529
1562
1470
1491
1617
1623
1544
1565
1711
1713
1620
1641
1775
1783
1684
1687
1822
1813
1708
1735
1838
1870
1756
1766
1894
1849
1732
1748
1827
1831
1716
1707
1817
1768
1655
1640
1748
1716
1596
1583
1678
1651
1532
1530
1611
1616
1506
1504
1579
1607
1510
1509
1610
1627
1500
1520
1624
1654
1515
1525
1629
1617
1529
1533
1663
1657
1547
1558
1674
1664
1584
1578
1697
1690
1568
1565
1677
1695
1567
1576
1699
1669
1570
1571
1687
1668
1563
1553
1665
1655
1528
1522
1595
1606
1518
1475
1597
1573
1474
1491
1593
1594
1489
1505
1586
1591
1476
1481
1560
1564
1437
1430
1522
1526
1415
1400
1514
1490
1371
1376
1491
1457
1353
1350
1461
1454
1331
1346
1420
1464
1361
1384
1498
1528
1421
1424
1533
1561
1441
1452
1549
1560
1449
1439
1544
1522
1431
1426
1540
1515
1430
1432
1533
1530
1417
1429
1518
1540
1436
1438
1546
1568
1461
1476
1583
1589
1481
1469
1558
1544
1417
1401
1499
1460
1321
1291
1396
1356
1246
1233
1322
1321
1208
1209
1317
1308
1203
1214
1304
1332
1226
1249
1353
1375
1252
1268
1358
1377
1240
1226
1324
1326
1188
1183
1292
1283
1151
1174
1281
1301
1184
1214
1361
1352
1281
1301
1445
1439
1346
1351
1458
1477
1374
1387
1478
1492
1400
1403
1496
1523
1411
1397
1505
1489
1397
1414
1537
1531
1436
1455
1548
1574
1489
1518
1634
1651
1564
1576
1672
1687
1555
1566
1680
1683
1544
1548
1663
1648
1524
1533
1667
1651
1543
1557
1684
1681
1572
1596
1725
1754
1630
1673
1797
1832
1758
1772
1890
1913
1828
1846
1950
1938
1849
1850
1978
1984
1852
1853
1952
1964
1823
1820
1905
1889
1777
1785
1893
1885
1774
1776
1913
1900
1784
1784
1876
1873
1760
1746
1858
1838
1754
1761
1857
1861
1756
1776
1881
1884
1781
1800
1927
1945
1852
1865
1973
1997
1937
1937
2034
2043
1976
1981
2117
2121
1989
2006
2109
2104
1992
1983
2087
2090
1974
1985
2082
2084
1990
2006
2122
2138
2031
2048
2134
2152
2037
2046
2157
2154
2055
2042
2147
2137
2033
2036
2126
2104
1988
1982
2053
2033
1899
1871
1966
1938
1790
1775
1853
1834
1680
1653
1742
1693
1555
1526
1627
1584
1492
1482
1588
1585
1467
1483
1600
1630
1560
1582
1740
1765
1681
1721
1853
1855
1797
1803
1912
1938
1957
1869
1983
1994
1879
1913
2006
2017
1903
1897
1991
1957
1851
1834
1930
1916
1770
1763
1859
1839
1707
1702
1776
1771
1648
1654
1739
1741
1621
1616
1739
1730
1624
1637
1759
1763
1678
1691
1834
1801
1752
1769
1885
1890
1776
1790
1862
1883
1744
1755
1852
1846
1703
1704
1792
1771
1632
1631
1723
1699
1565
1559
1656
1637
1526
1520
1639
1615
1527
1530
1643
1652
1538
1548
1681
1685
1569
1573
1687
1704
1597
1602
1712
1721
1618
1615
1712
1706
1601
1584
1688
1674
1564
1562
1659
1645
1525
1525
1632
1639
1520
1516
1628
1617
1474
1482
1585
1556
1441
1452
1553
1550
1460
1489
1606
1639
1545
1570
1679
1686
1602
1624
1749
1785
1685
1715
1840
1855
1776
1775
1900
1934
1820
1826
1960
1937
1833
1844
1941
1935
1830
1818
1893
1908
1788
1785
1894
1845
1733
1707
1812
1795
1648
1651
1768
1740
1630
1645
1763
1738
1655
1665
1795
1810
1695
1710
1874
1849
1745
1752
1858
1866
1745
1755
1838
1850
1730
1717
1795
1766
1644
1615
1711
1675
1567
1561
1664
1653
1571
1594
1719
1729
1634
1651
1782
1815
1713
1729
1862
1892
1807
1837
1971
2025
1917
1943
2056
2070
1973
1984
2094
2099
2020
2036
2128
2173
2065
2080
2212
2204
2107
2108
2229
2227
2136
2154
2267
2265
2170
2177
2288
2308
2205
2220
2318
2317
2225
2235
2329
2333
2218
2209
2304
2280
2173
2147
2248
2220
2112
2109
2185
2213
2087
2099
2212
2222
2110
2131
2256
2241
2162
2160
2288
2289
2177
2190
2289
2290
2175
2194
2294
2335
2257
2264
2396
2389
2302
2291
2384
2365
2243
2219
2290
2292
2177
2155
2243
2238
2103
2066
2140
2101
1968
1940
2006
1975
1840
1827
1940
1940
1823
1836
1947
1997
1888
1891
2022
2020
1930
1947
2093
2092
2012
2024
2125
2113
2003
1996
2080
2030
1902
1883
1972
1928
1822
1778
1860
1806
1692
1669
1749
1702
1559
1546
1640
1604
1511
1513
1634
1632
1551
1578
1728
1746
1659
1699
1837
1843
1772
1815
1953
1976
1916
1957
2135
2134
2065
2103
2235
2259
2181
2206
2328
2329
2249
2250
2362
2363
2277
2280
2408
2413
2273
2290
2390
2367
2258
2245
2317
2297
2155
2125
2178
2148
2029
1991
2031
2032
1902
1857
1951
1915
1765
1745
1855
1845
1709
1723
1822
1828
1721
1722
1836
1836
1738
1752
1874
1874
1792
1779
1929
1900
1789
1777
1874
1860
1739
1730
1851
1813
1677
1687
1777
1778
1675
1682
1785
1774
1681
1693
1809
1820
1743
1775
1913
1969
1885
1938
2067
2090
1997
2012
2132
2102
1996
1975
2056
2050
1920
1899
1966
1972
1831
1813
1908
1881
1743
1725
1823
1784
1682
1668
1781
1808
1690
1743
1859
1871
1809
1845
1957
1970
1888
1897
2031
2031
1911
1919
2013
2002
1885
1900
2013
1975
1855
1831
1940
1907
1781
1764
1870
1844
1718
1715
1809
1830
1711
1715
1856
1867
1780
1802
1940
1955
1870
1884
2023
2051
1976
1999
2118
2177
2072
2112
2243
2229
2173
2202
2301
2315
2214
2227
2336
2361
2240
2249
2348
2367
2260
2266
2388
2361
2348
2274
2390
2374
2266
2257
2322
2361
2223
2222
2321
2307
2208
2229
2338
2351
2236
2248
2358
2369
2273
2283
2406
2403
2310
2312
2449
2417
2319
2327
2431
2432
2307
2290
2388
2356
2236
2224
2340
2328
2206
2213
2308
2309
2209
2229
2341
2340
2248
2265
2361
2368
2276
2271
2356
2384
2281
2281
2387
2387
2311
2319
2471
2460
2398
2412
2525
2536
2469
2497
2595
2595
2547
2583
2665
2693
2659
2691
2718
2748
2742
2768
2773
2791
2793
2802
2812
2820
2821
2835
2837
2846
2851
2861
2868
2877
2879
2887
2890
2896
2891
2896
2884
2863
2835
2740
2723
2658
2546
2503
2542
2519
2429
2443
2552
2550
2495
2530
2623
2665
2663
2711
2743
2775
2792
2817
2822
2852
2853
2878
2875
2899
2888
2915
2909
2930
2923
2946
2935
2959
2948
2967
2959
2979
2968
2948
2937
2660
2552
2432
2519
2488
2425
2413
2528
2532
2500
2531
2650
2665
2649
2678
2723
2742
2749
2760
2774
2772
2760
2712
2720
2625
2518
2410
2429
2391
2246
2200
2273
2233
2058
2025
2129
2084
1995
1993
2106
2120
2047
2087
2238
2259
2182
2226
2349
2403
2312
2336
2449
2428
2331
2346
2404
2387
2256
2225
2291
2216
2071
2015
2059
2039
1884
1863
2001
1990
1879
1895
2022
2042
1990
2044
2203
2254
2196
2256
2415
2447
2376
2413
2511
2547
2444
2465
2543
2525
2441
2418
2496
2490
2363
2350
2421
2394
2249
2216
2301
2263
2145
2138
2225
2250
2146
2152
2262
2252
2177
2180
2265
2276
2157
2161
2250
2236
2146
2175
2302
2305
2219
2231
2368
2353
2285
2295
2423
2433
2356
2386
2523
2492
2422
2438
2553
2552
2491
2506
2599
2610
2561
2567
2648
2648
2609
2602
2654
2682
2629
2651
2697
2690
2670
2645
2676
2655
2587
2570
2600
2562
2478
2431
2491
2439
2338
2305
2404
2363
2231
2201
2291
2273
2183
2090
2199
2165
2061
2061
2166
2142
2028
2010
2101
2061
1945
1936
2050
2016
1904
1894
2012
1991
1895
1914
2036
2064
1975
2009
2163
2152
2096
2136
2244
2249
2181
2194
2331
2352
2262
2281
2394
2382
2311
2322
2418
2411
2326
2346
2430
2402
2300
2287
2360
2347
2238
2203
2286
2257
2136
2110
2235
2165
2066
2044
2120
2082
1938
1912
1999
1938
1804
1789
1877
1878
1760
1778
1864
1860
1773
1753
1832
1820
1698
1683
1750
1696
1587
1583
1680
1643
1544
1555
1664
1652
1525
1526
1637
1570
1478
1457
1550
1530
1429
1438
1566
1558
1436
1458
1573
1564
1465
1465
1564
1558
1444
1441
1560
1520
1420
1427
1540
1563
1473
1494
1657
1678
1599
1625
1767
1789
1713
1755
1887
1920
1865
1915
2086
2117
2049
2084
2225
2232
2166
2180
2288
2293
2189
2210
2314
2296
2206
2221
2317
2293
2216
2203
2296
2276
2157
2157
2237
2234
2121
2112
2203
2199
2046
2028
2092
2014
1867
1837
1928
1908
1788
1816
1913
1935
1843
1872
2034
2043
1974
1989
2149
2179
2105
2154
2325
2360
2282
2315
2416
2416
2305
2301
2368
2310
2196
2148
2219
2217
2087
2079
2198
2194
2112
2132
2252
2253
2171
2165
2272
2271
2152
2156
2267
2312
2215
2241
2343
2355
2237
2230
2334
2297
2181
2162
2293
2247
2142
2145
2230
2204
2097
2105
2236
2205
2112
2089
2186
2160
2058
2056
2200
2199
2105
2136
2281
2283
2195
2203
2343
2339
2281
2317
2445
2490
2419
2452
2583
2567
2538
2560
2655
2653
2627
2627
2670
2668
2634
2630
2685
2671
2645
2624
2652
2648
2592
2574
2607
2607
2505
2467
2552
2525
2420
2415
2540
2513
2439
2448
2538
2555
2473
2477
2574
2571
2542
2575
2646
2651
2633
2650
2699
2716
2712
2728
2741
2749
2754
2736
2763
2740
2738
2710
2726
2713
2656
2603
2620
2581
2466
2429
2487
2456
2332
2305
2388
2340
2246
2223
2305
2302
2145
2130
2188
2166
2009
1992
2079
2023
1885
1840
1885
1811
1636
1578
1663
1536
1355
1289
1322
1262
1122
1070
1175
1135
985
970
1073
1063
961
975
1098
1116
1032
1052
1189
1196
1092
1111
1228
1239
1140
1168
1288
1282
1212
1250
1372
1461
1390
1451
1621
1674
1619
1658
1821
1860
1773
1810
1935
1970
1875
1888
2004
2022
1905
1918
2052
2081
1972
2014
2116
2118
2012
2035
2162
2137
2036
2035
2139
2144
2024
2015
2137
2126
2003
1999
2078
2059
1925
1901
1989
1939
1802
1754
1851
1792
1649
1624
1718
1656
1497
1443
1510
1474
1268
1216
1265
1221
1067
1054
1135
1103
994
973
1064
1059
948
952
1073
1085
985
1011
1153
1181
1100
1145
1297
1336
1280
1342
1496
1546
1477
1517
1665
1690
1623
1659
1798
1822
1742
1756
1903
1908
1822
1855
1989
1981
1897
1913
2030
2015
1906
1928
2030
2046
1932
1947
2040
2040
1943
1960
2063
2061
1975
1986
2102
2132
2003
2022
2113
2138
2020
2030
2154
2153
2030
2016
2116
2069
1946
1922
2033
2028
1932
1934
2044
2055
1948
1968
2076
2088
1999
2014
2154
2139
2036
2028
2143
2106
2008
2011
2113
2082
2001
2001
2101
2091
1968
1977
2117
2069
1982
1979
2073
2090
2003
2007
2140
2135
2045
2064
2190
2196
2087
2106
2220
2188
2079
2087
2216
2189
2108
2093
2225
2192
2103
2106
2198
2167
2086
2106
2224
2208
2094
2109
2237
2207
2101
2117
2211
2217
2126
2129
2252
2251
2129
2142
2219
2250
2114
2106
2247
2177
2071
2072
2169
2119
2005
1970
2051
2039
1907
1913
2025
2002
1867
1867
2020
2017
1911
1934
2077
2109
2018
2040
2179
2143
2081
2104
2218
2251
2153
2154
2278
2254
2109
2063
2135
2049
1880
1838
1941
1938
1820
1824
1959
1953
1853
1864
2003
2004
1915
1915
2039
2034
1932
1946
2098
2112
2009
2042
2196
2185
2090
2083
2164
2160
2040
2028
2118
2106
1978
1977
2077
2070
1961
1971
2087
2102
1975
1976
2082
2030
1885
1871
1967
1951
1846
1832
1942
1948
1814
1818
1928
1911
1822
1840
1976
1957
1875
1883
2014
1996
1889
1909
2046
2050
1934
1949
2059
2044
1922
1947
2073
2056
1942
1914
2021
1975
1874
1848
1955
1902
1801
1806
1914
1919
1827
1838
1955
1962
1853
1877
1997
1984
1899
1899
2032
2027
1929
1941
2090
2065
1971
1980
2092
2099
1996
1983
2136
2077
1971
1983
2089
2091
1993
2006
2119
2093
1993
2007
2106
2096
1980
1973
2053
2035
1910
1898
1977
1990
1832
1826
1926
1892
1765
1735
1798
1771
1622
1603
1662
1633
1493
1473
1552
1549
1398
1379
1490
1458
1353
1362
1494
1487
1398
1412
1556
1558
1473
1523
1676
1681
1595
1631
1754
1752
1663
1671
1788
1792
1685
1679
1801
1805
1683
1700
1814
1821
1695
1692
1792
1814
1688
1674
1776
1777
1658
1638
1773
1753
1622
1611
1721
1710
1578
1580
1690
1666
1549
1550
1664
1630
1547
1548
1652
1661
1533
1516
1616
1600
1476
1479
1577
1540
1422
1406
1515
1501
1390
1383
1483
1458
1358
1348
1498
1459
1345
1341
1451
1443
1347
1359
1469
1482
1380
1373
1505
1505
1385
1392
1489
1474
1356
1351
1475
1443
1328
1311
1431
1418
1290
1295
1397
1394
1272
1254
1385
1356
1232
1230
1347
1347
1244
1251
1370
1354
1217
1237
1340
1331
1215
1214
1345
1333
1193
1197
1312
1297
1181
1188
1304
1281
1176
1170
1280
1257
1162
1163
1294
1262
1166
1178
1316
1297
1183
1196
1309
1277
1200
1196
1292
1332
1182
1188
1298
1275
1177
1169
1290
1265
1165
1160
1286
1246
1128
1122
1238
1206
1098
1083
1196
1192
1057
1071
1183
1177
1054
1045
1210
1152
1026
1028
1134
1118
1020
1028
1143
1128
1010
1021
1144
1134
1026
1037
1144
1138
1029
1031
1146
1153
1033
1025
1139
1117
1004
1006
1103
1094
1000
996
1118
1103
998
1003
1123
1105
990
997
1114
1102
1006
1004
1129
1116
1004
1011
1136
1110
989
963
1067
1040
965
974
1082
1047
958
959
1083
1070
937
942
1038
1028
911
920
1016
1022
936
946
1044
1061
944
949
1073
1056
941
927
1040
1036
906
925
1057
1040
929
912
1035
1015
889
883
1006
948
856
855
987
947
853
855
1007
983
881
896
1030
1036
905
916
1026
1020
902
899
1023
1018
919
909
1005
1043
905
909
1027
1016
912
895
1007
992
870
866
968
972
852
850
962
964
862
857
988
970
872
884
1002
997
896
902
1040
1050
960
981
1106
770
283
284
284
286
287
287
287
286
870
880
287
286
288
-10
-10

