;UFOS3
;Measurement details: channel = S-D, date = 12.09.2015, time = 13:38:46
Exposure=382
Gain=0
Temperature=34.4
Accummulate=4
2.853460427000032 mu
2.9326270174149984 amas
20.029 hs
304 ozone
119285 uva
1051 uvb
205 uve
[Value]
-12
-12
-13
-13
-11
-14
-12
-12
-13
-12
-13
-13
-13
-13
-13
-13
-13
-11
-10
-13
-14
-4
1
-1
-1
-2
0
0
-2
0
2
-1
-1
1
-1
1
3
-1
0
1
2
-1
3
1
-1
2
-1
0
0
-1
0
0
0
0
-1
-1
1
2
-2
-2
0
-2
1
0
-2
-3
-2
-4
-1
-1
1
-3
0
0
-4
0
2
-1
0
0
-2
2
1
-1
1
-1
2
0
-1
-3
0
0
1
-1
-5
2
-2
-3
0
-2
-1
0
-1
0
-2
2
0
0
-2
1
-1
-1
0
-2
0
-1
-1
1
1
3
-2
-1
0
-1
-1
-2
2
1
-1
-1
-3
-1
-1
1
-1
-1
-1
0
-2
0
0
1
4
-1
1
-2
0
4
-2
1
3
0
0
2
3
0
-1
4
1
-1
2
0
0
1
0
0
-2
0
-1
-2
-1
0
0
3
0
2
2
-1
-2
-1
1
1
2
-1
0
1
-3
1
1
1
-2
3
3
1
2
3
-2
-1
-2
0
2
0
2
1
2
0
0
-2
-1
1
2
-3
0
0
-1
0
0
-1
1
-1
2
0
0
1
-1
-1
0
1
1
0
-1
0
-1
1
1
0
0
-3
3
-3
0
1
0
1
-2
0
-3
-1
0
-2
0
-2
-2
-2
2
0
1
-2
0
-2
1
-1
-2
-1
-3
-1
2
0
-1
0
2
-2
3
0
1
-2
-3
-2
3
-2
0
-1
2
-1
0
1
0
0
2
-2
-1
0
1
0
2
2
1
-1
-2
-1
2
-2
3
-2
0
1
-1
-1
-2
-2
-1
-4
0
1
-2
1
1
-2
1
1
-1
4
1
-1
-1
-1
-3
1
0
0
-4
2
0
-1
-3
-1
2
3
0
-1
0
0
0
0
-3
-2
1
-3
-1
2
0
2
0
0
-1
1
-1
2
-1
1
1
0
2
3
1
0
-1
-1
-1
-3
2
2
-1
0
-2
-5
0
-1
-3
-2
3
-1
3
2
-3
0
3
-1
0
-2
2
-3
0
-1
0
-2
-1
-1
1
3
0
1
1
-1
0
1
3
-1
-1
-1
1
-1
-1
2
-3
0
-4
0
0
-1
0
0
-1
-2
0
1
0
1
-1
1
-2
1
1
4
2
2
3
4
0
2
0
-2
0
0
1
-2
-2
2
1
1
2
1
1
0
3
3
-1
-1
5
0
1
0
4
1
4
0
1
2
-1
-4
0
3
1
0
1
0
-1
1
-1
-1
1
1
-3
-2
3
0
0
4
1
1
1
3
0
1
2
3
2
0
1
2
2
-2
-1
1
-1
-1
-1
2
2
2
-2
1
0
1
-1
-1
0
-1
0
4
-3
3
3
2
0
-1
1
3
2
0
2
-1
0
0
2
2
4
0
1
1
-1
0
3
4
5
2
2
1
1
-1
1
0
1
5
3
4
4
0
4
2
1
2
2
3
1
3
6
2
1
2
4
1
2
2
7
2
0
1
4
4
3
2
3
3
6
1
1
2
1
3
0
6
5
1
1
1
2
2
3
2
2
5
2
3
0
4
3
3
1
2
5
-2
4
2
1
2
-1
2
2
1
4
3
4
2
3
0
4
4
4
3
3
2
5
1
3
1
5
4
4
3
6
4
2
6
4
3
1
4
4
1
1
4
5
4
5
0
5
4
5
6
6
7
6
4
5
3
6
5
6
6
3
6
3
6
5
3
5
5
7
6
6
8
5
7
6
7
9
8
8
4
7
6
9
7
9
9
7
8
9
10
8
8
12
10
10
12
11
13
10
12
14
14
14
14
14
14
11
13
13
13
12
13
14
12
11
12
12
13
14
16
14
15
13
15
17
17
18
16
15
19
18
15
16
20
20
18
20
21
21
21
22
26
22
24
29
27
25
27
32
30
29
27
35
32
32
37
37
35
36
34
38
41
38
39
39
39
37
39
38
37
39
40
43
39
41
43
47
44
46
40
43
46
46
45
43
46
44
44
49
50
48
45
47
48
44
44
42
43
43
41
47
47
48
46
48
52
47
49
55
54
51
50
50
52
52
53
50
55
55
54
57
57
55
58
62
61
61
65
68
67
69
70
75
76
81
80
88
89
91
93
95
96
97
96
99
98
101
95
100
101
97
99
102
101
101
99
104
101
98
98
99
101
96
95
97
99
96
97
99
103
102
102
106
105
105
106
104
112
108
108
110
116
116
116
122
124
123
122
127
130
129
129
128
133
130
127
130
127
126
125
128
125
125
126
127
130
129
129
131
136
138
142
147
144
147
151
157
159
160
161
167
168
163
164
172
165
161
165
167
166
163
160
164
165
168
169
177
175
176
179
189
191
192
194
202
205
210
208
220
221
216
216
222
223
219
215
214
214
206
202
203
199
190
186
189
187
179
183
186
185
185
186
199
197
196
202
213
219
222
230
245
252
250
264
270
279
278
289
298
302
301
312
324
328
329
337
345
350
352
357
362
373
368
367
378
386
380
379
389
390
382
377
380
377
360
352
355
348
337
333
338
329
322
322
327
328
326
329
338
339
338
345
354
369
372
387
406
417
423
436
452
459
459
459
464
462
460
452
459
460
445
448
446
444
432
427
427
424
414
404
413
412
399
401
412
412
408
420
431
436
429
442
457
461
462
474
484
494
489
499
517
520
517
524
539
545
537
536
554
547
546
543
541
542
528
518
516
513
490
485
485
473
466
458
461
451
442
447
449
446
447
451
461
461
462
461
476
471
468
471
478
473
470
468
473
469
461
455
462
456
443
432
434
428
412
403
408
396
391
380
385
387
381
385
390
394
389
395
404
409
403
406
416
426
427
429
441
451
453
464
476
482
482
483
498
496
498
504
511
517
513
521
539
540
541
543
550
561
565
568
579
583
571
569
572
573
562
561
556
556
548
530
544
539
526
527
528
534
520
522
532
526
530
533
553
560
574
585
606
619
631
644
670
687
696
708
730
753
760
770
793
805
804
819
835
842
832
826
839
849
848
855
872
875
875
875
889
896
892
898
911
902
900
901
908
899
907
896
918
922
913
919
928
922
913
906
927
912
894
907
908
908
892
899
902
908
891
892
892
895
882
885
884
887
879
878
889
893
884
896
902
896
897
906
912
914
919
925
951
967
968
984
1004
1026
1031
1048
1072
1086
1100
1116
1141
1159
1178
1205
1235
1252
1258
1279
1309
1307
1310
1320
1332
1334
1335
1356
1374
1384
1388
1387
1385
1388
1367
1355
1374
1360
1343
1328
1338
1316
1289
1275
1264
1249
1226
1212
1215
1192
1172
1161
1162
1143
1141
1138
1150
1148
1148
1148
1148
1149
1144
1146
1158
1164
1154
1157
1173
1169
1170
1173
1186
1190
1175
1186
1200
1198
1199
1205
1207
1222
1213
1208
1216
1209
1202
1199
1215
1204
1204
1201
1209
1211
1205
1202
1201
1193
1166
1153
1156
1144
1128
1124
1135
1126
1122
1114
1138
1142
1134
1129
1138
1138
1119
1111
1105
1102
1085
1068
1072
1058
1051
1041
1048
1039
1021
1012
1016
1012
995
984
987
989
977
978
988
1006
1004
1016
1041
1053
1055
1069
1086
1095
1093
1094
1097
1097
1086
1077
1075
1072
1067
1066
1080
1075
1068
1066
1075
1074
1062
1068
1079
1076
1070
1074
1095
1105
1101
1112
1131
1125
1127
1116
1121
1095
1068
1036
1027
991
962
933
932
911
893
877
881
873
862
849
856
856
850
859
874
883
875
889
904
903
905
910
919
912
890
877
882
868
832
829
827
816
808
814
827
841
844
871
890
907
929
945
975
994
995
1005
1016
1019
1014
1025
1039
1048
1042
1049
1054
1054
1049
1039
1054
1057
1048
1055
1067
1079
1086
1088
1106
1115
1135
1156
1184
1193
1199
1207
1222
1230
1217
1203
1219
1210
1190
1193
1194
1184
1171
1173
1181
1189
1191
1192
1207
1225
1220
1239
1251
1273
1279
1306
1344
1368
1389
1403
1425
1446
1459
1474
1483
1486
1483
1486
1501
1496
1486
1477
1483
1481
1461
1451
1444
1437
1421
1415
1417
1425
1421
1419
1439
1428
1423
1430
1431
1412
1402
1390
1391
1380
1381
1385
1392
1400
1403
1408
1412
1422
1434
1440
1467
1466
1491
1501
1530
1543
1558
1568
1591
1599
1609
1611
1638
1635
1630
1632
1650
1649
1631
1622
1629
1618
1604
1612
1622
1628
1635
1632
1660
1665
1673
1682
1692
1683
1680
1680
1682
1669
1672
1674
1681
1681
1678
1664
1667
1651
1635
1608
1606
1578
1542
1517
1492
1471
1434
1411
1403
1364
1322
1286
1268
1234
1198
1175
1166
1151
1124
1119
1132
1116
1120
1134
1162
1178
1203
1227
1272
1311
1333
1364
1396
1413
1420
1444
1455
1474
1487
1497
1516
1530
1527
1537
1548
1543
1534
1525
1529
1518
1490
1477
1473
1445
1419
1401
1399
1371
1351
1334
1326
1318
1293
1297
1290
1283
1268
1259
1280
1276
1275
1284
1298
1305
1325
1336
1367
1379
1390
1404
1420
1418
1419
1416
1415
1406
1395
1386
1388
1373
1358
1341
1339
1317
1289
1265
1254
1240
1211
1205
1197
1188
1171
1168
1180
1170
1164
1180
1181
1203
1192
1196
1215
1217
1218
1228
1239
1249
1242
1247
1262
1270
1257
1253
1260
1256
1238
1230
1232
1224
1202
1199
1200
1202
1175
1184
1175
1173
1168
1157
1169
1157
1137
1131
1131
1110
1101
1091
1107
1121
1123
1143
1168
1183
1188
1204
1240
1245
1257
1282
1303
1331
1340
1352
1373
1400
1417
1421
1449
1467
1461
1469
1483
1491
1477
1482
1484
1475
1466
1449
1452
1445
1429
1422
1413
1398
1378
1356
1337
1320
1304
1301
1296
1286
1273
1281
1292
1293
1295
1305
1327
1344
1355
1360
1379
1388
1392
1400
1413
1410
1400
1398
1398
1395
1367
1348
1342
1318
1289
1267
1261
1237
1213
1214
1221
1228
1224
1233
1263
1281
1289
1304
1337
1349
1364
1376
1416
1431
1446
1485
1515
1551
1571
1581
1604
1621
1611
1630
1638
1654
1651
1674
1690
1702
1713
1718
1737
1746
1755
1753
1780
1775
1773
1776
1800
1801
1810
1811
1832
1838
1846
1847
1855
1861
1861
1865
1859
1865
1849
1843
1837
1835
1808
1789
1782
1759
1752
1753
1750
1745
1738
1738
1744
1755
1753
1770
1788
1797
1794
1805
1813
1817
1827
1826
1834
1828
1828
1839
1854
1870
1883
1909
1925
1934
1934
1931
1914
1896
1876
1857
1845
1829
1811
1799
1792
1773
1743
1707
1684
1650
1610
1575
1547
1533
1484
1473
1476
1474
1463
1479
1498
1513
1531
1545
1563
1576
1581
1595
1625
1636
1645
1657
1663
1655
1650
1633
1609
1595
1555
1529
1509
1485
1459
1432
1408
1378
1339
1310
1293
1261
1217
1206
1195
1180
1168
1171
1185
1188
1199
1222
1264
1301
1317
1352
1382
1413
1428
1462
1502
1537
1566
1599
1646
1675
1712
1755
1785
1805
1827
1845
1856
1880
1892
1896
1900
1911
1921
1919
1930
1923
1921
1921
1919
1902
1902
1877
1853
1830
1807
1760
1736
1718
1681
1646
1609
1587
1540
1503
1482
1443
1410
1396
1389
1379
1357
1363
1366
1368
1364
1377
1378
1384
1388
1400
1415
1424
1431
1428
1453
1448
1437
1428
1435
1412
1386
1378
1368
1360
1339
1337
1338
1341
1334
1325
1336
1334
1332
1339
1363
1380
1386
1426
1476
1516
1538
1571
1616
1634
1652
1672
1673
1665
1643
1616
1604
1598
1560
1544
1531
1512
1483
1460
1445
1423
1386
1370
1363
1345
1323
1332
1334
1341
1348
1383
1409
1436
1451
1481
1507
1529
1537
1545
1565
1573
1575
1562
1571
1560
1544
1543
1545
1521
1511
1479
1475
1454
1431
1414
1401
1390
1374
1364
1367
1378
1370
1386
1407
1417
1429
1448
1484
1501
1508
1542
1569
1595
1618
1645
1679
1702
1734
1756
1782
1802
1825
1824
1849
1867
1869
1873
1894
1898
1900
1896
1913
1898
1911
1910
1908
1913
1913
1919
1914
1910
1917
1903
1902
1886
1880
1869
1862
1866
1851
1869
1881
1879
1895
1909
1910
1915
1926
1932
1950
1959
1965
1977
1973
1972
1979
1977
1976
1958
1952
1947
1936
1900
1886
1885
1871
1855
1856
1843
1858
1866
1870
1882
1884
1899
1907
1912
1910
1918
1917
1909
1919
1922
1928
1929
1942
1943
1967
1978
2001
2009
2045
2057
2059
2082
2115
2128
2130
2161
2210
2232
2201
2236
2316
2339
2262
2272
2393
2408
2300
2342
2458
2452
2362
2388
2484
2484
2360
2401
2519
2510
2447
2428
2545
2541
2437
2433
2548
2539
2431
2384
2448
2350
2236
2176
2204
2154
2100
2091
2095
2079
2086
2103
2152
2180
2191
2218
2305
2354
2283
2319
2458
2467
2373
2421
2515
2541
2434
2448
2567
2578
2458
2506
2587
2610
2486
2499
2617
2639
2512
2537
2634
2515
2378
2106
2110
2067
2055
2049
2059
2056
2064
2094
2144
2180
2181
2221
2310
2329
2269
2292
2406
2411
2310
2330
2405
2350
2236
2174
2165
2058
2000
1951
1902
1849
1819
1766
1727
1685
1671
1652
1637
1648
1659
1681
1710
1741
1779
1814
1849
1885
1913
1953
1954
1981
1991
1981
1992
1991
1966
1946
1914
1873
1840
1784
1714
1657
1620
1586
1549
1526
1534
1531
1536
1551
1588
1609
1647
1694
1756
1791
1849
1907
1956
1994
2031
2054
2071
2082
2105
2119
2082
2087
2100
2072
2051
2029
2028
2002
1964
1939
1909
1864
1852
1828
1814
1798
1806
1797
1796
1799
1811
1815
1819
1820
1822
1832
1812
1808
1815
1812
1808
1822
1845
1872
1884
1885
1903
1926
1943
1952
1978
1993
2022
2042
2046
2059
2080
2088
2092
2102
2143
2163
2155
2162
2212
2226
2168
2192
2261
2265
2217
2230
2295
2305
2224
2252
2330
2293
2229
2213
2252
2218
2156
2139
2130
2075
2040
2013
1985
1959
1936
1917
1886
1863
1841
1815
1774
1759
1754
1742
1732
1725
1715
1703
1683
1668
1658
1649
1620
1598
1591
1579
1571
1553
1548
1549
1559
1559
1598
1619
1644
1656
1695
1730
1748
1782
1799
1820
1837
1868
1889
1906
1922
1924
1954
1959
1972
1969
1968
1987
1991
1980
1983
1970
1952
1943
1926
1911
1890
1866
1844
1823
1804
1775
1775
1744
1721
1698
1681
1647
1607
1570
1543
1503
1469
1448
1444
1442
1431
1429
1438
1432
1429
1412
1409
1393
1365
1343
1321
1297
1260
1241
1239
1226
1213
1214
1223
1216
1201
1190
1184
1156
1139
1125
1124
1124
1094
1100
1120
1115
1118
1114
1130
1140
1140
1127
1145
1125
1121
1110
1105
1095
1084
1093
1105
1124
1141
1161
1195
1234
1256
1290
1329
1362
1383
1426
1459
1496
1522
1578
1635
1680
1707
1753
1788
1813
1827
1832
1854
1857
1858
1864
1870
1879
1872
1869
1872
1865
1867
1865
1855
1846
1824
1813
1811
1792
1791
1776
1755
1760
1716
1683
1642
1592
1538
1500
1491
1474
1461
1475
1486
1501
1511
1533
1570
1616
1633
1656
1701
1746
1780
1823
1874
1913
1946
1965
1987
1983
1972
1965
1913
1875
1851
1800
1784
1770
1746
1747
1753
1767
1774
1790
1799
1818
1819
1817
1817
1819
1812
1830
1838
1869
1879
1891
1903
1907
1904
1888
1871
1858
1849
1838
1828
1823
1811
1794
1778
1775
1771
1768
1790
1791
1774
1750
1748
1741
1727
1729
1742
1761
1774
1805
1834
1842
1854
1879
1905
1921
1943
1982
2011
2037
2080
2102
2122
2144
2207
2231
2198
2224
2293
2277
2226
2229
2318
2306
2219
2238
2314
2291
2218
2208
2246
2244
2187
2158
2168
2150
2091
2083
2103
2083
2068
2089
2109
2112
2105
2100
2127
2152
2127
2158
2202
2233
2203
2229
2302
2321
2264
2289
2388
2402
2300
2329
2416
2405
2308
2303
2403
2380
2279
2261
2322
2281
2187
2131
2139
2096
2039
2021
2001
1963
1951
1925
1905
1877
1859
1843
1822
1788
1752
1727
1683
1661
1631
1595
1554
1506
1451
1388
1308
1232
1180
1109
1027
948
899
840
783
741
719
693
655
641
641
634
635
643
656
679
694
726
753
765
768
783
799
816
814
830
850
868
888
914
961
1020
1061
1123
1182
1253
1305
1341
1392
1418
1448
1480
1511
1534
1544
1557
1576
1568
1571
1587
1619
1637
1650
1669
1686
1700
1694
1704
1706
1702
1706
1697
1706
1702
1702
1690
1697
1690
1674
1653
1642
1627
1590
1568
1552
1506
1468
1424
1401
1362
1325
1285
1258
1214
1166
1108
1065
1006
941
884
843
798
745
716
697
681
662
641
634
631
622
622
633
648
653
673
714
745
777
809
879
920
956
1018
1067
1109
1145
1187
1233
1259
1291
1327
1361
1390
1409
1432
1463
1488
1499
1519
1538
1555
1566
1581
1585
1592
1588
1591
1607
1609
1602
1609
1607
1612
1611
1623
1626
1630
1644
1645
1662
1676
1676
1685
1692
1693
1696
1699
1710
1714
1703
1695
1686
1647
1623
1604
1599
1605
1612
1609
1622
1617
1622
1627
1646
1659
1676
1677
1705
1709
1704
1694
1698
1690
1686
1668
1677
1681
1669
1654
1660
1659
1652
1643
1653
1654
1652
1644
1655
1665
1675
1678
1692
1713
1725
1741
1757
1763
1762
1772
1778
1764
1754
1750
1765
1774
1767
1769
1779
1768
1773
1759
1767
1759
1761
1764
1770
1785
1775
1767
1773
1766
1771
1776
1790
1796
1791
1791
1798
1815
1809
1805
1817
1797
1793
1785
1781
1768
1748
1733
1726
1706
1682
1656
1627
1609
1598
1582
1574
1565
1555
1542
1568
1584
1587
1611
1644
1672
1685
1707
1729
1749
1746
1775
1793
1808
1811
1817
1823
1809
1793
1741
1684
1617
1557
1519
1506
1499
1493
1492
1510
1518
1525
1542
1568
1587
1589
1605
1606
1607
1609
1622
1650
1680
1688
1707
1741
1769
1759
1751
1756
1736
1718
1703
1696
1675
1660
1652
1640
1641
1638
1636
1656
1654
1662
1654
1631
1593
1555
1538
1528
1528
1518
1511
1522
1506
1495
1483
1496
1490
1492
1512
1532
1550
1546
1556
1576
1577
1574
1583
1611
1614
1610
1615
1614
1618
1611
1623
1616
1621
1619
1596
1589
1574
1548
1529
1525
1499
1480
1477
1494
1497
1509
1510
1522
1529
1537
1544
1554
1567
1571
1574
1590
1597
1606
1627
1642
1643
1653
1652
1663
1675
1661
1663
1668
1665
1657
1658
1667
1671
1667
1663
1674
1688
1682
1674
1677
1669
1655
1636
1633
1609
1580
1563
1551
1544
1515
1493
1491
1467
1435
1403
1373
1345
1320
1273
1238
1203
1169
1145
1128
1111
1077
1061
1050
1051
1041
1035
1054
1078
1074
1085
1123
1146
1153
1190
1242
1263
1291
1307
1326
1336
1343
1353
1372
1367
1355
1357
1374
1370
1368
1363
1385
1380
1369
1375
1371
1371
1362
1350
1352
1343
1327
1312
1321
1319
1298
1281
1286
1283
1261
1253
1258
1253
1232
1215
1233
1220
1218
1213
1223
1212
1209
1188
1189
1174
1168
1152
1143
1123
1100
1087
1080
1071
1054
1049
1045
1045
1031
1027
1035
1031
1026
1026
1032
1026
1029
1040
1050
1053
1045
1052
1064
1071
1061
1061
1063
1057
1034
1014
1014
1006
991
988
989
983
968
970
970
955
938
929
929
925
914
906
920
932
916
919
923
924
907
904
912
892
888
884
896
894
876
872
885
864
857
851
864
854
854
854
859
847
837
833
851
853
845
840
864
865
857
863
873
877
870
870
879
870
859
860
860
859
850
843
852
855
846
833
838
825
809
799
788
783
773
761
766
759
739
738
748
748
732
719
728
721
700
701
705
704
695
701
706
698
697
698
706
710
703
707
707
712
705
702
715
708
703
704
704
696
685
676
686
673
668
669
681
681
673
673
680
669
670
673
688
683
673
677
685
682
687
685
699
685
661
639
637
641
629
639
646
645
636
637
638
630
611
596
601
589
593
592
601
609
601
613
621
622
621
618
639
638
620
606
605
597
581
582
605
610
605
596
595
582
559
551
550
532
530
534
538
530
526
531
556
554
553
573
596
599
591
588
597
587
571
569
587
595
581
576
590
585
576
583
593
593
584
574
573
563
542
533
540
539
532
529
541
533
537
538
546
548
540
548
566
571
577
582
608
618
628
652
670
341
-13
-12
-15
-11
-13
-12
-14
-12
556
551
-15
-13
-13
-12
-12

