;UFOS3
;Measurement details: channel = Z, date = 12.09.2015, time = 13:47:36
Exposure=280
Gain=0
Temperature=34.4
Accummulate=4
2.987797365611469 mu
3.0491095171548133 amas
19.041 hs
0 ozone
154409 uva
14143 uvb
10654 uve
[Value]
-11
288
285
286
284
287
286
286
306
300
361
360
299
300
368
370
307
307
366
384
300
315
399
382
316
312
414
407
323
321
411
387
325
322
391
385
318
317
394
398
317
317
384
391
318
319
411
408
325
326
400
398
314
320
417
406
313
316
407
417
315
327
396
418
323
319
409
389
316
320
383
411
320
328
394
397
311
318
392
397
319
323
421
397
313
319
397
404
318
320
400
409
314
320
399
391
320
316
390
412
321
317
392
403
319
329
414
400
318
320
408
387
321
323
395
409
319
316
390
395
312
317
404
406
314
324
395
384
311
322
407
414
312
320
394
412
311
317
397
396
321
314
410
413
318
323
402
418
316
323
417
411
317
316
402
398
316
320
412
405
315
322
398
397
324
327
401
413
317
317
397
424
316
323
388
410
317
323
405
400
314
322
424
400
321
322
384
392
320
318
397
414
315
325
402
403
323
317
392
403
317
321
392
397
317
319
393
400
316
323
389
391
321
320
408
405
318
317
397
407
317
320
391
408
315
321
400
396
319
322
407
393
320
320
390
402
327
321
415
391
317
316
386
405
315
321
403
401
318
314
402
395
324
317
393
401
319
326
439
396
319
320
409
390
318
316
416
394
314
320
397
391
311
325
400
398
323
309
405
399
319
322
410
401
322
319
414
397
322
314
404
397
313
318
402
392
314
318
402
398
309
314
402
397
319
320
413
404
325
322
399
404
313
318
412
385
330
322
409
394
322
321
406
418
313
316
415
410
321
319
390
397
317
315
405
395
318
314
399
391
315
324
395
413
321
327
397
415
317
327
406
403
320
319
385
392
322
321
393
391
316
324
399
388
318
324
385
401
319
313
408
406
318
323
394
395
319
325
407
404
316
320
393
392
319
321
404
407
319
324
419
395
315
314
400
411
322
324
412
408
317
317
401
415
322
327
409
397
315
328
406
398
319
329
407
407
326
319
398
402
318
323
396
408
320
316
379
402
317
320
402
399
312
315
391
412
316
321
401
402
323
317
411
396
314
317
400
414
314
324
406
430
316
318
396
398
318
325
402
405
321
319
395
393
316
317
412
386
317
317
390
399
322
324
399
395
326
326
395
400
320
316
393
412
309
322
403
407
314
332
408
399
312
327
391
391
320
314
388
404
322
325
404
397
314
319
382
412
312
326
414
420
320
321
399
407
321
321
405
407
319
321
404
414
320
322
399
405
324
320
410
404
320
324
399
395
321
323
404
399
330
320
396
392
322
322
400
417
315
319
393
391
324
323
396
393
320
322
417
401
332
325
408
426
320
325
392
413
325
320
412
406
321
325
402
392
325
322
405
410
321
320
408
415
324
320
399
402
320
327
391
405
320
326
393
413
314
324
404
405
316
324
399
389
326
325
405
405
313
323
414
409
322
324
406
406
327
325
406
397
323
333
420
406
327
321
404
419
335
330
417
392
317
321
397
398
320
321
406
426
322
331
410
408
320
325
391
408
334
328
423
412
326
332
414
408
326
322
411
416
318
329
418
404
320
329
421
419
331
333
408
403
323
332
406
408
322
333
418
417
333
338
425
409
330
334
427
435
333
338
415
399
335
336
412
412
338
341
401
420
337
333
432
420
332
336
411
418
335
342
436
407
341
341
402
421
335
344
423
430
340
341
429
420
346
344
418
417
345
357
439
439
351
362
453
422
354
354
426
433
362
353
438
437
355
358
438
441
358
363
444
440
358
364
442
450
367
372
447
450
375
363
450
447
370
370
443
449
370
368
480
443
370
376
448
449
373
372
452
451
368
376
470
458
377
374
444
441
369
378
475
466
373
386
461
449
372
382
461
457
379
378
469
476
379
380
475
465
389
393
489
486
397
400
472
465
405
407
499
492
419
426
511
497
425
431
510
524
433
429
518
522
429
440
516
514
435
431
505
499
434
421
508
523
428
424
526
504
432
433
512
511
424
430
515
518
437
442
535
529
436
445
514
542
443
454
563
545
457
455
546
554
464
472
556
539
460
468
574
545
463
473
563
545
465
475
550
551
468
469
553
549
482
478
580
554
482
490
569
578
493
503
577
585
508
501
598
577
487
499
589
582
504
505
577
573
499
507
588
605
509
523
595
603
531
537
616
656
556
561
652
645
561
563
660
645
568
560
631
640
540
543
617
622
540
532
610
597
528
527
620
603
528
521
625
611
547
538
655
644
558
574
667
681
600
616
714
713
644
648
717
748
650
677
753
772
691
701
794
795
717
723
815
804
728
730
825
837
749
760
844
849
750
775
822
823
716
719
788
782
691
684
768
767
680
682
743
767
681
688
774
781
700
703
804
814
743
755
856
880
797
813
918
926
835
846
948
929
830
843
912
918
821
824
897
885
810
801
880
894
785
783
858
870
773
784
880
868
784
802
890
924
810
821
926
918
844
849
960
952
871
895
993
980
907
917
992
1025
924
930
1013
1020
935
927
1002
1008
900
891
969
957
867
861
937
913
831
835
916
898
810
812
920
909
818
821
919
935
842
838
934
932
834
845
918
931
839
841
925
935
835
829
920
898
807
800
863
883
777
766
854
849
741
749
828
827
740
744
838
832
755
765
831
842
767
777
849
863
783
790
901
896
819
829
913
970
842
854
957
937
872
875
965
981
887
901
987
1007
910
921
1004
1037
938
948
1013
1019
945
949
1024
1015
927
928
1009
1000
918
908
989
1003
889
904
965
983
894
898
985
985
902
920
1013
1020
959
968
1067
1074
1008
1028
1130
1153
1078
1107
1195
1217
1139
1151
1260
1261
1193
1193
1290
1303
1208
1194
1297
1280
1221
1221
1324
1332
1242
1251
1334
1349
1259
1279
1364
1378
1286
1287
1378
1379
1297
1287
1389
1397
1303
1302
1407
1407
1304
1304
1388
1390
1295
1299
1388
1358
1276
1277
1349
1382
1272
1277
1362
1394
1262
1268
1348
1354
1266
1264
1344
1370
1272
1278
1382
1358
1284
1288
1386
1386
1300
1326
1412
1429
1354
1380
1495
1514
1428
1449
1547
1546
1485
1512
1637
1643
1586
1607
1715
1736
1670
1709
1805
1802
1730
1742
1836
1857
1762
1773
1875
1886
1791
1812
1883
1877
1779
1779
1863
1867
1761
1759
1825
1796
1693
1660
1758
1720
1612
1592
1690
1661
1554
1536
1623
1605
1515
1529
1603
1621
1523
1530
1628
1613
1519
1534
1604
1615
1532
1541
1640
1617
1537
1548
1655
1654
1570
1574
1662
1666
1581
1590
1681
1699
1606
1600
1657
1678
1596
1594
1680
1695
1584
1604
1677
1700
1576
1572
1659
1657
1563
1566
1652
1653
1548
1538
1641
1634
1563
1555
1643
1645
1548
1543
1626
1633
1518
1508
1592
1562
1470
1459
1530
1506
1418
1405
1508
1492
1385
1371
1425
1443
1342
1325
1417
1397
1308
1318
1402
1418
1341
1369
1453
1479
1406
1425
1516
1535
1443
1459
1547
1545
1457
1442
1530
1519
1423
1435
1537
1526
1436
1435
1528
1521
1427
1430
1482
1524
1439
1439
1535
1560
1468
1478
1568
1585
1479
1490
1542
1533
1434
1400
1462
1417
1309
1294
1365
1322
1239
1234
1305
1298
1198
1204
1275
1286
1202
1202
1294
1313
1234
1247
1338
1343
1259
1271
1349
1350
1259
1256
1351
1321
1209
1196
1279
1253
1165
1162
1257
1270
1194
1219
1326
1338
1273
1309
1384
1425
1338
1354
1430
1444
1343
1350
1435
1469
1358
1361
1442
1454
1348
1357
1454
1452
1352
1368
1462
1491
1384
1408
1527
1519
1463
1483
1608
1613
1542
1543
1648
1653
1549
1552
1623
1619
1535
1530
1596
1617
1509
1502
1596
1587
1516
1530
1635
1636
1553
1561
1648
1672
1614
1648
1746
1776
1719
1746
1839
1857
1778
1801
1893
1907
1802
1819
1908
1911
1802
1798
1905
1873
1782
1771
1858
1825
1727
1735
1819
1832
1715
1729
1827
1836
1740
1745
1824
1816
1727
1721
1795
1775
1697
1698
1814
1817
1712
1721
1814
1847
1737
1757
1863
1862
1795
1821
1933
1942
1868
1881
1997
1998
1924
1925
2023
2019
1937
1937
2030
2017
1938
1931
2006
1997
1904
1904
1994
2006
1919
1947
2049
2061
1988
2001
2068
2082
2008
1995
2060
2052
1988
1988
2097
2102
1996
1986
2069
2053
1948
1930
2004
1982
1862
1839
1889
1854
1734
1715
1775
1753
1630
1592
1630
1611
1498
1478
1551
1536
1430
1411
1498
1489
1405
1420
1517
1535
1473
1517
1633
1675
1614
1642
1767
1792
1709
1725
1829
1841
1766
1780
1892
1890
1807
1815
1910
1898
1839
1820
1897
1879
1769
1758
1819
1804
1713
1688
1762
1755
1645
1642
1711
1693
1621
1611
1681
1683
1705
1591
1676
1681
1570
1603
1697
1706
1624
1646
1735
1742
1678
1699
1809
1814
1706
1714
1796
1774
1671
1671
1732
1734
1629
1623
1675
1675
1551
1523
1601
1586
1473
1473
1556
1541
1457
1452
1562
1524
1472
1481
1573
1574
1486
1498
1580
1612
1506
1526
1616
1623
1532
1545
1636
1644
1554
1563
1659
1639
1536
1536
1615
1600
1503
1499
1585
1563
1484
1470
1560
1556
1458
1467
1560
1549
1442
1431
1504
1502
1396
1396
1483
1491
1416
1424
1524
1546
1475
1496
1600
1613
1553
1571
1672
1687
1618
1641
1741
1777
1697
1714
1819
1841
1742
1764
1858
1842
1762
1774
1849
1827
1744
1744
1812
1815
1724
1714
1773
1766
1660
1659
1713
1721
1612
1611
1684
1690
1588
1583
1670
1703
1600
1616
1732
1726
1657
1677
1771
1772
1697
1697
1789
1809
1715
1742
1833
1800
1712
1686
1766
1743
1600
1577
1661
1618
1514
1517
1604
1583
1512
1525
1620
1646
1557
1578
1732
1716
1645
1648
1754
1782
1707
1735
1826
1864
1803
1819
1910
1920
1840
1849
1944
1942
1875
1896
1989
2008
1952
1975
2075
2077
1989
2002
2104
2123
2033
2036
2123
2141
2056
2064
2170
2185
2107
2102
2186
2183
2106
2111
2195
2199
2141
2161
2231
2263
2181
2189
2296
2287
2187
2172
2256
2232
2150
2145
2234
2214
2132
2125
2203
2210
2108
2103
2191
2179
2081
2086
2152
2146
2042
2034
2116
2095
2008
2011
2103
2086
2000
1988
2038
2051
1934
1925
2002
2013
1904
1919
2013
1999
1917
1910
1985
1958
1845
1826
1885
1852
1726
1725
1788
1794
1717
1714
1832
1833
1782
1788
1884
1910
1820
1835
1939
1967
1890
1910
2009
2025
1925
1916
1978
1944
1834
1809
1862
1845
1735
1710
1789
1759
1619
1595
1645
1640
1503
1475
1550
1519
1433
1438
1547
1541
1474
1488
1595
1620
1562
1600
1710
1720
1671
1701
1826
1844
1806
1828
1961
1978
1951
1986
2118
2133
2061
2092
2199
2190
2136
2151
2249
2250
2179
2180
2290
2273
2182
2181
2255
2227
2134
2121
2187
2144
2036
2018
2115
2046
1940
1921
1971
1935
1810
1769
1819
1770
1672
1644
1738
1703
1628
1620
1721
1732
1609
1623
1719
1713
1635
1668
1750
1768
1688
1692
1768
1770
1682
1665
1717
1731
1643
1604
1714
1695
1576
1569
1678
1684
1572
1579
1665
1665
1570
1586
1690
1703
1642
1685
1807
1839
1794
1825
1970
1967
1909
1925
2002
1995
1891
1882
1971
1921
1808
1800
1859
1848
1736
1719
1780
1744
1639
1629
1702
1687
1590
1581
1666
1685
1601
1632
1742
1781
1705
1738
1859
1862
1793
1811
1898
1925
1832
1836
1914
1926
1819
1822
1921
1910
1792
1776
1845
1806
1707
1690
1751
1761
1639
1648
1724
1715
1638
1659
1737
1754
1698
1721
1831
1846
1767
1794
1896
1925
1862
1895
2024
2029
1977
1996
2119
2120
2055
2083
2186
2196
2117
2129
2218
2240
2131
2145
2234
2247
2166
2162
2256
2245
2156
2162
2248
2234
2143
2150
2205
2227
2105
2113
2195
2160
2098
2109
2193
2196
2107
2129
2227
2238
2148
2156
2260
2278
2196
2199
2314
2296
2292
2240
2329
2334
2247
2237
2295
2314
2201
2190
2257
2244
2149
2150
2240
2236
2131
2142
2226
2222
2139
2148
2242
2232
2144
2143
2261
2223
2143
2136
2237
2246
2145
2163
2272
2271
2201
2234
2346
2354
2284
2310
2410
2424
2378
2423
2528
2549
2513
2544
2613
2639
2612
2624
2669
2690
2670
2686
2712
2721
2711
2713
2743
2748
2760
2764
2779
2781
2788
2781
2787
2772
2747
2716
2711
2686
2587
2545
2557
2530
2404
2372
2441
2400
2315
2333
2403
2401
2363
2398
2534
2556
2540
2592
2660
2700
2709
2744
2762
2788
2801
2823
2829
2853
2854
2877
2873
2893
2890
2905
2901
2907
2885
2753
2705
2527
2401
2347
2379
2367
2294
2290
2381
2383
2292
2303
2398
2406
2378
2412
2522
2581
2541
2583
2655
2671
2660
2665
2693
2693
2632
2585
2585
2523
2394
2331
2357
2320
2181
2139
2185
2110
1985
1949
2014
1974
1898
1896
2016
2011
1947
1989
2124
2158
2105
2158
2284
2281
2248
2269
2374
2353
2277
2267
2332
2321
2213
2184
2243
2186
2017
1956
2029
1952
1849
1823
1912
1902
1828
1851
1976
1986
1930
1985
2105
2182
2138
2199
2336
2359
2318
2360
2439
2457
2390
2398
2493
2461
2390
2371
2427
2424
2313
2300
2390
2343
2217
2189
2240
2201
2115
2112
2198
2197
2126
2134
2233
2237
2151
2166
2242
2264
2138
2142
2219
2203
2129
2129
2254
2260
2181
2205
2298
2325
2242
2262
2369
2384
2321
2343
2437
2456
2389
2401
2485
2499
2452
2475
2549
2569
2505
2520
2584
2585
2540
2554
2618
2633
2602
2605
2663
2659
2619
2614
2649
2630
2569
2542
2597
2539
2465
2418
2465
2422
2308
2288
2342
2334
2214
2196
2286
2241
2121
2100
2150
2161
2054
2061
2174
2139
2033
2029
2087
2064
1959
1956
2017
1991
1911
1903
1995
1971
1901
1918
2037
2042
1983
2020
2140
2174
2153
2131
2254
2249
2202
2221
2344
2348
2286
2296
2396
2394
2321
2341
2435
2440
2365
2364
2458
2427
2343
2334
2393
2387
2281
2264
2341
2289
2200
2178
2237
2203
2107
2089
2161
2129
2006
1975
2017
1951
1854
1826
1900
1879
1808
1825
1914
1895
1804
1809
1875
1859
1755
1729
1784
1753
1644
1610
1715
1663
1585
1593
1681
1670
1581
1579
1658
1619
1512
1498
1575
1575
1471
1481
1566
1565
1497
1496
1573
1587
1509
1510
1595
1568
1491
1498
1574
1548
1460
1468
1566
1570
1504
1545
1674
1670
1642
1676
1801
1820
1774
1816
1954
1973
1920
1977
2118
2160
2129
2168
2284
2314
2247
2268
2378
2357
2283
2303
2385
2401
2320
2311
2398
2403
2310
2307
2380
2365
2269
2254
2318
2312
2215
2210
2298
2276
2161
2129
2196
2147
2025
2006
2090
2091
2007
2031
2133
2139
2089
2124
2235
2252
2194
2218
2329
2341
2304
2333
2442
2488
2446
2467
2555
2572
2481
2443
2467
2390
2232
2164
2207
2149
2025
2031
2093
2100
2018
2032
2176
2182
2123
2141
2259
2255
2192
2225
2362
2382
2331
2370
2467
2470
2400
2401
2464
2434
2355
2323
2394
2396
2303
2283
2354
2339
2252
2263
2366
2351
2282
2259
2337
2313
2211
2213
2292
2334
2274
2308
2414
2439
2356
2366
2477
2491
2445
2482
2590
2597
2584
2619
2677
2700
2710
2739
2755
2776
2788
2799
2807
2815
2822
2822
2829
2829
2838
2831
2841
2832
2836
2823
2831
2809
2812
2763
2773
2731
2694
2669
2691
2676
2664
2659
2702
2688
2683
2676
2712
2723
2728
2753
2767
2787
2797
2813
2821
2837
2842
2857
2858
2875
2875
2893
2890
2906
2899
2920
2914
2929
2923
2935
2929
2937
2930
2888
2891
2715
2677
2542
2576
2529
2457
2427
2470
2446
2346
2312
2372
2298
2219
2164
2222
2182
2056
2017
2066
2016
1850
1783
1814
1758
1578
1500
1527
1448
1300
1234
1287
1213
1104
1083
1150
1158
1038
1057
1146
1165
1097
1141
1285
1292
1253
1306
1436
1472
1426
1468
1638
1603
1540
1565
1666
1690
1652
1682
1835
1879
1817
1850
1979
1999
1949
1980
2103
2137
2081
2086
2188
2156
2032
1992
2022
1973
1843
1819
1886
1845
1770
1799
1891
1966
1913
1963
2100
2155
2101
2129
2246
2277
2202
2212
2281
2257
2143
2101
2144
2104
1942
1903
1970
1931
1800
1780
1835
1791
1654
1615
1664
1583
1428
1367
1383
1333
1188
1149
1225
1207
1089
1071
1149
1139
1040
1038
1149
1144
1076
1103
1246
1268
1224
1273
1442
1485
1447
1498
1658
1731
1670
1720
1866
1917
1869
1931
2050
2072
2030
2068
2172
2189
2120
2141
2236
2254
2162
2171
2249
2238
2151
2159
2243
2256
2187
2192
2280
2274
2171
2173
2268
2260
2184
2198
2289
2298
2220
2215
2323
2325
2256
2288
2382
2380
2305
2314
2392
2373
2283
2292
2369
2379
2300
2302
2372
2370
2294
2293
2379
2376
2321
2327
2416
2453
2332
2324
2396
2400
2304
2298
2385
2389
2298
2289
2364
2333
2222
2184
2274
2267
2210
2212
2290
2309
2236
2259
2359
2386
2334
2361
2480
2487
2427
2441
2527
2499
2430
2430
2510
2479
2434
2442
2516
2514
2428
2445
2533
2489
2449
2429
2508
2531
2466
2455
2533
2521
2447
2457
2533
2542
2469
2486
2556
2545
2491
2499
2580
2569
2499
2477
2543
2522
2453
2423
2473
2431
2368
2366
2439
2407
2311
2300
2390
2368
2284
2284
2367
2382
2297
2310
2430
2455
2388
2413
2474
2513
2442
2464
2584
2565
2533
2550
2618
2593
2532
2479
2500
2436
2313
2274
2344
2319
2196
2179
2302
2276
2186
2214
2322
2342
2254
2272
2374
2342
2291
2311
2411
2434
2386
2408
2525
2538
2448
2418
2468
2412
2279
2239
2314
2309
2220
2217
2334
2339
2257
2269
2376
2390
2320
2316
2386
2359
2253
2248
2334
2324
2228
2227
2325
2307
2238
2232
2294
2307
2223
2234
2319
2317
2242
2255
2331
2319
2237
2248
2350
2395
2314
2321
2426
2388
2287
2292
2380
2371
2276
2262
2318
2288
2166
2146
2217
2190
2121
2149
2261
2270
2224
2244
2339
2329
2252
2257
2356
2340
2244
2254
2344
2339
2254
2268
2387
2389
2320
2324
2424
2406
2352
2344
2421
2380
2288
2276
2349
2329
2250
2260
2361
2381
2318
2347
2429
2427
2360
2336
2410
2386
2287
2272
2352
2302
2200
2185
2254
2234
2118
2081
2182
2086
1979
1941
1993
1961
1852
1855
1927
1888
1805
1807
1905
1904
1807
1817
1913
1916
1823
1847
1939
1989
1896
1920
2041
2047
1980
1973
2059
2052
1973
1967
2043
2030
1923
1919
1979
1976
1848
1829
1915
1896
1802
1805
1899
1889
1810
1812
1931
1919
1833
1869
1969
1972
1897
1911
1988
1977
1905
1905
1980
1983
1878
1867
1957
1955
1852
1843
1935
1933
1821
1808
1895
1902
1797
1788
1866
1843
1736
1709
1818
1791
1673
1659
1729
1726
1614
1623
1712
1697
1604
1616
1704
1692
1617
1639
1715
1739
1646
1637
1744
1743
1667
1659
1748
1727
1633
1612
1689
1669
1583
1579
1668
1635
1544
1539
1652
1602
1511
1506
1580
1573
1481
1492
1573
1577
1488
1488
1593
1586
1498
1505
1577
1565
1456
1451
1556
1536
1437
1417
1524
1508
1404
1402
1496
1478
1385
1382
1483
1464
1365
1370
1465
1474
1384
1396
1496
1486
1368
1390
1482
1478
1392
1408
1519
1519
1407
1412
1510
1492
1407
1404
1505
1471
1390
1390
1470
1437
1337
1333
1426
1383
1283
1286
1383
1350
1249
1253
1343
1327
1244
1248
1306
1348
1206
1218
1314
1285
1218
1216
1320
1312
1226
1237
1344
1321
1224
1232
1326
1303
1228
1228
1316
1320
1219
1224
1315
1300
1197
1190
1323
1279
1173
1181
1276
1258
1176
1175
1262
1245
1150
1166
1276
1269
1187
1204
1286
1284
1197
1210
1301
1308
1213
1208
1297
1270
1174
1164
1244
1237
1160
1147
1245
1216
1117
1105
1206
1184
1081
1089
1186
1174
1104
1107
1216
1202
1114
1136
1245
1228
1127
1110
1207
1194
1135
1158
1259
1246
1174
1182
1298
1300
1196
1199
1291
1280
1180
1192
1260
1261
1181
1178
1259
1259
1159
1156
1253
1234
1132
1110
1193
1179
1062
1080
1189
1171
1071
1053
1154
1125
1019
1009
1105
1041
955
950
1047
1003
913
917
1040
1020
934
946
1058
1066
952
970
1066
1069
972
976
1083
1083
1002
1006
1105
1146
1032
1045
1152
1153
1069
1067
1166
1159
1058
1059
1138
1141
1046
1051
1148
1152
1069
1062
1174
1153
1068
1077
1169
1173
1091
1096
1208
1217
1138
1154
1223
818
285
285
287
286
287
285
286
285
986
1003
285
287
286
-11
-11

