;UFOS3
;Measurement details: channel = S-D, date = 12.09.2015, time = 13:58:47
Exposure=473
Gain=0
Temperature=34.4
Accummulate=4
3.181923668619928 mu
3.24850857008515 amas
17.766 hs
301 ozone
116979 uva
983 uvb
204 uve
[Value]
-11
-10
-9
-10
-12
-12
-12
-14
-11
-10
-11
-14
-12
-14
-9
-13
-11
-11
-11
-10
-14
-7
0
2
0
-1
0
-4
-1
0
1
-3
-3
-3
-2
0
0
-2
-2
0
-1
1
-2
2
0
0
-2
-1
-1
-1
-3
-1
0
0
2
-3
-3
0
3
1
0
1
-1
0
-1
1
0
2
-1
1
-2
2
0
-1
1
5
0
0
-1
-1
0
-1
1
2
1
-2
2
1
0
0
2
1
2
-3
1
0
1
1
2
0
1
0
2
0
0
2
5
-1
0
-1
1
2
3
0
-1
-1
1
1
3
4
0
-1
-1
2
2
-2
1
1
-1
0
-1
2
1
1
3
0
0
1
1
-2
0
0
-2
1
0
0
0
2
0
1
1
3
2
1
1
-2
2
-1
1
1
-2
2
1
2
1
3
1
0
-1
-1
3
-3
1
-2
-2
1
-1
1
1
3
-2
-1
-5
4
0
-1
0
3
1
0
0
-1
0
-2
2
3
1
1
1
0
1
-3
-1
3
2
2
0
1
0
1
-1
0
1
-2
1
-1
0
-2
0
2
-3
0
3
-2
0
1
-1
0
3
2
-2
-2
-1
0
-2
-1
0
-2
-4
-1
-1
0
1
0
0
1
2
-1
2
-1
-1
-3
1
0
-2
2
-1
-2
-2
0
1
-2
1
1
0
-2
1
0
1
0
0
5
3
-2
3
-2
2
1
-1
4
0
2
1
0
2
-1
0
2
1
-1
2
0
-1
1
1
0
-1
1
1
2
-1
2
2
0
-1
1
0
0
3
0
0
-1
1
-1
2
-1
0
0
4
1
1
2
1
3
0
2
-3
4
0
0
-1
2
1
-3
0
3
0
1
0
-3
-1
0
-2
2
-1
1
2
-2
3
1
1
0
0
2
-1
-2
0
-1
2
1
-2
2
3
2
1
1
1
1
1
0
0
1
1
-2
1
1
-1
1
2
-3
-1
1
2
2
-2
0
1
0
-3
2
0
0
1
1
4
0
1
-1
0
2
-2
-1
2
0
1
0
2
0
0
-1
-2
1
-1
-2
-1
4
3
-1
1
0
0
1
-2
1
2
0
0
2
0
-1
3
-2
-1
0
3
3
0
2
2
-1
2
2
3
2
0
1
1
0
1
1
1
2
-1
-1
1
2
-1
2
0
0
4
-1
5
-4
2
-1
3
3
0
5
0
0
3
3
0
-2
2
3
1
-1
1
1
4
3
1
2
-1
2
-2
1
2
-2
2
0
2
1
0
-1
2
-1
0
2
2
1
-1
4
4
0
0
-1
2
0
0
0
0
0
3
1
3
1
0
1
3
0
1
-2
4
1
1
4
1
1
0
2
3
4
3
4
2
0
-1
5
2
1
2
3
1
3
1
2
3
3
2
1
1
1
4
1
3
2
0
3
5
2
3
2
0
1
5
5
2
2
3
3
3
5
-1
3
5
6
2
2
1
4
0
3
4
2
3
1
4
3
4
5
2
5
3
3
2
2
4
3
0
2
4
1
5
6
3
3
1
4
1
6
4
2
5
3
3
1
5
3
2
3
6
4
-1
3
3
5
1
3
2
4
5
3
5
3
0
5
2
1
4
4
1
3
2
7
3
6
5
4
5
4
6
6
5
4
5
2
3
5
4
5
6
5
5
3
5
5
5
3
6
3
4
5
6
2
7
5
4
7
9
3
3
6
6
9
2
4
2
10
5
7
9
7
8
7
9
11
10
10
10
11
11
11
11
9
10
11
11
12
13
13
13
15
11
12
14
11
10
11
12
13
11
14
13
11
10
7
13
12
11
13
11
13
13
12
13
15
13
11
16
16
17
19
21
17
19
18
17
21
18
19
25
24
24
24
25
23
28
27
26
29
28
28
31
32
31
33
33
34
35
30
35
37
32
31
35
37
32
35
35
35
34
34
42
39
36
39
39
41
39
38
39
40
41
37
42
41
41
41
36
39
41
39
40
41
40
38
41
41
41
41
44
45
46
43
47
45
46
44
47
50
48
46
48
50
49
48
51
51
53
52
52
55
54
53
57
60
61
61
67
69
74
74
76
79
80
82
86
89
87
86
91
88
91
90
92
94
92
91
94
93
92
89
94
89
87
88
92
89
90
92
91
89
89
86
94
93
90
91
96
97
99
99
98
101
101
102
105
107
104
107
116
109
116
115
120
121
118
118
124
121
119
119
119
121
118
117
117
119
117
119
120
123
118
120
126
128
128
133
136
135
138
141
147
147
147
152
161
158
155
156
158
153
151
153
157
154
157
154
158
161
162
163
172
170
166
171
177
179
175
182
197
195
199
208
207
210
206
205
206
209
204
203
205
201
192
191
193
188
183
178
179
179
178
174
172
177
175
174
186
188
188
192
204
210
209
223
230
240
245
254
262
267
269
272
288
292
292
297
309
318
318
323
336
339
335
344
359
356
354
350
364
367
365
369
374
372
365
364
366
360
347
344
339
335
326
322
323
319
314
313
319
319
316
320
329
333
333
335
354
364
360
380
391
407
415
429
440
453
445
452
457
455
447
446
452
456
435
429
439
432
418
420
419
415
403
404
406
401
390
390
398
403
398
410
423
429
420
430
444
445
445
459
476
483
484
483
508
512
512
516
528
536
528
535
542
546
536
532
536
535
520
510
514
502
488
480
483
474
465
455
460
454
442
442
450
446
444
448
456
464
457
455
470
474
463
466
480
467
461
461
474
467
454
451
460
441
433
428
427
419
402
395
405
394
383
373
384
382
375
381
384
387
390
385
393
399
395
405
422
428
424
426
448
453
454
464
471
479
478
482
500
503
498
506
519
531
522
525
541
547
540
539
562
559
562
569
578
584
575
566
578
572
560
558
560
559
541
534
541
537
523
522
527
526
524
519
530
529
530
530
554
565
567
579
601
614
623
641
667
685
689
710
736
749
756
763
792
809
806
815
836
838
830
833
846
855
849
855
873
879
873
882
893
898
896
900
915
912
902
903
912
912
905
906
917
921
915
920
934
932
927
908
919
917
907
903
914
907
896
894
902
906
891
890
895
885
881
876
884
888
874
871
888
881
885
885
903
904
886
899
916
919
919
931
943
966
968
988
1015
1023
1042
1062
1082
1095
1103
1126
1150
1175
1188
1211
1234
1263
1269
1294
1320
1322
1317
1328
1346
1351
1343
1363
1387
1390
1396
1390
1393
1387
1385
1369
1371
1363
1350
1338
1341
1318
1289
1279
1267
1252
1225
1213
1213
1194
1172
1158
1163
1156
1137
1138
1149
1146
1143
1143
1154
1154
1140
1149
1157
1165
1157
1163
1180
1177
1172
1166
1177
1185
1177
1183
1194
1200
1207
1205
1225
1222
1211
1217
1225
1219
1204
1207
1217
1219
1211
1208
1215
1221
1205
1202
1203
1194
1170
1163
1163
1155
1136
1128
1136
1134
1127
1129
1142
1149
1142
1145
1144
1137
1119
1117
1115
1106
1080
1078
1074
1066
1060
1045
1046
1042
1023
1013
1018
1010
992
985
995
993
975
975
993
1004
1007
1019
1041
1049
1060
1070
1084
1091
1090
1092
1094
1095
1083
1084
1087
1076
1066
1065
1082
1080
1075
1070
1072
1078
1071
1072
1084
1086
1077
1077
1101
1112
1105
1116
1128
1135
1128
1121
1120
1100
1070
1046
1026
998
969
943
934
914
899
888
885
874
860
857
867
864
855
857
873
881
879
899
910
907
902
906
917
912
888
878
879
863
844
835
833
818
811
812
834
842
842
864
893
907
928
945
971
992
983
998
1011
1019
1010
1018
1036
1041
1042
1045
1049
1052
1049
1039
1054
1053
1049
1051
1076
1075
1077
1089
1110
1115
1131
1158
1185
1194
1204
1209
1221
1226
1207
1212
1219
1206
1191
1192
1197
1182
1174
1172
1177
1193
1191
1200
1212
1227
1218
1236
1254
1271
1282
1308
1343
1364
1387
1399
1422
1447
1465
1468
1478
1492
1484
1475
1502
1490
1477
1468
1484
1475
1459
1440
1446
1432
1412
1407
1418
1420
1410
1415
1429
1430
1419
1425
1423
1423
1397
1388
1393
1400
1379
1381
1392
1394
1393
1407
1410
1424
1430
1438
1465
1470
1483
1497
1519
1544
1560
1570
1587
1597
1607
1611
1632
1634
1630
1625
1647
1634
1626
1621
1620
1624
1602
1603
1611
1623
1624
1632
1649
1659
1659
1666
1687
1676
1674
1667
1677
1671
1671
1667
1675
1683
1663
1662
1653
1642
1620
1602
1590
1570
1535
1505
1489
1458
1427
1400
1387
1363
1312
1284
1267
1225
1194
1164
1168
1142
1123
1119
1123
1120
1119
1122
1150
1178
1197
1231
1271
1298
1330
1356
1381
1410
1416
1427
1452
1455
1475
1487
1512
1521
1516
1529
1526
1532
1523
1514
1523
1505
1484
1468
1457
1443
1413
1390
1387
1367
1347
1330
1319
1306
1282
1278
1280
1278
1257
1254
1262
1272
1261
1276
1294
1309
1321
1322
1357
1366
1382
1393
1416
1411
1411
1403
1412
1402
1384
1367
1383
1368
1345
1331
1327
1305
1279
1256
1242
1224
1196
1195
1188
1177
1161
1167
1169
1164
1163
1167
1187
1184
1183
1186
1200
1211
1205
1208
1234
1239
1234
1241
1250
1246
1242
1240
1247
1253
1230
1218
1223
1209
1193
1193
1187
1183
1170
1172
1169
1163
1162
1151
1160
1151
1136
1122
1123
1103
1091
1082
1106
1109
1108
1129
1159
1170
1179
1196
1224
1233
1243
1267
1283
1305
1320
1339
1358
1383
1398
1408
1437
1448
1446
1456
1470
1470
1465
1466
1470
1458
1449
1439
1435
1435
1417
1403
1394
1386
1361
1337
1333
1307
1287
1280
1282
1273
1258
1272
1283
1280
1283
1289
1320
1331
1335
1348
1371
1369
1376
1375
1392
1389
1375
1385
1382
1375
1345
1341
1331
1298
1280
1251
1240
1227
1203
1190
1201
1211
1211
1224
1252
1272
1269
1296
1314
1323
1342
1364
1395
1420
1436
1461
1501
1530
1554
1561
1580
1589
1598
1600
1611
1638
1636
1648
1664
1681
1690
1695
1721
1720
1725
1722
1744
1750
1749
1755
1774
1773
1779
1789
1791
1819
1820
1831
1834
1832
1838
1838
1839
1837
1825
1813
1818
1809
1779
1764
1755
1734
1719
1724
1711
1721
1707
1710
1716
1727
1727
1741
1758
1772
1771
1784
1783
1792
1788
1795
1803
1802
1798
1802
1825
1837
1851
1872
1896
1901
1910
1894
1885
1866
1851
1823
1818
1806
1789
1777
1766
1744
1717
1686
1661
1623
1588
1558
1524
1501
1466
1445
1451
1445
1443
1461
1484
1497
1503
1516
1536
1548
1558
1569
1599
1603
1613
1625
1633
1629
1623
1606
1580
1569
1528
1503
1483
1461
1430
1394
1388
1359
1318
1296
1269
1234
1202
1184
1186
1163
1159
1148
1163
1174
1189
1204
1252
1274
1296
1330
1361
1387
1401
1433
1479
1514
1537
1574
1612
1645
1680
1715
1750
1779
1796
1810
1828
1845
1856
1857
1854
1867
1877
1882
1890
1891
1884
1883
1873
1876
1859
1834
1815
1797
1774
1724
1709
1683
1645
1614
1584
1562
1511
1473
1458
1417
1388
1375
1375
1366
1334
1342
1338
1342
1339
1350
1359
1361
1366
1373
1390
1396
1400
1403
1425
1418
1416
1400
1398
1379
1359
1344
1340
1328
1317
1310
1313
1319
1308
1299
1316
1307
1306
1304
1339
1361
1368
1401
1438
1483
1514
1544
1582
1596
1621
1624
1645
1623
1607
1584
1574
1557
1541
1513
1493
1486
1449
1430
1414
1399
1364
1343
1328
1325
1302
1300
1310
1320
1318
1350
1380
1408
1422
1452
1479
1504
1508
1519
1532
1541
1538
1538
1528
1524
1519
1509
1510
1495
1476
1452
1448
1424
1405
1378
1373
1361
1341
1336
1340
1347
1336
1356
1377
1392
1407
1425
1448
1475
1476
1511
1537
1566
1573
1618
1635
1681
1693
1711
1739
1745
1770
1786
1808
1820
1833
1834
1845
1853
1844
1855
1859
1857
1869
1864
1871
1860
1875
1863
1879
1871
1865
1859
1853
1849
1838
1823
1828
1830
1825
1823
1848
1839
1846
1855
1867
1871
1879
1890
1901
1909
1921
1925
1932
1927
1939
1932
1928
1921
1906
1895
1879
1863
1845
1837
1829
1813
1805
1811
1816
1823
1823
1840
1839
1844
1863
1872
1879
1887
1872
1868
1882
1878
1876
1890
1888
1897
1924
1930
1953
1974
1995
2011
2022
2036
2062
2084
2090
2115
2152
2176
2155
2187
2264
2278
2216
2232
2350
2356
2250
2291
2422
2406
2306
2331
2444
2440
2303
2352
2486
2475
2394
2380
2508
2500
2368
2361
2487
2461
2336
2285
2339
2259
2155
2120
2134
2091
2048
2043
2041
2028
2036
2051
2102
2125
2147
2185
2262
2315
2242
2284
2432
2442
2330
2378
2494
2516
2396
2411
2553
2557
2424
2462
2573
2590
2450
2471
2602
2623
2475
2434
2519
2151
2095
2025
2040
2015
2001
2002
2014
2011
2024
2045
2090
2122
2136
2173
2255
2276
2225
2244
2356
2367
2254
2270
2337
2268
2160
2103
2090
2010
1947
1900
1871
1802
1772
1724
1688
1643
1628
1602
1599
1604
1617
1635
1669
1687
1741
1764
1800
1835
1862
1900
1903
1926
1937
1935
1931
1935
1914
1894
1859
1822
1780
1729
1679
1617
1577
1543
1510
1486
1497
1493
1497
1511
1546
1572
1610
1644
1710
1750
1810
1847
1906
1935
1962
1997
2021
2031
2044
2059
2029
2025
2033
2006
1987
1966
1968
1937
1915
1884
1852
1823
1801
1775
1761
1742
1754
1755
1745
1756
1759
1767
1771
1772
1778
1778
1765
1759
1766
1758
1755
1781
1792
1812
1825
1834
1852
1867
1884
1909
1918
1928
1973
1986
1990
2007
2022
2022
2035
2050
2086
2102
2099
2101
2152
2157
2124
2131
2194
2189
2161
2174
2229
2230
2173
2190
2263
2218
2159
2150
2179
2149
2091
2074
2063
2021
1988
1947
1928
1892
1881
1860
1834
1808
1788
1756
1738
1713
1713
1703
1677
1676
1667
1654
1635
1611
1612
1593
1564
1547
1545
1529
1523
1513
1511
1516
1519
1522
1552
1573
1587
1611
1645
1683
1695
1718
1746
1772
1779
1818
1832
1845
1864
1874
1886
1894
1914
1910
1922
1924
1928
1914
1926
1910
1892
1884
1873
1854
1836
1796
1792
1761
1739
1728
1706
1683
1664
1644
1620
1600
1552
1516
1490
1454
1426
1413
1402
1399
1394
1392
1395
1395
1384
1367
1364
1348
1325
1298
1280
1253
1217
1204
1203
1197
1174
1180
1190
1172
1165
1152
1156
1121
1106
1093
1088
1082
1070
1063
1082
1082
1074
1077
1101
1105
1098
1095
1102
1090
1083
1079
1084
1074
1056
1065
1077
1095
1105
1124
1172
1194
1215
1245
1291
1321
1346
1382
1409
1445
1487
1523
1580
1623
1658
1693
1736
1751
1770
1770
1799
1799
1794
1808
1817
1812
1810
1806
1818
1804
1806
1796
1804
1788
1773
1757
1755
1741
1728
1723
1711
1702
1665
1630
1585
1542
1483
1454
1444
1429
1416
1416
1449
1455
1458
1484
1526
1557
1589
1613
1646
1691
1724
1768
1808
1848
1883
1910
1926
1918
1906
1893
1846
1823
1791
1751
1725
1712
1688
1687
1705
1715
1716
1729
1749
1756
1759
1761
1758
1760
1758
1770
1779
1801
1822
1829
1841
1842
1852
1832
1819
1799
1797
1770
1764
1766
1756
1735
1728
1719
1716
1714
1731
1727
1717
1699
1691
1685
1674
1675
1696
1705
1722
1746
1781
1788
1804
1820
1837
1868
1890
1919
1953
1976
2019
2038
2055
2088
2135
2160
2138
2158
2206
2202
2159
2162
2224
2224
2161
2165
2231
2202
2146
2143
2181
2161
2120
2095
2088
2068
2027
2023
2027
2018
2011
2022
2037
2050
2042
2042
2069
2068
2064
2089
2139
2156
2139
2162
2232
2252
2205
2230
2319
2337
2235
2265
2342
2319
2241
2229
2310
2292
2195
2183
2229
2181
2112
2060
2063
2020
1972
1957
1938
1900
1890
1870
1841
1812
1801
1792
1747
1731
1705
1673
1629
1592
1574
1546
1499
1454
1410
1338
1266
1197
1139
1075
995
917
871
817
756
722
702
671
642
619
621
616
614
618
642
660
679
704
730
743
750
757
779
788
791
807
832
849
857
888
928
981
1025
1078
1143
1209
1254
1302
1341
1373
1399
1424
1464
1486
1492
1493
1510
1527
1516
1533
1561
1581
1588
1609
1630
1637
1634
1634
1644
1644
1641
1643
1649
1642
1645
1634
1639
1632
1616
1597
1585
1570
1538
1511
1493
1452
1419
1383
1354
1321
1281
1243
1217
1172
1126
1072
1030
972
911
853
812
766
720
699
677
663
636
620
621
621
606
610
618
627
640
658
698
725
751
791
847
892
929
977
1033
1071
1103
1137
1188
1222
1250
1276
1314
1339
1357
1377
1413
1428
1445
1465
1487
1502
1505
1527
1531
1526
1527
1538
1551
1551
1549
1552
1558
1556
1553
1566
1573
1577
1586
1585
1608
1617
1615
1632
1636
1636
1640
1638
1661
1651
1640
1638
1628
1593
1563
1539
1543
1552
1547
1556
1568
1564
1571
1581
1596
1599
1616
1616
1651
1654
1644
1633
1629
1628
1620
1615
1623
1617
1605
1598
1606
1599
1585
1590
1594
1601
1598
1588
1608
1605
1602
1607
1628
1655
1660
1671
1698
1705
1702
1710
1710
1703
1697
1691
1709
1708
1705
1707
1722
1714
1703
1701
1704
1703
1701
1701
1705
1719
1714
1714
1712
1713
1710
1710
1729
1733
1731
1730
1745
1748
1747
1737
1748
1742
1729
1724
1725
1703
1683
1665
1664
1649
1619
1590
1582
1557
1537
1534
1519
1513
1493
1494
1514
1530
1541
1556
1595
1616
1632
1646
1671
1682
1689
1713
1730
1746
1749
1748
1754
1761
1727
1683
1630
1567
1505
1465
1447
1444
1439
1444
1453
1473
1474
1485
1509
1531
1531
1544
1550
1550
1554
1565
1596
1623
1626
1658
1682
1691
1689
1703
1683
1678
1658
1647
1636
1624
1594
1593
1598
1590
1585
1581
1602
1600
1595
1596
1567
1534
1505
1490
1474
1476
1467
1453
1458
1460
1441
1434
1447
1433
1448
1462
1473
1484
1496
1500
1517
1525
1510
1533
1554
1560
1547
1556
1562
1556
1551
1558
1570
1564
1556
1541
1530
1509
1486
1475
1464
1450
1431
1434
1430
1448
1445
1454
1475
1475
1479
1493
1499
1516
1514
1524
1540
1543
1551
1556
1573
1581
1587
1591
1611
1608
1594
1596
1610
1607
1600
1595
1604
1605
1598
1607
1613
1617
1621
1615
1620
1609
1586
1581
1568
1546
1525
1504
1498
1484
1457
1441
1447
1420
1392
1358
1323
1301
1260
1218
1199
1164
1126
1107
1089
1064
1042
1020
1014
1019
1002
999
1019
1036
1041
1052
1087
1110
1117
1146
1201
1219
1239
1258
1280
1289
1294
1305
1315
1321
1309
1308
1323
1317
1320
1323
1331
1335
1320
1318
1320
1318
1311
1300
1290
1303
1278
1267
1279
1274
1252
1239
1239
1235
1217
1215
1219
1202
1187
1176
1186
1177
1168
1176
1181
1171
1153
1149
1145
1141
1123
1104
1103
1085
1058
1052
1044
1026
1017
1016
1014
1007
997
991
996
997
986
983
996
995
995
1000
1007
1014
1013
1012
1031
1038
1024
1028
1028
1014
993
982
978
970
957
945
957
951
938
937
935
927
904
899
899
888
882
873
887
898
890
883
890
881
871
875
873
864
856
857
867
859
846
843
848
836
821
827
838
830
818
823
831
824
806
808
816
825
811
818
833
835
828
830
844
841
838
842
849
839
828
825
828
827
818
817
822
823
811
806
807
796
776
769
769
759
741
733
733
731
719
709
715
716
704
695
704
692
682
678
685
686
672
674
683
680
670
674
687
686
675
682
681
683
680
677
687
689
676
673
683
670
656
649
658
648
646
643
659
659
650
648
656
654
638
650
650
655
651
655
666
662
650
662
668
656
636
625
622
612
608
622
629
621
618
613
613
600
583
576
577
570
573
570
584
588
585
589
603
598
594
601
612
614
594
588
582
575
566
561
580
591
580
568
579
559
537
534
527
512
507
515
522
517
503
513
533
535
535
547
575
577
567
570
566
572
557
554
565
571
565
553
567
569
556
563
576
571
560
555
554
534
522
521
524
526
510
508
520
521
514
511
530
528
524
531
543
552
551
566
581
596
604
628
643
325
-11
-12
-11
-12
-13
-13
-10
-11
532
536
-12
-11
-13
-11
-11

