;UFOS3
;Measurement details: channel = Z, date = 12.09.2015, time = 14:17:38
Exposure=573
Gain=0
Temperature=34.3
Accummulate=4
3.5860514427833015 mu
3.6666807051865873 amas
15.56 hs
0 ozone
170232 uva
16339 uvb
11921 uve
[Value]
-11
288
286
285
286
286
285
287
323
315
422
421
310
314
444
427
329
326
443
448
315
341
464
440
332
330
461
452
342
340
471
447
345
340
437
450
337
331
449
449
333
334
435
433
333
340
466
469
352
351
457
456
327
342
467
468
325
329
461
463
332
352
457
462
343
337
455
447
328
336
444
469
339
357
461
454
325
338
457
437
338
343
467
461
326
339
456
467
334
340
448
451
328
336
475
449
332
332
439
468
340
334
453
450
334
356
463
453
331
344
472
451
337
343
466
451
341
331
455
460
321
333
462
458
327
348
448
441
321
346
454
464
324
341
465
450
318
337
458
458
340
326
471
463
329
348
460
464
333
344
509
466
331
331
454
449
326
340
464
469
333
340
465
465
344
352
475
462
332
337
456
467
332
346
449
473
332
342
466
458
329
343
460
451
341
345
450
424
338
334
464
462
327
347
473
465
342
333
458
456
330
338
459
454
328
334
460
460
330
347
459
457
340
342
463
454
336
330
460
448
333
342
462
466
326
345
467
448
342
345
472
459
337
343
455
458
354
342
456
445
329
330
456
456
330
343
473
445
335
328
462
438
344
339
461
463
338
350
471
442
334
337
461
448
332
329
460
458
324
338
450
461
321
348
461
462
342
321
469
457
338
345
484
454
341
335
476
438
339
329
468
455
326
332
469
464
324
339
463
458
317
329
452
452
334
339
472
463
348
343
465
457
326
338
481
448
356
345
479
451
340
340
455
479
326
332
479
472
343
335
459
471
335
328
456
458
335
331
449
460
330
349
453
469
338
354
457
466
332
350
471
453
341
336
457
456
343
341
463
447
334
347
457
444
331
346
458
461
337
322
460
468
335
344
466
452
335
348
484
464
330
338
455
461
337
342
477
471
336
343
484
459
332
329
460
467
347
349
476
476
339
331
468
453
344
348
475
454
325
355
464
466
341
358
450
470
345
331
460
468
334
344
455
478
337
332
451
461
328
341
462
447
331
334
456
471
329
344
466
465
343
331
466
460
333
334
468
475
330
346
457
483
335
337
458
454
335
351
472
466
339
336
476
453
330
329
464
454
334
332
440
456
340
348
470
451
343
348
456
462
337
330
462
482
318
344
472
480
325
362
467
477
325
350
460
460
338
327
460
459
340
339
464
461
327
336
456
473
322
349
478
469
336
338
476
446
340
338
467
462
334
339
456
456
335
343
472
461
347
337
490
455
340
345
472
468
336
346
454
444
352
341
455
464
338
345
464
470
325
338
464
457
341
342
458
452
333
338
474
457
360
347
480
484
337
346
465
476
344
342
484
453
337
347
481
462
341
339
473
475
337
337
472
466
339
340
468
451
336
346
466
456
336
350
447
474
324
346
466
475
326
350
473
451
349
346
470
488
325
340
489
459
341
343
476
478
349
347
478
456
340
359
507
479
350
340
466
473
361
357
494
447
324
337
466
461
333
343
480
485
339
362
468
461
335
346
459
477
355
353
494
468
346
356
475
465
347
340
475
489
330
352
481
471
335
352
461
481
354
363
488
478
337
354
473
479
338
358
489
489
356
365
480
483
349
362
489
496
364
369
480
474
359
358
486
495
365
368
478
482
359
358
502
489
354
362
488
487
359
372
509
481
372
364
487
494
359
373
504
503
362
369
503
490
374
371
497
488
368
398
513
505
383
404
522
493
382
391
500
511
402
384
517
504
385
393
533
521
393
403
522
526
392
401
542
544
404
416
539
520
422
399
528
520
409
410
522
530
409
406
564
521
406
424
534
540
417
418
534
534
402
418
528
549
421
421
530
530
410
426
551
560
411
437
563
557
416
429
565
546
425
424
566
572
424
429
566
566
441
447
564
589
452
458
585
565
460
468
602
614
482
499
629
604
489
499
628
641
502
499
632
646
494
514
638
639
508
503
638
621
508
491
610
638
499
497
641
610
508
512
628
624
486
501
640
624
518
522
645
647
510
528
651
668
524
543
694
668
546
542
685
691
552
570
699
679
546
560
699
678
555
572
701
698
557
574
693
680
565
560
691
675
587
575
722
707
585
600
726
720
596
624
750
728
621
607
753
729
592
612
742
739
623
625
735
740
614
630
761
764
628
653
776
769
672
673
815
835
704
714
852
851
713
710
853
852
728
707
824
811
670
684
819
796
681
661
794
773
650
658
785
786
654
647
825
793
681
680
866
837
704
733
885
897
776
805
935
961
845
857
973
1001
851
897
1016
1040
917
936
1079
1075
952
968
1116
1107
977
975
1119
1132
999
1033
1165
1138
1003
1059
1125
1104
951
952
1073
1052
915
902
1042
1040
891
906
1019
1024
903
918
1073
1058
944
939
1113
1106
1001
1023
1188
1208
1098
1121
1276
1284
1156
1171
1318
1294
1146
1169
1275
1263
1132
1137
1247
1228
1116
1095
1226
1237
1063
1064
1191
1188
1043
1073
1201
1196
1064
1089
1232
1281
1104
1123
1265
1275
1155
1162
1350
1337
1194
1236
1380
1366
1250
1271
1407
1438
1288
1295
1433
1436
1293
1291
1419
1408
1255
1244
1369
1339
1195
1179
1305
1284
1140
1160
1278
1264
1118
1118
1276
1256
1122
1135
1284
1299
1157
1149
1300
1286
1151
1164
1287
1291
1157
1147
1292
1283
1137
1127
1273
1223
1090
1081
1207
1206
1051
1031
1173
1159
988
1014
1137
1114
1000
999
1155
1149
1007
1030
1165
1152
1035
1057
1182
1200
1061
1074
1270
1240
1125
1148
1298
1310
1170
1181
1344
1322
1209
1212
1354
1374
1243
1267
1392
1421
1259
1284
1431
1440
1295
1323
1441
1451
1310
1320
1458
1422
1278
1282
1413
1379
1264
1249
1380
1372
1223
1236
1354
1374
1228
1233
1385
1372
1238
1271
1421
1439
1320
1338
1505
1506
1392
1437
1602
1601
1507
1556
1696
1709
1601
1615
1774
1803
1687
1688
1838
1840
1707
1689
1867
1843
1733
1727
1868
1902
1769
1772
1925
1928
1798
1824
1956
1956
1824
1839
1976
1973
1857
1819
1983
1975
1842
1859
2003
1993
1851
1850
1987
1972
1819
1836
1969
1919
1795
1795
1928
1929
1785
1801
1930
1914
1776
1768
1911
1898
1770
1763
1901
1912
1784
1793
1947
1933
1788
1797
1961
1959
1831
1851
2018
2021
1905
1948
2113
2130
2018
2048
2205
2216
2109
2150
2328
2330
2248
2280
2449
2479
2377
2407
2561
2561
2463
2486
2591
2584
2514
2528
2633
2636
2564
2577
2651
2647
2547
2532
2625
2612
2503
2486
2571
2521
2394
2337
2452
2430
2264
2244
2351
2337
2171
2144
2270
2258
2116
2134
2265
2263
2120
2129
2278
2245
2112
2130
2252
2259
2125
2145
2296
2255
2135
2143
2306
2290
2176
2192
2318
2312
2197
2220
2352
2359
2228
2224
2340
2340
2215
2216
2348
2350
2217
2230
2361
2365
2192
2196
2314
2310
2184
2168
2329
2285
2138
2145
2298
2270
2170
2145
2280
2285
2124
2131
2256
2256
2085
2081
2207
2160
2019
2007
2131
2099
1945
1940
2093
2054
1896
1869
1978
1975
1881
1814
1948
1907
1775
1789
1935
1932
1822
1856
2004
2020
1915
1945
2090
2093
1969
1988
2137
2122
1997
1960
2104
2073
1943
1958
2106
2080
1951
1955
2088
2073
1929
1947
2040
2080
1950
1964
2107
2112
1986
1998
2134
2150
2000
2000
2104
2090
1937
1888
1997
1913
1772
1739
1850
1800
1671
1660
1786
1749
1600
1616
1748
1735
1612
1615
1749
1773
1645
1663
1808
1810
1679
1682
1828
1819
1674
1667
1792
1762
1596
1591
1713
1679
1537
1544
1690
1700
1578
1602
1796
1774
1681
1728
1871
1888
1763
1790
1921
1930
1774
1805
1923
1944
1797
1794
1927
1927
1781
1798
1928
1918
1784
1828
1964
1975
1832
1854
2055
2029
1939
1969
2153
2174
2033
2047
2200
2194
2055
2068
2182
2161
2023
2024
2136
2140
2002
1988
2127
2127
1991
2024
2190
2175
2050
2068
2205
2210
2120
2174
2314
2343
2266
2291
2446
2452
2334
2364
2499
2505
2369
2392
2521
2517
2366
2362
2489
2462
2336
2314
2435
2402
2258
2272
2404
2398
2257
2281
2409
2392
2278
2276
2396
2387
2254
2240
2363
2342
2216
2223
2379
2371
2235
2252
2387
2402
2269
2294
2457
2433
2332
2373
2526
2521
2430
2438
2598
2593
2506
2510
2623
2610
2531
2528
2627
2616
2533
2521
2603
2582
2479
2480
2587
2590
2493
2520
2635
2648
2581
2588
2661
2670
2606
2592
2652
2650
2584
2583
2676
2677
2587
2588
2653
2631
2529
2490
2584
2542
2398
2367
2457
2390
2221
2205
2313
2274
2081
2028
2137
2083
1902
1880
2003
1980
1829
1807
1946
1934
1795
1818
1972
1978
1887
1938
2131
2148
2058
2083
2262
2275
2161
2189
2343
2341
2223
2249
2411
2400
2284
2284
2431
2411
2309
2295
2421
2381
2232
2203
2324
2284
2162
2116
2268
2231
2073
2061
2192
2153
2038
2029
2163
2152
2122
2005
2144
2145
1972
2021
2158
2160
2032
2058
2211
2196
2091
2120
2286
2285
2127
2135
2269
2240
2081
2073
2192
2169
2017
2022
2131
2102
1926
1891
2030
1989
1827
1834
1973
1936
1808
1797
1971
1931
1821
1829
1988
1981
1835
1870
1996
2014
1858
1885
2038
2033
1877
1913
2062
2052
1900
1926
2060
2059
1881
1891
2011
1977
1838
1827
1972
1950
1821
1814
1944
1943
1790
1786
1961
1948
1771
1745
1886
1859
1703
1696
1845
1853
1740
1740
1916
1908
1802
1815
1993
2005
1887
1911
2075
2095
1961
2001
2156
2176
2055
2077
2241
2237
2108
2125
2284
2260
2128
2133
2253
2247
2112
2111
2238
2223
2075
2075
2179
2159
2002
2003
2109
2107
1935
1951
2093
2048
1927
1903
2056
2045
1931
1938
2123
2089
1980
2017
2152
2146
2041
2035
2181
2187
2051
2082
2230
2195
2051
2028
2143
2100
1917
1892
2014
1967
1815
1829
1949
1929
1802
1816
1984
2002
1857
1888
2070
2076
1960
1967
2131
2157
2023
2055
2208
2248
2151
2155
2284
2296
2190
2189
2334
2334
2222
2250
2387
2405
2301
2332
2466
2461
2355
2375
2509
2497
2412
2405
2539
2519
2426
2449
2566
2575
2474
2492
2589
2574
2494
2482
2594
2594
2518
2542
2630
2641
2573
2584
2666
2664
2594
2573
2647
2622
2538
2530
2617
2601
2512
2500
2585
2592
2473
2478
2569
2556
2435
2441
2536
2525
2387
2380
2506
2455
2357
2342
2469
2435
2314
2311
2400
2391
2241
2235
2358
2341
2207
2209
2372
2335
2219
2210
2334
2293
2131
2112
2206
2168
1998
1997
2119
2104
1988
1984
2149
2154
2050
2073
2210
2227
2097
2106
2264
2271
2174
2179
2342
2331
2205
2186
2307
2256
2100
2067
2178
2138
1985
1963
2077
2031
1859
1829
1915
1901
1719
1690
1833
1774
1637
1644
1832
1803
1692
1719
1880
1889
1785
1834
1985
1992
1904
1927
2123
2129
2052
2074
2268
2276
2203
2250
2408
2408
2317
2354
2508
2488
2401
2424
2538
2528
2450
2449
2576
2561
2453
2446
2568
2519
2413
2391
2478
2443
2284
2270
2382
2330
2177
2157
2258
2202
2036
1981
2089
2028
1881
1860
1989
1975
1830
1822
1981
1957
1814
1828
1971
1959
1840
1865
1995
2010
1874
1887
2021
1997
1865
1855
1952
1970
1823
1789
1936
1913
1756
1752
1920
1882
1743
1762
1906
1881
1743
1756
1923
1921
1815
1853
2039
2065
1978
2005
2193
2219
2083
2094
2237
2225
2072
2068
2194
2152
1974
1978
2096
2058
1898
1886
2006
1968
1799
1782
1903
1902
1741
1738
1875
1874
1750
1796
1954
1976
1874
1904
2065
2064
1949
1977
2122
2121
1995
1997
2116
2134
1976
1976
2119
2097
1944
1925
2056
1996
1864
1835
1962
1955
1783
1801
1935
1899
1782
1809
1941
1942
1837
1854
2026
2033
1909
1956
2106
2102
1997
2044
2223
2220
2128
2158
2296
2323
2204
2232
2386
2382
2255
2277
2411
2412
2276
2281
2428
2438
2311
2314
2437
2432
2312
2304
2443
2438
2304
2296
2403
2444
2250
2268
2387
2348
2241
2252
2382
2370
2242
2263
2403
2413
2283
2289
2434
2440
2326
2339
2502
2484
2496
2381
2512
2484
2375
2366
2473
2469
2320
2321
2427
2406
2262
2282
2395
2399
2259
2256
2407
2385
2252
2262
2413
2404
2263
2259
2423
2390
2249
2247
2401
2392
2260
2269
2436
2413
2301
2335
2484
2512
2384
2431
2549
2564
2492
2535
2651
2663
2628
2655
2712
2728
2726
2738
2757
2775
2773
2791
2794
2808
2809
2821
2822
2832
2840
2847
2855
2858
2871
2872
2880
2875
2887
2872
2883
2845
2835
2727
2731
2670
2540
2497
2573
2538
2413
2421
2534
2540
2450
2485
2647
2649
2628
2677
2721
2754
2763
2795
2798
2829
2827
2853
2857
2878
2875
2899
2893
2918
2912
2930
2923
2943
2936
2947
2939
2865
2757
2467
2512
2472
2362
2351
2492
2466
2340
2371
2497
2506
2428
2461
2604
2641
2578
2627
2696
2712
2703
2708
2735
2730
2689
2627
2664
2583
2441
2361
2436
2378
2220
2167
2257
2189
2030
1982
2106
2059
1938
1941
2102
2075
1964
2018
2192
2239
2128
2176
2341
2345
2252
2270
2409
2396
2279
2265
2390
2361
2203
2180
2293
2221
2015
1965
2079
2021
1866
1838
1969
1970
1836
1857
2027
2027
1922
1992
2154
2235
2134
2191
2373
2390
2277
2342
2465
2477
2353
2378
2507
2473
2363
2351
2451
2435
2280
2254
2403
2356
2188
2161
2251
2224
2094
2100
2236
2221
2097
2105
2243
2255
2119
2134
2269
2271
2107
2117
2246
2229
2100
2098
2270
2275
2132
2172
2322
2317
2199
2218
2383
2376
2275
2282
2427
2443
2341
2355
2485
2487
2395
2417
2524
2543
2440
2448
2549
2560
2461
2481
2585
2579
2513
2522
2626
2611
2527
2523
2612
2579
2474
2456
2550
2506
2363
2333
2418
2405
2233
2208
2325
2314
2145
2122
2250
2219
2058
2032
2155
2152
1982
2000
2150
2108
1973
1962
2077
2056
1896
1899
2009
1990
1851
1854
1988
1959
1850
1854
2036
2017
1912
1942
2110
2138
2120
2040
2218
2190
2102
2123
2270
2286
2173
2202
2334
2339
2210
2229
2371
2366
2229
2244
2388
2355
2217
2206
2331
2310
2162
2142
2251
2209
2075
2074
2165
2145
1998
1973
2098
2065
1899
1871
1984
1916
1768
1739
1874
1840
1715
1740
1868
1852
1708
1718
1836
1822
1664
1630
1757
1724
1562
1516
1698
1648
1515
1519
1661
1642
1492
1504
1643
1573
1435
1428
1558
1555
1385
1422
1554
1534
1428
1420
1555
1543
1430
1441
1579
1529
1404
1416
1550
1525
1382
1391
1543
1552
1416
1458
1652
1633
1553
1566
1759
1745
1649
1686
1871
1888
1774
1831
2027
2040
1949
1996
2173
2168
2060
2076
2236
2225
2100
2117
2265
2246
2114
2114
2271
2250
2131
2111
2253
2223
2073
2068
2200
2170
2035
2034
2190
2134
1978
1957
2066
2013
1866
1859
1975
1961
1844
1880
2029
2020
1909
1947
2101
2129
2012
2027
2186
2196
2093
2124
2284
2311
2216
2230
2386
2389
2228
2202
2293
2217
2016
1960
2080
2012
1838
1856
1978
1976
1824
1845
2024
2009
1923
1931
2106
2098
1974
2010
2216
2218
2113
2147
2288
2284
2153
2174
2267
2236
2129
2101
2223
2210
2065
2049
2195
2169
2021
2045
2181
2162
2055
2037
2165
2123
1994
1982
2135
2156
2050
2079
2229
2229
2117
2126
2283
2303
2181
2221
2393
2392
2293
2339
2483
2489
2416
2451
2593
2586
2507
2488
2589
2577
2494
2482
2603
2592
2490
2475
2585
2552
2475
2465
2573
2516
2401
2370
2477
2468
2334
2346
2476
2415
2336
2340
2478
2455
2337
2353
2490
2502
2410
2442
2582
2582
2505
2531
2624
2637
2579
2588
2654
2662
2595
2578
2661
2630
2553
2536
2617
2571
2473
2439
2512
2483
2340
2304
2394
2334
2223
2191
2309
2263
2120
2102
2221
2184
2028
2013
2120
2073
1936
1880
1988
1968
1797
1760
1890
1809
1624
1570
1652
1605
1399
1338
1426
1359
1172
1120
1241
1171
1014
1008
1108
1139
958
985
1125
1136
1004
1047
1235
1228
1126
1181
1353
1369
1266
1292
1480
1465
1359
1379
1531
1524
1442
1455
1660
1694
1569
1598
1782
1769
1670
1706
1880
1888
1774
1786
1926
1902
1723
1693
1802
1737
1563
1559
1672
1637
1510
1541
1695
1733
1632
1665
1842
1888
1774
1790
1985
1987
1851
1872
1993
1973
1802
1774
1888
1851
1651
1615
1747
1717
1534
1523
1634
1600
1417
1390
1507
1421
1249
1198
1287
1239
1049
1018
1155
1134
979
966
1105
1094
949
948
1101
1082
974
986
1174
1194
1078
1120
1321
1344
1255
1294
1499
1543
1418
1453
1649
1679
1567
1625
1790
1796
1705
1726
1887
1885
1770
1783
1929
1917
1806
1800
1940
1929
1781
1794
1950
1926
1807
1810
1958
1937
1800
1806
1955
1945
1813
1814
1968
1958
1846
1825
1994
1983
1858
1893
2044
2035
1895
1912
2043
2015
1881
1891
2028
2029
1880
1898
2045
2013
1896
1895
2038
2025
1907
1921
2063
2072
1914
1899
2051
2047
1883
1880
2041
2046
1874
1883
2014
1982
1821
1792
1947
1928
1802
1809
1967
1961
1831
1855
2012
2021
1911
1909
2106
2094
1967
1979
2135
2110
1977
1971
2122
2086
1980
1988
2126
2116
1960
1974
2149
2098
1976
1962
2120
2125
1999
1990
2131
2107
1972
1980
2128
2134
1975
2005
2156
2123
2002
2010
2177
2138
2003
1973
2154
2097
1956
1955
2071
2025
1907
1913
2038
2005
1857
1866
2005
1982
1826
1858
1979
1973
1843
1870
2039
2054
1913
1930
2057
2089
1952
1961
2173
2124
1998
2043
2204
2142
1997
1952
2055
2017
1827
1814
1949
1898
1756
1738
1909
1908
1746
1767
1943
1940
1797
1789
1972
1928
1813
1837
1994
2014
1897
1903
2084
2078
1917
1894
2016
1971
1795
1755
1919
1887
1757
1747
1947
1895
1782
1791
1966
1965
1828
1811
1971
1918
1761
1761
1929
1901
1745
1752
1921
1886
1778
1756
1882
1899
1747
1759
1922
1895
1745
1773
1925
1891
1747
1762
1928
1951
1797
1809
1994
1944
1789
1788
1939
1927
1771
1766
1894
1867
1691
1675
1820
1789
1662
1678
1851
1851
1732
1730
1909
1893
1746
1752
1917
1900
1736
1751
1912
1871
1733
1763
1929
1932
1803
1790
1977
1918
1814
1800
1952
1905
1764
1748
1899
1863
1727
1743
1904
1901
1775
1806
1957
1942
1816
1795
1946
1904
1746
1736
1888
1855
1682
1683
1827
1792
1632
1603
1765
1698
1518
1503
1649
1608
1440
1447
1595
1532
1392
1417
1569
1540
1402
1402
1574
1555
1423
1438
1579
1600
1456
1477
1657
1643
1523
1518
1657
1654
1495
1514
1659
1618
1470
1471
1605
1579
1415
1398
1552
1530
1370
1375
1556
1528
1379
1383
1572
1550
1388
1422
1606
1564
1431
1451
1607
1581
1447
1452
1602
1587
1435
1416
1579
1544
1398
1404
1560
1554
1381
1373
1538
1546
1370
1366
1514
1490
1316
1288
1491
1451
1282
1273
1420
1395
1228
1242
1413
1377
1231
1230
1424
1372
1244
1256
1404
1417
1267
1243
1417
1415
1256
1255
1419
1389
1245
1211
1378
1367
1213
1211
1359
1325
1177
1169
1345
1304
1157
1146
1297
1278
1119
1139
1291
1301
1141
1129
1317
1297
1139
1146
1305
1289
1107
1109
1278
1250
1102
1088
1263
1246
1066
1075
1250
1215
1068
1059
1242
1215
1053
1046
1227
1221
1054
1082
1251
1216
1031
1066
1225
1201
1056
1078
1271
1229
1059
1076
1248
1205
1074
1082
1241
1212
1052
1050
1218
1176
1010
1014
1193
1132
981
992
1160
1125
963
970
1124
1089
955
960
1106
1104
929
941
1103
1083
943
939
1113
1086
940
947
1116
1079
933
944
1117
1072
947
937
1111
1095
922
941
1100
1070
916
913
1101
1064
902
907
1074
1036
897
911
1070
1026
878
893
1077
1053
910
925
1083
1071
915
931
1089
1074
929
915
1086
1064
893
896
1043
1021
894
882
1048
1009
860
856
1020
993
829
838
1019
994
858
854
1017
1009
852
858
1042
1012
870
842
1011
992
871
890
1049
1017
891
904
1069
1059
902
922
1058
1048
892
903
1030
1018
895
896
1043
1035
872
871
1034
1021
859
842
1010
972
814
841
993
968
816
796
960
956
786
785
936
888
752
738
913
869
720
719
912
884
737
728
918
902
734
766
923
903
754
754
941
927
785
777
939
963
787
804
961
956
809
816
976
969
809
803
961
954
792
797
971
953
815
806
1002
956
810
822
975
957
820
824
993
994
856
857
1022
739
286
286
286
285
284
286
286
285
750
770
286
285
286
-11
-11

