;UFOS3
;Measurement details: channel = Z-D, date = 12.09.2015, time = 14:17:53
Exposure=573
Gain=0
Temperature=34.3
Accummulate=4
3.592193039633363 mu
3.673078790574665 amas
15.531 hs
254 ozone
136046 uva
2361 uvb
432 uve
[Value]
-5
-4
-5
-8
-5
-5
-6
-5
-3
-6
-6
-6
-5
-8
-4
-8
-7
-6
-5
-4
-7
-2
0
1
1
2
-1
-3
-2
0
3
-2
-1
-3
3
-1
1
-3
-3
-2
1
-1
-3
0
1
-3
0
-3
-2
0
3
-1
-1
2
-2
1
-1
-2
0
-1
0
-1
0
0
-1
0
3
-3
-2
0
-2
-1
-2
1
0
1
-1
1
1
-3
2
-1
-2
-1
-1
0
2
-1
0
-2
-2
0
-2
0
0
2
0
-1
1
3
-2
-1
0
-2
-1
0
2
0
2
2
2
1
1
0
-2
-2
0
-2
-1
-2
-1
-2
0
-1
-3
-2
-1
0
-3
1
1
-1
0
-1
0
-1
-5
0
1
0
1
-2
2
3
-1
0
-2
-1
2
0
1
0
3
0
-2
1
-1
1
-1
-2
0
0
0
1
-1
-3
1
0
-3
-1
1
-3
-3
0
0
1
0
-2
1
0
1
-2
0
1
0
0
0
0
-2
-1
-1
-1
-3
-3
-2
-1
-1
-1
0
3
-2
0
0
1
0
-4
0
2
1
0
0
-1
-2
1
0
-2
0
-1
0
-1
-1
0
-1
1
-4
0
0
1
-2
1
2
1
-1
2
1
-4
1
1
1
-5
-2
-2
1
3
-2
1
0
0
0
-2
0
-1
1
-1
-1
1
1
0
2
-2
0
-4
-1
0
0
0
-2
3
-2
1
-3
-2
1
0
0
0
-2
-1
-3
0
1
0
2
1
-1
0
-1
-1
0
0
-2
-1
0
-2
0
-2
-2
-1
0
0
1
-1
1
-1
-1
0
2
1
-1
1
1
-2
-1
2
-1
1
-1
0
1
2
0
1
1
-1
-2
-2
-3
-2
-1
-4
-3
2
-1
-4
1
0
0
-1
0
-1
4
0
-1
1
0
1
-5
-4
-2
-3
-4
3
0
-2
0
0
0
-2
2
0
1
-3
-5
3
1
1
-1
0
-2
-1
0
1
-2
0
1
0
1
0
0
-1
-2
1
0
1
0
0
1
2
1
-1
0
-1
1
-2
0
-1
3
-1
2
-1
0
-2
2
0
-2
-3
-2
1
0
2
2
-3
1
2
0
2
0
-4
1
2
3
0
-1
2
-1
1
0
0
0
-2
0
-2
2
0
-1
0
-1
0
2
1
1
-1
-1
-1
2
0
2
2
0
-2
2
2
0
-2
-2
0
-1
-1
1
1
4
0
-2
3
2
0
2
-1
0
2
-1
0
-1
1
-6
3
-1
1
1
2
-3
-2
1
0
2
1
-1
-1
0
0
0
1
2
-2
0
2
1
-1
1
0
2
0
0
4
0
2
1
1
0
-1
4
-1
1
0
1
-1
2
0
3
-2
3
3
0
2
2
3
4
-1
2
1
1
0
2
1
3
0
0
2
3
2
2
3
2
3
0
4
1
0
2
1
2
3
-1
1
2
3
1
-1
1
1
4
2
2
5
2
3
0
1
1
3
0
0
2
0
2
1
3
3
-1
5
3
0
2
3
1
3
1
1
5
0
1
1
4
1
1
4
2
5
2
4
3
5
4
4
5
4
3
6
4
3
5
1
3
5
4
2
6
4
7
5
5
2
5
4
7
5
1
6
10
6
5
6
5
6
5
4
6
11
6
5
6
6
7
6
8
8
7
9
10
8
6
8
9
5
8
8
9
9
12
7
9
10
11
9
11
10
10
13
11
13
13
15
15
14
17
16
17
16
18
22
16
17
18
21
18
23
22
23
19
20
17
17
19
15
20
19
16
16
19
24
20
20
24
22
23
19
21
26
22
26
23
25
25
26
30
29
28
25
33
31
29
34
33
39
37
34
40
41
40
47
42
49
46
49
47
52
53
55
56
57
57
57
57
60
57
61
64
60
62
58
58
66
65
62
63
66
63
67
68
66
71
69
65
71
70
73
71
74
73
73
77
71
73
73
75
73
72
68
71
74
69
70
71
78
76
72
76
80
80
81
85
83
83
86
88
89
88
86
89
87
92
88
94
94
94
93
96
99
103
106
113
116
116
120
125
125
129
136
144
145
149
151
157
164
155
159
164
166
165
166
169
168
165
166
169
165
166
166
167
167
159
165
165
162
161
162
165
166
163
163
168
165
162
168
174
174
178
176
181
183
183
189
190
198
198
201
205
207
207
211
220
219
216
223
225
226
221
223
230
226
222
222
231
229
223
221
227
226
224
221
228
232
233
235
243
247
248
252
262
264
264
270
281
278
267
266
275
272
267
267
280
278
273
278
281
282
288
288
295
303
302
309
320
325
332
339
354
365
366
370
381
378
377
374
378
383
375
368
373
362
347
345
345
334
330
323
324
316
309
314
322
321
314
321
340
342
340
350
368
378
381
395
416
438
438
451
471
486
489
503
515
527
536
548
567
579
579
593
613
617
618
624
638
647
648
647
662
671
661
674
677
678
669
659
656
639
626
616
607
601
586
576
580
575
563
566
574
573
573
575
590
595
600
609
636
649
662
686
720
748
760
781
810
822
816
822
830
830
813
813
815
810
797
792
791
780
766
753
761
748
733
726
727
724
714
715
732
734
735
748
767
782
777
792
803
820
823
837
858
873
868
886
905
916
910
925
941
945
956
960
969
976
957
944
953
947
924
911
903
881
856
839
847
824
810
808
807
799
785
780
795
802
791
803
814
824
812
820
828
826
830
824
822
829
823
811
819
822
798
794
797
775
762
747
742
733
710
693
694
676
662
659
665
666
661
663
682
684
674
679
691
696
693
703
728
736
732
745
773
779
787
808
829
834
833
840
866
862
864
874
887
899
898
916
929
943
931
937
958
969
966
974
987
988
978
969
982
971
952
942
944
935
918
915
916
913
901
900
908
912
897
895
908
908
906
920
945
971
977
1001
1039
1050
1066
1097
1130
1155
1176
1200
1230
1245
1263
1278
1308
1336
1343
1358
1368
1368
1370
1363
1385
1384
1388
1385
1408
1421
1426
1432
1459
1469
1465
1482
1494
1501
1488
1480
1495
1497
1504
1493
1509
1522
1516
1520
1530
1529
1515
1511
1516
1495
1490
1477
1487
1471
1457
1449
1460
1459
1458
1455
1457
1446
1442
1432
1435
1433
1433
1425
1436
1441
1441
1452
1466
1460
1457
1460
1475
1490
1500
1509
1541
1563
1569
1606
1632
1664
1685
1700
1734
1759
1782
1821
1855
1886
1905
1940
1979
2012
2039
2057
2091
2094
2125
2137
2108
2125
2174
2177
2162
2183
2231
2224
2186
2189
2211
2196
2153
2143
2160
2140
2097
2065
2055
2003
1978
1960
1935
1909
1885
1861
1836
1816
1801
1790
1783
1779
1787
1783
1787
1783
1781
1783
1785
1774
1788
1798
1791
1801
1811
1809
1807
1809
1821
1830
1829
1853
1856
1858
1864
1879
1887
1899
1894
1883
1894
1878
1880
1877
1870
1886
1889
1878
1882
1876
1864
1864
1862
1858
1853
1836
1825
1816
1805
1803
1807
1800
1804
1803
1813
1813
1796
1796
1791
1788
1754
1730
1727
1703
1680
1652
1641
1632
1612
1612
1601
1587
1554
1520
1520
1503
1492
1482
1472
1448
1443
1439
1466
1472
1489
1503
1533
1553
1587
1596
1619
1630
1638
1655
1668
1650
1647
1630
1623
1609
1617
1610
1620
1623
1608
1607
1610
1603
1597
1597
1592
1603
1612
1607
1626
1638
1642
1656
1676
1690
1676
1664
1645
1622
1592
1546
1510
1455
1435
1392
1377
1344
1325
1302
1298
1289
1269
1267
1286
1266
1264
1275
1291
1300
1301
1306
1333
1350
1343
1349
1359
1362
1334
1317
1312
1289
1263
1245
1235
1217
1204
1206
1218
1235
1241
1263
1303
1321
1346
1371
1407
1428
1433
1440
1447
1453
1444
1451
1465
1455
1459
1455
1460
1463
1449
1450
1459
1455
1454
1475
1491
1508
1508
1522
1552
1576
1600
1628
1671
1698
1696
1711
1727
1724
1720
1713
1715
1704
1685
1678
1680
1668
1655
1642
1660
1665
1660
1678
1705
1708
1712
1720
1732
1753
1791
1822
1861
1883
1919
1940
1970
1992
2010
2023
2029
2017
2041
2053
2035
2035
2040
2026
2001
1996
1998
1979
1951
1936
1930
1927
1913
1923
1929
1934
1944
1940
1946
1937
1929
1922
1915
1893
1886
1895
1880
1886
1895
1905
1895
1904
1918
1921
1938
1954
1972
1981
1999
2013
2036
2062
2097
2106
2107
2125
2172
2177
2149
2157
2197
2190
2146
2154
2186
2165
2130
2117
2143
2141
2118
2127
2168
2179
2155
2174
2240
2247
2200
2206
2257
2253
2193
2189
2246
2244
2189
2192
2264
2242
2183
2160
2194
2158
2105
2080
2062
2014
1967
1927
1901
1858
1821
1788
1746
1691
1666
1611
1580
1546
1528
1504
1484
1468
1469
1470
1467
1475
1493
1528
1557
1590
1645
1680
1724
1748
1783
1805
1830
1841
1856
1878
1892
1900
1923
1934
1949
1948
1955
1948
1949
1945
1929
1908
1900
1867
1847
1833
1815
1781
1769
1765
1742
1721
1716
1705
1689
1678
1682
1676
1666
1644
1655
1658
1648
1660
1670
1682
1689
1708
1726
1746
1762
1786
1799
1805
1805
1800
1794
1762
1747
1724
1721
1708
1678
1667
1641
1622
1584
1552
1543
1521
1498
1492
1485
1468
1464
1456
1471
1472
1476
1483
1501
1508
1503
1508
1516
1532
1528
1529
1555
1557
1549
1566
1580
1580
1570
1579
1581
1579
1550
1548
1534
1520
1498
1493
1490
1478
1479
1468
1465
1464
1457
1447
1463
1451
1429
1408
1406
1385
1364
1362
1367
1378
1385
1397
1436
1450
1464
1475
1507
1539
1543
1560
1596
1619
1630
1664
1673
1706
1714
1732
1755
1763
1784
1782
1798
1798
1795
1779
1785
1794
1782
1766
1764
1747
1733
1717
1713
1696
1677
1668
1638
1634
1605
1605
1598
1582
1586
1570
1591
1584
1592
1606
1634
1641
1654
1674
1683
1682
1693
1697
1711
1719
1724
1726
1737
1729
1712
1683
1664
1623
1588
1550
1526
1499
1472
1468
1466
1464
1472
1466
1503
1524
1537
1557
1587
1600
1622
1633
1661
1681
1692
1710
1746
1783
1801
1809
1824
1835
1848
1850
1869
1868
1883
1909
1927
1951
1966
1984
1993
2010
2024
2045
2043
2039
2062
2066
2066
2064
2088
2108
2096
2114
2144
2140
2113
2121
2152
2145
2124
2140
2183
2195
2172
2178
2246
2239
2183
2188
2261
2237
2177
2168
2198
2176
2131
2129
2168
2158
2122
2123
2142
2125
2087
2094
2101
2088
2063
2061
2053
2033
2016
2006
2015
2000
1992
1982
1966
1964
1946
1927
1911
1897
1880
1879
1876
1875
1884
1880
1885
1868
1849
1825
1788
1769
1733
1703
1670
1651
1656
1639
1645
1648
1678
1696
1702
1723
1739
1750
1760
1775
1791
1808
1839
1848
1863
1871
1869
1844
1830
1793
1764
1721
1703
1676
1634
1613
1593
1560
1518
1482
1441
1416
1374
1355
1348
1315
1309
1306
1327
1329
1332
1364
1403
1426
1460
1485
1514
1551
1564
1583
1638
1663
1704
1731
1787
1823
1863
1902
1938
1957
1993
2020
2031
2045
2070
2088
2070
2086
2113
2106
2095
2091
2122
2113
2075
2074
2079
2046
2007
1977
1950
1924
1897
1866
1839
1819
1786
1749
1699
1648
1610
1575
1548
1518
1503
1499
1489
1487
1486
1483
1477
1477
1484
1492
1499
1513
1522
1538
1543
1542
1555
1551
1535
1520
1511
1508
1470
1455
1453
1438
1416
1412
1421
1420
1416
1416
1411
1414
1409
1417
1436
1458
1481
1510
1553
1609
1636
1665
1709
1739
1752
1755
1763
1760
1736
1719
1698
1676
1650
1634
1619
1600
1574
1535
1527
1501
1472
1441
1442
1426
1394
1398
1406
1418
1420
1446
1484
1511
1540
1568
1596
1605
1613
1632
1648
1656
1659
1652
1647
1650
1640
1630
1633
1627
1597
1582
1566
1543
1512
1497
1487
1466
1449
1444
1446
1434
1437
1449
1469
1488
1504
1517
1546
1569
1575
1597
1628
1649
1678
1700
1735
1747
1782
1812
1827
1847
1868
1884
1898
1913
1913
1931
1939
1946
1949
1960
1949
1959
1969
1965
1963
1953
1958
1967
1955
1953
1950
1948
1930
1937
1919
1914
1896
1893
1900
1885
1893
1905
1915
1926
1942
1934
1955
1958
1962
1966
1992
2006
1993
2004
2016
2027
2019
2027
2040
2028
2008
1991
1989
1978
1947
1947
1932
1933
1922
1918
1931
1922
1928
1917
1918
1924
1928
1930
1938
1929
1921
1920
1926
1910
1917
1917
1919
1927
1934
1953
1965
2004
2004
2021
2052
2072
2069
2100
2172
2183
2162
2192
2304
2319
2235
2262
2380
2391
2300
2298
2424
2442
2327
2326
2469
2491
2324
2364
2494
2507
2363
2395
2536
2508
2391
2426
2566
2515
2391
2383
2514
2388
2251
2182
2203
2145
2073
2073
2085
2070
2059
2080
2117
2140
2139
2186
2299
2328
2266
2287
2432
2452
2320
2337
2489
2520
2394
2421
2537
2555
2411
2436
2584
2583
2450
2481
2608
2592
2455
2373
2420
2123
2043
2014
2013
2008
2003
1997
2010
2014
2013
2045
2089
2122
2129
2168
2255
2288
2218
2246
2363
2365
2253
2251
2354
2299
2183
2126
2108
2019
1960
1914
1874
1814
1775
1718
1679
1642
1619
1592
1590
1590
1618
1612
1645
1673
1716
1756
1782
1825
1859
1886
1906
1928
1926
1934
1947
1933
1919
1906
1878
1841
1801
1748
1693
1631
1589
1556
1514
1493
1496
1504
1500
1517
1549
1575
1599
1648
1690
1752
1791
1841
1893
1921
1951
1992
2006
2010
2024
2035
2022
2014
2019
1982
1970
1955
1952
1919
1910
1883
1852
1819
1791
1769
1762
1751
1760
1753
1766
1764
1776
1780
1782
1787
1799
1787
1770
1774
1761
1766
1763
1759
1787
1800
1804
1827
1845
1856
1861
1882
1896
1913
1946
1942
1972
1979
1983
1996
1997
2010
2041
2054
2059
2075
2099
2108
2089
2104
2126
2127
2108
2130
2184
2181
2144
2155
2199
2178
2127
2122
2146
2119
2063
2048
2031
1988
1946
1918
1897
1871
1851
1836
1813
1782
1755
1741
1719
1695
1685
1685
1662
1654
1657
1645
1638
1618
1609
1592
1565
1554
1539
1534
1508
1508
1506
1505
1502
1506
1532
1558
1578
1603
1640
1663
1674
1703
1747
1749
1769
1791
1806
1829
1836
1857
1866
1877
1881
1886
1889
1895
1897
1908
1900
1894
1884
1861
1852
1847
1823
1799
1778
1757
1730
1721
1699
1689
1662
1647
1620
1596
1562
1523
1491
1462
1421
1397
1393
1388
1381
1386
1397
1394
1375
1369
1364
1347
1322
1293
1284
1251
1222
1190
1200
1185
1169
1161
1184
1178
1157
1156
1148
1117
1094
1091
1080
1079
1063
1071
1068
1081
1074
1080
1093
1095
1090
1099
1100
1098
1073
1072
1073
1069
1047
1049
1066
1082
1088
1114
1153
1176
1199
1228
1278
1299
1316
1340
1386
1423
1444
1487
1546
1588
1619
1654
1699
1718
1727
1741
1749
1766
1762
1770
1781
1780
1779
1778
1778
1780
1774
1768
1774
1757
1741
1727
1727
1715
1697
1687
1694
1668
1651
1619
1596
1560
1530
1507
1510
1505
1513
1528
1549
1568
1579
1600
1626
1652
1665
1685
1715
1740
1754
1783
1819
1852
1877
1889
1902
1912
1896
1862
1815
1747
1684
1628
1590
1553
1512
1498
1509
1499
1494
1505
1535
1564
1585
1601
1628
1641
1647
1676
1712
1738
1775
1787
1818
1826
1820
1820
1794
1779
1771
1754
1743
1739
1725
1715
1705
1699
1680
1690
1703
1707
1697
1681
1676
1658
1651
1653
1671
1689
1709
1730
1751
1761
1781
1778
1802
1819
1850
1879
1901
1922
1957
1989
2003
2044
2085
2113
2100
2117
2157
2152
2110
2119
2161
2152
2109
2124
2156
2135
2092
2097
2138
2130
2074
2068
2065
2026
2003
1988
1984
1989
1984
1977
2001
2007
1991
1993
1994
2006
2006
2039
2084
2110
2092
2112
2158
2182
2145
2172
2239
2250
2189
2184
2249
2253
2164
2164
2229
2192
2126
2120
2138
2099
2035
2010
1992
1959
1913
1886
1872
1850
1821
1798
1781
1765
1741
1728
1692
1674
1647
1620
1583
1538
1516
1494
1453
1422
1392
1337
1279
1233
1188
1124
1067
1002
947
897
830
782
755
715
668
654
640
647
628
628
650
657
667
699
732
764
787
832
871
900
936
950
985
1007
1009
1029
1047
1064
1080
1118
1169
1206
1226
1249
1288
1304
1322
1349
1384
1408
1431
1439
1439
1429
1393
1353
1322
1283
1236
1214
1198
1186
1175
1186
1215
1257
1295
1326
1376
1414
1440
1463
1496
1510
1514
1521
1516
1496
1468
1426
1405
1362
1307
1272
1248
1229
1197
1169
1165
1127
1082
1044
1012
951
899
848
804
764
719
687
676
661
636
618
620
613
600
599
610
611
623
647
679
717
740
773
827
865
906
948
998
1045
1075
1109
1175
1210
1235
1268
1302
1336
1353
1374
1397
1418
1428
1439
1440
1453
1452
1453
1455
1451
1448
1456
1465
1464
1468
1468
1488
1468
1466
1458
1466
1471
1477
1475
1479
1491
1493
1494
1516
1520
1527
1539
1564
1569
1563
1560
1561
1550
1546
1540
1557
1549
1546
1554
1555
1550
1542
1555
1550
1557
1556
1570
1586
1593
1572
1556
1564
1556
1550
1537
1553
1548
1542
1547
1538
1516
1483
1452
1450
1464
1468
1462
1486
1485
1491
1504
1520
1543
1563
1573
1610
1624
1628
1636
1638
1639
1631
1617
1623
1626
1631
1625
1642
1632
1628
1631
1640
1632
1634
1629
1638
1644
1642
1636
1637
1640
1635
1636
1646
1654
1648
1649
1656
1652
1662
1656
1667
1678
1650
1638
1645
1631
1617
1596
1580
1575
1565
1549
1544
1537
1520
1509
1508
1508
1485
1489
1503
1505
1504
1513
1534
1565
1577
1576
1597
1607
1613
1623
1654
1668
1655
1674
1696
1677
1654
1617
1577
1529
1497
1465
1449
1432
1410
1394
1413
1415
1416
1417
1439
1454
1444
1454
1464
1472
1461
1492
1509
1528
1543
1552
1581
1598
1579
1557
1536
1497
1443
1419
1422
1420
1413
1405
1428
1435
1439
1447
1472
1484
1488
1476
1476
1456
1432
1426
1431
1425
1415
1405
1417
1424
1418
1411
1411
1423
1409
1414
1425
1418
1416
1421
1439
1428
1416
1421
1445
1463
1464
1466
1480
1465
1449
1442
1443
1445
1435
1418
1404
1384
1352
1322
1324
1312
1307
1328
1346
1377
1395
1396
1405
1417
1403
1415
1418
1411
1400
1396
1408
1398
1403
1416
1431
1448
1454
1446
1472
1468
1465
1468
1457
1444
1425
1410
1409
1391
1388
1399
1405
1425
1437
1446
1462
1468
1461
1451
1442
1429
1419
1387
1387
1370
1345
1336
1328
1317
1283
1261
1246
1232
1185
1160
1150
1122
1097
1089
1084
1071
1056
1063
1071
1064
1058
1053
1077
1078
1077
1087
1094
1118
1115
1131
1158
1171
1168
1164
1173
1176
1169
1162
1171
1145
1131
1119
1119
1099
1077
1063
1058
1055
1038
1030
1041
1050
1043
1037
1068
1072
1061
1078
1102
1106
1101
1105
1112
1115
1099
1104
1109
1105
1089
1080
1083
1077
1059
1062
1070
1064
1044
1034
1040
1036
1017
1019
1011
1000
972
959
972
960
935
919
921
922
898
895
903
906
890
887
902
900
898
893
914
912
903
904
923
936
916
919
919
906
898
881
886
877
859
859
864
857
837
833
833
828
816
808
813
808
788
793
803
800
795
792
804
806
801
798
805
791
770
763
772
765
747
741
751
748
730
738
740
728
716
715
727
720
707
710
724
731
715
722
733
723
704
718
724
718
716
730
743
737
720
724
741
732
721
723
731
730
714
716
714
702
678
671
677
660
647
640
641
633
617
618
626
616
613
611
615
606
590
591
599
595
589
600
606
606
604
599
611
607
599
597
606
605
590
594
605
607
590
587
595
593
574
570
579
576
569
566
573
570
559
561
562
557
548
560
569
572
570
571
583
581
569
577
585
586
581
572
579
573
556
551
551
546
535
531
541
539
519
510
516
507
499
502
512
508
504
509
518
522
520
524
538
530
514
510
518
526
519
534
548
554
552
556
565
567
557
558
564
558
555
552
558
550
551
545
551
547
538
532
535
535
515
501
504
495
475
479
489
485
471
467
473
463
446
438
432
415
407
400
406
391
375
378
398
397
395
396
416
417
410
415
418
415
409
409
427
431
429
424
446
456
444
460
472
476
470
476
476
473
459
461
470
470
459
460
474
472
468
470
484
473
469
471
482
486
479
492
502
508
510
514
511
257
-6
-6
-6
-6
-5
-4
-4
-7
422
420
-5
-6
-6
-5
-5

