;UFOS3
;Measurement details: channel = D, date = 12.09.2015, time = 14:37:53
Exposure=643
Gain=0
Temperature=33.6
Accummulate=4
4.169791831176506 mu
4.282840323957906 amas
13.128 hs
0 ozone
34041 uva
13908 uvb
11429 uve
[Value]
-7
287
288
286
286
285
287
285
324
318
425
423
311
317
447
430
336
331
447
451
318
340
462
439
329
326
459
454
343
341
467
445
344
340
433
451
334
331
447
449
330
333
433
429
332
339
464
469
352
349
454
457
325
339
469
464
322
331
457
463
330
353
452
459
339
337
450
446
328
334
444
467
337
355
458
452
323
335
455
435
337
343
467
463
324
337
454
467
330
338
450
447
326
335
474
446
330
330
435
465
340
334
452
447
332
356
457
448
327
341
471
449
334
340
466
452
340
330
453
458
320
332
461
457
325
347
446
439
319
343
449
461
321
340
463
450
316
335
456
457
336
326
469
459
329
347
458
466
328
343
511
465
328
328
451
444
324
336
464
470
330
340
465
463
340
352
473
462
331
336
452
468
331
346
447
472
327
340
463
456
325
342
455
448
337
341
445
423
337
334
463
459
326
349
474
465
343
330
456
452
328
337
457
452
331
334
460
456
327
347
458
454
340
342
459
455
333
330
459
447
332
340
461
465
325
342
466
447
340
343
469
457
336
341
453
460
352
339
453
444
327
328
454
453
330
342
471
442
332
326
458
435
343
337
459
461
335
347
467
439
335
337
458
445
328
326
458
452
324
339
449
460
318
347
458
459
340
319
467
455
336
342
484
452
342
333
473
438
336
326
469
457
321
333
466
467
322
337
462
456
315
327
449
452
336
339
469
458
347
341
459
457
323
334
482
446
356
344
478
449
338
340
453
477
323
331
479
470
344
334
459
467
333
328
454
456
331
329
445
459
325
348
453
469
335
353
458
466
330
352
472
450
336
335
457
453
340
339
458
449
331
346
456
439
328
344
460
457
335
321
459
466
334
342
464
450
331
345
482
464
329
335
452
460
333
342
475
470
331
339
483
460
327
327
458
465
343
347
471
475
338
329
464
451
343
351
475
450
321
355
459
466
337
356
445
468
343
331
456
464
329
344
452
476
335
330
450
459
327
340
462
446
327
329
453
471
327
341
461
460
341
331
464
461
330
328
462
475
328
345
456
484
333
336
456
448
332
353
473
466
336
333
476
449
326
326
461
454
331
328
440
455
337
346
472
446
342
347
455
459
336
327
460
480
315
342
471
476
321
363
466
476
321
351
457
456
337
323
463
456
336
336
464
459
324
332
454
470
319
348
475
470
333
333
476
443
336
335
463
460
329
335
451
449
332
338
468
459
343
336
492
453
334
343
469
464
333
344
450
440
349
337
453
459
335
342
461
467
320
335
459
455
339
340
454
447
330
335
468
455
356
345
476
480
333
343
464
472
341
338
481
449
332
343
480
460
337
334
470
469
332
334
467
460
334
332
463
447
330
344
464
453
329
346
443
470
318
340
458
470
321
346
468
448
343
341
465
485
317
336
482
454
334
335
471
472
343
340
470
447
333
355
505
474
344
333
459
465
349
351
488
438
315
333
457
451
324
331
473
478
328
354
459
450
325
335
451
467
344
343
487
457
336
346
464
453
334
329
460
480
320
339
468
460
321
342
448
468
342
348
476
464
319
341
455
462
318
340
470
464
335
346
457
461
326
339
463
476
342
346
459
453
336
340
462
473
347
349
459
457
336
334
477
467
326
340
465
461
335
343
484
454
341
338
460
462
328
346
471
471
330
333
466
450
335
332
456
445
324
353
466
457
335
353
472
436
325
335
442
455
341
326
459
444
323
330
469
457
329
341
458
460
325
338
479
481
338
346
471
451
349
330
458
448
338
337
446
453
333
330
487
445
332
348
455
465
341
345
461
460
331
345
454
473
341
346
452
450
329
345
466
472
325
349
473
469
324
340
477
454
333
334
471
475
327
333
464
466
336
342
451
475
336
337
459
437
327
329
455
467
331
346
468
440
329
336
463
472
337
331
465
479
327
349
466
469
344
335
470
454
348
324
441
476
336
335
474
442
341
349
459
455
320
330
466
446
339
344
460
462
323
339
457
466
323
342
484
457
338
328
463
469
332
346
474
454
322
335
466
450
330
349
471
466
334
353
464
452
338
335
458
441
351
344
478
458
337
347
461
451
329
353
467
447
349
338
477
456
319
343
461
457
349
348
454
457
326
341
465
460
325
340
457
441
335
332
459
473
337
342
471
471
334
333
473
467
352
338
448
447
320
336
474
458
352
336
465
452
341
344
462
463
337
322
485
449
339
326
499
457
321
337
466
457
336
354
461
475
361
355
457
474
313
347
450
459
335
342
465
457
332
344
477
458
329
326
455
463
334
358
487
458
330
401
466
462
324
336
462
448
326
324
460
463
326
340
445
451
330
340
483
465
341
327
476
457
335
336
468
459
333
337
465
460
338
345
487
460
327
356
460
449
329
344
456
445
348
340
463
487
327
339
461
462
324
356
469
459
327
340
462
496
324
330
460
454
332
321
491
464
324
348
470
451
337
344
465
491
331
332
463
459
334
348
466
461
332
330
463
453
336
336
454
454
325
350
469
465
332
333
479
451
326
330
469
477
343
329
468
458
318
340
462
461
334
335
470
458
342
333
473
447
324
332
465
471
343
334
475
484
322
352
470
446
338
334
472
463
330
349
472
456
339
353
452
462
325
326
498
459
335
336
470
473
333
340
478
457
344
335
466
471
342
347
463
479
325
343
471
469
325
349
452
462
329
349
474
449
325
339
470
443
343
331
465
459
318
334
441
462
328
336
477
463
328
348
476
469
344
336
464
454
325
339
470
443
329
353
461
465
336
332
464
467
343
328
470
473
336
324
481
460
342
338
459
481
341
339
463
458
332
340
460
453
335
355
478
476
352
323
471
454
324
337
470
466
333
337
471
475
327
359
478
448
332
344
467
466
323
344
468
464
336
334
476
466
335
336
461
469
342
340
480
471
330
335
485
464
329
340
477
457
332
341
478
462
331
347
467
455
325
329
471
446
341
338
466
466
334
349
468
463
335
349
482
454
337
347
470
449
329
351
465
457
333
333
472
469
340
344
471
452
336
330
472
468
327
334
464
476
331
325
465
467
330
354
478
478
329
345
495
460
327
357
461
458
334
344
483
443
323
332
483
460
346
339
460
454
332
339
466
458
332
339
447
460
332
337
473
463
328
352
478
490
327
328
452
451
327
331
502
467
333
338
492
469
369
338
463
470
328
330
464
466
327
349
475
454
337
354
490
464
329
324
492
466
341
345
458
474
345
328
475
457
328
350
471
457
331
352
471
466
325
348
471
465
326
332
468
470
347
328
478
461
324
344
484
455
342
347
476
468
333
351
450
476
332
355
473
472
338
341
457
461
322
335
457
470
344
342
488
457
333
343
472
456
341
356
484
458
328
347
461
466
348
338
459
470
344
355
474
458
332
332
468
455
337
351
478
472
333
347
476
460
330
334
470
464
336
336
495
450
331
355
464
459
333
348
472
475
326
354
458
489
334
335
466
464
332
348
468
463
329
351
471
465
323
330
503
453
334
338
481
476
336
337
475
469
332
353
468
456
336
343
456
469
346
344
467
462
331
345
486
467
334
347
473
456
326
348
455
454
345
349
477
461
320
338
471
486
328
338
484
481
325
335
485
465
333
335
483
464
324
345
491
473
328
343
462
451
332
336
465
463
336
347
474
445
334
335
481
466
337
348
466
479
330
339
485
448
330
358
496
454
331
331
489
467
332
331
473
453
330
336
480
463
345
351
473
463
334
337
466
461
322
336
482
476
340
340
460
462
349
338
457
462
334
338
486
487
318
347
468
471
331
330
477
462
334
351
489
459
317
343
491
486
330
334
471
466
318
332
475
474
340
337
474
465
327
340
482
450
327
349
487
466
330
333
477
467
330
347
485
461
330
346
485
465
334
335
475
463
357
351
491
474
330
333
476
449
344
332
500
463
326
338
474
446
349
350
483
474
452
357
487
486
320
359
487
477
341
351
484
448
327
333
489
480
319
334
469
474
331
346
467
458
336
357
489
478
339
339
485
468
325
342
489
467
342
338
495
459
343
347
485
474
330
360
477
480
329
355
480
472
323
347
485
473
329
347
477
479
330
343
476
455
339
329
480
470
341
343
477
478
330
336
497
497
340
332
479
471
339
331
479
474
351
339
481
454
335
340
485
462
342
348
477
474
329
336
483
470
339
342
483
471
324
342
484
463
327
350
467
452
327
345
474
475
341
358
467
462
323
334
470
471
325
348
495
465
335
331
465
457
337
330
488
446
322
341
469
461
346
337
475
468
325
356
491
463
339
342
474
477
326
337
487
469
338
357
484
461
328
350
484
476
317
328
482
475
336
333
467
472
326
341
460
465
350
345
457
459
341
336
464
466
337
341
457
453
332
346
470
450
327
329
464
455
350
336
472
452
335
339
466
461
328
349
475
451
340
338
469
450
333
344
461
460
325
345
481
476
331
338
470
451
340
354
484
469
339
340
463
470
331
350
481
463
332
351
472
463
331
342
488
449
342
340
474
453
345
344
455
462
328
338
477
461
329
328
490
451
330
341
486
466
339
341
471
463
324
346
467
460
340
333
467
456
345
348
469
476
335
328
472
462
335
328
480
458
334
336
475
461
334
343
472
460
349
349
484
472
338
346
470
485
343
333
484
455
326
335
502
472
358
354
477
463
326
345
470
441
335
342
483
467
349
339
480
451
336
346
467
448
320
331
473
439
329
332
467
442
337
342
479
468
328
333
499
445
330
345
469
465
331
346
485
463
336
335
469
451
335
330
483
454
332
339
483
480
343
332
496
473
333
351
489
466
341
353
468
470
329
346
464
443
326
333
443
458
349
331
481
473
336
338
496
461
323
346
496
465
333
334
486
459
329
340
488
456
339
337
486
481
330
337
469
463
332
348
497
475
321
344
476
456
324
351
481
469
325
342
461
476
347
338
470
457
323
349
471
463
331
334
468
458
334
342
470
462
333
344
464
484
332
343
483
469
345
342
493
450
351
334
474
490
330
356
483
460
342
360
474
452
332
333
478
463
328
357
475
452
319
341
487
472
343
343
468
473
334
347
484
465
342
345
469
464
323
323
476
479
339
349
473
475
355
333
486
483
353
346
476
508
327
352
489
456
340
368
486
464
323
336
462
477
327
329
467
473
332
329
507
481
484
353
491
454
331
335
466
477
325
343
477
458
329
347
471
477
325
332
478
467
333
337
483
473
322
328
502
470
320
336
485
473
337
340
501
461
332
328
476
490
328
358
477
461
318
350
485
469
321
335
476
465
347
347
456
477
347
346
465
481
338
329
499
464
346
336
491
463
335
362
488
449
319
356
490
460
317
335
482
485
338
351
500
466
326
347
475
462
331
346
510
462
327
349
455
465
328
341
476
495
337
331
462
457
336
344
480
482
326
344
470
459
326
354
481
490
334
343
468
455
349
343
487
466
326
356
483
458
335
335
476
471
321
342
476
464
336
340
479
478
333
325
480
458
333
339
473
459
344
353
476
470
351
336
487
464
348
349
484
462
317
340
476
483
347
350
477
457
343
344
478
458
333
331
472
452
322
338
491
472
317
331
486
462
351
345
474
465
332
337
477
450
319
344
464
483
340
349
477
465
323
349
458
466
329
345
485
457
343
367
480
478
326
333
490
473
335
342
457
451
330
347
478
465
328
339
466
467
333
345
469
484
335
343
484
465
334
336
479
474
326
343
475
459
336
339
489
463
324
339
453
465
357
357
490
476
356
364
462
468
340
341
457
456
333
354
474
449
325
337
482
455
324
342
485
455
324
336
485
458
332
346
470
488
333
332
473
479
327
339
493
479
339
333
468
466
318
345
488
460
333
341
467
462
328
345
468
452
340
346
481
450
345
347
503
458
334
336
469
476
421
336
469
440
331
328
463
458
335
342
465
462
330
339
482
470
328
335
485
459
330
341
479
460
338
343
470
448
343
353
462
453
332
322
476
466
332
347
492
454
344
341
479
450
331
355
469
457
329
350
470
470
341
335
475
475
339
324
497
465
343
355
475
462
329
347
494
452
340
337
477
476
319
352
486
451
352
337
462
442
337
342
477
433
330
342
474
454
334
337
476
467
326
341
499
455
351
335
482
442
330
342
485
465
326
343
480
449
327
338
470
447
330
332
484
457
335
348
477
463
331
335
492
471
360
340
477
467
332
338
474
452
336
346
494
466
326
337
465
451
334
353
464
455
329
350
478
450
328
346
474
478
347
341
467
454
334
340
463
454
337
336
482
473
329
339
476
468
330
329
486
457
323
357
471
476
327
339
490
444
338
326
475
460
326
333
505
476
336
360
466
453
328
349
466
456
358
347
478
471
339
331
490
470
340
353
474
451
357
352
487
461
341
328
466
467
338
343
476
465
332
344
478
486
327
339
492
472
330
351
480
442
328
335
490
469
350
335
474
453
332
328
495
465
329
341
494
454
334
328
495
444
335
343
476
481
349
356
492
435
334
330
484
457
341
344
480
460
323
331
491
468
345
348
479
463
340
335
466
479
344
323
496
465
321
341
486
449
333
338
476
469
344
342
484
444
349
338
489
463
335
338
479
455
332
337
467
453
353
340
469
473
342
335
497
471
342
334
460
480
329
334
477
460
338
336
488
453
342
355
465
490
329
354
475
479
338
347
500
464
337
349
481
471
328
339
492
454
346
349
487
457
357
333
488
485
341
346
491
462
347
355
494
480
343
344
492
474
327
336
478
453
324
344
472
448
333
352
484
477
333
336
462
473
332
325
488
473
335
349
473
477
333
345
482
488
343
340
498
487
336
353
469
472
336
343
491
464
348
349
481
475
328
329
473
472
342
345
484
482
347
349
489
467
349
339
490
475
338
347
491
477
349
344
499
498
340
344
472
465
329
355
489
460
352
351
491
467
340
342
490
464
353
346
486
476
327
337
484
460
336
343
469
464
332
345
490
471
335
338
486
464
350
328
477
463
329
353
480
464
330
348
481
466
332
350
469
477
329
341
490
462
354
346
484
466
348
352
477
477
341
340
486
490
334
340
486
497
330
332
474
463
337
338
495
462
331
341
480
472
340
348
495
476
346
333
495
469
340
338
495
474
344
356
495
459
349
360
482
485
332
339
508
470
339
333
484
481
356
354
494
463
338
341
481
479
325
355
496
466
340
353
510
459
351
333
509
463
334
359
489
448
342
365
492
470
337
354
496
471
340
366
478
466
338
356
503
487
333
354
461
479
338
336
520
456
341
369
512
462
342
330
479
487
329
347
500
466
344
342
495
493
327
349
503
486
352
335
507
452
348
341
483
484
354
347
501
480
335
333
479
472
350
335
497
465
342
337
515
459
345
337
492
479
338
332
495
460
326
335
496
476
330
345
503
461
358
343
469
476
336
344
500
479
327
352
485
464
329
340
483
489
331
339
515
479
338
344
498
480
336
344
490
483
338
351
495
472
354
348
502
472
333
333
505
475
339
337
497
489
333
353
504
470
329
343
498
483
348
337
508
444
346
331
495
461
337
336
493
472
337
341
501
476
334
357
499
474
353
341
503
472
325
346
503
486
336
342
499
471
351
341
517
468
332
341
501
484
343
359
512
459
333
352
498
473
342
346
494
476
348
351
486
479
338
346
498
472
351
352
482
474
323
352
489
474
337
352
485
480
336
334
490
473
330
340
518
480
334
343
506
478
324
344
504
455
326
347
494
466
344
347
495
481
345
336
497
465
338
339
490
489
337
338
499
510
350
346
504
490
341
330
520
490
345
353
498
470
328
344
513
470
339
341
526
471
347
360
492
503
365
338
495
481
338
338
501
482
345
330
491
489
352
351
494
471
338
332
510
475
338
336
484
469
323
343
488
500
344
332
512
489
336
344
503
499
334
344
504
483
354
346
511
496
332
337
515
486
354
343
514
495
344
334
502
490
339
359
519
493
321
347
502
481
338
347
533
491
335
349
507
469
348
359
506
486
335
332
506
477
331
341
514
471
333
351
516
491
346
349
495
472
340
346
497
495
334
350
503
487
351
339
507
481
336
348
504
470
334
347
510
465
355
343
508
487
328
354
505
475
338
340
519
487
331
342
503
464
336
349
510
465
328
333
511
482
341
354
503
494
343
349
502
485
348
340
507
497
335
346
490
476
356
348
508
471
339
341
505
486
327
336
507
486
351
342
498
486
330
332
504
481
350
327
495
467
349
355
503
465
336
348
502
491
342
361
493
489
334
347
476
468
343
351
493
487
333
342
499
484
341
339
506
474
335
363
503
483
343
326
485
492
341
345
504
474
343
336
505
480
344
341
512
490
341
327
501
484
324
349
505
486
344
341
514
493
354
348
493
506
340
345
488
475
337
338
499
498
347
340
494
481
332
337
498
478
346
334
521
483
340
349
491
469
335
329
494
485
344
342
510
477
287
287
287
288
286
287
284
286
325
349
285
286
288
-7
-7

