;UFOS3
;Measurement details: channel = D, date = 12.09.2015, time = 14:33:47
Exposure=739
Gain=0
Temperature=33.6
Accummulate=4
4.035847097079415 mu
4.139840410829158 amas
13.625 hs
0 ozone
35006 uva
14282 uvb
11733 uve
[Value]
-5
288
288
289
289
288
289
290
332
325
434
431
321
324
461
440
344
338
462
463
329
351
470
444
337
334
469
458
353
351
482
456
354
352
441
459
344
342
461
458
339
342
441
440
341
350
477
483
363
361
464
469
334
351
479
477
330
338
472
476
339
366
465
471
346
347
461
453
335
346
453
481
346
368
471
462
331
346
465
446
344
357
477
477
333
347
462
481
343
350
458
455
334
344
489
456
339
341
443
480
353
342
460
457
340
370
469
461
341
354
480
462
345
352
479
461
351
340
462
470
328
343
470
468
335
359
457
449
328
354
460
472
329
349
476
458
325
344
467
469
349
332
480
473
338
356
467
476
338
356
529
476
336
339
463
455
332
347
473
483
340
351
476
476
351
366
485
475
340
347
459
481
341
355
455
486
337
350
471
468
334
354
465
459
348
356
459
430
346
344
476
470
337
357
489
476
352
341
467
459
339
349
466
463
339
345
472
468
338
358
470
468
351
352
474
463
343
338
470
457
342
352
471
475
336
354
476
455
351
357
480
468
347
353
462
470
365
353
464
454
335
336
468
464
341
352
481
451
342
336
469
445
354
345
471
473
346
361
474
448
342
346
470
459
338
335
469
466
331
347
460
471
325
357
469
470
353
327
479
468
343
356
496
461
350
342
486
447
347
336
483
466
331
341
479
480
331
349
469
467
321
335
459
463
345
348
480
470
357
353
472
468
330
345
497
457
367
353
489
460
349
350
461
489
332
342
491
487
354
342
469
484
341
336
463
470
342
336
454
470
333
360
460
480
346
365
469
478
339
364
483
461
346
348
470
464
353
349
472
458
340
357
466
451
338
356
470
470
345
328
469
479
343
354
477
462
341
358
495
476
339
344
463
474
344
353
486
481
343
352
496
468
337
338
471
476
357
359
483
487
345
339
476
462
355
362
484
458
329
368
470
478
349
369
457
480
356
339
466
476
338
354
462
492
345
337
466
469
334
349
472
455
334
337
464
481
336
350
473
472
351
340
472
474
339
341
475
486
336
355
464
497
342
347
468
461
343
362
483
474
345
343
491
460
332
335
473
464
341
336
447
463
345
355
484
456
353
361
465
468
346
337
475
492
319
353
482
493
331
375
473
492
329
362
468
468
346
334
472
467
346
348
472
466
333
342
466
484
326
361
486
481
343
344
489
453
345
344
476
472
339
344
464
462
340
349
480
467
354
343
501
462
346
355
479
477
341
355
457
446
364
344
464
473
343
355
466
482
326
347
472
462
351
350
462
457
339
346
480
465
368
356
487
493
341
355
477
485
353
348
494
459
341
353
491
472
345
345
481
480
343
345
480
473
345
343
475
456
340
356
479
462
338
361
451
483
325
349
468
481
329
357
480
459
354
350
475
503
325
347
496
461
345
349
481
484
354
353
482
458
342
368
520
489
355
341
469
475
362
364
496
446
321
338
470
463
335
342
480
493
339
368
466
460
334
348
457
478
356
355
502
470
345
360
477
464
346
337
470
496
328
351
480
471
328
354
454
477
352
362
489
482
328
350
464
473
325
349
482
477
347
358
466
473
337
350
475
487
355
360
468
465
350
350
472
489
358
363
468
466
349
343
488
478
337
350
479
472
344
358
499
463
353
347
480
475
336
356
484
482
338
344
476
458
344
341
469
456
332
365
478
468
343
366
484
448
334
344
450
464
354
333
467
450
331
342
483
470
338
353
471
473
334
349
493
493
349
361
479
460
363
337
468
457
347
346
454
467
342
340
500
456
339
360
465
475
353
358
471
473
342
358
464
483
352
359
462
459
335
355
474
488
334
362
484
479
335
349
487
469
344
346
481
487
336
342
478
480
347
351
459
490
347
349
473
446
336
340
463
483
339
357
484
446
339
346
471
489
347
339
474
491
335
360
476
483
351
347
482
466
359
333
449
485
344
343
485
452
354
361
470
466
326
339
474
456
351
355
469
475
330
349
475
480
331
354
501
464
348
338
472
483
344
359
486
464
329
343
478
462
339
362
481
480
342
365
473
461
348
344
471
450
364
349
487
471
346
359
473
461
339
367
483
456
365
348
488
466
329
354
471
469
360
360
460
471
332
353
474
471
334
352
469
449
351
343
472
483
349
352
482
485
342
344
484
480
365
347
459
455
328
346
486
471
363
346
477
466
349
358
473
478
349
331
498
459
347
336
510
466
327
344
478
467
344
367
469
490
370
366
470
487
319
358
456
469
344
354
474
468
341
356
489
473
338
335
464
469
343
371
501
471
343
420
477
474
331
343
472
459
335
332
469
477
335
352
456
463
340
352
499
472
353
337
490
464
344
346
481
471
344
347
476
472
350
359
501
474
339
369
471
460
340
356
463
455
360
351
474
500
336
349
473
470
335
367
480
471
336
349
478
511
331
338
467
465
342
330
505
476
332
359
485
460
347
356
477
507
339
344
474
470
346
358
474
471
336
338
475
463
343
347
463
462
335
363
480
478
342
346
488
460
336
339
478
490
356
338
480
465
327
352
475
476
342
345
481
466
354
344
487
457
334
342
478
485
353
347
487
497
330
366
482
459
348
344
481
474
337
361
484
464
351
368
464
473
333
334
512
471
343
348
483
486
347
351
488
471
358
347
478
484
353
360
470
497
333
356
485
479
337
359
461
476
341
359
485
460
332
351
477
451
355
340
473
471
327
344
454
474
337
347
488
475
338
363
487
485
354
348
474
468
333
351
481
452
340
366
472
478
348
344
470
480
354
336
477
483
347
332
491
473
356
347
467
492
352
350
476
470
338
352
470
465
343
366
491
489
364
331
480
461
333
346
481
476
343
348
482
489
333
371
492
459
344
356
480
478
335
355
480
476
342
345
486
477
347
347
475
485
355
352
491
485
340
345
498
478
339
348
492
468
345
352
490
474
339
358
479
467
335
337
483
454
351
348
478
480
344
359
476
476
347
360
495
465
349
362
478
460
338
365
475
466
343
342
486
481
352
355
480
461
345
338
486
479
333
343
470
491
343
336
474
481
341
368
492
494
340
362
506
472
336
367
470
470
343
356
496
457
330
342
494
471
356
345
468
465
341
351
474
470
341
351
461
472
342
346
487
476
337
366
490
504
333
337
459
460
338
338
520
478
341
350
503
478
383
352
472
485
334
340
475
478
338
363
486
465
350
369
502
479
338
335
505
478
352
359
471
486
411
341
487
467
336
360
481
467
340
367
483
478
334
361
484
475
336
340
482
480
363
341
494
474
331
361
496
465
353
360
488
483
342
364
469
491
346
368
481
488
350
352
468
473
331
344
466
479
356
351
501
466
342
356
483
470
354
370
499
466
338
358
473
475
359
348
464
488
354
369
489
467
344
341
485
466
347
359
489
482
344
357
487
472
339
344
484
478
343
348
505
461
342
368
477
470
342
363
485
488
337
367
466
502
344
346
475
475
338
362
475
472
335
365
478
479
331
341
515
461
347
350
492
489
344
348
487
482
341
366
483
464
346
356
465
480
357
357
474
475
338
358
497
474
347
356
484
469
335
363
463
467
355
363
492
471
328
350
483
502
338
346
499
494
331
346
495
475
345
345
493
474
334
354
503
481
336
358
473
464
342
347
476
475
346
358
485
457
341
345
492
474
348
357
478
492
339
350
500
461
339
370
504
465
341
339
504
480
343
344
486
464
338
345
491
472
357
364
482
476
342
348
475
472
330
350
494
489
349
349
473
477
362
349
468
474
345
349
498
501
326
356
475
483
342
341
490
470
345
367
502
472
325
358
506
506
340
344
486
481
327
342
482
488
353
346
487
476
337
356
494
458
336
362
503
477
340
341
489
480
338
361
498
473
342
358
496
478
343
345
489
476
371
360
503
485
338
344
494
460
359
342
514
475
336
348
485
456
360
362
498
486
463
374
500
502
331
374
499
486
351
360
497
458
337
342
499
495
327
343
480
491
341
360
477
469
347
374
513
493
351
349
495
477
336
352
500
478
353
350
509
471
354
362
495
486
341
376
493
496
336
367
493
487
333
361
497
484
337
360
488
493
339
354
486
464
349
341
491
485
354
358
490
494
340
345
509
511
352
343
495
487
350
342
489
485
364
354
495
467
345
350
498
472
353
361
490
490
339
347
496
477
350
351
494
482
329
353
498
474
338
365
475
461
336
355
488
489
353
371
477
474
332
342
485
486
334
358
505
477
350
342
476
467
349
339
505
455
330
352
475
475
357
349
492
480
333
369
501
476
348
353
487
487
334
352
495
479
350
375
496
473
340
361
494
487
326
339
494
487
348
343
476
485
338
352
471
476
365
355
464
471
353
348
475
477
344
352
469
464
341
358
481
460
336
337
475
466
360
347
484
463
344
348
480
472
337
362
488
463
348
348
476
461
343
359
474
472
333
355
491
492
341
347
479
463
349
365
495
483
351
351
475
482
340
364
490
472
343
364
482
473
343
355
503
458
353
352
485
464
361
357
464
471
338
348
491
473
339
340
504
462
340
352
497
479
352
351
482
475
335
359
481
470
352
343
478
467
359
358
479
488
348
338
487
471
345
338
497
469
345
349
485
471
346
355
483
474
362
364
493
484
347
358
485
500
354
342
500
465
334
347
514
487
373
367
488
472
332
359
481
450
347
353
498
478
362
352
491
462
346
357
479
456
328
342
484
451
339
343
474
453
345
353
492
482
336
342
522
454
336
355
478
478
342
360
495
476
348
347
483
462
346
338
493
466
339
349
497
490
352
342
509
484
346
364
496
477
350
364
481
479
338
355
477
453
338
344
460
472
364
341
493
490
348
349
510
473
332
356
511
476
341
346
499
471
338
351
498
468
353
348
496
492
337
349
478
476
345
363
508
489
328
354
491
467
330
364
489
479
336
353
470
487
357
348
482
467
334
361
482
476
340
343
480
466
343
353
481
475
344
356
475
499
343
354
494
480
359
351
503
463
363
346
486
502
340
372
494
473
354
374
487
462
343
344
489
474
339
373
486
460
326
354
498
484
355
354
476
488
344
358
497
480
353
356
477
473
331
327
487
491
349
362
479
492
369
347
501
498
364
358
485
528
338
366
503
467
350
385
501
476
331
347
469
490
336
339
480
484
343
341
519
495
517
367
503
465
342
346
480
491
332
354
487
470
339
361
481
491
333
341
497
479
343
347
495
487
331
337
515
484
331
344
497
484
349
350
516
468
342
337
489
506
336
372
489
471
327
366
498
483
328
342
488
476
358
360
466
491
359
359
475
495
351
339
513
478
358
348
501
473
343
379
501
459
327
370
499
469
328
349
493
502
349
364
512
477
334
361
486
475
340
357
523
475
336
361
474
479
336
354
486
512
347
341
475
466
351
354
494
494
332
360
486
476
335
367
493
503
345
354
488
464
362
354
497
479
336
371
496
472
346
348
487
483
331
347
484
480
345
348
493
492
344
336
494
468
342
349
483
472
357
365
489
485
362
349
496
478
359
363
492
473
324
348
485
499
354
364
490
468
354
353
494
473
340
338
484
462
330
349
501
487
323
339
500
475
363
356
484
478
343
349
484
460
328
353
475
495
351
362
491
481
330
362
467
481
337
354
500
468
354
385
492
492
335
340
503
485
345
352
468
460
339
357
491
479
338
349
474
482
346
356
484
496
345
354
494
476
345
348
493
486
334
355
487
468
345
347
501
477
333
352
463
476
370
368
500
494
371
379
473
480
351
352
466
466
340
366
483
460
333
350
492
466
333
353
498
468
332
346
499
471
341
356
479
500
343
344
486
491
336
348
507
496
348
346
481
479
328
356
503
472
339
354
479
473
338
356
477
469
352
356
493
463
360
358
518
469
344
346
481
490
480
345
481
448
339
337
474
469
346
354
479
479
338
351
493
480
337
346
499
474
340
352
491
472
350
351
478
461
357
365
472
468
342
333
490
480
340
358
503
468
355
352
490
463
340
368
481
467
338
359
483
485
352
344
482
487
349
332
512
478
353
369
487
473
339
357
505
466
348
344
492
490
329
367
502
465
365
347
475
454
347
353
488
443
337
352
482
466
344
351
486
480
334
356
511
469
364
345
496
452
341
356
499
476
336
354
493
460
336
349
483
459
339
345
500
472
344
358
490
474
340
347
505
482
371
352
490
478
338
350
484
464
347
356
509
478
335
349
475
459
343
365
473
465
336
360
491
461
338
359
482
492
360
348
478
465
345
351
475
467
348
349
493
488
338
348
490
478
342
338
501
465
333
372
483
491
336
349
504
451
350
335
485
470
334
343
522
489
346
374
479
466
339
365
476
465
372
358
489
479
350
341
501
482
351
366
485
463
371
367
500
475
351
335
476
479
351
357
487
481
344
357
491
506
335
352
508
483
342
367
491
453
338
346
505
481
361
346
486
467
343
335
504
479
338
350
507
465
344
339
512
454
346
352
491
496
360
373
505
444
345
341
495
469
353
355
494
473
332
341
503
480
359
359
493
475
349
345
484
493
355
332
509
475
329
355
498
459
345
349
484
482
356
353
495
454
364
352
501
478
347
348
494
469
343
348
480
465
363
353
480
485
354
346
510
485
358
345
472
496
340
344
489
475
349
348
501
467
351
366
477
505
337
368
489
491
347
361
515
473
346
362
492
483
338
350
505
467
359
365
503
470
373
344
501
500
353
358
505
470
361
368
506
493
353
356
496
485
336
348
493
461
332
356
483
458
340
366
502
490
344
347
472
485
340
335
500
488
345
362
486
490
342
356
492
502
354
354
508
503
347
365
480
484
346
354
504
479
360
362
496
485
337
343
486
485
351
357
496
495
358
360
501
479
361
350
500
488
346
357
501
487
361
358
511
511
352
352
483
475
340
368
502
469
364
366
505
475
349
353
504
473
366
359
496
489
338
348
499
472
347
352
478
476
342
358
502
488
346
348
498
475
364
338
490
476
339
366
490
477
341
361
491
476
343
362
478
492
340
354
509
472
361
357
497
478
360
364
489
492
353
351
503
502
342
351
496
511
339
345
483
478
346
347
507
477
343
355
494
486
347
361
509
490
358
344
508
480
348
349
505
488
357
366
510
474
359
375
494
496
339
353
524
482
349
340
504
493
369
367
506
475
346
355
495
490
334
371
507
477
352
366
524
470
366
343
523
473
347
373
503
458
352
380
505
482
347
369
506
487
351
382
488
475
348
370
520
501
343
365
477
492
350
348
538
467
351
386
523
477
353
340
490
499
337
358
511
472
357
353
505
506
337
360
519
500
363
344
521
464
365
353
495
495
366
363
517
495
346
344
492
487
361
345
508
475
351
352
533
467
354
352
507
494
351
341
506
469
337
345
509
487
338
357
515
470
374
357
479
490
348
355
514
494
336
367
497
476
341
350
499
503
339
351
531
490
350
356
509
493
347
356
502
490
347
366
508
490
367
360
516
483
347
341
520
486
350
349
510
503
342
368
519
478
339
355
509
497
359
350
524
456
358
341
505
472
346
347
507
484
347
355
513
487
345
374
509
486
369
354
516
484
338
358
515
499
346
352
513
483
364
349
533
481
342
354
517
498
353
373
526
470
342
368
511
483
352
359
508
485
357
361
504
490
351
356
510
485
366
366
492
485
332
362
503
487
348
364
497
493
346
343
505
487
339
355
534
497
340
357
520
495
332
354
516
463
337
358
508
477
357
357
509
495
354
344
508
474
350
346
505
502
347
349
519
525
365
357
515
505
353
341
533
501
359
365
511
481
335
357
528
479
349
352
547
484
356
378
509
518
378
350
508
494
348
351
509
494
357
338
503
505
367
364
507
481
349
343
526
486
349
347
500
481
336
357
501
518
356
344
528
504
347
357
518
518
346
356
515
495
370
357
526
510
345
346
529
500
365
355
530
507
356
347
519
504
348
374
531
503
330
361
512
492
348
359
547
504
343
361
520
482
360
373
522
499
347
341
521
492
342
353
532
483
340
365
531
503
357
365
506
488
349
360
518
508
346
362
513
502
366
348
521
495
345
359
513
483
341
359
527
474
369
352
526
504
338
365
518
487
349
351
530
498
340
352
519
476
345
361
525
478
338
343
529
493
350
366
516
505
358
364
516
498
360
353
520
511
347
357
505
489
370
361
521
483
350
357
515
497
335
344
523
500
365
356
509
500
341
344
515
495
368
340
506
488
362
370
516
476
345
360
517
505
354
378
505
500
345
359
496
479
352
362
509
497
343
351
512
500
351
351
520
483
348
375
518
497
353
336
495
505
351
357
515
484
355
345
518
495
354
348
527
500
355
338
514
497
333
361
519
500
356
353
527
504
365
361
509
522
352
357
500
486
348
349
511
512
361
352
509
496
342
346
516
491
358
345
537
498
349
362
504
479
348
340
505
497
359
353
527
493
289
289
289
288
288
289
289
289
334
361
288
289
288
-5
-5

