0.054353371
0.054353371
0.054353371
0.054353371
0.054353371
0.054353371
0.054353371
0.054353371
0.054353371
0.054353371
0.054353371
0.054353371
0.054353371
0.054353371
0.054353371
0.054353371
0.054353371
0.054353371
0.054353371
0.054353371
0.054353371
0.054353371
0.054353371
0.054386674
0.064314713
0.058991588
0.04427115
0.064434535
0.054555655
0.06451539
0.064556109
0.041798073
0.044438715
0.039526322
0.039551682
0.047492595
0.054834593
0.041959567
0.050984124
0.047616332
0.071471438
0.05108471
0.059638304
0.065103229
0.047774237
0.047806249
0.039865339
0.04223886
0.042267488
0.059919678
0.051394797
0.051430024
0.051465407
0.045063326
0.042441936
0.055539599
0.06568353
0.04820167
0.04522084
0.045252751
0.048303785
0.060422643
0.045349302
0.040339341
0.051902116
0.048476887
0.045479948
0.036410361
0.060728121
0.042898229
0.052128894
0.060861777
0.056221565
0.043024797
0.043056762
0.048834037
0.045816148
0.052400598
0.048944039
0.045919687
0.043251271
0.040879469
0.049092764
0.043350277
0.05673232
0.073808782
0.046166106
0.043484105
0.06165034
0.056952354
0.074095934
0.046346269
0.061843623
0.067518988
0.057176653
0.046492896
0.0465299
0.046567044
0.049711282
0.049751198
0.06223908
0.05339087
0.041559868
0.037434265
0.053521087
0.049993825
0.04690761
0.044184611
0.053696947
0.039598862
0.05792321
0.047101708
0.041903065
0.050325684
0.04721985
0.042008455
0.047299314
0.050495208
0.047379341
0.063226088
0.039966259
0.050667135
0.054332671
0.047581876
0.047622807
0.047663878
0.04489891
0.047746447
0.054614792
0.058867177
0.051062785
0.047913282
0.051152369
0.051197388
0.0320266
0.051287882
0.042777797
0.042815818
0.055097957
0.070187304
0.051516771
0.045496769
0.064511739
0.064569912
0.064628276
0.06468683
0.05179646
0.043203007
0.070760332
0.048692216
0.051985971
0.048781623
0.055801761
0.055853261
0.065222412
0.048962158
0.052274828
0.041308033
0.04909907
0.056165708
0.049191064
0.046340967
0.056324155
0.052618813
0.05266857
0.060829015
0.041659377
0.044015636
0.052869137
0.061061152
0.052970348
0.049707361
0.041899087
0.056917847
0.049851211
0.029570045
0.057083243
0.044441217
0.050045046
0.042184311
0.042225547
0.050191951
0.066988282
0.050290617
0.05369618
0.044790993
0.04747267
0.050489702
0.047566907
0.050590122
0.054016588
0.042687266
0.054124641
0.047804914
0.062576907
0.058165601
0.058224241
0.042945405
0.054452558
0.058401171
0.045469266
0.074479957
0.058579616
0.048291299
0.063214762
0.054842273
0.045748814
0.09159173
0.051573428
0.043475079
0.059062894
0.07524881
0.048740922
0.048791577
0.046128907
0.059370443
0.04894438
0.048995595
0.049046949
0.064205656
0.059682236
0.046468415
0.055820935
0.049305821
0.044162436
0.0559984
0.046714894
0.046764588
0.042132973
0.049621103
0.056297361
0.05283528
0.052891934
0.047065545
0.056539405
0.056600315
0.056661386
0.044781014
0.050103537
0.056845561
0.056907273
0.050266894
0.037194248
0.053525038
0.053583496
0.053642105
0.050541991
0.043007821
0.045321126
0.050708753
0.047944369
0.06645776
0.054056597
0.061847332
0.061915869
0.066752624
0.045723605
0.043485765
0.058045635
0.058110413
0.04847946
0.045979306
0.062470413
0.048642621
0.048697279
0.051619841
0.051678001
0.048862066
0.048917266
0.041976516
0.055156583
0.051970956
0.068039203
0.055344717
0.044326188
0.063395322
0.042311795
0.049420185
0.049476746
0.059440133
0.04463125
0.052567675
0.047088337
0.04478544
0.056046354
0.059851799
0.047306041
0.047360791
0.052993985
0.060129529
0.039260461
0.060269383
0.047636492
0.053302849
0.053365058
0.056766626
0.050518252
0.050577418
0.050636722
0.050696164
0.050755744
0.045733916
0.045787786
0.050935312
0.053995177
0.054058993
0.051116124
0.043865719
0.048540655
0.054315723
0.054380273
0.046278224
0.051481489
0.046388582
0.044232332
0.038749534
0.051727842
0.044391239
0.049122809
0.042475147
0.051976422
0.049300025
0.04465847
0.058684861
0.052227233
0.055366184
0.067311612
0.047175127
0.047232251
0.049778423
0.049838819
0.04740438
0.043147281
0.050020804
0.047577645
0.063514204
0.059617234
0.059690059
0.059763043
0.047868948
0.043570535
0.059982945
0.050573948
0.05659326
0.050698336
0.050760731
0.048282096
0.050885922
0.056942685
0.051011648
0.060651221
0.042244361
0.046324934
0.048701474
0.060952369
0.04438404
0.046555353
0.065258566
0.039203885
0.089210757
0.061408881
0.04918842
0.054722072
0.051906775
0.054859041
0.04708092
0.044997203
0.052167377
0.049621222
0.055203961
0.049746036
0.055342929
0.043366404
0.055482469
0.066662944
0.052695077
0.05276165
0.055763267
0.055833825
0.067085432
0.071968336
0.053096553
0.045914313
0.053231466
0.056260191
0.050698579
0.050763117
0.067770379
0.056547312
0.050957508
0.053707963
0.056764168
0.042627556
0.064023143
0.053983254
0.068466398
0.060488983
0.051481603
0.051547701
0.054330452
0.051680289
0.05749642
0.051813398
0.054610683
0.045171331
0.054751625
0.061271985
0.052148461
0.052215867
0.055035161
0.049858163
0.058243188
0.049987428
0.070073148
0.052623054
0.052691378
0.050247461
0.052828422
0.044080951
0.058851102
0.0505095
0.048276445
0.050641272
0.048402467
0.053312224
0.050839873
0.046479688
0.050972904
0.056412198
0.059624177
0.056560067
0.046784783
0.048975518
0.046907627
0.051442481
0.047030933
0.047092759
0.051645624
0.049362974
0.04727893
0.047341219
0.051918254
0.045488387
0.045548414
0.054730261
0.057686904
0.054874991
0.049952323
0.055020254
0.050084624
0.052539098
0.046032627
0.048097727
0.046154794
0.052818338
0.052888467
0.050551509
0.044544451
0.05309962
0.048546759
0.0465859
0.058923706
0.050956451
0.066031536
0.04496132
0.043289715
0.045081395
0.041797772
0.051365796
0.047148245
0.049263954
0.054027939
0.047337716
0.056881318
0.04381347
0.049594644
0.051918459
0.049727744
0.0477197
0.040957508
0.052197744
0.052267873
0.052338126
0.052408502
0.050197306
0.055051988
0.05033253
0.042933605
0.050468227
0.0430494
0.048495881
0.0485613
0.053047453
0.040297223
0.043340656
0.050946899
0.043457866
0.048956201
0.040570275
0.047125196
0.045374021
0.042190069
0.045497002
0.045558651
0.042361804
0.045682264
0.042476785
0.045806301
0.047703216
0.04593076
0.041235236
0.047897868
0.047962971
0.048028186
0.04809351
0.042999057
0.04305758
0.057488267
0.046496068
0.043233738
0.050508097
0.046686414
0.050645915
0.055325451
0.050784194
0.048819367
0.04364823
0.043707839
0.049019652
0.053355039
0.045512714
0.042431842
0.049288254
0.045699706
0.044127876
0.053794427
0.045887625
0.051694279
0.04601342
0.04976259
0.046139628
0.049899117
0.049967549
0.050036092
0.050104747
0.046456957
0.052335825
0.05240769
0.046648597
0.048509326
0.048575986
0.048642754
0.04523037
0.045292569
0.057724378
0.05086734
0.055366674
0.049045627
0.04403248
0.055595668
0.053352567
0.051289027
0.051359702
0.05143049
0.05150139
0.051572404
0.049657241
0.04972574
0.064732652
0.051857587
0.056444745
0.052000857
0.05660072
0.056678891
0.052216611
0.048415515
0.054542723
0.05461811
0.048616547
0.046945062
0.045388949
0.048818525
0.062853508
0.048953703
0.052943167
0.049089303
0.047401645
0.044302792
0.049293494
0.05553199
0.044487135
0.047730827
0.051473659
0.05826826
0.04792956
0.053755529
0.046405229
0.048129212
0.051903349
0.048262824
0.048329784
0.046727989
0.04846401
0.054355031
0.052337004
0.046987977
0.059327975
0.050608829
0.05067912
0.050749516
0.052774636
0.037136406
0.052921399
0.043058394
0.059990597
0.05526807
0.043238207
0.053290247
0.060324917
0.051459357
0.05153093
0.044944208
0.049828881
0.055885992
0.048244615
0.051890399
0.045257761
0.052034937
0.054111497
0.052179906
0.045510287
0.048716663
0.045637112
0.050597165
0.052544211
0.050738202
0.043110562
0.059359597
0.050950537
0.047620089
0.049330801
0.05116381
0.049468381
0.053206754
0.047952819
0.051449633
0.045081181
0.046600284
0.053578619
0.045269986
0.043959374
0.044020668
0.050162334
0.046991493
0.042904935
0.04565007
0.050442745
0.048829331
0.04889744
0.044514224
0.049033952
0.047518408
0.044700778
0.043446578
0.049308153
0.052903874
0.047850816
0.042441288
0.046484931
0.042559814
0.04387271
0.048185604
0.043995244
0.04160905
0.050000542
0.044179697
0.050140204
0.050210182
0.047137744
0.045773124
0.047269418
0.048862342
0.047401462
0.050632132
0.047533879
0.042311312
0.043580953
0.050915414
0.044988073
0.045050868
0.045113751
0.045176721
0.048067266
0.046675741
0.041687822
0.041746009
0.049895428
0.046936885
0.045619974
0.047068
0.042038159
0.043266188
0.045875196
0.04221442
0.042273336
0.044751323
0.044813777
0.049083471
0.04250981
0.050808318
0.041506731
0.043873797
0.046519429
0.04399632
0.042866958
0.046714424
0.0467796
0.044242371
0.040896086
0.0443659
0.044427789
0.044489763
0.044551821
0.04340818
0.044676189
0.042383841
0.042442951
0.041412342
0.04256141
0.042620759
0.043833706
0.043894824
0.046467796
0.046532579
0.046597448
0.045366227
0.04193489
0.045492785
0.043158496
0.041057713
0.048370506
0.042227922
0.047119535
0.047185188
0.047250927
0.0460024
0.043641931
0.046130651
0.046194904
0.050464627
0.046323664
0.042819851
0.045197284
0.055820931
0.045323226
0.052477934
0.048046614
0.05262413
0.044376734
0.048247505
0.048314644
0.043419627
0.051385499
0.048516588
0.04723452
0.042570199
0.046085845
0.051743869
0.046214112
0.047563881
0.046342712
0.049058974
0.052104573
0.047828911
0.046600913
0.050783232
0.046730515
0.045563982
0.049538191
0.052613489
0.054333021
0.049744895
0.052833002
0.051350292
0.04856483
0.050021741
0.050091174
0.053200738
0.053274567
0.048902783
0.046393231
0.044134712
0.050509636
0.047845654
0.04545498
0.050720068
0.048044964
0.050860801
0.046910409
0.048245032
0.045834357
0.054242933
0.051214194
0.054393331
0.047301742
0.046152707
0.047432844
0.05156982
0.050206736
0.044144985
0.05492271
0.053381106
0.049120782
0.04918874
0.049256783
0.050695048
0.046860144
0.053825666
0.05236008
0.050976003
0.048359805
0.047184928
0.047250127
0.049872997
0.051329165
0.048694794
0.054498751
0.047577335
0.051613272
0.046516066
0.050357045
0.054875936
0.056616853
0.047972658
0.049303009
0.05685146
0.049439084
0.053750725
0.049575492
0.050985547
0.051055809
0.049780731
0.048571124
0.054196659
0.051337715
0.048772078
0.048839226
0.046520775
0.046584802
0.045538219
0.050400966
0.053274206
0.045726411
0.049311547
0.048144865
0.045915287
0.047099822
0.042972146
0.050957989
0.044069633
0.046231602
0.048609848
0.048676594
0.049993251
0.048810326
0.044433921
0.048944379
0.050268232
0.045654654
0.045717266
0.04801312
0.048078943
0.042911708
0.045968459
0.046031444
0.049551592
0.048409232
0.047321346
0.044227062
0.046347494
0.043384129
0.044408908
0.046538024
0.045542555
0.043622022
0.045667202
0.044713421
0.044774539
0.044835729
0.045917377
0.044958325
0.044041041
0.047178009
0.041457635
0.041514227
0.049682277
0.045327841
0.047500827
0.04545159
0.045513573
0.042727151
0.046674977
0.041969346
0.039601927
0.045824571
0.043019051
0.045949477
0.043136286
0.046074672
0.046137379
0.044234194
0.044294371
0.043430563
0.039386828
0.045442174
0.042717988
0.041920522
0.04197748
0.043785942
0.042091595
0.044839096
0.041378403
0.044024227
0.0470229
0.048156849
0.042435511
0.04249306
0.047278528
0.042608356
0.042666102
0.044504077
0.047535325
0.046564931
0.0456359
0.047728691
0.047793292
0.050083919
0.045883451
0.044988316
0.046007648
0.048117401
0.04517104
0.047198698
0.04726247
0.045354383
0.046381926
0.044548856
0.044608993
0.046570015
0.049812366
0.047710886
0.049946835
0.048902757
0.044071814
0.046948099
0.049100754
0.048098055
0.047138095
0.044369474
0.048292615
0.048357613
0.044548868
0.048487826
0.047519998
0.045641696
0.045703055
0.044849192
0.044909457
0.044088028
0.048945855
0.047968779
0.048033175
0.046134472
0.04816218
0.044444296
0.045393982
0.044563577
0.042144243
0.047475816
0.046569236
0.044802927
0.047666862
0.045821457
0.046819177
0.045944197
0.046005668
0.047986673
0.047070216
0.046190484
0.045345318
0.048243783
0.036806275
0.048372758
0.04386779
0.048502015
0.050678347
0.047639072
0.04674857
0.048761372
0.050949274
0.049931717
0.046998364
0.047060981
0.05013156
0.052429355
0.045431962
0.04638444
0.047375085
0.04650795
0.046569804
0.050600383
0.050667646
0.047690883
0.05080239
0.048793549
0.048858344
0.051005048
0.048988143
0.048072084
0.050141516
0.049183363
0.044688522
0.050341229
0.051480451
0.048455736
0.05054158
0.048584166
0.046777388
0.050742572
0.047820905
0.049838618
0.04702542
0.049970506
0.05216577
0.050102673
0.049165485
0.048265116
0.04929542
0.0465665
0.050434315
0.045824849
0.048584425
0.049621458
0.047775839
0.051825369
0.052997772
0.050901557
0.050968587
0.04809132
0.048154615
0.050146695
0.045647872
0.046554345
0.048408457
0.047557516
0.049487458
0.047682563
0.047745184
0.049682689
0.046129873
0.047045783
0.046251001
0.049943947
0.048122282
0.049112002
0.048248504
0.045723586
0.044980251
0.049369834
0.048501733
0.047665848
0.045216197
0.046921711
0.046983063
0.046204399
0.042472584
0.043969703
0.045571943
0.045631448
0.046506924
0.049203519
0.045020495
0.04431516
0.047600066
0.047662115
0.046872008
0.045314692
0.046169742
0.046229859
0.044720883
0.046350276
0.047239337
0.049052658
0.044954028
0.04578854
0.046652394
0.045907606
0.045967229
0.047670731
0.048600475
0.04779455
0.051537827
0.043990864
0.04632624
0.049822309
0.048979835
0.047322469
0.046566793
0.049170379
0.045896121
0.045955509
0.048480043
0.046074463
0.046929444
0.043958479
0.044736839
0.044072132
0.042092319
0.042805201
0.045717808
0.044300123
0.044357263
0.043709469
0.04115293
0.045259011
0.043878675
0.043248702
0.042638167
0.04336013
0.04410507
0.042802984
0.044931808
0.044275457
0.045047404
0.04112541
0.045163229
0.046728602
0.043864306
0.043920603
0.042644321
0.044732307
0.042753774
0.044146349
0.044904558
0.044259556
0.042973327
0.047331185
0.045863004
0.044486639
0.043858264
0.045308461
0.042657947
0.046157023
0.04477175
0.045540511
0.045598665
0.045656876
0.043637184
0.045058259
0.043748586
0.045890291
0.049063959
0.043916097
0.044648536
0.046124617
0.047697549
0.044140208
0.044196372
0.043592104
0.043005661
0.045047732
0.048062685
0.041345755
0.045219646
0.045277062
0.04830729
0.046833078
0.044761012
0.044817776
0.047769731
0.04493147
0.046394286
0.046453051
0.041926194
0.047309967
0.043250721
0.045970387
0.047489748
0.044053482
0.048377792
0.045503227
0.049295189
0.045618237
0.044994096
0.045733468
0.045791166
0.043855487
0.045221552
0.04815338
0.050624759
0.04827479
0.04613851
0.048396431
0.050046104
0.045621689
0.048579327
0.048640408
0.05029832
0.048000827
0.053032965
0.046663253
0.046721834
0.04750017
0.049861044
0.049131144
0.051652385
0.050048835
0.052659594
0.047133455
0.051911728
0.049501635
0.050363
0.052106878
0.056914963
0.05312266
0.048279302
0.049874222
0.049936524
0.047726207
0.049279094
0.049340595
0.04864212
0.049463769
0.050311561
0.048824294
0.05043704
0.049710808
0.049772711
0.046903221
0.04912905
0.050751765
0.050814885
0.050878065
0.050145345
0.050207653
0.050270018
0.04807875
0.052873361
0.050457461
0.048257966
0.049049903
0.050645425
0.047725361
0.051576914
0.050833911
0.047208677
0.04941562
0.054424446
0.051086037
0.051961106
0.054626611
0.048979812
0.051339092
0.04984485
0.052282889
0.049967994
0.04928294
0.052476668
0.050153134
0.050987499
0.051847995
0.05191187
0.051176176
0.051239183
0.049770838
0.049832076
0.047082476
0.049220091
0.047872577
0.049341151
0.050898787
0.050961293
0.053453564
0.053519165
0.051149152
0.052812257
0.049045342
0.051337523
0.047780678
0.054783606
0.048582039
0.05158948
0.050881677
0.050194747
0.049527783
0.050317574
0.051905708
0.050440622
0.048368332
0.048427389
0.050625609
0.047871417
0.049299234
0.047330883
0.047388581
0.048105307
0.046862183
0.048901758
0.045740156
0.045795824
0.045851542
0.043611945
0.048516636
0.044271439
0.045476538
0.045531779
0.045587069
0.045057249
0.043984129
0.048930542
0.046411467
0.047087304
0.047144372
0.043172095
0.045441019
0.046693302
0.04497451
0.047430472
0.046863004
0.046919671
0.045771866
0.048966026
0.046478416
0.046534546
0.047833144
0.0443434
0.046703231
0.046759559
0.046215732
0.046872363
0.048180276
0.044665101
0.045277869
0.04649474
0.04596144
0.046606687
0.044934484
0.044439862
0.046774975
0.045096681
0.043026096
0.045770113
0.045825046
0.066734586
0.044274754
0.041809213
0.043852628
0.042391203
0.043957767
0.042009931
0.043544699
0.043089868
0.043141416
0.045299985
0.043753407
0.046543554
0.042849803
0.043399828
0.042464108
0.043503507
0.042087254
0.042616289
0.045789087
0.044225656
0.042768866
0.042819812
0.046575687
0.04243957
0.043972286
0.041153429
0.043075206
0.042168052
0.042692529
0.048771146
0.043280313
0.042368774
0.042895681
0.043933855
0.044497432
0.042102382
0.042620647
0.046269923
0.044708754
0.043744387
0.04330408
0.041490581
0.044920801
0.043951791
0.04255308
0.043076742
0.043612216
0.043178573
0.043715279
0.044264227
0.043818518
0.042439653
0.044421044
0.043485108
0.045037602
0.045090655
0.046205959
0.04321022
0.043741748
0.043311963
0.045883998
0.045937941
0.044946659
0.046045964
0.049557547
0.04615417
0.046751969
0.046806824
0.049175884
0.048047194
0.047530852
0.045945632
0.046534329
0.048272754
0.047192103
0.048975889
0.0473026
0.045743444
0.049147915
0.048612517
0.045904009
0.050553382
0.049377955
0.0476908
0.048314853
0.052768588
0.051492643
0.049068197
0.049724461
0.048025356
0.050455662
0.050514395
0.049354545
0.050632007
0.047743742
0.048361588
0.047854792
0.049642087
0.049699739
0.048586676
0.048077447
0.051743219
0.049930825
0.048812511
0.04774566
0.047257788
0.048412816
0.049039095
0.051520345
0.05222471
0.050395297
0.051068859
0.051759102
0.049380377
0.051246108
0.051305288
0.051998647
0.053376597
0.051483121
0.049723349
0.05098021
0.050431359
0.050489463
0.053074996
0.053808714
0.050664062
0.047872786
0.051392515
0.050839089
0.05411889
0.051569941
0.054243315
0.056449247
0.048807586
0.051190434
0.051249159
0.052559344
0.053935089
0.050820613
0.052740257
0.050344814
0.052224229
0.051053789
0.05298216
0.053697608
0.055826659
0.051287724
0.05322485
0.053285646
0.051463673
0.051522418
0.053468328
0.049879594
0.049936474
0.051757872
0.050625663
0.053773783
0.050741055
0.053246957
0.049713788
0.051506522
0.054080472
0.051030351
0.0516824
0.050565186
0.051204488
0.048476614
0.050167535
0.049666409
0.050281428
0.051495649
0.052153486
0.05045261
0.052886692
0.050566959
0.050061712
0.050681492
0.053126536
0.050796207
0.047145556
0.051489641
0.049848435
0.051026188
0.0505162
0.051141454
0.050630276
0.049585482
0.0501869
0.050243468
0.05143042
0.049809383
0.049329282
0.05047019
0.050526983
0.050033997
0.050640704
0.051836904
0.050754605
0.049718899
0.049774735
0.049830615
0.053326991
0.051607258
0.052839345
0.048490371
0.047554011
0.049110679
0.048653543
0.049220735
0.049275828
0.047820833
0.050996562
0.046969299
0.051110654
0.047074346
0.047126931
0.047656119
0.047709319
0.049255141
0.046868996
0.047869169
0.046061467
0.050527856
0.046164176
0.04621559
0.046720644
0.04631854
0.045057715
0.046876765
0.045157985
0.04792067
0.046576618
0.045740195
0.046680131
0.046731947
0.046783804
0.047763141
0.04688764
0.044355785
0.046096557
0.044454133
0.045762894
0.046694587
0.045435622
0.045485891
0.044294301
0.044343274
0.045636928
0.045687352
0.045737814
0.04536435
0.044997777
0.046322355
0.044284557
0.047776759
0.045615099
0.044431166
0.044082967
0.043357276
0.045816395
0.045866816
0.044277372
0.042431791
0.042844634
0.044823781
0.043312226
0.044922312
0.043033201
0.044224162
0.043127702
0.045119826
0.043980634
0.043645982
0.044864177
0.042629593
0.044962503
0.042363973
0.044270435
0.043182483
0.043229706
0.043650043
0.043697746
0.043745485
0.044955914
0.043466363
0.043145041
0.044318865
0.044756389
0.042564928
0.044854024
0.042657752
0.043063075
0.044609442
0.043522628
0.044706595
0.045547355
0.043297882
0.048206066
0.046519409
0.044950121
0.045393664
0.046671133
0.047146527
0.043997835
0.045194567
0.045243567
0.046094243
0.04783755
0.045390788
0.045048212
0.045888148
0.047608266
0.046808696
0.046037219
0.044524713
0.044953792
0.043514672
0.045050952
0.042899606
0.044019551
0.046386358
0.046436385
0.045684958
0.04653655
0.047418594
0.046231327
0.047100239
0.043672587
0.04638077
0.046030394
0.047303249
0.0477769
0.046989148
0.04544506
0.046680658
0.047140689
0.048033979
0.046030573
0.046477178
0.046931589
0.046178777
0.048292013
0.047915914
0.046327312
0.046376896
0.047648268
0.046476176
0.046926956
0.048224297
0.048706861
0.04790347
0.047954624
0.048863062
0.048057045
0.048967388
0.049019609
0.048637604
0.048689439
0.049176502
0.048793223
0.047995692
0.049333742
0.04727571
0.04900125
0.049491329
0.049105493
0.04959658
0.049209889
0.050605657
0.048456795
0.046487041
0.048985638
0.048192111
0.050874649
0.050019127
0.04876589
0.049245762
0.051090552
0.052578587
0.049839481
0.050791155
0.04994495
0.050444151
0.050497453
0.049663938
0.05152425
0.05157864
0.050711051
0.050764548
0.052216746
0.05132996
0.050474604
0.057096393
0.051960479
0.052015186
0.052069932
0.054091689
0.052658255
0.052234409
0.051818239
0.052824482
0.053868381
0.052935499
0.055009776
0.053046678
0.051679943
0.052674762
0.055240936
0.050933134
0.05284055
0.054378955
0.054949436
0.054492866
0.051200329
0.052639123
0.052694164
0.052749245
0.055821758
0.052859525
0.052442272
0.05112753
0.051180886
0.052141082
0.050411
0.051341183
0.050516151
0.048897087
0.054336788
0.053413303
0.051164205
0.05034935
0.05171655
0.053157032
0.049664803
0.051430772
0.052387431
0.050664145
0.052960845
0.052550758
0.052605277
0.052201924
0.050499541
0.050980287
0.050604259
0.0515226
0.050709126
0.050761615
0.053990026
0.052182224
0.050919307
0.05140391
0.048967176
0.050651689
0.052908521
0.049924275
0.051235695
0.050861152
0.051341456
0.050544899
0.051018639
0.050233975
0.050701304
0.049525605
0.050805758
0.050441171
0.049281228
0.051387404
0.050596951
0.050648951
0.049484163
0.050340433
0.049985731
0.050443841
0.047052717
0.050961716
0.047874651
0.049840674
0.049891747
0.049156354
0.048822266
0.047753035
0.049698807
0.048592683
0.049022399
0.049458918
0.04763411
0.04804677
0.046327616
0.049273353
0.048194099
0.04861438
0.04829249
0.047975511
0.046271703
0.048440333
0.047404093
0.047452371
0.048962242
0.046507809
0.047955282
0.047292888
0.046311823
0.045372538
0.046406005
0.046118949
0.046500317
0.046547522
0.047279977
0.04501119
0.047726874
0.047077813
0.046115694
0.045835025
0.046209175
0.046926339
0.045650632
0.046020916
0.046067469
0.045469102
0.046160671
0.045561064
0.047604484
0.046631435
0.046347461
0.045745368
0.045159916
0.044895839
0.044635386
0.044986408
0.044725401
0.044467951
0.04606912
0.045479422
0.044007684
0.045887456
0.045304378
0.044436841
0.04418496
0.043936445
0.04427378
0.044318236
0.045578139
0.04411315
0.044157402
0.04540445
0.043667617
0.044585607
0.043190589
0.043798994
0.045324023
0.045064895
0.044219656
0.044263887
0.044018552
0.042668169
0.044690778
0.044735422
0.044780097
0.044238857
0.045168668
0.04292443
0.0443714
0.045608006
0.04417121
0.045093671
0.044841624
0.044592902
0.044930959
0.044975672
0.044435734
0.045363633
0.044236894
0.044859695
0.045199688
0.044948866
0.043847166
0.043338604
0.043934241
0.046969511
0.045469506
0.044923484
0.044677888
0.045306754
0.045649991
0.043959928
0.044855117
0.046088889
0.045235754
0.045576434
0.045032822
0.045666569
0.045711682
0.045166414
0.046408647
0.047077999
0.044160645
0.045639402
0.046285513
0.046331135
0.045774492
0.046729905
0.045568801
0.04561366
0.045365866
0.04660551
0.047273364
0.048285553
0.047366351
0.047098899
0.051586372
0.047191454
0.049534059
0.049240718
0.049289023
0.046757629
0.049047471
0.050125517
0.049482564
0.047249995
0.050626981
0.048952845
0.051085884
0.048390307
0.04779607
0.048161747
0.048860285
0.050266576
0.048303042
0.048350203
0.048397395
0.048123793
0.049820417
0.048539158
0.04826471
0.049291036
0.049339055
0.050063642
0.048453032
0.050161156
0.050907322
0.049579625
0.050307668
0.051055966
0.050405503
0.052243634
0.050503467
0.049869355
0.052395941
0.050999968
0.050354884
0.051098931
0.051148462
0.050847353
0.050896608
0.050599325
0.050995216
0.050354776
0.050403493
0.050452242
0.049827675
0.051595693
0.053490032
0.053161973
0.051745355
0.052154997
0.051490188
0.051189251
0.05123862
0.051639309
0.052773468
0.05138692
0.051788722
0.051838591
0.054112285
0.052296623
0.053452854
0.052761147
0.05393553
0.052138486
0.054425235
0.053710223
0.052649484
0.051983016
0.053488366
0.054299107
0.052851838
0.05518607
0.054455431
0.050232499
0.054559815
0.053474306
0.053899797
0.053207219
0.05182837
0.052943921
0.051927533
0.053411015
0.050999978
0.051729339
0.051778733
0.052885876
0.052578664
0.051243853
0.050957475
0.051681633
0.052075761
0.051780176
0.052175025
0.052224705
0.052274417
0.053031243
0.052725438
0.053132172
0.052825753
0.054334606
0.053283806
0.052274792
0.051980188
0.052374095
0.052078901
0.051451314
0.05217774
0.052227207
0.052622909
0.050984537
0.051695591
0.051744541
0.051459369
0.051842532
0.052922533
0.051940648
0.050996319
0.053072775
0.051420262
0.052137256
0.053578125
0.052923059
0.052973
0.05409055
0.052045759
0.051105684
0.053525221
0.049937799
0.050927946
0.051956207
0.052005114
0.052054053
0.051119947
0.050848222
0.049959291
0.050627442
0.051312433
0.050409508
0.051408858
0.049888302
0.051183497
0.049981965
0.050646481
0.049472423
0.047515142
0.048685336
0.048444286
0.049360722
0.047693394
0.048015574
0.047508075
0.047552508
0.049005162
0.047641456
0.048807995
0.047730516
0.048051245
0.04865863
0.047864316
0.04874948
0.048230844
0.048275814
0.048885968
0.047541421
0.047857626
0.048737697
0.047946789
0.047718734
0.047763131
0.045481783
0.04627447
0.046832123
0.046616661
0.046403593
0.045693498
0.046235767
0.046027165
0.045330782
0.046619335
0.046407577
0.045701393
0.044546265
0.04505936
0.044863717
0.04611891
0.046161596
0.045955899
0.045509064
0.044371067
0.045352024
0.045635394
0.044494199
0.044305731
0.045280253
0.046296717
0.044428533
0.046382185
0.047972457
0.046467759
0.047532796
0.048373964
0.047620413
0.04901071
0.047447438
0.04882512
0.048597021
0.049191339
0.047622252
0.048192719
0.047971962
0.048016028
0.04677509
0.045837548
0.046365113
0.045211578
0.044791279
0.044379496
0.044645659
0.04468657
0.045419168
0.043877552
0.043917722
0.045079293
0.045821894
0.04470563
0.045434917
0.044339539
0.045518009
0.045559593
0.046073754
0.046115821
0.044766217
0.044361224
0.045074443
0.045115547
0.045385899
0.045197832
0.046896986
0.045742259
0.046255909
0.046060589
0.045634459
0.046382303
0.044366257
0.045527973
0.04580067
0.04538156
0.045883928
0.045464031
0.046201813
0.045093402
0.045818167
0.046805285
0.046134308
0.045712044
0.047669843
0.047218592
0.047756239
0.047060308
0.047346959
0.046193087
0.046946177
0.047230839
0.046553634
0.048312391
0.048102866
0.047158696
0.046486106
0.048233284
0.048025367
0.04909143
0.048112042
0.048919791
0.048963882
0.048750064
0.047787915
0.050430456
0.049401901
0.049978042
0.048969891
0.050067999
0.050657724
0.050429188
0.04966906
0.049450645
0.049234556
0.050069328
0.050114267
0.050428907
0.049672966
0.049981965
0.049241012
0.05033937
0.050655355
0.050974784
0.050746124
0.050519937
0.051389578
0.051435551
0.051481553
0.051809153
0.051019082
0.053661179
0.051948159
0.049557306
0.051478364
0.052955538
0.051850552
0.053050063
0.05251388
0.051708357
0.052035712
0.05323945
0.052701297
0.051892845
0.051659793
0.053727775
0.053181366
0.053823395
0.054479961
0.052453934
0.052500541
0.055249602
0.053171792
0.053513023
0.05508212
0.053313485
0.053655583
0.05400151
0.052588584
0.0535028
0.052681817
0.054193155
0.053941462
0.054592439
0.054947716
0.054084782
0.054132612
0.055093624
0.055142317
0.054882709
0.054324212
0.054979694
0.05596621
0.056015602
0.057037248
0.05878659
0.058490268
0.057520748
0.058942186
0.060066732
0.057339535
0.058402785
0.06022553
0.060278524
0.061830471
0.060384607
0.061939252
0.059410621
0.062048162
0.06096664
0.061020176
0.061827741
0.059671931
0.061180975
0.06049687
0.060549916
0.062485074
0.063326497
0.059280789
0.061503417
0.062317234
0.062371781
0.061291335
0.061719007
0.062535612
0.061452281
0.060407671
0.059399744
0.059801346
0.058815646
0.057213425
0.058579758
0.057637125
0.056102581
0.056151502
0.056510951
0.055337276
0.055686496
0.056039561
0.054021943
0.053505749
0.053552311
0.054163099
0.054497031
0.05341396
0.053738828
0.054351688
0.054977615
0.056221564
0.055665317
0.055415698
0.056368083
0.056416979
0.054972096
0.05416007
0.057501359
0.056004105
0.05760103
0.057020844
0.057700816
0.055897787
0.056246935
0.056599885
0.056042956
0.056392968
0.055841258
0.055301191
0.055348953
0.053158491
0.053747279
0.053520595
0.055540279
0.052808769
0.053388182
0.053165686
0.052682031
0.053526313
0.053036686
0.053082347
0.051832229
0.052647276
0.050207065
0.053000254
0.052523199
0.052055479
0.052355598
0.052919387
0.051936387
0.053010299
0.053586351
0.051569545
0.052114882
0.052159569
0.051454939
0.051499035
0.051543156
0.051835319
0.05138561
0.051429596
0.051473608
0.049627088
0.050835484
0.049260074
0.049527304
0.050258094
0.050069227
0.04898334
0.049696739
0.048846976
0.048888657
0.048930362
0.049415278
0.048363217
0.048836621
0.048445684
0.048486952
0.047892502
0.04814351
0.048826945
0.048868491
0.04891006
0.048096601
0.048776484
0.047555406
0.047391538
0.04763624
0.047676692
0.046908401
0.047552695
0.047798183
0.047228019
0.048086561
0.049410721
0.049452595
0.051796563
0.048041782
0.04850057
0.049183146
0.048794858
0.047997752
0.047427691
0.048078967
0.046911586
0.048160274
0.046990895
0.047030584
0.045917552
0.046144658
0.046373654
0.046797945
0.045885434
0.04630055
0.045962834
0.046001566
0.045123182
0.045523925
0.045745973
0.045784479
0.046195551
0.045313409
0.044121051
0.045571207
0.045068687
0.044577966
0.044615415
0.046093299
0.04558062
0.046546092
0.045657158
0.045695459
0.045193618
0.045772124
0.044567569
0.044432694
0.046819951
0.046481264
0.045243155
0.045459295
0.045677164
0.046449758
0.046488603
0.046156733
0.045830131
0.046605267
0.044843264
0.045584724
0.044918183
0.046388523
0.044820134
0.044685653
0.045418995
0.044419822
0.045143436
0.045007278
0.044362273
0.045786691
0.045646504
0.045507423
0.045722507
0.045232535
0.045096701
0.045482719
0.045874767
0.045558345
0.045420818
0.045634053
0.045496277
0.046245507
0.046103786
0.045609621
0.045823689
0.04639912
0.045723152
0.045067689
0.04510502
0.046192195
0.046230437
0.046090056
0.046487167
0.046345289
0.046204527
0.046602591
0.047378517
0.047045762
0.046900699
0.046756787
0.047162411
0.047201336
0.047802668
0.04746539
0.047692298
0.048304397
0.047960525
0.046883763
0.048230976
0.047143753
0.048503678
0.048350198
0.048778657
0.049015632
0.049656627
0.048316967
0.049738299
0.049376098
0.04982006
0.049658287
0.049497847
0.049538473
0.049379207
0.05043658
0.049261607
0.049500794
0.049342406
0.049382838
0.049423292
0.050066985
0.050107976
0.049945958
0.049386986
0.049825996
0.050272166
0.049907517
0.052046979
0.051441092
0.051697629
0.050891657
0.053109842
0.052259862
0.052523194
0.053013413
0.052168672
0.052211209
0.051820126
0.051862355
0.051904607
0.051946881
0.052644504
0.052248296
0.050808889
0.052116206
0.052158594
0.053082035
0.05290197
0.051643037
0.052328376
0.052370878
0.052196819
0.052024215
0.051853049
0.053427886
0.053023764
0.05328973
0.054244605
0.054993613
0.053195889
0.053915744
0.054189019
0.056144179
0.054978635
0.055023119
0.054364636
0.056079039
0.053993071
0.055440261
0.05500879
0.054817956
0.054167766
0.054672873
0.054950834
0.054529114
0.054114504
0.054849527
0.052868979
0.057379683
0.054289211
0.054105611
0.053923564
0.053966981
0.055633051
0.05428005
0.055484481
0.05505852
0.05533727
0.054683663
0.055191401
0.054542406
0.055046857
0.054859582
0.053996123
0.054489785
0.052352162
0.053682534
0.053725581
0.055827875
0.055168341
0.053417013
0.054568925
0.055069632
0.05332866
0.054474055
0.055201964
0.055478247
0.05483146
0.053326398
0.054243922
0.054735921
0.054554215
0.054374022
0.053756494
0.054018099
0.054281862
0.054325165
0.055270874
0.054190655
0.055130279
0.054721964
0.053451187
0.054363576
0.053751359
0.054450173
0.053407978
0.054759461
0.053492984
0.054846594
0.052737639
0.054051348
0.052410425
0.05370589
0.053748538
0.053365982
0.052782459
0.053450716
0.053073562
0.051894602
0.05253965
0.051778526
0.052218167
0.052059306
0.051704334
0.051942773
0.05082007
0.051050774
0.051476756
0.051712611
0.051558205
0.051991349
0.051061682
0.051680538
0.050763555
0.049879938
0.051223178
0.050509728
0.051884853
0.052122468
0.051385011
0.051044592
0.05127473
0.051699515
0.051934754
0.050458117
0.051436466
0.051862548
0.051326655
0.05080256
0.051029437
0.050329422
0.050368984
0.050226587
0.051002546
0.051801604
0.05034503
0.049844717
0.048498174
0.048368281
0.049085606
0.047946466
0.048482159
0.048858278
0.048558177
0.04826222
0.048300017
0.047844589
0.048209998
0.048083055
0.048451398
0.048824858
0.04786921
0.048565139
0.048770689
0.04686937
0.047061812
0.046787679
0.046824204
0.046401329
0.045690949
0.046626129
0.045469838
0.045945662
0.045686719
0.046166225
0.046352196
0.044648734
0.044964525
0.046160803
0.045176608
0.044928295
0.044544327
0.045139704
0.0447526
0.045068178
0.045103194
0.044304907
0.044203301
0.045208349
0.044821914
0.044442631
0.044070303
0.044787212
0.044409465
0.044718232
0.043939195
0.044512784
0.04361083
0.043644598
0.043288397
0.043065555
0.043226764
0.042878491
0.042045996
0.041837363
0.043232321
0.043011221
0.043299147
0.042453373
0.04211989
0.042518943
0.042551753
0.042708372
0.042250032
0.042161455
0.043310854
0.042716054
0.042873234
0.042781891
0.042691093
0.042600834
0.042633622
0.042666425
0.042946778
0.042979805
0.042277587
0.04183335
0.042830695
0.041546561
0.042773254
0.042080569
0.042716208
0.043119645
0.042781788
0.042449706
0.042242245
0.043127431
0.043160485
0.042946029
0.04285613
0.042404329
0.043044773
0.042832263
0.042743265
0.043143666
0.044189607
0.043458726
0.042752708
0.042544337
0.042818071
0.042609364
0.04276236
0.042795007
0.042113876
0.04191316
0.040817576
0.04174648
0.041550013
0.041810155
0.042424775
0.041759172
0.041226236
0.041369438
0.042085244
0.042117274
0.041463966
0.042532894
0.041867449
0.042479603
0.042277666
0.043141727
0.042576517
0.042965911
0.042641207
0.043151712
0.04355043
0.043706939
0.043616532
0.043404385
0.04355965
0.043964194
0.044122856
0.044536939
0.044699115
0.045254626
0.045421306
0.045857942
0.044834593
0.045391753
0.045558902
0.045727049
0.04658122
0.045662279
0.045830781
0.046547914
0.045632383
0.046479887
0.045174473
0.045470633
0.045112645
0.045671623
0.0441654
0.045607919
0.046042654
0.046212461
0.045578949
0.046012215
0.046453144
0.046763178
0.046116166
0.046016692
0.046320598
0.046904004
0.045853954
0.046835954
0.045790533
0.047466409
0.047220135
0.047823212
0.046599648
0.047895001
0.048075293
0.048256692
0.048292866
0.048038794
0.048074787
0.049600295
0.048880771
0.048474006
0.049103686
0.048841704
0.04947982
0.049213971
0.048951372
0.049438774
0.049475721
0.049818321
0.049855533
0.050516423
0.050554137
0.050121976
0.049850704
0.049887893
0.049771955
0.050271689
0.050309164
0.050818657
0.050384168
0.050421697
0.051091963
0.051779271
0.051008157
0.051367157
0.051084087
0.051443603
0.050528486
0.052010791
0.052382028
0.052254002
0.052292816
0.052836456
0.052204246
0.052077667
0.052615829
0.052654862
0.053549335
0.053763598
0.052772077
0.053494827
0.053361771
0.053229589
0.053098274
0.053653485
0.052838211
0.054259724
0.055201856
0.053466392
0.054027088
0.053718208
0.053757909
0.053797629
0.054541125
0.053531761
0.054267015
0.053956703
0.053650388
0.054564398
0.05478309
0.054823486
0.054155981
0.05526555
0.054061436
0.055347012
0.055387773
0.054708702
0.055106809
0.055510174
0.055187936
0.055048631
0.054732547
0.05622854
0.054813042
0.054676372
0.054893615
0.055654375
0.054796929
0.055553979
0.055413659
0.05581795
0.055494992
0.054297631
0.054511042
0.054204641
0.05511927
0.055698669
0.054496864
0.054711008
0.054403433
0.054966742
0.055361844
0.054008571
0.054911456
0.055127731
0.054642617
0.054509503
0.054377247
0.054936872
0.055329405
0.055727022
0.054708815
0.055450642
0.054788674
0.055002692
0.05486861
0.054222249
0.055653092
0.054815192
0.055203407
0.054722442
0.054935034
0.054459629
0.056076408
0.056117204
0.055799182
0.05601873
0.05588035
0.055742871
0.056321478
0.056002248
0.055687092
0.057554656
0.056304207
0.056526241
0.057118232
0.056790891
0.057015997
0.055793404
0.055833844
0.056051682
0.055738394
0.055955279
0.054445143
0.054821923
0.054356738
0.054731847
0.054771439
0.054142622
0.053049612
0.052929959
0.053768334
0.05284919
0.052730892
0.053722627
0.053439487
0.054456316
0.052418066
0.053236475
0.052340225
0.053632528
0.052569437
0.051997384
0.052955821
0.053308472
0.053032133
0.052914228
0.052184892
0.052374256
0.052108979
0.051846769
0.051440599
0.051921355
0.051222716
0.050543609
0.051007356
0.05162569
0.051080645
0.052295812
0.050303797
0.050620337
0.05079815
0.05170108
0.051156823
0.051337701
0.051519618
0.051997185
0.051739619
0.051923764
0.051377109
0.052295264
0.051595607
0.051487485
0.051524312
0.052445062
0.051743365
0.051203408
0.050397695
0.050572253
0.049922622
0.050924312
0.050680662
0.050856548
0.05006531
0.050374054
0.050965461
0.04990203
0.05089794
0.050934212
0.050970502
0.050728083
0.04994543
0.049449277
0.050016565
0.049519688
0.049554918
0.049068163
0.05002456
0.048753071
0.049172888
0.048568767
0.049113541
0.049669892
0.049573665
0.048706878
0.047871063
0.048274477
0.047939012
0.048219026
0.048377259
0.04866174
0.048198055
0.049111437
0.048891581
0.048424398
0.048211444
0.050567549
0.048403189
0.047705381
0.048846475
0.048136636
0.049169023
0.048574572
0.048733534
0.048643237
0.049308132
0.04985963
0.050289774
0.05113479
0.05089796
0.051206969
0.05083423
0.051142106
0.050502984
0.050273282
0.050308705
0.05008125
0.05011652
0.049891277
0.049413015
0.048573712
0.048854628
0.049013392
0.04806935
0.048710509
0.048136958
0.048533882
0.048446256
0.048480284
0.048272362
0.048186087
0.047862724
0.047082538
0.047811859
0.04880711
0.048355351
0.04962367
0.048183447
0.048944103
0.048250989
0.049012695
0.048924089
0.048958338
0.049740582
0.049026884
0.049061181
0.049972198
0.050263586
0.049788076
0.05007707
0.050240223
0.050926553
0.049800957
0.050345557
0.050509882
0.05041586
0.051104547
0.051140194
0.050392555
0.051478266
0.050462839
0.051416152
0.050922905
0.051487813
0.051257396
0.051425966
0.051328785
0.052587469
0.052763642
0.053654256
0.053260885
0.054020108
0.053621706
0.053372022
0.053696247
0.054465607
0.054061508
0.053663927
0.054136589
0.054766222
0.054804215
0.054249338
0.055486667
0.055525133
0.055410549
0.055296612
0.05488259
0.054622929
0.05587207
0.055449946
0.054588512
0.054923166
0.055412897
0.054554436
0.056574554
0.055225318
0.055263485
0.055911055
0.05579597
0.056142983
0.056809477
0.057168068
0.055950214
0.056927179
0.057610137
0.057649868
0.057527112
0.057892925
0.058097405
0.05897515
0.058012673
0.057888635
0.059097079
0.056531137
0.057844859
0.058377994
0.05825266
0.058792373
0.060209002
0.059211589
0.060468604
0.059463865
0.059504711
0.058699758
0.059931887
0.060676522
0.061805652
0.061118286
0.062262195
0.0617486
0.06160758
0.062390348
0.061147717
0.061370112
0.06289643
0.063709405
0.062982595
0.063408842
0.063840322
0.063495647
0.063927698
0.064167646
0.06480791
0.065665402
0.064896527
0.065142545
0.063414584
0.064431171
0.065889976
0.065118419
0.065568857
0.06480604
0.066069999
0.066532184
0.065747918
0.066833758
0.066043312
0.065071565
0.066340639
0.065767315
0.067488833
0.066685277
0.066313591
0.065946543
0.066612008
0.066449003
0.066494181
0.06759556
0.067856915
0.067473252
0.067949141
0.069095532
0.07004923
0.069867704
0.070144348
0.07088921
0.070703178
0.06915352
0.071033529
0.070847085
0.069744202
0.070247609
0.070525669
0.07057343
0.070161139
0.070438071
0.069801412
0.070075419
0.070122821
0.072041449
0.070446408
0.0707244
0.070312636
0.070589329
0.071569513
0.071617846
0.070963592
0.071478675
0.072480606
0.071340501
0.071155328
0.070512021
0.070331952
0.070836371
0.072053815
0.071395478
0.071210856
0.071258815
0.071075279
0.071354796
0.072107451
0.072155969
0.074407357
0.074457399
0.076584327
0.0779946
0.079743693
0.079223194
0.081928784
0.081378762
0.080541798
0.079722987
0.080356687
0.07678096
0.077914616
0.076353765
0.076404963
0.072696044
0.073711475
0.073760868
0.073081891
0.073372195
0.072939875
0.072513209
0.072798873
0.072140329
0.073861837
0.074403981
0.07420638
0.07401011
0.073091479
0.07290208
0.073670694
0.073719901
0.072575455
0.072623909
0.073384858
0.07272088
0.074456105
0.072817936
0.072165857
0.072213972
0.072728314
0.073249358
0.075757831
0.075554755
0.076371339
0.075152716
0.075959817
0.074510164
0.073831143
0.074855572
0.075153386
0.07495516
0.075004986
0.074319003
0.07485765
0.074661779
0.07280181
0.073083644
0.073367312
0.073416006
0.074421915
0.074714657
0.073562214
0.071096331
0.071812525
0.073708613
0.074718465
0.07428403
0.072917361
0.073667239
0.075407852
0.07283107
0.073110628
0.07386245
0.072516752
0.072337232
0.072385057
0.072432903
0.074106942
0.072302006
0.072576567
0.073780937
0.071772478
0.072720418
0.073692453
0.075172941
0.074979876
0.076259314
0.077840893
0.0763599
0.07591244
0.07450631
0.07552051
0.074604495
0.073479821
0.074464859
0.071991861
0.071380338
0.07321298
0.072806096
0.071739997
0.072228928
0.071615338
0.072102046
0.071491518
0.072196806
0.072023287
0.071850846
0.073465879
0.071726514
0.072434067
0.071386693
0.07320276
0.071914876
0.072181414
0.072449602
0.071405249
0.071667892
0.072370758
0.071979247
0.072026367
0.072292576
0.072120669
0.073053345
0.072877575
0.072481915
0.071658078
0.072576707
0.071967891
0.072014909
0.072061947
0.071892462
0.07108552
0.07308371
0.072688183
0.072956689
0.072344602
0.070896966
0.072657831
0.072052153
0.072533443
0.073020587
0.07419228
0.073337979
0.074288941
0.074566739
0.074157508
0.073753289
0.07380127
0.073849271
0.074579422
0.073720578
0.073544954
0.074041483
0.072977131
0.073688392
0.074185857
0.074234023
0.074737929
0.075248076
0.075296899
0.074654498
0.075394608
0.074523451
0.074799809
0.076010528
0.07535769
0.075639245
0.075455348
0.074360205
0.07602091
0.077023972
0.076593604
0.076405135
0.077660463
0.076503997
0.078754677
0.077566502
0.078605376
0.077423308
0.079466203
0.078757803
0.080083876
0.078360418
0.07941626
0.079213614
0.079518769
0.080083411
0.078613499
0.079165226
0.079724047
0.079520548
0.080601835
0.079878235
0.082576352
0.083738639
0.08213874
0.0821916
0.083341076
0.083394687
0.084008376
0.083781246
0.084684784
0.086492436
0.084793661
0.085425332
0.08577194
0.08524514
0.085011691
0.085644938
0.086583402
0.086937706
0.086694524
0.084147617
0.08621321
0.084821016
0.086323761
0.086972741
0.087028455
0.087384483
0.088047661
0.086897122
0.088160415
0.087608436
0.087363231
0.088024086
0.088694175
0.089061198
0.090703857
0.089487971
0.089232051
0.089917846
0.09158773
0.091975871
0.092366839
0.090787033
0.09182179
0.092543762
0.093959604
0.092997567
0.093056854
0.093795847
0.094545732
0.095661053
0.095367459
0.094726514
0.096201554
0.094499736
0.098155309
0.097110043
0.096807879
0.097970237
0.097295445
0.099604005
0.099285444
0.097115983
0.097177681
0.100631477
0.100306596
0.099221001
0.10161095
0.101675434
0.10056149
0.101015301
0.100301831
0.10153701
0.103207723
0.102866548
0.105422013
0.10506515
0.106848132
0.105622456
0.102788051
0.106184387
0.106251584
0.102983317
0.107254519
0.107762195
0.107390207
0.10924163
0.11258065
0.11169711
0.112722953
0.111838266
0.111436699
0.111038535
0.110643732
0.111178737
0.112191669
0.110391398
0.110002671
0.116348066
0.111529753
0.114981864
0.112616723
0.114138582
0.114702757
0.114282389
0.115845915
0.113937313
0.114991849
0.117082867
0.117156515
0.11373823
0.117303902
0.114858808
0.115426386
0.121798855
0.119699024
0
0
0
0
0
0
0
0
0
0
0
0
0
0
0
0
0
0
0
0
0
0
0
0
0
0
0