;UFOS3
;Measurement details: channel = Z, date = 28.08.2020, time = 02:15:55
Exposure=1100
Gain=0
Temperature=19.0
Accummulate=4
5.662672262171871 mu
5.977580752151227 amas
9.114 hs
0 ozone
0 uva
0 uvb
0 uve
[Value]
0
248
249
249
248
249
248
250
325
305
267
263
333
297
262
271
334
293
269
269
338
304
287
270
342
312
281
278
343
338
297
285
321
317
277
277
367
323
285
279
329
309
282
287
350
318
294
276
348
319
276
282
349
313
292
283
351
309
292
298
351
308
272
301
346
305
286
287
338
307
286
273
343
307
287
275
339
315
282
285
347
307
292
277
329
302
284
290
347
301
284
281
350
315
273
279
352
308
276
276
324
320
277
277
351
307
290
273
331
313
292
277
338
317
279
292
329
307
290
279
339
313
287
274
336
325
292
292
333
306
290
279
348
319
291
281
346
304
284
275
343
315
285
282
338
322
271
291
348
307
277
281
341
306
295
284
341
316
279
282
367
312
284
285
327
311
288
287
333
306
283
279
348
310
290
278
356
312
287
282
354
304
282
278
334
314
277
279
340
313
285
288
351
315
284
290
335
309
281
272
350
299
284
277
344
317
275
272
343
309
273
289
344
320
289
294
334
303
298
278
358
319
282
289
323
306
284
279
321
312
276
287
353
308
282
281
333
316
291
281
333
318
285
272
331
298
287
285
337
301
291
281
342
304
283
274
326
308
285
279
323
306
291
272
345
295
292
277
337
306
277
284
353
303
280
293
350
312
290
276
343
296
275
292
335
305
279
291
335
315
294
285
357
302
282
294
338
314
284
285
325
310
285
284
332
308
294
281
341
306
279
283
340
318
298
278
354
297
294
280
339
306
274
293
332
309
280
279
340
308
295
288
330
312
294
282
357
313
297
291
346
309
280
277
337
336
282
271
326
305
297
276
330
317
283
296
349
304
276
289
343
305
291
274
331
300
289
281
346
310
285
288
329
311
291
284
341
315
290
272
341
302
284
287
340
302
287
277
337
290
292
275
328
315
292
283
347
315
287
289
349
302
287
276
329
312
278
283
330
323
275
277
344
311
284
277
329
312
280
287
332
320
297
279
332
308
285
287
342
314
287
279
339
310
286
277
337
313
279
279
334
320
294
296
339
301
292
286
333
303
275
292
326
320
281
283
322
314
279
287
333
308
293
292
333
306
285
287
335
308
283
298
332
316
288
290
339
331
282
281
337
303
278
281
337
307
296
277
340
296
291
290
340
304
305
283
333
297
286
273
318
324
289
278
330
317
280
276
330
309
283
281
341
307
300
287
343
308
284
276
339
300
287
287
335
300
287
283
339
307
281
286
332
302
277
280
336
302
285
288
338
314
285
282
330
315
290
284
316
309
287
286
330
315
280
290
338
313
287
286
346
321
286
287
337
310
281
288
342
318
283
280
339
309
275
284
323
302
299
281
334
310
283
285
337
301
296
290
331
308
291
280
339
315
292
282
325
310
277
292
326
307
280
278
328
300
291
289
326
317
284
302
332
305
275
286
332
304
286
290
329
307
291
296
332
303
293
287
330
305
291
300
330
320
289
294
332
306
286
284
347
295
300
284
325
304
286
287
332
303
291
277
325
310
294
284
346
313
282
278
331
304
290
291
341
307
291
288
333
316
280
288
339
310
293
294
338
303
293
291
325
312
280
282
329
311
276
271
327
320
309
294
338
308
283
289
333
300
285
275
336
307
290
285
331
317
300
276
328
304
300
282
329
307
281
294
327
307
293
285
330
309
286
275
329
315
289
295
336
308
296
285
335
310
291
297
340
304
291
287
331
298
299
292
319
303
289
291
335
323
289
277
324
304
294
282
331
308
281
273
346
311
293
280
339
308
280
278
350
314
290
290
332
304
294
291
337
306
276
277
334
306
306
281
332
308
295
287
337
296
279
289
343
307
299
281
313
298
293
300
332
304
309
294
325
309
292
287
328
306
292
277
332
308
291
281
332
309
302
284
329
316
300
281
334
310
290
283
325
301
300
280
349
312
290
285
323
307
281
284
333
312
312
294
332
308
285
287
335
317
279
275
334
310
280
287
338
314
290
290
330
313
284
287
327
313
290
293
333
319
297
292
330
320
295
295
341
312
285
285
341
306
281
284
338
321
283
285
345
318
294
287
327
304
306
287
342
316
288
284
330
304
304
290
344
316
294
284
330
318
304
284
339
306
292
281
335
324
292
300
348
322
309
302
324
309
296
297
342
312
289
289
342
312
287
300
365
325
295
287
336
316
282
306
344
310
308
293
356
315
296
288
355
332
305
295
351
300
303
298
343
327
298
294
351
316
299
300
348
327
310
301
342
321
316
294
345
325
297
310
333
328
302
300
328
328
297
303
347
319
299
304
331
335
313
311
355
328
312
308
340
326
310
304
357
317
318
300
352
338
319
323
357
323
314
318
342
340
322
325
358
330
310
308
356
335
319
308
342
335
313
331
357
338
325
316
359
331
308
305
341
329
322
311
351
328
312
313
354
331
318
297
346
338
315
310
356
339
320
315
350
333
318
310
373
333
318
309
361
349
318
323
361
341
329
328
357
342
345
324
379
342
340
322
388
354
334
325
377
337
334
326
360
355
337
310
366
331
325
318
367
362
328
316
361
334
319
333
360
341
328
320
358
345
346
334
369
355
329
346
389
348
347
340
401
371
347
339
385
360
342
343
368
349
334
337
379
361
344
326
369
341
342
331
364
344
331
334
380
366
333
334
369
365
345
330
374
366
338
350
388
390
359
346
389
363
369
345
408
386
353
346
395
371
363
359
389
365
360
353
389
373
358
359
396
370
352
348
397
366
345
357
394
384
353
368
400
370
373
354
403
379
365
366
402
378
354
351
394
380
354
356
384
368
352
344
389
369
356
352
397
374
353
347
393
382
359
364
412
384
374
362
423
392
368
371
424
383
379
384
432
400
369
385
421
414
397
381
429
418
396
379
418
401
390
396
442
407
405
399
448
422
398
395
434
402
398
400
414
411
377
383
430
409
390
382
426
408
381
378
436
418
394
393
427
408
413
384
435
422
412
409
461
433
425
406
453
437
421
414
462
442
425
429
473
445
425
426
471
449
427
438
465
443
434
449
470
465
444
437
459
451
429
424
460
454
427
434
493
449
424
421
467
436
424
428
449
442
415
428
451
444
426
411
438
428
424
412
450
432
404
403
440
420
392
397
456
419
407
397
424
416
412
409
459
443
407
411
451
445
414
428
455
437
424
436
471
461
440
433
477
464
453
438
490
474
461
471
490
473
462
460
495
479
478
463
504
501
466
463
506
490
481
463
501
491
463
479
495
473
458
468
484
462
450
445
488
454
456
440
477
452
434
430
474
456
446
435
470
463
435
449
477
474
461
446
490
479
456
457
473
477
447
452
507
493
451
462
510
489
472
469
509
488
479
474
502
490
479
478
514
498
483
474
499
488
474
469
513
498
484
477
520
500
489
482
517
505
492
481
515
498
479
481
510
488
463
460
507
478
491
452
491
483
450
461
494
481
446
465
492
459
449
445
501
482
456
471
517
491
474
482
535
484
482
481
519
488
495
482
521
498
482
476
524
490
480
486
527
494
479
484
532
495
469
467
497
495
480
479
529
511
496
473
525
489
462
463
486
476
461
445
470
464
441
439
456
459
437
430
463
440
454
418
484
450
440
439
466
455
442
437
474
447
446
423
469
451
426
426
456
436
438
408
467
434
422
420
457
449
439
433
486
449
441
452
481
468
450
436
485
466
453
443
472
461
450
441
470
455
462
444
483
463
438
455
478
473
458
456
479
479
468
467
489
486
471
457
493
475
446
456
500
478
476
462
485
476
466
450
515
482
467
457
495
483
477
472
507
497
489
482
527
489
494
497
531
510
495
487
518
518
501
484
510
498
494
483
512
498
475
489
516
497
475
478
543
509
479
483
516
491
485
467
514
491
476
469
518
496
476
477
500
489
482
475
525
498
492
478
530
510
495
493
526
510
511
499
531
516
523
505
547
509
516
515
543
510
498
498
544
524
519
505
542
531
528
522
548
526
528
514
550
551
514
521
566
544
528
516
552
524
516
506
536
538
509
488
526
505
492
478
502
488
465
460
491
471
452
440
481
467
443
437
479
461
445
451
490
477
462
447
509
487
485
473
511
503
490
486
510
509
488
499
525
529
506
502
536
514
495
499
542
514
500
502
530
502
495
482
517
485
487
467
524
479
490
474
504
482
468
465
509
485
470
474
502
490
475
474
515
488
488
483
527
510
483
473
538
499
485
480
497
503
482
473
499
488
466
464
489
472
458
457
503
464
463
458
472
471
444
453
488
465
463
477
474
482
465
453
489
483
484
463
485
482
476
461
503
482
463
459
491
468
465
459
496
473
460
448
499
465
475
471
486
475
447
451
459
460
468
457
471
466
451
456
485
472
454
460
501
479
469
466
511
494
475
481
532
504
501
513
530
510
506
501
538
528
517
497
546
507
501
494
528
524
496
499
517
502
485
477
521
505
494
484
530
500
495
479
510
506
479
476
525
492
497
507
520
513
507
496
545
522
504
510
547
513
501
495
535
501
499
472
513
496
479
475
507
471
466
472
527
486
476
484
512
514
491
502
531
520
523
522
557
542
525
530
573
550
540
529
569
552
547
549
564
557
538
540
576
561
556
553
593
568
553
548
563
576
562
554
591
595
553
557
602
566
546
548
595
589
562
560
602
580
556
556
597
579
560
564
600
591
551
547
582
560
540
533
573
552
562
531
603
561
527
529
570
541
537
534
566
551
539
543
554
549
556
534
558
539
551
513
542
529
523
504
546
528
506
503
522
505
473
484
510
481
466
459
487
474
461
455
487
485
470
463
501
477
474
461
482
488
491
479
520
495
489
493
494
483
470
459
487
466
459
459
477
459
456
439
468
439
423
428
447
433
425
419
465
432
419
419
472
450
434
440
454
457
444
440
487
470
466
461
505
498
492
479
526
515
495
485
524
506
488
492
536
520
503
509
536
525
504
495
535
510
510
507
544
508
491
489
512
483
490
478
510
491
466
465
478
469
461
453
486
472
446
447
488
473
457
444
490
479
446
456
491
478
466
463
500
489
472
458
488
488
463
457
495
476
468
464
494
475
462
467
497
469
477
472
486
485
464
476
518
509
501
504
539
530
518
510
544
542
525
511
552
540
516
509
537
523
511
499
520
506
506
480
506
492
487
486
522
509
486
484
517
521
510
515
551
531
528
520
555
550
541
539
568
561
527
525
552
542
536
519
559
540
513
514
545
530
515
506
541
523
512
507
529
535
535
523
546
536
556
534
575
576
573
560
600
586
566
584
628
597
597
590
634
598
621
582
626
611
607
592
634
604
598
583
627
614
596
597
634
613
611
573
622
609
595
584
617
608
573
579
608
593
586
573
616
593
587
582
636
590
588
581
605
605
586
581
604
608
581
569
599
588
570
556
583
581
566
558
575
553
560
556
576
559
548
534
594
557
550
546
570
555
540
551
562
550
537
527
554
548
544
546
571
563
553
543
583
567
555
553
577
582
559
557
604
567
564
564
596
579
560
557
604
576
565
552
595
578
565
566
588
577
547
549
586
558
543
538
566
553
530
520
546
527
507
495
543
518
499
498
522
515
508
507
526
513
511
508
564
563
533
527
567
560
554
547
569
575
547
549
576
548
550
537
549
521
525
511
522
522
494
478
510
490
493
484
507
492
494
488
510
494
488
485
532
543
511
500
549
533
526
529
544
520
517
510
534
525
509
487
507
500
470
479
494
477
463
444
478
456
457
447
487
466
475
464
498
476
478
475
509
503
495
498
534
518
513
490
555
514
498
500
514
501
473
470
501
485
458
455
488
465
457
457
490
483
478
492
536
509
503
524
561
529
530
540
569
563
561
550
591
567
550
543
597
559
545
530
576
540
535
537
538
546
533
520
551
542
540
530
574
549
539
554
573
573
549
543
591
559
549
543
601
581
566
568
594
593
570
573
602
598
596
590
639
618
616
608
646
639
620
630
662
646
638
626
669
665
629
638
674
662
659
649
694
668
670
650
700
679
670
646
675
663
652
634
645
635
622
603
642
619
632
598
627
614
589
588
593
592
574
578
597
583
577
570
598
568
560
557
593
566
558
557
579
557
554
559
596
560
560
561
595
592
582
583
616
607
586
594
632
625
628
611
635
635
621
619
633
636
628
612
638
629
613
613
630
610
602
594
616
609
586
587
712
587
558
570
595
565
558
540
561
551
526
515
545
527
516
504
540
519
519
497
525
527
510
493
526
506
491
478
496
492
462
467
505
480
470
466
491
479
458
460
472
464
449
442
469
453
438
438
473
469
448
445
479
460
439
436
483
478
449
433
474
441
432
430
489
462
456
445
472
489
478
466
495
491
484
469
523
508
515
497
545
533
516
524
559
538
516
521
547
536
529
505
543
538
518
518
564
524
515
509
544
533
501
507
547
527
503
496
517
513
485
478
507
483
475
481
515
499
478
480
506
506
481
500
519
509
503
508
523
527
515
511
562
542
529
518
537
516
504
510
532
503
484
478
521
519
487
488
531
520
501
500
530
522
503
499
529
522
513
501
560
525
514
524
528
522
514
512
534
521
522
505
529
517
499
499
531
527
503
498
537
528
502
489
519
516
506
501
539
540
523
507
540
525
526
528
605
566
548
537
590
562
564
566
608
579
589
578
624
599
577
575
614
613
595
569
603
601
582
578
615
589
582
589
611
581
565
580
596
591
580
576
598
579
588
598
622
603
586
596
622
624
616
606
642
623
636
625
638
649
627
636
662
660
629
633
648
638
632
618
648
626
608
606
640
604
594
579
640
596
585
580
609
584
576
563
593
596
560
548
574
557
530
524
580
530
513
497
531
513
480
463
505
463
449
432
445
438
411
400
423
422
389
391
452
409
396
406
427
426
419
417
469
461
437
451
482
488
466
472
507
504
504
492
528
525
511
510
562
559
532
521
564
548
535
534
561
576
566
566
587
591
569
571
602
595
577
574
618
593
580
572
609
603
582
566
599
593
569
568
588
573
568
550
585
561
544
532
566
539
510
511
543
529
494
493
502
510
454
463
480
451
433
412
443
413
407
410
413
425
408
387
429
406
410
395
425
423
407
421
433
444
453
447
480
478
468
467
512
520
496
504
535
531
526
522
572
556
548
532
577
567
559
543
571
574
536
560
580
563
556
544
588
580
553
566
584
563
570
560
589
576
554
553
615
572
587
562
596
588
568
579
609
587
558
564
586
565
552
569
602
586
559
557
595
579
562
562
598
593
582
564
596
582
579
567
596
584
573
562
588
566
559
563
586
577
555
565
587
580
577
572
580
583
565
569
617
598
586
576
624
603
588
581
619
600
600
584
607
592
584
581
603
597
588
591
610
594
595
585
615
605
581
585
614
596
585
588
625
609
592
590
629
604
595
594
614
605
596
580
626
598
585
580
605
590
582
562
587
581
561
556
586
589
554
577
583
587
576
574
598
598
582
575
614
605
593
610
621
605
606
605
633
619
592
584
629
586
568
565
594
574
557
551
589
587
568
570
602
592
571
577
591
584
569
563
629
611
604
599
643
602
599
590
619
610
578
577
608
582
569
580
598
586
566
577
610
589
574
572
607
573
575
562
588
574
564
568
585
599
560
562
590
573
557
555
594
566
561
563
597
586
582
569
614
593
578
568
602
589
603
574
620
592
570
553
597
576
559
554
586
582
560
553
590
577
567
550
606
590
557
571
582
577
565
562
593
580
559
570
610
594
564
570
605
593
571
575
616
590
578
582
608
586
572
564
623
591
594
564
605
587
568
564
600
566
558
542
594
575
540
540
577
554
533
518
557
528
508
499
543
523
488
493
533
510
498
489
525
511
502
501
543
516
499
497
538
531
510
517
559
535
523
521
545
539
518
521
560
539
516
518
567
540
528
519
560
530
529
525
564
531
521
527
563
527
524
507
573
523
515
509
561
521
511
505
536
525
510
497
551
520
497
497
526
503
497
510
535
517
481
488
517
510
479
477
529
489
479
471
513
494
474
475
504
496
480
464
508
501
481
482
496
492
465
479
507
497
497
479
516
513
478
476
509
489
475
473
514
481
472
461
499
488
457
469
510
494
468
462
498
480
460
458
482
488
474
459
485
486
447
464
490
468
448
455
504
464
460
456
495
468
443
469
490
478
460
447
485
472
461
454
486
493
459
461
510
478
482
461
488
478
454
464
510
490
448
460
499
482
461
445
498
472
450
449
496
465
464
440
474
449
439
446
469
461
458
427
483
448
448
435
464
459
436
433
470
457
452
439
479
453
452
443
480
470
437
446
475
465
434
433
466
452
444
438
471
451
428
425
484
454
432
446
468
450
459
436
473
457
444
449
476
464
444
435
487
477
442
440
510
459
436
435
500
452
439
440
485
437
418
429
474
454
427
435
463
444
444
457
469
462
443
375
250
248
249
250
250
248
249
250
509
476
249
248
249
0
0

