;UFOS3
;Measurement details: channel = D, date = 28.08.2020, time = 02:32:26
Exposure=1100
Gain=0
Temperature=19.4
Accummulate=4
4.911982735004781 mu
5.098552978000645 amas
10.847 hs
0 ozone
0 uva
0 uvb
0 uve
[Value]
0
251
251
251
251
251
250
252
331
310
273
266
339
302
269
276
340
299
274
273
342
311
292
275
347
315
284
287
346
344
303
291
328
324
283
282
373
329
289
286
335
315
288
290
355
322
300
279
356
326
281
288
354
317
300
289
358
315
297
303
355
313
278
309
350
311
291
292
345
314
292
278
353
312
290
280
345
322
288
291
353
313
297
281
331
307
291
294
350
305
291
286
358
320
279
284
358
315
283
282
330
327
284
282
359
312
294
278
337
317
296
281
344
323
286
298
332
313
297
284
345
315
294
280
341
332
297
295
338
313
293
283
354
322
298
287
350
309
291
280
348
322
291
287
344
324
279
299
352
310
282
285
346
310
299
290
348
322
284
289
373
318
291
289
331
316
293
292
339
312
287
283
356
316
295
285
361
320
291
288
361
309
285
284
342
319
283
283
348
320
289
294
360
323
287
297
340
314
287
279
356
307
288
285
350
322
280
278
345
315
279
291
351
322
295
297
342
307
300
283
359
324
288
293
327
312
290
286
324
318
281
289
358
313
288
289
339
319
294
288
338
323
289
276
337
303
294
288
340
304
300
288
348
310
290
280
332
315
291
284
329
313
297
276
350
300
296
284
345
311
280
289
358
306
284
300
358
317
294
282
350
299
280
296
342
313
281
298
343
321
297
293
362
309
289
298
345
320
292
292
330
316
290
290
337
313
299
287
347
311
284
289
346
322
302
282
359
301
300
287
343
310
280
298
337
315
286
284
346
316
302
294
340
317
300
289
362
320
303
293
350
314
286
282
342
340
288
278
332
310
304
282
337
325
286
297
353
309
282
295
350
310
297
280
339
307
294
287
351
313
291
292
333
318
294
290
347
320
296
276
348
307
289
291
346
304
294
283
343
295
297
282
333
320
296
287
353
318
293
296
354
308
292
280
334
319
284
287
336
325
280
281
348
314
290
281
331
319
287
291
339
328
304
282
337
313
291
292
348
321
291
283
346
314
291
285
341
316
285
284
339
326
299
301
344
308
296
293
336
307
278
298
333
328
287
289
327
320
285
291
339
316
296
299
339
311
290
294
340
314
291
302
336
322
294
291
342
338
290
288
342
311
285
287
345
310
305
283
345
302
296
292
342
311
309
288
339
301
292
278
325
330
296
283
336
321
285
279
337
313
289
287
348
311
305
293
347
314
290
284
341
307
293
292
342
307
294
290
342
311
288
290
337
306
282
285
339
308
291
292
345
320
289
288
334
320
296
289
322
315
293
289
335
318
286
296
346
318
293
290
352
324
291
293
344
316
289
293
347
320
286
286
347
316
279
290
327
306
303
286
340
315
287
293
344
308
300
296
338
313
296
284
344
320
298
287
330
314
282
299
330
312
283
284
335
306
296
294
332
322
290
307
338
310
281
291
338
307
291
298
334
313
295
300
341
308
297
298
334
309
296
304
334
325
296
298
336
311
292
289
355
298
303
290
331
311
293
295
338
308
295
282
330
316
300
290
349
317
286
285
338
308
295
294
348
310
293
295
339
322
286
291
345
314
301
299
344
308
299
295
331
318
284
289
333
315
282
275
332
324
315
299
345
316
289
296
338
305
290
280
342
316
294
291
338
322
308
280
332
311
304
289
336
311
285
298
331
313
299
291
337
312
292
281
334
317
295
300
338
312
303
292
342
315
297
301
343
309
294
291
333
304
303
296
325
307
294
298
338
328
295
283
329
307
298
288
338
310
286
278
353
314
295
282
345
312
287
282
353
319
293
296
335
309
300
295
339
308
283
282
340
311
308
284
338
312
300
289
342
300
284
294
349
311
304
287
322
301
296
302
336
311
316
300
330
313
295
293
335
308
296
282
337
315
294
286
335
314
305
288
335
319
306
284
340
315
296
286
329
306
304
281
354
316
296
287
328
312
285
288
335
315
316
297
333
312
289
290
339
320
284
279
335
315
283
290
343
318
293
293
335
318
287
293
331
316
291
295
337
322
299
296
332
324
299
297
344
315
288
289
346
310
286
287
341
324
287
289
349
320
298
291
332
309
310
287
346
318
293
288
333
306
304
293
346
322
295
288
330
319
302
285
343
306
293
280
337
327
293
298
347
320
306
290
323
308
290
294
341
312
290
289
341
310
285
298
364
320
295
286
332
314
283
305
342
312
306
290
357
315
297
286
353
330
302
291
349
298
303
294
343
320
294
290
345
311
295
296
344
321
304
295
339
315
313
288
339
318
292
302
329
321
295
294
327
321
292
294
340
313
294
295
327
331
306
306
348
317
304
298
334
315
301
291
352
308
308
289
342
325
309
309
346
311
301
305
330
325
307
310
344
316
295
294
338
319
302
292
325
320
296
317
339
323
311
300
347
321
298
296
330
316
312
302
344
319
306
307
346
322
308
287
338
324
305
300
344
326
306
299
334
318
303
291
356
310
293
287
338
326
293
300
337
314
302
298
332
317
319
295
349
315
314
296
364
329
310
300
351
311
311
302
335
333
314
291
348
310
308
299
347
342
308
298
341
314
299
310
338
321
304
297
336
320
317
306
340
326
296
312
355
315
314
305
369
339
315
305
351
331
315
314
338
321
308
309
351
334
321
302
342
318
318
308
338
318
304
308
350
334
304
304
337
334
310
295
336
326
297
309
345
350
313
301
343
315
325
299
359
336
303
295
346
322
313
312
339
317
312
305
343
328
312
312
350
326
302
299
349
316
297
305
343
336
300
315
349
317
320
304
349
329
313
315
346
327
304
302
347
335
308
311
343
325
313
306
352
332
318
313
360
334
315
309
353
344
320
321
367
340
327
318
369
337
316
317
367
322
317
318
365
333
301
315
348
343
322
308
355
337
319
303
337
320
311
315
357
323
322
314
364
342
320
315
360
326
324
329
347
344
315
313
364
345
330
320
363
346
323
318
375
358
331
329
360
340
345
314
364
348
332
329
377
345
337
314
363
345
323
316
361
343
323
324
367
337
316
317
365
342
317
327
353
331
317
334
357
350
329
321
348
339
319
315
350
337
315
322
379
338
314
312
357
329
317
323
348
345
318
333
355
353
339
319
349
340
337
328
363
351
326
326
360
343
319
324
375
345
329
324
350
342
339
332
380
366
328
334
370
358
328
342
364
345
330
339
375
357
334
322
365
349
333
318
361
344
327
336
354
337
321
323
356
340
336
319
359
349
322
318
359
351
341
324
361
351
324
342
362
344
331
342
360
342
330
329
372
341
347
333
370
341
328
323
363
350
336
327
362
356
327
340
366
358
343
328
373
363
338
340
355
354
323
330
380
365
322
336
376
354
339
335
374
351
343
334
359
346
336
330
369
351
336
330
354
343
328
325
369
349
336
328
369
347
339
329
363
356
343
327
363
351
334
341
370
350
329
327
372
349
362
324
358
352
323
335
367
358
324
344
370
343
328
325
374
357
329
340
382
355
337
346
392
346
334
339
375
344
345
338
375
348
332
324
369
341
329
333
372
342
328
328
380
342
314
315
343
343
324
322
367
349
338
319
373
340
316
326
351
341
332
321
348
341
324
324
343
348
325
325
355
332
346
314
376
343
331
329
356
342
331
324
359
337
336
318
365
348
333
330
364
341
348
316
373
339
328
323
358
345
332
331
382
343
331
343
373
356
339
323
367
349
336
325
355
345
333
327
353
341
347
326
362
341
320
336
355
349
334
328
348
351
339
334
361
352
346
330
366
352
324
334
380
357
358
341
364
351
343
329
388
354
339
330
366
349
336
335
363
352
342
328
370
334
338
335
372
353
334
331
360
359
348
326
360
348
343
335
367
351
331
347
373
357
332
337
402
364
342
344
374
351
348
332
381
354
339
331
378
361
338
339
359
349
341
332
378
350
343
327
373
353
337
334
364
347
346
333
364
350
354
338
381
343
344
346
376
343
331
328
371
347
342
327
359
345
339
331
358
339
336
328
358
358
325
328
368
347
334
328
362
339
333
327
362
369
341
331
367
354
343
338
364
355
336
335
370
354
342
329
374
361
337
334
370
351
338
341
378
358
338
321
373
347
342
322
362
348
337
330
347
344
329
333
357
361
339
332
364
344
330
334
375
353
339
345
377
348
349
334
369
344
347
321
384
342
353
334
364
342
329
328
367
343
329
328
357
342
329
328
364
337
332
328
370
351
327
316
382
344
334
329
349
352
339
331
355
350
333
338
356
344
332
333
377
342
341
335
353
348
322
326
362
337
338
350
345
349
327
319
351
346
344
326
345
344
339
322
370
342
330
328
359
341
342
332
372
354
338
329
379
348
357
353
371
356
333
342
351
355
364
352
364
361
341
344
367
355
332
336
372
347
335
328
372
352
327
331
375
348
341
351
365
347
342
337
370
359
351
331
379
342
339
336
370
363
336
342
364
345
333
328
371
355
343
334
382
349
345
329
363
355
329
327
372
334
341
347
363
352
346
334
382
359
344
348
387
359
344
341
387
355
358
334
380
365
351
346
380
346
335
340
393
352
340
346
372
371
345
357
381
362
362
362
389
372
349
351
392
370
359
348
387
373
367
362
375
368
349
352
383
368
361
351
392
368
353
344
360
375
358
348
382
385
343
345
390
352
337
337
383
375
346
347
382
365
344
342
376
364
345
352
391
379
343
341
374
359
337
329
368
346
358
331
401
362
331
331
372
345
343
334
368
350
336
338
354
342
352
332
358
343
359
324
355
346
343
331
371
353
340
337
362
350
323
336
363
338
328
324
355
343
329
319
346
339
325
318
354
331
326
313
332
333
337
325
364
338
334
342
351
341
336
326
360
339
340
339
363
349
350
340
375
345
338
348
367
357
346
341
388
349
337
341
386
360
342
344
354
356
340
332
373
351
340
333
373
360
349
332
374
359
334
325
356
338
322
320
363
347
330
335
359
349
329
319
356
337
339
336
379
343
331
331
359
332
338
332
365
352
330
333
345
342
336
333
363
350
326
326
365
349
335
324
367
353
325
333
370
351
340
338
377
361
346
335
363
366
341
339
375
361
350
346
376
351
337
339
372
345
354
346
355
355
327
329
366
352
342
338
366
361
341
334
372
365
349
341
388
374
352
348
378
364
356
345
371
358
361
338
363
353
347
342
377
366
336
336
361
355
340
342
375
354
345
338
371
367
356
355
383
378
348
346
376
368
363
354
392
381
359
358
392
383
366
358
393
380
368
359
378
382
375
362
382
364
379
354
395
388
377
359
397
377
354
365
404
365
368
354
403
366
385
348
385
369
366
353
394
364
361
344
390
373
357
362
395
378
372
346
391
382
367
358
387
383
346
354
385
367
357
345
388
365
358
349
401
356
354
344
367
366
354
352
372
372
349
339
374
364
352
341
370
372
364
356
372
354
359
362
379
368
358
343
404
369
360
361
385
370
360
368
378
371
361
346
375
364
357
358
380
372
360
349
388
373
355
351
370
370
347
344
385
347
343
341
374
356
332
335
382
355
344
338
373
363
347
345
374
365
340
340
385
360
351
353
387
375
355
351
379
365
350
338
384
366
344
341
365
354
347
343
358
344
337
329
374
368
336
329
362
354
345
339
362
363
339
338
374
354
358
351
367
343
355
347
366
368
342
331
364
345
345
336
355
343
344
337
359
343
332
319
365
366
332
322
366
350
348
347
363
348
346
344
369
368
350
340
363
360
341
346
367
350
340
326
362
340
343
330
368
340
350
340
364
343
341
334
364
357
347
350
383
372
362
343
407
368
356
362
384
367
350
353
386
375
353
350
379
358
346
342
371
358
348
360
395
359
349
364
393
356
353
351
380
372
363
354
391
368
353
348
406
370
360
341
391
363
358
365
370
380
368
357
388
377
371
362
403
381
368
379
398
394
374
367
416
384
373
369
425
402
385
380
406
403
381
380
403
392
392
372
417
391
384
375
408
393
375
378
397
381
374
364
391
392
357
358
389
375
370
359
397
372
367
357
400
383
374
358
379
374
367
357
370
367
360
340
382
368
388
359
390
383
359
369
377
378
361
367
390
378
373
369
395
374
371
367
405
384
380
381
395
378
374
378
408
370
370
363
387
380
364
360
388
378
349
358
385
380
367
355
372
367
353
352
365
367
359
342
369
360
340
349
368
351
346
343
366
360
343
345
473
348
325
346
373
348
342
330
356
357
336
336
361
348
337
319
359
342
340
321
354
355
342
328
364
345
333
333
351
350
319
326
366
338
334
330
360
349
335
342
358
352
338
332
365
349
332
336
367
366
345
343
379
363
346
345
392
387
357
347
388
355
346
337
395
364
355
340
358
373
359
343
366
363
351
331
380
358
355
335
379
360
341
339
373
354
334
340
364
359
345
325
360
359
346
345
387
352
347
341
385
371
344
353
395
377
355
347
373
372
345
343
374
351
340
346
375
362
345
339
365
359
339
350
367
357
346
347
361
362
347
340
389
366
357
345
366
349
342
349
380
353
339
335
376
371
337
340
376
368
350
349
372
365
344
345
374
363
354
340
396
359
351
355
367
365
361
359
383
377
373
358
384
375
359
362
395
390
369
360
398
390
370
362
388
386
373
363
393
392
374
352
391
371
365
362
431
389
370
356
400
372
366
365
403
370
378
369
408
386
371
364
405
404
378
361
401
397
376
376
413
384
382
389
414
386
374
386
401
397
387
376
397
377
382
390
408
385
367
370
390
384
376
360
389
368
367
353
365
373
356
361
386
378
353
356
372
359
350
340
371
352
340
341
371
341
328
317
377
334
326
324
353
331
326
316
347
353
324
317
348
342
322
320
379
338
333
332
376
362
343
337
387
361
354
349
371
372
352
344
378
379
346
350
411
366
356
362
380
373
364
357
402
387
356
366
392
388
358
360
388
383
379
359
393
380
360
356
402
398
366
356
394
376
361
353
377
383
367
359
379
377
355
352
374
362
345
338
378
352
341
327
366
356
333
322
350
343
317
317
338
325
326
313
349
328
322
317
354
337
316
323
360
355
327
335
357
372
334
348
378
360
356
344
381
356
357
360
369
384
368
351
394
371
371
359
386
378
355
364
367
377
377
360
388
377
357
353
390
389
362
360
385
376
369
360
407
384
375
356
398
387
382
361
385
390
351
370
393
373
368
353
397
389
359
375
392
369
378
366
396
378
360
356
411
373
381
363
390
384
362
372
405
382
353
363
387
373
353
366
399
386
358
361
393
380
367
363
396
389
379
361
391
381
382
371
397
389
377
367
391
374
364
373
396
381
362
378
393
389
386
380
384
390
367
369
414
393
380
369
410
391
378
369
410
395
392
372
398
380
375
376
392
381
376
381
398
378
377
365
394
383
365
368
395
374
371
366
403
388
372
372
405
386
378
373
397
393
385
373
418
392
385
380
407
393
380
366
389
388
367
362
390
392
357
380
386
384
371
369
386
383
367
360
394
383
367
382
395
378
383
381
415
398
375
377
422
383
367
372
399
389
366
358
398
397
376
381
404
398
375
377
390
378
364
353
413
387
382
377
413
375
372
365
401
391
363
365
399
373
363
371
392
381
361
373
403
383
368
376
411
382
382
372
396
384
373
376
392
402
368
364
397
378
362
360
406
371
369
369
404
394
384
367
409
386
373
365
399
391
400
371
421
395
379
361
408
390
377
372
407
396
374
368
400
384
377
361
420
398
372
379
392
382
375
366
393
381
358
369
402
388
350
357
390
376
354
358
398
371
357
354
386
366
347
342
392
362
362
343
381
365
351
347
384
360
354
344
393
379
352
354
392
376
359
353
397
370
354
351
398
379
350
356
398
374
357
354
388
377
364
362
403
374
358
350
392
381
355
357
397
371
361
358
381
370
350
357
390
373
351
350
396
367
357
349
386
355
357
354
391
360
354
355
394
359
357
337
404
354
349
346
396
359
346
349
378
366
353
335
396
363
340
346
374
351
349
361
389
367
337
344
375
369
340
342
394
357
347
341
378
361
345
347
374
361
349
331
375
367
345
348
361
354
328
343
366
357
354
334
376
375
340
341
374
358
344
340
385
351
342
337
370
358
335
344
385
370
345
335
374
358
339
336
357
363
350
336
366
364
327
348
374
353
332
341
389
350
348
343
382
357
330
355
374
364
346
334
371
357
339
332
363
365
335
339
383
349
353
332
356
346
324
339
387
366
323
337
376
353
339
322
376
352
336
335
380
353
358
329
368
343
331
338
364
354
352
323
377
347
346
333
361
356
334
329
365
351
349
334
370
349
346
339
376
366
334
343
369
358
331
330
362
352
342
335
371
351
328
322
379
354
326
341
361
349
350
330
364
349
337
340
368
355
335
326
378
368
336
338
407
354
336
335
405
353
345
343
392
348
328
340
385
361
337
343
369
350
347
354
364
352
341
319
250
250
251
251
249
252
251
250
390
353
250
251
250
0
0

