;UFOS3
;Measurement details: channel = D, date = 28.08.2020, time = 02:51:06
Exposure=1100
Gain=0
Temperature=20.0
Accummulate=4
4.261438458619578 mu
4.381331204391456 amas
12.805 hs
0 ozone
0 uva
0 uvb
0 uve
[Value]
0
253
253
252
255
252
252
252
333
313
275
270
341
304
271
280
344
303
276
279
347
312
297
278
350
320
287
289
349
346
308
294
329
326
286
284
376
331
293
289
339
318
290
291
359
326
301
283
357
327
285
289
358
322
301
292
363
319
302
306
359
315
282
311
354
314
293
297
346
317
296
283
355
315
296
285
347
325
290
292
356
316
301
284
337
309
292
300
354
308
294
292
359
324
282
288
361
319
286
285
331
330
288
283
363
317
296
283
339
323
301
287
347
327
289
301
337
317
299
287
347
318
298
282
343
337
300
302
340
316
299
287
358
326
300
288
354
315
296
282
351
326
295
290
345
328
281
302
356
315
286
289
352
313
303
294
353
323
287
294
375
320
291
292
336
321
297
296
340
315
290
289
357
321
301
287
365
322
294
291
364
312
289
286
343
325
286
287
350
323
292
297
363
326
292
300
344
317
291
284
360
311
290
285
354
324
283
283
350
320
282
297
352
330
297
300
346
310
305
288
367
329
289
298
331
317
293
289
329
322
286
295
362
316
292
291
341
322
296
292
343
328
293
279
340
307
298
291
346
309
301
290
349
313
292
282
337
319
295
289
330
313
303
279
353
306
301
286
346
314
281
293
364
311
290
305
363
322
296
284
352
304
281
300
346
316
284
300
348
324
301
295
364
313
293
302
349
323
294
293
334
319
294
294
340
317
303
289
352
315
288
292
349
326
307
286
362
306
303
288
347
315
282
303
342
318
288
287
348
318
307
297
342
321
304
291
366
322
304
298
355
318
287
286
345
341
291
280
336
314
308
283
341
329
291
300
360
311
283
297
354
313
299
284
342
307
299
290
353
318
293
295
339
322
299
294
351
324
299
279
353
311
293
293
346
309
296
287
345
300
301
288
339
322
300
292
356
321
298
297
360
309
297
284
336
321
286
289
339
331
282
286
352
321
296
285
334
320
288
293
342
330
306
285
340
316
295
297
348
323
295
286
349
317
294
287
346
321
288
288
342
331
302
304
346
310
299
296
342
310
281
300
337
331
288
293
330
323
287
294
342
319
301
303
341
314
294
297
344
317
293
307
339
326
298
295
346
342
296
289
346
315
287
289
345
317
305
287
350
303
299
298
348
313
313
292
344
307
293
282
325
335
300
286
338
326
288
282
341
315
292
290
351
316
311
296
349
317
291
283
346
311
298
294
344
308
296
294
346
316
290
293
339
311
287
288
344
313
295
297
346
322
293
290
339
325
299
291
326
320
294
294
337
321
287
298
351
322
297
292
358
330
294
297
348
316
288
297
352
325
291
290
349
319
281
293
328
308
307
291
342
321
293
296
346
311
303
298
341
317
299
286
347
324
303
290
333
317
286
302
334
317
286
288
338
309
299
298
334
324
293
311
342
313
283
293
341
312
298
300
335
317
299
307
339
313
301
297
338
314
300
307
336
328
300
300
339
311
298
291
358
301
306
293
333
313
295
299
339
311
299
285
333
319
305
294
356
322
291
288
339
311
297
296
353
314
297
297
341
323
288
295
347
318
303
302
346
312
303
301
336
321
286
293
340
318
285
279
336
330
318
302
348
319
292
298
345
308
292
284
346
317
297
295
340
324
309
281
337
312
310
292
337
317
289
303
336
316
305
295
342
318
294
284
339
323
302
302
343
318
307
292
345
319
300
305
347
314
297
296
338
308
307
300
328
312
297
302
341
332
299
286
332
311
301
291
340
315
290
280
357
315
299
287
347
316
287
287
359
322
296
297
337
314
301
300
345
314
284
285
342
314
313
287
341
316
302
291
348
302
285
297
353
314
304
291
324
305
301
306
341
313
318
302
332
317
298
295
337
310
298
284
342
317
298
290
338
317
308
291
338
323
308
286
344
319
297
290
333
306
306
285
353
318
299
291
330
314
286
290
338
320
320
299
337
315
291
293
343
321
287
282
339
318
283
292
347
321
295
296
338
318
289
293
332
320
294
297
340
324
303
297
335
325
302
302
347
320
290
291
345
312
288
289
346
328
291
290
352
323
299
293
333
311
310
292
349
320
292
290
336
309
307
296
347
320
296
288
333
322
306
288
344
308
292
284
338
329
296
300
348
323
312
294
324
309
294
296
343
313
290
290
342
312
286
299
362
325
296
285
337
315
283
304
340
313
307
291
358
313
296
285
353
329
303
293
348
300
302
296
342
320
295
291
348
308
296
296
342
319
302
297
338
317
312
288
339
318
292
303
329
320
295
293
325
323
295
294
340
313
293
296
327
329
305
303
346
318
301
297
332
313
301
290
348
307
305
289
341
325
307
309
347
309
300
305
327
325
306
310
342
315
294
291
338
316
302
291
324
317
296
313
337
323
308
299
342
319
293
290
326
311
311
298
338
315
298
301
341
315
305
285
331
320
299
294
340
319
300
297
329
314
298
285
352
308
292
282
335
324
291
295
333
312
301
295
330
311
316
294
345
310
310
290
360
324
306
296
346
307
302
298
329
326
309
283
340
304
302
293
341
335
304
292
335
308
295
306
334
316
302
290
331
314
312
296
333
321
289
307
351
308
308
298
367
330
306
299
343
322
304
306
331
311
297
298
342
323
308
292
334
308
306
294
327
310
296
294
341
325
292
292
328
323
299
284
326
318
290
301
337
338
306
290
330
307
312
289
345
327
293
285
334
310
301
300
330
306
298
297
330
318
305
301
342
318
297
291
339
308
287
299
332
324
294
305
339
309
314
293
340
316
301
302
336
316
292
289
335
320
295
294
331
312
297
289
334
314
298
297
342
317
299
290
334
325
301
301
350
321
307
299
353
320
297
299
349
304
298
299
349
318
285
297
334
326
306
290
335
322
305
288
324
307
296
299
342
307
305
296
343
324
301
296
338
304
301
305
325
322
290
290
339
319
303
295
340
323
297
293
350
332
305
304
334
315
318
289
335
320
306
304
351
321
312
293
338
317
302
292
336
319
299
300
344
314
296
293
342
318
296
304
330
310
297
314
333
327
313
300
325
319
299
296
332
319
295
302
361
318
294
292
339
308
299
303
328
322
296
307
335
330
312
294
325
316
308
305
342
324
299
296
333
311
291
293
345
315
300
292
317
310
310
302
346
334
296
298
336
329
297
308
330
311
299
305
341
326
303
289
334
316
302
290
332
318
302
307
329
309
296
298
331
314
308
291
333
322
297
291
335
323
313
295
330
323
295
311
332
315
300
313
333
310
302
299
342
312
315
300
337
308
296
289
328
316
304
293
328
321
293
305
332
324
309
295
338
327
304
307
323
317
291
294
346
328
289
298
342
315
301
301
338
316
309
302
328
314
302
295
336
320
306
297
322
314
298
294
339
319
307
298
337
320
312
297
334
324
310
298
335
314
304
307
335
314
295
293
338
311
326
288
326
319
289
298
333
323
288
310
335
305
292
290
340
321
291
307
347
320
300
307
355
308
304
302
340
311
313
304
343
319
306
299
342
313
304
306
347
315
303
306
352
317
292
289
319
317
300
294
339
323
309
293
346
314
294
298
326
319
309
294
326
318
300
300
318
323
304
299
327
307
320
288
345
313
303
302
326
313
302
297
330
309
310
289
335
322
303
299
334
314
319
289
346
311
299
293
323
317
304
294
347
308
299
308
338
323
306
290
333
320
303
293
324
312
305
294
322
303
314
296
331
310
289
301
322
315
299
294
313
314
301
297
323
315
307
292
329
310
287
298
341
319
318
300
328
315
305
291
349
317
302
294
330
316
302
299
327
317
304
294
338
301
301
301
338
317
299
295
326
323
311
290
321
312
305
296
328
314
295
305
335
313
293
294
357
322
296
300
333
307
305
289
340
310
299
292
335
317
298
296
319
310
301
288
334
306
300
286
329
310
295
293
321
305
303
287
320
308
308
295
335
300
304
304
334
305
291
289
334
310
306
292
324
312
306
299
327
307
308
297
328
332
296
300
341
322
307
295
334
307
302
293
328
333
307
294
332
316
304
300
323
315
297
296
330
313
298
288
332
318
299
293
333
315
296
303
338
321
301
286
337
310
304
287
325
312
304
294
314
313
295
301
323
328
303
299
329
310
292
296
340
315
301
306
338
310
308
297
332
304
309
287
346
304
315
300
331
308
297
297
338
312
298
300
327
313
296
295
335
306
300
298
337
320
297
286
349
310
303
296
318
320
304
295
322
317
299
302
325
310
299
299
345
308
308
303
322
315
291
296
327
307
304
315
316
321
298
290
321
317
313
295
317
313
308
291
336
312
295
295
328
302
305
297
335
317
301
290
339
309
318
313
330
315
291
301
310
310
319
310
321
318
300
300
325
314
293
296
334
309
299
288
333
313
292
294
339
313
305
312
324
310
303
297
331
320
311
294
338
304
298
293
327
321
294
302
320
306
290
287
332
318
305
299
345
312
310
292
328
317
293
292
335
297
304
304
323
314
307
293
338
316
298
302
340
311
297
294
338
306
306
288
332
315
301
296
329
298
288
291
341
303
290
295
320
317
294
303
330
311
309
310
334
316
298
296
339
316
307
293
334
317
312
306
320
310
295
296
327
312
305
299
338
315
303
296
309
320
306
296
333
335
293
294
338
303
290
292
333
329
300
302
334
321
295
293
326
314
298
302
345
329
297
298
331
314
295
287
324
304
318
291
362
326
296
297
339
312
312
302
338
317
306
306
319
308
318
296
323
307
322
292
321
311
307
292
336
319
303
302
328
318
289
303
333
308
295
294
325
313
303
292
318
315
300
294
331
306
304
290
310
309
315
300
340
311
307
315
323
313
304
297
329
306
306
304
328
311
313
298
334
304
299
305
326
313
302
300
344
307
295
293
340
319
300
300
312
311
298
292
333
312
301
297
335
321
312
295
338
325
301
291
324
307
291
291
334
315
299
306
328
317
296
289
325
302
305
302
345
310
296
298
324
298
305
294
333
317
298
297
315
310
301
299
329
316
293
290
334
315
301
290
332
319
291
295
330
311
298
294
329
317
298
292
317
321
298
295
329
313
305
302
333
312
297
299
331
305
315
305
318
318
290
292
327
311
300
296
325
315
298
287
323
318
302
294
334
325
300
296
328
315
306
294
321
312
315
293
317
308
302
299
332
320
296
289
317
313
297
296
328
306
296
292
324
315
305
302
328
322
294
293
318
310
302
291
331
316
297
297
326
317
301
293
329
315
302
291
313
317
310
298
318
300
313
291
330
325
312
298
333
312
294
304
343
307
309
295
339
305
324
285
325
307
301
291
331
303
299
284
327
309
296
300
335
316
309
287
330
322
311
300
329
327
291
299
329
312
301
291
333
311
305
297
345
302
303
293
318
315
302
299
320
321
300
289
321
310
297
289
318
317
309
302
318
301
307
307
326
310
300
286
347
310
305
302
326
313
300
310
324
313
302
290
318
306
297
301
322
314
307
294
331
317
302
296
317
320
298
294
340
299
297
300
327
314
290
293
334
312
300
293
327
313
300
299
323
315
288
289
330
305
296
298
331
318
301
297
325
313
298
289
337
316
299
299
320
315
308
302
319
303
297
289
334
331
298
288
325
316
304
295
316
315
293
293
325
306
311
304
321
301
308
302
323
325
299
292
325
305
310
301
321
311
309
303
324
312
298
290
334
335
299
286
331
310
309
309
323
308
301
300
328
320
310
298
321
317
296
306
326
309
300
289
324
305
309
294
331
306
314
300
329
304
302
293
323
311
299
299
333
315
309
289
351
310
299
303
323
311
295
298
328
319
296
294
327
305
295
292
321
308
295
308
344
308
295
312
336
303
298
299
326
316
311
299
336
314
299
293
346
311
298
285
330
301
295
301
304
314
301
288
318
306
300
290
333
306
293
304
321
319
300
292
339
308
294
293
346
321
305
301
323
320
300
297
320
315
305
292
338
315
310
298
333
321
300
305
328
315
305
292
326
325
291
295
325
313
307
293
331
312
307
295
339
322
314
300
321
317
311
299
315
310
304
284
329
310
327
295
331
318
299
302
310
310
292
299
321
308
302
297
324
301
296
296
329
311
302
309
324
308
302
306
338
302
302
296
322
315
301
298
325
317
293
297
326
319
315
301
323
318
305
304
318
320
310
295
323
312
297
302
319
309
300
297
324
320
300
307
436
312
289
306
334
310
304
294
318
320
301
299
327
314
306
287
327
308
307
287
320
322
309
293
335
313
301
299
320
317
288
296
336
306
301
298
324
314
297
302
322
315
301
292
321
305
292
290
320
317
298
295
326
310
297
291
340
333
305
294
333
302
293
289
340
314
304
289
310
322
309
293
319
311
301
282
330
308
309
290
330
315
296
301
329
314
295
300
323
313
303
283
317
313
302
300
339
305
298
293
333
319
294
299
341
324
302
294
320
321
298
294
325
306
294
301
330
318
297
293
320
313
289
302
321
310
298
301
313
312
298
288
335
313
305
298
316
301
293
300
330
302
292
288
328
323
292
293
331
319
299
300
324
318
298
300
327
316
304
290
343
308
296
304
314
312
306
302
327
319
314
297
323
311
295
298
330
320
299
292
329
323
299
292
318
316
301
295
322
325
306
287
321
306
299
295
363
323
304
293
332
307
301
298
334
303
309
300
341
315
300
293
329
327
306
287
321
315
298
292
328
305
301
308
332
305
295
302
319
319
304
296
318
301
308
313
336
315
294
301
318
314
306
291
319
301
303
290
305
313
296
301
328
319
297
301
319
309
299
293
327
310
299
302
336
307
298
289
347
311
302
300
327
308
305
293
325
331
302
295
326
316
292
292
347
303
297
293
332
320
301
291
342
312
305
298
320
317
297
290
321
320
292
288
351
306
294
299
317
310
298
291
335
319
290
296
319
320
291
291
319
310
311
290
323
310
294
292
332
330
300
290
327
309
294
288
314
321
308
300
322
325
301
300
325
314
297
292
335
312
303
292
332
327
303
292
323
319
294
296
317
305
301
294
328
306
296
292
330
310
289
293
329
320
293
298
318
329
290
303
330
310
304
291
327
301
296
299
311
321
308
289
332
308
307
297
322
314
293
297
306
314
314
296
321
313
294
291
323
322
297
295
318
310
300
293
336
317
306
287
328
317
310
292
315
323
285
302
325
308
301
289
328
320
291
307
327
304
308
300
325
310
291
286
340
305
312
292
320
314
293
304
333
315
289
299
323
305
287
301
330
318
294
292
327
311
299
292
325
317
307
289
320
309
308
298
323
316
302
294
317
300
295
300
323
309
289
302
320
316
312
303
314
315
295
294
340
316
304
292
334
314
301
295
335
318
313
297
323
307
297
302
316
311
302
306
325
310
307
295
325
316
295
302
327
309
300
298
332
318
303
298
333
312
301
299
321
316
306
295
336
314
306
301
327
317
304
293
319
312
295
293
323
323
288
313
317
317
302
300
318
313
299
291
323
312
294
307
322
305
306
303
335
320
297
300
346
310
297
298
326
312
296
290
323
322
304
306
333
322
301
309
324
310
292
283
342
322
313
305
345
306
305
300
332
321
292
296
327
304
293
302
322
310
291
303
331
313
293
300
339
309
307
298
324
313
304
303
324
334
299
298
329
310
290
292
333
302
300
298
333
321
312
295
337
317
305
293
324
317
328
298
344
319
304
289
331
317
301
299
332
318
300
296
327
309
302
289
343
321
298
305
317
309
305
298
323
312
288
303
334
320
288
293
328
314
293
299
337
316
300
299
329
311
295
289
342
308
311
291
330
314
298
293
332
305
300
293
337
323
294
294
331
318
302
295
336
312
296
289
337
318
290
294
334
311
297
292
327
317
301
299
342
316
299
291
331
321
297
300
338
312
300
300
325
314
294
298
330
317
294
294
340
313
301
296
332
306
302
301
335
307
300
301
342
308
307
289
352
308
301
297
348
311
297
300
329
318
304
290
347
316
293
298
324
305
300
312
334
316
288
294
324
322
292
291
347
310
302
293
331
316
298
300
326
317
304
289
330
320
302
305
318
313
282
296
323
310
307
290
335
328
296
298
331
311
298
298
343
309
302
294
329
318
291
301
343
327
305
293
333
313
294
294
316
319
305
291
323
317
281
301
327
308
289
298
344
310
303
298
338
309
288
311
333
322
304
294
327
317
298
294
320
326
297
299
343
311
316
292
320
310
288
299
349
327
283
299
337
318
300
285
336
313
295
296
340
316
317
291
327
304
295
302
326
317
312
285
338
308
307
295
323
319
296
293
325
315
307
297
332
309
305
298
336
324
291
301
327
321
293
291
326
312
307
299
332
313
288
289
342
316
293
305
325
314
318
295
331
311
301
304
330
318
296
288
341
328
297
297
369
314
294
295
361
311
302
302
348
303
287
298
341
322
298
300
328
307
303
314
324
309
304
298
253
252
252
252
253
252
252
252
345
312
252
252
251
0
0

