;UFOS3
;Measurement details: channel = S, date = 28.08.2020, time = 03:02:11
Exposure=1100
Gain=0
Temperature=20.4
Accummulate=4
3.949475787583334 mu
4.048186945379621 amas
13.963 hs
0 ozone
0 uva
0 uvb
0 uve
[Value]
0
254
254
254
252
255
252
253
333
314
273
267
340
304
271
278
339
301
277
277
348
311
296
277
349
318
285
288
349
350
307
293
329
328
285
283
377
330
293
286
336
317
290
293
357
324
302
281
358
326
284
288
358
321
302
293
362
318
299
307
358
314
278
311
352
314
293
295
345
316
293
280
358
315
294
282
345
324
289
293
354
313
302
285
335
308
292
297
353
309
293
289
356
324
280
285
363
317
284
284
331
326
286
282
361
314
297
283
337
322
299
282
345
326
288
299
336
319
298
286
348
320
296
282
341
338
299
302
339
316
296
286
358
326
301
288
352
310
294
280
351
327
293
288
345
326
282
304
355
316
283
286
350
313
300
293
351
322
288
291
376
317
290
294
335
320
297
293
341
312
289
285
358
318
299
285
367
321
293
291
364
312
290
287
342
323
284
286
351
320
291
296
362
326
290
299
342
314
290
280
359
308
291
283
353
324
284
279
350
322
280
296
354
327
299
303
345
309
303
286
367
327
292
296
330
315
289
288
325
320
284
294
363
314
292
290
339
323
299
289
340
328
291
278
339
305
293
291
345
307
300
290
349
313
291
282
336
318
292
287
330
313
301
277
353
303
299
286
347
313
282
293
363
308
287
305
358
319
296
283
351
301
282
299
344
314
284
298
348
325
302
293
364
310
290
302
347
322
290
294
333
318
292
293
342
315
300
288
352
315
288
289
350
327
306
285
363
304
301
288
346
315
283
303
342
317
288
288
350
317
306
297
340
320
303
288
366
325
305
298
353
316
288
282
345
345
287
279
337
311
307
283
339
328
290
300
356
308
284
297
354
312
301
282
342
310
295
288
355
318
291
297
338
321
299
295
351
324
298
277
348
311
291
293
345
310
295
284
343
299
297
282
336
324
301
288
356
321
298
299
358
310
296
282
338
323
284
289
339
332
281
284
353
320
294
282
333
320
285
293
341
331
305
283
341
313
292
297
348
325
294
288
349
319
293
285
343
320
285
287
345
330
302
304
347
310
299
295
342
310
280
300
336
332
287
293
328
321
285
295
341
318
301
300
341
313
294
297
342
315
293
308
339
326
297
295
343
342
292
289
344
313
288
288
345
315
305
287
348
305
299
298
347
316
314
291
343
304
291
280
327
336
299
285
339
327
286
281
340
315
294
290
349
316
308
295
349
317
294
283
347
308
295
296
342
310
296
292
347
314
288
292
338
309
283
288
341
312
294
297
347
322
293
290
336
324
300
290
324
318
297
292
337
320
289
299
350
320
296
294
356
328
292
296
346
319
290
297
351
326
290
288
348
320
281
291
330
308
308
289
341
320
289
292
345
307
303
297
340
315
298
286
348
323
301
290
332
317
283
301
333
313
284
286
338
308
299
298
333
323
292
311
340
311
284
293
340
311
292
299
336
315
297
307
340
311
300
298
337
312
299
309
335
330
297
301
339
313
295
291
358
300
306
293
334
313
295
298
340
310
295
285
334
318
303
293
352
322
288
287
340
310
295
296
351
313
296
297
344
327
286
297
349
318
302
302
343
309
302
297
332
321
287
293
336
318
283
278
334
329
319
303
348
320
291
298
343
306
290
284
347
318
299
293
340
323
312
281
336
313
309
292
337
315
289
303
335
313
303
294
338
317
294
282
339
320
298
300
343
316
307
294
343
318
302
305
347
314
297
297
339
304
306
301
326
310
296
299
341
331
299
285
332
310
302
288
337
314
289
278
356
318
299
287
347
313
288
286
357
321
295
299
338
311
304
300
343
313
286
284
340
314
313
284
342
315
302
291
346
302
285
296
353
315
305
291
325
304
300
306
343
312
320
302
332
318
297
296
338
313
298
286
342
319
301
289
339
318
308
293
337
325
310
289
344
319
298
289
331
307
308
284
356
318
300
291
331
314
288
290
340
319
320
303
338
316
292
296
342
324
284
281
340
316
285
294
343
321
297
296
338
319
292
295
334
320
296
301
339
325
303
298
337
327
300
303
351
319
291
291
348
314
290
291
345
331
291
293
357
327
305
295
336
313
315
295
350
323
295
292
338
311
312
298
352
324
301
292
333
326
307
291
348
310
296
286
341
332
297
305
351
328
316
295
328
311
299
301
346
315
295
296
345
315
290
304
369
332
300
291
341
321
285
312
346
317
312
295
365
319
303
292
358
335
309
300
354
304
309
303
349
328
301
298
354
316
301
302
352
330
309
303
347
323
314
295
346
325
299
311
335
327
302
301
332
330
298
303
349
320
300
306
335
335
315
312
354
326
311
308
340
322
309
299
357
319
316
298
350
336
315
320
354
317
308
313
338
335
317
319
350
322
301
301
347
324
309
298
332
329
304
327
349
332
321
309
356
328
307
305
339
327
323
313
353
328
316
317
356
330
316
293
347
337
314
309
352
334
315
307
344
327
310
299
366
321
303
293
348
336
303
310
343
325
311
309
339
322
328
304
356
324
323
300
377
339
318
311
363
321
322
314
345
344
328
298
356
321
319
313
358
354
320
310
352
324
309
323
346
330
314
307
344
327
328
315
348
335
305
323
367
325
322
318
380
350
325
317
364
341
324
327
350
332
318
322
364
347
334
313
355
331
330
321
351
328
314
318
363
350
315
312
349
345
322
303
345
338
307
322
357
363
327
311
352
326
337
308
370
350
315
309
356
333
327
325
355
329
322
318
352
343
325
325
360
335
316
312
359
323
308
318
353
346
311
327
362
328
335
313
364
341
326
325
360
339
318
313
362
349
322
327
357
341
326
319
366
346
332
330
377
350
330
324
367
361
336
337
387
358
344
334
388
354
333
332
385
336
333
337
382
348
313
329
363
362
340
323
368
354
335
319
352
336
326
331
376
340
338
332
384
359
340
335
376
343
342
347
366
364
331
335
383
365
351
339
385
366
342
338
400
377
352
349
382
361
367
333
386
369
351
351
400
369
355
334
382
363
342
336
380
361
341
343
388
356
336
336
385
360
337
344
369
348
337
355
371
370
354
339
363
356
335
333
368
355
333
341
398
355
333
328
374
346
334
341
364
361
335
350
375
373
355
336
364
357
356
347
387
367
343
346
383
362
339
344
397
369
351
342
370
363
361
356
404
390
349
356
393
387
351
363
386
366
350
362
397
381
357
343
385
370
355
337
379
366
349
356
378
356
342
342
377
362
357
338
379
370
342
337
379
373
361
343
382
371
347
365
385
364
349
367
384
364
352
349
394
362
369
355
391
363
350
343
386
371
361
352
388
379
349
361
387
383
367
351
397
385
360
366
376
378
347
351
404
387
344
358
402
377
361
363
396
375
369
359
383
371
355
353
389
374
359
351
373
367
348
344
392
370
358
350
391
372
359
350
387
378
367
354
390
375
359
369
395
371
355
352
396
370
388
347
381
377
345
356
390
382
347
371
394
364
349
344
398
377
349
365
409
379
360
370
420
368
361
362
400
366
367
355
396
365
354
343
390
358
348
352
389
361
350
353
397
362
330
336
361
361
343
340
387
370
358
337
394
362
334
343
371
363
349
338
364
358
341
342
356
368
344
341
372
350
365
332
397
360
352
350
373
364
353
345
379
356
357
336
385
371
350
351
383
362
369
335
395
359
349
342
377
367
354
350
404
364
351
363
394
378
357
343
389
373
358
345
377
365
357
349
375
360
369
349
385
363
339
359
375
371
358
352
371
376
362
360
384
377
370
355
392
375
348
360
406
380
384
367
386
377
366
352
410
374
363
352
391
376
360
359
386
374
366
350
397
358
358
360
396
375
358
353
385
382
370
347
381
369
363
357
391
378
355
374
399
381
361
359
427
391
366
367
402
376
373
357
411
380
368
355
406
385
361
363
387
373
366
354
408
379
369
355
403
382
364
361
392
374
375
359
391
376
382
365
405
367
371
370
403
366
355
349
394
371
366
350
381
369
358
352
378
358
359
345
375
378
345
347
390
368
357
346
381
361
354
350
387
394
367
355
395
379
368
361
388
378
360
364
398
382
365
352
402
386
364
360
397
380
362
368
401
382
358
342
395
370
365
347
382
370
361
353
368
368
351
354
379
385
358
355
386
367
350
359
401
377
362
373
402
373
374
361
396
363
368
343
407
366
376
358
385
360
348
350
389
367
351
355
375
365
349
347
387
354
354
347
391
376
349
335
404
362
357
352
370
375
359
351
377
375
354
357
381
362
353
353
401
363
362
360
374
370
340
345
382
357
359
371
363
372
349
338
369
368
366
344
364
365
360
343
385
364
347
349
383
361
363
356
397
380
361
351
406
371
382
379
394
383
362
368
377
377
390
379
388
384
368
369
392
382
357
360
397
372
361
350
392
372
349
357
399
371
364
377
388
369
365
360
398
383
378
358
403
366
365
358
394
390
362
368
387
372
356
353
396
377
368
361
405
373
367
349
385
376
350
351
398
358
364
369
386
377
370
360
410
390
368
376
415
389
370
370
413
386
384
362
408
396
379
375
413
375
365
370
425
384
370
379
402
400
376
390
412
396
397
397
422
404
383
380
426
401
395
378
417
404
399
395
408
399
379
384
411
398
392
384
423
400
383
375
390
403
387
379
414
417
368
374
419
381
365
368
411
406
374
376
411
398
371
371
409
395
375
378
424
407
371
369
402
382
362
357
395
371
384
359
428
390
354
355
397
366
365
358
388
374
358
359
374
366
377
354
378
363
379
350
377
370
364
350
392
377
363
359
384
373
342
357
385
362
346
343
373
360
344
335
362
356
341
334
370
346
342
330
348
351
357
344
386
355
355
364
371
363
353
348
380
359
362
362
387
374
373
364
399
370
362
374
394
380
373
368
414
375
364
368
413
388
369
365
379
382
363
356
400
377
363
360
395
384
373
354
397
382
357
346
377
362
340
339
385
368
351
359
381
371
352
338
377
357
358
357
402
365
350
357
380
354
359
351
390
371
354
354
367
361
358
353
387
372
347
347
389
374
360
349
392
380
349
358
396
377
369
364
402
390
374
364
387
395
371
366
402
384
380
372
402
377
364
368
397
368
378
369
381
378
348
352
391
374
368
364
398
388
372
362
400
394
379
371
417
406
382
375
405
397
386
374
401
389
392
366
390
379
374
368
406
394
366
362
387
384
367
370
403
380
374
368
401
400
384
385
418
410
384
383
409
401
396
385
426
413
396
393
427
421
402
397
429
420
404
394
415
420
415
400
416
400
417
391
433
424
410
397
433
410
389
400
439
402
404
389
435
401
418
382
420
403
399
387
428
398
395
377
423
407
392
395
433
410
408
379
425
417
402
389
421
419
377
386
416
398
390
374
419
396
393
384
434
385
386
376
399
400
383
382
402
404
380
368
403
395
385
373
402
401
395
390
405
386
394
393
416
400
390
377
440
400
397
394
416
404
392
402
411
403
392
378
409
399
390
394
415
404
395
383
421
403
384
378
399
397
374
369
415
372
368
370
399
385
356
360
408
379
371
365
401
390
376
374
402
395
367
371
414
394
383
387
418
409
391
384
409
398
380
366
415
393
370
368
389
381
373
368
386
369
360
352
400
395
360
350
388
381
374
364
390
389
368
367
402
380
388
379
399
375
382
376
394
392
365
355
387
366
369
356
382
365
367
357
380
365
354
341
386
389
355
345
394
371
373
374
389
375
373
371
397
395
379
369
392
388
365
374
393
374
361
350
384
363
370
352
392
366
374
361
388
365
366
360
395
383
375
381
415
399
399
371
439
396
388
396
416
401
382
387
418
407
386
385
415
389
375
374
403
388
377
389
429
389
378
397
424
390
382
387
415
405
398
386
425
401
386
380
440
405
393
376
426
394
396
403
405
418
405
394
427
416
411
395
447
415
407
420
441
439
419
411
462
426
416
413
472
447
428
425
453
450
428
423
446
439
426
416
459
433
430
414
447
433
410
418
441
421
413
396
429
430
392
397
423
410
404
393
427
407
405
392
436
416
408
393
413
411
400
387
406
397
394
369
418
401
423
393
425
417
397
407
413
413
399
404
428
418
416
412
436
409
409
409
447
427
418
425
436
418
414
418
449
407
410
402
428
416
401
395
423
413
384
392
420
412
402
387
407
398
385
385
393
397
389
372
399
389
370
378
395
381
376
368
393
388
367
369
510
372
348
369
397
373
367
354
380
381
359
355
382
370
360
340
381
364
359
342
377
376
364
348
389
369
354
353
371
371
340
348
386
359
354
353
381
373
357
366
384
376
362
357
389
375
359
361
393
398
375
375
409
396
379
374
427
420
383
376
419
385
375
369
426
395
387
371
390
402
389
372
394
393
378
361
408
386
386
361
407
386
366
367
397
379
357
368
391
384
371
351
389
388
376
373
416
378
374
369
415
401
374
382
426
410
384
377
404
403
375
371
401
379
368
375
403
389
371
366
393
390
368
383
397
387
377
376
390
391
378
368
422
397
389
379
394
379
372
382
409
377
370
362
406
400
366
368
406
399
380
377
399
395
373
377
403
393
386
371
427
390
379
389
397
395
398
394
419
413
411
395
425
415
396
399
435
429
408
401
438
430
410
396
427
424
413
405
430
437
415
393
428
411
408
400
469
428
407
394
438
410
407
407
441
411
417
407
454
427
413
405
448
446
423
404
446
439
424
420
458
432
429
436
463
430
420
433
445
445
433
422
441
417
424
429
452
428
405
413
430
422
416
397
427
404
407
391
406
413
391
400
420
410
387
391
405
393
381
369
404
381
364
365
396
361
349
334
396
354
346
338
368
345
342
329
367
372
341
338
367
363
341
340
404
361
356
354
401
389
372
364
421
390
385
380
404
405
384
379
412
413
380
384
449
401
389
399
416
413
401
394
442
428
397
406
430
432
398
402
428
420
423
400
433
419
401
395
440
440
410
396
433
413
397
388
416
419
404
395
413
413
386
381
408
395
373
365
409
381
367
353
388
380
352
339
369
363
333
335
354
340
341
330
368
344
336
334
374
356
334
343
379
378
351
360
386
399
361
377
407
390
384
378
417
390
390
396
404
421
406
389
434
406
412
397
426
419
395
405
408
418
417
399
424
418
397
391
428
430
402
402
427
416
407
401
447
424
417
396
439
427
420
400
426
431
389
411
433
414
410
394
438
430
399
413
433
411
418
409
436
423
400
397
453
414
423
402
430
423
398
415
445
421
395
405
428
414
392
408
440
426
400
402
433
417
409
404
439
433
421
402
437
426
426
414
439
430
419
410
437
414
409
414
441
423
405
418
436
433
431
424
428
435
409
406
456
434
423
410
456
437
419
416
456
443
435
419
445
425
414
420
434
426
416
423
439
424
421
409
438
424
405
408
438
415
406
409
443
432
418
413
452
431
421
418
440
438
432
418
460
438
434
423
450
438
426
407
432
428
407
402
430
433
396
423
427
427
411
411
426
423
410
400
440
424
410
427
438
420
430
427
462
444
418
422
468
427
412
414
442
432
411
400
442
440
421
418
447
440
421
417
430
418
403
389
452
430
423
416
456
414
416
408
440
430
404
407
440
411
404
413
434
422
400
415
448
426
411
417
455
422
424
415
436
425
416
415
436
444
407
406
435
419
401
401
444
408
412
411
445
433
426
410
451
431
418
403
442
434
446
416
463
437
423
408
452
437
422
415
449
439
419
411
446
427
421
404
466
441
417
426
432
424
420
409
436
419
395
410
441
427
391
394
429
413
392
392
434
407
390
390
418
394
381
372
429
393
395
372
415
399
382
381
418
390
390
379
429
418
389
388
429
413
396
390
432
405
393
384
436
416
383
391
434
407
394
391
426
414
399
400
441
411
396
390
426
421
392
395
434
409
398
393
417
407
385
389
425
404
381
383
429
401
393
382
420
392
391
390
422
390
385
389
425
391
388
369
435
386
379
379
427
389
379
378
406
396
383
367
429
394
372
376
405
379
382
395
419
400
368
376
404
402
368
369
425
390
377
370
409
392
374
377
402
392
376
359
403
394
373
381
389
383
355
370
397
385
385
363
411
404
369
368
402
381
370
367
414
377
368
364
401
388
359
371
412
399
374
365
403
382
369
363
385
390
377
364
393
393
354
377
402
382
358
368
416
377
377
372
408
382
358
383
407
392
373
360
395
385
366
360
388
392
360
362
409
376
382
356
383
372
350
359
415
393
348
361
401
384
363
349
403
379
363
362
405
381
386
353
389
367
358
367
391
381
378
346
402
367
370
361
389
383
360
355
390
377
373
358
399
373
372
362
401
392
356
370
395
386
359
356
388
377
368
359
395
375
350
346
402
378
348
364
384
373
378
355
386
372
364
366
393
379
357
351
406
398
362
363
435
381
359
362
429
380
373
374
419
372
355
367
413
390
365
369
398
375
372
385
393
379
369
333
254
255
254
254
255
254
252
255
415
380
254
253
252
0
0

