;UFOS3
;Measurement details: channel = D, date = 28.08.2020, time = 03:16:07
Exposure=1100
Gain=0
Temperature=20.7
Accummulate=4
3.61763953085508 mu
3.6996041662937396 amas
15.409 hs
0 ozone
0 uva
0 uvb
0 uve
[Value]
0
256
255
255
255
254
254
255
336
319
278
273
344
308
274
285
347
308
281
282
352
317
301
285
356
324
292
295
355
353
313
297
334
334
290
290
383
337
296
292
342
322
294
297
364
331
307
285
363
332
287
293
361
329
308
298
370
324
305
312
363
320
284
315
358
318
299
300
351
322
298
286
360
318
300
286
353
329
295
299
360
323
306
288
340
314
298
303
361
314
297
295
365
328
287
292
365
324
290
290
336
332
291
289
366
320
302
287
343
329
303
287
350
332
294
307
342
322
305
291
353
323
303
286
349
342
305
304
345
323
301
291
364
330
302
295
360
318
298
287
358
330
300
290
350
332
283
306
361
320
288
291
355
320
307
296
356
329
292
298
380
325
298
298
340
326
302
302
347
321
297
290
364
323
303
290
372
329
298
295
370
317
293
291
349
329
287
292
355
328
296
302
369
331
295
305
349
322
294
285
364
314
297
289
358
334
286
283
355
323
287
300
358
333
302
308
353
315
309
291
371
332
295
301
334
321
297
293
332
325
288
301
369
322
296
296
346
327
301
295
347
333
295
284
345
309
301
297
349
312
307
292
355
317
296
286
339
324
298
292
336
321
306
283
357
308
306
292
352
316
285
299
369
315
291
310
366
326
304
289
359
308
285
304
350
321
289
303
350
328
308
300
370
317
296
308
353
328
299
298
338
322
297
298
347
320
307
293
355
320
292
296
354
332
312
292
367
309
310
293
352
317
287
309
346
325
293
293
355
322
310
303
344
323
308
294
371
328
312
303
359
323
293
290
350
349
294
284
340
317
311
287
343
333
294
304
362
317
287
302
358
317
305
286
347
312
301
293
358
325
297
303
341
326
304
298
355
329
301
283
354
317
298
300
352
314
302
290
352
304
305
288
340
331
305
296
361
326
302
304
364
314
299
287
340
328
290
297
344
336
287
290
355
320
300
289
338
325
292
300
346
335
310
288
344
320
297
302
355
332
299
292
354
323
300
289
348
326
291
292
351
333
307
311
351
315
305
300
346
313
286
304
343
337
293
296
334
327
291
299
345
326
305
305
347
318
298
301
348
322
298
313
345
330
300
301
351
348
300
294
349
318
292
296
350
319
311
291
355
310
304
304
353
316
318
296
348
310
298
284
330
339
304
292
343
331
291
287
343
321
296
295
353
320
313
300
355
320
296
291
349
315
300
302
347
315
302
298
350
319
294
297
341
314
289
291
350
318
299
303
352
328
299
296
345
330
303
297
330
323
302
297
341
327
295
305
354
326
302
298
361
332
296
302
352
322
293
300
357
330
295
293
352
323
286
299
336
313
313
294
348
323
297
300
350
313
309
301
345
321
306
291
353
328
306
295
337
321
290
305
337
320
289
291
345
314
304
304
339
332
298
315
345
319
288
301
344
316
299
304
339
320
303
312
345
315
306
301
342
318
305
313
342
333
302
306
347
318
302
295
364
307
311
300
341
317
300
304
346
314
302
291
339
325
309
295
357
327
294
292
345
317
302
301
356
318
303
302
348
332
292
302
353
323
310
309
350
315
306
306
338
325
292
297
343
321
292
281
341
335
325
307
353
322
295
303
347
310
299
286
350
321
301
300
344
329
314
286
340
319
314
295
343
321
293
307
342
320
310
299
344
321
301
287
344
326
304
308
346
321
311
300
350
324
304
313
353
319
304
299
343
310
312
307
330
315
301
306
346
336
303
290
337
315
307
292
344
318
293
283
361
321
305
290
353
321
293
291
363
326
302
302
344
315
307
305
349
320
289
290
346
318
320
291
348
320
307
296
351
306
290
300
359
317
309
295
328
309
305
312
345
318
327
307
339
320
303
298
341
319
304
287
346
323
303
296
345
321
314
298
342
328
313
291
347
321
302
293
337
311
313
290
361
324
304
295
335
322
292
294
343
324
325
305
340
320
295
300
346
328
290
285
342
323
290
299
353
326
300
301
342
323
295
301
337
324
299
303
344
328
306
303
339
329
308
306
352
323
296
295
352
317
292
294
352
333
296
294
355
327
305
298
337
314
315
295
353
324
299
293
340
313
311
301
353
326
302
293
336
325
312
292
348
313
298
288
343
334
300
306
354
329
315
298
329
312
298
302
347
316
297
296
348
315
293
305
367
329
299
290
341
322
286
310
347
316
313
294
363
318
301
289
358
334
308
299
354
302
306
300
347
324
300
295
351
313
299
301
347
325
306
299
345
318
317
292
345
322
298
308
332
325
300
298
331
325
294
299
345
316
298
299
332
331
311
307
349
321
307
304
337
318
304
292
353
313
311
292
345
332
311
315
352
314
302
310
334
330
312
316
347
319
299
296
343
319
306
294
329
322
299
320
341
327
312
304
350
320
299
296
333
317
312
304
344
318
304
309
345
321
310
287
338
327
303
299
343
324
304
301
334
320
305
289
358
312
295
288
340
327
296
301
338
318
305
302
334
318
321
297
352
317
315
297
367
328
307
298
350
311
308
303
335
333
316
287
348
309
307
299
346
341
307
296
341
313
299
313
338
320
305
295
336
318
318
302
337
322
292
311
357
312
313
302
373
334
311
302
349
328
309
311
333
314
302
304
346
331
313
296
338
313
312
300
332
314
298
299
344
333
297
300
335
327
305
290
331
320
294
305
341
345
308
294
337
310
318
290
352
332
297
289
338
314
304
308
335
310
304
302
336
323
308
305
346
321
300
297
344
311
293
301
337
327
296
308
342
311
316
296
343
321
306
305
340
320
295
293
338
325
299
299
333
316
303
294
342
318
305
304
346
321
303
293
340
332
305
306
354
325
314
302
356
322
303
303
355
308
304
306
353
321
290
303
337
330
310
296
340
325
307
293
328
311
299
303
346
311
307
299
350
327
304
299
342
310
307
309
329
327
293
295
342
323
310
299
345
327
299
299
354
336
309
309
341
318
324
292
341
325
311
308
358
323
316
295
344
324
307
293
342
321
303
304
350
320
301
298
349
323
300
309
338
314
303
319
337
332
316
305
331
322
304
299
335
323
302
308
366
321
301
298
343
314
302
310
331
328
301
313
338
337
318
300
329
318
315
307
343
328
302
301
339
319
295
298
349
319
305
295
324
315
312
309
354
339
299
305
340
332
300
311
338
315
303
312
343
329
307
296
340
321
307
293
337
321
306
313
334
315
301
300
336
318
315
295
338
328
299
296
337
328
318
298
335
328
300
316
337
320
304
320
337
316
305
301
347
314
319
304
339
313
299
295
336
318
308
297
333
329
296
310
334
329
313
298
343
333
310
311
325
322
295
298
351
334
295
303
345
322
305
304
341
319
315
306
331
317
308
301
341
322
311
302
328
317
303
299
344
322
311
304
343
321
314
303
338
327
315
300
338
323
305
311
341
318
299
297
342
319
333
294
330
322
293
303
336
325
294
313
341
311
297
292
345
326
298
312
356
323
304
311
360
314
308
305
345
314
318
310
348
324
310
300
347
317
308
311
350
322
307
310
357
322
294
295
322
321
303
300
344
329
313
296
352
320
296
307
334
325
314
301
331
325
305
305
322
329
306
302
329
310
325
291
351
319
309
306
331
317
307
301
334
313
312
293
341
327
308
305
340
317
324
289
349
314
303
298
329
321
307
301
352
314
301
313
345
328
309
293
340
324
307
298
329
318
309
301
328
309
321
299
335
316
292
309
326
318
304
297
319
320
306
302
327
318
311
298
332
313
291
302
347
322
324
308
332
320
311
298
352
322
309
297
336
319
306
304
331
321
310
297
343
304
306
307
342
319
305
302
330
329
316
295
325
316
310
300
332
320
299
313
340
320
299
301
365
327
302
304
339
311
309
296
343
316
302
294
342
322
301
301
322
311
302
291
340
312
304
287
335
312
299
295
323
307
305
291
323
308
315
297
340
304
308
310
340
307
297
295
338
314
310
295
329
316
310
304
332
312
313
301
331
338
300
304
345
326
311
301
336
313
306
299
335
338
309
299
337
321
310
301
329
319
300
299
333
318
304
295
336
323
302
299
337
319
303
305
345
327
303
291
342
316
309
292
330
318
308
301
317
316
301
304
328
331
307
303
333
315
298
302
342
319
305
311
342
315
314
302
336
309
315
290
353
310
322
303
334
312
301
303
343
318
302
305
332
317
300
298
340
310
307
301
344
325
300
288
354
314
307
303
320
324
308
299
327
321
303
308
330
315
304
304
349
312
312
309
325
321
293
297
333
312
311
321
319
324
304
293
323
323
317
301
322
318
312
297
339
315
298
299
329
308
311
304
339
321
304
296
344
312
323
317
332
322
295
303
314
315
324
315
325
320
305
306
331
319
298
301
339
313
302
294
338
318
294
298
345
318
310
320
331
315
308
302
334
325
315
295
345
306
303
297
334
327
299
306
326
312
294
293
338
322
311
304
352
316
313
295
334
323
297
294
341
301
308
311
329
317
311
300
344
320
304
306
346
316
302
298
341
311
312
293
337
320
306
301
335
302
291
294
345
306
295
300
324
323
298
309
333
316
316
315
339
320
302
301
344
321
312
298
338
324
315
311
323
316
297
301
330
315
311
300
342
321
307
299
314
325
311
302
335
339
296
300
345
310
294
297
338
334
302
306
340
326
296
298
333
317
301
307
349
335
303
302
335
317
297
291
329
309
321
298
367
330
300
301
342
315
316
305
339
325
310
310
323
314
323
301
328
313
327
295
324
315
312
297
339
322
307
305
330
321
293
304
335
313
303
298
329
318
306
295
324
321
306
300
334
310
308
296
314
314
320
302
343
314
311
321
328
318
307
302
334
313
311
310
331
318
319
307
340
310
302
310
329
316
310
304
349
311
300
301
347
323
301
305
317
316
302
295
340
316
306
301
336
327
317
300
344
329
306
296
329
310
295
294
337
318
304
311
334
321
302
292
331
308
310
307
350
315
301
303
328
305
311
300
338
321
300
302
319
314
307
301
332
320
296
297
337
322
305
293
335
324
294
301
334
313
303
300
334
322
303
295
321
326
302
299
335
317
312
307
337
313
303
303
335
309
320
310
322
318
295
296
333
315
305
302
331
319
301
292
328
321
305
299
342
329
309
301
331
321
311
300
329
316
323
298
323
311
305
299
337
326
298
295
322
319
299
301
336
308
303
296
329
321
308
307
335
328
301
298
323
315
306
297
334
319
302
300
330
323
305
297
332
321
308
298
319
323
316
301
320
306
320
296
336
327
316
299
338
318
297
310
347
312
313
299
343
311
328
291
331
313
308
297
336
307
305
288
331
314
300
306
338
320
315
292
334
328
315
305
335
329
295
301
336
316
307
295
336
314
311
302
351
307
306
298
320
323
305
304
323
326
303
290
324
315
304
295
323
322
312
305
322
305
313
312
330
313
305
292
351
317
307
307
331
317
305
315
326
316
307
294
322
310
304
305
329
318
312
299
338
324
305
301
322
324
301
300
343
302
301
303
334
318
295
298
342
316
306
299
333
322
304
303
328
320
293
292
334
312
301
303
333
325
304
302
327
317
304
293
340
323
304
301
326
319
312
308
323
308
302
293
339
336
302
291
328
320
311
301
321
320
297
297
330
311
315
307
326
304
314
307
328
328
305
297
329
309
314
304
327
315
315
309
330
315
305
292
337
340
304
289
337
314
313
314
327
311
306
305
331
326
316
301
326
322
303
312
331
314
304
294
331
310
315
300
335
312
318
307
333
308
305
297
325
316
304
303
338
320
314
292
356
314
304
309
329
317
299
302
333
322
298
301
332
308
297
295
324
313
303
312
349
313
300
315
343
308
301
300
331
322
315
304
338
318
301
298
351
315
302
288
334
303
299
308
309
320
306
295
323
312
306
293
336
312
297
311
328
325
304
294
345
312
300
296
349
327
308
305
326
325
304
300
324
319
310
297
342
317
315
303
341
325
304
311
331
320
311
296
332
329
296
301
328
316
309
300
334
317
310
301
344
326
319
307
328
324
314
303
321
315
308
291
330
313
333
301
334
323
302
309
313
313
297
302
326
313
308
303
329
307
301
302
336
317
307
311
328
313
306
312
343
307
307
300
328
317
304
302
328
319
295
303
333
324
318
305
326
321
309
311
322
324
315
302
325
316
301
307
327
312
306
303
328
325
306
310
470
315
293
310
337
314
307
299
322
326
306
305
331
320
310
293
331
314
311
293
324
328
313
298
337
318
307
305
325
323
292
301
340
310
306
301
330
320
302
309
326
318
307
296
327
310
295
295
326
321
302
299
332
314
298
297
344
338
310
298
337
307
297
292
344
318
308
294
315
327
313
299
322
318
306
288
336
314
315
292
338
317
302
305
338
317
297
305
326
320
304
287
323
318
305
304
341
312
302
298
338
322
300
306
344
330
307
299
326
326
302
299
329
309
299
308
334
320
300
298
322
317
293
308
325
314
305
306
318
314
303
294
341
318
310
303
319
308
298
305
334
305
297
292
332
328
294
296
335
325
306
304
330
322
301
303
332
320
310
294
350
310
302
309
319
315
312
305
330
325
318
302
328
318
301
303
333
325
304
298
334
328
306
297
324
321
306
299
327
330
312
290
327
307
302
299
370
330
310
296
337
309
304
303
340
309
313
306
345
320
304
297
337
333
310
288
329
316
300
295
334
309
307
313
339
308
299
311
324
325
311
302
323
305
313
320
340
319
300
306
324
317
314
297
325
306
307
295
310
316
300
307
332
323
300
307
322
314
304
297
332
317
303
306
341
310
303
292
351
316
306
305
332
313
307
296
331
334
307
301
330
322
297
294
353
310
301
297
338
325
305
293
347
318
310
305
323
324
302
295
327
326
294
295
358
310
300
305
319
315
301
294
338
322
294
301
324
324
294
298
323
316
314
294
327
315
300
292
337
333
306
294
331
312
299
292
317
325
312
305
326
327
305
305
331
318
302
298
342
319
310
298
337
332
307
299
329
324
298
301
321
308
307
297
333
313
302
298
334
317
292
297
332
327
299
301
321
334
296
306
335
314
308
295
331
306
303
305
313
327
312
295
338
311
312
299
326
320
295
304
306
316
318
301
327
321
301
294
328
327
303
301
324
311
305
295
342
319
312
294
337
323
315
296
322
325
288
308
329
311
308
292
333
326
297
310
329
309
312
305
331
314
292
292
346
308
315
298
326
319
298
309
338
319
293
306
324
309
291
305
337
323
297
300
332
314
301
298
329
324
310
294
327
313
315
303
329
320
309
297
323
305
300
305
328
314
293
305
323
319
320
310
315
321
301
298
343
323
308
296
341
320
307
301
341
324
320
302
327
310
302
306
325
313
309
313
330
315
314
300
330
318
300
304
332
312
304
304
337
322
305
303
335
315
306
304
327
320
314
299
342
318
311
303
332
322
309
298
323
320
301
297
325
330
292
316
323
321
307
306
323
317
303
294
330
314
301
313
327
309
310
309
340
325
302
305
350
316
301
303
332
317
296
295
329
328
310
310
335
329
308
312
324
314
298
287
346
326
318
311
348
309
310
303
335
326
298
300
331
308
296
308
326
315
295
308
337
317
301
305
344
314
314
300
330
316
309
307
327
339
305
301
335
313
296
295
337
306
302
303
337
325
318
302
346
323
310
296
327
321
331
304
351
325
308
294
338
323
309
304
335
327
304
300
330
314
308
292
348
326
301
310
323
313
311
299
326
316
292
306
340
324
292
299
332
319
299
302
344
318
306
306
334
315
301
294
347
313
316
297
334
318
303
299
336
311
306
295
340
331
300
301
336
324
305
299
340
316
301
292
341
323
292
299
339
314
300
296
333
320
306
306
345
320
302
295
335
326
303
304
344
318
307
304
330
319
300
304
340
320
298
298
343
318
306
302
335
310
307
308
341
313
306
308
347
313
313
293
357
311
306
303
348
314
304
305
334
325
310
296
353
322
301
304
328
308
304
316
341
321
291
298
329
326
296
296
352
313
305
300
335
321
302
306
331
322
308
291
334
326
307
313
323
316
287
302
325
317
314
295
340
334
298
301
333
316
303
303
346
313
305
298
334
324
296
307
348
332
307
300
341
316
300
298
319
325
307
296
324
321
287
308
332
312
292
303
351
315
307
305
341
315
293
318
337
326
311
296
331
322
304
301
326
333
299
302
350
316
319
300
324
313
292
303
352
333
290
304
342
322
304
289
341
317
301
302
346
319
324
294
330
309
300
306
330
319
319
290
343
313
312
302
330
323
301
297
333
319
314
300
334
312
310
303
342
331
298
309
336
325
295
295
328
318
308
305
337
316
294
290
346
323
295
310
332
320
323
301
334
314
309
309
335
324
302
294
345
333
301
303
374
321
297
299
366
319
310
308
354
310
292
304
345
327
301
305
334
311
308
323
328
316
309
302
255
255
255
255
255
255
255
256
349
316
255
255
255
0
0

