;UFOS3
;Measurement details: channel = Z-D, date = 28.08.2020, time = 03:56:07
Exposure=1100
Gain=0
Temperature=21.6
Accummulate=4
2.928958410578286 mu
2.988785501989044 amas
19.462 hs
276 ozone
0 uva
0 uvb
0 uve
[Value]
0
1
-2
-1
0
1
-2
1
6
4
5
4
4
5
4
5
6
3
5
5
4
6
4
5
4
4
4
5
2
3
1
5
5
6
2
1
3
1
5
6
5
3
4
3
5
1
3
4
5
7
4
5
3
3
2
4
4
4
3
3
4
5
5
3
6
4
3
3
5
4
7
5
4
6
7
3
6
3
4
5
5
4
3
5
6
5
5
5
5
5
6
7
2
3
5
5
4
3
5
5
7
3
4
5
5
5
7
1
5
4
5
5
5
3
6
4
5
5
7
6
5
6
4
6
3
3
3
0
3
3
4
5
3
4
4
1
3
3
6
1
5
3
7
2
5
4
3
3
1
5
4
4
7
3
3
4
4
5
5
2
6
2
6
4
5
5
6
2
4
2
4
3
2
6
3
3
3
4
4
4
2
3
5
4
7
6
4
6
5
5
4
3
4
1
3
4
4
2
4
4
6
6
5
3
4
4
6
2
4
5
8
2
3
3
6
3
6
1
3
2
5
4
6
1
4
5
6
3
4
2
5
5
4
5
5
5
6
5
3
4
3
3
0
3
8
4
4
3
3
5
8
6
4
5
4
6
5
4
6
4
6
5
5
5
4
4
2
3
5
4
5
3
4
5
5
5
5
5
5
4
4
3
5
2
4
6
5
2
4
3
5
4
7
3
4
4
3
4
5
4
4
4
3
4
5
6
2
5
2
3
3
6
5
3
6
4
3
7
1
4
3
8
6
3
4
4
2
5
5
4
1
3
4
5
5
7
3
4
7
2
3
5
2
3
5
3
5
5
6
3
4
5
3
3
5
4
3
8
4
4
6
4
2
3
4
5
3
5
4
2
4
5
8
5
2
3
6
5
2
5
6
3
8
6
4
3
6
6
4
6
4
4
3
3
5
2
4
5
4
5
5
4
4
5
4
1
7
7
5
2
4
5
3
5
4
6
3
6
6
6
4
4
4
5
5
4
4
3
3
5
4
6
4
6
3
3
6
5
6
6
2
4
7
-1
6
4
2
3
6
2
7
5
3
3
8
3
3
2
5
4
3
5
4
1
5
3
6
2
5
5
3
3
4
3
4
5
7
2
3
4
7
3
5
4
6
1
5
4
5
1
4
4
5
4
1
3
5
5
3
6
4
6
4
4
0
4
4
5
3
4
4
4
0
5
5
4
5
4
4
3
3
5
6
2
5
3
6
4
5
4
3
4
5
7
7
5
5
6
5
5
6
3
5
6
5
2
3
5
6
3
4
2
5
1
1
2
5
8
3
7
4
5
6
4
5
3
5
5
3
5
4
2
7
3
4
4
4
4
4
6
5
4
5
2
6
6
6
6
4
5
4
6
3
5
6
7
2
4
4
4
6
6
5
4
4
5
6
4
5
3
6
3
4
4
5
6
5
3
4
4
5
6
6
4
7
6
6
3
3
5
1
4
2
6
5
3
5
6
7
7
4
6
4
5
5
4
5
5
4
7
5
5
4
5
6
6
6
5
6
1
7
4
5
7
3
3
4
1
7
3
3
5
5
8
6
5
5
5
6
7
6
2
10
6
8
6
4
2
5
6
6
3
7
5
6
5
8
5
6
8
2
5
7
7
6
6
6
5
4
9
4
6
7
6
8
4
6
5
7
7
8
4
8
7
5
8
5
8
8
7
11
8
8
7
5
9
9
8
5
7
6
8
5
6
7
4
8
7
8
5
11
8
6
5
9
11
8
7
10
8
8
10
8
8
7
10
6
11
9
9
13
8
9
9
11
9
13
10
11
9
11
11
12
11
14
10
11
8
14
14
13
12
11
10
10
13
10
11
10
12
15
10
10
13
12
10
13
13
13
13
14
13
13
10
16
12
15
11
13
14
17
15
12
14
15
19
19
14
17
18
17
20
18
16
19
19
17
20
18
17
20
20
18
21
19
22
21
20
21
23
22
24
21
21
22
21
21
22
22
21
21
22
20
21
22
23
20
22
23
23
20
23
21
21
22
21
20
22
22
20
23
22
25
20
23
22
24
24
27
21
26
26
26
25
24
27
26
26
26
30
26
27
26
28
32
29
27
31
32
33
36
35
37
38
41
36
39
40
43
43
45
47
48
45
48
47
46
50
47
46
45
48
49
49
45
46
48
50
46
51
50
49
47
51
49
50
47
49
51
53
52
54
48
56
55
55
56
55
59
58
59
61
63
65
62
64
69
66
69
72
72
72
67
67
67
70
72
73
68
74
68
71
71
69
68
73
71
75
74
74
76
79
79
85
84
82
87
84
90
93
86
88
87
89
89
90
88
90
85
89
91
89
85
86
90
91
91
92
94
94
91
95
95
99
106
104
110
109
107
107
107
112
108
106
105
104
103
96
95
96
92
95
88
88
90
83
84
83
85
88
83
86
88
88
87
93
96
95
100
99
104
105
107
112
111
112
116
117
119
125
120
125
127
127
131
132
132
132
138
136
140
137
137
140
136
139
140
140
140
137
134
131
131
129
127
119
122
118
114
116
109
113
112
110
112
109
106
109
111
113
116
116
117
120
128
133
135
137
137
146
150
146
146
148
144
147
146
141
145
144
140
143
138
136
136
138
137
134
135
131
133
134
133
137
136
141
143
146
143
150
148
155
157
159
163
164
172
172
170
177
181
180
182
180
189
186
190
193
192
192
190
188
189
191
190
185
185
181
175
176
177
176
172
173
171
169
167
174
175
176
178
180
182
182
187
188
192
190
194
192
195
197
195
200
199
199
198
194
194
191
185
186
179
184
180
179
172
178
170
173
175
175
180
176
178
183
181
180
182
186
195
192
200
196
201
205
215
214
217
220
225
224
225
228
233
235
234
239
244
247
247
250
253
251
252
259
261
265
266
270
266
267
268
263
263
260
256
253
251
252
246
242
248
244
243
240
245
243
237
237
245
239
242
249
251
254
257
261
269
273
278
281
293
298
297
301
303
309
304
312
324
326
321
327
325
322
319
324
323
326
325
330
331
327
323
332
332
334
327
325
328
322
319
316
318
314
316
316
320
317
316
312
315
307
308
306
299
301
293
295
297
291
287
284
289
288
286
283
281
281
275
276
278
274
268
270
276
275
271
277
269
270
273
276
278
280
268
277
282
283
287
295
298
299
306
310
315
319
322
328
336
341
348
352
356
365
369
373
377
381
373
379
378
384
386
390
395
394
394
394
395
393
394
388
389
390
388
380
378
374
368
364
358
354
352
348
345
344
341
337
340
339
335
336
345
342
338
339
343
349
340
347
347
356
351
360
359
359
356
364
364
368
369
373
380
380
377
379
391
391
385
386
391
392
394
389
391
396
393
399
397
395
396
394
396
397
395
388
400
391
394
393
393
394
397
409
408
409
413
411
403
402
394
393
396
385
386
373
382
377
377
369
372
375
364
363
364
361
362
359
356
361
357
362
364
371
368
383
387
391
393
399
395
398
403
406
402
395
395
390
396
387
389
389
398
392
386
394
391
387
390
382
392
392
384
384
393
395
399
403
410
408
400
396
393
384
368
364
351
340
334
324
322
312
308
313
302
300
295
296
295
290
293
294
299
302
304
306
306
311
313
315
315
310
304
301
298
292
280
280
272
272
276
272
272
275
281
287
294
304
302
309
318
315
317
324
324
316
321
321
323
330
331
321
327
329
322
319
320
320
318
322
330
325
329
333
336
340
342
350
356
359
356
361
361
361
356
355
357
349
344
344
349
349
342
344
344
344
345
346
350
350
354
355
357
370
369
379
384
396
401
398
412
412
416
417
422
413
419
410
419
419
416
405
411
404
405
398
390
395
389
391
391
393
393
389
399
398
393
388
390
384
378
380
381
379
379
380
381
378
379
384
388
387
386
397
397
406
404
405
417
421
425
430
429
441
436
434
444
442
444
440
452
443
440
440
441
432
435
436
443
442
449
446
450
456
464
460
466
459
463
456
460
463
461
464
473
465
461
460
457
455
444
439
438
434
421
410
403
397
390
387
378
375
360
352
347
335
330
319
320
313
309
305
310
312
313
316
317
327
334
341
362
367
376
380
391
391
389
398
406
406
411
413
419
422
425
420
424
421
421
418
418
418
408
403
397
386
391
383
382
376
374
370
370
369
363
359
357
358
354
349
362
353
355
357
358
364
370
366
377
380
383
386
392
395
386
388
386
383
380
379
377
379
368
372
361
357
343
340
338
328
328
324
327
319
316
320
322
319
317
331
325
326
328
334
328
334
335
331
341
347
347
346
347
346
351
346
354
345
341
341
337
332
326
325
337
328
328
326
330
324
328
329
326
320
319
311
306
310
307
304
304
312
312
320
323
326
333
340
342
350
351
362
367
364
378
378
390
394
397
405
410
414
414
414
422
422
424
417
417
418
413
412
409
408
402
403
399
392
394
383
389
383
380
373
377
374
374
374
374
372
374
382
391
390
397
400
402
401
402
411
419
418
418
420
418
415
410
404
403
393
387
372
371
360
359
361
361
356
358
363
376
372
374
388
388
390
400
402
410
421
427
437
444
450
458
468
468
471
476
467
469
476
478
478
490
483
486
488
496
500
501
501
504
503
503
499
508
517
511
513
515
523
519
515
520
516
509
514
521
519
521
523
524
527
522
525
530
521
522
520
511
512
499
497
495
495
489
492
498
490
487
480
482
472
465
462
466
459
453
456
461
459
464
467
474
473
478
468
466
456
449
441
435
429
430
425
422
418
407
397
390
379
366
361
351
340
332
325
328
318
320
326
329
334
339
341
339
340
348
347
348
353
356
359
364
362
360
354
342
339
330
323
317
312
304
302
297
292
282
272
267
260
250
245
245
240
245
246
247
239
244
251
265
267
275
275
284
288
288
298
308
319
317
331
338
350
352
360
369
376
381
379
387
390
388
390
400
401
402
403
404
406
410
405
403
402
395
394
395
379
377
373
370
364
362
357
355
343
334
332
320
314
308
306
308
305
305
303
308
303
308
309
311
315
312
318
320
320
324
332
337
337
336
330
329
334
325
325
318
318
317
318
321
320
323
323
323
326
321
326
330
333
348
354
373
379
392
401
413
422
427
428
435
435
424
423
419
415
411
411
408
401
399
387
387
378
378
359
365
362
356
361
366
369
369
380
390
401
410
422
429
434
438
438
449
452
451
455
458
457
455
455
454
453
449
441
439
434
425
422
417
418
408
404
411
406
408
411
421
424
431
437
447
446
463
463
478
486
491
500
513
521
524
532
547
554
549
552
566
570
571
568
573
576
574
574
576
570
575
577
578
573
569
571
573
564
562
556
560
552
544
545
541
539
530
536
540
535
543
540
540
539
538
540
546
542
544
548
539
549
543
540
540
539
534
535
534
528
520
503
508
499
495
490
486
482
478
481
475
471
470
468
471
465
469
460
457
456
457
453
452
454
453
447
451
459
457
464
470
467
466
466
470
475
476
479
483
486
492
491
501
491
492
496
498
501
494
496
500
499
489
493
499
501
502
500
500
491
481
489
478
471
462
458
454
441
433
427
416
405
393
387
383
387
379
373
371
371
376
379
387
398
403
415
422
435
434
441
451
464
467
470
475
482
478
480
471
458
448
439
431
416
404
392
380
378
363
349
351
341
345
348
348
343
351
341
345
344
359
362
378
389
388
393
405
411
411
412
415
405
401
392
389
376
366
353
344
342
331
323
320
313
302
289
285
289
282
285
294
301
302
306
316
324
332
341
348
357
362
370
376
378
378
375
380
381
374
366
353
351
336
325
314
301
300
302
299
298
305
308
316
323
329
339
361
371
378
399
409
423
428
443
445
453
455
461
466
466
464
460
458
452
453
452
449
446
438
435
426
428
425
421
425
427
431
435
447
443
451
456
457
461
457
453
453
453
457
458
472
477
481
487
496
495
503
505
519
521
532
538
551
551
560
561
573
574
582
587
603
598
608
609
617
620
623
623
629
635
640
647
658
653
645
646
654
642
637
633
632
623
623
603
596
587
571
570
567
559
551
551
542
536
519
517
513
508
504
502
505
501
494
496
493
482
480
476
476
468
465
458
457
453
454
459
463
460
466
480
490
498
502
509
519
528
532
533
548
553
555
559
560
567
569
572
569
568
575
572
573
572
562
561
550
549
540
536
528
519
510
504
514
491
478
483
471
462
449
438
428
417
404
395
388
383
383
382
379
381
377
376
374
374
370
355
350
342
332
322
319
317
313
311
310
314
311
303
304
289
288
283
277
270
273
269
269
266
267
271
271
278
270
273
275
269
265
266
263
259
257
252
255
249
256
254
268
275
275
280
286
295
302
308
311
322
324
329
342
353
369
374
381
387
385
400
399
406
394
401
402
397
395
393
395
393
390
390
396
386
384
381
378
374
369
368
367
363
359
354
350
347
333
327
322
313
316
319
323
327
327
332
339
338
343
349
351
358
361
365
373
379
381
392
398
400
396
396
386
383
375
366
359
353
348
340
343
345
344
350
353
354
361
354
360
359
358
361
361
369
375
372
384
379
386
382
381
375
373
370
370
366
368
363
361
360
352
358
359
365
360
365
363
362
357
353
353
355
359
363
377
381
382
382
387
391
398
408
420
419
429
434
444
450
457
468
478
474
486
487
497
495
488
491
496
507
499
495
499
501
499
496
501
499
491
491
481
475
467
477
478
475
476
482
485
484
489
490
494
501
499
506
525
531
545
539
552
554
567
569
582
582
575
582
574
583
575
573
570
570
566
562
557
544
534
530
522
515
507
499
503
496
485
485
483
473
470
464
462
451
444
434
428
423
410
408
400
389
371
360
348
338
319
301
287
271
252
236
224
217
205
190
184
184
176
185
184
182
186
189
195
204
214
222
233
247
256
270
288
293
303
312
322
332
336
348
359
363
374
381
391
400
391
402
406
407
411
418
429
434
441
448
448
456
457
465
470
469
475
472
482
472
467
469
474
465
467
468
469
468
461
460
455
455
446
440
440
432
423
415
406
388
379
373
367
358
344
328
325
308
289
275
259
245
227
217
207
202
194
191
186
179
178
171
176
172
180
181
187
192
199
208
219
228
244
254
271
281
289
306
315
332
339
352
366
371
383
389
397
400
409
412
417
425
423
425
430
428
428
430
429
431
436
430
432
436
431
436
436
431
442
438
440
447
445
451
458
450
452
453
460
454
457
464
464
452
446
445
447
444
443
450
452
451
449
442
448
445
448
447
456
461
460
462
459
453
457
449
450
448
449
451
451
441
440
444
443
438
441
437
439
440
442
441
440
446
446
450
460
468
470
473
478
476
473
472
476
467
473
471
474
473
474
479
473
471
473
475
478
473
480
474
473
475
472
470
473
475
473
480
479
481
481
484
484
477
484
482
484
478
474
470
471
467
459
460
461
450
449
449
441
440
433
437
435
436
432
437
436
442
445
452
459
464
464
470
474
481
483
494
495
489
499
495
498
492
480
464
461
451
445
443
441
434
426
426
431
430
441
432
440
444
432
442
435
444
447
446
469
467
471
477
490
481
478
470
472
470
462
457
456
449
447
445
452
445
446
448
451
445
441
438
432
433
434
426
428
426
421
425
425
423
421
428
420
423
419
415
425
422
423
423
428
424
430
433
444
438
442
439
441
439
443
441
443
438
437
423
424
416
411
407
409
412
415
414
423
420
424
414
426
429
424
422
420
425
418
428
433
428
430
438
440
437
438
439
442
443
440
443
437
443
441
442
441
439
438
443
443
439
440
439
442
429
430
426
419
416
412
408
404
400
398
385
384
376
365
362
358
345
339
328
332
326
314
318
315
312
313
315
315
311
315
316
320
313
323
322
329
331
334
342
338
347
351
349
350
350
352
355
354
351
352
350
353
357
356
353
357
352
355
352
348
345
344
349
350
347
347
339
351
339
338
334
335
329
332
323
326
325
323
321
322
319
314
308
316
311
310
319
311
313
305
304
303
297
296
293
293
285
285
278
281
280
276
278
281
277
276
274
281
278
279
283
286
281
284
286
290
294
290
289
290
291
287
282
285
274
275
270
272
274
266
267
266
264
255
260
261
265
255
256
258
261
258
260
263
263
267
260
259
261
260
255
256
252
248
248
251
244
249
244
247
246
244
245
249
244
241
242
243
250
247
247
252
257
253
252
255
258
251
256
258
258
254
252
257
254
252
256
255
252
248
251
254
245
239
237
241
238
233
227
231
226
226
225
230
225
228
220
223
218
218
215
217
218
213
221
221
220
225
223
227
225
226
222
223
220
219
221
225
222
220
222
221
219
219
213
218
216
212
217
218
216
216
217
216
214
214
213
220
218
222
220
224
222
220
224
225
226
221
222
219
216
215
214
216
213
211
212
212
206
203
203
203
206
205
204
208
209
214
215
219
222
219
129
1
3
-1
1
-1
0
-1
-2
243
248
3
0
-2
0
0

