;UFOS3
;Measurement details: channel = Z, date = 28.08.2020, time = 04:05:51
Exposure=1100
Gain=0
Temperature=21.9
Accummulate=4
2.8040317163290154 mu
2.8784655358099953 amas
20.417 hs
0 ozone
0 uva
0 uvb
0 uve
[Value]
0
258
258
257
257
257
258
259
347
329
288
283
358
320
284
295
359
317
294
289
362
327
313
293
365
337
302
305
367
365
324
310
345
345
303
300
394
348
308
303
356
334
307
310
375
342
319
297
377
343
299
305
374
337
319
308
380
336
314
324
376
330
294
329
369
331
310
312
363
332
310
298
372
330
311
298
365
342
306
309
371
332
320
300
349
324
308
313
367
323
308
305
375
339
299
304
380
333
299
301
346
346
304
300
380
330
315
297
356
338
314
300
364
344
305
318
352
331
315
302
366
335
314
297
360
354
316
317
356
334
313
304
375
340
318
306
370
328
308
299
366
344
311
306
362
343
297
319
372
329
300
305
366
329
319
309
369
338
306
310
392
335
308
310
352
338
313
311
356
331
306
301
374
334
316
302
383
339
311
307
380
329
305
305
359
340
300
302
366
339
310
314
380
342
310
316
360
333
307
297
375
324
309
300
369
344
298
295
367
336
299
312
370
346
314
316
363
326
321
302
385
344
307
315
348
332
310
303
343
337
300
312
380
331
308
306
357
337
313
305
358
343
306
294
357
319
311
307
360
324
316
304
366
330
308
297
352
332
310
303
348
328
316
293
370
320
315
304
361
329
297
311
381
328
302
322
379
337
314
299
370
321
298
317
363
330
299
316
363
341
320
311
385
328
307
320
363
340
308
311
350
335
310
310
358
333
319
305
368
331
304
307
366
343
323
304
380
322
321
305
363
328
296
321
358
335
305
306
365
333
323
314
360
336
320
306
383
340
323
314
371
332
303
300
361
361
306
293
353
328
323
300
353
345
307
317
374
328
301
313
369
328
318
298
358
322
312
306
369
333
308
313
354
339
315
311
368
342
313
295
368
327
307
310
363
325
312
304
362
314
316
302
352
342
315
306
373
339
315
316
371
326
312
300
356
338
303
307
356
348
297
301
369
330
312
300
351
334
303
312
358
346
322
299
359
330
309
314
366
340
310
302
367
333
309
301
361
337
303
303
362
345
318
322
363
327
315
311
358
326
297
317
354
349
305
310
348
337
303
310
359
335
317
318
360
329
309
312
360
331
310
323
357
340
315
312
362
358
310
307
360
329
302
305
362
331
324
304
367
321
315
313
366
330
330
307
360
320
310
297
342
351
314
302
355
343
302
298
358
332
308
305
367
331
325
313
369
333
310
302
363
326
314
312
359
325
311
310
365
332
305
311
355
327
300
306
362
328
310
312
365
339
309
306
353
343
317
306
340
337
314
311
354
337
305
316
362
338
310
310
374
345
311
313
363
336
306
315
371
342
306
305
365
335
298
309
347
323
325
306
362
337
308
313
363
326
322
315
357
335
317
303
365
339
319
306
348
334
302
321
352
331
303
303
354
326
315
315
351
339
308
327
358
332
300
308
357
327
310
317
352
332
314
325
358
328
315
314
355
332
319
326
354
346
317
320
358
329
313
306
376
318
323
310
351
327
312
317
359
327
315
302
350
335
321
309
370
338
308
303
358
325
313
314
369
330
312
314
359
342
304
311
368
334
324
319
364
326
320
318
353
338
303
311
355
333
302
294
354
348
338
319
365
337
309
317
362
325
310
298
364
334
314
311
362
342
326
299
355
329
327
310
355
335
306
321
355
334
320
315
358
336
313
303
357
340
317
323
362
336
325
313
364
339
320
325
366
333
314
314
357
325
326
320
347
329
317
323
363
354
319
304
352
332
324
309
359
335
308
300
379
339
320
306
369
336
311
307
382
344
318
323
360
336
329
324
370
337
309
309
366
337
338
314
364
338
329
319
371
327
310
320
378
337
328
313
348
328
326
333
365
336
346
327
358
344
324
322
364
339
324
309
367
343
326
314
368
345
335
319
368
354
337
317
371
350
327
322
365
336
340
317
389
353
334
323
362
346
321
325
373
354
355
336
368
346
326
329
378
358
319
316
376
352
321
329
383
358
331
333
375
354
327
331
370
356
332
337
379
362
343
335
371
362
336
337
383
354
324
328
385
346
325
325
383
365
329
328
392
364
340
332
370
349
351
331
387
360
335
330
378
349
349
337
394
366
343
332
377
372
355
339
397
363
346
339
395
386
357
362
411
388
376
357
386
374
357
362
407
377
355
356
407
376
353
365
430
392
359
349
403
384
347
374
412
377
376
358
430
382
366
353
426
400
376
366
424
371
376
369
420
398
376
372
429
393
378
382
428
410
392
385
427
403
399
377
429
406
381
390
419
408
381
383
413
411
382
387
434
406
385
393
425
428
407
408
451
421
410
408
442
419
408
396
455
415
413
396
448
436
414
417
453
418
408
414
438
438
420
426
457
431
413
412
465
442
424
417
451
445
422
445
468
450
434
423
466
434
406
406
443
426
421
402
445
419
403
403
443
424
407
385
438
427
407
405
449
435
413
412
453
442
422
414
489
438
426
417
478
470
432
440
478
464
456
445
485
467
474
451
509
473
470
449
525
486
468
455
507
463
460
451
484
479
456
425
482
443
437
428
473
471
433
421
466
436
420
439
464
448
434
431
468
459
461
452
487
483
447
474
519
476
478
465
533
502
475
463
510
486
465
470
487
471
455
455
499
482
462
444
486
460
460
452
488
467
453
462
510
501
465
466
507
508
483
470
515
511
485
500
536
547
509
496
541
514
526
502
563
543
504
497
545
520
510
506
536
507
497
493
529
512
497
494
532
510
486
484
537
500
489
498
539
535
498
519
557
522
528
509
563
538
519
526
558
534
508
508
549
535
507
506
535
511
498
490
532
509
491
491
541
511
497
489
538
527
507
503
557
530
526
514
576
538
525
525
586
536
539
548
598
566
530
555
593
590
567
552
600
592
575
561
597
580
571
582
634
595
597
589
641
612
589
583
624
587
582
589
599
595
562
563
609
589
573
562
609
585
561
553
616
596
570
576
611
595
607
575
634
621
612
614
672
645
637
620
675
655
638
632
694
670
649
654
704
660
642
639
699
672
650
659
686
661
651
671
692
687
670
651
683
667
637
641
679
666
634
653
707
663
637
635
680
644
630
638
654
651
620
634
659
651
633
607
635
626
630
614
651
632
599
600
634
614
585
587
645
614
600
589
616
606
605
600
651
637
599
604
647
642
612
624
652
637
625
643
680
672
649
648
698
684
675
668
716
713
697
712
731
714
702
707
740
728
728
710
755
748
723
715
755
743
735
718
752
742
709
724
743
720
700
711
727
693
680
675
717
682
682
664
702
668
658
653
698
691
673
664
706
699
666
682
705
708
693
675
727
718
691
696
712
713
683
695
757
741
694
705
761
737
718
719
759
735
734
728
749
738
722
726
765
749
727
725
744
741
723
718
766
739
725
722
768
749
742
732
776
761
749
734
765
753
728
731
759
730
704
697
746
718
734
693
722
720
680
690
723
716
679
699
719
685
676
675
729
715
692
711
767
741
724
734
792
743
729
732
776
736
738
727
767
737
726
720
765
733
724
724
766
731
719
725
771
736
709
711
739
742
722
726
781
764
745
715
774
721
687
685
712
685
666
649
669
661
637
633
637
644
621
615
646
621
638
601
675
642
631
630
657
652
643
636
671
643
635
608
658
633
609
608
638
609
614
583
645
611
605
602
646
640
629
631
686
647
638
654
682
671
653
639
688
674
657
643
679
669
650
645
666
650
664
644
678
662
640
663
683
680
671
667
692
700
689
691
713
701
694
670
712
689
657
672
719
690
688
667
694
684
678
668
727
694
682
676
719
710
701
699
739
741
733
726
779
739
744
752
781
764
747
738
773
771
752
728
761
745
736
725
752
743
707
725
754
735
712
713
786
748
719
715
749
717
713
697
747
718
706
694
747
727
704
705
732
721
719
711
762
740
726
717
779
759
743
747
783
772
768
754
796
779
784
768
814
772
769
774
806
761
753
758
805
784
788
766
805
797
800
791
822
798
802
785
819
823
783
795
844
816
807
789
823
795
783
765
800
802
758
731
770
742
728
708
724
716
680
675
703
675
651
632
675
661
634
630
667
647
634
643
682
675
662
650
722
707
705
694
736
729
723
719
740
747
731
742
769
781
754
749
786
759
741
740
787
759
733
737
765
731
727
710
744
708
709
683
748
693
709
686
712
690
678
675
723
694
678
686
712
707
685
694
734
709
712
713
759
742
709
691
762
716
712
698
718
725
699
689
707
701
672
670
687
666
657
654
700
655
654
652
663
663
632
644
680
659
656
673
666
683
658
656
687
688
685
666
686
682
679
660
708
684
664
660
685
663
659
653
695
671
652
634
696
651
670
663
674
665
631
637
637
639
652
641
652
648
638
644
675
670
648
658
700
679
671
673
724
710
690
698
754
732
728
752
765
745
748
747
776
766
761
735
788
745
738
728
765
761
732
732
754
725
708
697
742
724
713
702
752
716
709
694
730
720
699
699
751
716
727
743
757
742
740
727
781
761
742
755
791
759
735
730
771
727
721
687
729
704
687
682
712
676
664
678
738
702
686
706
736
740
715
729
765
759
768
775
810
799
785
790
835
818
817
791
842
820
818
824
833
833
812
821
857
842
838
827
876
852
836
827
850
864
847
838
880
887
842
843
891
853
834
831
880
871
849
857
894
881
851
853
886
874
846
854
896
876
832
830
863
841
818
808
849
824
836
799
874
829
792
786
833
797
800
790
832
812
800
810
823
814
830
793
817
793
804
763
784
769
762
744
784
763
739
726
742
727
679
686
710
675
654
642
675
666
648
644
674
676
663
659
697
674
671
661
682
685
696
682
724
701
690
697
698
676
659
649
671
647
636
633
648
628
620
598
628
592
569
573
593
576
571
565
610
572
557
569
628
607
590
603
617
627
611
610
665
650
647
649
699
696
691
682
738
724
705
697
740
725
708
708
759
746
727
738
765
753
732
720
759
730
731
724
770
718
701
697
720
689
690
676
717
687
657
653
661
646
635
628
661
651
620
624
669
649
632
617
668
657
626
638
671
656
651
648
687
677
655
649
669
676
644
638
679
657
652
645
677
657
644
649
680
651
659
658
672
675
658
670
724
719
720
723
763
766
754
749
785
772
755
739
786
769
741
729
761
745
731
712
733
718
717
685
708
694
687
682
726
716
691
701
734
742
737
744
784
765
764
757
794
797
788
791
816
807
770
772
800
792
780
761
802
772
748
741
768
759
738
725
760
745
736
728
761
768
774
765
794
781
801
780
836
837
837
826
881
861
845
870
922
880
899
883
936
905
931
891
928
911
911
896
943
903
903
889
937
915
895
900
935
914
907
872
915
913
893
875
906
897
855
867
899
884
878
859
906
882
875
867
922
876
884
870
891
898
874
870
890
898
864
848
885
869
844
827
848
848
826
819
834
813
815
819
829
809
797
779
851
800
796
793
814
800
782
798
803
791
783
765
800
787
786
793
820
815
801
788
830
824
802
805
831
840
814
818
868
829
825
829
859
850
815
823
873
836
824
818
855
844
829
833
856
838
804
802
834
806
787
781
813
786
762
750
768
746
720
704
749
725
698
699
719
716
711
707
731
726
722
726
793
793
765
757
806
809
800
795
821
828
796
796
827
789
789
772
777
740
738
720
728
723
686
667
700
673
673
668
690
682
685
675
700
683
680
677
734
750
716
703
761
746
749
751
765
735
727
721
740
726
701
673
691
683
649
657
667
644
625
606
637
616
619
604
648
623
635
631
665
651
659
655
698
691
689
695
736
717
712
683
754
711
693
700
707
685
655
649
670
649
618
617
649
623
620
623
661
650
650
674
726
699
700
733
776
749
751
764
800
801
794
786
836
808
790
784
839
796
782
760
811
772
760
766
761
765
751
739
774
766
762
754
807
775
772
789
809
806
785
775
826
790
781
777
841
826
806
823
845
848
828
832
867
866
864
862
922
902
904
895
933
925
915
932
955
945
947
932
973
977
944
945
989
980
981
970
1020
991
984
979
1021
1000
986
971
989
978
968
937
941
924
912
883
921
900
920
876
902
885
846
850
849
848
832
839
856
840
830
831
849
817
807
799
836
808
791
795
809
788
783
793
835
790
797
800
838
839
830
835
875
873
845
863
902
904
903
886
914
911
901
903
913
917
922
898
922
914
889
888
901
882
873
862
878
874
840
842
1002
831
800
815
832
805
782
758
777
774
733
721
740
725
714
696
731
713
707
685
720
718
697
679
704
679
653
647
663
658
622
625
670
639
631
623
651
628
605
604
620
608
593
583
612
592
579
578
614
609
588
587
623
599
580
577
624
619
585
568
611
569
570
567
629
607
602
591
617
644
637
620
649
653
647
635
697
688
701
686
742
728
708
723
752
737
710
722
744
738
720
703
741
737
721
714
764
715
705
700
737
716
691
696
732
711
687
675
693
686
654
642
672
644
632
647
676
669
645
648
675
675
659
676
697
689
686
688
712
716
708
709
762
740
727
717
729
706
689
690
714
679
662
652
696
689
663
665
708
699
681
678
713
704
682
679
712
705
701
686
750
712
701
715
716
709
705
692
720
707
709
683
712
692
674
682
712
710
688
675
717
707
682
672
698
700
687
687
718
732
719
693
734
721
721
726
811
771
759
750
806
782
784
791
840
809
825
816
865
832
817
810
855
859
831
810
849
845
819
819
860
829
821
828
845
802
789
813
828
825
811
811
831
815
824
838
862
846
831
845
877
877
877
861
901
884
901
896
914
926
902
911
940
927
900
905
923
912
896
881
917
887
860
861
895
853
836
818
882
834
824
813
840
814
804
782
813
810
776
761
778
766
729
722
770
717
692
671
706
683
639
616
653
605
580
559
567
555
519
502
527
522
485
487
534
506
495
509
527
532
533
531
589
582
564
588
623
636
613
623
661
663
677
655
701
698
686
691
748
754
722
713
756
739
733
730
766
783
777
773
796
805
780
790
821
820
801
788
840
809
800
789
835
828
804
782
817
813
785
785
803
784
775
761
794
761
745
728
762
730
694
694
717
707
661
650
662
662
598
600
615
576
550
527
555
519
510
510
510
524
502
478
528
502
505
488
522
524
507
526
534
561
575
568
614
612
608
615
665
678
659
673
702
700
703
703
758
742
740
723
772
765
762
733
773
774
740
759
779
762
760
745
791
785
745
766
790
761
776
767
793
782
762
761
819
780
795
775
806
795
775
797
822
794
764
778
792
773
749
779
811
795
765
765
798
783
775
766
808
804
793
767
805
794
789
772
804
791
775
763
793
769
761
768
786
777
756
768
787
784
780
776
782
788
769
772
828
812
792
784
840
817
801
795
839
820
814
795
818
811
796
802
812
813
804
806
830
811
812
796
831
816
796
799
830
809
803
803
839
828
811
811
841
824
811
809
832
822
813
793
836
808
793
788
816
799
786
764
791
786
760
754
782
784
749
775
781
785
769
781
805
801
790
788
829
819
805
825
847
824
832
828
860
838
807
796
837
790
769
764
796
775
754
746
780
783
765
763
794
788
763
769
785
777
765
760
831
818
817
807
860
806
811
794
830
818
779
780
813
779
765
778
792
786
763
781
811
785
770
767
802
766
766
750
772
759
755
756
777
782
747
746
774
753
735
734
779
744
749
755
783
774
767
757
809
778
764
751
792
785
797
763
811
784
761
743
781
761
745
732
765
757
737
737
772
755
751
728
798
774
748
751
765
758
754
746
774
770
744
760
797
782
752
761
794
777
760
761
804
777
768
770
793
770
759
751
809
776
780
747
793
775
750
744
771
746
732
721
760
750
711
710
740
721
693
679
718
679
656
641
690
664
625
631
675
649
629
629
660
649
638
639
686
654
639
634
682
679
656
663
707
685
675
672
695
686
666
675
713
693
668
673
717
687
679
671
710
679
676
677
713
677
670
677
711
677
677
653
723
666
659
655
703
662
652
653
675
670
646
630
694
657
635
634
662
638
634
646
670
650
610
621
644
639
606
603
657
616
601
594
632
619
593
601
628
619
604
585
627
624
600
609
617
610
587
608
631
627
622
601
647
643
598
598
628
608
590
588
637
598
584
578
617
601
564
585
624
607
581
572
617
592
576
571
596
604
585
572
599
598
555
580
598
578
556
566
614
568
573
563
600
578
547
579
597
587
571
557
592
583
566
565
594
603
571
570
621
588
586
569
592
587
560
575
626
604
550
571
611
588
567
548
605
577
555
553
600
569
572
539
570
545
537
543
564
562
559
523
576
544
543
532
559
553
531
530
561
554
550
532
578
549
545
539
578
570
534
547
576
562
527
528
564
549
545
534
567
543
523
517
579
549
523
543
557
551
555
533
568
548
546
546
570
563
537
529
587
581
543
538
612
552
527
527
600
542
538
531
580
531
507
520
567
540
517
524
554
529
534
552
562
556
538
441
257
258
257
258
258
258
257
260
612
581
257
258
257
0
0

