;UFOS3
;Measurement details: channel = S-D, date = 28.08.2020, time = 04:47:20
Exposure=1100
Gain=0
Temperature=23.2
Accummulate=4
2.3946958216201804 mu
2.4368280643102707 amas
24.288 hs
0 ozone
14469 uva
340 uvb
150 uve
[Value]
0
0
0
1
1
1
1
0
4
4
3
5
6
5
7
4
5
5
4
6
7
4
3
7
4
4
5
6
6
4
4
5
5
4
6
3
3
5
3
5
6
5
5
7
5
4
5
5
4
4
6
6
3
6
2
3
3
3
4
2
4
6
7
3
6
3
6
6
6
4
7
4
2
8
6
3
5
4
8
3
3
4
4
7
8
1
4
2
8
5
6
3
5
4
8
7
2
6
6
4
8
3
3
4
6
7
3
7
8
5
2
4
6
5
4
3
5
3
7
4
6
4
4
6
7
5
6
5
5
4
4
3
6
3
6
5
4
2
7
1
7
7
3
4
5
4
6
6
8
5
5
4
4
1
5
4
5
2
1
5
7
6
4
5
7
3
3
8
6
4
3
5
6
3
3
3
1
3
4
4
4
6
2
5
4
4
7
4
2
5
8
-1
1
2
3
2
9
5
4
7
5
4
6
7
4
4
6
2
0
7
4
6
4
2
3
3
4
3
3
5
1
2
3
3
9
5
6
3
4
3
8
4
2
7
4
4
7
4
4
4
6
3
2
6
5
4
5
3
6
4
3
5
3
5
2
6
3
4
6
5
7
6
3
6
5
7
4
5
4
5
6
6
6
4
5
3
4
2
3
6
5
3
5
4
2
4
4
4
4
2
6
3
4
6
5
2
3
5
5
5
4
4
5
6
1
6
5
5
7
3
6
4
7
5
5
3
6
4
4
7
4
5
5
3
6
2
4
6
4
2
4
4
5
2
4
8
2
3
3
2
4
3
3
5
4
3
5
9
4
3
3
4
8
3
4
5
2
2
5
2
5
4
3
5
3
5
6
5
5
4
4
2
2
0
5
2
5
4
7
1
2
6
6
4
5
5
6
4
3
6
3
4
5
3
5
2
3
4
2
4
5
5
5
6
3
5
5
1
4
4
2
5
4
5
3
4
7
0
7
2
5
4
5
4
6
2
6
5
5
5
6
4
4
4
3
5
7
4
6
6
4
3
5
3
3
4
3
4
3
4
4
5
6
5
7
4
8
4
6
5
4
3
4
2
4
5
6
5
5
3
3
2
4
4
6
3
3
2
6
6
4
4
4
5
4
4
3
8
7
4
2
2
6
5
5
5
4
4
8
7
5
1
4
2
6
4
4
5
6
6
4
6
6
5
5
4
7
5
5
5
2
2
4
7
2
2
5
5
5
5
5
5
5
7
7
4
4
5
5
4
5
1
6
3
5
4
6
2
8
4
4
4
5
5
4
4
4
6
4
4
3
4
5
4
5
4
8
4
3
5
2
5
3
4
3
1
5
6
4
5
3
6
6
3
3
5
2
5
4
4
3
7
3
7
6
5
5
4
7
8
3
3
6
5
4
4
4
3
4
4
0
2
6
4
5
3
6
6
5
3
7
6
4
1
6
4
6
0
5
4
6
5
7
2
4
2
5
2
2
7
4
4
1
4
7
4
7
4
3
6
7
5
4
0
1
5
5
6
7
2
5
6
3
4
1
4
2
4
5
6
9
3
5
4
5
4
7
5
3
6
6
2
3
6
7
8
6
9
8
7
5
4
5
5
7
5
4
8
8
7
8
5
4
6
6
5
7
8
4
7
5
6
8
6
5
7
0
6
8
8
8
6
4
5
5
6
7
5
6
4
6
6
5
6
5
2
6
9
7
6
5
5
7
9
8
7
4
7
7
5
6
7
8
8
6
5
8
9
11
6
6
7
6
7
9
7
7
12
8
8
9
8
8
7
8
9
8
9
9
10
8
9
8
8
10
8
8
9
9
9
10
8
10
9
9
11
10
10
9
10
10
12
11
10
14
7
11
9
11
10
11
11
11
13
10
11
12
9
7
11
12
7
8
13
12
13
12
12
13
12
10
11
12
15
8
12
14
13
11
9
13
11
11
11
11
11
11
13
12
10
8
12
11
15
11
12
10
10
14
13
12
13
13
14
14
12
12
11
12
12
15
11
15
16
16
13
16
14
15
15
16
16
18
15
16
19
18
20
21
18
22
20
20
22
20
23
24
20
22
20
21
23
22
21
22
22
20
22
23
25
26
21
22
24
22
21
24
23
22
19
28
21
23
21
25
24
24
23
25
27
24
24
23
26
30
25
30
27
26
30
28
28
25
31
30
30
30
29
31
30
30
31
32
33
29
30
30
31
32
32
31
36
34
34
33
35
36
37
35
37
37
33
37
36
36
37
36
35
34
37
38
36
34
37
36
37
39
35
38
40
40
38
41
36
41
41
41
44
43
43
47
46
47
43
44
44
41
42
40
39
40
38
37
39
38
36
34
35
33
35
35
34
34
35
37
37
35
37
37
40
41
42
46
39
43
41
45
47
49
46
49
48
52
49
53
51
50
54
51
50
53
52
56
54
56
56
54
58
57
57
52
50
52
52
48
47
48
49
45
44
45
47
45
47
44
41
43
41
45
43
48
44
45
49
50
50
50
55
54
55
56
56
58
56
60
55
54
55
57
55
56
54
54
51
53
52
49
54
54
51
54
49
52
54
56
56
55
58
55
57
56
57
59
64
64
67
68
64
66
63
70
72
69
69
69
70
71
70
73
72
73
71
70
72
68
70
70
68
70
66
66
62
64
65
64
63
63
69
63
68
66
70
66
70
73
69
76
69
73
76
76
73
73
75
75
73
74
73
72
72
74
71
73
71
67
68
68
66
67
67
65
65
66
67
67
70
72
65
67
68
71
69
73
74
75
76
75
77
80
81
77
81
84
83
89
82
89
86
86
88
93
93
94
96
94
95
98
98
98
97
103
98
101
101
98
98
96
94
92
93
98
94
92
95
92
93
94
95
92
93
90
93
94
94
92
97
98
97
103
102
105
102
109
111
115
111
115
116
118
117
117
119
122
124
121
120
126
121
122
124
125
126
122
122
125
125
121
119
121
122
120
122
121
125
118
120
116
116
115
117
121
119
116
116
117
115
114
112
114
112
107
110
110
108
109
108
108
107
111
105
105
103
105
104
106
104
104
105
106
105
105
101
102
102
104
103
101
101
107
108
111
113
111
110
113
110
111
119
117
122
119
127
129
124
131
131
138
137
137
141
141
141
138
141
142
146
146
147
144
150
143
144
147
145
142
144
147
145
141
142
138
137
137
130
135
131
129
131
127
125
125
127
128
125
127
126
127
128
125
128
126
129
128
132
132
139
133
134
138
135
135
142
135
140
134
142
140
142
145
146
145
144
142
145
145
147
146
147
146
150
146
148
146
151
145
150
149
153
144
147
144
148
145
148
153
156
150
152
153
150
153
154
152
152
148
147
142
146
143
141
140
141
142
141
137
140
138
138
144
140
136
134
140
133
138
138
142
145
142
149
151
152
152
154
152
153
151
152
154
153
151
146
148
150
148
152
152
150
149
152
149
145
144
145
151
152
149
151
155
156
154
160
161
159
153
149
146
142
140
135
133
125
122
122
120
122
115
117
122
118
115
117
118
115
113
117
115
119
120
118
118
120
120
119
122
115
112
118
110
109
110
106
105
108
105
107
107
110
111
115
117
116
123
119
127
125
121
128
124
126
126
127
130
128
128
126
126
123
124
127
124
128
128
130
125
130
132
129
137
135
136
140
141
140
139
143
143
140
139
135
137
138
138
133
132
135
133
131
136
136
136
136
137
137
138
143
142
143
146
149
156
157
156
159
165
165
165
162
162
160
160
167
163
163
156
160
158
154
156
152
151
154
149
152
156
153
151
151
157
154
152
151
149
145
152
146
146
151
145
148
148
149
151
151
148
157
155
155
158
161
158
166
167
171
167
168
175
175
173
171
177
172
172
171
174
173
168
174
172
173
169
170
173
173
173
182
182
181
182
178
181
180
179
179
180
183
180
188
179
183
182
183
179
179
176
176
176
164
160
159
154
156
151
150
146
142
141
135
129
130
129
124
125
127
122
124
125
127
125
131
132
135
139
144
148
153
154
156
157
160
160
157
161
164
165
169
166
172
169
169
174
172
171
168
163
162
162
156
156
159
156
151
153
151
148
148
147
148
146
147
143
149
144
141
144
147
143
149
149
149
149
154
157
157
159
161
161
161
159
157
159
153
152
152
157
152
150
148
147
142
136
137
140
132
136
135
136
132
129
127
130
132
133
133
135
134
135
135
139
136
145
142
143
140
143
140
143
145
139
142
142
141
139
138
139
135
138
135
134
136
133
133
135
132
138
138
127
131
128
126
129
125
120
124
128
127
132
132
138
136
139
141
143
147
143
152
150
157
159
160
165
167
169
171
170
171
170
174
172
174
173
172
171
175
170
168
168
169
169
166
165
155
162
159
156
157
153
156
156
153
153
157
155
154
159
161
168
166
170
167
165
168
165
173
170
178
168
172
173
166
170
165
162
158
157
155
149
151
146
146
149
153
147
150
158
156
156
160
159
162
162
169
177
178
180
188
188
190
190
198
197
198
195
192
198
198
196
202
203
203
203
203
216
208
204
208
209
211
211
212
213
212
220
215
212
218
212
220
216
218
216
210
218
218
219
222
222
220
223
221
218
221
218
219
216
210
211
209
205
213
207
207
205
206
198
198
195
196
195
194
196
189
191
191
195
197
195
198
204
200
195
195
197
194
185
183
182
183
182
177
181
172
173
163
160
159
155
148
148
139
140
137
139
136
142
142
143
144
148
148
150
149
149
146
156
156
154
159
153
156
154
152
145
146
139
137
135
134
132
132
128
122
116
117
114
108
107
105
105
109
101
105
102
107
112
113
116
120
123
125
129
129
131
133
139
140
143
146
151
158
163
164
162
164
169
172
172
172
173
176
174
180
176
182
178
178
177
173
178
175
173
169
169
167
160
158
158
162
159
155
151
150
143
139
136
133
132
132
136
134
136
137
131
141
137
135
135
136
137
142
144
146
143
148
149
144
144
147
150
143
142
143
141
138
140
137
148
144
144
144
143
144
146
147
150
156
152
162
169
174
178
182
189
194
187
191
186
188
182
182
181
184
177
178
177
173
170
171
168
165
161
161
161
158
154
159
162
163
168
177
181
187
185
194
190
192
196
195
204
205
205
201
200
203
200
203
198
197
199
190
194
187
185
181
184
183
182
181
177
181
182
190
187
187
195
198
199
204
208
208
215
221
222
227
234
236
237
240
251
251
249
253
256
258
252
259
263
262
258
259
260
259
262
257
256
253
259
256
261
255
251
249
255
247
242
242
243
240
239
244
245
244
246
243
249
247
243
240
250
248
252
244
244
245
242
250
251
245
247
235
240
232
235
232
228
226
220
219
216
220
218
214
217
218
217
213
215
211
214
209
207
212
209
207
209
211
212
206
214
214
212
212
213
214
219
218
219
219
225
226
225
228
234
227
235
232
232
231
235
230
232
234
231
228
228
227
235
232
234
234
231
232
229
223
222
224
214
209
207
205
197
194
192
186
181
178
180
173
176
174
174
175
180
181
186
189
194
199
206
205
205
211
217
225
222
227
226
229
225
220
218
212
206
201
199
190
186
181
173
171
168
165
164
164
161
165
169
163
165
164
166
170
177
184
186
186
185
189
194
197
197
197
195
189
186
187
179
172
171
159
162
159
154
148
149
145
145
136
138
139
136
137
140
144
146
148
159
159
165
166
173
176
177
181
180
180
179
183
184
180
174
172
170
162
158
154
148
143
145
146
144
148
152
153
152
159
165
174
177
184
191
197
207
209
219
216
225
222
225
227
226
228
225
226
224
222
220
219
219
212
211
203
205
203
203
206
212
209
209
215
218
216
221
223
219
223
220
221
226
223
227
224
233
232
239
239
243
247
246
253
252
261
265
268
275
275
272
278
286
282
289
296
295
303
299
306
309
304
307
306
315
317
323
324
324
328
318
323
323
320
318
312
306
308
301
297
293
285
282
279
282
272
274
264
267
266
255
249
253
252
252
248
255
248
246
243
246
243
240
234
236
231
232
224
226
223
226
230
236
238
246
243
246
255
256
264
265
267
270
274
280
278
282
286
285
284
284
289
293
295
291
291
288
283
284
283
283
275
272
267
260
257
256
252
257
249
239
239
237
236
227
223
212
205
202
199
194
196
196
198
199
196
191
198
193
189
187
179
173
171
171
166
172
161
160
164
164
164
160
156
152
152
148
145
141
144
141
140
140
141
145
142
139
146
142
141
141
136
141
135
135
134
130
131
133
132
136
141
145
148
151
157
156
161
160
166
172
175
175
182
187
197
199
206
207
209
212
211
212
218
214
210
213
213
214
213
211
207
208
206
208
207
208
199
199
199
194
197
195
193
191
188
184
180
172
172
174
172
175
172
174
178
179
180
177
188
186
186
193
190
199
198
208
206
210
213
219
217
212
213
210
208
196
193
193
187
188
188
195
192
192
194
194
196
194
195
195
196
199
195
197
197
201
206
207
209
210
203
204
202
200
202
201
198
198
194
201
198
193
195
200
201
195
197
200
197
190
192
195
200
199
203
214
212
210
215
217
221
221
226
234
237
242
245
253
256
259
263
271
276
272
270
274
276
278
278
277
278
274
273
277
278
278
275
278
278
273
263
270
263
265
264
265
264
269
270
281
272
275
275
280
280
288
291
296
302
300
305
314
321
320
324
326
323
327
327
329
318
319
327
325
322
318
313
310
303
299
299
294
287
283
283
278
276
278
267
274
265
264
260
257
254
246
244
238
233
229
228
226
211
208
200
192
186
171
158
152
142
133
127
124
114
111
105
100
97
103
98
99
102
104
111
114
122
123
131
136
146
154
159
171
176
179
188
189
193
201
204
212
217
221
222
228
232
228
233
246
246
242
249
260
258
266
261
267
272
269
276
279
284
278
278
280
279
277
275
277
274
275
275
275
276
278
273
269
265
256
257
254
251
243
238
228
230
218
215
212
203
200
191
180
171
160
152
144
137
130
121
116
114
110
103
105
105
100
105
101
99
107
106
112
119
119
127
134
144
150
155
168
175
181
190
198
201
213
218
227
224
236
242
239
250
250
249
254
249
258
256
266
263
262
262
260
268
265
268
265
258
262
259
265
269
266
270
272
275
277
274
276
278
277
273
280
283
279
279
278
281
274
273
274
275
274
276
268
273
272
273
275
276
277
278
276
282
281
275
281
278
278
272
277
275
275
273
278
268
269
271
270
273
272
271
277
273
276
272
281
275
281
286
286
294
288
293
294
290
299
288
292
289
290
295
290
291
292
294
293
290
297
292
295
296
296
296
297
300
293
298
297
296
297
300
305
301
297
299
305
305
305
300
300
299
297
301
296
289
288
287
285
281
283
287
281
279
277
273
275
274
277
275
281
286
286
289
294
296
295
300
301
305
311
312
313
318
313
318
309
305
304
287
285
283
280
278
277
278
270
274
273
279
277
276
278
280
280
281
285
293
291
298
300
300
314
310
310
312
311
305
308
303
300
292
296
289
292
289
291
291
294
293
292
287
285
286
279
278
278
275
281
276
282
281
281
276
276
275
279
280
278
280
279
276
281
280
282
283
286
291
295
290
292
291
293
291
291
291
287
288
282
281
279
275
275
276
277
273
277
275
280
285
283
280
281
285
287
281
283
282
285
284
294
295
298
292
300
298
297
300
300
300
303
300
300
300
296
298
302
294
303
298
310
307
300
295
297
300
291
283
288
282
277
277
272
270
262
261
260
253
252
244
240
230
228
223
221
221
217
216
215
213
214
213
219
217
217
215
220
221
221
224
232
237
234
237
242
241
241
241
248
242
246
241
248
245
248
249
247
249
246
247
249
249
250
247
248
248
244
247
243
244
240
239
241
241
239
236
233
236
230
229
234
232
226
223
230
226
224
221
222
220
221
218
217
214
215
210
212
210
208
205
207
204
199
198
200
196
196
197
202
202
198
199
201
200
199
203
199
200
206
207
212
211
207
205
204
203
200
199
203
197
193
194
190
195
190
189
189
188
187
185
186
185
184
184
189
183
185
186
189
188
188
188
187
185
182
181
180
182
179
176
179
176
175
177
179
175
174
177
177
179
179
177
177
174
177
183
182
183
183
185
182
183
184
185
187
183
185
187
186
183
186
186
186
182
182
182
182
175
180
171
173
172
170
167
163
167
165
162
165
164
161
161
160
162
161
157
162
161
156
165
164
163
164
162
169
164
167
166
169
168
169
165
162
161
165
166
161
161
162
158
163
156
160
163
161
160
162
158
161
162
165
163
168
162
162
166
166
168
167
167
169
166
165
166
163
162
160
160
159
159
155
152
158
150
152
151
144
148
151
150
151
149
150
151
154
161
156
158
160
165
161
165
169
167
166
165
169
172
172
177
177
174
173
174
177
175
174
176
171
176
176
174
174
177
161
96
-2
-1
0
1
2
-1
1
0
180
178
-2
0
2
0
0

