;UFOS3
;Measurement details: channel = D, date = 28.08.2020, time = 05:07:17
Exposure=1100
Gain=0
Temperature=24.0
Accummulate=4
2.2512382605234262 mu
2.2846914070599884 amas
26.007 hs
0 ozone
0 uva
0 uvb
0 uve
[Value]
0
265
265
266
265
265
267
266
360
339
296
291
366
327
289
304
367
327
301
299
375
338
328
301
381
349
311
318
381
387
341
323
356
360
312
311
410
361
321
316
367
350
321
323
389
359
335
308
392
358
312
318
387
352
334
321
394
350
331
341
388
341
307
347
379
346
319
327
376
346
323
310
389
345
323
310
375
354
319
325
389
343
332
311
362
338
320
333
382
339
322
319
389
359
310
315
394
345
313
313
355
356
315
313
390
340
325
309
370
351
329
309
373
358
316
332
369
345
327
317
374
348
330
308
374
369
329
331
368
348
328
315
390
359
334
318
384
341
321
308
380
354
324
315
375
358
306
335
387
344
311
316
381
340
331
323
378
351
314
323
407
347
319
322
363
350
326
324
369
343
319
314
390
348
329
317
400
355
322
322
396
342
318
315
372
353
310
315
380
351
322
329
397
358
320
333
372
345
317
309
392
335
322
313
383
359
308
308
382
348
309
328
382
359
330
334
378
340
333
314
397
358
319
332
359
344
320
320
355
352
310
324
397
343
320
321
368
353
327
322
370
360
319
304
372
330
326
324
378
335
333
318
378
343
319
306
367
347
322
317
355
341
333
304
386
333
331
314
377
341
306
325
399
339
313
339
392
352
327
310
382
331
308
332
379
343
307
329
377
356
330
326
398
340
317
336
382
351
322
324
359
347
324
323
369
345
328
318
385
345
316
320
377
358
340
313
394
332
334
319
374
342
307
339
371
349
316
316
378
346
338
328
375
352
336
318
400
356
334
330
389
345
317
311
375
378
316
306
365
339
339
311
368
360
320
338
391
339
312
330
385
339
333
308
372
336
326
321
384
347
318
326
365
352
329
325
383
356
325
305
380
340
324
326
377
342
323
311
375
325
333
311
367
358
330
320
389
348
330
332
386
336
326
310
365
352
313
318
370
363
308
311
380
348
326
309
367
349
313
324
369
363
334
310
371
344
320
326
380
355
325
314
382
349
325
312
374
352
313
316
375
363
334
340
379
340
332
327
373
338
306
333
367
366
315
323
357
354
314
324
373
350
330
332
370
343
319
327
373
345
322
342
371
354
330
328
374
382
325
316
378
343
312
318
377
347
337
317
381
333
333
328
378
344
348
321
375
331
320
308
351
370
328
314
368
360
313
308
366
344
323
319
382
347
337
325
378
348
320
314
381
338
326
325
374
337
324
321
375
345
314
326
365
336
311
317
372
342
326
328
383
351
322
321
367
358
328
322
354
350
325
319
364
353
315
334
376
350
325
322
391
362
320
327
377
350
319
325
385
360
317
318
383
348
310
323
359
335
340
319
373
351
319
328
376
337
335
329
370
346
331
316
379
354
332
321
360
344
312
335
362
341
312
316
369
339
329
331
361
356
323
343
367
341
309
326
367
340
324
331
365
344
325
340
376
342
328
327
365
342
330
344
365
360
331
335
370
341
327
316
392
331
341
324
365
342
324
331
373
337
325
312
362
353
336
320
385
352
316
316
368
336
324
325
388
343
327
330
371
357
313
328
380
350
335
335
379
340
334
331
364
353
314
321
368
347
313
304
366
365
356
336
379
349
320
331
373
334
322
309
381
348
327
326
373
360
345
308
369
345
346
323
368
347
317
336
369
348
338
328
371
349
325
312
373
349
333
339
375
351
338
327
377
348
336
343
382
345
329
327
369
337
340
335
358
345
329
335
375
366
330
316
369
342
336
321
376
348
320
308
394
351
333
319
384
348
318
318
400
358
328
333
371
345
341
337
380
348
316
315
376
349
352
320
375
352
340
327
386
335
317
333
393
349
339
326
362
336
337
347
380
349
365
341
370
358
337
330
375
350
337
321
380
358
337
327
377
360
349
329
380
366
349
325
383
357
338
324
374
344
348
323
400
359
337
328
369
353
323
330
378
360
365
341
377
353
330
332
382
364
319
317
378
355
321
330
389
364
336
338
378
359
329
335
374
357
333
344
383
367
346
339
375
370
341
345
391
364
332
334
393
359
331
334
396
381
335
341
408
375
353
341
384
363
366
340
401
371
344
339
386
357
355
345
406
374
347
339
379
375
358
338
395
360
343
330
390
382
346
356
404
379
367
344
378
361
346
355
398
363
346
345
398
366
341
362
428
388
352
343
397
379
336
370
406
373
373
350
427
372
358
340
419
393
366
357
415
356
368
361
410
386
359
355
413
372
363
365
410
387
373
364
406
383
376
353
407
387
355
371
398
386
361
361
392
389
357
361
413
381
358
367
397
405
386
378
424
388
382
376
407
388
373
364
421
380
381
360
412
403
380
383
415
375
365
373
400
395
373
380
412
376
362
359
407
385
365
353
391
391
363
397
416
397
386
380
423
394
372
376
410
395
394
381
427
399
389
392
429
408
385
365
421
411
388
385
426
411
384
382
413
400
380
365
437
387
369
355
414
402
362
374
409
385
378
371
400
381
394
367
423
388
393
366
446
409
392
380
433
387
396
386
421
420
399
368
428
392
391
379
428
433
394
377
423
391
377
398
417
397
383
374
415
397
405
385
421
411
375
401
446
396
401
395
467
432
407
394
449
421
408
414
429
414
401
406
449
431
419
397
435
410
414
400
431
408
393
397
437
430
388
393
424
425
396
378
421
415
383
399
435
443
404
390
435
407
422
388
455
434
396
387
441
417
412
413
436
412
410
405
438
423
405
407
440
417
392
389
442
399
385
396
430
426
388
409
444
405
414
392
449
422
407
413
448
421
398
397
451
440
411
414
445
427
421
407
456
437
422
426
471
440
429
419
467
459
433
435
489
457
450
434
493
452
433
432
490
431
427
434
484
447
408
428
462
458
434
420
466
448
435
413
451
428
417
429
481
439
439
437
493
468
449
443
484
451
455
462
476
480
445
450
508
487
467
450
506
482
454
454
519
497
465
466
501
475
480
445
497
483
464
463
513
481
468
446
491
473
453
443
494
476
455
459
498
463
443
446
498
463
441
450
477
451
442
467
480
478
465
443
467
459
435
434
475
458
436
449
503
458
433
431
476
443
433
448
469
467
438
455
479
483
463
441
474
464
464
458
495
482
453
460
501
477
452
460
520
492
480
469
495
487
490
490
533
527
479
489
522
520
480
493
517
494
482
494
527
508
481
467
512
494
476
456
501
486
467
479
497
471
452
458
491
479
478
458
499
490
459
454
496
494
484
463
501
498
471
489
510
489
474
497
509
489
477
476
519
492
499
483
521
492
475
474
513
502
486
478
519
513
478
499
514
514
500
481
530
516
490
500
502
509
473
482
543
527
476
491
535
511
498
494
529
506
499
487
510
497
482
480
516
501
481
481
501
489
473
468
523
493
477
473
514
495
482
478
518
509
497
482
516
510
493
505
529
504
484
484
531
501
532
475
509
507
478
489
520
513
476
501
524
490
477
476
523
515
477
502
545
509
491
509
569
497
489
493
528
488
495
477
512
482
468
455
506
466
454
467
504
467
457
460
507
464
435
440
471
472
448
450
498
482
473
447
509
471
435
454
475
465
452
441
468
459
441
445
462
474
447
451
479
461
480
441
513
476
466
461
487
479
471
461
493
471
473
451
503
484
464
465
501
472
487
446
514
469
466
458
496
489
475
477
531
486
475
490
520
503
483
463
511
498
479
460
499
482
476
467
493
479
493
471
508
485
461
486
502
496
485
480
499
506
503
497
522
514
515
490
528
514
485
504
548
518
524
504
523
510
501
481
549
510
494
485
525
510
495
492
522
510
501
484
527
480
490
487
526
510
488
482
510
520
499
478
514
503
497
489
523
514
495
518
539
524
501
504
577
538
512
516
548
522
517
505
558
526
514
497
550
525
500
507
530
525
514
508
556
527
519
503
556
530
509
511
539
527
526
509
546
524
533
512
561
510
516
521
549
504
490
492
532
501
496
479
510
494
480
471
501
473
476
459
487
489
450
461
505
483
471
466
500
478
478
473
523
534
497
489
536
517
508
499
526
522
496
502
548
527
512
496
549
531
510
502
538
520
501
504
536
521
490
469
527
502
494
470
510
496
485
484
496
496
473
481
500
513
486
487
512
496
481
493
536
512
498
508
542
505
511
492
533
499
503
473
550
494
510
489
506
483
470
470
517
484
466
474
494
481
463
462
504
473
470
468
516
499
468
454
528
485
480
475
497
502
483
475
502
507
475
487
507
489
480
474
524
482
483
482
493
492
458
463
502
478
476
497
473
490
467
451
484
489
476
462
477
476
480
464
511
489
471
472
510
487
492
486
528
516
498
485
551
510
529
528
537
531
510
511
519
525
539
527
534
531
509
511
533
524
494
502
533
506
493
485
529
510
480
488
535
502
501
519
522
505
506
494
533
529
517
496
553
510
511
503
539
544
506
511
535
510
496
493
531
512
501
495
540
501
494
476
512
510
477
478
537
490
501
511
523
516
512
504
564
541
517
529
578
546
528
529
579
541
545
525
572
559
541
543
580
539
528
536
595
554
537
549
573
575
545
559
584
565
568
576
601
580
559
553
600
574
566
551
594
587
582
575
582
581
556
562
590
574
570
556
597
579
555
541
557
575
560
546
583
594
537
535
583
544
521
525
578
567
533
541
577
562
532
535
574
560
533
544
587
567
522
519
554
537
511
502
542
512
531
495
570
527
487
477
527
490
485
480
510
498
491
489
498
493
511
479
504
491
511
474
506
505
501
489
521
516
496
494
510
501
462
480
504
479
463
458
488
474
449
441
463
457
443
434
475
447
439
427
447
453
467
448
497
467
469
483
486
477
472
467
502
486
486
495
518
509
513
505
544
513
505
519
543
526
522
513
569
525
511
518
569
535
513
518
528
532
511
502
547
514
504
499
536
524
515
489
532
516
482
466
497
482
458
457
508
489
473
478
504
493
471
454
500
478
483
479
530
491
478
487
510
483
487
479
523
501
473
481
490
484
482
480
514
498
469
471
512
502
484
473
520
514
483
498
539
524
519
520
559
555
532
521
544
553
519
514
557
537
533
521
556
521
508
510
540
509
515
507
514
516
481
487
529
514
513
513
548
540
527
514
560
554
541
532
587
574
550
539
575
562
552
538
562
550
558
525
542
536
529
519
562
551
505
509
535
535
524
524
556
535
533
526
567
569
554
560
592
593
564
567
593
594
584
580
623
608
595
595
630
620
604
595
635
622
608
595
620
621
625
604
621
605
625
591
639
629
609
591
633
606
578
593
640
593
597
580
626
592
619
573
616
597
594
581
627
596
594
568
622
606
589
590
627
607
603
572
619
611
591
573
607
607
555
566
599
577
567
550
599
573
563
557
610
559
560
542
567
574
553
553
570
586
551
534
580
569
556
546
572
581
569
564
584
559
570
583
596
579
575
559
631
583
583
580
602
593
580
591
591
584
576
563
598
586
581
580
604
597
576
561
602
589
557
551
571
568
535
528
573
523
518
516
551
531
501
509
560
526
519
517
559
552
538
543
570
560
535
540
597
575
565
566
602
589
570
562
584
565
547
528
576
555
524
517
534
522
515
508
525
510
498
492
544
543
500
491
530
530
524
514
543
546
515
527
570
540
554
544
558
530
539
530
544
540
505
494
526
501
503
493
505
491
491
477
499
483
476
466
515
522
481
472
528
514
514
520
538
523
519
523
550
549
537
522
542
539
510
524
533
510
495
474
508
489
494
476
516
495
509
494
523
506
507
503
545
541
535
543
587
574
575
549
623
580
565
578
597
586
559
569
598
590
564
563
584
556
545
536
564
551
544
562
604
560
550
578
607
566
554
562
591
584
572
570
607
583
562
561
630
592
581
559
618
586
584
606
600
622
611
604
641
630
625
614
666
643
629
650
671
677
649
640
704
663
656
647
716
688
673
676
701
700
668
667
693
683
675
657
702
669
661
644
671
657
630
640
654
629
626
607
638
634
587
591
618
605
606
593
631
602
601
586
631
612
595
579
604
594
591
572
586
583
577
553
608
589
625
586
623
625
595
618
622
625
608
625
642
636
633
637
663
636
634
635
677
654
641
649
663
639
633
639
670
623
617
611
631
621
606
596
624
610
574
583
612
604
581
559
577
566
548
550
551
559
555
536
556
549
528
538
557
535
526
515
541
534
507
512
697
511
484
509
539
511
502
486
506
515
487
482
505
493
482
459
500
485
479
467
502
506
492
473
510
490
476
476
491
492
457
466
508
479
471
480
508
497
488
504
519
509
503
497
533
522
506
515
550
560
536
544
580
565
549
545
597
602
559
550
597
557
545
538
599
565
561
533
555
574
563
536
559
554
542
514
574
541
545
510
565
535
508
517
543
520
503
518
538
531
519
497
539
543
529
534
578
539
541
536
584
579
545
561
604
587
561
546
572
568
536
528
557
534
520
537
567
551
529
527
551
548
526
540
564
547
539
541
552
557
540
535
591
565
558
547
559
549
536
544
572
541
531
522
567
563
525
527
568
568
541
540
559
558
533
536
563
557
555
535
605
562
551
564
568
568
576
574
607
600
608
591
623
614
600
606
651
645
617
609
651
651
627
613
643
640
626
615
645
655
630
603
647
618
613
609
678
639
618
597
647
619
618
619
657
617
634
625
677
647
637
629
682
682
664
629
690
686
674
669
704
679
682
689
716
674
663
687
697
697
679
660
678
648
656
671
679
653
622
631
647
639
639
609
642
610
612
591
606
606
587
594
608
596
566
570
578
566
546
525
556
532
505
500
533
487
468
444
506
456
445
439
467
440
439
424
467
468
438
440
474
477
453
460
533
489
487
492
548
537
514
510
580
557
554
550
578
581
563
560
599
599
561
569
653
593
589
601
621
618
612
599
657
646
611
628
644
649
612
618
646
636
644
615
651
638
615
610
661
664
625
608
643
624
601
589
614
617
596
585
598
604
559
561
579
561
532
517
559
523
507
482
518
503
467
445
476
472
438
437
448
437
436
430
468
440
438
430
480
465
445
462
501
512
481
494
529
549
509
537
574
554
557
552
597
572
578
589
597
621
608
584
639
609
618
603
636
627
597
611
609
623
628
608
637
626
606
598
638
646
612
613
640
627
620
614
667
643
635
607
664
648
640
620
641
650
600
625
649
627
625
606
657
650
613
628
648
625
635
625
655
640
614
612
671
632
642
613
645
637
608
633
661
629
602
617
637
619
596
618
658
640
613
612
646
637
629
628
669
660
648
626
669
651
658
637
667
657
647
634
658
638
634
644
666
654
629
645
660
661
664
652
658
663
635
639
686
669
656
641
699
668
655
649
695
681
672
653
673
652
647
651
659
646
643
647
664
646
645
627
659
640
613
623
655
635
623
623
669
657
643
637
678
663
653
652
676
679
679
660
703
684
674
669
695
672
660
635
656
649
628
620
647
655
609
633
640
643
633
633
643
642
624
621
661
650
637
666
674
656
676
665
703
689
651
660
707
661
644
650
674
659
636
628
663
668
651
648
673
669
641
646
649
637
612
600
673
650
648
635
679
631
632
629
660
647
612
624
654
628
621
637
653
636
623
644
671
652
632
642
681
648
648
639
663
646
635
635
651
667
619
621
651
634
615
614
667
627
632
630
663
656
650
626
678
653
642
625
671
664
681
639
696
670
659
639
688
672
653
642
680
677
648
644
681
658
656
633
707
679
652
656
662
652
642
635
650
640
607
626
658
635
593
602
635
614
584
587
627
595
575
573
601
577
553
545
607
562
575
545
588
572
558
557
592
564
567
558
616
607
575
581
619
610
589
583
631
597
582
578
633
617
574
585
629
606
590
588
622
608
595
596
638
604
585
578
617
615
585
591
621
599
584
582
597
594
568
574
608
588
567
562
619
585
570
562
601
564
570
570
601
563
564
562
596
560
557
532
604
552
544
541
587
553
540
539
571
564
548
526
600
556
534
537
564
542
548
569
583
567
531
540
568
566
534
528
593
552
536
530
564
555
532
531
558
549
534
511
558
550
525
535
542
533
506
526
552
543
535
515
561
560
519
522
553
533
519
514
560
527
513
512
550
541
504
519
563
552
522
510
556
532
517
516
537
545
529
513
545
547
504
535
553
534
510
524
572
528
529
524
565
535
506
547
555
542
522
504
545
527
512
500
532
539
503
503
557
517
516
493
519
513
484
502
553
530
479
501
542
524
506
483
544
517
504
503
550
518
532
491
528
504
497
506
522
519
515
481
538
505
509
495
523
517
493
490
524
516
515
497
540
512
512
506
536
535
495
513
544
529
494
493
528
514
508
497
530
509
480
476
542
511
479
496
512
505
509
485
516
500
499
496
526
517
492
484
544
543
495
502
584
521
499
507
581
524
520
522
568
517
498
512
562
537
508
520
545
519
519
537
537
523
505
428
266
265
265
265
265
266
265
266
565
529
266
266
266
0
0

