;UFOS3
;Measurement details: channel = Z-D, date = 28.08.2020, time = 05:11:05
Exposure=1100
Gain=0
Temperature=24.1
Accummulate=4
2.2269726953302107 mu
2.2590806612980465 amas
26.322 hs
283 ozone
0 uva
0 uvb
0 uve
[Value]
0
-1
-1
-3
0
0
-1
0
3
2
5
7
6
3
3
1
4
8
1
2
3
4
4
4
3
2
5
1
4
3
2
2
3
2
4
3
1
6
4
5
2
3
6
5
3
3
3
5
4
8
4
5
6
1
5
4
3
2
2
3
6
5
4
4
5
6
5
6
6
2
5
4
5
4
2
4
4
6
4
2
6
4
3
3
5
3
3
0
6
3
6
6
5
4
4
1
5
4
8
2
5
1
4
5
3
3
7
6
3
4
4
3
4
1
3
4
4
4
7
2
5
4
4
6
2
4
6
2
5
4
5
3
5
3
4
2
2
2
4
5
3
4
4
7
4
2
6
1
-1
4
5
4
5
4
3
3
4
2
2
4
1
5
7
1
4
4
5
1
1
4
6
3
7
3
4
3
0
3
4
6
5
2
2
8
5
5
1
3
1
6
4
2
4
2
5
2
4
2
2
2
1
6
1
3
5
6
4
3
6
7
4
1
5
1
5
3
2
4
4
3
4
3
3
4
7
5
3
2
5
4
10
3
1
1
1
6
5
0
2
2
4
3
5
4
1
4
4
4
5
4
4
4
5
4
6
6
2
2
4
6
7
1
5
3
3
5
3
5
5
1
4
3
4
5
6
3
4
2
4
1
6
4
5
2
3
4
4
3
2
2
4
3
1
2
8
4
3
2
3
5
9
2
4
3
4
2
4
2
3
3
4
7
2
3
4
6
7
3
6
4
7
2
4
4
2
3
6
7
7
4
4
3
4
5
3
5
3
2
2
4
6
3
5
5
4
3
5
1
8
3
1
3
5
5
4
2
5
3
5
4
0
6
3
4
5
3
5
3
6
0
3
3
2
6
4
4
3
3
5
5
4
4
4
4
2
3
7
6
5
4
2
-1
4
2
4
5
1
5
5
4
4
7
2
5
1
3
4
5
5
3
4
6
7
4
3
3
5
3
5
5
7
3
4
6
0
5
5
4
4
4
3
7
4
2
3
7
3
3
7
5
4
5
3
3
4
2
4
2
4
2
5
8
3
2
4
1
4
3
7
2
3
4
1
4
2
4
6
4
5
3
4
3
5
4
2
6
3
6
5
4
3
4
6
3
5
3
4
7
4
5
5
4
3
3
7
2
2
2
4
4
7
3
4
5
5
5
5
5
4
6
5
4
6
5
5
4
4
-1
6
5
2
3
3
1
3
5
5
5
5
3
7
6
6
3
5
3
5
4
5
3
1
6
4
5
4
4
3
6
3
4
3
3
4
5
4
7
4
3
5
5
9
2
6
3
6
3
4
4
6
3
4
2
4
5
4
5
4
3
7
5
2
5
7
4
4
2
6
4
4
4
5
7
4
3
7
3
7
3
2
6
8
5
6
6
3
4
9
5
3
8
5
3
5
5
6
1
6
6
5
1
9
2
5
3
3
5
2
4
4
3
4
5
6
5
2
2
3
4
4
6
3
5
6
5
7
5
6
3
5
4
7
8
6
5
6
3
6
2
6
7
7
7
7
4
7
5
6
1
5
5
7
7
5
7
6
4
2
6
7
8
9
6
7
7
6
7
7
11
7
6
7
5
9
7
10
6
8
8
5
4
6
7
7
7
8
4
7
8
8
11
9
6
11
6
9
7
11
8
9
10
9
8
10
12
10
12
10
10
10
10
12
10
12
9
11
13
11
13
13
12
10
13
11
10
14
11
12
14
12
11
13
14
13
12
12
15
13
16
12
15
16
16
15
16
15
13
17
15
15
18
19
19
20
22
20
18
16
20
21
19
21
23
20
21
25
22
19
19
20
22
20
21
22
20
20
21
22
23
21
21
21
23
21
23
22
23
27
25
22
26
23
28
26
28
27
26
27
28
29
30
27
29
32
33
33
34
32
33
35
34
36
37
34
39
39
36
38
42
37
39
39
40
39
40
39
38
41
39
36
41
38
40
40
42
42
41
42
40
40
42
44
42
41
42
44
43
45
41
42
46
46
42
39
42
40
39
41
42
41
40
45
41
41
41
43
39
46
45
39
46
43
39
43
44
48
45
44
48
47
48
49
51
51
50
51
53
53
55
57
60
63
67
65
75
72
73
78
78
78
80
80
86
84
85
84
84
87
86
86
89
87
89
87
92
87
87
90
87
86
86
91
87
85
87
88
89
89
89
87
92
87
90
98
96
90
97
95
97
101
97
103
107
105
107
110
111
110
115
115
116
118
117
116
116
120
117
122
122
120
121
122
119
121
123
123
122
122
125
130
128
129
132
133
139
140
141
145
149
146
146
149
144
143
142
144
142
144
147
145
143
141
139
145
147
144
141
147
147
150
152
153
157
159
160
167
170
171
173
169
172
169
169
171
166
166
165
163
157
152
153
148
146
145
139
140
133
133
131
133
133
134
131
141
135
138
142
142
148
151
156
160
163
163
168
176
176
176
181
187
191
186
196
193
200
202
202
208
206
207
209
215
215
213
214
218
220
218
209
216
210
208
201
200
195
188
188
182
176
178
175
168
170
167
167
165
166
164
165
167
168
171
170
181
181
193
195
203
208
206
212
215
214
214
213
219
217
216
208
210
205
207
205
200
201
197
198
199
199
199
192
197
196
194
198
205
207
209
214
219
224
221
225
235
231
237
240
246
252
254
254
258
264
262
268
273
272
280
277
278
278
271
271
272
270
268
265
257
252
250
249
249
245
239
237
243
239
239
244
248
250
251
253
258
270
265
266
270
271
276
278
281
280
279
287
282
282
276
276
278
270
270
265
260
262
256
252
254
247
244
249
250
246
251
251
257
255
256
258
263
261
267
272
277
275
277
285
289
293
301
305
308
308
309
314
317
325
325
326
333
337
338
339
343
347
347
352
357
363
365
368
373
362
368
359
356
357
353
352
349
345
341
341
343
339
338
335
336
335
328
329
338
340
334
343
350
357
357
364
379
379
387
392
400
403
408
411
419
422
428
432
440
440
441
442
439
435
435
436
443
445
439
441
445
434
440
438
444
436
439
437
437
431
425
430
426
423
427
426
430
429
426
420
423
413
414
406
408
403
403
401
399
399
396
392
390
382
386
384
386
381
379
376
381
375
368
370
370
372
374
375
368
368
365
370
375
373
373
380
383
384
390
394
401
403
402
412
415
431
428
437
447
453
461
465
474
487
491
498
497
502
499
502
504
512
513
521
523
524
526
520
524
521
519
516
518
519
514
514
505
492
488
487
476
471
466
463
463
459
456
443
449
449
447
451
451
460
453
450
460
458
461
463
464
476
470
470
483
479
481
482
487
490
490
491
498
498
498
503
511
509
515
509
516
518
518
513
517
518
514
523
522
520
516
518
520
514
513
514
515
512
511
518
515
524
525
529
535
538
534
536
528
526
519
516
512
509
500
492
493
494
491
490
493
491
482
475
478
480
473
471
472
470
471
469
488
486
488
495
509
511
518
523
524
526
525
530
527
520
518
512
512
514
512
513
514
516
507
510
507
504
502
507
505
509
504
507
518
513
517
526
529
535
529
522
509
492
479
468
457
445
433
420
415
413
404
399
386
390
385
386
385
383
383
385
391
390
399
400
398
405
409
410
407
403
395
390
385
376
368
361
361
356
359
352
360
370
368
374
390
392
396
409
417
417
413
415
418
421
417
427
430
425
424
421
422
426
420
418
420
417
421
413
422
425
424
429
442
441
448
457
461
463
467
472
470
463
462
456
460
455
450
447
449
446
438
440
444
445
450
448
456
452
456
455
468
473
484
492
501
506
519
527
533
529
537
544
549
544
541
537
542
536
540
535
534
527
519
515
511
503
505
499
498
504
500
503
517
509
501
505
503
503
487
486
488
487
487
489
494
491
491
498
505
499
502
508
517
520
522
527
541
539
543
547
557
565
567
571
573
576
579
573
574
565
568
561
557
555
559
563
567
570
570
575
586
586
590
598
597
590
586
592
594
596
591
594
608
604
601
592
593
580
569
571
564
552
541
528
514
509
503
491
488
480
458
454
442
433
420
409
408
405
398
399
397
399
401
411
413
421
435
447
465
474
484
496
496
501
504
511
514
521
527
531
539
540
539
537
539
538
541
538
537
525
516
515
508
495
495
489
489
483
476
474
476
466
465
458
461
461
460
452
450
451
454
464
462
474
468
473
481
488
486
500
504
500
498
492
492
484
484
482
479
481
472
464
460
456
440
437
432
425
428
418
417
413
406
412
407
407
410
413
418
420
416
423
421
428
431
432
440
441
439
441
440
441
446
442
445
444
437
433
433
425
424
419
423
418
420
415
416
414
419
419
413
409
403
401
392
392
389
394
393
398
401
412
416
422
427
431
440
444
449
460
467
470
479
487
502
498
507
519
530
525
528
533
537
539
534
531
533
532
523
524
521
524
515
518
505
502
490
493
495
488
483
478
480
475
477
475
478
481
481
487
496
500
504
518
518
516
522
519
528
535
534
534
531
534
520
524
509
499
491
473
469
470
452
462
460
455
459
460
477
474
480
488
488
495
501
513
525
536
547
558
565
572
582
587
592
598
597
589
603
600
608
614
620
626
622
626
638
636
632
644
639
645
641
639
639
654
647
652
660
663
661
662
667
658
650
650
658
656
663
663
672
674
666
672
669
667
661
657
648
650
636
633
630
632
628
624
626
623
614
609
609
599
591
582
586
585
583
589
587
585
588
597
601
605
608
595
582
580
570
557
555
540
545
536
533
524
510
503
492
478
465
456
444
435
424
413
413
411
410
412
425
429
425
431
430
434
434
435
441
442
446
455
459
450
447
445
438
431
422
408
402
392
393
383
381
365
357
346
339
328
321
313
312
303
313
307
309
308
313
324
334
340
346
351
364
370
371
381
390
399
405
420
427
440
448
458
469
472
479
481
495
496
501
495
507
502
509
512
513
515
517
508
513
502
503
500
497
485
474
467
464
464
460
455
449
432
422
414
404
394
390
383
389
384
387
382
390
389
389
383
390
392
398
405
407
407
410
420
425
429
424
422
417
416
415
406
402
405
402
404
411
405
408
408
408
401
404
412
422
424
434
450
467
483
498
511
530
532
542
535
546
545
538
534
532
521
517
520
521
512
498
490
486
475
469
462
457
457
452
461
462
459
462
477
490
511
516
532
539
549
549
550
563
570
575
580
572
571
570
567
568
569
563
560
558
548
531
527
521
516
508
511
514
516
514
517
528
535
545
548
563
571
580
586
600
608
625
633
652
656
661
680
687
686
698
702
719
714
714
709
719
722
722
723
725
721
717
719
727
724
714
713
711
712
707
701
699
691
695
680
679
673
663
666
675
679
680
680
680
685
682
676
687
688
684
689
683
686
677
673
679
681
676
674
664
661
648
636
630
626
612
610
617
604
597
602
599
593
591
587
597
583
585
579
575
572
571
568
563
569
566
566
577
580
580
583
588
586
588
575
587
598
598
605
611
614
614
623
623
624
619
631
627
628
625
628
623
620
626
623
625
628
621
633
620
620
612
607
600
596
578
572
567
555
539
530
520
501
497
488
481
482
469
465
471
473
470
474
491
498
506
517
534
545
554
556
570
578
584
593
593
602
597
591
585
569
556
550
531
514
505
489
479
464
448
436
435
428
429
435
435
437
435
435
433
437
451
457
474
486
491
495
509
515
518
517
515
507
498
490
484
473
454
438
430
419
408
406
396
388
368
361
362
359
357
359
366
375
373
388
396
406
421
425
435
441
453
466
466
464
473
468
471
470
464
454
442
433
416
408
389
382
373
374
374
376
380
387
398
398
414
428
446
465
477
496
514
527
539
553
562
567
570
577
583
575
580
572
582
566
562
561
567
557
547
538
535
529
524
527
531
536
537
542
551
560
561
565
570
575
563
559
572
571
571
576
585
596
602
612
616
620
626
628
649
650
660
675
680
702
698
703
711
714
725
740
752
746
761
759
770
768
770
775
783
786
797
805
814
808
811
806
810
800
797
787
789
777
773
753
739
720
713
705
710
698
687
676
675
659
646
644
637
627
633
633
627
633
616
620
612
602
597
587
582
581
573
571
570
568
560
568
572
576
586
595
615
614
626
634
646
658
659
672
679
687
695
694
702
706
701
706
704
714
715
711
707
709
699
695
686
682
672
663
655
648
632
627
638
615
599
598
591
576
561
547
530
514
498
489
475
478
477
474
475
473
471
466
469
464
453
441
440
422
413
408
397
391
383
379
385
384
384
375
377
364
356
347
343
333
334
334
333
334
332
335
336
341
333
342
337
329
326
325
332
322
316
308
316
310
318
325
332
341
348
348
356
370
376
382
390
394
404
412
425
440
456
459
474
479
485
488
495
496
486
488
497
493
491
484
489
490
482
483
485
478
478
469
472
456
454
456
453
449
445
438
433
424
412
400
400
399
390
399
400
404
402
414
415
425
428
434
436
439
451
452
466
469
474
487
491
497
487
485
477
467
462
453
446
434
425
423
422
423
433
430
433
441
445
443
445
447
441
446
446
459
456
467
474
472
473
472
474
462
458
456
455
452
450
447
449
445
439
437
446
450
453
446
448
444
434
434
439
449
451
454
466
471
485
472
484
489
497
503
514
520
533
540
549
557
573
576
593
606
599
611
611
610
605
609
618
628
615
617
615
621
616
614
622
619
615
604
596
592
583
585
595
594
598
600
608
604
610
613
618
621
622
634
655
656
662
665
681
686
707
706
713
722
711
710
717
719
709
716
707
712
706
694
688
678
662
654
650
638
630
622
631
612
601
600
603
595
581
575
569
568
551
544
535
520
509
503
498
479
465
445
433
410
396
373
359
329
312
292
280
268
252
242
232
226
224
222
228
224
226
233
241
252
264
274
292
307
320
338
351
370
374
386
395
410
420
430
444
451
460
468
479
491
493
490
504
506
510
519
537
544
544
557
556
562
567
574
586
586
590
582
585
587
580
582
590
581
583
583
584
573
572
575
566
563
556
547
545
532
528
514
499
483
468
464
450
439
428
412
393
380
353
337
320
297
286
270
257
247
240
234
226
225
219
211
218
216
216
222
227
236
243
257
269
285
299
315
335
348
361
379
394
411
422
438
448
463
473
478
492
497
506
513
516
524
523
524
535
528
529
537
538
537
531
536
541
540
534
530
537
539
548
546
549
548
548
555
558
560
560
559
565
573
564
572
571
561
553
553
557
551
549
550
556
555
555
547
546
553
549
555
566
561
566
562
564
566
562
555
561
551
554
555
552
544
544
544
545
541
543
544
543
545
544
549
542
551
552
558
566
573
576
577
585
585
589
584
587
581
587
578
580
584
584
584
577
584
583
583
586
584
587
584
591
590
579
588
583
581
582
588
592
597
592
585
594
598
591
594
594
590
586
583
582
575
571
561
564
554
554
551
552
541
538
541
528
535
533
535
543
544
551
562
564
571
572
579
586
587
600
605
610
610
614
606
612
601
592
575
570
558
548
545
542
538
533
528
529
527
533
532
542
536
538
538
545
544
555
556
576
578
583
586
599
591
586
581
576
578
570
563
559
557
553
549
551
553
549
552
554
546
543
542
533
536
528
528
523
524
517
524
527
525
518
520
511
519
516
512
520
521
523
521
525
522
527
531
541
538
536
541
544
544
549
542
542
531
530
517
522
511
506
506
501
505
507
501
516
519
520
516
521
520
514
518
519
520
519
523
521
528
530
530
537
538
529
540
542
542
538
540
544
542
538
541
538
542
539
544
540
544
548
542
541
533
528
522
513
509
502
492
494
489
483
477
470
460
449
443
441
425
418
408
405
399
393
390
388
386
386
387
384
390
384
386
389
390
391
396
402
410
408
423
421
422
426
431
425
425
430
428
436
434
428
431
439
433
435
429
437
435
432
431
437
428
424
429
430
429
423
419
420
419
413
408
412
407
403
398
401
401
395
396
395
393
387
386
386
379
380
386
385
380
377
370
372
366
370
361
360
354
347
343
347
343
337
345
342
342
343
340
348
341
341
338
348
342
344
347
354
355
358
352
352
351
345
347
345
339
337
331
338
329
326
322
325
326
316
318
320
318
311
315
317
317
318
322
320
321
321
324
315
320
309
312
315
304
300
304
306
304
304
295
302
301
297
300
298
298
301
294
306
302
303
299
311
311
305
310
313
317
317
312
317
318
311
315
311
311
307
306
307
312
307
299
306
298
296
291
289
286
288
281
279
277
271
278
273
274
276
269
276
271
266
264
268
268
267
268
268
270
274
267
274
272
275
275
274
271
268
275
277
271
269
270
270
261
267
263
266
261
257
260
265
258
263
265
265
265
266
264
270
267
267
272
271
274
269
272
275
278
276
273
270
262
263
265
262
257
262
253
257
255
247
247
249
248
250
250
251
252
257
264
272
277
261
160
-2
0
-1
0
0
0
0
1
296
308
0
0
0
0
0

