;UFOS3
;Measurement details: channel = S, date = 28.08.2020, time = 05:47:00
Exposure=1100
Gain=0
Temperature=25.2
Accummulate=4
2.0374815455417754 mu
2.0602332771749436 amas
29.072 hs
0 ozone
0 uva
0 uvb
0 uve
[Value]
0
269
271
271
270
270
271
270
370
352
309
304
376
337
304
319
381
338
312
311
388
349
341
315
391
360
326
334
396
400
357
339
370
372
327
326
427
377
336
330
379
363
331
336
403
370
344
324
404
367
323
330
402
366
349
337
407
364
342
352
404
353
320
363
394
358
334
341
390
360
337
322
398
357
338
324
389
369
330
338
404
355
343
325
373
349
334
343
396
347
335
334
401
371
323
328
410
357
325
325
370
369
328
326
404
353
338
321
381
365
341
321
389
371
327
348
383
361
339
328
390
360
344
321
384
383
341
347
384
359
338
331
403
371
345
334
396
353
333
320
391
368
338
326
387
370
319
349
401
356
325
329
396
355
344
336
391
365
330
337
421
361
329
337
377
366
340
339
384
357
334
327
401
364
343
329
416
366
336
333
410
354
329
326
385
367
324
329
397
364
335
342
410
369
334
347
385
357
330
320
406
349
334
324
397
374
323
320
395
360
321
342
396
372
341
350
393
354
344
330
412
370
333
343
368
356
332
329
368
365
325
338
415
353
335
334
381
367
340
335
385
373
336
317
384
343
338
336
386
347
348
330
390
355
333
322
379
359
334
328
369
353
346
318
401
344
344
328
388
354
319
339
417
352
327
350
407
364
339
322
395
344
324
346
390
354
321
344
390
368
346
340
414
354
330
349
393
369
336
333
372
362
336
336
383
357
341
333
399
356
329
333
391
372
355
326
410
345
350
329
387
355
320
352
383
361
329
328
393
357
352
342
388
366
348
331
412
371
348
342
406
359
331
325
390
397
329
317
375
352
349
325
381
372
335
353
406
350
324
341
400
352
345
324
386
347
341
332
396
361
333
342
377
363
343
337
399
368
337
318
392
352
335
338
390
352
339
325
388
337
342
325
377
373
344
332
404
361
342
344
399
348
339
322
378
365
327
333
385
379
322
324
397
361
339
321
379
364
324
338
385
380
348
323
385
355
335
338
394
369
336
326
397
358
336
325
387
364
327
327
388
381
344
355
390
352
344
340
386
353
319
348
376
382
330
338
369
367
329
337
388
362
344
344
385
355
334
340
386
358
337
357
383
367
342
340
386
395
336
330
387
356
326
329
389
360
349
330
396
347
346
343
392
359
362
334
389
343
332
321
368
383
342
325
382
374
325
327
380
358
339
329
395
359
350
337
391
362
334
327
396
352
340
338
387
350
337
333
390
359
329
338
378
351
322
329
387
354
337
343
397
365
334
334
381
370
342
335
371
366
339
334
377
366
331
349
390
363
338
336
405
376
334
341
392
364
330
337
399
375
332
333
397
361
322
337
371
348
356
333
388
363
334
340
391
350
352
341
384
361
345
331
391
366
343
332
374
359
326
347
376
355
326
329
383
351
341
343
376
368
337
359
380
355
322
338
384
351
336
347
378
357
340
354
384
356
340
346
379
356
344
357
379
375
343
349
382
355
339
333
407
342
354
338
377
355
339
343
389
352
339
325
377
366
352
334
400
368
332
330
383
349
337
337
403
355
340
341
384
371
329
338
392
364
348
348
393
354
347
344
379
368
329
335
380
359
326
316
380
378
371
347
393
364
335
347
386
345
337
324
395
361
343
339
386
373
360
321
385
357
362
337
383
359
330
351
385
359
357
343
384
364
338
326
391
366
348
354
393
369
353
343
394
360
349
360
397
357
342
343
385
349
353
350
373
361
342
354
392
384
345
330
384
357
354
335
390
363
336
322
410
366
346
332
399
363
333
331
417
374
341
349
388
360
354
349
397
363
328
333
392
366
369
336
389
368
358
344
402
348
331
349
409
361
355
340
377
351
353
361
394
364
382
358
388
374
355
348
394
366
351
336
399
375
358
342
397
376
367
344
394
380
368
343
399
374
351
343
388
357
366
335
418
380
356
345
384
369
339
346
392
376
381
359
395
370
344
349
398
380
336
333
391
371
337
342
405
379
352
352
394
375
342
351
392
376
348
357
398
386
364
357
391
386
358
366
411
381
350
349
411
373
348
350
415
398
355
356
428
395
371
359
399
384
384
357
423
393
362
357
408
375
377
362
428
394
363
355
400
395
377
354
413
378
360
348
411
400
368
374
421
401
389
364
397
382
369
372
419
382
365
367
420
386
361
381
453
412
374
362
418
400
359
393
427
393
399
373
450
393
379
364
442
415
389
381
435
375
386
383
432
407
381
378
440
396
385
388
434
411
398
390
429
402
397
376
431
412
376
393
418
408
381
385
416
411
379
383
433
403
378
390
420
427
409
402
450
417
402
402
430
414
398
386
444
400
405
384
433
426
402
408
439
398
387
397
419
417
396
402
434
396
379
381
432
405
389
374
415
414
385
421
438
421
409
402
448
416
395
398
432
417
420
410
454
423
409
418
452
433
411
388
450
439
414
410
457
438
417
409
438
425
406
390
461
410
394
383
443
429
383
395
431
409
400
395
422
401
417
389
446
410
417
392
473
435
414
405
458
411
422
408
447
446
424
388
454
415
412
403
457
457
418
400
450
414
400
422
441
423
408
398
438
420
429
410
447
437
399
430
471
422
427
419
510
461
438
422
476
452
433
443
455
441
429
439
477
463
451
422
466
439
441
429
459
434
422
426
466
461
417
418
450
451
424
401
448
442
408
425
462
473
432
418
462
433
451
413
482
464
426
416
469
443
442
438
471
441
439
437
464
453
430
433
467
442
420
415
469
424
411
424
454
452
412
439
474
431
442
420
476
445
438
439
475
449
426
426
483
468
438
440
471
456
451
437
485
469
453
455
509
474
460
448
498
490
466
468
521
492
481
471
528
484
469
469
522
462
463
468
517
478
438
461
492
489
467
449
498
481
468
442
484
460
451
463
517
470
471
468
528
502
481
480
524
490
494
500
517
512
480
486
548
523
506
490
546
519
494
493
559
538
503
503
539
511
518
480
535
520
506
501
558
519
500
482
529
512
489
477
532
509
488
495
538
498
479
480
535
502
478
487
510
485
474
504
518
516
501
477
504
493
471
471
507
493
469
485
539
497
470
461
511
478
469
481
502
501
471
492
513
520
499
478
501
498
503
495
535
515
488
496
538
513
495
499
559
533
515
503
531
525
527
525
578
577
514
526
562
566
517
536
560
532
526
537
571
551
518
510
554
533
519
494
541
528
508
517
530
510
492
494
526
519
516
495
538
530
499
495
530
533
523
504
541
537
510
534
552
532
513
543
552
531
517
515
561
533
545
526
565
532
521
515
556
543
531
516
567
562
519
539
563
558
543
524
575
568
527
544
542
553
513
525
588
568
517
535
581
554
539
534
573
543
544
531
554
538
521
519
558
544
524
520
540
533
517
511
568
533
520
510
552
535
522
516
563
553
542
526
564
556
533
545
576
550
530
528
577
549
572
512
552
553
515
533
565
559
511
544
570
535
510
513
571
556
523
544
592
556
538
554
617
541
531
540
571
535
532
516
553
522
507
491
545
504
488
501
541
505
491
493
546
503
470
475
504
510
486
488
542
519
509
484
550
505
473
488
510
499
486
475
494
493
476
481
489
510
481
488
518
496
516
478
551
512
505
500
520
515
510
500
536
510
512
488
544
521
502
502
540
511
528
484
555
510
506
496
536
526
513
515
575
525
511
531
565
544
520
500
553
535
517
500
537
517
512
504
532
517
532
510
546
523
498
529
542
541
523
525
540
551
546
548
567
558
558
536
578
559
529
550
593
561
568
549
568
554
543
528
591
553
537
523
572
549
537
532
562
553
544
524
573
523
527
530
567
552
529
525
555
560
550
521
559
545
543
534
568
558
537
563
585
570
546
549
632
590
560
567
598
570
563
547
610
571
559
541
596
573
550
554
575
567
560
551
610
576
567
547
606
577
559
554
589
574
576
552
593
570
584
564
605
555
565
569
597
547
536
531
578
544
543
520
550
528
523
514
538
511
512
497
524
524
486
497
545
520
508
499
536
519
520
515
565
581
544
531
577
560
557
543
571
570
544
548
595
573
559
538
594
581
557
548
591
565
542
552
582
564
538
510
574
541
536
511
551
541
526
522
531
533
515
523
542
557
525
527
559
538
519
538
579
557
542
561
590
554
558
540
575
542
549
515
596
537
554
529
546
523
511
515
554
524
507
517
535
524
501
501
540
510
512
505
557
539
510
490
570
522
519
515
537
540
526
521
543
549
516
529
543
529
519
514
567
520
522
521
529
528
495
502
541
513
518
541
513
525
502
488
523
523
516
496
514
515
516
501
554
526
510
512
548
527
535
531
574
561
540
536
599
560
574
574
589
581
556
560
564
568
585
574
583
584
559
557
584
572
537
548
580
549
539
529
571
556
522
533
584
547
541
565
565
546
551
544
579
579
571
546
602
554
558
551
587
591
556
561
583
557
542
537
578
559
543
536
584
542
537
520
555
550
520
520
585
533
543
559
565
563
560
553
617
589
569
581
626
599
581
582
632
595
598
572
627
617
596
598
633
597
578
588
654
605
592
606
630
631
603
620
642
624
631
632
659
641
615
613
659
633
621
608
658
640
635
635
646
636
613
621
649
626
628
617
658
634
611
595
615
635
614
600
639
650
586
590
637
596
571
577
628
623
588
590
624
614
585
592
626
615
589
599
640
621
571
570
602
588
562
548
590
559
578
542
621
573
526
524
569
530
529
521
552
540
530
533
542
533
555
523
543
534
558
518
550
548
543
533
571
556
544
537
553
543
503
524
544
518
505
496
525
514
484
475
499
491
477
466
507
479
474
460
478
483
504
487
533
506
501
521
522
516
511
507
541
524
529
539
567
556
560
551
585
568
548
568
589
572
577
565
619
577
556
568
623
587
566
568
575
580
561
545
591
564
551
542
581
568
565
533
578
557
525
505
537
517
498
493
548
528
512
518
540
534
512
496
541
515
521
524
577
529
520
530
555
520
524
517
571
545
516
524
531
520
518
519
558
540
510
510
556
546
525
513
560
562
524
544
588
573
572
571
612
601
587
572
594
607
572
561
606
590
587
573
602
567
552
558
589
550
558
549
558
561
526
530
576
560
559
561
596
593
574
566
611
607
592
587
642
630
608
597
628
616
603
592
617
601
614
574
597
581
575
567
610
600
557
555
580
584
570
571
610
586
584
579
619
620
613
613
654
652
620
620
653
655
649
643
692
675
661
664
696
689
670
658
703
687
676
662
685
694
691
671
686
666
692
656
708
696
676
657
704
669
637
656
702
652
658
646
693
653
682
633
679
661
657
639
690
652
653
633
685
668
648
661
693
669
667
628
676
672
647
634
667
665
609
629
653
635
625
601
654
624
627
615
666
614
619
602
620
624
605
607
622
641
609
587
638
625
613
603
630
640
626
625
645
618
633
641
655
639
636
616
697
643
642
645
663
656
642
656
651
646
637
622
657
644
643
645
663
655
637
619
660
648
614
605
620
620
589
581
623
566
566
563
596
580
543
556
609
573
566
567
608
601
587
599
624
614
590
601
653
637
620
623
662
647
627
620
640
624
596
585
627
606
576
564
581
570
560
553
569
554
542
536
589
589
545
530
574
570
575
564
595
598
562
576
625
593
606
596
611
579
590
583
588
591
552
534
566
542
544
536
548
529
534
521
539
526
513
506
556
564
521
512
571
554
562
570
586
573
568
573
596
594
585
570
589
587
554
571
581
555
538
517
552
528
537
516
559
535
555
540
568
547
553
552
595
590
592
600
640
627
630
605
684
638
624
640
657
645
613
623
654
645
621
613
642
617
599
594
620
604
596
617
665
614
600
636
663
622
610
620
646
646
629
624
665
640
620
623
692
650
643
620
683
642
647
671
668
687
681
674
707
698
697
682
742
713
698
727
746
752
722
712
771
743
724
724
794
774
748
756
779
780
746
748
769
761
748
729
780
742
734
719
746
726
699
713
723
697
697
676
706
701
653
656
684
672
668
653
688
665
663
645
695
668
660
639
659
653
651
628
644
638
631
612
663
650
689
647
686
688
654
679
683
693
679
693
714
709
707
706
730
704
705
705
747
721
715
725
730
710
705
711
742
688
686
679
701
680
669
660
686
672
636
640
674
666
638
618
633
619
605
605
604
617
608
586
610
600
577
594
606
587
576
567
589
578
547
558
765
557
522
556
586
551
546
530
548
554
533
524
545
534
521
497
539
528
523
503
538
544
536
513
550
528
515
514
530
529
488
507
544
522
511
517
550
540
525
546
557
556
544
542
577
567
550
560
601
615
586
598
629
621
603
598
655
656
618
608
649
611
600
592
654
619
610
585
611
629
620
590
607
607
590
565
624
592
593
559
618
583
555
562
592
573
548
563
587
582
566
541
591
596
581
584
633
591
591
586
639
630
602
615
661
647
616
601
629
620
587
578
610
583
569
584
615
604
576
575
597
604
573
595
615
595
588
593
605
609
593
588
646
621
611
600
613
594
589
599
623
595
581
569
619
617
570
576
621
618
592
586
611
609
581
586
618
610
607
586
660
618
607
622
622
626
632
634
661
665
668
653
688
679
664
674
718
712
686
678
721
717
697
682
712
708
703
685
710
720
698
671
710
693
681
670
747
705
682
663
708
682
681
686
724
686
699
693
746
715
700
698
752
757
732
708
769
761
744
742
781
752
756
773
789
752
736
763
769
773
759
733
747
721
727
741
753
725
690
700
714
703
711
673
710
674
675
655
668
667
647
656
672
654
623
628
631
618
595
574
604
578
546
544
573
524
501
480
544
491
482
471
498
472
469
458
496
503
469
471
505
510
487
496
572
527
529
536
597
591
565
564
624
605
606
604
631
638
618
616
653
657
617
629
691
659
646
666
681
681
677
665
729
711
679
692
716
719
678
680
712
711
716
679
718
705
680
677
730
728
691
674
715
688
663
649
678
683
658
641
655
658
609
612
625
621
583
567
608
570
544
522
557
545
505
480
510
506
467
466
483
468
466
464
502
469
467
464
514
498
474
495
535
553
521
539
571
600
556
584
628
611
608
610
657
630
636
652
652
687
672
643
703
673
681
662
695
691
659
668
666
688
696
673
701
690
667
656
701
707
677
681
705
688
690
681
735
707
700
677
730
718
714
681
711
719
665
691
716
693
690
667
723
715
679
692
718
692
702
688
723
709
680
674
742
693
708
681
711
705
675
699
733
695
663
689
701
684
663
687
721
716
674
680
714
697
695
692
733
737
721
694
740
722
726
706
736
723
712
705
727
709
706
709
735
719
699
719
727
729
733
724
726
735
705
708
757
738
725
709
765
737
722
719
761
743
747
725
740
720
711
726
723
721
712
716
731
713
712
696
724
705
681
688
718
699
685
694
726
721
707
714
746
728
724
721
745
751
752
730
774
757
747
740
765
748
730
701
719
720
692
688
711
718
671
698
702
710
697
699
703
705
688
685
726
719
701
732
742
724
740
736
776
761
722
729
789
728
709
719
740
729
700
689
739
738
722
715
744
739
710
714
714
704
681
668
739
716
712
697
746
695
700
680
729
714
679
689
722
690
679
702
713
705
686
709
739
716
698
711
750
716
718
709
725
716
705
704
714
732
683
686
718
697
677
680
730
688
701
700
725
720
720
692
748
720
709
690
740
737
749
711
763
737
725
706
757
742
726
713
748
743
717
712
743
727
727
699
778
752
724
734
729
725
714
700
717
702
677
694
724
702
651
659
690
672
643
640
689
648
632
631
655
628
605
600
662
618
631
599
641
624
610
611
645
620
620
609
669
668
632
636
674
670
642
640
687
652
639
632
689
673
631
643
688
665
645
639
682
670
656
657
702
664
646
643
679
673
638
645
677
655
639
641
648
649
622
631
664
639
619
617
677
635
625
613
653
615
627
624
654
618
614
616
646
609
609
582
657
600
594
590
640
599
592
592
616
613
595
577
654
609
585
590
614
590
597
619
638
618
585
594
619
622
581
580
643
596
576
576
614
603
577
582
607
596
581
556
602
600
570
584
591
578
552
573
597
583
585
565
612
611
564
565
599
576
565
564
607
571
557
556
595
584
546
568
608
602
566
558
606
575
563
567
585
591
572
564
590
595
547
586
596
580
554
567
623
576
581
573
611
587
554
590
599
587
564
549
585
572
552
543
571
584
543
541
594
559
557
537
560
550
523
543
599
576
517
542
589
567
545
523
588
560
542
545
587
562
581
537
569
544
541
554
567
560
561
520
579
545
553
537
564
560
535
530
565
558
556
538
589
554
551
550
580
582
535
557
583
574
536
535
571
558
554
535
572
552
524
517
580
552
518
540
553
543
549
526
558
538
543
539
570
566
535
526
580
587
542
542
631
561
546
545
625
570
566
564
610
564
538
561
604
583
551
561
585
565
561
585
582
569
549
458
272
271
271
270
271
269
270
272
609
575
271
270
270
0
0

