;UFOS3
;Measurement details: channel = D, date = 28.08.2020, time = 06:01:01
Exposure=1100
Gain=0
Temperature=25.6
Accummulate=4
1.9802165039937838 mu
2.000522108768439 amas
30.022 hs
0 ozone
0 uva
0 uvb
0 uve
[Value]
0
271
274
271
274
273
272
272
372
351
308
303
377
337
300
317
379
337
311
311
389
348
341
313
393
364
324
331
394
406
359
339
368
376
325
327
429
379
334
329
379
365
334
336
403
370
349
321
405
371
324
331
402
367
348
337
408
366
341
355
404
353
319
363
394
358
331
340
389
360
335
322
402
357
338
323
389
368
331
339
406
354
345
322
372
347
332
347
398
348
334
332
403
374
323
331
411
357
326
325
365
367
325
325
404
353
341
322
381
366
341
324
389
374
326
346
384
361
340
329
387
358
346
321
385
386
340
350
382
358
341
330
404
372
346
331
399
356
335
319
392
370
338
324
385
375
318
351
400
356
324
328
396
354
344
337
393
367
329
336
422
358
332
337
377
367
339
336
384
358
332
327
405
363
342
331
417
367
337
333
410
354
330
327
385
367
322
326
399
365
336
343
415
371
336
349
386
359
329
318
406
349
333
325
397
377
322
320
397
362
322
343
398
375
343
350
394
352
348
327
416
371
333
342
371
360
333
333
367
365
321
341
415
354
333
333
381
367
341
335
379
373
333
316
384
344
338
335
387
347
345
331
394
356
333
320
381
359
336
330
370
355
346
317
404
340
343
327
389
354
318
338
417
352
327
352
405
364
345
323
397
341
322
348
393
356
320
345
390
369
346
342
416
354
329
352
394
370
337
336
372
363
334
338
384
359
342
331
399
355
326
331
389
374
356
328
408
344
350
333
389
358
316
352
387
364
327
329
391
359
352
341
390
367
351
332
418
373
347
348
405
362
328
322
392
398
331
314
377
349
354
323
383
376
332
356
409
351
321
347
400
349
348
322
387
344
342
333
396
363
332
343
376
363
340
338
400
369
337
321
393
351
337
340
394
353
338
321
389
337
346
327
376
375
343
335
403
361
344
347
400
349
340
321
379
368
326
332
387
377
320
324
397
353
337
322
381
365
323
337
385
381
349
322
385
357
334
340
395
370
336
327
396
358
339
326
390
364
325
328
391
382
347
355
392
354
345
340
384
351
320
349
379
380
329
340
371
366
326
339
388
365
346
348
385
356
332
341
387
356
337
355
381
371
343
342
387
398
338
331
387
356
324
331
390
363
350
328
397
349
345
343
393
358
366
334
391
344
333
320
364
389
342
326
383
377
324
322
380
357
338
328
397
361
349
342
393
361
336
326
396
352
341
342
388
349
336
334
390
360
328
338
377
351
320
329
388
356
340
344
398
367
334
334
380
373
341
337
366
367
341
333
374
369
329
351
390
363
337
335
407
378
332
343
395
363
328
340
400
376
331
333
395
362
322
335
373
346
354
332
385
363
331
342
391
350
351
342
385
362
347
330
394
369
345
332
373
360
325
349
375
353
325
328
384
351
342
346
378
367
337
361
382
356
320
337
383
352
339
347
376
358
341
356
384
355
341
342
378
355
345
358
377
374
342
349
385
354
341
331
407
340
354
338
376
353
337
344
386
350
337
322
375
366
351
334
399
367
331
329
382
348
335
336
404
359
340
339
384
373
325
343
394
362
349
349
392
351
347
345
377
365
327
334
378
356
325
316
376
377
374
347
391
365
332
346
382
344
334
319
394
362
340
336
388
369
357
318
380
356
362
336
382
359
327
351
383
355
354
340
382
362
335
323
386
362
343
352
390
364
349
339
386
357
349
357
394
352
339
338
379
344
349
349
367
353
338
349
387
378
338
324
380
348
347
330
386
356
332
317
404
360
340
327
397
355
329
326
411
369
336
343
381
355
354
345
391
356
323
322
384
358
360
326
383
359
351
335
393
338
321
341
400
352
345
330
365
342
345
353
384
354
372
349
372
362
344
337
378
356
342
324
385
365
344
332
384
364
356
332
386
369
355
328
388
361
340
330
378
345
353
324
405
364
342
332
374
355
325
332
379
363
368
348
380
357
330
337
384
370
323
321
381
357
323
331
391
367
340
339
380
363
328
339
378
360
336
345
383
370
350
341
375
372
344
348
393
367
329
332
391
352
326
331
395
377
328
330
407
371
347
335
373
354
358
329
394
364
334
329
377
348
347
333
396
363
336
327
371
367
349
327
386
349
331
319
381
374
338
344
395
372
361
334
367
350
338
344
389
351
333
334
384
350
325
346
415
373
337
323
378
360
317
354
388
354
359
332
407
355
340
324
401
375
346
340
395
336
347
343
394
363
338
331
391
350
339
341
384
365
349
340
381
355
350
327
382
363
330
344
374
360
336
336
366
363
330
336
385
353
330
339
371
373
355
346
393
358
345
343
371
354
338
328
389
347
352
330
377
376
354
358
389
348
340
349
374
377
351
356
392
352
338
336
384
358
339
326
363
361
335
372
385
366
351
344
386
356
332
334
370
353
356
341
384
356
343
348
384
361
339
319
377
364
343
336
379
365
344
337
367
355
337
325
397
346
332
320
381
370
327
340
371
355
345
338
365
348
360
335
389
354
358
330
409
369
350
337
390
341
351
337
374
376
351
320
384
341
344
335
387
389
347
334
381
346
332
356
374
356
340
333
371
355
361
341
374
364
328
358
396
346
349
341
428
379
354
338
392
364
350
355
367
349
338
342
384
368
359
331
372
348
350
338
366
343
332
339
380
378
331
334
368
369
341
320
365
358
325
342
376
388
345
329
374
341
360
323
392
368
332
323
372
347
344
344
371
346
343
340
373
359
341
346
379
356
333
331
385
341
328
338
371
366
327
352
389
341
354
331
387
354
343
344
379
351
331
326
375
364
334
340
364
349
340
328
373
354
342
338
390
357
340
330
376
368
343
345
396
363
353
341
404
358
345
342
398
340
339
347
396
355
321
341
377
372
350
332
381
365
350
330
364
340
330
338
388
343
343
337
393
364
343
335
381
342
346
352
363
362
328
335
388
365
350
338
392
363
337
338
405
382
347
349
381
356
364
328
381
365
349
347
400
368
355
332
378
359
335
330
382
358
339
345
391
355
335
335
390
359
338
345
371
344
335
366
376
378
363
342
367
359
338
338
373
359
334
352
406
364
336
332
378
347
338
352
370
367
336
355
380
382
359
338
361
354
354
345
384
365
336
339
379
350
325
331
391
358
340
333
354
347
349
345
394
390
333
340
378
376
334
347
377
348
342
353
387
368
339
329
380
358
346
324
371
362
341
357
374
351
333
336
371
355
355
331
375
371
335
333
370
370
360
336
373
368
338
359
379
358
343
367
375
354
337
339
380
352
359
341
379
346
335
331
368
357
343
334
378
370
331
353
370
369
354
338
385
376
345
356
356
363
327
335
398
380
327
339
382
359
343
343
377
357
354
343
370
358
343
341
375
363
344
343
360
353
340
333
388
360
348
339
382
362
348
341
382
369
355
340
370
364
339
355
380
353
334
332
380
354
382
328
363
361
325
342
372
364
325
355
380
343
332
327
378
366
330
350
395
362
343
352
415
344
338
346
387
352
360
348
389
360
352
337
389
353
343
355
395
356
348
353
401
356
329
330
358
358
335
336
383
365
357
332
395
358
327
344
370
359
352
342
365
359
341
345
352
370
342
341
364
348
362
322
393
358
348
345
366
357
346
340
373
348
351
328
384
365
345
345
384
353
366
325
392
347
342
330
365
357
339
338
395
348
338
353
385
368
347
327
381
366
350
332
365
351
348
341
362
344
359
335
372
351
325
352
359
356
336
334
346
353
345
340
362
352
356
331
371
351
323
345
387
359
367
346
367
356
349
331
394
361
346
333
377
357
344
340
366
362
352
333
383
337
343
343
378
363
336
337
366
373
356
328
364
350
345
339
366
357
335
358
378
356
332
334
408
368
341
344
375
351
345
330
384
350
340
326
382
358
332
335
355
346
335
327
378
345
338
320
377
346
332
331
360
343
342
322
361
342
355
332
375
336
341
351
385
338
327
331
378
348
350
330
364
351
346
342
371
349
354
339
368
369
333
344
387
363
349
338
372
346
343
331
379
386
348
332
377
361
352
340
358
358
333
331
376
357
341
322
377
363
340
336
376
356
339
349
382
364
342
319
380
352
347
326
366
355
345
341
349
354
335
344
362
378
342
340
368
351
332
342
382
357
340
355
384
351
357
341
376
346
352
321
403
345
367
343
364
344
334
340
385
356
341
347
368
354
337
334
376
343
344
337
387
369
338
320
395
348
343
338
357
363
348
339
362
365
335
348
365
348
345
340
392
350
353
350
360
359
327
334
374
345
347
371
347
361
339
330
362
367
356
338
355
352
351
332
380
352
333
332
363
345
346
340
378
362
341
328
388
344
363
361
368
358
332
340
345
349
365
348
363
363
342
343
364
360
330
336
375
347
337
328
373
360
329
334
382
349
346
367
364
347
348
341
372
366
359
333
389
342
342
334
369
373
336
345
364
341
329
327
369
358
350
344
396
359
349
334
367
361
330
329
383
335
341
356
360
354
346
335
393
359
339
346
388
351
332
335
381
347
348
326
373
363
340
338
375
335
320
326
390
339
325
337
362
364
333
350
369
353
359
357
385
362
336
338
384
358
349
335
378
364
355
352
357
354
332
337
368
349
349
345
382
363
346
330
348
367
350
340
372
386
331
338
386
344
325
333
384
377
340
345
377
364
332
334
370
356
336
347
396
378
337
342
371
356
331
323
364
341
365
334
416
377
335
337
387
354
354
349
376
364
352
350
357
349
369
341
363
346
366
329
358
352
347
331
375
362
349
349
366
363
326
350
375
351
338
335
367
360
339
332
359
356
344
335
374
348
346
331
348
350
366
346
387
355
355
365
365
356
348
338
369
343
346
350
372
355
357
349
379
346
335
352
372
352
350
341
391
347
334
340
392
356
337
343
350
356
339
329
377
352
341
339
377
367
365
338
385
371
342
329
367
352
329
327
377
362
345
349
370
364
342
322
368
343
347
345
396
351
336
341
364
336
342
338
382
365
336
346
353
345
344
342
376
361
330
332
376
367
344
330
375
365
328
338
370
351
342
336
373
361
343
330
351
368
336
333
375
357
355
344
379
344
338
346
374
345
353
348
355
361
324
329
371
350
347
340
372
357
337
325
362
358
343
333
381
374
352
340
372
363
352
336
363
349
368
331
356
346
344
336
378
368
331
329
356
355
339
340
371
341
339
329
362
361
349
347
378
373
335
330
356
354
341
335
373
354
338
339
367
363
343
331
371
360
344
331
355
358
361
338
356
339
365
333
380
371
357
337
379
354
328
346
394
347
349
337
382
345
372
325
367
349
346
333
375
339
339
318
370
352
337
346
377
358
355
324
375
375
353
340
375
380
330
345
375
356
347
327
382
353
349
341
396
341
347
335
355
363
340
341
358
373
341
325
369
350
342
330
354
363
352
344
363
337
348
353
368
349
344
325
398
345
348
350
363
358
345
360
358
353
343
329
360
346
341
348
368
358
349
336
377
370
342
342
358
360
338
338
387
335
340
339
373
357
329
337
388
350
340
336
370
359
342
342
365
352
324
324
372
348
337
339
371
360
343
339
362
354
336
328
376
366
339
340
362
355
351
350
363
347
336
329
382
380
340
323
365
356
353
337
359
359
327
336
376
344
357
347
364
342
352
348
367
374
342
333
367
343
350
344
366
350
358
347
368
354
342
329
377
383
339
323
373
352
352
355
364
348
346
345
369
367
356
343
360
363
335
357
374
354
342
327
368
350
358
336
372
346
362
347
370
344
343
331
367
356
342
345
380
359
358
327
401
350
341
350
369
357
329
340
373
361
337
337
366
344
332
330
356
343
338
355
393
345
335
364
386
345
331
339
364
363
347
344
382
361
336
331
397
351
340
316
373
334
333
351
340
356
340
332
361
346
341
328
380
347
334
351
365
369
344
333
384
349
334
328
396
367
344
343
365
367
341
340
361
358
347
334
383
354
352
338
375
365
338
354
367
351
350
332
371
370
331
336
365
353
351
339
374
350
350
335
385
369
359
343
365
361
357
344
358
352
341
322
367
349
381
335
367
365
330
349
349
350
330
342
360
346
346
341
364
338
339
337
375
350
345
356
363
348
345
351
386
341
343
341
363
352
344
339
365
358
329
339
374
371
355
344
364
359
350
355
358
365
357
337
361
355
335
346
362
348
345
337
369
364
340
353
564
351
322
353
379
352
347
334
357
373
348
346
368
355
344
323
365
351
346
326
360
368
352
338
374
354
342
344
361
361
325
340
377
349
338
343
370
354
341
358
362
356
344
332
362
348
325
332
360
364
335
339
367
352
337
330
383
385
348
339
380
340
330
326
387
353
346
323
347
367
358
335
357
356
343
320
377
349
356
328
383
358
337
347
375
355
334
345
366
356
342
317
361
357
346
347
389
346
342
333
377
368
335
345
387
372
347
339
366
365
339
335
368
346
337
351
377
365
338
334
357
356
327
348
366
349
346
347
352
356
334
330
385
361
348
342
354
339
333
345
372
344
331
324
371
371
330
336
373
369
342
342
365
365
336
343
367
356
353
330
393
350
338
350
354
345
351
345
370
365
365
340
367
355
336
338
378
373
340
334
377
371
349
335
359
359
348
337
360
370
350
322
358
343
339
336
411
371
348
330
375
344
340
341
382
343
355
346
393
359
339
331
376
374
352
318
373
356
337
333
370
342
344
360
379
339
327
353
361
364
349
339
359
335
352
365
381
356
333
345
362
356
357
329
367
343
343
330
344
350
336
351
369
361
337
344
360
348
344
332
370
353
337
349
390
351
343
325
393
351
347
343
374
352
350
333
372
375
343
336
364
361
330
329
395
344
335
329
382
369
337
331
387
358
354
343
364
362
339
332
364
368
324
330
386
349
334
344
356
353
342
332
381
365
330
342
362
362
329
332
357
354
361
330
366
353
331
326
379
382
346
331
368
351
331
325
357
366
351
346
363
376
335
342
364
361
332
332
384
357
345
335
378
375
347
335
364
366
333
339
351
344
343
335
377
347
341
331
377
356
326
337
369
375
335
340
363
381
327
348
377
349
341
333
373
341
340
347
349
370
352
330
381
349
355
336
366
363
330
344
339
355
361
340
366
356
340
329
366
367
338
342
360
348
343
335
384
359
351
324
374
365
355
333
361
369
322
348
368
348
346
326
375
369
332
350
370
344
355
343
368
355
331
322
390
345
364
335
363
357
330
351
384
354
327
347
359
343
321
346
375
367
335
338
368
351
342
336
371
367
355
328
365
356
357
340
369
359
348
336
358
340
335
344
366
349
330
347
361
358
360
352
353
360
335
336
384
364
342
332
384
357
344
340
382
363
362
344
366
349
340
351
359
351
347
355
369
357
353
341
374
358
335
346
375
351
339
345
377
366
347
340
376
353
349
342
359
363
361
336
377
355
349
342
374
361
353
333
359
363
338
336
363
371
326
354
355
363
346
347
357
352
336
330
364
355
332
357
362
343
355
351
383
369
341
345
400
352
339
342
371
362
338
327
366
376
350
351
376
369
350
356
361
353
333
320
390
367
366
351
392
344
353
340
376
368
330
340
373
343
334
350
362
351
328
351
374
353
335
347
385
349
349
340
361
354
348
353
367
382
341
346
374
353
331
332
371
340
340
343
372
366
363
340
386
362
351
330
369
369
378
341
391
363
348
329
376
365
347
340
375
368
342
339
369
350
348
327
396
367
342
353
358
353
349
343
361
353
330
351
379
366
326
336
365
359
335
336
386
357
344
348
374
354
334
328
395
348
361
327
371
355
338
335
372
343
343
327
382
373
336
340
375
364
341
337
384
349
334
327
381
367
325
337
380
352
340
336
369
357
347
348
391
355
339
332
369
368
338
348
381
358
347
345
359
361
332
345
380
356
339
334
394
352
342
335
374
341
350
351
380
345
346
350
382
347
350
331
402
347
344
342
388
350
343
345
368
364
350
332
405
363
333
340
364
340
342
365
379
362
327
337
363
367
330
329
394
352
338
335
374
364
342
346
369
365
348
327
371
371
343
356
357
355
322
340
364
352
349
332
379
379
338
342
373
353
343
340
386
353
341
337
376
368
332
345
390
377
347
337
380
352
338
338
355
361
346
334
361
364
317
350
367
349
325
341
390
344
351
342
378
358
325
368
379
366
348
337
373
359
342
339
363
382
338
344
391
357
353
338
357
353
327
345
401
377
322
346
383
368
343
323
381
357
340
341
386
358
373
334
367
342
336
350
364
360
362
322
383
346
352
341
365
361
335
332
365
357
354
340
381
352
349
342
377
375
333
350
376
366
333
332
367
360
354
340
373
357
329
323
390
363
331
355
369
359
365
341
374
352
353
350
378
369
339
328
385
383
341
343
422
356
339
337
410
358
349
350
396
348
325
343
390
365
339
348
371
348
347
369
362
352
351
342
274
273
272
272
273
273
272
272
389
355
272
272
272
0
0

