;UFOS3
;Measurement details: channel = S, date = 28.08.2020, time = 06:11:59
Exposure=1100
Gain=0
Temperature=25.9
Accummulate=4
1.9409321700692523 mu
1.9596567181718172 amas
30.711 hs
0 ozone
0 uva
0 uvb
0 uve
[Value]
0
274
275
274
273
273
275
273
377
357
314
306
384
343
310
325
385
343
317
318
393
355
348
321
401
371
332
338
403
410
364
344
374
380
332
330
433
386
341
337
384
369
338
344
409
375
354
327
412
377
331
338
408
375
356
344
412
371
345
363
410
359
328
370
401
366
338
347
396
366
344
328
406
363
345
333
394
373
335
345
410
360
352
330
377
355
340
352
402
353
341
340
410
377
331
336
417
365
332
332
373
377
332
332
410
361
347
328
387
373
351
328
394
379
335
354
389
369
349
334
396
366
351
328
394
390
348
354
388
365
351
337
411
378
353
339
407
362
342
327
400
375
346
332
394
381
324
355
408
365
332
335
402
361
353
345
399
371
335
344
427
364
336
344
383
375
344
345
393
364
338
336
410
372
349
337
424
372
342
341
418
362
336
332
393
373
330
335
405
370
343
350
419
376
341
357
393
365
338
328
415
355
342
329
405
382
330
324
401
368
328
349
405
381
351
356
401
356
353
332
421
380
340
350
377
366
338
337
373
371
328
345
421
362
339
343
390
372
346
341
388
381
340
323
392
351
343
342
395
355
354
336
398
363
340
325
387
367
343
334
377
360
353
322
411
350
350
335
398
360
324
344
422
361
333
359
413
371
347
328
402
350
326
354
399
361
325
350
397
375
353
346
421
358
337
357
402
377
342
343
379
370
342
344
391
365
349
341
408
363
334
341
396
378
363
333
414
349
357
337
396
363
326
360
391
370
335
337
397
366
361
348
395
376
358
338
424
377
355
351
412
367
335
331
400
404
336
322
386
355
360
328
389
381
340
363
414
360
331
350
407
358
356
331
392
353
346
339
404
370
338
349
385
373
348
344
406
377
344
326
400
358
344
346
397
359
344
328
393
346
350
331
385
381
350
340
411
368
350
354
408
354
348
328
387
374
334
337
391
387
326
330
405
361
345
328
387
369
330
343
388
387
355
330
392
366
338
346
400
376
343
335
402
365
344
331
395
372
334
334
398
389
351
364
400
359
351
346
394
357
326
353
386
389
334
346
375
373
333
343
395
371
350
351
391
363
339
348
391
364
341
365
389
377
349
348
392
403
342
337
394
363
333
338
395
368
354
334
402
355
355
351
401
364
372
338
396
351
340
326
373
392
347
332
388
383
330
328
386
364
349
339
402
366
355
345
401
367
343
333
402
358
347
348
395
357
342
340
397
367
334
345
385
357
329
335
395
360
344
350
404
375
344
343
388
379
347
344
375
375
346
340
383
374
336
354
397
372
345
341
414
383
338
348
402
370
336
348
409
384
338
339
404
370
330
345
379
354
361
338
395
369
341
345
399
357
358
350
389
367
352
338
400
378
353
338
382
367
334
354
382
361
331
336
393
358
350
350
383
377
345
365
387
363
329
345
390
360
348
353
381
366
346
361
397
361
350
347
386
364
353
366
384
383
353
358
390
360
349
337
414
348
360
346
384
363
344
351
397
358
347
333
384
372
358
341
407
374
339
339
389
355
344
345
409
364
345
349
391
380
334
349
400
370
356
357
399
357
357
354
386
375
333
342
387
367
332
324
387
388
383
357
399
373
340
354
394
352
342
329
405
370
351
346
398
378
367
327
389
365
371
345
390
370
337
360
394
365
366
350
391
372
346
332
398
371
355
361
401
377
359
349
398
369
358
369
407
363
348
352
394
357
363
363
380
366
352
359
400
389
352
338
396
363
361
344
398
373
344
331
420
374
354
339
409
370
341
339
428
381
350
360
395
370
366
356
404
371
337
340
399
373
376
343
399
376
368
350
412
356
339
359
418
370
363
350
384
360
364
370
404
373
394
367
395
386
363
354
399
376
363
344
408
385
363
352
405
386
378
354
405
392
377
347
408
385
359
350
398
368
375
346
429
386
366
355
395
376
347
354
402
386
391
369
403
381
351
359
409
391
343
339
402
378
345
351
412
389
358
360
401
385
353
359
404
383
357
368
409
393
373
364
398
398
371
374
420
392
358
360
420
384
354
362
426
409
362
364
442
407
384
371
410
393
396
365
431
400
376
368
415
386
384
373
441
404
374
365
408
406
386
362
425
388
367
358
418
412
376
386
432
412
401
375
406
388
379
384
432
390
373
375
430
394
366
392
465
423
385
371
430
408
368
404
436
404
411
382
458
403
389
371
454
428
397
388
448
388
400
395
445
419
394
385
449
408
397
402
443
425
409
397
438
414
407
383
441
422
389
401
431
418
395
395
425
423
387
396
444
414
389
400
435
442
418
413
461
426
414
412
442
423
406
401
454
416
418
395
443
439
415
420
451
407
397
408
433
432
408
414
447
404
392
393
442
416
396
385
425
424
398
436
451
430
419
413
457
428
406
408
442
430
432
420
466
436
421
428
465
448
423
401
460
450
427
422
467
452
429
420
451
437
413
402
473
419
403
393
451
441
391
408
440
421
412
405
432
411
430
401
459
423
432
399
486
445
426
417
472
422
433
422
458
463
433
401
466
425
427
416
468
471
434
412
461
426
408
436
452
434
416
411
453
428
444
422
457
449
411
445
486
435
442
433
515
477
450
437
492
464
448
457
472
452
443
446
491
474
466
437
476
452
457
442
472
443
432
437
475
473
426
430
465
466
431
410
459
455
417
441
473
486
442
430
476
444
463
425
497
477
439
430
478
457
454
453
480
453
452
450
477
467
444
449
479
453
431
426
480
434
424
433
467
467
423
449
489
444
455
432
491
458
447
452
486
461
440
436
491
481
450
457
485
469
463
449
499
479
469
467
521
486
472
461
512
504
478
486
537
503
495
482
545
499
483
481
540
475
477
484
532
495
449
475
507
503
480
465
511
495
483
455
498
474
467
476
530
485
489
485
548
518
497
495
538
501
509
517
530
532
495
505
565
543
521
507
565
532
508
506
576
553
517
520
555
530
534
493
549
533
519
515
574
533
516
497
545
524
499
493
550
521
508
508
554
512
493
495
550
515
491
499
523
497
486
522
532
532
514
490
516
506
487
485
520
508
479
500
552
510
482
477
525
493
484
499
512
515
484
506
528
537
512
492
519
511
513
513
551
534
506
513
555
530
507
515
580
548
533
525
547
542
543
542
592
593
530
545
581
587
540
553
579
552
540
551
585
571
533
523
571
548
533
510
553
542
519
538
551
522
507
510
546
531
534
506
555
547
514
512
547
550
541
519
561
556
524
548
568
550
533
557
568
546
529
532
576
547
559
541
578
546
536
532
573
561
545
533
580
575
535
559
575
573
558
541
590
582
547
560
556
567
530
540
607
582
535
548
600
573
555
552
589
560
560
549
570
556
539
538
571
558
538
539
555
546
528
524
586
550
535
528
573
550
534
532
577
566
559
544
583
574
546
567
589
561
546
539
591
559
592
530
567
569
532
547
579
570
528
560
582
546
533
530
584
573
536
562
604
575
556
568
635
555
547
554
587
546
548
529
566
531
522
506
558
515
500
514
554
512
506
511
556
512
484
492
518
521
497
500
555
533
525
499
569
518
484
503
521
509
500
489
510
507
488
493
501
525
499
504
527
514
531
491
568
526
519
512
536
531
524
514
545
522
523
500
558
540
512
518
558
523
544
498
568
525
522
508
553
540
528
528
588
537
527
549
578
561
539
514
570
553
533
510
552
531
532
521
547
529
552
522
560
539
515
546
552
559
542
541
558
566
563
561
583
573
575
550
588
574
543
567
616
578
586
566
582
568
561
542
605
568
549
542
587
570
551
549
577
569
559
539
591
540
540
547
582
564
544
541
571
576
560
533
570
560
559
554
586
579
554
582
602
586
560
566
649
611
574
584
612
587
578
563
625
584
574
559
617
591
564
574
593
584
577
564
623
595
583
563
626
591
574
572
602
591
594
570
610
589
604
575
619
576
578
588
617
563
548
551
590
558
557
532
564
547
529
523
553
527
527
509
537
540
499
510
555
537
520
515
556
534
535
528
585
598
558
544
595
578
575
560
586
585
560
565
610
590
576
553
610
593
568
560
604
582
558
565
599
580
551
522
590
556
549
524
567
554
541
535
545
548
526
536
557
573
540
539
573
554
537
552
596
575
556
575
602
567
575
554
590
555
561
525
615
551
574
543
561
537
521
525
573
540
524
528
546
533
514
515
552
522
523
521
567
556
524
506
584
538
533
529
549
557
544
532
554
559
528
539
556
544
531
527
584
536
534
535
541
545
507
514
560
528
532
558
523
539
515
499
527
539
525
508
529
529
534
513
571
540
525
526
561
545
547
544
591
576
553
546
618
571
593
590
604
597
571
576
577
588
600
587
597
600
572
572
592
586
554
562
597
566
551
544
587
569
536
543
594
560
557
583
578
560
565
558
596
592
588
558
619
568
575
565
600
610
567
580
599
573
558
553
587
570
557
553
601
559
550
529
573
566
534
537
599
544
564
578
578
577
578
568
637
605
584
601
646
612
596
600
650
615
612
591
641
630
614
617
657
613
595
604
675
621
608
625
643
651
620
641
654
639
648
651
679
658
633
627
680
650
641
624
679
663
658
652
658
654
628
636
664
646
647
629
668
653
631
608
627
657
632
617
655
665
600
603
657
608
588
595
645
639
602
608
647
631
605
606
645
632
606
613
658
639
587
588
617
607
573
565
604
570
593
553
637
589
538
536
587
545
541
537
565
551
544
547
552
546
575
537
559
550
571
531
569
559
557
544
588
574
554
550
565
554
512
535
560
528
513
511
535
525
497
486
512
498
489
476
519
489
490
473
494
501
519
499
546
515
518
534
537
534
527
524
553
535
545
553
581
568
574
568
607
573
564
585
610
586
593
583
634
592
573
586
640
599
581
580
590
595
573
562
605
580
564
554
598
584
578
546
589
571
534
520
546
534
509
506
561
543
529
530
552
551
523
503
556
528
539
536
592
547
535
545
564
533
535
537
580
558
527
533
542
534
536
537
572
555
522
520
570
559
542
525
580
576
541
557
604
588
584
589
628
620
604
586
607
619
583
575
623
605
600
588
618
578
568
573
601
563
573
568
573
575
536
545
590
574
577
573
611
610
593
580
628
622
608
600
657
652
627
609
646
636
625
611
631
612
634
589
610
598
592
583
629
613
572
571
596
600
590
589
625
593
603
595
636
636
627
633
670
673
634
637
674
675
665
663
709
687
677
679
713
709
684
675
723
710
690
681
700
709
711
686
698
681
712
670
723
714
691
671
719
685
656
669
721
670
673
658
705
670
699
648
698
680
670
664
712
671
673
646
703
689
664
680
708
685
677
647
698
693
665
649
680
684
626
641
673
655
641
620
673
642
637
627
683
625
633
620
636
646
619
627
635
659
622
601
660
641
628
619
642
655
640
638
657
634
648
656
676
656
655
633
717
652
663
662
676
672
659
679
665
661
650
641
679
660
660
664
679
673
654
634
677
665
628
622
639
632
603
595
644
576
578
576
608
596
560
569
629
584
582
585
622
620
603
615
637
631
607
610
674
650
639
644
678
666
646
636
653
636
613
596
640
625
588
580
595
587
575
569
581
568
556
551
607
600
557
540
594
587
592
579
606
613
583
594
641
607
622
607
623
596
608
595
600
605
562
548
580
553
556
545
565
546
548
529
553
536
527
515
571
579
539
527
591
570
573
588
603
587
583
583
614
611
602
584
610
604
568
587
595
568
549
527
566
543
550
526
571
549
569
554
579
557
563
565
610
609
603
613
657
646
650
618
700
655
635
658
670
665
626
641
673
664
635
631
659
627
616
607
635
618
611
635
676
625
616
653
679
637
625
637
661
661
643
640
683
652
634
635
712
666
661
637
701
659
664
689
681
703
692
694
728
719
713
698
760
734
722
747
765
770
744
744
797
761
745
742
813
794
766
772
801
796
765
764
785
776
782
749
793
760
751
733
760
751
715
730
740
713
713
683
724
720
672
672
703
685
687
669
709
679
680
662
708
689
675
658
680
670
665
645
660
653
650
629
684
667
707
666
703
706
675
700
706
707
695
711
733
726
723
730
751
724
725
721
768
741
730
744
748
730
723
728
760
703
708
696
720
698
685
677
700
690
654
661
690
683
650
630
645
631
618
620
621
624
622
599
618
617
587
605
617
599
592
575
601
589
563
571
829
567
537
574
596
566
562
543
563
570
541
538
555
543
532
510
551
539
534
514
550
561
542
525
561
542
526
523
540
542
501
520
554
530
522
532
569
552
542
557
575
571
560
556
594
580
564
579
613
630
601
615
649
635
615
609
669
673
632
623
669
622
614
605
668
633
627
600
623
646
634
604
622
625
604
577
638
608
611
574
628
598
565
579
603
583
558
576
602
595
583
557
605
608
594
600
645
605
608
602
656
648
618
630
674
661
631
618
641
633
601
590
625
596
584
601
629
618
592
594
617
619
586
606
630
611
601
608
614
626
611
604
664
639
628
611
623
607
602
610
635
602
595
581
632
632
584
594
640
640
607
604
626
625
593
598
627
627
623
604
675
635
618
637
641
637
649
650
682
682
689
667
702
694
680
691
737
728
701
692
743
733
712
698
726
727
717
701
730
740
720
686
721
704
698
688
766
723
698
680
728
698
699
705
743
703
718
709
770
742
716
717
771
776
754
722
782
777
763
759
798
767
779
792
807
766
754
783
783
789
772
753
765
734
740
757
772
744
705
713
735
723
722
685
726
689
689
668
682
687
660
665
684
668
636
641
646
627
610
591
618
593
556
557
589
537
517
487
554
500
492
483
511
484
481
466
510
511
478
483
516
522
500
509
585
539
543
548
609
606
571
575
640
621
620
621
648
654
634
629
671
674
625
643
740
671
662
679
701
696
689
677
738
725
688
708
732
734
696
694
729
727
732
693
734
719
695
692
744
748
705
687
726
703
675
660
693
697
670
663
669
677
624
627
645
629
596
579
623
582
558
532
564
555
515
491
517
518
477
479
490
481
476
469
513
478
476
472
528
510
488
504
550
568
533
552
587
617
568
605
645
622
623
622
673
642
651
662
670
701
685
658
723
689
698
682
709
710
673
686
683
706
711
685
718
702
685
670
716
725
689
693
721
705
701
692
751
719
719
686
746
735
718
698
725
732
675
706
729
705
710
685
733
730
693
707
734
701
718
708
736
724
696
693
758
712
729
696
729
718
692
712
744
711
682
703
712
703
677
702
740
728
688
699
729
714
710
705
754
750
738
711
752
742
744
716
752
736
732
721
747
726
722
729
756
741
716
731
746
746
749
742
738
746
719
724
769
759
739
727
782
754
737
739
780
760
765
738
762
738
727
739
740
739
725
733
748
728
727
709
737
722
692
707
738
714
701
703
745
742
723
724
767
741
743
740
761
769
769
748
793
773
765
751
780
763
749
711
730
736
705
701
727
735
686
711
719
725
710
715
725
718
696
702
738
729
723
750
755
742
763
758
791
776
744
742
799
747
726
735
760
747
710
703
745
758
731
731
758
748
723
727
727
716
694
681
754
731
730
717
759
707
718
704
741
736
697
709
736
702
698
715
732
725
704
732
760
733
718
728
765
736
735
722
740
729
722
720
732
744
700
700
730
714
692
696
744
707
707
714
744
738
736
704
759
737
726
706
753
750
763
722
780
757
741
717
773
757
740
731
765
761
734
725
760
743
740
713
792
767
739
747
747
737
728
717
730
720
688
710
736
716
670
674
704
689
656
655
697
660
641
642
666
643
619
609
676
626
643
608
655
635
619
622
656
630
632
622
686
678
644
647
691
678
657
653
703
669
652
643
705
688
645
660
705
677
662
657
698
679
670
673
712
675
658
651
691
691
654
661
697
670
656
655
666
664
631
648
680
653
630
630
688
651
638
626
665
623
638
636
664
629
627
630
659
618
623
601
672
610
607
602
652
609
606
604
627
628
611
589
666
620
594
602
630
602
608
635
650
633
599
606
627
633
592
588
654
607
588
587
626
617
594
597
619
613
595
567
615
614
580
598
598
593
563
584
608
598
594
575
624
622
579
579
611
591
576
574
620
588
566
567
608
601
561
578
623
611
578
565
618
589
571
574
593
602
581
575
600
611
555
596
610
590
565
582
635
582
593
584
620
595
560
606
611
601
576
559
595
582
563
559
585
601
551
563
609
571
571
546
567
564
529
558
613
590
530
555
597
577
562
531
599
575
556
554
600
572
593
546
577
558
548
566
574
573
575
532
595
554
561
549
578
569
545
538
577
567
570
555
601
567
564
559
595
595
547
571
595
586
547
546
582
569
566
552
582
565
529
527
596
559
524
551
566
553
564
541
571
551
557
546
581
579
545
535
596
603
555
558
641
575
553
555
639
579
576
577
625
572
551
577
619
597
565
576
598
580
575
602
591
581
555
468
274
273
273
273
273
273
272
274
621
586
274
273
275
0
0

