;UFOS3
;Measurement details: channel = D, date = 28.08.2020, time = 07:32:13
Exposure=1100
Gain=0
Temperature=26.7
Accummulate=4
1.772219595158769 mu
1.7850067273000823 amas
34.087 hs
0 ozone
0 uva
0 uvb
0 uve
[Value]
0
277
278
277
276
277
275
276
381
362
315
309
386
345
307
325
388
345
318
319
396
359
354
323
403
375
332
343
408
419
375
346
377
386
337
334
439
389
347
338
391
377
343
346
414
384
362
330
416
381
336
342
415
379
362
351
422
379
357
367
416
362
331
376
406
369
343
353
399
370
348
332
411
368
349
335
398
380
341
351
418
364
357
334
381
360
345
360
405
358
345
347
416
386
334
341
424
368
335
336
374
383
337
337
419
362
352
332
390
375
353
331
399
385
337
359
396
371
353
341
400
372
357
329
396
398
350
361
393
371
352
341
419
382
360
345
411
365
345
329
404
379
353
333
397
384
327
364
415
365
333
338
408
363
357
350
405
376
342
349
434
370
341
348
387
378
349
348
396
369
344
338
413
377
355
339
430
378
347
346
425
365
343
337
399
378
335
337
411
377
348
356
426
382
346
360
394
369
340
330
420
358
347
336
406
389
332
330
407
373
333
356
409
386
354
362
406
363
359
337
424
382
344
355
377
369
342
340
378
378
331
351
428
365
342
347
388
379
354
346
390
388
346
327
397
355
349
347
400
359
361
339
403
369
346
331
392
370
347
337
379
366
359
325
415
351
356
338
402
364
324
351
429
362
337
362
420
376
355
331
408
354
333
359
406
367
327
356
401
382
356
354
428
364
342
364
412
380
346
346
382
374
345
350
396
371
350
342
414
367
339
343
400
385
368
339
422
352
364
342
398
365
329
367
396
378
338
339
404
368
365
353
400
382
364
344
429
385
357
356
421
373
340
333
404
413
339
328
391
362
365
332
392
388
345
361
419
361
333
358
414
362
362
332
400
358
352
343
409
374
341
354
388
378
354
351
413
382
344
331
407
363
349
351
401
364
350
333
398
348
356
337
387
387
355
345
417
373
356
360
409
359
355
331
390
380
336
342
401
392
328
335
410
370
351
334
392
374
333
346
398
393
361
332
395
368
343
352
406
382
348
337
409
375
349
334
400
378
335
338
404
395
357
372
404
363
357
352
396
361
328
359
389
394
339
351
380
381
338
348
400
377
357
358
398
367
343
353
401
368
347
371
397
379
352
353
397
411
351
340
399
368
335
339
403
374
363
340
409
360
360
356
405
368
375
349
401
357
343
332
376
401
352
338
394
392
336
333
389
367
351
341
409
372
363
353
404
372
346
337
408
365
351
351
401
362
344
345
395
372
338
349
388
361
334
341
399
367
349
359
411
378
348
346
391
386
352
349
380
381
351
344
385
379
338
360
404
377
350
348
420
398
344
355
407
377
340
350
412
387
342
344
408
373
331
352
386
356
369
342
400
374
344
353
402
360
365
352
395
374
358
341
405
379
359
345
384
369
334
361
387
365
336
341
397
362
355
365
387
380
344
376
391
368
330
350
396
364
354
360
387
372
351
375
400
368
352
355
390
369
359
370
389
389
357
361
394
365
353
340
422
350
370
353
390
368
349
357
402
360
349
335
387
379
369
347
411
375
344
341
395
363
348
350
418
373
354
355
397
384
336
355
401
374
361
361
404
363
363
358
392
381
336
346
388
370
337
327
393
396
389
363
408
379
348
363
398
356
347
334
411
377
357
351
405
388
374
332
397
371
380
353
398
374
343
368
401
371
375
359
397
381
351
343
407
377
364
369
412
385
367
359
403
375
369
378
413
372
359
358
400
362
371
368
388
372
357
369
408
400
361
345
403
372
371
350
408
378
352
339
428
382
361
346
421
379
350
345
438
391
356
368
404
378
376
368
415
382
346
348
408
382
385
352
406
384
378
359
419
363
346
367
429
376
371
357
394
367
375
380
414
383
402
379
405
398
374
366
409
386
369
352
420
409
376
361
414
394
386
363
417
406
389
361
419
394
369
360
408
376
385
357
437
394
373
363
403
384
355
364
411
394
402
381
414
389
362
367
418
400
349
349
412
387
350
360
423
400
370
371
414
393
361
370
412
396
370
378
418
406
382
376
410
408
375
385
429
402
366
372
431
394
369
376
442
423
374
380
458
423
400
383
423
408
411
379
446
417
388
383
431
402
400
389
454
416
387
378
423
420
404
379
438
401
382
371
430
428
393
397
447
427
417
392
420
403
395
400
449
410
390
392
449
409
383
411
482
437
400
389
446
426
381
427
457
421
428
400
479
419
406
390
472
444
414
406
465
403
419
415
467
441
411
407
468
428
415
421
466
443
430
420
462
432
423
402
459
441
402
422
448
434
413
414
443
440
405
416
467
432
407
419
457
460
440
435
482
444
436
437
462
444
429
416
477
434
440
412
462
459
432
439
468
423
415
424
447
451
425
429
464
423
407
409
459
433
414
402
442
446
415
454
470
453
438
434
478
448
428
429
468
449
457
443
489
459
445
456
487
469
443
424
484
473
448
445
490
476
448
442
471
459
437
422
496
438
424
410
471
459
410
429
458
436
429
426
448
433
449
421
478
441
450
423
505
466
449
438
495
444
459
444
481
483
458
419
488
444
445
437
486
495
452
434
478
443
432
457
470
457
439
431
471
453
467
448
483
471
435
468
509
454
467
461
550
503
473
459
517
489
477
487
497
478
469
477
519
504
491
458
501
479
483
468
493
469
456
461
502
497
448
454
486
487
452
436
479
481
442
463
498
508
467
456
504
472
494
451
525
504
463
456
507
485
485
482
505
475
475
473
504
489
468
469
500
479
453
451
505
454
443
456
493
490
448
479
514
465
476
459
517
486
474
476
511
487
465
463
521
510
478
485
512
497
492
476
529
510
494
495
550
512
500
493
538
534
511
514
571
538
530
513
578
530
515
512
571
505
510
512
566
523
477
501
538
535
510
492
539
522
513
490
525
500
496
509
565
519
521
520
579
554
532
527
576
539
542
554
569
570
530
539
602
574
557
543
596
568
544
541
615
593
552
557
593
562
575
530
589
569
555
550
612
568
555
531
578
561
533
525
584
562
537
543
589
549
521
526
585
549
523
532
557
530
519
552
562
577
548
523
548
540
514
516
553
538
514
532
582
544
510
505
552
520
512
533
546
548
514
538
563
571
547
526
550
544
552
547
589
574
539
551
591
568
542
556
616
592
573
562
586
580
586
584
632
638
577
583
618
626
574
593
617
588
578
596
626
603
572
562
605
584
572
543
592
582
556
572
592
562
544
545
581
572
571
544
593
586
550
543
593
592
580
559
597
594
567
591
607
588
573
603
612
583
568
573
612
589
600
586
624
590
569
571
608
598
583
574
623
618
578
600
613
615
596
577
631
625
585
599
597
609
568
577
651
631
574
593
637
614
595
592
630
601
598
583
607
592
576
575
611
593
576
574
591
581
563
561
625
588
572
564
607
590
579
574
623
607
599
588
621
617
592
607
636
609
585
579
631
602
634
571
608
610
567
590
619
611
567
601
625
582
572
567
623
615
575
605
648
611
597
611
680
597
584
590
623
580
583
565
604
568
556
537
591
548
536
550
587
546
540
543
593
543
514
522
550
557
531
532
591
568
560
529
596
554
510
530
551
547
531
517
542
537
519
526
532
555
548
536
565
548
568
524
606
563
551
550
571
570
557
555
581
557
563
536
594
574
549
554
589
558
580
530
605
559
556
545
589
578
569
568
629
576
565
586
617
599
577
553
603
589
570
548
587
568
568
559
583
570
589
564
598
574
550
588
592
598
580
578
599
609
605
601
625
619
623
598
634
616
585
609
654
619
626
607
624
610
599
582
646
610
592
579
630
611
596
588
610
609
597
578
629
571
581
587
621
605
586
582
611
621
599
572
613
599
600
594
629
622
594
626
655
628
607
613
690
655
622
632
657
632
623
609
673
629
621
599
659
636
611
617
642
630
622
619
672
637
632
609
673
637
620
620
653
637
637
615
660
637
645
619
667
614
619
628
659
607
587
587
634
599
596
575
602
578
563
560
585
562
559
547
572
570
532
544
593
573
556
550
593
572
575
569
629
638
599
587
633
623
613
604
627
626
602
609
660
635
621
592
654
637
614
606
647
626
599
606
637
619
590
561
625
596
585
562
601
593
578
576
583
586
566
577
593
616
582
579
609
595
574
595
637
617
602
619
646
605
613
590
631
593
602
566
654
587
615
582
601
569
554
561
609
574
557
561
581
571
548
547
595
561
557
556
607
594
560
537
626
571
573
569
592
594
578
565
590
597
564
580
594
577
569
564
620
570
573
568
575
580
541
547
593
567
565
591
559
573
550
532
562
576
563
540
563
572
566
554
607
581
563
564
597
583
587
585
629
616
596
595
660
611
637
638
648
640
610
624
625
629
645
636
634
640
619
616
637
628
595
600
639
606
591
579
628
612
576
584
637
600
605
625
623
603
608
601
641
635
632
601
667
608
621
608
644
655
610
620
637
615
594
592
630
610
595
591
639
597
588
569
612
609
576
575
640
584
604
620
623
621
621
613
692
654
629
647
695
662
644
648
701
658
665
635
691
685
659
670
705
662
650
651
726
673
658
675
697
705
670
689
707
696
704
705
738
713
686
681
726
706
693
678
727
714
713
708
709
707
677
692
717
698
697
683
724
699
681
662
678
701
681
672
703
713
647
648
700
656
631
640
695
693
647
658
697
684
652
657
695
680
651
662
709
684
630
629
665
649
614
607
650
614
633
594
674
629
576
571
624
578
574
573
601
592
589
586
589
585
611
581
599
588
612
571
607
603
597
585
624
611
594
587
603
597
546
573
590
564
546
541
567
555
522
513
536
527
516
506
548
511
517
501
516
528
554
531
581
550
552
572
573
566
560
559
591
577
579
592
621
614
615
612
650
628
607
633
653
632
638
623
679
634
621
628
687
642
623
630
633
636
619
608
646
616
602
598
638
628
617
584
623
608
571
547
582
566
542
538
598
581
567
567
590
583
557
539
588
560
572
572
632
585
570
579
602
569
572
572
620
593
564
574
578
568
571
576
610
593
556
555
605
598
576
566
619
618
583
601
648
643
632
633
675
667
649
633
653
664
625
620
668
651
646
628
662
618
611
616
641
606
614
607
614
619
580
584
635
621
625
626
661
658
641
630
675
671
655
652
714
702
672
660
692
683
673
655
681
660
681
631
656
639
636
625
674
666
614
613
642
646
628
638
675
646
652
650
685
690
682
684
729
731
696
693
727
733
729
721
766
756
735
743
773
765
746
733
783
774
752
739
761
763
771
746
762
741
770
734
780
773
755
731
776
742
710
722
776
725
730
716
772
722
760
706
754
739
732
718
771
729
731
705
764
745
725
739
768
744
735
700
752
748
718
696
733
737
680
699
723
706
702
666
729
691
694
682
736
676
682
661
682
696
673
678
690
709
672
650
708
696
685
670
691
710
693
690
710
692
702
709
730
712
714
689
770
713
711
709
730
728
713
730
722
714
709
694
731
717
716
715
734
728
704
683
727
718
678
673
694
676
647
637
684
620
623
620
651
635
602
612
671
633
630
628
675
672
655
664
694
685
656
661
721
707
694
695
738
718
695
683
707
687
660
640
685
666
625
617
636
623
612
611
627
608
597
588
648
646
600
582
633
632
636
627
652
660
629
639
692
654
669
651
669
641
648
640
646
648
604
589
619
587
590
583
597
576
582
566
586
573
559
551
608
615
575
569
628
612
613
632
646
632
628
628
655
658
649
627
645
642
608
630
636
607
584
560
602
577
588
565
604
589
610
597
621
600
612
610
658
658
653
666
720
698
705
671
758
708
690
709
726
719
681
691
726
715
688
686
704
676
657
656
683
666
661
684
729
678
666
708
732
690
682
686
709
713
695
693
739
710
687
697
774
725
714
692
760
722
722
752
746
767
759
755
791
777
775
766
829
795
787
817
835
842
814
808
874
829
817
819
889
869
846
849
872
871
841
840
855
853
843
817
866
828
815
792
828
809
777
791
799
775
770
745
783
778
726
727
760
746
749
727
769
733
732
714
767
744
731
711
732
723
720
696
711
710
699
688
737
726
770
727
765
770
732
762
769
776
758
777
799
791
788
789
814
789
789
792
841
805
803
811
808
787
790
793
823
762
763
758
775
755
742
733
758
743
704
713
739
735
703
679
688
679
661
670
662
676
673
643
667
660
632
655
663
639
629
618
640
633
601
612
852
605
572
614
635
602
595
575
594
604
571
575
591
582
569
541
585
575
568
550
588
598
582
563
601
578
562
559
576
574
534
551
593
566
561
571
608
591
583
603
613
612
603
595
638
630
610
625
662
682
658
666
701
688
667
665
719
728
682
671
718
671
667
655
720
685
674
647
669
693
683
654
675
669
652
622
684
649
651
615
671
637
603
617
649
629
605
624
645
637
634
597
648
655
638
648
699
651
661
652
706
698
671
683
727
714
687
660
687
677
644
637
671
639
627
647
678
662
636
637
658
665
631
652
671
653
652
656
667
673
655
652
715
686
670
660
669
654
649
657
684
650
645
627
679
676
630
640
687
688
660
649
671
671
637
648
676
674
679
654
726
684
671
690
686
689
706
705
740
740
744
729
763
754
739
754
799
791
760
753
802
796
774
759
792
793
775
763
793
800
778
748
784
762
754
745
825
785
759
736
789
764
759
767
811
769
780
770
828
800
787
784
838
842
825
792
856
849
837
834
872
842
852
869
878
837
821
859
859
859
838
820
831
795
807
819
831
804
768
777
793
790
782
747
783
751
746
725
735
737
713
723
734
720
689
690
691
671
653
626
654
627
589
589
621
560
544
514
580
525
520
505
537
508
508
491
536
541
510
515
547
556
531
541
629
577
581
589
652
651
624
626
689
670
673
668
699
704
685
684
724
728
683
699
802
730
723
741
758
757
753
744
803
785
754
769
794
801
756
759
789
788
795
757
795
776
761
749
810
810
765
746
781
763
728
720
745
751
719
709
717
724
668
672
683
672
636
615
655
613
583
563
595
582
540
517
542
541
503
503
515
506
501
496
537
508
506
502
558
541
519
543
587
609
576
591
629
664
611
653
689
674
672
675
725
701
703
720
722
756
743
713
779
748
759
737
769
764
729
747
737
757
765
745
768
763
746
728
774
781
750
752
780
765
768
760
813
784
779
747
804
793
786
759
784
787
734
765
789
763
765
740
796
792
753
769
794
761
784
765
797
782
759
746
821
768
786
752
786
779
754
773
804
770
739
765
779
758
734
764
791
787
748
756
791
775
772
769
808
818
806
770
822
799
808
779
821
804
793
781
811
786
782
792
814
800
775
799
807
814
817
807
800
811
783
786
839
824
802
789
848
816
804
802
851
829
828
805
819
799
796
800
802
793
788
797
811
786
787
767
797
784
754
764
796
772
760
770
812
808
772
790
828
812
804
800
828
838
836
817
860
842
831
818
846
825
807
769
794
797
763
761
785
792
742
774
775
786
766
769
780
772
761
765
806
799
780
811
828
804
829
817
864
845
806
807
864
807
787
796
819
805
775
759
815
821
797
791
824
816
787
784
789
775
750
738
814
791
792
774
817
764
775
756
797
795
751
765
795
763
755
772
792
779
761
790
816
791
776
790
827
792
795
784
800
785
776
778
790
803
753
759
789
769
754
755
804
760
768
773
801
800
794
767
823
797
782
766
814
815
827
788
848
813
800
775
831
816
800
790
823
831
793
788
820
807
803
773
858
827
797
809
804
796
783
776
783
770
745
767
790
771
720
729
754
738
704
702
750
707
691
691
716
688
663
654
728
673
694
657
700
684
666
671
706
680
683
672
735
734
694
703
740
734
706
707
754
716
707
696
761
741
695
713
762
726
714
713
748
736
722
719
765
728
709
704
745
741
705
707
742
722
709
705
712
713
677
697
735
706
676
682
740
698
684
677
714
671
683
683
713
677
676
677
703
668
667
640
712
653
650
641
692
649
647
646
671
667
650
631
713
660
638
644
670
647
654
686
695
676
638
648
676
673
635
629
696
650
628
627
671
660
629
637
658
651
635
608
650
653
623
642
639
635
605
625
650
641
634
619
664
661
618
619
652
631
617
614
654
622
608
610
650
642
601
618
665
651
619
606
654
628
613
618
634
650
626
616
641
652
598
639
648
631
605
622
672
622
636
621
658
635
600
643
648
635
614
601
636
620
603
594
623
638
588
595
644
608
604
586
606
599
569
592
650
628
566
595
637
618
600
567
638
616
591
594
641
612
633
584
617
591
582
599
610
610
614
565
628
593
599
584
612
608
586
575
614
608
606
586
637
604
598
597
630
634
587
609
633
623
582
579
616
606
603
584
617
603
566
556
628
592
558
582
599
588
595
572
606
582
587
586
617
613
582
574
632
639
591
595
683
615
590
596
679
615
613
609
660
610
587
612
659
637
603
612
637
615
614
639
630
618
590
491
276
276
277
277
276
278
278
276
665
627
277
277
277
0
0

