;UFOS3
;Measurement details: channel = Z-D, date = 28.08.2020, time = 07:41:03
Exposure=1100
Gain=0
Temperature=26.8
Accummulate=4
1.7644941841074522 mu
1.7770411631687184 amas
34.26 hs
293 ozone
0 uva
0 uvb
0 uve
[Value]
0
0
1
3
-1
1
-2
-1
3
2
5
0
4
2
2
2
0
4
1
4
1
2
1
3
5
4
3
3
3
3
3
3
2
3
1
5
5
2
1
5
4
5
6
4
2
4
4
5
4
2
3
3
4
4
5
2
4
0
2
-2
2
6
4
-1
5
4
3
3
2
3
3
3
4
6
4
4
2
4
7
1
4
3
4
6
5
3
4
2
7
6
5
3
8
4
2
5
2
2
2
4
6
6
4
4
4
5
5
3
4
3
8
3
2
4
3
1
4
4
2
6
5
4
3
8
2
2
3
3
3
4
2
7
2
4
4
3
2
6
1
4
4
4
1
4
8
0
5
2
4
5
4
3
6
2
3
4
0
3
6
3
1
3
6
3
1
1
3
2
8
2
5
4
3
1
3
3
8
3
7
4
5
6
1
1
4
3
3
3
3
4
2
4
2
5
3
3
5
4
7
6
1
3
5
3
2
8
5
4
7
5
2
5
2
1
1
3
3
3
4
4
0
3
3
2
2
6
1
3
5
2
4
3
4
4
0
1
3
3
2
3
4
6
2
2
3
5
4
3
4
4
3
2
4
6
6
5
3
4
0
6
1
3
3
3
4
3
2
0
7
4
4
3
2
3
2
0
1
1
3
-1
2
3
1
3
4
1
4
3
4
2
3
3
3
4
-1
2
4
3
1
2
1
3
3
3
2
5
4
3
1
4
4
-1
3
4
4
0
3
-1
4
2
3
3
3
6
5
1
5
5
1
1
2
1
4
3
0
0
6
1
4
3
2
1
3
2
2
0
5
5
5
6
3
3
2
3
1
-2
2
3
2
2
4
6
3
3
5
3
2
6
3
2
4
5
5
3
3
2
4
6
2
2
4
4
4
3
5
6
1
4
4
7
3
3
2
6
2
1
3
1
5
-1
4
5
7
5
4
6
6
3
1
4
3
3
6
2
4
3
3
6
1
3
2
1
1
5
6
3
2
6
7
6
6
3
4
3
3
1
4
3
3
5
4
4
4
4
5
3
2
4
2
7
4
2
2
4
3
4
6
5
2
5
4
3
3
4
1
2
5
4
4
5
1
3
4
3
3
1
4
2
2
2
7
5
5
3
4
2
5
6
7
7
4
4
4
5
4
5
2
4
4
5
4
2
7
5
3
3
4
2
5
5
3
6
3
5
2
6
2
0
2
5
2
0
2
2
3
3
4
5
3
2
6
5
3
4
6
4
4
7
4
1
2
4
4
4
3
3
3
5
4
5
3
4
3
4
7
2
5
4
1
2
10
2
6
4
5
5
8
4
2
2
8
3
6
2
3
5
9
4
3
5
6
5
2
4
3
3
4
7
6
3
5
1
5
5
2
3
5
2
7
5
5
5
5
4
2
4
4
6
6
4
2
5
3
3
5
2
6
4
4
5
9
4
8
6
2
3
5
9
3
5
5
4
8
7
5
6
3
7
4
6
7
5
7
6
7
7
6
7
4
8
9
6
5
7
2
7
5
4
7
5
3
8
9
8
5
6
7
7
7
9
8
9
7
7
9
7
7
6
8
9
10
8
9
6
10
9
12
11
11
10
5
8
8
8
10
9
10
11
9
8
9
10
9
7
9
11
11
10
10
12
13
12
12
14
10
18
18
13
15
16
17
17
19
19
16
19
18
19
21
22
21
20
21
20
21
21
21
21
20
20
21
21
20
21
24
23
22
18
21
19
21
23
20
23
23
25
24
26
25
27
26
26
27
27
29
28
31
34
33
31
32
36
34
39
36
35
35
43
37
38
38
41
40
38
41
37
41
38
36
34
37
38
35
36
36
37
38
38
37
40
38
39
38
42
42
41
44
41
46
43
45
44
46
45
45
47
46
47
49
54
51
50
53
57
53
55
61
59
65
63
62
60
61
65
64
62
64
66
67
70
66
71
69
70
65
67
68
68
69
68
70
67
69
71
70
72
66
73
73
71
72
76
69
73
73
75
72
72
75
73
69
70
71
67
69
66
68
69
67
67
68
68
66
69
69
70
68
70
73
72
71
70
70
75
75
73
74
75
78
76
76
80
78
80
87
87
89
88
94
98
103
103
110
113
116
119
124
124
126
129
135
131
136
135
135
135
134
141
140
138
141
138
137
139
133
137
141
139
140
136
137
139
136
136
137
136
139
137
136
141
144
142
144
149
145
145
152
148
155
157
159
163
162
165
171
172
172
170
175
177
181
175
176
177
176
179
180
184
181
179
187
182
180
181
182
186
189
189
197
194
196
199
206
209
208
211
220
217
221
217
222
218
218
217
218
215
214
211
209
210
206
204
211
208
212
213
214
215
217
220
223
230
231
234
244
251
247
246
254
250
251
245
248
244
241
236
234
227
219
219
212
209
208
200
197
193
195
191
195
194
189
189
199
202
200
206
214
221
218
226
229
236
236
240
248
252
252
259
268
273
270
277
280
280
290
290
298
292
295
295
302
302
306
304
310
310
309
304
298
296
292
288
278
271
268
260
259
252
243
247
243
243
239
232
237
234
230
232
230
238
241
246
257
259
271
274
280
290
289
291
297
298
298
294
298
296
294
290
289
281
283
282
281
277
271
274
275
269
268
273
269
272
276
279
285
290
297
300
308
316
316
316
330
332
334
338
343
351
350
354
360
366
367
366
375
371
377
372
380
374
370
368
364
365
357
350
348
340
334
334
333
328
321
325
324
324
322
328
329
339
341
346
354
361
364
364
368
375
378
382
385
389
385
390
385
380
378
374
376
372
368
361
355
349
341
342
338
336
334
332
340
335
344
343
344
345
343
350
350
358
359
366
378
375
380
384
393
395
403
408
415
418
416
418
421
434
431
433
445
446
452
450
463
463
468
471
483
480
486
489
480
480
483
480
477
477
468
458
467
456
458
451
456
452
446
443
445
438
443
440
449
456
455
461
472
483
482
490
500
509
516
534
537
549
553
553
564
567
572
573
584
586
585
583
590
579
571
574
578
581
580
581
581
580
578
578
581
587
576
567
571
566
559
560
559
558
558
561
558
562
556
558
548
538
541
532
531
531
525
533
519
527
515
516
516
515
514
509
508
498
497
494
503
493
488
495
496
489
489
494
491
484
485
489
493
495
496
495
507
507
509
517
524
530
536
543
549
561
571
585
588
594
603
620
627
637
631
649
653
652
655
657
659
668
667
677
681
684
682
677
679
678
672
670
676
668
660
659
650
644
637
626
614
616
600
607
600
589
588
588
590
592
587
592
600
604
602
600
604
606
608
620
610
621
622
622
629
634
635
636
637
641
639
640
655
658
653
660
665
667
668
666
667
666
673
666
672
671
670
676
676
674
668
671
667
673
667
664
669
657
669
668
683
682
678
696
695
693
691
688
688
675
658
667
660
654
649
642
646
641
643
636
639
628
625
619
621
620
608
608
615
609
617
614
635
638
643
656
673
672
672
679
685
689
681
684
680
669
666
662
663
659
666
669
661
661
653
655
653
652
644
653
662
661
653
663
666
666
676
680
685
683
674
660
647
628
607
598
578
562
550
544
532
524
515
509
502
497
501
495
492
489
495
498
508
516
517
518
527
530
530
526
523
517
506
496
490
482
472
465
462
458
461
464
470
482
486
498
509
515
521
530
535
544
541
542
547
546
544
555
550
554
550
543
542
541
539
531
536
540
541
544
553
548
548
560
564
577
586
586
602
597
604
608
606
602
595
589
589
578
572
583
578
575
570
567
572
581
577
585
585
585
591
596
613
617
625
637
649
666
674
679
687
684
696
700
693
700
701
692
700
696
681
681
678
668
671
662
654
650
643
647
647
651
649
654
656
658
646
649
642
633
624
628
627
629
629
635
632
633
632
638
646
650
644
654
664
674
669
682
698
696
701
706
729
728
731
729
736
734
731
729
737
735
725
727
723
715
715
719
730
737
744
745
750
759
770
761
765
758
752
755
757
763
767
770
783
767
769
760
752
740
737
723
718
706
686
671
659
649
642
633
619
603
578
571
556
543
533
524
521
519
515
508
514
517
521
529
540
552
568
581
609
618
626
634
645
654
656
657
668
668
678
683
694
696
686
696
699
696
693
683
683
675
664
651
642
634
634
628
620
617
607
609
608
593
593
589
587
584
582
579
584
581
586
590
598
603
603
607
621
626
637
642
641
638
633
627
631
626
617
617
615
618
596
596
581
575
558
555
547
539
536
539
535
524
518
529
524
528
532
532
536
540
534
547
547
551
552
553
560
567
565
564
568
567
574
566
565
561
561
551
549
544
544
536
541
537
534
533
542
533
532
533
533
522
511
506
499
501
498
504
500
509
523
531
539
546
549
556
574
574
581
594
602
609
623
629
635
647
660
663
670
675
682
678
689
687
685
681
681
670
667
667
669
668
656
655
646
637
636
625
624
613
615
608
613
604
619
608
616
618
623
629
647
644
649
667
660
662
664
669
675
679
683
689
683
672
663
659
650
629
617
599
600
586
581
581
587
587
584
596
608
618
620
626
632
639
645
665
676
690
704
711
725
748
750
757
758
763
765
757
773
768
782
792
794
797
799
812
804
813
814
817
821
819
824
820
825
832
826
834
832
847
839
838
841
832
828
830
835
844
853
854
852
859
856
851
855
848
838
838
817
826
808
812
813
804
794
800
803
790
783
768
766
755
755
747
746
740
740
746
751
746
757
769
768
771
773
752
737
732
724
711
704
695
687
683
678
665
647
638
614
601
583
568
559
538
530
523
529
535
526
532
537
550
547
551
552
557
556
561
563
572
579
585
587
583
568
568
552
540
531
517
507
500
489
487
474
455
443
434
424
413
399
398
392
391
387
394
390
404
405
422
431
438
448
459
462
472
475
494
501
522
526
538
556
566
577
591
606
610
616
623
631
642
635
641
648
647
652
651
649
654
659
649
657
648
640
628
621
613
601
602
588
585
575
569
564
543
530
523
509
496
489
488
501
493
494
493
492
496
501
497
505
504
511
512
518
524
535
537
545
543
539
535
532
529
521
519
511
514
515
516
523
521
522
525
517
517
518
523
540
545
568
584
608
624
641
666
675
690
699
692
695
688
680
672
666
664
655
655
653
641
624
614
609
596
597
585
578
581
575
583
592
601
610
622
639
660
673
682
697
701
701
715
720
731
733
731
732
729
727
733
723
722
710
704
701
685
679
671
660
662
652
648
651
653
659
663
682
693
697
706
728
735
742
753
772
787
803
809
829
840
850
872
892
884
896
900
909
920
913
903
918
917
920
918
925
918
916
914
920
916
909
909
907
898
899
886
886
883
869
866
860
852
853
862
863
868
866
860
870
866
862
865
871
869
876
869
861
876
864
854
866
868
858
851
845
832
817
795
789
799
784
776
776
771
767
766
758
753
744
745
758
743
737
725
735
722
728
727
722
725
723
725
734
732
735
745
745
747
751
748
758
760
763
767
778
783
784
795
793
798
793
795
794
798
794
790
797
794
791
791
789
797
798
798
794
784
772
759
757
749
733
725
714
697
680
667
654
627
623
611
609
601
595
596
594
605
607
610
626
641
646
674
687
702
708
715
728
740
746
758
756
772
751
750
735
713
702
681
665
646
629
608
592
580
565
546
551
542
543
547
556
547
549
549
551
564
574
590
612
622
625
633
655
648
657
657
650
643
633
616
601
587
562
545
535
533
520
511
494
484
468
454
448
456
453
457
468
479
485
495
512
523
537
547
562
581
589
595
594
592
597
595
594
592
581
568
554
535
518
505
491
482
479
474
475
475
487
498
513
515
531
559
582
604
622
644
664
680
695
709
707
720
725
732
739
732
730
729
730
716
718
719
706
706
685
676
670
666
670
675
678
680
680
698
702
705
717
715
726
731
712
719
729
727
725
730
750
762
768
780
780
790
796
802
825
832
847
864
876
889
888
889
907
911
927
940
953
955
966
968
972
977
984
985
991
1002
1013
1024
1028
1020
1029
1015
1022
1011
1000
988
987
978
962
939
925
907
904
895
889
879
869
857
846
827
818
806
797
802
804
803
795
794
787
782
773
760
754
744
743
739
730
726
719
713
716
723
742
735
758
764
780
792
796
811
825
836
842
848
869
879
885
887
885
895
892
894
897
899
906
899
892
885
886
871
865
851
848
836
819
811
803
790
794
772
752
745
743
723
701
682
659
642
628
617
607
606
607
604
603
599
592
593
587
586
564
558
545
524
512
504
497
494
484
485
487
489
482
472
472
454
441
435
430
426
423
421
420
425
426
425
428
434
430
426
426
422
416
414
410
406
399
395
399
403
408
414
428
434
442
450
461
474
483
484
496
507
522
533
554
571
584
587
609
616
617
621
628
626
618
630
628
626
626
615
622
623
614
612
615
605
601
600
589
587
577
577
572
570
563
548
543
529
522
503
499
498
496
502
504
515
521
522
533
535
539
554
557
565
568
577
592
601
616
620
629
626
618
612
600
584
577
559
555
547
541
532
537
541
542
544
553
558
564
565
566
564
557
562
570
577
584
587
600
600
606
602
593
583
575
575
571
571
573
569
568
559
557
562
566
571
572
566
560
559
557
557
561
563
568
582
595
609
607
598
617
623
633
645
660
668
678
687
710
713
729
737
753
761
767
760
779
770
778
773
785
785
775
772
779
780
781
781
789
777
771
763
751
742
741
752
748
752
758
763
765
771
772
769
786
790
792
812
833
839
845
848
868
876
899
894
907
911
911
910
913
911
899
900
897
898
885
874
867
841
835
818
811
809
796
785
784
777
765
756
750
747
733
726
722
706
692
677
666
650
638
624
610
602
576
551
529
508
481
462
430
403
381
359
345
327
310
293
292
286
278
276
266
289
291
301
314
326
343
358
379
402
419
438
450
474
487
491
510
526
541
544
569
581
593
597
614
624
626
627
643
648
652
662
671
685
694
703
710
712
728
727
739
745
737
739
735
742
742
738
743
737
740
728
725
730
727
721
716
701
701
682
685
673
654
637
622
603
591
580
561
547
523
505
489
461
433
419
391
370
343
331
321
306
296
291
288
280
272
269
275
272
279
281
293
308
318
337
350
369
386
406
426
449
468
481
506
528
546
559
576
588
605
613
626
637
640
647
657
661
664
664
673
673
672
671
670
674
675
677
675
673
677
676
681
682
687
687
688
698
697
703
706
705
711
706
715
717
717
719
711
708
699
692
700
699
694
697
698
702
694
699
697
700
695
698
714
710
715
708
713
706
706
701
701
699
703
697
698
695
684
694
683
689
691
688
683
689
682
690
690
693
702
706
720
727
737
732
742
735
729
736
738
727
731
729
744
738
734
739
735
734
739
733
733
744
747
744
737
742
735
738
737
736
743
743
748
747
747
751
752
752
757
750
746
743
735
729
729
723
715
710
713
697
700
692
687
683
676
678
674
680
677
679
685
691
696
707
720
722
719
734
738
747
759
761
769
768
774
769
768
754
732
722
708
701
681
680
673
674
664
663
673
673
675
669
685
684
677
684
683
693
696
707
729
742
741
748
754
744
742
735
732
726
707
710
705
702
694
693
696
698
696
697
699
689
687
684
673
666
668
663
655
660
656
662
657
662
649
659
658
651
655
656
663
656
653
656
658
663
667
670
686
691
678
683
687
686
690
679
686
672
669
657
654
642
643
630
634
639
644
652
653
659
655
654
663
655
652
649
656
655
658
662
666
665
668
672
678
678
678
681
689
683
672
674
686
680
676
685
681
684
682
681
685
682
691
679
678
663
667
653
649
644
629
620
619
615
601
602
587
584
564
556
545
534
521
510
515
498
489
489
491
481
487
487
484
491
484
496
500
494
497
501
513
518
523
531
534
540
541
545
543
548
541
545
547
548
542
544
548
552
552
551
553
546
544
541
545
544
538
538
541
530
534
531
530
525
528
513
514
509
510
508
503
501
502
499
501
495
493
486
487
486
487
484
479
480
474
467
466
456
457
451
449
444
429
428
440
432
430
435
435
426
431
426
434
436
433
434
434
435
436
442
451
453
449
442
449
443
434
432
435
424
426
417
418
416
411
412
407
406
397
402
397
398
395
396
399
397
406
402
404
409
409
404
398
403
390
397
396
388
383
379
383
377
381
381
379
381
372
379
379
377
374
376
384
381
379
387
390
394
391
393
392
398
399
396
397
395
389
396
396
387
382
384
391
391
382
375
382
375
366
369
365
355
361
353
355
343
350
347
346
347
347
339
344
339
339
334
334
339
337
338
338
344
348
343
347
341
346
339
339
347
346
342
345
345
344
343
341
338
330
332
335
326
332
329
333
332
335
334
336
338
330
338
343
341
342
340
341
346
343
344
348
348
343
342
346
338
326
333
332
330
324
321
319
319
314
314
320
312
313
315
320
324
326
336
340
350
328
197
-1
0
-3
0
-1
-1
-2
-4
382
385
-2
-1
0
0
0

