;UFOS3
;Measurement details: channel = D, date = 28.08.2020, time = 08:15:59
Exposure=1100
Gain=0
Temperature=26.6
Accummulate=4
1.7526039080760227 mu
1.7647864865540237 amas
34.531 hs
0 ozone
0 uva
0 uvb
0 uve
[Value]
0
276
277
276
277
276
276
278
381
361
315
307
385
346
307
325
387
344
319
319
398
359
353
322
404
373
330
340
405
419
375
348
375
385
332
331
435
387
344
337
388
375
344
344
413
382
359
327
416
378
332
340
410
380
361
349
418
376
354
367
413
359
328
377
405
366
339
353
399
368
346
329
412
364
345
331
397
377
342
347
415
361
354
332
377
358
340
356
405
358
344
343
415
383
333
338
420
367
333
336
372
380
336
332
417
363
348
330
392
373
350
330
398
381
336
358
395
371
350
340
398
368
354
328
395
397
349
358
392
369
350
339
415
382
355
342
409
364
343
326
402
378
348
333
394
384
325
361
412
365
333
336
404
361
356
347
400
376
338
345
430
368
339
346
385
376
349
347
392
368
340
336
411
374
353
336
427
378
344
345
421
362
339
334
394
375
331
336
409
376
348
353
422
383
345
361
392
369
339
330
418
357
342
335
406
388
331
327
406
370
330
354
409
385
353
361
405
362
355
335
426
383
344
354
377
368
340
339
376
375
331
347
425
364
341
344
389
378
352
344
388
386
345
325
395
351
347
346
401
358
358
339
403
367
342
330
391
368
344
339
375
362
356
324
413
351
353
335
400
364
325
348
429
359
334
362
418
377
353
330
406
351
328
357
403
365
326
354
400
381
356
351
425
364
338
362
409
379
345
347
380
375
345
348
391
369
350
342
410
366
337
343
398
382
368
336
419
351
361
341
398
363
324
366
395
374
338
339
403
368
366
349
394
377
363
343
429
382
357
356
416
370
338
329
403
410
341
324
386
359
363
331
394
388
340
362
420
361
330
355
411
360
359
331
397
356
349
341
405
370
339
352
386
372
351
348
409
381
346
325
405
360
347
346
402
363
346
330
399
347
355
336
388
386
351
345
415
370
354
357
409
357
350
328
388
375
335
340
395
389
328
332
406
369
349
332
390
372
331
346
392
393
358
332
393
367
341
352
404
379
346
335
408
374
347
334
396
374
335
337
400
393
355
366
401
361
356
352
394
360
328
357
387
393
336
349
377
381
334
348
397
374
353
354
397
364
340
350
399
367
347
369
393
377
355
352
395
413
348
339
398
365
336
338
400
373
357
338
407
358
357
357
403
368
377
344
398
352
339
328
373
399
353
331
390
389
331
330
389
367
350
337
409
371
359
349
404
372
342
335
407
363
348
352
400
360
343
344
395
370
335
348
387
358
330
340
399
363
351
353
412
373
345
344
391
382
350
345
380
379
351
343
383
379
338
359
399
375
347
346
420
391
341
352
406
374
338
349
413
387
340
343
409
372
330
348
381
354
367
340
399
373
341
351
398
358
363
348
396
371
356
339
403
378
357
341
382
369
332
356
383
362
334
340
397
359
351
362
385
378
340
374
388
365
328
347
389
363
346
358
384
370
351
369
397
365
351
348
388
367
356
372
388
385
353
360
391
361
350
339
419
347
365
347
384
363
346
354
398
359
344
333
384
376
364
343
410
377
340
339
393
357
344
346
413
367
352
352
395
383
335
349
401
371
357
360
405
361
356
355
386
379
332
341
388
366
329
324
386
386
387
360
401
375
341
357
394
352
341
327
404
370
348
347
396
380
369
325
391
362
370
346
391
367
336
363
398
366
366
350
390
371
346
336
397
369
355
364
401
377
360
351
395
366
356
368
406
361
348
348
388
353
360
359
374
364
347
358
397
386
349
331
390
357
360
339
396
368
339
325
416
369
351
332
410
363
338
334
424
378
345
355
390
366
361
357
401
365
329
331
393
370
370
337
393
367
361
346
407
347
331
352
411
361
355
341
376
347
359
363
393
362
383
358
384
376
353
348
390
365
350
333
396
389
354
342
394
373
366
344
394
380
364
338
397
373
347
338
385
354
364
332
417
375
352
342
381
363
333
344
390
373
382
353
391
367
341
346
395
381
328
327
392
365
330
338
403
378
346
350
391
372
338
349
388
370
342
353
394
381
359
351
385
384
352
359
404
374
337
342
400
362
335
340
405
387
340
340
417
382
358
343
382
366
369
335
402
373
346
338
387
354
354
347
408
372
346
339
378
378
360
335
398
358
341
327
389
382
349
355
404
381
371
362
376
359
345
353
399
360
340
340
396
357
333
357
428
386
344
334
390
369
325
364
401
365
367
342
421
363
351
332
412
387
356
349
405
342
357
351
401
377
348
339
403
359
347
350
394
373
357
347
390
363
358
333
395
374
338
355
382
368
346
345
375
373
338
345
395
364
338
349
380
383
365
358
402
366
358
355
381
362
345
339
397
354
362
338
387
387
362
371
399
359
349
360
384
387
362
365
401
360
345
343
394
369
346
335
374
373
343
382
393
372
361
354
395
364
340
342
378
362
365
351
395
362
350
359
392
371
350
325
386
374
351
345
389
377
346
344
376
364
344
334
409
354
340
330
389
380
332
350
382
362
356
348
373
355
373
343
399
362
369
339
421
380
359
347
400
348
363
346
385
386
358
326
394
350
354
345
394
401
357
341
389
355
342
367
382
366
350
341
378
361
372
350
387
375
335
368
408
354
361
352
431
391
365
349
403
373
358
367
377
357
347
353
393
378
368
338
382
356
362
348
380
352
341
349
389
387
340
345
379
380
349
328
376
371
333
352
386
395
351
337
384
350
369
331
403
380
340
333
380
358
353
353
383
354
352
351
379
373
350
355
388
365
342
341
396
348
335
348
380
379
336
364
396
350
365
340
396
365
353
355
389
359
337
335
386
374
342
346
375
355
348
333
382
363
351
348
401
363
350
338
387
380
353
355
407
373
363
349
413
369
352
353
413
348
349
359
410
370
327
351
384
382
360
342
390
373
364
337
372
349
339
348
402
351
353
347
407
375
349
350
388
349
354
363
375
371
335
342
400
375
357
345
400
370
345
343
414
389
355
358
389
364
374
335
389
373
359
357
413
377
362
341
384
370
345
338
391
371
349
356
401
362
343
346
402
365
345
355
379
353
344
378
386
396
376
352
379
370
346
347
384
369
346
362
413
372
344
342
389
355
346
365
376
378
346
365
387
392
369
347
368
362
363
355
395
374
344
343
389
358
333
338
396
368
349
339
362
356
359
357
403
404
342
351
384
388
341
360
387
359
351
362
396
378
349
340
387
367
358
332
378
369
349
369
389
358
341
346
378
366
363
339
385
379
343
340
385
382
369
344
385
376
349
371
388
364
353
379
386
362
344
346
390
358
368
353
387
356
344
342
376
366
352
340
388
382
340
362
382
380
363
347
393
386
351
363
364
374
335
346
410
387
333
350
392
370
350
355
389
365
366
355
379
364
354
351
385
373
354
355
371
366
348
343
404
368
356
350
392
370
357
347
392
378
369
348
381
373
349
363
391
361
340
340
388
363
397
338
370
373
334
352
380
372
334
366
388
352
338
335
387
377
341
363
401
368
353
364
429
354
341
357
396
363
371
359
401
370
358
346
399
362
351
365
406
369
361
364
408
365
336
338
368
369
343
346
395
374
368
340
410
368
335
355
377
370
363
351
374
367
348
356
360
380
366
351
374
356
372
330
403
367
356
352
373
367
358
354
382
357
361
333
388
374
354
357
396
360
379
333
400
356
352
338
376
364
349
346
406
358
345
365
396
378
355
334
392
376
359
341
377
362
357
348
372
356
369
349
383
358
333
362
366
367
346
345
355
361
354
352
372
361
366
340
380
360
329
352
399
367
379
358
377
362
358
341
406
374
355
344
388
365
353
349
376
372
359
343
393
346
350
353
390
374
351
347
376
383
365
334
372
360
353
348
377
369
342
370
388
365
339
347
418
381
352
356
386
358
354
339
399
360
351
337
389
366
336
349
366
354
345
332
387
350
345
326
387
354
336
338
366
351
351
332
372
348
364
340
387
344
348
362
393
348
337
342
388
357
360
341
371
360
358
353
382
359
363
349
376
379
339
353
396
374
356
346
384
357
352
341
388
398
357
341
388
372
362
351
370
367
342
342
386
367
352
331
387
370
348
346
384
367
348
360
393
378
350
326
390
361
358
331
376
366
350
350
359
358
342
355
371
387
354
352
380
359
340
353
394
367
351
367
393
358
368
349
389
352
361
330
416
352
379
354
373
353
344
348
396
366
350
358
376
366
346
346
385
355
350
347
397
381
348
329
406
356
353
348
365
371
359
347
370
375
343
359
372
361
352
349
404
358
361
359
370
368
335
341
383
357
357
385
356
374
350
337
372
378
369
349
361
365
359
338
392
361
341
340
370
353
355
348
389
371
347
337
395
354
373
369
378
368
344
351
353
358
378
364
366
376
352
353
373
366
339
346
384
354
345
336
384
370
338
343
396
359
357
379
374
356
357
349
384
374
366
341
401
350
352
344
375
386
342
354
373
348
335
335
378
367
357
355
404
366
357
340
376
372
339
339
393
340
352
366
368
364
355
344
407
371
347
358
397
358
344
345
393
355
357
332
384
372
348
351
382
343
328
334
398
347
332
347
370
376
342
361
379
361
368
366
396
372
347
344
392
365
359
343
386
373
365
364
367
362
337
349
376
359
361
353
391
373
352
339
358
379
359
347
386
399
341
344
396
352
333
343
391
389
350
354
391
374
340
340
377
364
345
358
407
387
346
348
380
367
340
332
373
352
379
341
427
387
343
347
398
363
364
360
388
374
363
365
366
357
381
349
371
354
379
339
369
364
355
342
384
373
362
360
375
372
333
360
384
360
346
346
380
370
347
340
366
365
354
343
385
356
354
340
356
361
373
354
396
362
363
377
373
369
356
348
380
352
355
361
380
365
365
357
389
365
344
365
382
361
361
351
402
357
343
350
403
365
347
352
360
365
348
340
386
363
352
350
389
378
375
347
395
383
353
340
374
360
338
335
389
375
353
361
382
376
350
333
373
349
356
355
407
359
345
351
375
343
350
348
395
375
346
357
362
356
354
353
388
370
339
341
387
378
354
337
385
378
335
346
380
363
351
349
380
371
352
337
361
379
347
340
387
364
365
355
387
353
348
355
385
355
363
359
368
371
333
338
382
362
357
348
380
366
346
335
374
367
351
343
396
386
359
348
383
372
360
346
372
358
379
341
361
355
354
345
392
383
337
340
366
364
349
347
380
347
349
340
374
373
358
359
391
385
341
338
365
364
352
342
382
366
347
349
378
368
353
339
381
373
350
340
364
371
372
349
366
348
375
341
390
383
368
348
393
366
337
356
406
356
358
346
391
355
383
332
374
360
356
343
386
347
350
324
380
365
347
358
389
369
365
332
390
386
363
350
384
390
337
352
384
364
357
338
392
365
360
349
406
348
357
343
364
370
351
353
369
384
353
330
380
362
354
340
363
374
362
353
373
346
357
364
376
358
355
331
409
353
357
353
373
369
353
374
367
361
352
339
372
356
355
358
375
373
358
344
387
383
351
349
368
370
350
346
398
344
348
348
383
370
336
344
400
357
352
346
382
370
352
353
375
360
336
332
382
361
347
344
380
372
351
349
373
365
348
338
387
375
349
349
370
365
362
358
374
356
344
341
392
391
348
334
377
366
364
347
367
370
336
343
384
352
369
353
374
348
362
361
376
382
352
343
376
353
363
356
378
363
369
356
378
363
351
339
387
393
348
331
384
362
363
368
376
361
351
354
381
377
370
353
376
375
347
372
384
365
352
337
380
358
367
345
383
358
375
356
379
348
353
343
376
364
350
354
394
372
369
336
413
362
349
362
382
367
339
353
386
375
347
348
376
352
340
338
368
352
346
364
405
356
342
374
399
354
340
348
372
372
358
354
393
368
344
341
409
361
350
326
385
343
341
361
347
366
351
344
370
357
349
337
388
354
343
358
374
379
353
342
394
362
345
338
408
381
352
353
374
378
349
349
371
369
359
339
395
365
364
351
384
378
348
367
378
358
359
341
379
385
339
344
373
362
363
348
382
357
360
346
396
376
370
358
376
373
369
353
367
361
354
331
377
357
393
347
375
379
338
359
357
360
338
354
371
357
357
351
378
349
348
346
386
360
356
369
369
356
355
365
397
349
353
350
375
359
353
348
375
369
338
350
383
384
367
353
373
369
363
367
366
373
367
345
369
364
340
356
372
359
355
347
379
373
352
362
593
360
330
364
391
360
359
344
369
384
357
355
377
365
354
334
374
362
357
336
371
375
362
347
384
365
352
353
370
370
332
349
387
359
345
354
381
364
350
363
372
363
351
340
374
359
336
339
371
373
344
350
380
360
346
341
393
396
357
348
393
347
341
334
394
363
356
331
356
379
371
348
366
368
350
327
387
360
367
337
394
369
348
358
387
365
342
358
377
369
354
327
366
370
353
359
400
355
351
344
388
379
344
356
396
384
359
348
378
374
347
343
381
360
346
364
387
373
348
344
365
367
336
356
377
360
356
357
363
367
347
339
395
368
356
351
363
348
343
356
382
352
345
334
381
382
340
344
385
385
360
353
375
377
348
353
379
367
365
340
403
362
348
362
362
355
361
354
381
374
374
352
378
365
344
349
391
382
350
341
389
381
362
344
371
369
356
343
372
380
360
329
368
353
350
345
423
382
359
340
386
356
350
355
396
354
365
356
407
371
348
338
390
383
361
327
382
367
345
342
380
352
357
371
387
346
335
363
371
375
359
349
365
341
358
376
393
368
339
354
375
370
371
340
375
350
353
337
352
361
345
360
378
369
348
354
369
359
353
341
377
366
347
357
402
361
351
333
406
361
358
353
385
357
357
345
383
387
351
347
373
374
341
341
409
357
346
342
393
379
346
342
396
369
364
354
373
374
347
344
374
375
333
340
431
358
344
356
369
361
354
341
395
376
340
351
372
374
335
340
370
366
374
339
376
361
341
338
389
393
358
341
379
361
337
335
365
378
359
357
372
389
345
352
377
374
342
343
393
366
355
345
388
391
357
344
373
380
341
346
361
354
353
345
387
352
351
342
386
365
335
347
376
389
346
349
374
394
335
364
386
360
352
344
383
351
349
354
355
384
364
338
395
360
367
345
377
376
341
355
345
365
373
351
375
366
348
338
377
379
348
352
373
355
352
343
393
372
362
333
387
375
366
341
370
377
329
356
378
356
357
334
386
384
340
358
377
350
366
352
382
366
337
332
403
354
373
345
371
366
339
363
395
362
334
358
369
353
330
357
387
381
341
347
378
357
352
346
376
381
364
337
376
363
367
350
383
366
357
343
367
350
345
354
374
361
341
362
367
371
371
361
365
371
343
350
393
376
356
340
396
371
352
350
393
374
377
354
376
360
352
359
365
364
357
366
384
367
366
350
383
368
344
353
386
360
349
357
392
378
341
353
385
366
358
354
370
372
372
346
391
367
360
351
383
370
365
343
365
371
346
341
370
383
332
364
367
373
357
357
364
357
343
341
377
366
340
368
372
350
366
363
399
385
349
355
411
359
348
356
381
372
344
336
375
385
363
357
388
386
360
364
368
364
343
329
397
380
378
362
402
354
365
350
389
376
343
349
383
351
343
359
371
361
338
361
386
360
346
359
397
359
362
353
371
361
359
365
380
393
348
354
385
362
340
340
380
347
351
354
381
379
376
349
400
373
363
339
380
376
391
352
402
373
361
340
390
377
360
349
385
379
354
349
378
360
360
335
409
380
354
365
367
361
357
350
369
364
337
364
391
376
335
343
377
370
344
348
395
368
356
362
385
364
345
339
404
360
375
338
380
367
349
346
383
352
352
338
393
386
344
349
382
376
349
346
395
358
345
334
391
378
334
346
391
362
344
345
381
366
357
360
397
363
350
341
380
378
348
355
392
370
360
356
368
370
341
356
389
368
348
347
405
365
354
349
383
349
359
364
391
355
355
363
392
355
361
339
413
358
354
353
399
361
355
357
379
374
362
343
418
370
346
351
374
351
353
379
390
370
337
347
372
378
341
340
405
362
346
346
384
374
351
357
381
375
362
333
383
383
349
367
367
361
334
349
370
361
360
344
389
388
348
351
381
365
355
352
397
362
351
348
389
382
339
357
404
391
359
346
391
364
348
347
366
376
354
342
367
378
327
362
375
361
332
349
401
351
364
353
392
369
335
386
386
379
357
347
382
370
352
351
373
392
348
355
399
366
365
349
369
366
338
358
413
391
331
356
395
376
356
332
391
369
349
351
395
369
388
343
374
351
344
362
372
371
377
333
393
358
364
352
376
368
347
341
374
369
367
350
394
361
356
354
386
389
341
363
389
377
341
342
379
371
367
352
388
371
337
334
404
376
341
367
377
372
378
352
384
365
362
359
387
383
348
338
398
398
353
355
434
372
346
348
426
368
363
358
409
356
331
354
401
378
349
361
382
359
358
380
372
364
363
351
276
277
276
276
275
278
277
279
402
367
277
277
277
0
0

