;UFOS3
;Measurement details: channel = S, date = 28.08.2020, time = 08:21:59
Exposure=1100
Gain=0
Temperature=26.2
Accummulate=4
1.7535143778418223 mu
1.7657246364811214 amas
34.51 hs
0 ozone
0 uva
0 uvb
0 uve
[Value]
0
276
274
276
277
275
275
276
380
360
316
311
388
347
309
328
389
345
320
318
400
356
352
323
402
373
332
340
404
416
370
346
375
383
333
332
435
387
345
336
389
373
341
344
410
382
357
327
415
380
333
340
410
375
357
348
416
374
353
365
414
360
328
374
405
367
339
349
398
369
344
330
409
365
347
330
397
377
341
347
412
364
354
334
379
358
344
356
405
357
344
342
412
382
330
337
420
367
334
333
376
379
336
333
416
362
347
331
392
373
352
330
398
381
337
356
394
371
351
338
397
368
354
329
393
395
347
357
393
367
348
339
413
380
354
342
409
363
343
327
403
379
348
331
396
380
327
359
409
364
333
338
404
360
354
347
401
373
339
347
430
366
341
349
385
376
349
346
393
366
343
335
413
371
352
337
426
374
345
343
422
363
338
334
397
378
332
337
409
375
346
351
422
380
339
357
395
367
340
329
417
359
343
336
405
383
329
327
407
369
330
351
408
383
353
358
402
361
356
337
423
379
341
353
377
368
341
338
375
376
332
347
425
364
343
343
392
375
350
343
389
385
343
326
394
351
346
346
398
356
353
337
400
366
344
332
391
367
344
338
377
363
354
326
410
351
351
335
399
362
326
345
425
361
339
359
417
371
352
331
405
354
329
356
403
363
327
352
397
379
354
348
426
362
341
361
407
380
344
346
380
372
344
348
393
368
350
340
408
365
336
343
399
383
365
334
416
351
359
342
397
365
323
361
394
371
337
340
400
363
363
349
400
377
363
342
428
382
355
355
418
367
336
332
400
407
338
324
389
362
363
331
392
383
340
359
416
361
331
353
410
357
358
331
396
356
349
343
405
371
341
352
388
373
353
345
410
377
345
327
401
359
346
347
401
359
346
332
398
345
353
335
388
383
351
343
413
371
352
355
411
357
350
331
386
375
337
340
395
390
330
333
406
371
349
329
389
373
332
346
394
389
357
332
394
368
342
351
405
378
346
335
406
372
346
332
398
374
335
336
399
390
355
366
399
360
354
350
395
358
326
357
388
390
339
348
378
374
338
345
398
372
355
354
398
363
339
350
396
366
347
367
392
377
353
349
396
404
345
337
399
363
334
338
398
370
358
333
405
357
357
352
400
367
373
341
395
353
341
328
372
395
351
334
391
385
335
329
387
366
347
340
406
367
360
349
402
370
342
336
406
360
347
350
398
358
344
343
395
368
336
345
388
359
333
338
397
364
347
353
406
375
345
343
388
381
351
345
378
376
349
341
385
378
336
358
396
374
348
345
418
386
343
352
404
374
337
350
415
385
341
342
406
369
328
345
383
354
365
341
397
370
343
350
399
357
361
349
394
370
353
338
401
379
353
341
381
368
332
356
383
363
332
336
393
359
350
359
383
380
341
370
390
365
330
345
391
363
350
358
384
368
349
368
397
367
351
355
388
365
354
368
387
386
352
359
393
363
347
339
416
348
366
346
386
363
346
353
399
358
344
334
384
376
361
344
410
377
341
338
393
361
344
346
412
366
352
351
395
383
334
350
400
371
357
359
406
361
358
352
387
377
335
342
390
368
333
325
390
384
386
358
402
377
342
360
395
353
344
331
406
371
350
347
400
381
368
327
394
365
371
348
394
371
337
359
398
369
365
353
395
373
347
340
399
372
354
365
404
377
360
353
400
369
360
369
407
364
350
350
393
358
361
360
383
366
352
364
400
392
352
337
393
362
364
344
401
371
342
334
422
375
355
341
413
371
343
340
428
381
350
362
397
370
368
359
406
373
338
338
399
373
376
343
399
377
369
351
409
355
339
357
419
369
362
350
386
358
366
370
402
371
391
367
394
383
362
356
395
374
363
343
407
395
361
349
405
381
372
354
404
390
374
348
406
382
361
350
396
364
372
344
425
385
363
352
394
373
344
353
400
385
389
365
401
378
351
358
407
388
342
338
403
376
339
351
413
388
356
358
401
381
349
356
399
380
356
364
407
393
371
363
397
397
367
369
418
388
351
357
414
379
352
356
423
404
357
359
435
404
378
363
404
386
391
359
428
395
367
360
409
379
378
370
430
395
369
360
400
399
381
357
417
383
359
349
409
406
369
376
425
403
395
385
397
383
365
376
423
384
366
366
420
384
361
383
453
414
374
362
418
397
357
393
426
394
399
371
450
393
382
362
442
414
389
379
438
375
389
382
434
408
379
375
436
393
384
386
432
409
395
386
425
400
391
370
428
407
371
390
415
403
381
381
409
407
373
381
430
398
374
386
419
423
403
399
445
408
398
395
425
405
392
382
437
396
401
377
428
427
398
407
436
393
384
395
417
419
394
399
433
391
374
377
429
402
382
370
410
409
382
420
434
413
401
396
437
409
384
388
422
407
412
397
443
414
401
408
442
422
400
377
436
427
405
400
444
428
397
398
426
414
393
378
452
399
383
370
432
420
375
388
422
402
394
386
413
397
412
382
442
403
410
382
465
423
406
394
447
401
411
395
434
440
410
376
443
397
405
393
445
447
409
390
438
401
389
414
429
412
395
388
428
407
419
402
434
426
388
419
457
408
415
409
490
449
423
407
461
434
420
430
438
420
413
416
459
444
430
401
444
419
424
412
438
412
401
408
447
444
396
399
436
435
403
384
430
427
390
410
441
453
414
398
443
413
433
395
466
443
403
395
443
421
420
419
446
419
416
416
445
432
411
416
446
422
401
396
451
404
391
404
438
433
392
421
456
410
423
402
461
424
413
416
453
424
403
404
453
447
410
420
446
428
425
407
459
438
425
426
474
441
427
418
464
463
435
435
492
459
449
438
500
450
437
433
494
429
429
438
489
449
405
431
463
456
437
418
468
449
439
414
451
425
418
431
481
440
443
434
496
468
442
442
485
445
450
461
472
475
436
444
505
478
460
444
501
472
448
445
518
494
457
461
491
468
478
433
493
476
458
453
510
475
460
437
484
468
439
435
488
466
443
450
496
458
437
439
494
459
434
446
468
441
432
468
474
485
461
439
466
455
431
435
471
454
429
449
496
458
428
426
472
438
430
450
462
462
431
453
474
485
459
436
460
454
458
453
491
470
442
448
493
464
442
449
508
480
460
450
475
467
472
472
518
518
459
467
502
507
460
475
501
474
466
480
512
491
460
450
500
475
466
438
484
479
456
473
491
457
442
445
481
464
465
444
488
481
448
442
489
485
473
449
489
488
454
478
497
476
463
489
496
471
458
458
500
471
488
465
504
471
459
451
490
483
468
456
504
501
457
481
499
494
480
461
511
505
468
480
479
491
450
461
530
505
452
469
512
490
471
471
505
477
481
466
491
480
465
460
496
480
462
462
482
471
454
451
510
477
461
456
496
479
460
457
501
490
479
464
498
491
467
483
508
480
458
458
507
479
508
452
486
487
447
467
495
490
451
480
501
464
455
448
504
493
456
479
522
487
470
484
551
469
455
469
510
467
474
460
499
464
457
441
491
449
438
453
491
456
446
448
499
451
421
425
455
457
433
436
489
465
458
429
499
454
420
440
462
453
443
429
453
448
429
436
443
465
450
441
464
448
464
422
497
458
447
447
469
465
452
452
476
453
457
428
485
468
446
450
487
455
473
430
498
449
450
436
478
461
450
450
511
464
449
473
500
483
456
439
493
476
457
438
476
458
458
450
474
455
474
451
481
460
435
467
471
473
456
455
472
481
473
470
492
480
484
461
498
480
449
475
520
485
495
473
493
479
471
453
514
484
466
455
502
477
466
460
487
484
472
453
503
453
459
460
498
485
460
456
485
493
473
449
484
473
467
462
491
483
460
487
507
489
464
471
548
510
478
486
510
483
478
464
523
485
479
459
514
489
460
473
491
482
472
463
518
487
477
458
516
486
470
471
500
483
484
458
505
482
495
471
513
465
476
484
516
463
450
454
499
468
467
446
476
464
457
446
474
450
454
438
465
465
428
439
487
465
448
439
479
454
453
442
498
511
467
454
498
485
476
465
489
485
458
467
510
491
472
450
511
491
472
467
502
486
464
475
504
492
455
436
497
467
462
437
478
467
454
452
457
463
441
455
471
493
456
455
485
465
446
458
501
476
462
479
508
472
478
459
498
462
470
436
521
462
486
456
475
449
439
444
491
459
443
450
470
459
437
434
477
445
443
439
491
479
440
421
505
454
448
447
464
472
455
445
468
475
443
456
473
459
449
445
498
454
456
454
463
459
425
433
477
450
450
477
448
459
437
425
459
465
456
434
452
454
450
431
489
456
439
437
470
457
456
454
493
480
457
450
512
467
486
487
494
491
463
474
472
477
497
484
485
492
470
466
491
479
449
460
497
464
455
446
491
474
440
449
498
463
463
485
482
462
468
459
496
490
481
457
516
463
468
462
495
503
460
472
490
464
452
446
488
474
463
458
507
467
457
440
474
472
442
442
502
449
459
476
480
476
472
462
527
491
471
484
528
491
475
478
525
488
488
466
515
510
482
489
522
483
465
478
539
492
476
490
511
516
484
503
520
505
513
511
544
517
497
492
541
511
506
488
534
523
516
513
511
512
483
495
521
508
504
497
532
512
496
476
496
514
496
488
521
532
475
477
527
482
462
472
521
516
478
485
521
507
473
477
510
501
477
486
532
513
470
469
501
488
457
450
493
460
490
451
531
487
442
443
493
455
454
451
478
468
458
458
462
453
481
446
468
455
474
437
468
462
458
448
485
472
460
455
468
465
422
451
474
446
430
428
459
446
422
412
439
433
422
410
452
424
423
404
425
429
446
427
475
439
443
460
454
452
439
436
465
447
450
456
481
468
467
463
497
472
452
474
495
474
475
468
519
476
455
464
519
481
463
468
472
477
458
448
495
470
458
452
489
482
475
447
493
477
441
428
459
446
423
418
475
459
440
445
466
462
437
415
463
438
446
443
501
453
440
446
472
436
440
440
487
463
436
444
449
444
443
443
478
460
430
428
477
469
443
429
479
474
435
451
489
476
466
466
505
494
473
461
483
496
460
457
501
483
479
467
500
461
455
461
492
461
468
460
469
470
432
442
483
466
467
462
498
487
465
453
497
491
477
468
525
516
488
474
510
501
490
473
499
482
500
459
484
473
469
461
507
499
448
451
477
478
465
467
500
468
472
461
499
504
490
489
529
526
486
484
513
513
503
495
541
519
504
507
538
529
512
502
548
534
514
504
523
533
536
510
524
510
538
501
548
544
527
501
546
520
489
507
558
507
510
497
543
506
535
482
527
511
507
497
540
504
505
479
536
520
498
510
538
519
517
480
537
529
507
492
525
531
475
492
521
501
496
473
526
496
492
483
536
477
488
472
493
499
480
482
491
513
477
462
512
495
487
474
496
510
495
492
504
480
495
502
517
499
496
473
550
495
501
494
516
513
498
517
508
502
494
481
515
498
498
501
516
515
493
479
523
514
484
475
497
491
465
461
511
451
451
455
491
476
443
451
507
466
458
452
496
491
472
476
500
487
461
463
514
497
486
483
521
507
486
478
504
491
469
456
502
490
460
456
477
466
461
458
475
456
443
436
493
491
445
432
473
470
473
457
480
487
450
461
503
468
485
476
487
465
474
468
481
487
450
440
472
444
453
447
460
443
454
438
460
446
432
420
473
482
436
422
481
459
459
467
481
465
464
462
487
488
477
459
478
481
446
467
483
459
443
424
465
444
454
432
470
449
466
447
471
446
451
445
485
479
468
476
520
497
498
465
543
496
480
490
516
502
471
485
511
507
479
478
503
478
463
461
490
472
467
490
529
478
468
501
524
481
474
478
503
503
486
487
524
497
475
476
545
503
494
464
528
487
489
511
500
521
504
497
529
518
514
502
556
523
512
532
550
556
527
518
576
541
523
518
591
567
539
543
565
566
537
533
554
553
540
523
572
544
537
523
555
543
511
525
541
518
516
494
531
534
486
492
520
505
508
490
529
503
504
487
541
516
505
492
512
501
505
483
497
492
486
465
512
497
533
491
522
524
487
513
514
515
496
512
529
523
517
514
544
510
512
511
552
523
521
533
534
517
512
527
558
505
505
505
521
508
501
489
519
509
474
484
519
516
490
477
493
487
477
482
476
489
481
460
481
475
450
467
479
461
459
448
476
469
448
455
686
448
420
455
481
453
447
430
453
469
438
435
457
448
431
413
451
440
436
413
452
457
445
429
465
442
428
433
444
446
405
423
463
434
424
431
460
448
434
452
461
456
442
432
470
455
434
444
480
483
455
462
495
480
464
459
511
514
475
469
511
467
461
453
516
483
474
447
470
495
484
459
479
479
460
435
501
469
474
435
496
469
440
453
479
462
436
453
475
469
455
427
471
476
458
467
510
462
464
454
504
495
459
474
517
505
480
461
490
486
456
450
482
460
446
468
493
480
451
450
470
474
445
465
482
467
463
468
471
478
457
451
510
483
473
463
478
457
457
467
493
460
452
443
488
487
444
451
494
492
466
461
480
480
455
461
485
479
478
454
520
474
463
485
482
475
486
478
510
505
509
490
516
508
490
495
537
530
498
490
535
528
508
497
520
520
511
496
522
532
511
479
516
500
499
489
564
528
501
486
531
497
496
505
544
505
515
505
557
522
507
494
550
550
525
493
549
540
521
515
558
523
532
547
567
521
508
537
544
550
532
512
536
506
521
539
550
521
491
508
523
517
516
484
520
493
494
474
488
494
479
490
508
498
467
475
484
471
461
447
477
459
437
441
479
435
421
397
465
421
413
408
441
410
411
395
435
443
408
404
435
439
408
409
484
436
434
427
485
475
443
437
499
475
473
463
485
489
470
466
498
500
455
466
525
490
476
490
506
500
493
483
533
520
487
495
520
521
479
488
511
514
519
483
523
509
488
478
535
535
501
481
519
499
474
468
498
505
483
479
492
503
456
462
481
479
444
438
491
454
437
419
461
457
421
404
433
435
399
401
418
405
405
398
440
408
404
398
448
426
399
415
450
463
424
433
462
485
430
460
495
469
463
458
500
469
474
484
483
511
494
466
530
493
499
482
510
511
476
489
482
500
510
488
511
504
485
473
517
523
486
492
515
495
493
486
537
513
507
477
528
518
510
483
517
523
470
498
517
499
496
473
524
524
481
501
524
495
508
494
523
511
484
473
547
497
515
484
513
505
480
502
535
502
471
497
509
492
470
497
527
522
485
485
519
500
496
492
524
529
513
484
527
510
516
499
533
515
506
492
522
502
494
505
524
513
491
512
517
523
523
511
512
521
493
496
545
528
509
494
549
523
504
502
545
530
532
509
529
510
503
511
512
510
503
515
526
513
510
494
525
513
480
491
526
498
490
497
533
519
491
503
538
515
511
507
520
528
531
505
551
528
516
510
538
523
514
487
510
514
487
483
510
521
473
500
504
512
495
497
505
500
485
483
521
513
491
519
524
501
523
516
557
538
503
510
562
510
495
503
528
518
486
478
523
531
508
503
532
529
502
506
507
502
479
464
535
517
513
501
540
494
502
486
524
516
477
486
525
490
480
498
512
500
480
504
528
506
486
503
538
507
507
492
511
501
504
499
518
531
484
488
517
498
478
478
522
489
494
494
520
521
514
490
544
512
504
479
523
521
535
497
550
519
509
486
537
522
506
495
530
529
502
495
523
503
506
478
556
525
500
510
508
507
498
492
509
498
472
496
523
505
462
472
502
490
461
465
510
475
468
471
493
473
448
440
512
462
479
443
485
471
453
453
490
460
459
445
504
498
459
465
499
492
466
461
515
476
463
449
511
495
451
466
511
484
466
466
501
488
476
483
515
483
467
455
500
496
463
471
505
483
474
470
480
487
451
469
501
474
457
456
511
473
462
453
491
455
465
466
494
460
456
466
492
454
462
437
508
453
452
444
494
457
453
449
473
472
459
437
512
466
439
449
466
444
450
478
488
466
436
443
468
472
436
432
499
454
437
436
476
465
442
443
467
465
451
423
467
466
439
454
454
451
421
441
460
452
446
435
482
479
435
434
467
449
436
433
480
443
434
429
470
464
421
441
487
473
441
428
479
449
433
430
449
461
440
431
453
463
414
449
463
445
418
433
491
438
453
441
474
455
417
466
470
459
441
426
466
449
433
425
455
471
423
432
479
442
443
422
443
438
410
433
485
465
404
430
471
453
434
407
469
447
427
427
471
444
463
420
452
426
420
439
447
446
451
404
465
430
435
427
448
445
419
415
448
443
440
424
468
440
435
429
463
465
419
441
462
454
417
417
454
445
441
424
460
442
408
406
470
442
408
436
444
437
445
423
451
431
432
429
457
451
425
412
470
473
426
430
511
447
425
424
502
447
442
435
486
435
410
434
478
458
425
438
460
436
436
462
450
445
433
394
274
277
277
274
275
274
276
275
485
447
275
276
274
0
0

