;UFOS3
;Measurement details: channel = D, date = 28.08.2020, time = 08:37:11
Exposure=1100
Gain=0
Temperature=25.4
Accummulate=4
1.7597020420306904 mu
1.7721013969999937 amas
34.369 hs
0 ozone
0 uva
0 uvb
0 uve
[Value]
0
271
272
273
271
273
271
271
369
352
306
298
377
334
300
317
379
335
309
310
386
347
341
313
392
362
321
330
394
404
356
337
366
374
323
324
424
377
334
327
379
363
329
334
402
369
349
320
405
371
325
329
397
366
348
336
406
364
344
355
403
350
318
362
396
357
329
339
388
357
337
320
398
356
335
321
386
366
330
336
402
351
346
325
369
349
332
345
395
347
335
333
402
370
321
326
409
355
324
324
366
369
326
322
407
352
338
320
380
365
340
320
386
372
328
348
384
358
339
328
387
358
342
320
384
384
339
345
381
359
341
329
402
369
345
331
397
353
332
318
391
368
338
321
386
370
319
347
400
356
322
329
393
351
342
336
392
364
328
335
420
359
328
335
375
364
339
337
384
356
332
327
400
362
341
328
413
367
335
333
412
354
330
325
382
363
324
328
397
363
337
341
411
370
334
348
384
358
330
317
407
347
333
322
396
372
319
319
395
360
319
340
396
373
341
346
391
351
346
325
415
368
332
340
366
360
330
326
368
364
320
341
414
354
331
331
381
365
342
333
377
374
333
317
383
346
336
336
387
346
346
329
391
354
333
320
376
359
334
328
367
352
344
315
400
342
344
326
389
353
316
337
415
348
325
351
406
363
341
322
393
342
322
343
392
353
318
344
389
370
344
341
414
352
330
351
397
368
335
337
372
362
333
338
382
358
341
329
402
355
327
330
389
372
355
326
408
342
350
329
388
355
316
353
383
363
330
330
391
358
353
337
383
364
350
331
416
369
346
343
402
360
327
321
390
395
328
315
376
348
351
321
382
374
330
348
407
350
320
345
400
350
347
321
387
348
340
331
394
361
330
341
377
363
341
338
398
368
336
317
393
349
336
338
391
350
337
324
385
337
343
326
378
373
342
334
403
362
342
345
398
346
340
321
376
365
325
331
385
377
318
321
395
361
340
319
376
365
321
336
383
380
346
320
384
356
331
341
393
368
335
326
396
362
336
326
387
364
325
326
383
378
343
352
390
352
344
340
385
349
318
345
379
379
326
338
367
366
326
335
386
364
343
345
384
353
329
341
386
353
334
357
381
366
339
337
385
395
335
329
388
357
328
328
390
361
350
328
396
347
346
344
391
357
363
330
385
342
330
317
363
386
338
325
381
373
322
323
380
356
336
330
395
360
350
338
392
359
334
325
396
352
340
339
388
350
337
333
386
359
325
335
377
347
321
329
386
354
336
344
395
363
331
332
379
370
339
333
367
367
339
332
372
366
327
347
387
364
337
334
406
381
331
341
394
362
326
338
401
370
330
333
396
359
319
336
371
346
355
330
386
361
329
341
390
350
351
341
385
359
343
327
393
368
345
330
372
359
323
348
371
353
324
327
385
352
340
348
373
367
333
357
379
355
321
336
381
352
340
347
375
358
340
356
386
353
339
340
379
356
345
359
377
375
344
350
380
352
338
329
406
339
354
339
376
355
337
343
389
345
337
324
375
364
352
334
397
368
331
328
383
347
333
337
402
355
344
341
385
374
325
341
392
362
349
347
393
349
348
345
375
366
324
333
379
357
323
316
378
380
372
349
392
365
333
348
386
345
337
320
395
363
341
337
388
373
359
319
384
355
362
337
382
361
327
352
387
359
356
343
383
363
340
329
392
364
346
355
397
367
351
343
391
360
351
358
396
358
343
343
383
348
355
354
372
360
342
351
392
384
345
330
386
356
354
335
393
361
335
320
414
367
345
329
403
363
335
333
419
375
342
350
386
360
356
349
396
363
330
331
391
365
368
335
389
367
359
342
401
346
330
349
409
361
352
341
376
352
355
361
394
364
383
357
385
374
356
348
392
365
353
334
398
376
355
342
395
375
365
343
398
380
367
339
398
373
351
343
388
359
365
336
419
376
356
347
385
367
338
344
393
378
381
357
394
369
341
348
395
382
332
332
394
369
334
344
402
380
351
352
393
373
342
351
390
374
348
360
398
386
362
356
392
388
360
364
411
380
348
351
410
373
346
352
415
401
351
354
429
395
369
357
397
381
385
354
421
391
363
354
405
375
375
363
427
391
362
354
400
394
375
351
413
378
357
346
407
396
366
372
419
397
389
362
392
380
365
370
416
382
361
361
417
383
354
379
445
407
372
359
413
395
352
390
421
389
389
369
446
392
376
358
440
413
384
377
435
371
387
380
430
406
375
372
433
394
382
385
430
407
393
383
426
397
390
370
427
405
372
387
415
404
377
378
410
408
368
382
430
398
371
384
416
422
403
397
441
407
397
397
424
406
389
382
436
393
400
376
426
420
396
403
433
391
382
390
414
414
392
396
428
391
374
375
425
398
383
370
409
406
381
417
432
413
400
397
439
408
389
388
423
408
413
397
443
413
402
409
447
422
401
379
437
428
403
398
445
431
407
398
431
414
395
381
451
399
381
370
432
421
376
389
421
400
390
386
413
395
408
383
438
402
406
381
465
425
403
395
450
401
412
397
434
436
410
379
446
402
402
392
442
447
406
390
439
402
389
414
430
413
395
390
428
409
419
401
437
425
391
418
460
409
415
410
495
449
426
410
462
436
423
432
443
424
413
420
462
446
435
407
446
424
427
413
441
415
405
412
451
447
400
402
438
436
404
385
431
429
394
414
445
453
416
399
449
418
435
395
469
446
411
398
450
424
421
421
449
423
417
418
446
436
414
417
449
428
404
398
454
408
396
403
443
436
396
422
456
415
427
403
459
430
418
424
458
428
409
408
461
450
420
423
453
434
428
414
462
444
431
433
484
448
430
425
475
466
438
438
499
466
459
442
505
460
443
441
498
439
438
443
495
454
412
435
469
464
443
425
472
458
442
422
460
433
427
437
489
438
449
441
501
477
453
452
493
457
463
469
482
485
447
454
513
489
470
458
513
483
457
456
525
504
467
468
505
475
487
444
503
482
470
464
521
481
470
449
494
480
451
443
499
478
457
460
508
467
446
449
504
471
442
454
482
453
441
470
483
492
466
445
472
463
440
444
477
460
437
456
508
463
436
433
482
445
439
456
472
471
437
463
485
492
468
447
473
466
468
462
502
485
451
458
505
476
452
461
524
493
473
466
490
485
487
482
531
532
476
479
517
520
476
489
516
489
483
494
524
506
475
466
509
490
476
453
498
491
469
480
507
471
452
457
493
480
478
456
503
493
458
455
499
497
485
463
500
496
467
487
510
488
475
499
510
485
471
475
514
490
499
478
511
485
473
468
506
493
484
471
518
510
470
493
508
509
491
475
526
514
481
492
497
507
464
474
540
521
469
481
530
503
487
487
521
495
493
485
508
492
474
477
509
495
478
480
493
484
471
462
523
490
476
469
509
491
477
473
516
504
492
480
510
504
483
499
523
498
477
472
525
492
523
460
500
499
462
481
510
503
463
492
518
483
467
463
514
504
470
492
538
504
485
499
562
485
471
486
522
481
486
473
511
473
463
454
501
461
447
461
501
463
456
456
505
460
432
434
466
465
444
446
497
476
466
440
508
465
432
447
469
457
451
438
461
457
436
444
453
475
457
449
472
460
473
436
506
471
459
456
478
470
465
461
488
463
468
439
493
478
456
459
494
467
484
438
506
462
460
447
487
481
465
465
525
474
462
482
512
498
470
450
503
487
469
453
489
473
466
461
481
469
483
460
495
473
448
480
489
489
469
472
488
496
487
484
508
496
499
478
516
498
465
489
536
506
509
487
510
495
486
471
533
497
478
470
517
496
481
478
504
497
483
469
513
468
475
475
510
496
476
470
499
508
489
461
501
487
483
476
510
503
476
504
528
505
478
490
564
523
492
502
529
505
496
480
540
504
490
479
530
508
481
490
509
500
492
487
535
505
496
481
536
505
489
489
515
504
504
482
522
505
514
488
532
488
494
505
533
482
473
469
515
483
484
458
491
470
467
461
486
462
466
449
478
475
437
451
495
473
459
449
491
467
467
457
509
517
484
471
514
498
489
482
506
503
475
483
528
506
492
468
529
507
487
480
518
498
477
488
515
502
473
449
511
482
474
454
493
483
469
464
474
474
454
467
487
501
465
468
496
480
461
475
521
491
479
495
522
487
489
473
512
474
482
451
533
477
496
467
488
464
453
456
501
472
452
457
481
467
448
447
488
456
456
453
504
484
450
435
511
465
461
461
477
482
470
461
479
487
457
469
484
469
463
459
511
465
467
465
475
474
438
446
489
459
461
488
458
471
446
435
467
470
465
444
461
465
463
446
499
467
452
452
487
468
474
467
510
496
471
466
527
488
505
503
510
506
482
490
490
496
511
501
504
509
485
485
507
498
468
474
509
481
467
461
505
492
459
462
512
476
482
499
498
482
482
478
511
505
503
469
528
477
483
477
510
515
476
487
509
483
465
461
502
489
478
469
518
482
470
452
492
486
453
458
513
465
476
489
495
492
489
476
539
509
488
499
545
511
495
495
543
509
510
484
539
528
503
509
542
508
491
495
561
510
499
510
538
538
505
526
549
529
541
532
561
540
517
513
564
533
528
512
557
546
542
533
537
535
509
518
546
527
531
515
556
533
515
499
519
538
523
508
540
552
494
497
546
503
485
489
538
537
501
505
536
526
491
500
533
517
494
506
551
531
485
485
515
502
474
467
510
479
501
466
543
504
457
454
503
466
464
460
490
478
465
468
474
466
488
458
480
465
485
446
481
475
472
459
502
490
473
469
483
474
432
459
484
459
436
437
469
455
432
419
447
438
430
420
459
430
429
412
429
434
450
434
481
450
453
466
466
460
450
447
480
459
463
468
495
480
484
476
513
482
469
491
510
490
489
482
536
489
474
482
535
501
480
483
490
493
474
467
512
487
468
466
503
494
487
461
502
489
453
442
473
457
433
430
486
469
451
454
477
472
447
431
475
448
458
454
512
463
450
455
481
449
453
450
495
474
447
454
462
451
455
452
490
474
441
442
493
479
459
445
493
487
452
462
508
493
483
482
520
510
493
475
500
513
483
472
519
496
496
485
515
479
469
474
507
473
479
469
485
482
448
455
497
481
478
477
510
502
483
475
519
511
495
489
542
532
508
497
530
518
510
492
519
498
519
481
502
489
487
477
524
511
472
471
497
497
476
482
518
491
494
484
518
522
510
513
547
552
506
509
541
536
531
524
568
551
532
532
566
560
541
530
571
562
543
528
550
561
560
535
554
539
562
525
573
564
550
528
571
543
512
534
576
529
533
526
564
531
561
510
553
536
528
521
567
528
530
508
559
543
524
534
565
545
540
507
557
555
529
513
548
553
499
513
542
526
514
494
543
517
513
506
558
506
508
494
512
519
499
502
518
533
500
480
531
516
507
490
516
527
515
511
528
505
518
526
541
523
518
497
575
521
522
518
544
535
522
535
533
526
518
504
539
525
520
524
541
537
518
504
545
538
505
500
515
513
487
480
527
472
473
471
507
490
456
469
518
482
478
473
513
509
489
494
521
510
484
486
536
517
507
508
542
529
510
500
524
508
487
478
522
508
473
470
490
485
475
470
485
471
457
451
506
501
460
446
493
484
483
471
498
502
469
476
520
486
500
490
504
483
486
484
494
501
465
453
482
457
464
459
469
453
462
446
469
459
440
433
487
494
448
435
493
473
472
482
497
480
477
476
502
501
493
475
494
498
461
479
495
471
455
437
476
453
465
441
483
457
477
461
485
462
467
458
501
493
485
490
539
516
516
485
568
515
503
515
535
525
495
505
535
527
501
501
525
498
482
485
508
494
486
504
547
501
487
520
546
505
495
502
524
529
513
506
544
521
501
499
573
522
511
490
552
516
511
534
526
545
534
521
563
547
542
531
586
556
543
567
580
590
559
553
607
573
558
556
623
598
578
577
601
599
571
569
593
586
574
557
606
576
564
550
583
573
547
555
569
544
544
522
561
559
510
516
546
530
535
515
554
524
526
509
560
541
529
515
535
526
523
503
516
512
508
486
537
521
556
515
548
550
512
536
540
546
526
542
559
549
549
548
574
547
544
545
586
563
552
562
565
548
545
557
584
536
532
531
551
536
528
518
545
536
499
510
543
536
512
494
512
502
492
496
497
502
497
476
496
493
467
487
498
480
474
463
490
482
457
466
680
462
433
469
492
465
461
441
466
475
448
445
466
455
444
423
463
450
446
424
459
468
453
434
470
453
440
438
456
455
416
432
469
443
438
445
470
459
444
465
476
469
453
447
483
471
449
460
497
500
476
487
518
501
485
480
536
536
497
484
530
488
479
474
535
500
495
469
492
512
502
476
496
495
480
453
514
483
489
455
510
481
456
466
495
475
453
465
488
482
467
442
484
488
474
483
521
479
479
474
519
512
480
497
533
521
496
483
510
504
474
467
498
475
462
479
506
491
467
468
487
491
461
484
500
482
479
482
490
498
479
471
526
500
493
483
494
477
471
486
510
477
467
458
501
507
462
465
507
506
475
477
501
496
470
475
503
497
493
472
536
496
484
500
500
498
506
500
529
527
529
508
541
531
512
519
562
556
524
518
563
557
534
521
549
545
536
523
552
556
537
510
547
529
520
514
589
548
528
509
555
529
523
526
570
534
543
531
585
551
535
529
578
574
555
528
582
573
554
553
594
559
564
580
599
557
545
572
579
580
563
545
564
538
552
560
579
549
521
532
550
547
541
513
544
523
517
501
514
517
501
511
528
519
487
493
502
490
476
458
489
471
445
450
488
442
430
405
474
427
416
411
443
417
414
398
440
445
413
410
443
443
415
422
494
440
442
442
496
489
454
453
515
489
491
484
506
511
487
486
521
522
477
486
574
505
500
511
528
524
513
506
558
545
510
523
544
549
508
513
542
539
543
510
549
534
511
507
559
562
526
508
546
523
502
492
525
525
505
501
514
521
477
483
501
493
461
453
495
464
447
430
467
464
427
411
440
440
404
402
419
410
410
401
443
409
410
401
449
435
408
422
460
471
435
447
472
497
450
477
508
486
479
477
518
492
493
500
504
532
514
495
550
516
526
506
533
530
502
512
508
526
532
511
532
528
509
502
539
545
509
516
537
522
518
509
559
541
532
503
554
549
531
511
537
547
501
522
545
524
523
502
551
545
509
528
546
520
531
519
549
538
510
502
572
522
536
509
540
534
510
527
561
526
497
523
531
516
494
520
550
542
510
510
544
531
518
517
551
557
545
511
554
543
544
525
559
542
534
521
545
527
521
531
550
540
515
541
545
552
549
541
542
550
520
526
573
555
533
519
578
554
532
531
575
558
557
537
556
537
527
536
542
537
526
537
551
533
533
516
549
531
509
516
552
527
516
519
560
545
517
530
561
545
537
534
552
556
554
534
579
557
549
540
568
549
539
513
538
539
513
510
537
541
500
525
526
538
520
523
534
522
511
506
542
536
519
543
553
534
551
544
588
564
534
535
587
540
523
530
556
543
515
507
547
555
531
526
559
551
527
530
534
525
504
487
563
539
542
521
565
516
524
510
548
538
505
510
546
515
505
525
540
528
506
530
555
532
514
527
563
531
531
520
540
527
524
527
538
553
509
510
541
521
502
502
543
512
515
519
544
540
536
514
567
538
528
507
547
546
560
522
576
546
534
507
562
550
533
523
554
552
527
517
556
533
533
508
584
554
527
538
535
532
522
515
533
526
495
517
548
532
487
492
521
511
487
485
531
495
484
484
510
489
463
457
527
480
495
459
502
489
472
467
506
475
478
466
517
519
482
486
521
512
489
485
535
498
485
475
530
512
471
486
526
505
488
483
520
506
494
496
534
503
488
478
516
510
481
491
523
505
487
487
500
499
470
484
516
494
472
469
528
491
478
470
508
472
485
483
510
475
478
475
510
473
473
452
519
465
462
462
505
470
465
465
485
482
470
448
523
478
451
462
482
461
465
489
506
487
449
459
487
487
451
447
514
469
449
451
487
478
457
461
479
479
460
438
480
481
451
465
470
460
434
450
476
464
463
446
493
491
446
449
481
463
450
445
492
458
445
445
482
474
432
452
496
483
451
439
485
459
442
443
462
475
454
442
468
478
425
460
474
458
433
450
502
452
462
449
488
464
431
473
483
471
449
437
468
458
442
435
466
475
434
440
486
453
450
430
451
452
418
444
496
474
415
438
483
461
444
416
479
454
436
436
484
453
472
430
460
439
430
444
457
454
457
414
477
439
446
432
459
453
431
423
463
453
454
432
480
449
442
440
473
472
428
448
477
462
427
425
462
451
446
435
470
449
419
414
478
452
414
438
453
447
455
429
459
440
436
437
466
462
430
420
482
479
434
438
521
455
434
437
512
456
452
452
497
445
425
443
492
466
436
447
470
449
447
469
465
456
441
395
272
272
272
272
271
272
271
273
493
456
271
272
271
0
0

