;UFOS3
;Measurement details: channel = Z-D, date = 28.08.2020, time = 09:11:04
Exposure=1100
Gain=0
Temperature=24.8
Accummulate=4
1.7940854904034795 mu
1.8075669604007725 amas
33.606 hs
302 ozone
0 uva
0 uvb
0 uve
[Value]
0
1
-3
1
2
1
-1
0
4
0
2
4
6
6
4
1
4
1
5
3
2
2
3
5
2
4
4
3
6
2
1
2
7
5
3
5
3
3
5
5
4
4
4
6
6
4
5
3
5
2
2
2
4
3
3
2
4
5
7
0
7
7
4
2
4
0
4
4
4
1
3
6
4
4
7
4
6
1
3
4
5
4
5
7
3
5
3
5
6
4
6
2
5
5
3
2
4
5
3
4
5
5
3
6
8
4
5
3
3
5
6
4
3
4
3
1
5
4
8
2
3
3
6
5
3
1
4
3
6
2
6
2
3
3
3
6
3
2
2
4
2
4
6
2
5
7
5
3
2
6
4
5
1
2
6
3
2
1
4
4
5
6
2
4
4
3
6
1
4
2
5
4
0
4
1
2
2
0
3
4
3
2
7
3
5
3
5
3
4
5
3
4
4
1
5
3
4
4
4
5
8
7
1
4
4
2
5
6
4
3
4
6
4
5
4
3
4
3
4
6
6
2
2
4
5
5
1
5
5
3
4
4
2
3
6
3
3
3
5
4
6
6
1
3
5
6
4
7
3
3
4
3
5
5
3
4
1
3
2
6
5
3
1
6
3
7
3
2
3
4
5
3
1
4
7
5
6
6
5
3
4
6
2
0
6
4
5
3
1
0
2
5
5
4
6
4
4
2
4
2
5
2
3
4
4
6
5
1
5
2
5
1
3
3
8
4
3
2
4
3
5
4
3
6
5
4
4
4
6
5
5
4
2
3
6
5
0
1
6
1
2
5
5
4
3
6
3
5
3
4
4
5
5
4
3
1
1
1
4
1
4
6
5
3
6
3
5
5
2
4
4
6
6
3
3
5
3
3
4
6
5
7
6
6
5
3
4
6
7
6
2
4
3
0
5
1
1
4
4
3
4
6
4
5
5
5
3
6
4
3
4
5
2
6
8
2
3
5
3
3
2
2
5
1
4
1
4
2
4
7
5
5
3
5
3
9
4
4
7
4
2
5
2
3
2
7
2
4
5
7
2
5
3
3
5
2
3
2
5
5
6
4
6
3
2
5
3
4
2
5
3
3
3
2
5
3
3
4
3
3
3
3
4
4
7
3
4
4
2
4
2
5
5
4
1
4
6
3
6
6
5
0
3
6
2
4
6
4
5
3
3
5
6
2
5
6
5
2
4
7
3
7
7
5
4
7
6
6
5
3
5
6
4
3
7
7
5
1
5
6
4
4
6
8
6
8
6
5
7
3
6
5
5
2
7
5
3
3
3
3
4
3
1
5
7
3
6
5
4
2
7
5
4
4
6
3
5
5
4
8
1
6
5
4
4
6
3
5
5
7
6
5
3
4
5
3
3
5
4
5
6
4
8
4
5
5
5
3
6
3
7
4
6
5
9
7
7
6
7
8
8
6
4
3
4
3
5
0
6
9
3
7
5
2
7
6
8
3
8
8
4
6
5
5
6
7
7
11
7
11
4
6
7
6
6
7
5
8
7
6
7
10
10
9
8
8
4
4
11
9
6
5
7
8
9
10
6
4
8
9
10
12
9
9
9
13
10
9
11
8
8
9
10
7
7
6
9
10
9
11
11
11
14
12
9
11
11
13
15
13
11
15
14
11
15
14
13
14
14
18
17
15
15
21
20
20
21
17
19
19
19
19
22
20
17
19
23
20
18
23
23
19
20
20
23
19
23
21
20
22
23
21
25
25
22
24
24
26
23
27
28
28
28
25
29
29
29
30
32
32
33
32
37
38
37
35
39
39
39
38
40
39
43
38
39
40
36
38
36
36
36
38
38
38
39
33
40
37
39
38
40
40
42
40
42
44
44
42
42
45
45
44
44
47
47
46
46
48
46
51
53
54
56
55
56
55
61
59
58
62
65
66
65
68
64
66
67
65
65
69
67
67
72
71
67
69
68
67
70
70
65
68
72
73
69
69
70
70
74
74
74
71
74
72
72
76
76
72
75
75
71
69
68
69
67
68
70
68
68
68
67
69
68
67
71
70
73
74
74
72
75
73
73
77
73
73
76
79
75
81
80
80
81
81
86
89
91
94
96
102
102
106
110
118
116
120
123
132
130
130
134
137
139
137
139
139
138
142
140
144
138
141
141
144
141
142
139
139
134
137
140
141
138
141
140
137
140
139
141
141
142
144
147
147
148
149
153
154
161
162
164
170
165
171
175
173
176
180
183
184
182
184
186
184
186
182
184
189
183
183
188
186
187
184
191
191
191
196
201
200
203
205
213
216
214
222
229
228
228
228
227
221
224
224
224
218
220
216
220
220
213
216
219
219
219
223
225
226
224
228
235
232
240
251
254
255
256
261
263
267
258
260
258
250
248
243
241
231
231
223
223
219
212
211
206
201
194
197
198
201
198
199
202
212
206
210
216
222
229
234
240
243
248
255
260
257
266
268
278
282
279
288
288
292
294
303
306
304
307
307
313
312
316
310
320
320
315
317
318
310
297
292
291
290
276
272
266
261
260
253
251
251
245
239
241
238
241
242
244
244
247
253
262
269
276
282
291
297
305
307
306
304
308
304
310
309
305
299
300
299
296
292
297
286
281
280
284
281
281
279
278
283
288
293
296
304
307
310
319
325
324
332
339
342
346
352
357
365
370
372
379
382
384
386
387
390
393
389
394
393
388
385
386
378
372
366
364
350
350
345
343
347
336
339
337
336
340
339
349
353
356
360
371
381
381
386
386
388
391
396
403
401
403
404
405
404
396
398
398
391
383
373
371
363
367
357
352
349
352
348
358
353
358
356
363
368
363
370
371
375
379
382
393
392
401
408
412
419
429
430
431
439
439
446
451
452
460
454
466
474
477
472
493
487
493
496
510
509
508
515
511
506
505
500
505
493
497
488
486
486
479
470
475
471
467
473
471
464
462
465
472
479
472
488
497
498
511
521
531
535
544
552
569
578
581
581
600
591
600
606
613
617
619
616
616
610
607
601
613
614
610
611
609
610
606
608
608
609
605
604
603
593
585
582
589
589
589
589
595
591
581
575
577
573
571
565
561
560
551
550
549
546
546
533
535
534
537
536
530
525
520
516
524
516
513
512
516
512
516
512
509
509
511
513
516
517
518
523
523
532
534
536
552
563
563
572
576
590
594
608
617
623
634
654
657
665
668
679
684
686
684
685
694
698
710
715
720
724
717
715
717
705
707
696
712
705
694
691
689
672
663
660
652
639
635
630
631
618
626
616
619
622
619
625
631
631
631
630
640
635
642
637
649
657
652
656
657
662
663
663
670
675
674
682
690
683
685
689
701
702
698
696
703
708
702
706
712
703
708
713
708
716
703
709
708
707
707
703
703
706
699
705
715
723
720
726
735
736
728
732
725
709
706
702
700
685
680
678
681
673
675
671
669
661
657
662
659
656
648
647
643
645
646
649
662
670
681
691
701
704
706
715
719
721
717
717
714
708
710
701
701
693
696
700
703
695
689
691
691
689
679
685
690
694
690
699
699
707
711
710
719
715
704
692
682
663
636
631
614
586
578
569
557
548
544
532
529
528
516
515
520
516
518
520
534
537
539
540
544
554
559
559
552
545
530
517
514
505
493
492
481
481
482
484
496
499
510
516
533
537
551
557
563
566
562
563
570
577
572
575
579
588
574
575
574
569
571
561
556
568
567
566
567
576
576
589
593
608
611
616
631
631
629
636
631
632
627
615
616
610
603
606
594
599
594
594
601
602
608
614
606
613
620
622
633
645
652
672
683
695
701
713
718
723
722
740
730
735
730
727
730
731
714
713
715
709
699
690
688
681
679
678
675
683
680
687
693
692
683
675
672
670
658
660
657
668
665
667
668
666
669
675
680
677
690
697
699
702
701
716
737
738
739
745
751
763
764
764
778
773
770
766
774
771
770
761
759
750
757
763
767
772
778
780
791
804
799
799
806
792
799
788
793
808
798
808
817
806
800
796
787
776
770
755
754
743
719
707
692
679
677
654
651
636
612
597
585
574
560
551
548
542
537
534
535
542
545
555
568
582
601
609
637
646
657
669
673
686
682
698
697
709
715
715
725
738
730
729
735
726
718
718
715
708
695
685
674
668
660
655
652
643
645
633
634
625
621
620
618
615
612
604
613
607
611
619
626
631
634
639
651
657
659
677
671
674
668
660
663
657
653
643
645
645
630
625
616
606
590
583
572
570
564
560
557
545
546
550
545
554
546
561
563
568
563
575
569
577
579
583
590
593
595
595
593
596
589
592
595
584
585
573
574
565
568
564
567
565
563
552
560
555
559
556
550
541
540
530
522
520
514
520
522
533
543
551
569
571
575
585
595
597
609
621
624
647
651
655
668
680
683
700
703
708
709
711
715
715
721
712
708
708
701
702
697
693
680
680
671
666
662
657
657
644
642
635
641
637
632
634
647
646
645
660
674
669
682
689
689
688
700
702
713
713
718
709
709
704
687
692
678
657
643
629
623
615
604
610
608
614
616
616
642
643
646
656
664
666
682
689
701
720
737
751
766
773
789
797
801
797
800
795
811
799
817
828
829
836
835
839
839
851
846
854
855
853
859
856
865
872
863
870
884
882
881
878
879
878
872
866
880
886
880
891
898
899
895
892
896
885
875
872
867
863
853
841
845
843
839
833
836
823
814
806
807
794
791
780
782
783
779
775
785
786
796
805
814
808
804
789
776
769
750
735
735
726
719
718
703
695
678
658
642
632
605
599
573
564
551
550
550
551
551
562
566
569
572
573
578
579
582
584
591
593
608
611
611
607
597
591
576
562
555
539
533
521
512
502
490
481
464
449
438
428
415
410
409
408
410
410
407
411
421
434
451
457
466
470
482
491
503
510
525
540
545
566
579
596
606
620
632
636
637
642
660
663
668
665
680
677
683
687
686
683
683
682
679
678
671
660
655
640
623
620
615
610
604
590
586
564
556
545
525
518
508
513
516
520
507
521
518
514
516
515
525
530
529
537
541
551
556
558
565
560
559
556
549
543
541
535
539
533
537
539
545
537
548
542
539
535
542
554
567
573
588
611
631
653
669
692
700
715
723
721
724
719
707
695
696
692
680
684
679
665
652
641
631
628
618
607
604
601
595
606
616
622
631
648
671
688
699
712
729
732
737
740
749
758
763
763
751
760
761
765
755
751
742
732
727
716
702
691
685
679
679
672
674
682
684
692
704
715
726
739
750
762
778
780
805
819
831
844
865
877
887
900
922
916
932
928
951
952
957
944
959
959
957
955
962
952
954
960
954
949
948
940
940
935
933
931
918
918
911
890
893
891
887
891
890
894
911
900
904
901
899
900
902
905
912
908
910
907
900
898
896
905
888
875
870
863
845
837
829
818
808
803
813
796
787
789
785
786
781
778
788
769
769
756
762
753
756
760
752
751
754
752
761
764
764
774
777
780
777
777
782
792
790
802
811
809
817
817
825
822
821
830
838
831
826
821
829
826
821
825
822
827
827
833
821
813
803
798
787
781
769
750
740
719
705
698
684
659
644
635
636
630
616
616
621
623
624
633
654
668
684
690
719
729
738
746
754
771
783
786
789
802
781
783
766
749
734
708
690
672
655
631
616
607
584
578
567
566
569
574
575
570
573
570
579
583
601
614
632
646
650
658
672
675
680
676
674
669
660
649
629
615
588
568
555
552
536
526
514
499
488
475
470
470
476
474
489
497
506
520
525
550
558
567
586
594
608
616
621
619
622
613
627
615
605
598
578
556
541
519
511
499
492
487
494
496
503
515
528
541
553
575
603
620
640
666
687
710
720
738
742
752
758
764
772
767
761
755
760
748
741
737
740
724
712
709
702
690
691
697
703
709
710
724
736
732
739
744
751
749
748
748
752
751
753
763
769
785
796
810
815
826
827
837
862
872
884
895
906
920
923
931
935
952
962
974
991
986
998
999
1015
1019
1014
1027
1033
1039
1058
1065
1076
1064
1066
1061
1059
1052
1040
1032
1033
1012
1002
983
961
948
936
927
928
907
894
887
878
860
846
840
829
834
826
836
824
822
818
810
795
786
778
775
772
767
755
747
741
735
743
752
762
768
778
800
814
820
826
843
860
875
871
882
907
914
909
919
921
925
930
931
931
940
940
933
930
923
914
903
899
884
881
867
854
842
824
814
827
800
787
780
770
745
729
702
680
666
651
639
630
633
629
625
628
619
616
606
615
605
595
574
563
549
533
521
512
513
503
497
504
498
498
488
484
471
453
451
448
444
438
440
434
439
440
443
443
439
444
445
446
437
426
428
428
421
415
409
412
413
426
431
442
446
459
465
480
489
500
506
514
531
532
552
571
589
605
614
635
643
645
643
649
652
642
643
655
655
653
644
648
647
636
638
639
626
614
608
616
601
597
593
598
589
582
567
556
548
535
523
520
511
513
520
529
531
535
544
548
560
562
568
577
577
594
597
612
625
629
640
650
648
645
630
624
607
598
587
571
560
562
552
557
562
567
563
570
579
581
580
579
587
578
583
588
597
603
609
619
617
623
618
611
599
602
591
594
599
593
581
583
575
570
579
585
587
591
583
582
576
576
570
579
580
589
599
615
618
627
621
637
640
651
665
686
686
700
714
732
734
751
761
777
780
790
790
795
797
800
796
801
812
802
802
809
803
807
800
810
803
799
787
778
768
761
770
770
769
783
785
793
792
784
799
805
810
822
843
862
869
874
883
891
909
921
923
929
937
931
933
935
934
935
925
917
914
908
893
895
869
858
841
838
828
812
797
800
790
783
778
769
758
753
739
742
722
711
692
684
668
653
644
631
607
588
562
545
527
487
462
442
417
386
362
350
330
315
298
292
286
284
289
292
295
297
308
321
337
353
370
387
406
428
448
471
483
496
511
526
538
556
566
585
595
610
617
633
642
640
642
658
667
672
686
703
706
713
718
734
733
741
752
761
763
763
756
758
765
752
754
762
752
756
747
752
747
745
736
733
725
717
701
698
684
670
652
637
615
600
588
580
558
542
520
495
475
445
424
404
375
353
334
324
306
304
295
292
282
277
277
278
280
283
284
298
315
330
344
360
381
404
424
444
462
486
497
521
548
562
575
596
602
620
627
644
655
662
663
672
674
675
680
686
695
689
691
691
688
692
691
691
699
687
691
699
702
705
701
704
715
713
718
727
724
731
723
732
734
731
742
732
722
715
713
710
708
710
717
717
723
713
712
718
716
718
722
730
737
726
730
731
724
727
720
725
717
712
708
717
705
699
698
703
704
701
700
702
702
706
709
707
712
717
729
739
746
753
750
757
762
748
746
753
753
749
751
751
757
750
753
747
748
751
757
752
756
755
758
751
759
751
754
754
762
759
756
761
773
761
770
770
771
767
766
761
763
758
750
743
743
731
729
722
719
708
704
700
698
691
690
690
689
689
694
698
707
713
727
736
741
745
752
763
769
779
780
785
785
790
782
784
764
746
732
719
708
702
701
697
694
683
679
684
684
687
682
699
702
687
695
707
709
712
722
743
754
761
762
768
757
751
749
737
738
725
728
719
708
708
714
709
712
712
710
713
710
692
692
685
688
679
678
674
670
669
674
676
670
668
665
670
664
668
668
672
671
675
674
674
676
688
689
697
698
696
695
698
707
700
692
699
686
679
670
660
653
660
648
645
658
656
666
670
675
672
661
669
673
671
673
671
668
672
671
674
683
692
693
698
697
695
697
705
699
700
696
702
698
707
703
701
704
703
697
699
697
699
692
691
681
680
669
663
652
647
637
636
628
615
616
600
593
578
566
555
535
527
525
522
508
501
502
498
499
492
493
499
501
499
500
505
511
513
517
526
540
537
548
546
550
556
558
556
559
556
560
564
553
558
561
559
562
561
560
570
561
560
551
557
552
552
553
558
544
539
541
543
534
532
530
526
522
524
519
515
514
510
501
508
502
500
497
495
493
496
496
497
491
485
478
475
470
464
458
458
449
443
444
441
447
435
447
444
446
446
437
442
448
446
443
445
445
449
455
459
455
459
455
454
457
448
443
440
435
430
430
429
423
417
418
417
417
408
409
407
409
408
406
408
409
414
413
412
415
417
409
409
407
398
402
402
396
388
393
396
384
386
387
388
386
383
384
388
385
390
389
387
387
393
395
397
402
401
402
403
409
407
409
405
400
401
402
404
401
397
397
400
399
395
384
392
380
375
374
374
366
364
364
353
358
352
354
351
360
347
345
346
342
342
345
344
345
344
347
352
349
352
352
357
347
348
351
346
353
352
353
353
351
345
346
345
343
345
339
339
337
335
339
344
341
339
338
340
347
343
344
347
352
349
348
354
354
351
353
359
356
351
346
350
347
342
333
340
333
331
333
333
325
317
318
320
323
323
326
335
330
335
342
352
359
338
204
-3
-3
0
2
-2
-2
-2
-2
394
399
-2
1
-2
0
0

