;UFOS3
;Measurement details: channel = S, date = 28.08.2020, time = 09:22:05
Exposure=1100
Gain=0
Temperature=25.2
Accummulate=4
1.8117033399321265 mu
1.8257601162492458 amas
33.229 hs
0 ozone
0 uva
0 uvb
0 uve
[Value]
0
270
270
271
272
272
270
271
371
351
308
302
378
338
302
318
381
337
312
311
388
351
340
315
394
365
326
332
396
402
358
335
368
372
326
326
424
375
335
330
379
363
334
334
402
372
347
320
404
368
323
332
403
366
347
337
409
366
342
354
402
353
320
361
394
360
334
339
390
359
336
321
400
354
340
322
387
368
331
341
402
353
346
324
373
349
333
342
398
349
336
333
403
370
324
329
410
357
325
327
368
369
327
326
407
354
337
322
383
365
342
322
390
372
330
346
384
359
342
329
389
358
341
323
384
386
341
346
382
359
341
328
404
370
345
334
398
354
337
320
391
369
339
326
388
372
319
350
402
356
324
330
394
353
345
337
393
364
330
335
421
358
331
337
378
366
338
337
383
356
333
327
402
364
342
329
415
365
336
333
411
353
332
329
386
365
324
328
397
365
335
343
410
368
334
347
386
359
329
318
407
349
333
325
399
373
321
320
394
361
322
340
395
376
342
349
393
352
346
328
413
370
333
343
370
360
334
329
370
365
323
340
412
357
331
334
382
367
341
334
380
376
333
318
384
345
337
335
386
346
346
329
391
357
335
319
380
360
335
331
372
354
342
316
400
344
343
329
388
354
320
338
415
350
327
352
406
365
341
322
394
342
322
346
391
356
320
343
392
370
346
339
412
352
331
349
396
370
334
337
373
364
336
337
383
358
339
333
402
354
328
334
391
373
354
326
408
345
349
332
389
356
321
353
385
363
329
329
391
360
351
341
384
364
350
333
414
370
348
345
404
361
331
325
389
394
329
318
378
350
351
323
385
374
333
352
406
351
322
341
403
352
347
324
386
348
339
331
396
362
332
343
378
365
340
336
400
369
338
319
392
351
337
336
390
352
339
324
389
338
347
325
376
373
344
333
404
361
341
343
401
350
341
322
379
364
327
332
381
378
319
324
398
360
340
323
379
364
325
338
384
380
349
322
385
359
333
340
395
368
336
327
394
363
337
324
388
364
327
326
389
380
344
354
391
353
346
341
386
351
320
344
379
378
328
339
372
367
328
337
388
365
344
345
384
356
333
339
385
355
335
356
384
367
342
341
386
397
334
329
387
357
325
329
390
360
347
329
395
349
346
343
391
358
360
333
386
345
332
321
366
383
342
328
382
374
324
323
378
357
337
330
395
361
350
338
391
361
335
327
393
352
339
339
390
350
336
334
386
361
326
336
379
351
325
330
386
355
340
342
398
368
337
333
378
373
341
338
367
364
340
335
377
365
329
347
391
364
341
334
404
383
334
343
392
364
329
341
402
373
332
334
397
362
321
338
371
348
352
332
386
363
334
339
389
350
350
341
384
359
345
329
392
369
345
333
375
362
324
348
376
354
326
329
383
351
341
348
378
370
332
358
381
355
322
338
382
352
340
345
376
359
340
357
383
356
342
348
383
359
343
358
377
377
345
348
386
354
340
333
406
342
354
337
376
358
338
344
389
352
337
327
377
364
351
334
400
367
333
329
383
348
337
337
401
355
345
343
388
373
327
341
394
362
351
349
392
352
350
344
379
367
327
335
379
359
325
316
379
380
374
349
392
367
335
349
388
347
337
324
395
363
343
340
389
373
359
322
386
358
361
340
385
363
331
355
388
358
357
340
386
366
344
330
390
367
347
355
393
368
352
344
391
361
354
360
399
360
344
343
386
351
357
354
372
360
344
354
392
385
347
333
386
357
356
337
394
365
338
324
411
366
348
334
402
365
336
335
418
377
345
351
389
363
358
352
397
366
332
333
394
368
368
336
394
368
361
345
404
349
335
352
412
364
357
344
378
353
358
364
398
367
384
361
390
379
357
349
393
371
355
338
400
378
358
346
400
376
371
348
402
384
369
344
403
376
356
347
392
361
369
339
418
379
358
349
392
370
342
348
399
380
383
361
395
373
347
349
401
382
337
336
397
371
337
348
408
384
354
354
396
378
349
354
392
377
353
361
403
387
368
359
394
391
361
368
413
386
352
355
413
378
350
358
421
400
358
362
434
401
378
364
404
386
391
360
425
400
368
363
410
383
380
372
430
398
371
361
407
402
381
360
419
382
363
353
413
407
371
381
426
407
395
371
402
387
370
378
427
390
369
370
426
391
365
389
454
416
379
369
421
404
363
401
432
401
402
380
454
399
388
368
448
422
393
388
443
383
395
391
439
416
389
383
442
405
396
395
440
418
405
397
434
410
405
382
439
418
384
400
428
414
389
392
420
419
383
392
442
407
387
398
430
435
417
410
456
423
412
409
438
421
404
397
450
410
414
390
439
436
409
413
442
403
391
402
425
425
404
404
443
403
388
387
434
409
391
383
420
422
395
429
448
429
413
409
451
420
405
406
444
425
428
416
460
433
418
428
464
441
422
398
456
445
428
421
465
449
424
418
447
432
413
399
471
415
399
389
446
438
390
405
435
415
405
402
426
410
423
397
454
419
423
397
481
441
423
412
468
420
430
417
451
455
433
399
464
423
422
414
462
468
425
407
457
420
407
432
449
432
415
407
445
427
438
421
455
446
408
441
482
433
440
434
510
471
449
434
488
461
448
458
470
453
440
451
490
476
461
433
474
452
454
439
467
442
429
432
472
469
421
426
463
462
430
412
456
451
418
438
472
481
440
428
473
444
462
426
495
472
437
430
480
456
452
450
477
451
447
446
475
464
439
444
477
454
428
422
478
434
419
432
467
463
423
450
482
439
453
429
488
456
443
449
484
455
439
440
492
478
449
459
486
466
460
448
496
478
467
466
517
486
472
460
509
502
478
480
535
504
497
478
540
497
479
482
537
477
474
480
532
491
451
470
507
502
479
462
510
493
479
457
493
471
464
477
531
485
492
487
545
519
500
494
538
506
508
517
532
531
498
503
568
542
521
507
560
535
509
508
579
553
517
522
551
527
536
495
549
535
519
515
573
533
522
497
543
525
499
495
545
527
504
510
554
510
495
495
546
516
491
500
523
498
489
518
527
539
510
489
517
505
484
485
519
505
482
499
553
509
481
476
522
491
483
496
512
518
486
509
531
533
512
493
518
514
515
510
554
534
507
514
559
533
511
516
580
552
531
527
552
547
548
544
593
593
536
548
584
581
540
553
576
552
541
556
590
566
539
527
571
549
533
511
557
544
521
529
560
523
509
512
549
535
534
512
552
545
514
509
558
552
541
520
559
554
523
551
569
551
534
562
571
548
534
535
579
550
561
546
582
552
534
533
572
563
550
538
583
581
539
561
574
577
562
544
591
584
547
558
560
570
529
544
611
589
536
551
599
575
557
551
589
560
559
549
572
555
542
542
576
563
542
540
559
547
529
528
583
552
540
530
572
552
539
536
585
571
566
548
584
578
554
568
597
570
545
546
594
565
592
535
572
570
531
549
581
574
534
562
586
550
537
533
590
576
542
565
609
575
560
570
635
561
548
550
585
547
548
533
568
537
523
504
556
516
503
513
554
517
506
514
555
515
486
490
521
523
501
503
557
536
522
499
564
519
482
499
522
511
499
489
510
505
490
497
504
526
516
504
535
515
532
494
569
530
518
516
541
536
525
522
549
525
531
502
558
540
519
520
557
528
546
501
571
529
525
513
555
545
537
532
591
541
534
553
583
563
541
518
569
555
537
519
553
536
533
522
550
534
551
533
563
543
518
548
560
564
546
547
566
574
568
568
592
579
586
560
597
580
549
575
617
585
588
571
588
575
561
544
608
574
557
545
591
571
559
555
582
571
565
547
589
545
547
548
590
572
552
542
574
579
565
543
581
565
564
557
589
581
560
587
610
593
568
570
654
613
583
589
622
590
590
572
633
592
579
566
619
598
573
585
601
593
587
579
633
598
593
572
637
604
583
583
615
600
598
581
621
596
608
584
626
582
586
593
621
570
554
554
595
563
562
536
568
546
538
527
555
530
526
514
540
542
503
513
561
540
527
519
562
542
542
539
595
604
565
554
597
587
583
565
597
590
570
572
615
597
583
563
617
603
577
572
607
590
565
577
602
583
554
531
595
560
557
533
571
559
545
541
549
554
531
541
563
583
552
545
577
562
545
557
606
580
566
577
610
572
580
558
596
557
565
534
616
557
575
546
567
537
526
530
575
543
524
533
551
537
521
520
561
530
529
524
576
560
524
510
592
544
537
535
555
565
549
540
557
568
537
548
562
545
538
534
587
541
545
543
550
548
510
519
562
535
536
558
531
542
515
505
538
540
535
516
534
535
540
524
573
547
531
534
570
556
560
554
602
587
565
558
630
582
597
603
613
608
579
589
590
598
615
598
603
604
583
583
604
592
561
570
605
574
559
549
598
577
544
549
604
570
571
589
587
569
574
568
606
601
598
567
628
580
582
576
613
620
580
589
607
579
564
561
598
580
569
557
603
570
559
539
580
574
544
544
607
558
568
583
592
586
589
580
648
618
598
614
660
627
607
613
663
624
623
598
656
651
622
632
668
626
612
622
690
640
627
641
661
662
634
653
673
656
666
662
694
676
646
644
690
662
656
642
691
675
669
672
673
666
640
654
680
663
662
649
686
659
643
625
646
663
649
634
671
676
618
616
669
620
602
607
661
654
614
624
660
648
620
621
660
643
613
624
667
649
599
601
631
614
586
575
616
583
604
561
642
600
545
538
591
551
547
540
574
557
552
554
562
555
578
545
572
558
579
540
577
571
567
556
594
583
567
561
572
563
520
542
567
538
520
512
543
527
503
492
514
506
493
486
522
493
492
479
494
504
520
506
552
524
528
541
542
541
534
532
567
552
555
567
591
589
587
578
620
595
576
600
622
599
603
597
645
610
589
599
651
618
594
598
602
606
585
572
617
590
577
571
606
592
585
556
596
578
542
524
556
542
514
517
570
551
537
540
563
559
531
514
561
537
544
547
600
555
543
553
576
542
548
541
589
565
533
546
553
546
545
544
583
565
535
532
582
571
549
539
592
591
561
575
617
610
603
605
646
637
620
601
626
637
604
594
636
617
610
598
634
592
581
580
615
579
586
578
588
585
552
562
605
588
592
592
631
626
608
600
646
639
626
619
678
670
640
632
666
655
641
624
651
633
644
602
629
614
604
600
640
631
588
586
619
616
602
606
647
619
618
617
655
658
648
658
694
702
666
665
694
702
695
687
733
718
705
710
738
734
715
702
744
740
717
710
727
737
733
711
731
712
733
698
751
741
720
695
737
712
682
697
742
694
694
683
738
695
727
673
723
707
700
687
737
700
703
676
727
714
693
701
734
710
705
667
722
713
691
671
704
708
650
662
694
671
665
640
695
665
657
651
708
650
647
640
657
663
644
644
660
677
643
627
680
661
653
638
667
678
662
662
682
661
670
682
698
681
679
660
738
682
687
682
706
696
685
696
691
682
680
662
700
686
679
687
703
693
675
655
697
684
650
643
655
649
619
610
657
597
597
594
626
612
577
585
639
607
604
603
645
644
626
637
666
655
631
640
689
675
671
663
708
684
667
656
675
657
632
616
657
631
599
594
605
601
591
583
599
580
571
566
621
619
573
561
606
604
608
598
628
635
605
614
661
626
642
628
643
613
618
608
620
626
579
566
595
567
572
559
576
557
557
543
567
548
537
530
583
592
555
544
602
587
592
603
624
605
605
606
636
630
622
609
624
617
584
602
608
581
561
541
578
556
563
546
584
568
585
571
597
580
589
587
633
630
628
636
690
673
679
646
731
684
665
681
702
686
657
667
696
693
661
657
681
653
635
634
656
642
636
661
700
651
647
679
703
665
658
666
688
688
676
667
710
683
662
666
740
701
690
668
732
700
696
721
722
744
730
728
763
752
751
740
796
768
769
786
800
811
785
776
838
804
789
782
857
837
815
819
842
846
809
810
829
821
818
792
839
801
788
776
803
782
759
765
779
753
744
720
754
751
702
706
732
721
720
703
738
709
706
692
738
719
705
688
703
696
692
671
690
686
678
658
710
703
738
701
738
743
708
732
742
750
727
749
773
765
766
763
789
762
765
765
810
778
772
785
787
762
763
764
795
743
737
731
750
733
719
705
733
720
679
687
718
704
680
656
669
658
639
642
643
649
643
623
647
640
618
626
640
617
607
598
623
610
578
587
804
583
555
590
617
582
576
556
577
587
555
549
573
564
547
526
567
556
551
530
568
573
559
541
578
557
541
539
556
554
512
534
573
551
540
549
581
572
560
582
597
591
579
572
614
605
591
598
641
654
630
640
676
662
647
645
694
698
658
651
699
652
642
636
698
665
656
629
652
672
656
632
648
646
629
602
665
633
632
594
647
619
586
597
625
608
582
600
625
619
607
586
631
635
624
623
673
630
631
629
685
680
649
661
707
690
662
643
667
656
629
619
646
619
608
624
655
638
619
617
639
647
613
634
650
631
629
636
647
657
636
631
690
665
652
643
652
636
631
640
664
631
619
610
658
657
612
617
667
661
631
627
650
647
622
624
652
650
651
632
700
662
653
668
671
668
684
681
716
715
723
703
742
732
724
729
773
771
744
730
781
773
757
745
766
769
757
740
773
780
760
729
766
745
733
726
803
760
738
718
762
742
743
745
791
747
757
748
810
779
767
762
813
816
802
772
839
832
817
810
855
826
834
845
857
818
802
828
835
839
822
794
809
779
787
801
810
783
755
761
775
768
759
727
761
730
731
707
719
716
697
702
717
701
672
669
677
654
636
611
641
610
576
572
604
549
525
503
565
510
499
491
520
494
492
474
513
524
496
498
533
542
516
527
608
564
567
573
637
632
607
604
672
649
653
651
680
688
669
674
706
713
664
677
742
711
709
721
740
734
732
722
783
773
738
757
776
780
739
742
773
765
774
744
775
762
742
737
786
795
749
733
765
740
711
702
730
734
700
693
700
699
653
653
669
656
615
600
640
597
572
544
577
563
523
502
527
527
484
486
501
488
485
477
521
491
493
489
540
527
507
528
572
589
557
577
613
641
597
636
674
659
657
659
708
681
688
703
707
734
721
698
763
730
738
719
749
749
713
724
722
745
751
729
749
743
729
718
758
767
735
738
768
751
750
737
788
768
761
735
785
782
763
738
765
775
724
751
770
750
752
728
777
776
739
753
775
747
764
751
780
771
745
732
802
750
763
739
770
764
736
757
787
755
724
745
762
745
720
745
780
771
729
738
773
762
756
757
795
794
787
759
800
784
788
770
807
786
782
768
793
773
767
778
799
786
763
788
792
800
796
788
787
796
770
772
818
805
788
775
834
803
790
784
831
818
811
788
809
785
774
784
790
779
769
778
794
773
769
751
783
765
740
747
784
762
747
754
794
786
759
776
816
795
789
791
811
820
820
804
844
826
816
804
831
804
790
765
779
780
750
749
766
779
728
760
762
773
753
760
768
766
747
751
787
785
769
804
816
795
815
803
853
826
792
792
843
793
773
775
803
792
766
755
798
802
779
776
808
797
768
768
773
763
740
721
793
774
773
762
800
749
759
744
786
775
742
748
783
749
745
761
773
764
747
778
802
772
762
775
817
778
780
765
785
776
763
763
775
788
738
745
779
758
738
741
787
757
754
764
783
783
780
746
806
774
769
751
800
795
815
772
830
804
789
768
822
807
786
777
814
809
786
773
815
795
794
764
845
816
785
794
788
782
768
764
775
767
730
754
780
758
705
716
746
724
693
688
733
694
677
673
700
673
653
646
708
662
675
642
687
673
658
659
690
671
672
659
724
719
683
691
724
720
695
692
744
703
694
685
743
725
683
696
745
719
703
700
735
723
712
710
749
715
695
689
729
725
688
696
733
701
691
687
704
700
667
680
714
689
665
665
722
682
672
664
699
664
667
669
696
662
659
664
689
654
654
624
697
639
633
630
679
636
635
635
660
654
642
617
693
649
626
630
663
633
643
670
686
663
627
633
661
662
624
619
680
633
621
615
654
641
615
621
645
636
623
595
639
638
612
622
627
621
593
612
638
628
626
606
651
647
603
607
636
616
602
603
647
610
593
597
637
623
583
602
648
633
598
594
639
611
602
596
620
632
612
602
629
638
586
622
639
617
592
609
663
608
620
607
642
619
587
626
634
619
601
585
621
605
589
579
605
620
578
581
628
592
589
574
592
585
559
576
632
610
553
579
624
604
585
558
619
599
576
576
626
599
614
569
601
579
570
590
600
595
596
553
619
580
587
573
599
597
569
565
602
595
594
574
623
593
588
582
621
623
577
592
619
609
570
563
604
594
586
574
605
585
550
546
614
585
552
570
587
578
585
560
595
569
570
573
603
597
570
561
620
626
575
579
665
603
581
585
665
604
601
604
650
596
579
597
646
622
588
601
628
599
597
622
618
608
581
477
270
270
270
270
269
269
269
269
647
615
270
269
268
0
0

