;UFOS3
;Measurement details: channel = S, date = 28.08.2020, time = 09:31:59
Exposure=1100
Gain=0
Temperature=25.5
Accummulate=4
1.830409529471743 mu
1.8450928316122266 amas
32.838 hs
0 ozone
0 uva
0 uvb
0 uve
[Value]
0
272
271
271
272
274
271
271
373
354
310
301
382
340
305
319
381
340
314
314
390
351
342
316
397
364
326
334
397
404
360
339
373
374
328
327
426
381
336
330
382
364
335
337
405
375
353
322
409
371
325
332
404
369
351
342
409
366
345
357
404
357
322
366
397
360
335
342
392
360
341
324
403
358
340
325
391
368
333
341
406
356
348
326
374
353
336
348
399
352
338
335
404
373
324
331
413
359
327
328
370
373
328
328
410
357
341
322
383
366
345
326
393
373
331
350
385
362
343
333
390
363
347
324
388
389
343
350
386
362
344
330
406
373
347
337
399
358
337
323
396
367
341
328
390
376
321
352
406
357
326
332
398
357
345
337
395
368
331
339
424
362
333
342
380
368
340
340
387
359
334
332
406
364
346
333
418
369
339
336
414
356
332
328
389
367
327
329
399
368
339
344
414
376
337
350
387
362
333
322
412
351
338
327
399
374
325
323
396
364
324
344
400
377
344
352
397
354
347
330
415
373
335
345
372
360
335
332
370
367
324
340
417
360
333
336
385
368
343
337
384
375
336
320
387
346
339
336
391
351
348
331
394
358
337
324
379
364
337
332
372
359
348
319
406
346
347
332
392
357
322
341
418
353
328
353
410
367
346
325
399
347
323
350
396
360
322
347
394
374
348
342
416
356
334
350
398
369
339
339
374
367
335
339
388
360
344
331
402
360
333
337
395
376
356
329
413
346
354
332
391
357
322
355
389
365
332
329
392
361
354
343
391
367
352
333
419
375
351
347
407
363
331
327
394
396
332
319
381
353
355
325
386
377
334
355
408
353
326
346
401
353
349
325
387
349
341
332
400
366
335
344
381
366
345
339
401
374
339
320
395
353
340
339
393
357
341
325
390
341
347
327
380
376
345
337
407
366
346
348
403
353
344
325
382
368
329
333
387
383
324
328
400
362
340
327
382
366
327
339
386
382
349
325
389
358
335
342
396
374
339
328
398
366
340
329
390
367
329
329
392
383
347
358
395
355
346
340
390
354
321
350
382
383
331
342
373
368
329
340
391
364
347
348
388
359
335
344
388
361
342
357
386
370
344
344
390
397
337
333
391
357
327
332
391
363
352
330
398
352
347
344
395
361
365
336
391
347
336
323
367
387
343
330
383
378
328
324
384
360
339
334
398
363
352
342
395
363
336
330
399
354
342
341
392
354
338
337
388
361
328
339
379
354
327
333
390
357
341
345
398
369
338
334
383
373
343
338
372
368
343
337
377
368
331
355
392
367
340
338
410
384
336
346
398
367
334
342
405
376
332
337
399
363
324
340
376
348
357
333
392
365
335
342
393
352
354
343
387
363
346
332
398
372
349
337
377
363
326
348
379
357
330
333
388
354
345
352
379
372
341
362
386
360
326
341
386
356
339
349
380
365
341
360
387
357
342
341
383
358
348
361
382
377
346
352
386
358
342
331
411
345
357
340
379
358
340
346
390
355
340
328
376
368
355
337
401
369
335
332
388
353
339
342
406
360
345
343
387
375
330
345
395
363
353
352
394
354
351
349
381
372
329
337
383
362
327
319
382
382
375
351
394
369
338
348
390
349
337
326
399
365
346
341
394
375
364
324
388
360
364
342
386
363
335
355
391
362
359
348
387
369
345
335
392
366
349
358
399
371
353
345
393
364
353
365
403
361
347
348
388
355
359
355
377
362
347
355
397
385
347
334
388
360
360
340
397
365
339
329
416
372
352
337
403
366
336
334
421
377
346
356
389
367
361
355
402
367
333
336
395
369
370
341
394
372
362
347
407
353
338
354
414
367
360
344
383
358
362
366
400
369
390
364
390
379
359
352
396
373
358
342
403
380
362
349
401
381
374
348
401
386
371
344
406
380
356
347
395
365
370
344
422
382
360
352
391
373
346
350
400
383
386
360
398
375
350
353
405
387
341
336
400
375
339
348
406
386
358
357
398
380
348
353
398
380
355
363
404
389
370
363
395
393
363
370
416
388
353
359
417
381
350
358
425
410
362
361
437
404
381
368
408
388
392
363
428
400
372
364
412
386
383
376
432
400
371
364
404
402
383
361
422
388
365
356
415
409
370
381
428
411
397
372
405
388
374
382
428
393
372
372
426
393
366
389
457
419
384
371
425
406
368
405
435
404
404
381
457
402
387
371
450
423
396
386
444
386
399
393
443
420
391
385
446
405
396
398
444
420
408
398
439
413
406
383
438
419
384
401
429
416
394
392
421
420
387
393
444
412
387
401
434
441
420
413
460
423
411
414
442
423
405
396
456
410
415
392
441
435
411
418
445
403
395
403
428
426
403
410
443
402
389
386
439
414
396
384
425
420
395
433
449
429
420
413
456
426
402
405
444
427
433
418
461
435
422
429
464
445
423
399
462
445
427
423
468
450
427
418
450
432
415
403
472
417
405
388
448
439
392
407
441
418
409
403
432
412
428
397
456
420
429
400
482
445
424
416
470
422
435
421
457
459
433
399
462
424
426
414
468
471
427
410
456
422
409
433
450
432
416
406
448
430
440
423
459
449
410
442
486
432
440
435
514
476
448
436
490
467
448
459
469
452
441
447
491
474
465
435
475
452
458
440
471
443
431
435
480
470
425
428
464
462
432
408
458
453
417
438
471
486
442
426
475
447
466
426
500
475
437
431
480
455
453
453
479
453
450
446
479
466
440
447
478
452
429
424
483
435
423
433
467
465
423
451
484
441
455
434
489
459
446
453
489
456
442
442
494
482
452
460
489
469
465
453
499
479
467
467
522
486
474
464
511
510
482
480
538
507
497
483
550
500
483
478
538
477
476
483
534
493
452
472
510
503
482
466
510
495
478
460
498
476
467
478
526
485
493
487
548
521
499
499
543
505
510
518
536
538
498
505
564
540
518
509
561
532
508
510
576
555
521
524
553
528
537
496
552
539
521
518
575
534
520
500
543
529
503
499
550
530
507
510
560
518
492
497
550
518
492
500
523
499
488
523
534
538
518
491
516
508
485
486
521
507
481
503
553
512
481
476
527
492
482
499
515
517
486
510
530
539
514
496
521
515
517
512
553
539
510
515
559
534
512
520
583
553
537
526
552
547
549
548
597
595
538
549
584
585
541
554
579
552
545
557
588
572
539
525
572
550
537
513
556
544
526
540
557
527
510
516
548
536
538
511
561
549
518
512
561
556
547
523
561
557
528
551
575
551
538
560
573
551
534
533
582
552
566
550
585
551
535
533
575
560
550
535
585
579
539
559
578
579
564
545
593
587
547
559
563
574
535
547
614
595
541
555
604
577
560
555
593
566
564
551
578
559
545
545
579
563
541
543
559
548
536
531
587
553
538
532
573
559
539
538
584
573
567
555
584
580
555
572
600
572
546
540
596
566
595
533
570
573
535
555
584
575
534
567
588
552
540
536
587
577
543
566
611
578
560
577
635
561
543
557
591
546
553
535
572
538
519
509
559
517
504
513
554
517
510
512
561
517
484
495
521
527
499
505
560
537
522
501
569
523
484
502
524
511
502
491
514
507
491
498
506
528
516
508
535
515
537
498
568
533
521
516
544
539
531
529
556
529
532
505
561
540
522
523
558
530
545
506
575
530
527
513
559
546
534
532
592
546
530
551
584
567
544
518
573
555
538
515
557
542
536
524
553
537
556
532
564
545
521
553
561
566
547
547
567
573
568
568
591
582
582
559
603
583
554
573
621
586
594
573
590
577
565
548
610
577
556
545
594
577
561
554
579
578
564
549
591
541
551
554
591
575
551
546
581
586
565
543
580
568
564
558
591
584
562
590
613
592
571
578
659
617
588
594
626
599
588
572
634
597
581
565
621
599
575
584
604
597
589
578
636
605
596
578
637
605
588
584
621
604
603
578
624
597
610
589
633
582
586
594
622
569
553
555
601
565
565
538
571
547
535
528
554
531
531
517
542
543
509
512
560
539
529
523
561
541
542
537
590
608
565
557
603
587
581
571
596
591
565
579
622
602
587
564
619
604
582
575
611
587
570
575
606
590
557
533
597
563
557
533
573
559
552
542
550
555
535
547
564
580
551
549
583
563
547
562
606
582
568
587
612
575
581
560
598
561
570
537
620
558
578
551
568
541
530
533
577
547
528
533
554
539
521
520
561
527
533
524
578
561
530
514
596
544
542
538
558
566
551
542
562
570
537
549
564
552
540
537
585
542
545
544
551
554
512
523
568
534
541
565
535
545
520
509
540
545
537
516
536
536
540
524
579
554
532
537
570
556
558
554
598
588
565
560
626
582
606
603
616
608
583
591
595
599
613
598
603
610
582
582
607
598
568
572
608
575
560
555
597
581
545
556
607
571
567
590
592
573
579
569
605
607
599
572
630
581
586
578
617
621
582
589
613
582
566
557
597
583
569
557
609
568
562
544
580
577
546
547
605
560
571
589
593
591
589
580
648
621
597
615
659
630
611
615
665
629
630
605
660
647
628
632
666
632
614
620
688
636
624
637
666
669
635
652
677
659
667
669
700
678
649
643
693
663
660
642
694
681
674
672
675
676
645
660
685
664
666
647
690
659
645
625
646
668
646
634
668
674
617
618
671
628
605
610
658
658
616
623
662
649
619
622
660
647
619
629
673
651
604
602
630
619
589
577
617
586
608
567
642
597
549
540
593
553
551
547
576
564
556
560
567
555
582
552
574
561
584
544
577
572
573
556
597
587
570
561
576
566
523
544
568
537
521
517
543
529
503
494
513
508
496
484
523
498
495
479
498
506
528
505
556
524
530
544
548
543
535
536
570
552
561
566
595
583
586
584
623
591
579
603
620
607
605
595
653
605
592
600
655
615
598
600
604
611
589
575
619
590
574
574
611
600
587
557
599
582
547
525
560
545
520
517
571
555
539
540
563
559
535
519
564
540
549
549
603
561
548
556
579
547
549
547
594
570
541
548
554
547
549
544
585
566
537
536
580
573
555
540
593
589
558
574
623
613
607
605
651
639
626
605
627
641
604
596
642
619
617
601
634
596
584
585
616
579
588
582
591
593
554
563
608
592
597
595
634
626
611
602
642
641
629
622
680
670
642
627
666
657
645
630
655
636
645
606
630
618
608
602
648
638
591
591
614
617
605
609
649
618
623
615
663
661
653
655
700
701
659
665
699
698
694
685
738
721
704
709
744
734
719
705
749
740
719
704
729
735
737
714
735
709
739
700
747
740
723
699
742
713
684
695
747
695
699
688
739
704
731
681
720
707
707
690
742
704
705
679
729
716
688
705
736
714
710
674
723
715
688
673
704
706
652
667
697
677
669
645
697
670
660
655
708
654
656
640
660
665
644
647
669
681
646
629
680
667
658
645
672
680
670
667
682
662
674
687
704
684
680
661
742
685
688
682
707
702
686
698
697
688
683
669
703
690
681
691
707
697
680
651
699
688
651
646
659
653
626
613
655
598
595
595
632
614
579
589
648
608
605
603
650
642
630
641
671
654
633
642
696
679
669
666
710
690
669
661
678
664
634
623
662
637
608
597
615
606
592
589
603
584
577
568
622
623
580
566
610
612
612
599
632
641
603
617
663
632
648
632
648
616
624
619
620
620
580
569
598
571
575
561
580
558
557
545
568
555
542
529
590
598
557
546
607
592
597
606
626
612
607
607
635
633
625
607
626
621
587
605
615
581
564
543
582
560
566
548
591
568
587
574
602
580
591
588
637
634
629
645
692
678
679
650
735
684
670
692
706
692
659
668
705
691
666
662
681
653
635
631
658
643
641
660
708
661
645
679
710
665
655
667
689
688
673
671
711
689
668
670
744
703
697
672
736
702
697
729
723
746
736
729
764
757
752
740
798
775
765
792
808
816
785
780
842
806
792
787
862
842
819
824
845
843
817
811
836
825
814
792
843
807
789
774
802
786
759
767
777
753
749
722
761
753
707
708
737
724
723
705
742
715
716
696
745
719
706
691
711
697
696
675
688
684
678
661
715
703
741
709
745
751
713
737
745
752
735
754
773
765
766
766
791
765
762
759
815
778
780
790
782
766
764
768
795
746
744
738
751
732
722
711
737
725
682
692
722
711
682
662
668
663
647
645
643
655
648
626
651
644
616
630
642
618
615
601
624
613
583
592
810
587
557
591
618
582
578
560
579
588
557
556
577
561
551
528
569
559
553
532
570
578
563
543
580
559
546
544
561
559
516
535
577
548
540
555
584
574
564
583
597
593
584
577
616
608
592
607
647
658
632
646
681
667
650
644
704
707
660
654
698
655
648
642
699
663
658
631
653
673
661
634
656
647
632
606
664
638
636
598
652
618
587
597
628
608
587
602
627
624
610
583
630
637
623
626
679
638
636
632
688
680
648
667
708
695
665
647
674
664
629
620
650
624
615
628
659
645
618
618
642
642
619
636
658
636
637
636
649
659
637
637
693
665
654
643
654
635
631
643
669
640
627
614
662
658
615
623
668
668
635
635
657
652
623
632
665
658
656
637
705
663
653
669
674
674
692
692
720
719
727
706
747
742
723
736
777
774
745
735
782
779
762
742
773
773
755
748
777
782
764
735
771
748
743
729
807
764
742
719
769
740
746
744
793
747
767
755
813
784
771
765
823
825
806
779
842
838
818
813
853
827
836
847
865
822
810
837
837
844
821
801
813
785
789
803
812
784
750
761
778
773
765
730
768
736
730
713
726
723
702
709
720
709
675
678
679
662
637
617
645
619
582
572
605
555
532
504
564
511
502
492
524
492
494
481
521
528
497
502
536
545
519
528
608
567
571
579
642
630
610
607
675
655
660
658
683
692
677
674
706
713
672
684
750
715
711
728
746
744
737
728
786
771
737
756
782
783
746
744
772
774
776
744
781
767
745
740
791
793
752
737
769
744
716
707
735
733
707
695
708
704
658
657
672
660
622
603
646
600
577
549
583
569
526
503
532
529
491
492
498
495
487
482
527
492
496
494
542
527
510
532
575
592
564
576
615
651
603
641
680
663
662
663
714
688
691
708
714
741
729
703
765
735
741
727
758
752
722
732
726
749
756
734
759
748
730
720
766
768
735
743
770
756
752
742
798
774
771
733
793
783
768
745
774
775
725
751
777
756
748
733
784
779
742
758
777
752
769
755
790
770
747
740
807
754
772
746
776
767
736
762
798
760
731
746
765
751
725
747
784
776
739
745
782
763
761
757
793
800
787
762
810
789
795
767
806
792
787
769
799
776
771
776
803
790
764
788
793
801
800
793
792
800
767
777
827
806
792
782
835
808
793
788
837
816
812
795
811
790
784
789
790
778
780
782
795
772
773
754
786
768
743
754
780
760
747
762
796
793
762
778
820
797
797
794
815
825
826
807
852
830
816
812
834
809
798
766
785
780
753
749
772
779
734
758
764
775
760
759
773
768
752
754
798
792
772
810
813
798
816
812
856
831
798
796
852
792
780
780
809
796
767
757
800
809
786
780
813
800
772
774
779
767
741
729
801
779
782
764
808
757
766
750
790
778
743
752
787
758
748
768
780
771
759
781
805
780
767
776
821
782
782
777
791
777
766
773
776
792
746
750
782
765
741
746
795
760
759
766
794
789
781
758
815
786
777
756
806
804
816
780
835
804
795
770
824
810
786
781
817
816
784
781
816
796
796
765
847
816
791
798
796
786
776
765
779
766
734
757
781
762
712
720
747
732
698
695
736
700
677
677
703
677
654
644
713
666
682
644
690
677
660
658
695
672
673
666
729
724
688
696
732
722
695
696
747
711
695
694
751
729
688
700
745
721
704
705
740
725
707
717
755
721
699
695
736
730
695
703
736
714
694
691
706
704
670
687
721
697
673
668
726
690
673
661
708
664
674
675
699
666
665
665
693
657
657
628
704
646
641
636
686
645
634
636
662
661
644
623
701
651
629
636
663
637
647
671
690
670
635
642
667
665
628
619
683
641
617
617
658
646
620
628
649
644
628
596
644
642
614
631
629
626
602
618
645
631
627
613
657
653
614
606
642
620
609
605
653
616
599
593
639
632
591
604
653
643
609
602
648
620
605
604
626
640
615
605
630
643
596
629
643
621
596
615
667
614
627
615
650
626
591
637
643
625
606
586
623
611
591
584
612
622
583
586
634
598
595
573
596
590
558
582
639
616
559
584
630
608
592
562
625
605
583
579
631
602
620
575
613
582
575
584
603
603
599
559
621
584
591
576
605
598
571
569
602
598
596
581
625
593
588
590
621
622
579
600
625
615
574
574
608
600
588
574
606
590
561
551
620
590
555
574
588
580
588
563
594
578
573
572
607
598
573
565
621
629
583
587
672
608
583
593
666
606
606
605
654
601
580
604
646
621
596
606
629
605
602
629
621
614
584
481
274
270
270
270
271
272
271
271
649
622
272
272
271
0
0

