;UFOS3
;Measurement details: channel = Z, date = 28.08.2020, time = 10:00:49
Exposure=1100
Gain=0
Temperature=24.9
Accummulate=4
1.901666450954646 mu
1.9188875457190882 amas
31.434 hs
0 ozone
0 uva
0 uvb
0 uve
[Value]
0
271
270
269
269
268
269
269
368
348
303
299
377
334
299
315
377
334
309
308
383
346
338
313
390
360
320
330
392
395
353
333
366
369
320
322
419
375
331
324
377
360
330
331
399
366
344
318
399
366
321
325
400
363
344
333
403
362
338
350
398
351
318
357
392
356
331
337
385
354
333
319
399
355
334
316
387
366
330
334
399
352
340
320
368
343
328
340
394
347
331
332
397
370
321
324
405
354
321
321
364
366
324
320
404
351
335
318
377
362
337
321
385
366
326
344
380
355
337
327
386
355
338
318
384
380
338
343
380
355
338
327
397
366
341
329
395
351
333
317
390
367
335
323
384
368
314
346
399
351
321
327
392
350
342
332
391
361
328
332
417
358
328
333
374
363
333
335
380
356
333
324
399
360
337
324
412
363
332
328
406
350
327
326
381
361
322
324
392
362
332
339
409
369
332
343
382
356
327
318
401
346
329
324
394
369
318
318
391
357
318
337
392
369
339
343
390
348
344
324
409
368
328
339
367
356
331
325
367
360
319
336
409
349
330
329
378
364
338
330
376
371
332
314
381
339
335
332
385
344
343
328
392
353
331
314
375
355
330
325
367
350
343
314
396
340
339
324
385
350
315
333
412
347
323
347
403
361
338
321
391
342
317
341
389
352
316
338
387
363
344
338
412
350
327
347
392
365
332
333
369
359
331
333
380
353
338
329
397
352
326
327
388
370
349
324
406
340
346
329
386
349
316
350
382
358
325
326
389
355
349
335
381
361
345
330
411
366
343
341
401
358
327
321
388
392
327
314
375
347
349
322
380
371
331
348
405
348
322
341
396
349
345
319
383
346
338
329
394
358
329
338
374
364
340
334
395
364
335
316
390
348
333
333
387
348
335
321
385
335
341
323
373
370
341
331
399
359
339
341
396
344
338
317
375
364
325
329
382
374
319
323
392
351
334
320
376
363
321
336
381
375
345
321
383
353
330
339
391
367
333
324
395
361
334
324
384
361
324
324
388
374
342
349
388
351
340
336
380
348
318
343
374
377
324
335
369
365
325
335
387
357
339
342
383
351
330
336
381
353
332
351
379
364
338
338
384
390
333
328
387
352
321
327
387
356
345
325
392
345
343
340
390
356
360
329
385
343
331
319
362
380
340
325
378
371
323
319
374
355
332
328
392
357
350
337
391
358
333
323
392
349
335
337
387
349
333
332
384
357
326
332
375
347
322
328
385
351
335
338
394
363
332
331
379
367
338
331
365
361
337
331
372
362
326
346
388
361
337
334
402
377
332
340
390
357
325
334
398
370
329
330
393
357
320
334
368
344
352
328
386
359
329
338
388
347
350
338
383
356
341
330
392
363
346
329
372
357
321
344
370
354
325
326
381
349
337
346
373
366
336
356
376
353
320
335
377
350
336
344
373
356
339
354
383
351
340
344
377
354
343
355
378
371
343
348
382
351
339
330
404
340
353
336
376
351
335
339
385
347
335
324
373
365
349
332
396
364
329
326
380
350
337
337
399
352
341
339
386
371
327
339
393
361
347
348
392
353
348
345
376
366
325
335
379
361
323
316
380
378
370
349
392
361
335
345
385
345
333
322
395
361
341
338
387
369
358
320
384
357
360
340
382
363
333
354
389
361
355
347
387
364
343
332
394
368
350
358
398
370
356
348
395
368
357
362
403
365
347
348
389
352
360
357
380
365
347
353
395
387
350
336
385
363
361
343
398
371
342
334
416
375
357
340
411
375
347
345
428
385
357
365
404
378
375
367
414
382
347
346
411
385
383
353
408
386
375
361
417
361
346
364
425
379
371
356
390
367
373
375
409
380
398
371
400
391
370
365
407
383
371
353
419
395
376
363
417
398
388
370
419
406
394
368
425
399
380
374
419
389
398
370
452
411
391
379
423
404
372
382
431
413
419
394
431
408
382
387
433
419
374
372
435
410
377
382
448
421
391
394
434
412
383
392
434
418
388
398
437
427
402
393
429
422
392
397
444
416
381
382
443
401
379
382
445
429
384
384
459
423
401
391
432
409
414
387
449
423
394
390
437
410
412
403
464
430
407
403
446
445
433
411
476
445
425
419
482
478
446
451
500
484
473
443
482
463
451
454
505
470
447
449
502
467
439
462
530
491
450
439
495
473
433
467
503
470
471
447
524
470
457
442
520
498
472
463
522
466
477
471
527
506
476
474
536
498
483
494
540
518
502
493
533
509
505
484
539
522
485
503
528
519
495
497
527
525
493
506
554
522
501
514
545
554
534
534
584
550
540
537
566
545
529
518
577
534
541
515
566
563
537
540
574
539
528
538
565
564
543
551
585
558
543
548
603
580
563
551
589
584
560
592
605
583
568
553
593
557
529
526
558
538
536
520
558
526
512
517
556
534
511
490
553
542
522
518
574
561
540
537
578
569
551
543
623
572
559
553
620
614
570
586
623
606
605
603
633
614
629
602
666
627
634
606
687
646
627
614
669
611
610
597
626
623
594
554
617
565
567
553
602
604
559
542
590
554
540
565
585
572
558
552
603
586
607
592
636
624
591
621
666
615
622
609
688
648
621
602
655
621
610
615
627
600
592
592
632
617
603
579
620
596
602
592
627
612
602
609
662
661
620
627
671
672
644
630
681
687
650
671
709
722
684
668
724
689
708
675
739
720
678
664
717
687
678
670
692
660
656
650
678
667
647
644
677
655
634
638
701
656
648
660
699
704
667
695
729
691
704
685
744
715
703
707
742
709
682
681
729
712
676
673
695
672
662
641
686
662
650
652
705
669
658
649
696
691
664
666
726
696
691
682
754
712
700
706
767
716
718
732
786
754
712
743
781
777
755
746
800
788
783
761
794
781
768
785
840
806
808
798
853
825
798
787
832
788
789
791
806
796
752
759
817
789
766
759
808
780
751
752
824
806
774
782
822
806
820
794
857
848
836
842
912
878
873
857
913
901
879
874
935
921
896
903
947
905
882
882
943
911
889
898
928
889
886
915
929
934
906
885
914
898
872
865
910
890
868
881
936
899
869
858
904
867
852
861
877
871
835
845
873
875
849
824
851
840
839
823
865
834
805
806
851
815
785
793
858
821
803
795
815
804
808
810
855
856
799
815
850
857
814
845
874
860
848
867
909
899
877
883
935
923
923
911
975
968
944
969
998
974
957
959
998
989
994
977
1022
1017
988
980
1025
1014
1003
981
1011
1004
973
985
999
967
949
963
969
942
917
913
949
913
920
893
939
911
892
890
938
929
915
903
952
944
906
931
956
960
942
926
985
976
945
952
964
975
940
951
1019
992
949
967
1022
995
974
973
1021
994
994
987
1013
1001
993
990
1024
1007
993
983
1008
998
977
975
1026
997
987
981
1027
1014
997
1001
1050
1031
1015
999
1029
1010
980
984
1008
981
953
939
997
965
995
939
967
966
920
938
965
961
915
941
959
928
917
918
978
979
945
980
1024
1000
988
1005
1064
1001
991
1006
1035
994
999
986
1025
996
984
974
1025
985
972
980
1013
985
971
973
1028
987
953
958
994
1006
979
984
1045
1014
996
964
1018
957
912
906
924
899
883
857
875
859
828
830
834
848
826
811
834
819
829
797
876
843
829
834
861
860
847
846
872
837
834
790
850
824
790
786
818
789
800
763
835
802
800
802
844
842
837
839
907
862
844
865
897
883
865
848
906
889
867
849
888
869
857
850
871
860
872
851
894
864
850
879
898
899
893
900
926
925
912
917
937
922
916
898
930
900
872
893
931
905
899
887
909
899
895
887
954
920
905
895
955
941
940
944
982
987
989
979
1034
995
1000
1005
1045
1026
1002
1002
1029
1038
1002
973
1008
995
984
966
995
980
946
972
988
976
950
955
1031
990
952
957
983
956
943
924
981
945
942
929
986
959
932
946
970
963
960
952
1008
983
976
969
1042
1015
1006
1004
1048
1032
1040
1023
1056
1048
1051
1028
1081
1028
1035
1041
1068
1019
1009
1021
1068
1052
1052
1040
1085
1078
1078
1069
1099
1073
1077
1061
1088
1097
1056
1077
1123
1100
1076
1061
1087
1056
1041
1024
1066
1058
1004
970
1011
979
961
935
955
939
887
878
905
869
851
820
869
853
825
826
859
850
835
845
891
889
872
870
956
934
951
926
973
979
963
963
985
989
981
999
1013
1047
1007
999
1035
1012
989
995
1033
1004
976
977
1000
961
951
933
968
927
933
895
971
915
929
903
927
905
882
887
929
905
898
910
935
927
916
917
965
942
950
941
997
977
942
914
997
942
932
922
938
948
915
901
915
910
874
875
885
868
852
847
900
846
847
845
858
862
825
841
882
859
861
885
863
882
862
853
892
902
897
872
891
886
885
867
914
884
861
851
883
855
857
843
890
870
843
829
891
846
860
859
869
852
817
822
819
824
830
817
834
847
829
841
868
869
854
864
911
888
884
887
946
931
913
923
989
964
966
996
1008
993
998
984
1019
1013
1008
979
1033
987
981
971
1004
1002
959
961
975
951
923
919
963
946
929
920
977
934
921
909
950
948
916
925
996
946
961
981
987
983
980
962
1040
1004
985
993
1029
995
962
954
993
947
931
893
940
913
894
895
925
886
877
884
965
918
911
927
960
967
953
974
1006
1008
1023
1031
1074
1067
1053
1056
1104
1085
1077
1053
1103
1096
1090
1104
1104
1108
1080
1101
1137
1120
1119
1117
1160
1135
1124
1103
1137
1157
1132
1126
1171
1186
1131
1135
1181
1136
1110
1122
1176
1175
1142
1155
1196
1176
1145
1140
1179
1162
1129
1146
1176
1157
1106
1108
1135
1118
1081
1079
1120
1092
1110
1065
1144
1099
1050
1044
1096
1061
1056
1051
1087
1077
1062
1081
1090
1078
1095
1057
1063
1039
1049
999
1023
1002
997
983
1015
992
958
950
952
934
878
886
900
860
836
831
861
856
840
832
871
868
860
857
898
871
869
859
881
890
908
893
940
902
887
896
884
865
840
825
845
813
810
807
817
787
772
752
776
730
712
722
743
722
716
710
761
720
711
728
795
767
756
763
787
794
784
789
850
840
838
848
898
901
908
894
954
946
922
913
954
946
929
930
988
977
951
970
990
981
960
940
981
951
955
937
985
928
907
903
922
886
885
871
915
874
836
834
835
816
805
803
845
825
791
796
839
825
808
794
852
839
803
818
859
848
838
839
880
868
847
827
852
860
824
814
857
835
832
826
868
834
820
827
866
832
844
845
865
879
855
875
939
937
947
958
1002
1006
993
980
1020
1010
987
968
1009
1002
962
952
978
963
943
918
938
911
919
877
902
888
889
879
930
923
901
908
952
970
970
977
1024
1001
1006
997
1046
1050
1036
1037
1063
1063
1020
1010
1043
1034
1014
994
1030
999
972
966
990
974
959
941
981
975
958
958
986
1002
1014
1009
1032
1023
1058
1036
1101
1111
1110
1103
1161
1142
1126
1162
1222
1181
1186
1183
1236
1203
1230
1178
1230
1218
1215
1194
1239
1201
1205
1184
1233
1215
1190
1202
1229
1203
1193
1155
1213
1205
1171
1151
1185
1183
1131
1147
1175
1173
1165
1143
1195
1162
1159
1157
1207
1164
1166
1151
1173
1181
1156
1151
1170
1186
1143
1120
1154
1135
1113
1088
1102
1101
1087
1072
1088
1059
1062
1065
1078
1054
1042
1021
1102
1046
1042
1031
1046
1038
1022
1037
1038
1032
1019
1001
1048
1037
1033
1039
1070
1064
1043
1035
1081
1078
1056
1058
1085
1098
1075
1078
1135
1084
1078
1082
1125
1104
1071
1079
1132
1096
1079
1080
1116
1107
1084
1092
1110
1087
1052
1039
1083
1049
1023
1019
1041
1012
979
960
974
942
918
898
943
928
894
894
916
915
917
917
950
946
949
961
1023
1031
1000
996
1047
1047
1054
1045
1068
1079
1041
1035
1068
1017
1011
983
985
942
937
920
917
914
873
842
880
853
856
859
876
863
869
862
881
872
872
882
950
963
923
917
980
965
964
968
973
949
932
921
935
916
888
855
864
856
818
822
833
803
774
755
796
768
780
762
810
790
812
809
843
832
839
836
885
889
882
899
937
914
917
877
956
904
882
875
884
861
818
812
828
803
776
777
808
791
785
792
828
822
835
867
934
901
909
962
1003
976
984
1003
1031
1039
1026
1024
1070
1047
1021
1015
1072
1023
1006
989
1033
992
972
975
977
983
967
953
986
984
982
979
1037
1011
997
1020
1039
1045
1011
1007
1061
1023
1016
1016
1091
1074
1060
1073
1101
1103
1088
1094
1121
1132
1145
1140
1197
1179
1178
1173
1220
1221
1203
1234
1263
1246
1251
1238
1283
1283
1249
1257
1297
1289
1298
1289
1340
1308
1307
1289
1342
1312
1293
1274
1291
1278
1264
1221
1222
1203
1186
1168
1198
1175
1192
1136
1160
1144
1094
1100
1100
1098
1081
1087
1104
1091
1079
1073
1085
1053
1038
1031
1072
1033
1020
1027
1031
1011
1014
1026
1064
1026
1042
1051
1088
1091
1091
1094
1138
1139
1111
1138
1183
1186
1176
1174
1197
1199
1188
1186
1195
1204
1199
1181
1196
1188
1157
1160
1172
1147
1136
1115
1136
1122
1083
1084
1317
1066
1021
1055
1071
1025
1004
963
979
971
930
916
934
919
909
880
928
904
901
874
912
908
879
846
882
846
820
811
824
819
774
788
828
800
783
776
803
773
749
754
762
752
730
724
753
739
719
723
760
753
731
730
763
739
719
714
763
758
717
704
749
711
709
707
778
753
754
738
777
804
800
792
817
829
826
810
887
878
895
874
945
927
905
930
954
929
910
925
945
936
917
888
929
931
915
916
962
908
896
886
927
909
870
878
915
900
868
842
868
858
819
801
830
808
792
816
847
837
813
821
850
852
834
856
880
870
871
887
901
912
902
901
963
936
918
905
911
879
870
868
882
846
830
819
866
869
833
837
884
888
863
862
890
887
853
866
889
894
889
867
936
902
892
905
895
884
884
877
900
887
888
861
892
871
847
853
899
895
865
851
895
882
858
846
873
877
868
870
912
924
908
879
921
919
927
927
1015
988
973
968
1027
1000
1013
1024
1081
1047
1063
1051
1107
1067
1044
1039
1096
1099
1069
1042
1090
1079
1055
1050
1089
1055
1058
1055
1061
1025
1013
1040
1044
1057
1041
1032
1065
1044
1058
1075
1105
1082
1063
1095
1129
1132
1137
1107
1167
1159
1170
1159
1179
1186
1166
1187
1209
1196
1162
1166
1183
1176
1151
1133
1161
1129
1100
1098
1138
1088
1071
1042
1111
1064
1045
1032
1060
1021
1016
1000
1028
1020
973
956
969
958
913
904
958
886
864
835
870
832
780
745
782
722
696
671
676
659
617
599
622
621
573
579
672
606
600
613
641
645
651
655
726
722
708
738
777
794
766
782
824
832
847
827
885
879
868
873
936
946
917
905
956
943
933
936
980
998
982
990
1013
1028
998
1014
1039
1042
1013
1012
1062
1036
1019
1011
1056
1050
1023
1001
1032
1029
996
990
1009
992
975
963
998
953
940
910
946
904
857
857
879
873
814
799
807
802
722
724
732
684
655
631
658
614
604
608
601
620
600
571
626
595
602
589
630
638
618
648
655
689
713
712
754
765
766
774
829
850
835
852
890
885
888
888
947
941
943
912
967
963
957
939
973
984
935
958
981
964
962
943
994
988
945
971
987
967
982
971
997
985
971
962
1037
993
1008
980
1015
1005
984
1006
1031
1000
962
981
995
977
955
978
1018
1002
968
971
1003
987
976
974
1015
1015
1006
977
1020
998
999
985
1016
993
983
971
990
971
960
967
997
981
954
976
986
981
987
980
980
997
974
983
1038
1024
1014
998
1057
1028
1014
1013
1042
1034
1035
1009
1033
1019
1009
1023
1030
1019
1015
1023
1043
1027
1024
1017
1049
1025
1006
1014
1043
1025
1016
1018
1057
1047
1016
1024
1059
1033
1030
1020
1035
1040
1026
1001
1042
1018
999
986
1017
1001
988
956
981
978
949
946
976
989
938
973
975
993
983
989
1017
1014
997
998
1036
1036
1020
1052
1062
1042
1056
1043
1080
1053
1008
1000
1038
983
956
959
986
972
940
927
977
975
963
962
997
987
967
974
984
986
967
962
1049
1037
1038
1020
1075
1016
1020
1007
1034
1026
980
981
1014
982
962
981
997
984
962
979
1009
982
958
964
991
962
953
944
956
949
940
945
967
976
930
939
962
947
926
924
969
934
935
939
970
970
974
952
1007
985
968
947
991
988
1004
955
1010
970
955
923
968
946
927
919
949
948
928
925
966
947
945
917
997
965
936
949
952
947
942
931
973
957
939
969
999
983
946
961
991
974
955
957
1006
976
971
969
998
974
960
947
1017
973
980
946
989
963
941
936
962
928
919
896
948
928
886
879
907
891
855
836
871
832
807
785
840
813
765
784
821
792
770
773
811
796
785
790
837
807
789
790
839
845
813
827
869
846
836
837
857
851
831
837
876
855
829
834
885
850
840
836
875
842
845
839
876
839
836
839
872
838
833
806
883
823
818
811
860
814
803
806
828
818
805
779
856
808
779
790
806
772
782
802
815
793
755
759
782
779
745
741
798
750
724
729
766
752
730
736
765
760
738
713
761
759
734
744
756
745
723
737
772
759
759
740
782
776
731
728
763
738
725
721
765
723
707
705
744
737
690
704
752
736
706
690
742
711
701
700
723
732
713
694
720
726
674
701
722
698
668
685
734
684
698
684
721
697
662
711
718
703
687
674
718
705
690
687
719
732
693
697
751
713
713
696
716
710
679
701
752
729
669
694
734
714
689
664
724
694
673
668
713
678
693
650
680
653
644
658
677
672
672
629
689
647
654
641
668
664
640
634
671
662
665
648
692
661
652
652
686
688
640
659
686
675
635
633
672
664
656
640
672
656
628
621
688
664
629
652
665
661
667
645
681
659
652
650
682
676
647
639
699
693
650
648
725
658
637
636
713
648
648
637
682
632
606
623
671
648
622
630
661
639
645
671
672
674
655
516
269
268
269
269
268
268
268
269
734
705
266
269
268
0
0

