;UFOS3
;Measurement details: channel = D, date = 28.08.2020, time = 10:31:01
Exposure=1100
Gain=0
Temperature=23.9
Accummulate=4
2.006963589229747 mu
2.0283905792609875 amas
29.571 hs
0 ozone
0 uva
0 uvb
0 uve
[Value]
0
264
264
265
265
264
266
265
357
340
292
290
364
325
289
304
365
325
299
297
372
335
323
301
376
347
310
317
378
381
340
319
353
356
311
310
406
361
316
312
365
347
315
319
386
353
331
305
389
353
310
314
385
350
331
322
388
348
325
337
387
337
305
342
380
340
317
324
376
344
319
307
385
340
320
306
371
353
316
320
386
340
328
310
358
334
318
326
382
334
320
317
385
353
307
314
393
343
310
309
352
354
311
308
389
339
322
305
363
348
326
307
373
355
313
330
366
344
325
311
374
344
325
307
368
366
327
329
365
343
327
313
385
354
327
316
382
340
319
304
378
351
322
312
371
355
304
331
386
340
310
314
378
338
329
320
376
348
315
317
404
342
314
320
358
350
322
320
369
343
317
310
386
347
325
313
397
350
321
316
395
338
312
311
367
347
307
312
380
350
319
326
392
355
319
329
368
344
315
308
386
334
316
310
381
355
306
305
379
346
307
324
381
356
328
330
375
338
329
313
395
355
317
325
357
343
316
313
353
349
308
322
396
340
317
317
366
350
325
319
366
357
318
303
368
328
321
320
373
331
329
314
377
341
319
303
365
344
322
312
356
339
329
302
386
328
328
311
372
340
304
320
397
335
312
334
389
347
325
307
379
329
308
328
374
341
307
328
374
352
330
325
397
339
316
334
377
353
319
320
356
346
319
320
367
341
324
317
381
339
312
316
373
357
338
311
392
328
333
318
373
340
305
335
368
344
312
314
376
341
334
324
372
347
330
316
397
355
332
327
385
345
314
308
376
375
315
303
362
337
336
306
367
358
317
337
386
338
308
325
383
337
329
307
371
333
325
317
380
346
317
325
365
347
323
321
380
352
322
303
376
336
320
320
372
335
321
308
370
324
327
309
362
353
325
317
387
347
324
329
384
333
324
307
361
346
312
316
365
360
305
309
378
338
322
306
363
348
308
323
367
359
330
308
370
343
318
323
376
349
321
312
377
346
321
309
371
348
311
311
372
363
329
337
375
337
328
324
369
334
303
330
364
363
313
320
354
350
312
321
369
346
326
330
369
339
320
325
368
341
321
338
367
352
326
324
370
376
318
316
371
341
310
313
374
344
333
311
377
330
330
326
375
343
346
316
369
330
317
304
350
366
326
312
367
357
312
308
362
342
320
314
379
343
336
322
377
344
320
311
377
336
324
324
372
336
322
319
370
341
313
322
362
336
309
315
371
338
321
325
377
348
318
318
365
354
325
318
351
349
324
318
359
347
314
329
375
348
320
320
387
363
317
324
375
348
313
323
383
356
315
316
381
345
306
321
358
331
337
316
371
344
317
322
374
335
333
326
368
344
327
312
377
352
328
318
357
343
310
331
359
339
310
313
367
336
323
331
359
352
318
340
363
340
307
322
367
336
320
331
362
342
325
340
368
337
326
328
362
342
327
339
362
357
326
330
366
338
323
315
388
327
336
320
361
337
318
325
370
336
321
308
358
349
333
318
381
349
316
311
367
335
321
322
381
339
325
324
370
354
310
323
375
344
331
331
373
334
329
325
360
347
310
319
363
342
310
301
362
359
351
329
375
345
318
327
367
329
319
308
374
344
325
320
372
351
338
304
365
339
339
319
365
343
313
332
367
340
335
323
365
345
321
313
367
346
325
332
373
346
332
322
371
342
329
336
377
337
322
322
364
328
332
329
353
336
322
329
368
360
324
308
360
334
332
316
368
339
315
304
386
346
326
311
378
342
314
310
391
348
320
325
365
340
332
325
372
342
308
309
369
342
344
314
367
343
333
319
373
327
311
324
382
339
329
315
350
326
329
334
367
337
351
328
358
346
327
321
361
336
326
308
368
348
325
315
367
347
337
317
367
354
337
313
368
345
323
314
359
330
335
311
386
346
324
318
357
340
311
317
366
347
348
328
364
341
318
319
370
351
309
306
366
343
307
317
374
350
324
324
365
346
316
323
361
345
320
326
369
352
330
327
359
355
329
331
374
347
316
317
373
338
313
317
375
358
317
317
386
352
330
319
360
338
341
316
376
348
319
313
362
335
333
322
381
350
322
314
357
353
335
313
371
336
317
306
362
355
323
328
376
353
342
333
353
335
324
324
369
338
316
318
368
335
311
331
393
356
323
310
364
341
306
338
373
337
338
318
389
340
324
310
383
358
331
323
379
321
331
323
373
351
323
315
372
333
323
319
369
345
331
321
364
340
335
311
365
346
318
327
357
346
320
320
351
349
317
321
370
338
316
322
355
357
336
329
374
341
330
325
358
338
324
313
370
330
335
314
366
356
335
341
375
333
326
332
357
355
334
339
373
337
322
319
367
342
325
314
349
345
318
348
367
349
335
327
371
340
317
319
354
336
339
326
367
338
326
330
366
343
328
306
360
350
326
322
365
350
327
323
352
340
324
312
381
332
317
306
363
351
314
323
358
336
328
323
353
336
343
318
376
335
342
317
391
353
330
321
375
327
332
322
358
356
335
309
367
330
327
320
366
368
331
318
363
332
320
334
357
342
326
319
355
337
343
326
359
346
314
338
377
333
335
326
396
360
337
321
375
349
332
337
354
335
322
326
368
351
338
313
358
332
334
325
354
331
319
322
366
355
316
321
351
351
326
309
351
344
312
328
361
369
331
315
359
329
341
309
375
354
317
311
357
335
329
328
355
332
330
323
357
345
326
329
365
343
319
315
367
328
312
323
358
350
314
335
368
330
339
318
369
341
325
328
364
338
315
314
362
347
319
323
352
335
325
313
360
338
326
324
370
341
324
315
361
355
326
328
379
346
337
325
384
344
330
326
380
328
326
331
381
342
307
325
362
353
333
320
364
349
333
313
345
329
317
324
371
333
331
323
374
350
327
322
364
327
329
334
350
349
314
319
370
345
331
319
370
346
322
320
382
362
332
332
362
341
346
314
365
348
332
331
384
349
338
317
362
345
323
314
366
347
324
326
373
339
320
321
372
343
323
329
356
332
322
344
361
359
341
328
353
344
323
321
356
342
319
333
387
346
320
319
365
334
322
334
352
352
322
337
361
362
340
322
347
339
337
330
367
348
321
321
363
336
314
317
368
344
325
318
342
335
335
330
374
368
321
327
361
358
320
335
358
334
325
333
370
351
326
316
363
345
331
312
358
344
328
337
360
334
321
324
355
337
336
318
358
351
320
317
362
351
340
320
357
351
324
342
361
343
327
346
359
337
323
323
366
336
343
325
364
333
318
315
355
343
329
318
357
350
316
333
357
351
335
321
365
357
328
336
343
346
313
320
380
356
312
325
367
344
327
325
363
341
338
327
354
340
327
325
362
343
329
327
347
337
324
320
368
343
333
324
365
344
335
326
362
350
338
326
357
347
328
335
362
340
318
317
363
338
360
313
347
346
312
326
356
347
313
337
360
331
318
314
364
348
318
335
378
346
327
334
395
333
324
331
369
337
341
332
372
344
333
323
370
338
330
337
375
340
330
332
381
344
314
315
342
344
322
321
369
349
339
316
378
341
316
329
355
346
335
324
350
343
327
330
340
353
338
326
353
331
345
311
376
340
331
328
351
343
330
323
356
333
336
311
365
349
328
329
363
338
348
311
376
334
326
317
350
342
327
321
377
333
322
337
366
353
331
314
363
346
333
319
351
338
331
324
349
330
344
320
357
334
312
333
344
340
324
319
335
338
328
326
350
336
336
317
354
335
311
326
372
343
348
330
351
338
334
319
378
346
329
319
357
342
329
325
351
343
333
320
367
324
330
326
363
346
325
324
351
353
341
315
348
335
332
322
353
340
319
337
362
343
319
323
389
352
324
329
358
332
329
317
370
337
327
313
364
344
320
323
342
330
321
312
362
330
324
305
357
336
320
317
344
329
329
307
348
328
336
318
360
321
326
333
363
327
316
317
362
335
333
316
351
338
330
325
353
334
334
325
352
354
319
327
369
348
330
322
358
331
326
319
358
365
331
318
360
344
333
324
347
341
318
319
360
341
327
310
361
345
326
321
359
340
322
329
366
350
327
307
363
339
332
314
351
339
331
322
336
337
319
327
348
358
328
325
355
333
317
325
366
342
327
337
367
334
338
325
360
330
336
307
380
329
347
327
354
332
320
322
364
339
325
328
351
340
322
320
360
331
326
320
368
353
323
309
377
334
328
323
341
348
332
322
347
347
321
330
351
336
325
324
374
334
335
335
346
342
312
319
356
333
332
351
337
345
324
315
347
347
343
322
340
335
334
315
364
336
319
319
348
329
333
324
361
347
325
316
367
330
345
340
354
342
318
327
331
334
347
338
344
346
326
326
351
341
317
321
359
332
322
312
357
339
316
320
369
335
332
347
351
332
333
323
357
347
339
318
368
326
326
319
351
350
320
327
348
326
315
312
355
341
332
326
375
341
336
317
352
343
318
314
366
321
329
336
346
336
331
321
373
344
324
329
370
337
322
318
364
333
334
312
358
344
325
325
355
321
307
312
368
328
312
322
347
346
318
335
354
337
340
338
363
345
324
321
365
344
333
320
362
348
338
334
344
336
316
322
349
336
334
325
366
343
330
317
334
350
333
322
360
365
313
320
367
330
311
318
364
359
326
327
363
346
320
319
353
341
322
328
376
359
322
322
355
342
317
311
350
329
346
320
395
355
319
322
369
337
338
330
362
348
334
335
345
334
350
323
345
333
349
316
345
336
331
317
360
345
334
330
351
345
312
333
359
335
322
320
352
340
325
318
346
338
327
322
359
330
331
315
332
336
347
327
369
337
335
344
348
340
328
323
352
328
330
332
356
339
340
330
362
331
322
335
354
339
333
325
374
333
319
322
373
344
322
329
337
339
325
316
360
339
329
324
360
349
344
321
369
355
328
319
351
334
313
314
361
345
327
334
356
345
325
310
349
329
330
329
377
337
321
324
347
322
327
321
365
345
321
330
339
333
330
327
359
344
316
314
360
348
328
315
360
348
311
321
356
339
326
322
358
343
327
313
338
352
323
317
359
341
336
328
360
333
321
328
357
331
340
332
342
343
312
316
354
335
327
324
353
343
324
311
350
343
327
320
369
356
332
323
355
344
334
320
348
335
345
318
342
331
328
321
362
350
317
316
342
339
322
322
354
327
324
317
348
345
331
330
362
355
321
316
340
336
325
319
358
343
323
324
351
344
326
318
354
344
326
317
338
343
342
323
343
325
345
316
356
354
339
323
362
339
314
332
376
333
333
322
367
331
355
310
349
336
331
318
361
326
325
307
353
339
323
331
360
341
337
309
361
356
337
326
360
359
315
328
358
340
330
313
363
337
332
324
375
325
331
320
341
345
326
328
343
352
325
310
350
338
328
317
342
345
335
330
346
326
331
335
351
335
326
309
379
333
330
325
351
342
328
341
344
337
328
314
345
333
327
330
350
342
331
321
362
352
327
325
343
347
325
322
369
324
323
324
355
340
316
320
368
335
325
320
355
344
326
327
349
339
311
311
356
331
321
324
356
346
327
325
349
340
324
314
363
345
324
324
349
339
336
331
347
332
321
316
362
361
322
311
350
342
335
322
345
342
314
318
356
330
339
330
348
325
336
331
351
355
328
319
352
329
335
328
347
336
340
329
352
337
325
312
360
363
324
310
357
336
336
338
350
332
330
328
354
350
338
325
348
346
322
337
354
338
328
312
352
333
339
321
359
331
345
329
355
331
328
317
348
338
328
328
365
344
340
313
380
335
324
334
354
339
320
328
356
346
323
323
351
328
319
314
343
331
322
337
377
330
319
339
366
328
321
323
348
346
334
328
364
342
322
317
377
339
326
305
355
323
320
333
329
340
327
317
347
335
325
314
362
332
318
331
348
349
328
317
368
333
323
314
376
349
329
327
349
350
325
323
345
345
333
317
366
342
337
324
360
348
325
335
353
338
333
314
354
353
318
320
348
337
334
322
358
336
332
322
369
350
342
329
351
346
342
325
343
335
330
306
351
332
361
323
352
349
319
332
335
334
316
327
344
334
328
325
350
324
321
320
358
337
330
337
348
331
329
338
368
326
327
325
347
337
327
323
355
340
317
324
355
352
338
325
348
344
332
337
342
347
339
323
347
339
320
332
346
335
328
323
350
347
326
336
511
335
308
337
363
335
332
319
346
354
331
326
353
339
332
310
351
334
333
314
344
349
336
321
358
339
328
327
345
343
312
323
361
335
324
326
354
341
325
335
349
340
326
316
349
334
314
316
346
345
321
321
356
337
320
317
366
365
332
324
361
327
316
311
368
338
329
312
335
351
341
321
343
338
327
306
360
336
336
315
365
343
323
330
359
340
318
329
349
341
329
306
344
341
330
331
369
331
325
318
363
349
319
329
368
353
332
321
349
347
324
318
351
332
321
330
359
345
321
318
343
339
314
333
350
333
327
329
338
341
321
317
365
339
329
325
339
330
321
331
356
327
318
309
355
353
313
319
358
350
327
329
350
349
323
326
352
342
335
318
374
333
322
333
338
333
335
330
353
347
343
325
351
340
321
322
358
351
325
319
359
351
331
320
346
342
328
323
351
351
335
309
345
329
325
322
392
352
331
316
359
332
326
326
365
331
337
326
371
342
323
314
361
356
336
306
352
342
323
318
355
328
330
340
362
327
314
337
346
348
333
323
344
326
334
346
364
341
320
327
346
344
339
316
348
327
328
313
332
337
321
330
354
346
323
328
343
337
327
317
353
336
322
330
369
334
325
311
376
336
330
326
359
335
332
318
354
357
328
323
348
345
317
319
380
331
322
319
363
353
322
315
367
342
335
327
344
346
324
318
351
350
313
316
390
332
321
327
344
335
324
317
364
350
314
324
348
347
313
317
341
339
340
315
350
337
319
314
361
360
327
315
354
337
318
312
340
348
333
329
347
354
322
327
348
342
322
320
365
338
330
320
360
359
332
320
351
349
319
319
339
329
328
318
358
331
326
318
358
336
313
318
354
354
321
325
345
361
315
331
358
335
326
319
354
324
322
328
333
353
332
313
362
336
336
323
349
345
315
328
326
338
343
325
350
340
323
314
350
350
322
324
345
333
326
318
363
344
333
313
361
346
337
319
345
349
307
331
353
332
329
311
356
350
318
333
351
327
340
328
352
338
315
309
371
330
342
318
347
340
318
333
364
339
311
326
347
329
307
328
359
350
317
320
352
333
325
319
349
348
336
312
348
337
339
326
354
342
329
318
343
325
322
327
349
335
315
331
346
343
340
334
338
343
319
322
366
345
330
319
365
340
326
321
363
347
344
328
348
334
328
333
343
338
330
336
354
337
336
324
355
342
320
325
360
335
326
329
362
348
319
328
359
339
331
327
346
345
340
321
363
340
334
325
355
345
333
318
344
344
321
320
345
352
312
338
343
347
330
328
344
336
319
318
352
340
320
338
346
328
337
332
368
349
322
329
378
335
321
326
353
343
321
315
352
354
331
334
361
351
333
339
348
337
319
307
368
351
344
334
374
329
333
326
360
349
318
324
356
329
320
332
346
335
315
334
359
336
318
328
368
335
334
326
350
337
332
335
350
364
327
326
357
337
319
316
356
326
326
326
358
349
345
322
371
343
333
316
354
347
359
324
374
347
333
314
362
348
331
325
358
351
328
323
352
332
333
312
377
353
325
336
341
334
333
326
347
337
315
335
363
347
312
319
353
341
320
323
366
340
329
330
357
338
321
313
374
331
342
314
355
340
324
323
358
327
327
314
366
355
322
324
360
346
326
320
362
335
321
312
364
345
310
321
364
336
321
319
352
343
331
331
370
343
326
316
356
349
321
330
367
343
332
328
348
342
318
329
362
342
322
320
369
338
331
321
359
327
332
332
362
334
328
332
365
333
336
313
382
332
327
326
371
336
329
330
353
346
334
315
382
345
321
325
349
325
327
342
363
343
313
320
347
349
317
316
376
335
323
321
360
345
323
330
354
346
331
312
355
353
327
338
340
336
309
325
346
336
334
320
363
358
323
323
357
338
329
326
370
336
326
321
359
348
316
328
373
361
329
321
365
337
322
320
341
348
332
317
344
349
305
333
352
333
311
325
374
329
333
324
365
340
312
346
360
351
330
318
355
346
328
321
350
359
324
326
372
338
342
321
345
338
312
331
382
357
308
324
366
347
329
309
363
341
324
326
371
342
353
318
350
329
318
329
350
344
343
311
367
332
333
323
351
345
320
316
350
343
338
324
361
337
332
327
363
355
318
334
359
349
318
315
352
343
334
326
359
341
316
311
367
345
317
335
352
342
346
326
359
337
332
332
359
349
323
313
369
364
324
326
401
342
322
321
393
339
331
332
378
330
309
328
373
349
322
328
354
334
330
346
348
337
332
323
264
265
266
266
266
264
264
266
372
340
264
265
264
0
0

