;UFOS3
;Measurement details: channel = S, date = 28.08.2020, time = 10:57:02
Exposure=1100
Gain=0
Temperature=22.7
Accummulate=4
2.1284146423023955 mu
2.1554077400912397 amas
27.684 hs
0 ozone
0 uva
0 uvb
0 uve
[Value]
0
262
260
262
261
260
261
261
347
327
283
281
355
315
281
292
354
315
290
287
362
326
311
290
366
336
299
305
365
370
328
309
342
344
301
297
396
350
308
303
353
336
303
307
372
340
320
295
376
342
298
304
373
339
319
311
382
335
312
326
374
329
295
334
369
332
307
311
361
333
311
296
372
330
311
296
362
341
304
311
372
329
319
297
348
323
308
317
369
323
309
306
373
343
296
301
380
330
300
298
342
342
301
299
379
327
312
296
353
338
314
297
361
344
301
315
354
331
312
301
361
331
316
295
359
354
314
321
355
331
313
302
375
340
316
306
371
325
309
295
366
341
311
300
360
343
293
320
374
327
300
304
365
325
316
311
367
337
303
309
391
333
306
310
349
340
312
311
359
331
304
300
374
336
314
303
387
338
310
308
381
328
304
301
358
337
298
302
367
337
309
313
383
342
309
321
357
331
305
295
376
321
304
298
368
344
297
295
367
334
297
314
367
346
313
322
364
325
320
303
384
344
306
314
345
332
308
302
340
337
297
310
381
328
304
306
354
339
312
305
355
347
308
293
355
319
311
308
358
322
319
302
366
330
308
292
353
332
308
301
344
329
316
294
373
317
316
300
361
328
294
310
384
326
302
321
379
337
313
297
366
319
297
316
364
329
296
316
362
339
318
310
384
326
307
321
366
340
308
309
347
335
308
309
356
329
317
305
370
331
301
307
365
342
323
302
380
319
323
303
359
331
293
321
354
333
301
304
362
331
323
314
361
340
322
306
386
343
321
316
375
334
301
296
363
365
304
291
351
326
324
298
354
345
305
319
374
325
299
314
370
326
319
296
356
322
312
306
368
335
306
312
352
336
314
310
367
342
311
293
364
324
311
312
361
326
312
297
361
313
317
299
350
344
317
303
375
337
317
315
371
325
311
296
353
337
300
305
354
348
296
297
368
327
309
299
350
337
298
309
355
349
322
296
358
330
307
313
365
342
308
301
365
335
310
299
359
340
301
301
362
349
317
324
362
326
316
312
359
323
294
317
352
347
302
309
343
339
303
310
358
335
316
319
359
329
308
312
358
329
308
326
357
339
315
313
360
363
308
302
361
329
301
302
361
331
323
300
366
317
317
314
364
329
333
305
360
320
307
295
339
353
312
300
353
343
298
295
353
332
308
303
368
335
323
312
365
335
308
298
364
327
312
312
360
324
311
310
358
330
303
309
353
325
299
304
359
328
311
313
363
337
310
306
352
342
313
307
340
337
311
308
352
340
302
318
364
336
311
310
374
353
308
316
361
335
302
311
372
344
306
305
366
335
296
310
346
321
326
304
359
335
304
312
362
323
324
313
356
333
317
303
363
339
318
306
348
333
298
320
349
328
299
302
355
323
314
315
348
343
306
328
354
327
296
309
355
325
309
317
350
331
314
327
356
327
314
312
353
330
316
327
349
345
314
320
354
327
313
305
375
317
327
312
350
327
310
314
358
324
309
298
348
337
322
309
370
339
305
302
355
326
310
312
372
330
316
313
357
344
301
312
364
333
319
321
363
325
319
317
350
338
300
307
350
333
299
292
351
348
339
320
364
337
307
315
358
319
307
295
367
335
316
311
358
341
329
295
352
329
326
310
353
333
302
322
355
332
324
313
354
333
308
302
359
337
316
322
361
338
325
313
360
334
321
326
368
328
315
311
355
321
326
322
345
331
313
320
362
351
316
303
354
326
324
308
358
334
307
296
376
336
318
302
367
335
307
301
386
344
314
318
355
329
326
319
366
332
299
302
359
334
335
307
359
336
326
312
368
321
302
318
375
332
326
310
346
320
323
327
363
334
344
323
356
343
320
317
360
336
322
305
364
342
322
313
361
341
333
312
363
349
336
306
365
344
319
310
355
328
330
307
384
342
324
315
353
336
308
312
362
345
344
324
360
340
312
315
366
347
305
303
363
340
305
311
370
347
319
320
359
344
311
321
359
343
320
323
366
350
329
323
359
353
327
329
373
346
315
317
376
340
314
316
378
360
319
320
387
355
333
324
365
344
346
321
380
353
326
320
368
340
337
331
386
354
328
320
362
355
338
319
375
341
323
313
370
363
328
332
383
360
347
339
356
343
329
332
377
347
325
325
379
348
322
340
404
366
333
322
376
355
319
352
384
353
351
330
401
351
335
323
397
369
343
335
391
338
343
339
387
363
338
334
392
353
340
343
388
365
350
341
384
358
354
333
386
363
333
344
373
363
339
339
368
366
333
340
387
356
333
342
375
376
356
354
398
366
352
349
380
362
348
339
397
355
359
335
388
376
354
358
393
351
343
349
375
370
349
353
388
356
337
336
385
358
342
332
367
366
337
371
386
372
357
349
396
364
347
346
380
366
367
354
395
370
357
361
400
378
358
336
394
381
357
353
398
383
357
355
387
370
351
341
411
361
343
334
389
376
335
348
380
362
351
343
374
357
367
342
396
360
364
341
417
379
360
353
406
361
366
356
391
388
366
340
401
360
361
350
400
402
364
350
392
360
348
367
389
369
353
346
383
366
373
355
392
381
346
370
415
368
372
364
432
400
375
363
414
391
374
378
395
379
365
371
414
399
385
359
403
377
380
368
398
373
360
366
405
397
356
358
393
391
367
344
388
382
349
369
401
409
371
358
403
372
385
355
421
398
361
357
404
380
376
373
402
379
371
370
402
390
370
369
407
382
361
357
408
367
350
366
395
391
354
376
409
372
380
357
414
384
372
372
410
382
363
363
413
398
370
377
407
389
380
368
416
395
384
383
428
400
383
377
422
415
387
392
445
413
403
391
449
408
391
388
443
391
386
391
442
404
366
382
418
413
392
377
421
406
393
371
407
387
377
385
437
396
395
388
443
421
396
393
439
400
404
412
425
428
391
399
453
429
411
401
451
428
403
402
463
443
413
411
444
423
432
391
446
429
413
410
462
426
414
393
440
425
401
395
443
424
401
404
449
413
393
395
445
417
393
401
429
403
394
414
432
434
415
396
420
411
389
389
425
411
386
400
454
409
389
382
430
398
387
400
416
417
386
408
432
428
412
391
418
413
413
408
445
429
399
402
443
422
398
404
462
433
418
408
436
427
428
422
469
465
414
422
461
456
419
432
454
431
421
430
463
445
417
406
455
432
418
401
443
432
411
424
444
417
402
401
434
425
419
399
443
432
402
401
445
435
427
404
447
436
409
429
450
428
413
434
448
428
413
414
458
427
438
422
460
429
412
409
449
434
423
413
453
448
414
430
452
449
433
417
461
451
426
428
437
443
409
416
476
454
409
423
470
444
427
424
465
438
432
425
446
432
421
415
452
437
418
416
435
429
410
405
458
432
421
411
451
432
423
414
456
444
433
417
451
441
421
436
463
438
418
412
463
433
454
407
442
443
407
422
451
446
407
434
456
424
411
409
460
443
413
430
474
443
425
435
492
428
420
426
462
426
430
414
451
423
408
399
446
407
400
408
444
413
401
405
451
408
380
383
417
415
390
391
443
424
410
393
451
414
381
399
419
413
400
388
414
407
388
393
405
416
409
391
425
405
421
383
450
414
411
404
426
418
408
402
435
409
410
391
441
427
402
406
439
414
425
391
450
412
403
397
434
419
412
410
463
419
410
422
453
436
417
398
445
431
416
398
432
418
413
402
428
411
426
408
441
418
396
420
432
428
417
412
430
436
424
421
448
437
437
418
456
439
410
428
473
443
446
427
449
439
427
413
470
434
421
412
452
432
422
418
446
438
427
412
456
415
417
418
451
437
420
411
441
443
427
406
442
430
426
417
450
438
416
438
464
444
421
423
495
457
430
436
467
441
440
419
476
440
429
419
469
448
422
428
450
438
432
419
471
442
435
417
471
443
432
426
456
438
439
417
460
439
449
427
469
428
433
436
467
428
411
411
456
429
423
405
437
422
415
407
431
411
408
394
426
428
389
397
440
424
404
395
436
412
411
401
446
456
424
410
453
435
430
421
444
439
417
418
462
445
428
412
464
442
425
418
459
440
420
424
457
443
416
394
453
426
418
399
437
427
418
409
421
421
403
411
431
441
413
410
443
421
406
414
459
434
419
431
458
429
430
415
449
420
424
398
469
417
432
413
434
411
400
403
443
420
398
401
429
413
397
393
433
406
402
398
446
427
400
385
456
413
407
403
423
426
414
403
429
430
402
410
429
416
409
405
454
409
414
411
422
420
386
395
433
410
407
425
408
417
397
384
419
419
411
392
410
409
408
392
439
415
400
399
431
413
416
410
451
434
415
406
465
426
444
437
451
443
421
427
433
435
448
437
443
444
423
422
448
438
410
415
451
424
412
404
448
430
402
406
456
424
420
436
443
421
419
413
449
441
435
413
462
421
420
419
452
451
416
423
445
425
410
404
448
431
418
411
462
425
417
400
436
426
401
402
451
408
420
429
440
431
430
417
468
443
424
436
474
446
429
431
476
444
444
422
471
458
439
437
473
440
425
430
490
445
429
443
465
466
438
452
475
457
464
459
488
469
448
447
490
466
457
440
487
471
463
462
471
463
442
450
479
458
458
445
488
464
449
433
452
469
450
441
472
485
430
432
476
437
421
425
474
466
432
434
474
456
427
427
469
454
430
440
483
465
425
427
457
439
419
408
446
423
440
407
482
440
403
399
446
413
414
406
439
421
410
409
421
413
428
400
425
411
430
394
427
418
412
402
441
429
413
410
429
421
385
400
430
406
391
386
414
406
383
375
401
395
382
371
412
386
383
366
383
390
400
384
426
398
395
410
413
403
399
392
425
403
407
410
438
420
426
415
453
419
412
424
446
431
426
418
469
429
414
420
468
437
420
420
428
430
415
404
449
425
414
408
443
436
424
403
447
431
400
386
422
404
384
382
429
411
397
402
424
413
392
381
424
396
403
401
450
409
395
398
427
396
402
398
437
420
393
399
409
404
399
398
431
418
387
388
433
421
399
389
437
424
394
406
441
430
419
418
456
442
426
412
440
450
417
414
453
435
429
419
455
422
411
414
445
417
422
414
421
425
392
400
440
422
420
412
445
436
424
411
449
445
429
423
474
463
438
427
461
449
439
428
453
440
448
415
443
428
422
417
456
445
409
409
435
435
417
420
451
428
426
419
455
453
441
444
475
472
434
437
467
461
456
448
488
474
455
452
487
480
462
452
493
482
464
453
473
480
479
461
476
461
480
451
493
484
471
456
493
466
445
457
501
458
459
447
494
456
479
434
479
463
456
447
488
453
455
434
482
467
450
458
488
468
465
434
482
479
455
444
477
477
430
442
471
455
444
428
474
450
442
433
488
438
439
425
448
447
433
432
450
462
434
416
454
444
439
425
450
456
448
440
454
438
444
448
465
449
448
427
498
454
449
446
470
459
450
460
459
454
444
431
466
446
444
446
470
462
450
435
474
460
435
430
447
448
424
418
462
412
413
413
443
428
402
407
459
421
413
412
450
440
423
423
449
440
414
418
466
442
434
434
471
459
437
435
456
444
424
414
461
440
413
411
431
421
418
409
427
408
400
392
444
440
400
392
431
422
417
410
434
434
405
413
452
426
437
424
441
417
424
420
439
435
406
397
427
402
409
399
417
403
403
395
417
399
389
378
424
428
394
379
430
412
414
417
434
417
412
414
439
434
423
413
434
430
406
416
432
414
398
383
422
401
403
387
425
402
415
400
428
404
405
401
436
426
421
424
465
446
445
419
489
445
432
442
461
449
425
433
465
454
429
427
457
431
419
417
440
429
419
439
474
432
420
445
473
433
425
430
456
452
444
434
469
449
434
429
491
452
441
421
475
443
442
453
453
468
456
446
479
468
462
447
499
471
459
477
497
497
472
464
518
483
467
467
529
505
484
483
507
504
480
484
501
496
483
468
521
490
484
466
498
486
462
468
491
470
461
444
480
478
440
443
468
460
455
442
477
453
449
437
485
464
456
434
458
452
447
431
450
444
433
419
461
444
472
438
472
468
440
454
460
464
445
458
477
467
464
458
485
459
463
458
496
474
468
476
483
467
462
468
497
457
460
449
472
459
447
443
468
457
428
434
463
457
445
427
447
435
424
426
428
435
430
410
433
429
405
418
434
418
413
401
431
426
402
407
577
407
379
405
433
405
402
389
412
416
392
392
412
401
393
370
409
395
393
371
408
412
397
383
418
400
385
385
405
402
366
378
420
390
382
386
415
402
388
400
416
408
396
389
423
409
394
396
428
431
411
410
449
431
416
411
460
458
425
416
462
419
414
401
465
432
426
404
425
440
428
410
431
429
410
390
445
416
422
396
444
419
396
403
431
411
393
402
426
418
407
382
420
423
409
411
455
414
411
407
448
440
411
423
463
447
424
414
440
436
408
403
433
414
402
412
441
424
406
399
427
424
400
415
436
418
412
415
427
424
409
403
455
432
424
414
427
412
402
412
443
413
404
395
435
437
397
400
442
436
412
410
436
431
407
410
435
427
422
405
462
424
413
426
432
429
430
428
453
450
449
429
460
453
435
436
475
471
446
434
478
473
452
441
466
463
453
442
471
473
454
429
464
451
442
438
510
471
448
430
478
446
443
445
483
448
458
450
494
467
448
443
488
489
464
438
488
477
461
458
498
471
472
483
501
467
455
475
483
486
470
461
478
453
464
471
492
467
439
451
465
465
455
433
464
440
439
425
435
441
427
434
454
443
418
424
435
422
412
397
429
408
393
393
428
394
375
358
423
376
371
366
395
369
365
353
390
397
365
361
390
392
363
364
433
387
383
381
427
421
396
389
447
418
415
412
434
439
416
413
444
446
409
411
490
435
425
433
451
441
436
428
475
462
428
439
461
464
427
431
460
454
456
430
466
448
432
429
475
473
443
428
465
446
427
417
444
450
432
426
442
445
411
415
435
425
400
394
432
406
393
377
416
407
379
363
391
388
357
356
373
363
360
354
393
365
363
352
399
378
358
368
405
410
378
384
410
432
386
408
434
415
413
405
443
417
417
424
430
450
436
417
463
435
439
428
456
447
422
436
432
447
447
429
453
447
428
420
455
459
429
433
454
442
436
429
476
454
445
422
472
462
449
428
454
461
418
438
461
442
438
420
468
461
427
445
462
439
452
436
462
452
430
420
483
441
453
429
457
449
429
443
472
448
418
436
451
437
415
437
468
456
425
430
462
447
437
432
464
464
452
430
464
452
455
442
469
455
446
436
460
439
435
442
464
450
432
445
462
462
460
451
451
464
436
438
481
462
449
434
485
461
448
443
483
466
466
447
469
448
439
446
459
449
443
447
469
446
446
430
465
446
429
432
463
440
431
435
471
456
428
439
475
453
446
445
466
463
460
442
486
465
454
446
477
462
446
433
452
453
432
424
451
459
418
443
450
453
436
435
450
444
429
422
458
450
432
453
466
447
454
451
492
470
440
447
494
451
431
439
467
454
435
423
463
466
444
442
470
463
441
445
452
440
423
413
475
457
452
438
478
434
440
431
465
450
424
426
463
435
423
439
453
441
423
441
472
443
432
439
479
445
446
433
456
448
435
436
457
469
428
426
456
440
421
422
464
431
432
431
460
457
448
429
477
451
439
425
462
454
470
437
487
458
444
424
476
458
440
433
468
462
438
431
466
445
444
422
484
464
437
448
450
445
438
428
449
441
415
434
463
444
408
411
447
431
408
410
452
421
410
410
436
418
397
391
450
410
418
389
432
419
399
399
434
408
410
393
446
439
405
408
444
434
413
408
452
424
412
402
453
433
398
407
452
427
410
406
442
430
419
422
460
428
410
403
445
436
408
413
449
424
414
412
430
422
399
407
443
419
400
398
450
416
406
399
436
405
407
407
441
408
403
405
441
404
406
385
454
400
398
394
440
403
395
395
423
414
401
382
448
411
388
392
417
393
397
416
434
416
385
388
418
421
387
380
444
401
387
382
423
409
390
392
417
409
394
375
418
413
387
398
406
398
370
385
410
399
396
380
425
418
383
384
418
399
386
381
429
393
382
378
417
403
374
387
429
413
390
379
422
394
380
381
403
410
391
378
404
411
366
391
413
393
372
384
433
390
396
383
424
400
368
403
419
407
388
373
411
397
381
375
403
409
376
378
426
389
393
370
395
385
363
376
430
408
359
379
417
398
379
357
418
393
377
375
422
392
401
369
401
378
371
383
398
395
393
358
417
381
384
373
399
395
372
366
403
389
392
373
415
387
384
379
416
406
371
383
410
401
368
369
401
389
385
375
408
389
363
357
423
389
364
379
399
383
392
371
404
383
377
378
406
397
370
360
418
414
376
376
452
392
373
375
446
393
384
384
431
385
367
381
426
403
377
383
407
385
384
401
401
393
381
348
261
261
260
262
260
259
260
261
428
395
261
262
262
0
0

