;UFOS3
;Measurement details: channel = Z, date = 28.08.2020, time = 11:05:49
Exposure=1100
Gain=0
Temperature=22.2
Accummulate=4
2.177077878297643 mu
2.206527416177427 amas
26.994 hs
0 ozone
0 uva
0 uvb
0 uve
[Value]
0
260
258
261
257
258
260
259
351
332
289
284
358
321
285
295
359
319
293
290
364
330
319
295
370
337
304
309
370
371
328
314
345
346
305
302
398
353
312
307
357
338
308
310
378
346
322
300
378
347
302
307
377
340
321
313
384
340
317
326
378
332
298
333
373
334
310
314
366
337
314
299
376
334
315
301
366
344
311
313
375
333
322
301
354
328
310
317
373
328
313
309
377
344
302
305
381
336
302
304
349
346
304
304
384
332
315
301
359
340
317
301
366
345
306
320
357
333
316
305
368
337
319
301
363
356
318
320
361
337
317
306
379
344
319
309
373
331
312
300
370
346
316
306
365
348
299
323
376
331
300
306
369
332
322
311
369
342
304
311
396
337
310
311
354
344
316
312
359
333
310
305
378
336
318
306
386
341
313
311
384
331
308
307
362
343
304
305
373
340
311
316
384
344
311
320
363
334
308
300
377
328
312
304
372
346
303
298
372
338
298
313
371
347
317
322
365
329
325
307
387
345
310
318
350
335
311
307
346
339
303
313
384
332
310
311
361
341
318
311
360
347
311
296
361
324
315
312
362
328
319
307
368
332
311
301
356
336
313
305
349
333
320
297
374
322
323
305
365
331
299
312
383
329
305
324
379
340
316
302
375
322
300
317
367
333
301
319
366
342
322
316
388
330
310
324
367
342
313
312
352
336
313
313
360
336
320
309
372
333
306
309
370
346
330
305
381
323
322
308
367
336
301
325
362
336
307
308
369
336
326
316
363
338
323
310
390
344
324
321
375
338
308
304
365
364
308
298
356
331
326
302
358
348
310
323
379
331
301
318
375
330
321
299
360
329
316
310
373
337
309
315
357
338
319
318
373
342
316
296
369
328
311
314
364
330
315
303
365
318
319
302
358
346
319
310
375
340
317
319
379
329
316
303
355
341
307
308
360
353
300
305
370
340
315
303
354
340
304
315
362
350
326
302
361
333
312
317
370
344
313
305
370
341
313
307
364
342
303
305
363
351
322
326
365
330
320
313
363
328
299
322
355
352
308
312
348
342
307
313
362
338
320
323
361
333
313
315
362
330
313
328
358
346
320
314
365
364
314
309
365
334
306
309
364
333
326
306
369
323
320
317
368
333
333
311
363
323
312
298
346
356
319
306
358
348
305
302
358
335
313
308
371
336
328
315
370
336
313
306
368
326
315
314
364
328
313
312
364
334
307
314
359
329
305
308
364
333
315
317
368
343
310
310
358
342
319
313
346
339
314
314
356
338
308
318
369
343
315
313
375
353
312
315
369
338
307
316
376
348
309
308
370
338
302
312
350
326
328
309
364
338
311
316
367
328
326
318
358
337
321
308
369
342
321
308
353
337
306
323
355
335
303
304
356
328
319
317
355
343
315
331
358
333
303
314
361
332
317
319
355
337
317
330
362
332
320
321
357
332
320
330
356
349
319
322
361
333
316
311
379
321
326
316
354
333
317
318
361
331
317
304
354
339
326
313
374
343
311
307
362
331
315
317
372
335
320
320
363
349
308
317
369
336
326
325
367
331
325
324
354
342
308
312
359
337
306
299
358
351
343
326
369
339
314
321
366
327
314
304
370
337
320
315
365
346
332
303
359
336
335
317
359
338
312
326
361
342
329
318
365
344
321
311
365
346
326
330
369
346
331
323
373
343
328
336
377
341
326
323
365
333
332
329
355
339
325
330
371
359
326
310
360
337
333
319
368
344
317
308
388
345
329
316
379
346
321
317
396
355
331
333
374
348
339
334
381
350
317
322
378
352
352
325
378
354
341
327
384
337
321
331
391
349
340
327
361
338
338
345
375
351
362
341
370
358
339
333
376
355
340
324
383
360
341
333
381
360
356
334
386
370
357
335
393
366
346
339
383
356
360
335
413
373
355
345
385
369
342
344
395
377
377
355
393
369
350
348
398
380
341
335
397
376
343
351
405
381
353
355
397
377
347
354
394
379
355
359
403
384
365
356
393
383
356
360
405
378
347
349
406
369
346
346
407
391
351
352
416
389
362
355
392
375
376
351
413
385
356
353
402
374
375
364
423
393
371
362
408
402
390
367
429
398
383
376
432
428
395
403
453
429
419
410
430
414
402
405
455
422
400
400
453
420
391
412
476
436
401
392
444
426
385
417
453
422
422
399
470
422
408
398
469
447
420
412
470
414
427
418
475
453
423
421
483
442
431
435
484
460
444
435
483
457
453
428
482
462
435
447
476
463
441
438
472
470
439
444
497
467
447
455
485
495
475
475
518
488
477
475
506
485
473
461
519
482
479
460
510
497
476
481
518
480
473
482
508
505
484
495
529
499
485
486
537
515
501
490
525
521
495
522
540
520
507
493
537
501
474
473
503
488
486
463
507
477
460
463
502
480
464
439
495
489
465
465
510
500
484
481
519
510
492
485
558
511
503
493
559
549
510
522
561
545
537
529
569
553
561
536
595
560
563
539
613
577
556
546
597
550
546
530
567
558
533
498
555
514
513
497
544
542
502
488
535
502
487
505
532
515
499
497
539
531
543
526
570
560
529
554
604
556
560
547
616
580
552
538
593
569
545
551
568
545
528
533
574
557
538
516
558
537
538
530
567
548
535
547
593
588
552
558
603
597
577
563
608
610
584
599
641
644
612
598
643
614
634
607
668
651
606
599
650
622
611
605
628
600
592
587
624
603
584
584
621
595
572
577
631
598
581
593
636
632
595
624
662
622
636
618
666
640
627
630
667
642
611
609
657
639
611
599
630
612
598
579
625
601
585
585
637
603
594
584
631
623
600
600
656
630
624
614
681
640
623
633
690
648
651
658
712
678
647
669
708
707
685
669
723
712
696
687
723
707
693
710
761
729
723
721
769
744
718
717
758
713
709
713
725
715
682
685
734
713
697
682
730
709
678
674
741
723
692
697
743
722
733
708
773
759
751
758
814
794
784
768
824
807
790
787
847
830
811
808
855
815
792
795
849
824
800
812
838
812
801
823
843
844
814
802
826
817
785
784
822
804
780
796
854
805
777
775
817
785
768
776
793
786
760
770
790
789
765
738
770
757
761
744
781
757
725
730
768
739
716
719
771
741
728
710
742
732
726
725
779
767
723
733
774
772
744
758
790
775
765
782
820
814
799
793
848
837
830
818
882
875
860
883
907
882
865
870
905
894
897
879
929
927
892
886
937
919
903
882
920
912
877
890
904
879
851
866
881
852
832
824
867
830
834
813
850
821
808
805
851
835
830
804
859
848
811
840
864
869
849
836
883
877
849
860
869
881
850
857
920
902
856
870
928
902
884
881
922
901
900
891
921
905
891
898
927
914
897
897
911
906
886
883
930
909
899
892
931
919
913
911
942
936
922
904
937
912
897
899
920
894
865
856
910
876
895
846
889
877
835
848
881
873
828
846
871
842
829
826
891
879
850
883
934
904
887
909
960
909
897
904
947
902
903
891
930
900
895
880
933
902
883
892
928
896
878
883
934
895
868
867
906
905
887
889
946
923
907
879
926
879
832
834
843
823
799
777
797
783
761
756
760
769
759
734
769
743
761
727
796
770
761
759
782
779
765
763
800
764
758
729
765
750
721
718
744
718
727
693
759
727
722
724
772
765
759
760
825
780
766
786
814
803
785
767
823
804
787
775
807
787
784
769
794
782
791
776
814
790
770
798
815
816
814
809
840
844
830
831
854
845
833
812
847
826
795
811
851
823
820
804
826
823
815
802
867
835
824
808
864
854
852
856
895
899
888
888
940
898
917
914
955
929
912
903
937
937
914
886
916
904
892
884
908
892
860
875
905
886
858
871
935
897
870
870
898
865
857
846
895
863
848
845
898
875
850
857
882
876
868
866
920
889
888
885
942
923
914
913
952
940
938
928
966
949
955
933
982
938
939
944
971
927
925
922
976
953
957
944
979
974
978
969
998
979
977
967
996
1000
963
971
1024
996
975
963
995
959
948
928
969
960
912
889
920
887
874
853
870
857
815
799
829
795
774
750
797
775
753
748
788
772
755
765
815
806
791
790
864
851
856
842
890
884
881
872
897
902
886
899
922
944
910
911
942
922
898
903
939
911
888
890
914
873
870
851
879
842
848
818
887
830
841
817
850
822
809
809
853
822
815
820
855
849
825
832
880
854
857
859
905
885
860
839
909
860
845
836
859
861
836
822
841
831
802
793
812
790
774
771
819
772
772
768
778
782
752
762
804
775
782
800
793
807
788
778
814
818
809
790
814
812
809
788
841
806
785
779
812
784
779
774
815
791
767
757
816
776
787
781
792
772
746
749
749
750
762
747
765
766
752
765
796
796
768
781
832
808
804
805
866
848
825
841
901
877
881
901
915
899
898
897
930
922
915
886
941
896
888
876
914
909
871
877
889
867
843
844
884
857
847
836
885
851
843
819
867
859
833
843
899
857
873
890
897
894
893
878
933
915
891
901
938
902
875
874
913
861
852
818
854
832
810
808
843
815
799
806
878
834
829
845
874
881
861
881
914
915
922
933
967
963
943
956
1005
979
972
953
1011
992
988
996
1008
1011
982
997
1033
1018
1017
1016
1058
1031
1015
1002
1020
1051
1024
1020
1066
1071
1027
1028
1080
1035
1012
1020
1064
1062
1029
1044
1076
1063
1037
1039
1070
1050
1027
1033
1066
1050
1008
1003
1036
1015
984
981
1025
985
1006
965
1040
990
951
948
996
967
959
951
986
972
963
973
986
982
997
953
978
952
958
910
935
918
908
892
932
904
877
865
874
850
803
806
825
789
765
755
790
776
762
758
795
791
782
776
818
794
793
776
802
809
818
807
852
821
808
816
809
791
772
751
778
748
739
734
748
724
708
686
716
672
653
661
680
659
651
648
695
654
647
658
721
699
687
695
716
727
717
716
775
762
758
765
820
813
816
808
863
855
834
825
868
862
842
848
899
879
865
876
896
893
866
851
889
866
867
850
899
845
825
817
840
816
809
799
830
801
768
762
764
753
734
732
768
752
724
725
770
751
739
725
774
766
737
745
785
767
764
765
804
791
768
760
780
784
757
747
786
762
757
753
782
759
751
759
786
758
770
768
788
789
771
791
850
846
860
861
911
907
895
890
929
917
897
883
924
908
878
866
894
872
857
834
860
835
839
797
829
812
808
801
843
839
812
820
862
880
877
881
929
915
909
904
945
943
937
941
975
962
919
923
951
937
919
899
936
915
885
877
900
890
870
857
897
881
870
867
899
906
913
911
941
936
960
936
992
998
1001
995
1052
1035
1020
1042
1101
1066
1075
1063
1118
1084
1111
1069
1116
1095
1093
1084
1131
1088
1088
1073
1120
1106
1081
1088
1117
1089
1088
1044
1102
1087
1067
1044
1079
1071
1024
1035
1072
1054
1042
1028
1082
1063
1049
1039
1099
1054
1062
1045
1063
1074
1048
1042
1065
1075
1037
1017
1051
1025
1010
984
1004
1005
987
973
985
966
966
967
982
963
945
927
1003
950
947
935
956
942
928
939
947
941
927
920
947
936
937
943
970
963
954
937
985
983
959
958
986
991
972
974
1024
981
980
987
1020
1002
973
979
1034
995
985
974
1015
1005
987
988
1011
993
958
958
988
954
932
921
953
927
894
881
893
868
843
824
866
846
816
814
840
833
831
835
861
857
861
858
923
932
907
901
953
956
950
943
971
974
944
943
972
924
922
904
903
864
857
832
837
835
793
773
807
778
780
775
803
786
790
784
808
792
793
795
853
872
836
831
889
875
876
878
888
863
849
843
855
838
815
783
790
783
752
755
765
737
717
692
727
704
708
693
735
717
739
731
770
753
761
762
805
804
802
813
853
835
834
803
874
823
806
805
813
786
748
744
765
742
713
712
740
719
713
718
758
751
756
784
844
824
819
864
904
884
893
902
937
941
934
929
974
944
933
919
977
934
917
899
949
904
890
889
886
896
875
870
898
892
890
884
941
914
901
924
946
945
921
914
967
933
919
919
987
974
959
964
997
1004
983
991
1024
1027
1029
1025
1085
1070
1067
1063
1106
1108
1086
1112
1138
1124
1127
1121
1160
1165
1124
1139
1176
1171
1169
1167
1214
1187
1187
1170
1218
1186
1177
1147
1172
1156
1147
1109
1114
1090
1074
1054
1086
1061
1076
1033
1056
1040
1001
1002
996
1000
977
989
997
997
978
970
986
956
946
938
975
939
927
933
942
922
923
925
963
931
943
952
984
987
981
988
1025
1033
1007
1024
1064
1073
1064
1056
1082
1076
1071
1072
1082
1093
1086
1064
1088
1075
1051
1051
1063
1044
1027
1020
1038
1020
988
987
1176
969
939
952
972
936
913
887
898
886
851
835
851
837
827
805
845
826
823
792
830
828
804
778
804
769
749
742
755
742
708
716
756
728
717
712
734
712
685
688
698
686
669
661
695
676
656
660
689
693
667
669
706
680
653
653
701
700
659
642
689
649
645
647
714
687
681
678
704
729
728
716
746
755
742
739
802
794
809
787
858
842
822
835
870
847
824
835
864
854
838
814
850
849
825
830
873
826
814
802
845
827
795
796
839
816
787
770
792
784
751
735
759
735
728
742
772
757
740
744
766
773
758
775
800
792
792
797
817
826
814
815
878
850
834
827
836
809
794
783
808
773
757
740
791
791
761
761
804
804
780
777
814
804
775
783
817
809
806
787
858
822
807
827
829
809
805
793
814
808
810
782
809
791
768
774
809
810
783
775
812
802
780
761
799
800
785
790
829
836
818
798
844
834
834
846
925
889
881
872
931
909
913
923
979
946
963
948
995
968
947
949
991
996
967
945
991
979
953
951
990
965
959
960
970
933
922
940
950
959
946
941
964
945
960
967
994
977
961
984
1012
1023
1018
1005
1048
1040
1051
1048
1063
1075
1059
1063
1094
1085
1049
1051
1068
1056
1041
1030
1061
1022
992
992
1033
980
967
947
1012
959
951
940
963
929
922
903
940
928
885
867
889
873
835
820
877
813
785
765
794
761
716
685
723
669
636
615
620
605
570
550
578
566
534
535
606
554
545
563
584
589
594
597
658
659
639
669
710
721
696
707
749
753
767
754
802
800
790
789
849
860
828
818
866
850
847
839
885
900
890
889
915
928
906
918
941
941
920
915
964
935
918
911
957
956
921
907
936
928
904
901
917
901
885
871
905
867
853
826
855
822
785
780
805
789
743
729
734
730
667
663
673
627
603
580
607
568
556
562
559
568
551
524
574
545
551
541
575
579
562
587
599
627
649
643
686
694
689
699
754
772
751
770
804
795
808
806
865
849
845
832
880
873
863
847
879
890
840
872
891
872
866
856
900
892
860
876
897
875
888
872
906
895
870
872
938
889
908
888
921
917
895
909
938
904
870
881
906
883
865
887
919
904
873
877
906
891
884
882
913
919
909
882
917
902
899
887
911
899
888
879
904
882
867
877
898
884
869
882
894
898
891
886
890
904
884
884
942
926
917
900
960
935
915
907
947
934
933
912
939
916
912
920
931
926
919
922
944
929
927
917
947
933
908
918
943
924
918
916
956
945
917
924
963
939
930
925
943
940
930
906
950
916
900
889
923
903
886
870
892
886
859
851
883
888
851
881
889
893
885
896
911
917
904
898
942
934
920
946
958
941
954
943
977
951
908
905
944
893
865
864
900
884
849
842
886
885
873
872
900
894
870
880
896
894
875
869
954
935
934
926
971
923
926
912
942
927
889
882
921
882
870
888
898
892
869
888
915
891
868
872
900
871
867
853
881
863
855
859
877
890
845
843
879
854
835
838
886
853
850
852
883
880
877
863
920
893
876
857
897
894
901
873
916
890
867
840
879
857
839
831
864
860
837
840
877
863
853
832
900
878
847
858
867
860
857
847
881
867
848
875
906
894
853
865
904
892
865
866
915
884
877
873
907
886
867
855
923
879
892
856
897
878
859
848
873
839
828
815
863
843
803
800
825
808
775
761
796
756
737
719
766
741
706
708
748
722
707
705
740
731
716
720
763
732
723
718
766
764
739
752
790
772
756
758
777
777
756
768
800
781
756
753
807
774
764
764
799
766
764
765
797
768
761
761
801
762
759
735
807
750
740
739
782
744
733
730
759
742
734
710
771
736
709
717
738
710
710
725
747
725
684
688
717
712
678
674
731
683
667
663
704
690
663
671
691
690
675
649
698
692
672
678
691
684
657
671
701
692
690
673
718
705
665
665
698
675
659
654
703
665
651
641
676
669
638
643
685
676
643
630
676
653
638
637
663
671
647
636
660
661
615
643
661
636
612
626
672
628
628
625
662
635
608
644
656
645
627
614
652
644
626
622
655
668
629
638
683
654
653
634
658
652
624
636
689
666
616
633
674
652
628
605
663
640
615
608
656
627
630
594
627
599
590
601
622
615
609
575
633
597
599
584
617
612
587
583
616
607
607
590
631
604
598
593
631
624
585
604
629
615
584
582
619
605
595
585
619
602
574
569
632
603
577
594
611
605
610
587
617
601
595
595
629
615
591
584
639
633
593
590
665
608
577
580
656
596
585
585
628
579
551
568
615
597
567
578
603
587
590
612
615
611
592
473
258
259
259
258
258
258
257
259
672
640
259
260
259
0
0

