;UFOS3
;Measurement details: channel = Z, date = 28.08.2020, time = 11:10:49
Exposure=1100
Gain=0
Temperature=22.0
Accummulate=4
2.2067248141849394 mu
2.2377366524870763 amas
26.591 hs
0 ozone
0 uva
0 uvb
0 uve
[Value]
0
257
258
258
259
258
259
258
349
329
288
283
359
317
282
296
359
316
291
291
364
328
316
293
367
336
302
307
368
369
326
310
346
344
304
301
395
348
308
306
355
335
308
310
376
343
320
298
377
343
300
305
376
339
321
309
379
335
316
325
376
331
295
329
369
332
310
313
365
334
309
299
373
334
312
301
364
342
308
309
376
331
318
300
351
327
311
318
371
325
311
307
374
342
300
304
378
334
303
302
348
345
305
302
380
330
316
300
357
338
317
300
364
345
306
318
356
334
316
304
363
336
317
299
359
353
318
318
357
334
315
304
377
343
318
306
371
328
310
300
369
342
313
303
363
346
297
322
374
330
302
305
368
329
320
310
368
339
306
311
392
336
309
311
351
339
314
313
360
331
309
302
377
339
316
305
385
340
310
309
383
330
306
304
364
342
301
304
368
341
309
314
383
343
313
318
362
331
307
298
378
326
311
302
372
344
299
297
369
336
301
313
372
347
314
320
364
327
323
304
384
345
307
316
349
333
309
304
343
340
301
313
381
331
309
308
359
341
315
307
358
345
311
297
360
322
311
312
362
324
319
305
368
333
309
300
356
336
311
304
348
330
318
295
372
320
319
302
363
331
298
310
383
326
304
323
379
339
316
301
371
320
301
318
362
332
299
315
362
341
319
313
384
331
306
321
366
340
310
311
350
336
311
311
358
333
320
308
369
330
305
308
368
344
323
304
381
324
323
305
363
332
298
321
360
336
305
304
366
335
325
315
361
339
319
309
385
341
323
315
375
335
305
303
365
362
308
296
353
329
325
301
357
346
308
321
377
328
299
316
373
328
320
297
361
326
314
307
372
337
309
314
354
336
316
311
370
343
314
297
366
329
310
312
364
329
315
303
364
316
319
301
357
342
319
306
376
339
315
314
374
328
315
302
354
340
304
308
357
349
300
302
370
337
313
301
352
337
303
314
358
349
324
302
358
334
311
313
368
342
313
303
366
339
313
302
361
337
304
304
364
348
320
324
366
327
317
312
360
327
300
318
356
350
307
310
349
341
305
314
362
335
319
319
359
331
310
316
360
333
310
325
358
343
317
312
363
361
311
306
364
333
304
308
364
333
322
305
365
324
319
317
365
333
331
309
359
323
312
297
343
351
317
303
356
345
304
299
358
335
311
307
370
332
328
312
369
336
310
304
365
327
314
314
364
326
313
312
362
333
304
311
358
329
304
306
362
326
312
314
367
340
312
307
356
345
317
308
339
336
311
310
354
339
306
317
367
338
314
311
375
352
313
314
366
337
307
314
371
343
309
307
368
336
300
312
348
324
328
308
360
337
309
314
365
328
324
317
359
335
318
305
367
342
320
306
352
335
305
321
352
331
303
304
357
326
318
319
354
344
313
331
358
330
301
312
358
329
311
321
355
334
318
327
361
330
318
314
356
334
320
329
355
347
318
322
358
329
316
310
377
320
326
313
352
328
314
317
360
329
316
302
351
339
325
310
370
340
307
307
357
328
315
315
374
332
319
316
361
345
306
315
369
336
323
323
369
329
321
321
354
339
305
312
358
338
304
296
353
350
342
322
368
339
313
319
363
325
313
302
367
337
319
316
362
345
332
302
358
334
331
312
362
336
310
325
360
337
328
318
364
341
316
306
363
341
320
329
370
342
330
320
369
341
325
334
372
337
323
321
363
332
331
328
350
335
319
328
368
358
322
309
359
337
330
316
366
342
317
306
385
345
327
315
376
344
319
317
394
352
325
330
369
347
335
332
378
348
319
318
377
350
350
323
377
352
341
327
383
336
317
331
390
347
340
325
357
335
338
341
375
348
358
337
371
357
334
330
373
349
339
321
382
357
339
330
382
359
348
334
382
366
355
330
390
361
344
338
382
355
354
333
409
372
348
342
384
369
340
342
392
372
374
354
391
370
344
348
395
378
338
334
396
373
338
348
402
378
351
354
392
375
347
354
390
376
353
357
398
383
363
357
390
383
356
358
400
374
344
347
402
368
342
345
405
389
349
349
412
386
361
354
391
371
370
350
409
381
355
352
399
372
372
360
421
392
366
360
404
400
385
368
428
393
380
373
431
423
391
398
446
425
414
406
426
411
399
401
446
419
396
397
445
416
390
411
470
432
399
389
441
419
387
414
449
417
418
394
467
422
403
391
468
440
418
408
468
412
423
419
467
447
421
420
477
442
426
433
478
459
441
435
478
456
448
427
480
458
429
442
472
460
435
436
471
466
439
442
491
461
444
452
486
491
469
472
516
485
473
472
504
482
469
457
517
472
474
455
505
498
472
475
513
479
469
478
502
495
479
490
524
495
478
482
534
515
499
487
522
517
494
514
539
516
502
489
529
497
472
469
501
480
481
462
501
474
456
459
496
478
460
438
497
485
464
460
509
496
478
478
515
506
492
483
558
510
495
491
552
542
510
519
557
538
530
529
563
548
563
534
591
555
558
534
613
572
550
541
592
545
542
529
559
554
526
496
549
510
506
493
541
537
502
489
530
501
486
506
528
511
496
493
537
526
536
525
562
559
525
554
598
553
554
548
619
577
553
538
587
562
544
545
565
540
525
530
571
549
536
511
554
535
536
526
561
546
537
543
592
583
549
555
596
597
573
558
609
611
577
596
638
645
605
596
642
614
632
600
669
648
605
593
643
613
609
600
624
595
588
586
618
602
576
583
619
592
573
569
629
591
578
594
633
632
598
616
653
622
631
607
662
640
624
632
663
639
610
606
656
636
604
601
630
604
590
579
621
603
582
585
635
605
590
584
632
622
598
600
652
627
623
612
675
640
627
628
693
642
647
658
708
679
645
666
707
703
686
669
721
709
699
682
720
709
693
703
760
721
727
717
769
743
718
708
753
718
704
706
725
716
679
680
733
709
689
682
732
702
672
677
740
727
692
697
740
725
733
705
765
757
747
755
815
784
785
770
822
804
790
786
842
827
803
807
857
816
793
793
852
824
798
810
838
813
802
824
841
844
814
797
825
812
787
781
823
806
782
801
851
811
783
772
821
782
773
773
794
791
757
763
790
785
762
742
765
759
754
741
781
757
729
724
766
737
711
715
774
743
723
708
738
728
725
729
776
766
722
731
772
774
739
757
791
772
766
784
822
812
793
791
846
837
832
823
876
871
859
882
908
878
868
867
906
894
898
884
935
917
896
880
935
914
907
881
919
909
881
890
903
882
853
869
882
849
830
828
869
831
832
808
850
821
802
811
856
839
822
811
858
849
817
837
866
867
854
829
889
876
848
859
877
878
845
855
920
901
858
871
923
904
888
883
923
902
903
890
918
908
893
894
928
914
897
892
916
906
889
885
933
907
899
887
937
915
912
907
949
941
923
904
934
913
890
897
923
890
871
857
907
879
896
849
880
878
839
839
878
875
834
847
872
844
830
832
898
878
854
878
933
907
890
909
967
906
897
903
944
903
908
897
935
902
893
886
935
901
882
890
926
894
874
888
936
894
872
871
904
907
891
896
943
930
909
877
927
881
831
833
848
825
798
775
801
781
761
755
766
771
756
738
768
745
753
724
802
764
757
762
787
782
767
762
793
769
759
731
774
753
720
720
747
717
732
698
762
728
723
721
769
767
755
755
820
782
769
784
818
803
786
772
826
806
789
773
809
795
781
769
795
779
791
774
811
792
771
801
822
817
810
814
839
843
832
833
855
842
833
812
848
827
799
814
853
824
824
805
832
821
815
806
869
839
826
818
863
856
851
858
900
896
896
887
939
902
913
915
959
932
916
910
944
932
916
890
922
906
897
882
907
889
860
879
906
889
862
870
943
905
869
870
908
873
860
849
893
864
856
845
902
874
851
858
885
880
872
864
930
897
891
882
948
926
920
915
959
946
944
927
972
958
961
945
989
945
945
946
976
938
932
931
978
956
961
951
988
979
971
971
1002
979
982
963
1005
1002
969
972
1027
1003
983
970
998
966
947
939
971
966
919
894
923
897
878
857
879
862
817
804
835
803
774
756
803
780
754
748
792
776
759
768
818
808
791
795
868
856
860
850
893
884
879
878
900
906
889
902
933
949
919
915
944
927
901
904
944
920
895
896
922
879
871
852
884
850
852
819
893
837
844
825
848
827
815
811
856
830
819
822
855
845
829
839
880
863
858
862
910
891
860
839
913
862
853
841
861
865
840
827
845
832
802
797
811
796
780
780
823
779
773
771
786
783
757
762
809
784
785
805
794
807
790
780
814
824
819
796
819
821
814
795
839
811
785
787
812
785
785
781
818
795
771
763
820
779
790
785
804
789
751
751
757
758
763
753
765
766
759
770
797
794
778
786
832
814
810
809
864
853
843
848
908
886
884
901
918
908
902
895
937
925
920
899
948
899
898
883
914
914
881
886
895
869
850
848
892
864
854
839
898
854
847
833
868
866
842
845
901
872
881
893
904
899
897
883
944
915
898
905
945
908
886
880
916
870
859
826
862
841
815
811
847
817
802
816
879
842
831
850
882
886
863
884
919
920
933
939
979
968
958
963
1015
992
984
965
1016
1001
994
1005
1013
1010
994
1007
1039
1030
1021
1018
1064
1036
1025
1013
1032
1053
1035
1034
1074
1083
1031
1037
1085
1046
1020
1027
1075
1071
1047
1047
1091
1077
1040
1045
1081
1065
1035
1040
1077
1061
1019
1013
1048
1023
990
989
1028
1003
1017
973
1050
1007
963
954
1002
969
967
959
1004
982
977
979
997
989
1006
967
987
960
966
918
944
925
916
899
935
913
885
870
877
854
811
817
834
794
770
764
797
781
768
759
794
801
789
786
820
795
795
791
810
814
827
809
861
830
819
824
817
798
781
757
782
759
743
735
756
729
717
690
723
673
658
664
681
664
659
651
698
657
653
663
725
707
692
701
721
730
719
723
782
766
765
770
819
824
826
816
873
861
845
834
882
869
849
856
903
895
878
886
910
897
884
864
901
876
875
865
906
855
832
828
849
816
820
805
839
807
771
767
771
758
744
738
772
762
729
728
777
761
744
728
778
767
736
750
793
776
776
770
814
802
782
765
784
793
763
755
789
769
763
756
793
773
757
758
793
766
779
774
791
803
785
801
859
861
865
878
918
918
903
899
937
929
913
892
935
916
886
881
908
888
869
849
863
848
847
808
834
823
817
814
855
850
828
834
875
889
885
895
944
924
922
918
956
959
951
954
975
973
934
931
960
946
933
911
952
931
896
889
916
896
877
864
909
894
881
881
912
918
925
918
951
944
972
952
1004
1014
1012
1007
1065
1045
1030
1068
1116
1084
1084
1079
1134
1108
1129
1082
1128
1117
1116
1103
1140
1107
1102
1092
1131
1118
1097
1096
1134
1112
1102
1066
1114
1100
1074
1054
1094
1086
1033
1049
1086
1065
1061
1046
1097
1071
1067
1056
1115
1065
1064
1057
1081
1089
1063
1059
1080
1083
1056
1032
1061
1046
1021
998
1020
1022
999
988
998
979
982
978
994
971
957
947
1009
967
956
946
968
954
942
953
956
951
941
926
959
953
949
955
982
973
966
947
996
993
972
977
999
1008
984
990
1040
1000
995
1000
1037
1018
991
992
1045
1008
998
990
1030
1019
999
1000
1027
1004
969
964
1002
968
949
940
964
937
909
894
905
878
852
836
874
851
831
821
851
845
842
839
871
870
867
875
943
945
917
918
958
968
962
954
988
993
958
954
984
945
935
913
920
876
872
849
851
846
809
787
813
787
795
785
814
795
802
794
820
807
806
808
870
882
852
842
905
889
894
887
902
879
863
856
869
854
824
796
806
794
760
764
772
747
726
701
728
713
717
703
747
728
750
742
777
770
767
776
814
817
815
825
866
845
844
815
883
837
815
812
822
797
763
756
774
750
721
721
749
728
725
731
764
766
766
792
857
830
837
873
922
895
908
922
954
957
949
948
986
963
946
935
994
948
936
910
964
917
908
907
901
910
894
888
918
908
910
897
955
929
919
943
958
965
936
929
986
942
939
933
1006
985
979
984
1012
1023
1000
1005
1042
1043
1051
1047
1103
1091
1091
1082
1126
1124
1110
1133
1169
1152
1151
1140
1193
1184
1150
1160
1196
1186
1200
1190
1236
1211
1209
1195
1238
1208
1200
1176
1200
1176
1163
1137
1141
1118
1097
1069
1115
1082
1103
1053
1076
1057
1016
1024
1023
1016
1002
1005
1023
1008
997
988
1009
975
968
955
989
960
944
950
964
938
936
946
983
954
960
967
1007
1010
1001
1013
1052
1048
1027
1048
1091
1090
1080
1076
1099
1102
1094
1097
1102
1116
1106
1090
1112
1099
1071
1075
1089
1065
1046
1038
1050
1043
1005
1006
1186
992
948
968
991
951
932
907
913
898
861
846
870
848
841
820
864
839
834
805
840
840
818
789
815
784
759
757
764
762
719
730
765
740
733
726
745
723
695
698
710
698
682
670
704
687
669
673
701
701
674
680
713
685
669
663
713
703
663
653
691
659
654
654
725
698
691
681
712
739
741
729
757
765
757
747
814
810
826
811
872
860
838
854
890
863
840
856
880
870
859
826
873
867
851
843
888
842
829
818
861
836
809
811
849
829
809
787
807
795
762
746
772
749
738
750
783
775
751
759
787
791
768
787
814
803
804
817
830
846
834
829
894
871
849
842
852
822
807
805
828
788
775
760
805
807
771
778
817
812
796
795
820
822
795
799
831
831
821
809
872
834
827
836
837
826
817
811
837
825
821
802
830
811
787
788
830
827
800
792
830
818
795
775
814
810
804
802
846
857
838
815
856
849
854
854
946
911
899
893
953
925
934
946
997
973
986
966
1020
994
972
965
1011
1013
991
964
1009
1000
976
975
1014
986
977
984
995
951
941
961
978
978
959
961
989
969
982
988
1017
1004
989
1010
1044
1046
1044
1027
1076
1064
1079
1071
1089
1103
1085
1092
1117
1110
1083
1084
1105
1084
1065
1060
1090
1048
1020
1022
1055
1012
991
975
1043
986
971
963
980
954
943
928
951
949
909
889
910
893
853
845
897
832
802
776
808
773
731
697
734
678
651
621
629
616
575
558
582
576
538
543
612
564
553
567
596
600
599
604
669
671
652
683
717
736
713
723
767
768
783
763
814
814
810
811
868
877
849
839
887
871
866
864
900
921
912
913
936
949
931
935
962
961
946
937
984
962
949
935
979
975
946
930
961
956
923
925
939
922
912
889
927
887
870
846
872
844
805
800
824
806
757
746
750
751
678
677
683
639
614
588
615
576
567
564
563
573
554
528
580
549
559
547
584
587
571
600
613
635
657
651
698
708
702
716
767
787
770
788
821
822
822
826
883
868
866
846
905
897
895
872
905
915
871
890
911
896
891
871
930
910
878
900
921
904
910
898
927
922
900
896
962
917
931
910
948
935
915
930
959
929
891
906
925
906
892
907
940
934
898
897
934
919
901
904
945
944
931
909
942
926
928
904
939
924
916
898
925
902
894
900
924
908
887
906
919
916
916
907
910
923
905
911
962
949
942
928
983
958
946
932
973
958
954
930
965
948
936
948
957
946
943
949
966
955
954
937
972
955
937
939
968
951
950
942
986
979
946
949
991
968
958
952
971
963
953
937
977
947
933
916
948
930
914
895
913
911
891
879
908
915
877
902
909
918
909
914
945
943
928
931
974
963
952
973
992
969
986
975
1007
977
939
931
968
919
890
895
916
904
873
870
909
918
888
895
927
927
896
903
919
914
904
903
979
962
961
953
1001
951
955
935
968
953
917
916
943
913
896
913
928
919
899
916
939
918
899
897
929
891
895
885
900
885
881
884
903
914
872
870
907
880
865
862
910
875
881
878
912
903
903
892
942
921
899
884
930
916
931
894
947
910
885
865
905
887
867
854
882
893
863
859
905
888
878
854
923
902
869
884
895
886
884
875
908
898
878
896
933
916
884
893
933
915
897
894
941
915
903
908
933
913
896
890
944
908
921
885
925
901
880
874
903
866
857
836
888
872
822
824
853
831
801
785
820
779
753
737
786
762
720
730
768
745
732
722
761
747
734
742
782
757
744
737
784
783
762
776
813
799
783
783
804
796
778
783
827
803
780
774
833
801
793
782
821
788
784
787
824
786
776
790
823
783
777
759
823
772
764
758
806
768
751
748
776
766
750
734
793
754
729
732
761
729
732
748
766
741
709
710
736
735
701
689
750
703
686
677
720
702
682
685
720
704
690
669
716
712
688
696
705
697
675
696
725
710
707
691
732
724
686
683
716
693
677
671
720
682
667
657
696
681
652
662
705
685
661
646
694
665
656
655
677
685
670
655
677
679
631
661
675
654
631
644
689
644
645
636
678
652
620
654
672
658
638
628
673
660
642
641
671
680
651
650
704
667
673
646
676
668
640
655
708
682
626
648
692
667
649
624
682
649
629
629
672
642
650
609
639
617
604
610
639
628
624
592
649
610
614
600
627
622
599
597
633
622
622
601
646
616
612
606
646
638
601
614
648
632
600
596
629
619
609
598
637
616
585
580
649
620
592
608
632
617
626
605
638
619
613
612
641
632
607
598
655
649
608
604
680
623
595
594
666
606
600
598
638
593
565
585
625
606
583
593
623
604
604
623
637
632
607
484
257
257
257
257
257
257
258
257
687
663
258
259
257
0
0

