;UFOS3
;Measurement details: channel = Z, date = 28.08.2020, time = 11:20:50
Exposure=1100
Gain=0
Temperature=21.4
Accummulate=4
2.2707020236619995 mu
2.3052593041818805 amas
25.76 hs
0 ozone
0 uva
0 uvb
0 uve
[Value]
0
256
256
256
256
257
256
255
346
325
285
280
352
316
281
291
353
314
291
286
358
324
309
292
364
331
299
305
363
362
321
307
343
341
299
297
389
346
306
301
349
333
303
307
372
338
315
295
372
341
297
301
371
334
314
304
375
330
313
318
374
330
293
323
365
326
308
310
360
328
305
295
369
329
309
296
362
339
303
308
372
329
315
298
350
325
305
309
369
321
310
304
370
337
295
299
375
329
298
299
343
341
299
295
378
331
308
296
353
334
311
296
363
340
301
313
351
330
311
299
360
332
312
295
357
349
314
312
354
331
312
301
371
339
313
302
367
325
306
296
363
339
309
303
358
341
293
316
370
326
296
301
363
325
317
304
365
334
302
305
389
332
305
305
349
334
310
310
357
327
304
298
371
332
310
301
379
333
308
304
377
326
302
301
356
336
297
300
363
334
307
311
378
338
308
314
357
329
304
295
373
323
304
297
366
339
296
294
365
333
293
308
366
340
311
315
360
323
319
300
380
341
302
310
342
330
307
300
339
334
297
310
375
327
304
303
353
336
309
303
357
340
305
293
355
317
312
305
360
320
314
302
363
327
305
295
349
330
307
299
344
326
314
292
366
316
313
300
361
326
297
308
378
322
299
319
374
334
310
298
365
319
297
314
359
328
297
314
360
337
313
308
381
326
303
317
361
339
306
309
347
332
309
307
354
327
315
303
366
328
298
304
363
341
320
299
375
318
315
301
361
327
293
317
355
332
303
299
363
330
320
313
356
333
318
304
381
337
317
312
370
330
303
298
360
357
303
291
349
325
320
297
352
338
305
318
371
324
298
311
367
327
316
295
356
321
311
303
367
331
306
310
350
333
312
309
367
338
310
293
362
324
307
308
360
322
309
299
358
310
314
299
351
340
315
302
370
334
311
312
371
323
309
298
352
336
299
304
353
345
296
298
365
333
310
296
349
334
300
309
355
343
319
299
353
330
306
311
363
337
307
301
363
335
309
298
360
332
299
299
359
343
314
319
360
325
314
309
356
323
296
317
351
345
302
308
346
335
300
309
357
331
314
315
355
325
308
309
359
329
307
322
352
339
313
307
361
356
306
301
360
329
302
303
360
328
319
298
361
318
316
310
362
328
326
303
359
318
307
293
339
347
311
301
354
341
301
295
354
328
306
301
364
330
323
309
361
331
308
300
361
321
310
310
362
322
311
309
357
326
301
305
353
326
298
303
357
326
309
310
362
335
308
305
351
339
311
305
339
333
309
308
349
334
303
311
365
336
310
307
369
346
306
311
361
331
304
309
368
341
305
302
364
335
297
305
343
321
321
304
357
332
306
307
359
321
319
310
352
332
314
301
361
337
315
303
348
330
300
315
349
327
300
301
353
323
314
312
347
338
309
322
354
325
295
306
353
324
309
315
352
330
310
322
355
328
316
310
353
329
313
324
352
344
313
317
354
326
312
305
373
317
322
310
347
327
311
312
354
325
312
298
346
335
320
307
367
336
303
302
354
324
310
311
367
328
315
311
356
342
302
313
364
332
321
317
362
327
317
315
349
335
302
307
352
331
299
294
353
345
334
318
363
334
306
314
359
322
308
298
364
334
312
307
358
339
326
297
353
330
326
309
354
332
304
322
355
333
323
313
357
335
312
304
358
338
318
321
363
335
326
313
364
336
321
325
366
334
318
316
356
327
327
321
347
331
316
322
363
353
319
305
353
332
325
309
363
335
310
301
379
340
323
311
369
339
314
309
387
345
320
324
365
338
331
326
373
342
313
313
371
343
342
317
372
344
332
321
377
332
314
323
383
341
333
320
351
332
331
335
369
343
352
330
363
349
332
325
370
339
331
315
374
350
332
324
374
352
343
327
375
358
344
327
382
357
339
328
374
346
349
328
402
366
345
336
375
358
332
335
385
362
366
345
384
359
338
340
386
369
331
328
385
365
331
342
396
370
343
345
386
368
335
344
383
369
344
352
391
374
354
346
383
372
349
348
395
367
335
338
395
359
335
339
395
378
340
340
403
374
353
343
384
361
365
343
403
374
345
345
392
364
362
355
410
382
360
350
396
389
375
357
417
385
369
362
418
414
380
388
435
414
404
381
416
399
389
390
436
406
389
386
433
407
377
395
458
420
385
378
429
411
372
404
439
407
401
386
456
410
393
383
454
430
408
396
454
405
412
405
457
436
406
405
466
429
415
416
468
444
431
422
463
441
436
414
466
448
419
432
458
448
422
420
456
451
424
429
478
449
426
436
470
477
452
453
501
466
460
453
490
467
452
444
504
461
462
442
494
483
458
463
500
461
453
460
488
485
465
473
508
478
462
465
519
497
482
472
501
505
475
499
521
502
487
475
516
487
454
454
488
467
463
450
485
462
442
446
486
463
446
427
479
472
451
448
496
484
462
462
503
490
473
465
537
494
478
475
534
525
490
506
539
522
513
512
543
529
537
515
574
540
537
515
591
550
533
517
577
526
525
510
540
537
510
480
536
495
492
479
526
524
482
470
518
483
471
490
510
495
484
479
521
510
516
508
545
537
508
534
586
534
536
529
601
560
537
521
568
547
524
528
545
527
505
510
553
539
519
497
542
514
517
510
544
525
517
526
574
565
530
537
575
575
553
539
591
586
560
575
612
621
586
573
619
595
607
577
647
622
584
574
625
594
588
580
607
579
569
564
601
582
563
565
599
573
551
551
607
572
553
571
612
610
580
598
634
604
606
591
641
617
603
609
641
617
594
585
632
616
585
582
608
587
572
560
604
578
562
560
613
585
571
568
609
604
572
576
630
604
599
593
647
616
601
604
669
624
623
633
685
650
623
635
675
677
654
645
695
686
665
657
695
682
668
677
730
695
696
688
743
716
692
684
726
687
683
686
700
692
653
656
706
680
664
654
701
682
652
645
707
696
666
670
712
695
705
678
745
726
721
724
782
756
748
736
790
773
759
752
811
793
777
777
819
787
759
759
817
791
767
777
807
779
768
790
810
814
791
771
793
781
761
754
793
776
751
762
822
776
748
746
790
755
740
745
763
760
723
741
761
756
732
711
744
729
725
721
754
728
700
696
740
713
687
685
743
708
694
688
715
699
697
696
747
736
694
699
747
741
710
728
761
745
734
747
790
779
761
762
816
801
796
790
839
834
821
841
869
844
834
827
867
861
860
844
892
883
856
847
896
877
866
840
884
875
841
857
876
847
820
830
841
816
800
795
832
802
799
776
813
789
776
776
818
805
790
776
816
817
781
803
830
830
819
803
852
840
816
824
839
842
813
819
886
862
824
840
889
866
849
847
891
869
865
853
881
871
855
860
891
874
865
853
877
870
850
853
894
870
866
851
903
876
872
870
912
903
887
869
903
882
857
859
883
859
832
826
868
836
857
815
852
844
802
814
847
832
797
819
845
805
788
796
852
844
819
840
897
868
853
869
924
872
863
868
908
866
869
854
894
864
855
845
897
860
846
850
893
860
840
848
906
866
833
834
865
871
857
853
908
889
870
839
903
846
798
801
820
792
771
750
772
759
731
725
737
749
727
706
743
713
730
701
766
739
731
727
760
751
735
734
765
738
731
702
746
724
700
689
720
692
701
664
733
700
694
694
739
734
729
727
793
750
741
754
785
765
755
740
789
775
760
743
779
764
757
742
763
750
762
741
784
765
745
765
787
789
774
782
809
812
798
796
819
809
808
780
819
795
764
778
817
792
789
770
801
787
781
772
835
804
787
781
827
822
817
821
858
857
852
845
905
864
875
879
919
893
875
868
898
897
877
850
879
868
858
841
873
852
821
839
869
854
829
834
902
866
836
835
867
840
827
808
859
830
816
813
862
841
818
820
847
836
836
829
890
858
854
840
903
887
874
877
913
900
903
885
929
912
918
896
944
904
903
904
936
893
881
886
939
910
917
901
946
933
928
928
966
936
934
927
958
957
923
930
981
956
939
931
957
924
915
890
925
927
879
855
888
857
839
821
837
818
785
771
799
768
746
728
771
746
724
717
766
740
728
735
775
771
764
759
829
812
815
808
857
845
843
839
857
861
854
863
892
902
872
873
904
886
862
864
903
874
856
856
882
844
838
817
848
815
816
788
854
801
810
790
819
791
779
779
821
797
783
785
820
811
797
799
842
819
823
820
872
852
823
806
875
826
810
808
829
826
802
791
814
796
766
768
783
759
747
742
788
749
742
743
750
750
722
736
773
750
752
767
763
775
756
747
782
786
784
765
785
784
775
758
808
775
758
756
779
751
753
742
784
761
740
728
783
747
761
755
765
751
720
719
726
728
734
723
733
738
727
731
765
758
742
755
798
783
772
771
825
813
795
805
865
836
846
860
879
862
860
854
898
881
875
857
903
861
851
840
878
867
836
847
854
830
811
810
851
832
817
806
851
817
809
793
835
825
801
805
859
825
837
849
862
856
851
841
899
880
855
863
897
867
845
840
878
832
823
784
830
800
778
776
815
778
765
779
840
799
796
809
842
846
825
843
876
869
883
890
927
922
906
918
960
943
935
916
967
950
947
951
970
960
940
952
986
973
974
965
1008
986
974
954
980
1001
982
979
1016
1027
979
979
1031
986
968
972
1022
1010
987
995
1041
1021
989
994
1025
1013
983
992
1029
1013
967
964
991
972
945
939
981
944
967
927
998
957
911
905
952
920
918
910
949
926
920
931
949
940
958
918
936
911
921
873
900
878
873
851
892
869
837
825
843
818
776
777
799
755
741
731
765
753
735
729
756
762
752
745
786
758
760
750
770
776
791
772
823
786
783
786
779
761
743
729
751
724
715
706
723
702
684
664
691
653
636
634
658
636
630
619
674
634
622
634
693
674
660
669
690
697
685
694
744
728
728
734
785
785
785
776
832
818
803
794
836
823
806
811
865
847
826
839
866
854
838
818
857
832
830
821
862
818
793
784
809
782
779
765
796
768
742
731
740
724
706
705
734
727
695
694
741
722
705
695
743
737
704
716
753
739
735
732
771
762
738
728
753
754
729
715
756
730
727
722
761
733
720
722
761
730
740
734
756
765
745
759
816
815
819
823
872
872
857
855
895
886
858
846
886
872
845
834
861
843
825
804
826
806
803
772
792
781
776
773
811
803
785
789
828
844
835
838
890
873
871
866
909
907
900
900
919
920
893
882
910
900
886
866
902
877
855
840
867
855
836
822
861
850
838
830
857
873
876
867
895
890
916
891
951
955
958
948
1005
988
975
1001
1049
1016
1028
1020
1075
1039
1066
1018
1063
1047
1046
1039
1081
1041
1043
1023
1072
1050
1030
1041
1069
1047
1044
1009
1048
1036
1021
1003
1034
1027
973
986
1027
1008
1000
987
1034
1016
1004
1003
1056
1006
1011
1002
1022
1023
1000
1000
1020
1023
989
971
1006
987
968
943
962
959
948
937
942
923
926
924
936
920
910
893
961
915
911
897
921
900
893
899
905
897
885
876
911
907
895
902
932
925
913
893
945
931
911
921
946
955
930
933
986
945
939
944
975
965
933
936
983
954
941
934
973
962
942
948
964
952
914
911
949
917
900
882
912
891
862
844
862
834
809
786
836
814
784
782
805
799
792
793
829
817
819
824
889
896
864
860
912
912
910
899
929
937
909
906
929
893
888
866
873
830
824
804
811
802
766
740
774
747
750
741
769
760
760
752
776
765
759
762
821
837
806
797
855
838
837
840
855
833
816
807
828
811
781
753
764
758
722
724
735
712
685
670
702
677
681
666
712
692
703
706
742
728
734
733
774
772
767
780
816
798
795
764
846
794
770
771
780
759
725
718
737
716
686
683
711
688
684
694
730
726
725
750
811
786
785
822
871
847
851
865
899
901
897
893
933
911
888
884
940
899
879
854
910
869
858
857
854
856
837
831
867
859
854
842
898
876
864
887
905
904
880
870
926
890
881
876
944
926
915
923
954
956
937
940
980
978
979
978
1043
1017
1021
1016
1058
1055
1039
1054
1088
1075
1076
1065
1108
1108
1079
1088
1121
1116
1115
1111
1159
1133
1133
1117
1162
1135
1130
1102
1122
1110
1091
1066
1070
1051
1035
1006
1045
1020
1031
991
1010
993
955
957
956
956
937
941
961
950
932
926
954
912
903
902
937
903
896
892
905
881
880
890
931
894
902
907
940
945
938
946
983
985
960
979
1020
1027
1014
1007
1036
1029
1020
1022
1035
1043
1037
1016
1042
1027
1004
1006
1022
1001
988
972
993
981
943
948
1122
932
895
918
930
897
879
850
864
851
814
804
823
809
792
770
813
794
791
763
794
795
773
749
778
745
727
714
726
719
686
690
728
700
686
683
704
686
662
664
678
661
647
633
664
653
631
636
663
665
644
643
678
652
631
631
681
670
632
620
658
627
618
618
684
660
661
649
682
702
699
689
716
719
717
701
770
760
774
761
816
808
787
805
837
815
793
805
830
821
804
776
821
810
799
791
839
790
778
771
811
791
762
766
803
786
760
743
766
755
721
708
733
707
698
707
742
727
711
715
743
746
725
741
768
758
755
764
787
792
782
782
835
810
801
783
802
780
759
757
784
744
725
713
762
757
726
731
770
767
750
748
778
771
747
753
776
775
771
757
822
790
775
779
787
778
766
764
789
778
772
755
780
763
745
745
780
774
753
745
783
769
749
735
766
765
753
752
793
801
785
765
807
794
804
803
884
855
835
833
889
870
876
885
929
902
920
903
956
922
909
905
952
950
925
896
945
939
911
912
954
922
911
917
935
892
879
903
915
912
908
897
924
904
917
926
949
934
919
943
971
982
973
963
1004
989
1004
994
1015
1024
1007
1016
1040
1034
1009
1003
1025
1017
999
977
1009
983
954
956
980
938
925
910
974
923
904
900
921
894
884
862
895
891
845
832
854
836
797
789
840
780
756
738
765
734
689
662
696
641
619
593
600
586
548
535
557
553
515
518
562
534
523
540
568
571
568
577
632
630
613
636
678
689
666
681
724
722
733
719
766
765
752
758
815
821
790
779
825
819
801
809
848
864
850
857
885
892
867
871
899
899
876
873
922
894
881
876
913
911
879
868
900
897
859
862
877
858
855
835
866
834
819
801
822
790
753
751
776
763
720
704
709
709
644
640
653
606
584
560
583
545
539
540
540
548
535
508
552
523
534
518
552
558
540
568
578
601
621
619
663
666
662
671
722
736
720
729
770
767
770
771
823
812
807
790
841
839
830
812
839
854
810
828
851
833
832
815
862
856
822
837
860
836
852
839
868
860
837
833
898
857
867
846
879
875
852
867
898
867
834
849
866
851
829
848
881
867
837
841
871
862
841
842
881
875
865
849
881
862
864
843
873
865
849
838
860
839
832
836
859
847
828
844
857
860
851
845
854
862
843
846
903
884
875
863
916
894
878
865
913
890
885
869
896
886
869
879
891
885
882
882
900
882
886
873
908
897
873
872
901
884
874
880
918
907
880
884
916
900
892
890
904
902
887
871
906
874
867
856
881
869
859
830
855
846
827
814
846
850
810
844
848
858
849
857
878
874
864
859
900
893
884
906
924
901
910
902
941
914
872
865
901
855
834
828
852
844
820
809
852
851
829
828
861
858
835
841
856
853
836
836
907
895
893
880
929
884
886
875
904
885
846
851
880
844
833
848
869
848
829
846
874
859
832
833
865
827
827
819
841
831
814
824
838
857
810
807
844
822
802
805
852
813
816
816
848
840
836
823
878
854
839
822
862
856
873
835
888
852
829
799
845
827
805
797
827
824
798
805
842
823
820
800
863
842
811
824
829
823
820
814
843
835
813
835
872
859
820
828
869
855
830
831
880
847
840
838
869
847
829
824
885
848
853
820
866
842
824
811
842
811
799
778
830
815
773
769
795
777
752
738
769
732
709
691
743
713
674
683
723
698
678
675
715
702
686
694
731
704
692
690
736
734
706
724
761
742
726
724
748
748
721
736
765
746
725
730
777
746
733
730
768
735
734
731
769
735
732
730
768
732
728
706
775
722
713
710
755
716
705
699
728
719
701
682
746
705
681
684
712
685
684
697
718
698
656
667
696
688
647
646
700
660
644
636
677
660
642
643
672
662
645
624
670
669
646
652
665
652
637
651
680
665
661
645
690
683
642
640
673
650
639
630
675
642
626
616
652
647
612
623
666
646
617
607
652
629
613
614
636
645
625
612
637
639
593
617
639
615
597
600
652
603
610
602
641
614
585
614
636
622
603
590
634
617
602
602
636
639
606
611
660
627
631
609
638
623
599
614
664
644
590
607
648
625
607
585
644
615
590
586
633
601
605
571
608
578
569
576
603
593
591
555
613
574
576
566
589
586
564
560
599
584
580
568
612
583
577
572
609
602
564
578
606
593
561
559
595
579
573
562
596
578
553
550
612
583
559
573
589
578
586
566
604
580
578
571
606
594
569
558
618
610
570
571
647
583
559
559
627
575
568
560
607
559
536
548
593
570
552
555
585
564
563
587
595
592
571
462
256
256
256
255
255
255
257
255
650
618
255
257
257
0
0

