;UFOS3
;Measurement details: channel = D, date = 28.08.2020, time = 11:21:03
Exposure=1100
Gain=0
Temperature=21.3
Accummulate=4
2.2721569686025975 mu
2.306797691044572 amas
25.741 hs
0 ozone
0 uva
0 uvb
0 uve
[Value]
0
258
255
257
256
256
255
255
341
324
282
275
349
311
276
287
351
311
286
283
355
321
307
285
359
328
294
297
359
358
318
302
338
336
295
291
387
342
301
297
346
327
300
301
369
335
312
291
368
338
292
298
367
331
310
301
372
327
306
317
367
323
288
323
364
326
300
305
357
327
301
291
363
324
303
290
357
334
299
304
367
322
311
291
342
317
301
307
363
318
302
299
366
334
291
295
370
326
293
294
337
336
295
293
373
324
305
292
348
331
307
293
356
336
297
310
345
326
306
297
355
326
308
290
354
348
308
308
350
326
305
295
367
335
308
297
363
320
304
290
360
333
306
299
354
337
289
312
365
321
294
297
360
321
312
300
359
332
297
304
385
326
300
302
341
332
306
303
353
325
300
296
367
328
308
295
377
332
301
298
375
322
298
296
353
330
293
294
363
332
303
306
374
333
302
312
354
325
300
288
368
318
301
292
363
335
292
291
359
328
290
303
361
339
309
310
357
318
314
295
376
337
301
308
340
328
300
298
336
330
293
301
372
325
300
299
349
332
308
299
348
336
298
287
347
312
303
302
353
316
309
297
358
323
301
289
344
327
302
295
338
322
309
288
365
312
308
294
356
322
289
304
374
317
296
315
369
331
306
292
360
311
292
309
354
324
292
308
355
335
311
303
376
321
298
313
358
333
303
301
341
330
300
301
351
325
310
299
361
323
294
300
359
337
315
296
369
316
312
297
356
324
291
313
349
325
296
296
356
326
315
308
352
329
312
299
378
331
314
308
364
327
299
294
355
352
297
286
344
320
316
291
350
336
300
314
367
318
293
308
363
321
310
291
349
317
306
299
363
328
301
305
346
330
306
304
363
333
306
287
357
319
301
305
356
317
306
293
355
307
310
294
345
335
309
298
365
329
307
309
365
317
304
292
346
330
294
299
349
343
290
294
361
328
303
293
345
332
295
304
349
341
316
292
349
324
302
306
359
333
304
295
359
329
302
294
352
330
295
298
353
341
311
315
358
319
311
304
351
319
288
310
343
341
298
303
337
333
295
305
349
328
309
311
353
323
301
305
352
325
303
319
348
335
309
306
353
354
304
298
356
322
296
300
354
323
314
294
356
313
310
305
358
322
324
299
352
313
301
288
333
344
306
296
349
337
296
291
349
324
303
298
361
325
318
306
358
327
301
294
355
319
306
302
355
320
304
301
350
323
299
302
348
319
294
298
353
320
305
306
357
330
302
299
346
333
308
300
333
329
305
301
342
332
296
311
358
333
306
302
367
340
301
305
356
326
299
305
363
337
296
298
359
328
291
303
340
314
318
297
352
328
301
305
356
316
313
305
350
325
309
295
356
332
312
300
341
325
294
312
344
323
295
295
348
316
305
306
343
334
303
319
348
322
292
304
349
320
303
311
345
325
307
319
353
321
310
304
346
321
310
320
345
338
307
313
351
324
307
300
366
309
316
302
342
319
304
306
349
319
305
293
344
329
314
300
363
330
296
297
350
317
304
304
364
323
309
306
353
338
295
306
357
328
313
311
355
321
309
307
340
329
295
301
345
325
292
285
347
339
328
313
356
328
302
308
350
314
302
289
355
327
307
302
350
331
319
290
344
320
319
302
346
325
297
312
346
323
315
307
348
326
303
296
349
328
308
312
352
326
316
304
354
327
310
315
357
321
306
305
346
314
315
311
336
319
305
310
352
340
307
293
342
319
313
296
350
324
298
288
364
325
309
295
358
326
298
292
368
329
304
307
349
321
313
308
354
324
294
294
351
323
323
298
351
325
313
301
355
311
294
305
364
322
312
300
330
311
310
315
348
322
330
309
344
328
307
302
345
322
309
292
349
328
307
299
348
326
318
301
348
333
317
296
351
327
308
297
341
315
316
292
366
327
309
301
340
323
298
299
350
328
328
307
349
325
303
303
349
331
295
290
348
326
294
300
357
331
306
307
346
329
300
306
344
329
305
310
350
336
314
308
342
333
311
312
357
329
300
300
355
322
297
298
356
338
299
301
364
335
310
301
342
319
321
299
356
332
303
298
345
320
316
304
360
331
307
298
341
332
314
297
353
318
304
292
346
337
304
311
358
334
322
304
334
318
305
306
350
323
302
300
353
323
294
310
373
336
305
293
343
327
292
319
352
323
318
301
367
325
305
293
361
338
312
303
358
307
308
303
352
331
304
299
357
318
306
304
351
328
312
303
347
324
319
297
348
327
300
313
337
330
305
302
336
331
302
304
347
320
300
305
336
338
315
310
356
325
312
308
341
321
308
298
357
315
315
298
350
337
316
322
356
319
309
316
340
335
316
322
350
323
304
302
346
325
310
298
334
327
304
322
348
330
317
306
352
326
302
299
336
320
317
307
347
323
308
312
350
325
312
290
343
330
309
303
347
329
307
303
337
321
306
294
361
316
301
291
344
331
300
305
341
321
309
302
337
321
326
303
354
320
320
299
369
333
314
305
357
315
316
305
339
338
320
293
350
314
312
305
350
347
312
300
346
315
303
316
342
325
306
300
338
322
324
308
342
328
297
317
361
317
316
309
379
339
318
306
354
330
313
317
339
320
308
308
348
334
319
297
340
316
317
305
336
317
305
305
349
338
304
303
337
334
308
295
336
325
298
308
345
348
314
299
341
314
320
295
355
335
300
292
342
318
311
309
339
315
309
305
341
328
311
312
348
325
303
299
348
314
296
306
342
334
298
316
348
315
320
300
350
325
308
310
345
322
300
298
344
329
302
303
337
319
306
298
345
322
308
306
353
325
304
300
342
334
309
309
358
329
318
308
361
328
308
307
359
312
308
309
360
325
295
307
342
337
314
302
344
329
313
298
329
313
302
307
350
315
312
305
356
331
309
304
346
312
311
313
332
328
297
300
350
330
313
304
349
332
306
303
361
340
314
312
343
321
328
298
344
332
312
313
363
328
320
299
346
329
310
298
346
328
306
309
353
322
303
302
352
326
304
311
340
318
305
325
343
343
321
309
336
326
307
304
340
329
304
314
369
326
305
300
347
316
308
313
337
332
303
316
344
339
322
304
334
324
320
313
349
333
306
307
343
321
298
301
354
324
309
301
328
318
317
312
359
346
305
308
345
337
305
317
340
320
308
313
350
334
310
298
344
325
311
297
338
325
311
319
341
319
306
303
338
321
315
300
341
332
303
298
345
333
324
304
339
332
304
321
342
325
308
325
340
321
307
306
350
319
325
309
345
317
304
297
339
323
312
301
339
331
300
315
339
333
319
302
349
335
312
312
328
327
298
302
358
340
297
306
350
328
310
308
346
326
318
310
335
324
309
305
345
327
312
306
331
321
308
304
349
328
316
306
347
330
318
307
343
333
321
307
341
326
310
317
343
322
305
300
348
321
338
298
332
328
295
308
341
330
295
317
343
314
302
299
348
331
302
313
357
325
308
316
368
316
307
311
352
319
323
312
353
327
314
305
353
321
313
314
356
325
312
319
360
326
298
296
324
324
308
302
348
333
317
302
357
323
298
308
339
326
317
306
335
326
307
309
326
333
321
304
334
315
327
296
354
322
314
310
335
322
310
305
339
317
317
298
341
329
310
308
345
321
329
297
354
317
309
302
334
323
309
304
355
316
306
318
350
330
314
297
343
327
313
301
332
321
312
304
328
315
323
302
340
317
294
311
329
322
308
303
320
321
311
306
332
322
317
301
337
319
295
307
352
328
328
311
336
322
314
301
359
329
312
300
339
325
309
307
335
324
313
302
347
308
311
311
345
325
310
305
333
333
319
296
330
321
315
305
338
321
304
315
344
323
302
304
369
332
307
309
342
316
312
300
347
317
309
299
344
326
304
306
324
315
308
295
344
313
309
291
337
319
303
299
328
311
310
296
331
311
318
303
343
306
312
314
344
312
300
298
345
318
316
299
332
321
312
306
335
315
318
306
336
338
303
307
349
331
315
305
340
314
311
300
338
345
315
300
341
324
314
308
332
322
303
304
340
323
308
297
341
326
309
303
340
323
308
310
347
330
309
293
345
317
314
295
334
323
313
305
322
322
305
309
332
340
310
306
337
319
301
307
347
325
310
315
345
319
320
307
343
315
319
293
356
314
326
309
340
316
305
306
346
322
307
309
338
320
306
305
342
314
310
306
348
331
306
293
357
319
311
305
324
328
313
304
332
326
306
309
334
317
310
308
356
318
315
315
330
324
297
304
339
316
314
327
321
327
307
298
330
327
327
306
325
320
315
298
343
319
304
302
332
314
315
307
345
326
309
300
347
317
325
321
338
324
301
306
318
319
331
320
327
327
309
310
332
322
301
306
340
315
306
299
341
322
300
305
346
318
315
325
336
318
312
307
338
328
325
303
346
310
308
301
335
330
303
309
330
312
297
299
339
327
317
309
355
322
319
300
335
326
299
300
346
305
313
316
331
321
315
303
352
325
308
310
349
319
305
301
347
314
317
297
340
323
307
305
338
303
295
298
352
309
299
304
329
329
301
316
338
320
319
318
345
326
305
306
349
324
317
302
342
328
318
315
327
319
299
305
335
318
316
305
345
326
310
302
316
330
314
306
340
346
299
305
348
311
298
300
344
337
307
311
344
329
302
301
337
323
304
312
355
340
308
306
337
322
302
294
334
312
327
300
372
336
303
305
348
319
319
309
344
329
314
314
328
319
327
306
329
316
332
298
328
318
315
301
343
326
312
311
336
325
299
310
340
317
306
302
335
324
308
299
329
324
309
302
339
313
312
299
319
317
326
307
346
318
317
325
331
321
312
306
336
314
313
313
338
321
321
309
343
316
305
313
338
318
315
308
356
317
305
305
351
325
305
308
319
323
306
298
340
322
309
304
342
333
323
303
348
332
309
301
334
316
298
296
342
325
307
316
335
326
307
296
335
311
313
312
355
319
304
308
333
307
313
303
342
326
305
310
322
317
313
307
339
325
300
298
342
329
311
297
338
328
297
304
337
320
307
302
340
325
308
298
325
330
305
301
339
320
318
311
341
318
304
307
340
313
323
312
326
323
297
299
336
320
311
305
336
322
306
295
331
328
310
302
347
336
312
305
337
324
314
302
330
319
325
299
325
313
311
304
343
329
302
296
324
322
304
306
337
312
306
300
330
327
314
310
340
333
302
300
325
317
311
299
340
325
304
305
334
326
311
303
335
325
311
301
323
328
321
306
326
309
325
297
338
334
322
305
342
321
300
312
354
315
317
302
348
314
332
292
334
316
311
301
339
311
307
291
334
318
304
310
342
324
320
296
342
333
319
307
340
338
299
307
339
320
311
299
343
319
315
306
357
310
311
303
324
326
309
310
327
331
306
296
330
318
311
300
325
326
319
311
327
309
313
317
333
320
312
296
357
319
311
309
333
323
311
320
331
320
313
298
325
315
307
311
331
324
313
303
344
330
310
306
327
330
306
304
345
308
307
306
339
322
297
303
348
319
309
302
338
324
307
307
330
322
296
297
338
314
304
306
338
327
311
304
331
320
307
297
347
327
309
306
331
322
315
310
329
313
305
299
343
340
307
297
333
323
315
305
325
325
299
301
337
312
320
312
330
307
317
310
332
333
308
300
334
312
318
309
331
316
321
313
333
320
308
296
340
343
307
295
339
319
319
320
331
315
312
308
335
333
320
307
330
327
307
317
335
319
310
299
334
314
317
303
342
316
324
307
335
314
312
301
334
322
307
309
344
325
319
295
361
319
305
316
331
319
302
306
340
328
305
304
336
312
301
300
327
316
304
316
354
315
304
322
347
311
307
307
334
327
316
308
345
323
307
302
356
318
308
292
339
306
303
314
311
324
310
301
327
316
309
298
340
315
302
314
329
329
308
300
348
315
303
298
354
330
313
307
333
329
309
305
328
325
314
301
349
322
318
305
340
332
309
316
336
322
314
303
335
335
299
303
332
321
316
304
339
317
315
302
347
329
322
310
330
327
319
308
323
318
309
291
335
317
338
303
337
329
306
311
316
318
300
308
328
315
310
307
336
309
306
303
342
320
312
317
331
314
310
316
347
309
311
305
332
323
309
303
334
323
300
306
335
331
322
309
330
328
313
311
323
328
319
304
330
320
304
311
331
315
310
304
333
329
310
316
481
318
296
312
344
318
314
304
327
332
310
309
337
326
312
295
335
317
313
297
330
333
315
302
341
319
308
309
329
326
296
305
343
315
308
308
333
321
306
313
332
322
309
298
329
315
298
297
330
325
304
303
338
319
303
299
347
344
313
305
343
312
301
296
349
321
310
296
317
333
319
304
328
321
310
291
340
317
319
296
343
321
306
307
339
321
300
309
331
322
311
291
324
324
310
309
349
314
307
300
342
327
304
307
351
333
315
304
331
330
307
303
334
315
303
312
341
324
303
303
326
322
297
313
333
317
310
312
321
320
305
299
348
322
313
304
325
314
300
310
339
311
300
294
337
333
299
302
338
331
309
309
332
329
307
308
336
324
314
299
351
315
305
314
322
318
316
311
334
325
324
306
333
319
305
302
338
332
308
298
339
333
309
300
327
325
310
303
334
333
315
294
330
310
307
304
373
334
312
299
342
314
309
307
347
312
320
309
349
324
306
299
341
335
313
291
332
322
302
300
338
316
312
317
344
311
300
313
329
327
314
306
328
307
317
324
343
322
304
313
328
325
319
298
330
309
312
299
315
320
305
310
336
324
305
312
328
317
308
300
336
319
305
309
347
316
305
297
359
319
311
311
338
317
313
299
335
341
312
303
332
326
300
298
358
312
307
301
341
329
307
300
350
321
314
307
328
328
306
299
329
330
297
299
345
313
303
310
327
318
307
298
345
329
297
306
328
329
297
300
326
319
320
298
331
319
300
299
343
339
310
297
335
317
302
295
323
330
316
310
332
332
306
310
334
324
306
299
345
320
311
301
343
336
312
301
330
328
300
302
324
311
311
301
337
315
306
301
339
319
296
303
335
331
303
306
327
342
298
313
339
316
308
302
335
307
308
308
318
333
316
297
339
317
316
301
331
325
299
308
310
322
322
305
331
322
305
298
333
332
305
303
325
315
310
300
345
322
315
294
339
328
323
302
325
331
293
312
335
312
310
296
341
332
301
317
335
310
320
309
335
318
297
295
352
313
321
301
329
322
300
316
343
324
298
309
328
313
293
309
339
330
300
301
335
320
308
302
330
328
317
297
329
318
319
307
335
323
312
302
325
310
304
310
329
317
298
313
329
325
322
313
320
324
302
301
347
327
314
301
345
322
311
306
343
328
324
307
334
315
308
313
326
318
312
318
336
321
316
304
333
325
306
308
337
315
307
309
341
328
303
309
340
321
310
307
330
327
318
302
344
323
316
309
336
325
315
302
326
324
304
301
330
334
295
321
326
327
311
312
327
319
305
298
334
322
304
318
329
313
315
312
349
332
306
312
357
317
305
306
335
322
304
298
333
333
312
315
339
331
313
315
331
319
301
291
350
330
324
317
354
313
315
308
338
330
303
305
336
311
301
313
329
319
299
313
342
320
303
308
350
316
319
304
332
320
312
314
332
344
309
307
339
319
301
297
341
309
308
307
342
332
320
307
350
325
316
300
331
327
336
308
353
328
313
295
342
327
311
307
339
331
310
305
336
316
311
295
354
332
306
315
326
318
315
306
330
320
300
313
343
328
295
305
336
325
302
305
347
323
309
309
338
319
304
298
354
316
320
298
339
324
307
305
340
314
309
298
347
335
303
304
341
328
308
302
343
319
305
296
346
326
296
302
345
320
305
300
334
323
311
310
352
324
305
301
338
331
306
308
349
324
312
309
333
324
302
308
341
326
304
302
350
320
309
303
341
311
311
312
344
318
310
312
347
316
317
297
364
316
309
308
356
319
308
307
336
327
313
298
357
326
302
307
332
314
309
323
344
325
298
301
332
330
302
301
356
319
308
301
339
325
306
308
335
327
312
297
339
332
311
316
326
320
292
305
331
320
317
302
345
339
304
303
338
319
309
306
351
318
311
302
337
328
300
312
351
337
312
304
344
321
304
302
324
328
312
300
329
328
290
310
336
317
295
306
354
315
313
306
347
319
295
324
343
332
311
301
336
325
307
303
330
338
306
309
354
321
323
302
328
320
297
309
357
337
292
305
345
327
309
293
345
320
305
302
349
323
328
298
334
312
300
310
332
327
323
294
348
315
316
304
333
328
304
302
335
324
318
304
342
319
315
307
344
336
302
311
340
329
302
300
332
323
315
305
342
324
297
296
351
325
302
315
334
324
328
307
338
320
313
313
339
328
304
297
349
339
307
305
378
326
301
306
371
323
312
311
359
315
296
307
350
329
305
308
336
316
312
326
329
318
314
306
257
256
256
256
257
256
255
256
353
321
256
256
256
0
0

