;UFOS3
;Measurement details: channel = Z, date = 28.08.2020, time = 12:05:50
Exposure=1100
Gain=0
Temperature=20.1
Accummulate=4
2.6521002862451715 mu
2.7131551449176974 amas
21.705 hs
0 ozone
0 uva
0 uvb
0 uve
[Value]
0
254
253
254
252
253
254
253
337
319
279
275
346
307
274
283
347
308
283
280
351
317
304
286
357
325
293
298
356
353
312
298
336
332
293
293
384
335
298
295
346
323
298
300
366
331
309
289
364
334
291
296
366
330
308
298
368
324
305
312
366
322
288
316
363
322
299
301
353
324
299
289
362
324
303
291
355
332
297
297
362
325
305
291
343
316
300
303
359
317
301
299
365
330
289
294
369
324
291
290
339
335
293
292
373
321
304
290
345
327
306
292
353
333
295
304
343
324
306
293
354
326
304
290
352
342
308
304
346
323
304
294
365
333
305
296
361
318
300
290
359
333
304
298
353
334
288
309
361
320
291
298
357
319
310
299
358
329
298
300
383
326
301
300
342
328
303
303
350
322
299
293
366
325
306
296
372
328
300
298
370
320
297
295
351
329
290
294
356
329
297
304
368
333
300
307
351
324
297
289
366
316
298
291
361
332
288
288
358
325
290
303
358
334
304
308
353
318
310
292
372
334
297
304
337
323
299
295
334
324
293
302
368
321
298
296
349
329
305
297
349
332
298
288
348
314
304
299
353
315
307
296
358
320
300
288
340
323
301
294
340
321
308
287
358
311
307
292
354
320
290
300
367
316
296
313
369
329
305
290
360
310
288
306
351
321
293
304
352
330
310
301
376
319
298
308
353
330
300
300
341
327
301
299
348
323
309
295
358
320
294
297
358
333
312
295
369
310
309
297
353
320
288
309
346
325
295
295
357
323
310
306
351
327
311
296
373
330
312
303
362
324
297
291
352
349
297
286
341
322
314
291
347
334
298
309
365
319
291
304
361
321
308
290
349
317
302
298
361
324
300
300
345
327
306
300
358
332
305
286
357
317
300
299
352
315
304
292
353
306
307
293
344
328
307
298
362
329
303
305
366
319
304
291
344
328
295
300
346
336
291
292
358
327
302
292
340
327
295
303
348
334
312
292
348
322
300
303
357
331
299
294
355
326
300
295
351
329
295
292
351
336
308
311
355
318
306
301
348
318
290
306
343
337
296
299
338
328
295
301
347
324
307
308
350
320
300
300
351
322
301
315
347
333
304
301
353
347
300
297
355
320
293
297
352
321
314
293
356
311
306
304
355
321
321
298
351
313
300
288
335
340
305
294
345
335
295
288
349
324
298
297
356
322
316
302
356
325
298
293
354
317
303
302
351
316
305
300
350
319
297
300
348
319
294
298
350
318
302
305
354
330
301
297
345
332
306
298
333
325
301
300
345
327
298
306
358
329
302
299
364
335
302
303
354
324
297
303
357
330
296
296
357
325
290
300
337
315
314
298
350
325
299
301
353
316
311
306
348
324
307
295
357
331
311
296
343
325
294
309
341
322
292
295
345
315
306
303
340
332
300
317
349
321
294
302
348
317
303
309
345
322
305
313
348
319
309
304
345
320
306
317
345
335
305
309
347
319
303
300
364
310
313
301
339
320
302
306
347
318
305
293
341
327
311
301
362
328
298
297
347
318
306
305
357
320
307
305
352
334
296
304
358
324
311
310
354
318
309
308
342
327
295
298
345
326
292
287
344
337
325
310
357
328
300
305
352
315
301
293
355
324
307
302
349
333
319
291
343
321
319
300
347
323
300
311
345
325
310
303
352
328
303
295
345
331
308
312
350
326
317
304
356
328
312
314
357
325
307
305
349
317
315
311
336
322
307
311
351
341
308
296
342
321
313
300
349
326
299
293
367
326
310
300
357
328
301
298
374
334
310
309
351
326
313
312
357
330
300
299
355
327
327
303
356
327
316
305
358
317
299
309
368
328
319
305
339
318
317
321
354
327
334
314
349
331
312
307
351
326
314
300
357
335
314
306
354
334
326
309
354
341
327
306
364
336
315
309
353
329
330
307
376
344
321
314
353
339
311
314
362
342
341
322
360
337
314
316
364
345
309
307
363
341
309
318
373
346
322
321
360
340
315
320
359
346
318
323
366
351
329
322
360
348
325
326
372
341
317
316
374
337
315
315
371
355
315
318
378
352
326
321
361
339
340
319
377
350
322
319
365
338
339
326
380
352
331
323
368
360
342
326
386
351
335
327
382
375
340
348
398
373
358
354
374
360
348
347
395
365
343
343
396
367
338
352
416
377
347
339
387
367
337
360
397
367
362
344
413
368
353
341
411
388
363
352
412
362
366
360
406
389
363
360
418
377
367
366
417
395
377
371
415
391
387
366
417
394
369
380
408
396
373
371
404
399
370
375
420
393
374
380
412
417
395
397
438
414
397
395
428
408
394
383
443
404
403
383
438
422
403
405
444
407
395
406
431
424
407
413
449
421
403
406
455
430
420
404
441
434
414
432
452
436
422
413
455
426
397
395
430
417
406
395
432
410
391
394
432
410
398
375
429
420
398
397
441
423
407
406
442
433
416
407
476
434
418
411
472
460
426
436
471
453
444
438
473
459
468
441
496
464
465
444
516
476
456
448
498
456
453
442
474
468
447
420
474
432
428
417
464
463
425
418
459
431
416
430
457
438
428
422
462
447
456
447
483
474
446
465
513
471
472
463
530
492
466
459
504
478
455
464
488
464
449
450
492
472
456
438
477
454
455
444
483
460
454
456
505
495
460
466
504
502
481
469
512
510
483
494
535
543
509
493
536
514
524
497
560
540
505
498
544
519
509
507
531
504
496
491
525
511
494
489
532
504
487
483
538
502
489
499
537
534
502
517
556
525
528
510
561
537
522
529
559
534
510
505
551
536
505
503
532
515
500
487
530
509
492
492
542
513
497
490
537
529
507
507
558
533
523
517
575
540
527
531
588
545
544
548
606
574
539
560
600
595
572
561
611
602
586
574
605
591
587
588
638
605
603
600
648
627
601
596
639
597
592
595
610
607
569
570
622
599
584
571
613
595
566
564
627
607
582
586
625
609
620
589
645
633
627
625
687
660
652
636
690
675
656
651
707
689
672
675
724
684
664
664
714
694
673
680
710
684
672
690
710
710
687
673
698
690
662
660
694
679
658
672
726
683
660
653
701
663
651
654
676
666
640
650
678
672
650
628
656
650
640
630
664
650
617
620
653
634
603
612
661
629
617
608
633
623
619
617
664
655
618
625
668
660
628
648
677
657
651
664
709
697
677
676
725
715
706
698
750
739
733
740
774
746
735
737
771
763
758
754
795
784
759
758
800
780
768
751
790
779
751
757
778
753
730
742
751
730
714
708
748
716
712
694
732
703
689
690
732
715
704
693
733
730
694
715
743
744
725
715
764
753
729
729
756
756
727
734
790
776
735
750
799
776
762
758
801
775
772
763
794
781
769
768
807
792
775
769
791
786
766
764
811
784
771
768
815
797
787
785
823
815
797
780
817
792
776
780
806
775
753
741
790
760
777
732
773
763
728
737
770
757
720
741
765
732
716
718
782
767
738
764
813
787
771
786
840
792
785
786
825
785
794
772
816
792
780
771
823
792
768
779
821
784
766
770
827
787
765
761
796
799
786
783
839
821
797
772
824
775
735
739
756
734
715
695
716
701
680
671
685
686
673
655
683
663
682
644
712
680
677
674
701
694
684
676
714
688
683
649
690
677
649
645
670
646
653
622
682
652
646
647
689
688
681
677
732
695
689
701
728
719
702
692
739
724
706
695
721
715
700
693
715
699
711
691
735
711
693
715
734
734
724
726
756
759
746
743
772
762
748
735
769
749
716
725
766
746
744
722
748
745
737
722
788
752
742
735
777
771
763
770
808
811
795
798
850
812
817
820
866
838
819
815
843
843
822
800
832
819
806
792
821
802
778
789
824
803
780
786
855
812
786
784
819
791
783
766
819
789
769
765
816
795
772
780
803
795
789
784
838
816
808
799
857
838
829
833
867
858
853
845
886
866
875
850
904
859
863
864
888
851
834
845
891
872
872
865
903
892
890
884
915
890
893
883
912
924
883
886
944
918
889
888
914
885
873
855
888
881
845
817
850
824
805
786
806
786
755
737
766
734
715
699
738
718
693
692
728
711
700
706
754
746
727
729
803
786
786
780
825
819
816
809
834
838
826
828
861
873
853
844
884
857
835
839
882
848
827
827
853
815
808
794
821
786
796
766
828
781
781
768
795
773
753
758
801
774
759
765
801
791
772
777
825
798
803
801
851
828
807
791
856
810
798
793
811
815
790
777
796
784
753
751
764
746
731
725
771
731
724
725
737
737
706
720
759
740
736
751
750
761
741
739
772
771
766
753
773
770
764
747
792
766
748
741
770
746
742
735
774
753
733
718
776
739
750
743
761
742
712
715
722
719
724
713
728
729
717
725
755
753
738
746
792
770
766
765
822
807
792
805
858
839
834
860
877
859
861
857
893
881
870
852
900
862
850
845
874
871
835
845
859
835
812
801
850
834
814
798
849
816
813
794
835
826
800
807
863
827
843
851
869
858
851
846
903
877
861
871
910
876
848
843
888
839
830
796
831
809
788
779
812
780
775
779
844
810
806
819
845
852
834
855
885
880
898
900
940
933
922
932
977
956
951
934
980
968
964
967
993
980
966
973
1007
996
991
986
1034
1004
996
985
1011
1025
1007
999
1041
1048
1004
1014
1051
1015
992
998
1040
1044
1017
1020
1067
1047
1015
1021
1058
1038
1011
1019
1051
1040
992
988
1020
996
974
964
1007
981
987
957
1023
976
944
938
979
951
946
938
978
957
954
956
986
971
986
951
970
942
950
903
931
910
901
883
918
895
869
854
868
846
800
797
818
781
760
747
780
765
753
749
781
780
773
773
809
788
787
780
799
799
814
801
850
817
807
813
810
792
770
751
777
750
736
731
744
723
708
684
712
673
652
648
671
653
645
640
684
652
642
649
710
694
682
692
712
723
718
714
773
764
759
766
814
814
818
809
867
860
840
838
883
871
851
856
911
890
871
886
914
894
878
869
907
877
877
868
908
858
833
834
853
825
824
809
843
811
777
767
770
758
743
736
768
753
729
729
774
754
738
730
770
765
739
756
790
778
773
773
807
803
785
765
790
793
762
760
794
770
765
761
797
777
765
761
800
773
782
780
797
806
790
807
866
867
873
881
929
933
924
916
954
950
924
911
953
931
903
895
924
902
877
864
882
858
863
825
845
839
826
824
865
862
837
845
890
905
896
911
958
945
945
940
981
985
978
973
1000
995
965
961
988
974
967
943
981
946
921
911
936
926
903
890
932
913
899
899
927
941
941
941
981
969
992
975
1032
1037
1043
1045
1098
1084
1069
1100
1161
1130
1139
1124
1186
1147
1172
1132
1180
1165
1168
1154
1191
1157
1158
1134
1189
1164
1147
1150
1177
1161
1147
1119
1165
1147
1128
1106
1140
1132
1079
1091
1134
1122
1109
1091
1138
1115
1120
1112
1170
1118
1127
1114
1133
1139
1118
1109
1131
1142
1111
1092
1118
1103
1073
1054
1079
1064
1047
1040
1052
1023
1026
1030
1051
1022
1005
992
1059
1014
1010
995
1018
1000
988
999
1008
994
988
974
1006
1004
997
1006
1035
1028
1020
1009
1047
1038
1020
1034
1058
1063
1046
1053
1097
1064
1063
1062
1101
1081
1056
1055
1111
1076
1059
1056
1094
1085
1067
1070
1096
1078
1038
1036
1074
1033
1013
1000
1024
1001
965
953
965
936
903
885
931
906
877
869
897
892
891
893
924
921
925
930
998
1012
984
986
1029
1031
1034
1034
1055
1069
1037
1035
1054
1017
1008
986
985
944
933
912
909
902
861
836
867
840
843
834
867
851
854
843
870
855
862
867
921
944
916
908
973
957
954
958
974
943
931
923
936
918
882
858
864
849
818
816
824
792
772
744
781
757
757
745
790
768
788
790
828
819
825
827
871
878
881
888
927
914
904
882
947
904
885
886
886
865
827
812
830
801
768
765
799
777
774
783
821
822
824
852
913
896
901
955
999
984
992
1010
1047
1047
1049
1041
1085
1062
1043
1036
1089
1048
1031
1010
1058
1018
1001
996
992
999
976
975
1005
999
1000
992
1047
1023
1015
1039
1053
1059
1028
1020
1080
1046
1031
1030
1097
1093
1076
1088
1123
1132
1112
1113
1155
1156
1177
1167
1235
1214
1216
1219
1261
1257
1240
1265
1308
1292
1293
1288
1336
1332
1302
1307
1355
1342
1354
1346
1394
1375
1364
1360
1399
1370
1357
1330
1348
1333
1312
1291
1292
1268
1249
1219
1254
1232
1236
1190
1211
1189
1154
1142
1150
1137
1121
1129
1149
1135
1122
1116
1132
1096
1086
1078
1104
1075
1061
1063
1077
1052
1047
1060
1096
1068
1078
1091
1131
1132
1134
1142
1188
1189
1171
1192
1237
1237
1232
1226
1252
1261
1250
1251
1263
1272
1267
1253
1277
1263
1234
1235
1245
1220
1206
1195
1210
1193
1158
1154
1284
1136
1095
1109
1126
1081
1063
1025
1036
1020
977
959
978
962
952
928
970
948
943
913
950
945
918
893
924
889
856
843
857
851
815
814
853
823
816
811
830
811
777
772
790
773
757
744
779
758
742
747
775
779
757
752
790
765
742
737
786
776
739
722
766
730
727
730
796
775
775
764
803
830
830
822
853
860
857
852
923
921
944
927
994
987
967
978
1018
996
976
986
1014
1003
986
965
1005
1000
982
975
1015
974
956
947
985
962
931
938
971
951
923
905
922
913
873
856
878
849
834
851
891
877
858
869
902
898
886
908
937
928
920
939
958
972
966
976
1032
1010
993
975
995
959
943
941
955
914
890
883
929
928
895
901
943
943
920
925
956
951
922
925
960
955
949
946
1004
973
968
969
981
969
953
943
964
959
951
932
955
941
917
922
956
954
933
925
965
946
921
912
940
947
933
932
982
994
985
961
1006
1002
999
1008
1108
1066
1058
1062
1126
1105
1118
1131
1184
1157
1177
1166
1217
1179
1164
1165
1214
1213
1192
1169
1205
1199
1178
1176
1215
1191
1180
1171
1192
1147
1139
1157
1176
1171
1159
1154
1192
1175
1186
1190
1226
1206
1202
1230
1260
1269
1260
1259
1300
1301
1323
1322
1341
1357
1335
1339
1373
1362
1327
1334
1347
1337
1321
1298
1325
1286
1262
1258
1284
1236
1217
1191
1259
1203
1182
1173
1197
1164
1155
1130
1160
1154
1105
1081
1103
1074
1033
1022
1067
999
969
938
957
922
868
826
854
784
750
715
718
697
654
632
648
640
601
602
671
623
617
633
671
679
684
694
758
767
759
787
836
859
837
867
909
915
931
929
977
979
982
991
1052
1062
1036
1026
1079
1067
1062
1066
1111
1134
1130
1135
1163
1173
1159
1164
1199
1200
1178
1172
1220
1198
1185
1168
1211
1205
1179
1168
1194
1183
1156
1153
1175
1147
1148
1117
1145
1106
1086
1056
1083
1040
996
987
1003
983
925
905
904
894
817
806
800
748
715
684
705
660
648
646
642
650
629
603
649
622
626
620
658
666
660
689
712
743
769
775
826
839
854
866
924
946
945
966
1011
1018
1021
1023
1090
1085
1088
1065
1121
1115
1106
1097
1132
1139
1093
1120
1141
1126
1118
1110
1150
1155
1112
1126
1150
1125
1144
1137
1168
1159
1140
1146
1207
1164
1173
1158
1190
1189
1162
1184
1210
1177
1142
1151
1174
1149
1140
1158
1189
1175
1144
1147
1173
1163
1142
1153
1197
1190
1188
1172
1188
1176
1176
1164
1184
1177
1166
1153
1179
1152
1140
1143
1173
1156
1135
1148
1164
1165
1156
1159
1167
1173
1156
1167
1224
1213
1213
1196
1262
1232
1215
1205
1246
1225
1216
1203
1233
1219
1212
1220
1227
1221
1216
1224
1246
1228
1229
1218
1252
1241
1211
1217
1251
1230
1227
1227
1272
1258
1226
1242
1282
1252
1247
1245
1258
1246
1231
1215
1256
1216
1200
1196
1216
1202
1183
1163
1184
1171
1146
1146
1170
1177
1140
1171
1178
1181
1179
1193
1228
1226
1216
1208
1263
1258
1255
1277
1295
1279
1281
1283
1310
1280
1240
1221
1254
1193
1168
1165
1189
1178
1145
1134
1181
1173
1162
1159
1201
1189
1167
1180
1201
1192
1186
1187
1270
1261
1262
1262
1310
1262
1259
1240
1266
1254
1217
1209
1240
1205
1195
1209
1226
1211
1188
1210
1230
1212
1180
1176
1216
1171
1177
1156
1181
1166
1153
1160
1171
1186
1145
1141
1186
1167
1145
1145
1189
1158
1160
1163
1196
1183
1189
1182
1234
1215
1200
1186
1232
1217
1228
1197
1246
1206
1181
1157
1192
1164
1141
1131
1163
1164
1144
1147
1195
1173
1168
1143
1216
1195
1165
1176
1184
1175
1172
1169
1205
1197
1179
1200
1243
1227
1192
1203
1242
1225
1200
1205
1246
1223
1222
1212
1253
1225
1209
1206
1264
1226
1233
1201
1244
1217
1196
1179
1202
1173
1147
1129
1177
1154
1113
1104
1132
1100
1064
1040
1075
1024
998
975
1021
986
944
953
994
971
949
946
983
969
963
959
1005
981
976
974
1028
1030
1005
1019
1068
1051
1032
1037
1062
1054
1037
1042
1077
1062
1033
1043
1086
1065
1056
1047
1090
1061
1055
1044
1084
1054
1041
1041
1080
1046
1041
1023
1087
1031
1018
1013
1057
1019
1003
996
1026
1011
995
975
1029
990
975
969
1003
976
971
983
1004
980
938
946
969
957
924
910
972
922
899
894
934
915
887
896
929
914
895
883
934
923
904
907
923
913
899
913
949
941
940
917
958
944
908
898
931
905
888
880
928
889
871
868
896
890
852
859
903
884
858
849
887
871
857
858
887
894
882
860
884
878
832
857
882
853
825
839
877
840
841
833
876
843
818
847
867
858
837
824
865
856
847
834
878
882
859
855
910
876
888
860
881
875
847
858
912
887
836
850
895
873
854
830
884
847
828
817
864
829
823
795
829
800
786
793
820
809
810
771
827
786
789
775
804
798
772
780
817
804
800
785
825
804
801
786
831
823
785
799
825
817
782
782
815
803
794
776
812
790
767
767
831
798
774
786
815
799
802
788
821
808
801
797
828
819
797
784
853
837
799
793
865
803
775
777
844
789
780
774
819
767
745
757
797
778
759
767
797
784
787
804
826
827
798
592
252
254
251
251
252
251
252
251
911
882
253
251
252
0
0

