;UFOS3
;Measurement details: channel = Z-D, date = 28.08.2020, time = 12:26:07
Exposure=1100
Gain=0
Temperature=20.0
Accummulate=4
2.891561442768675 mu
2.9504631938089014 amas
19.739 hs
292 ozone
0 uva
0 uvb
0 uve
[Value]
0
-1
1
1
1
1
0
-1
4
3
2
6
4
2
4
6
3
6
5
4
7
6
4
2
7
5
7
3
2
3
5
4
8
5
7
6
4
6
4
5
4
6
6
5
5
3
6
4
5
4
6
6
3
6
4
4
5
4
5
4
7
8
6
7
7
7
6
2
6
5
5
2
6
4
8
8
8
6
7
6
3
5
7
5
4
5
6
6
5
6
5
3
6
7
6
6
3
4
4
7
8
6
6
6
11
5
4
6
8
6
5
7
7
3
8
5
5
5
4
8
4
5
5
7
4
7
4
5
7
6
4
6
7
5
5
5
8
6
4
8
6
3
6
6
7
6
4
3
7
5
7
6
4
6
5
8
7
5
7
7
5
3
6
6
7
2
7
6
8
4
6
8
6
4
5
7
3
6
4
7
5
6
6
7
5
6
7
4
5
5
4
2
7
5
5
5
7
6
7
5
6
4
5
7
6
4
7
5
6
4
4
6
5
4
6
7
5
3
7
7
6
5
8
6
5
5
8
5
5
7
7
5
8
5
3
6
4
4
3
5
4
6
3
4
4
7
5
2
7
7
4
8
6
6
6
7
4
5
8
4
6
6
4
5
7
6
6
4
6
6
7
5
2
3
9
5
2
3
3
6
3
5
5
3
5
4
9
7
6
5
7
6
3
6
7
6
3
6
3
5
8
6
5
5
4
7
6
3
7
6
5
4
7
5
4
4
3
7
4
4
7
2
6
3
4
4
8
7
6
7
3
6
6
4
6
6
5
7
9
5
4
6
2
5
5
5
8
3
3
6
5
7
5
6
8
4
8
7
8
5
5
5
5
6
10
5
8
5
5
6
6
8
6
7
3
5
8
6
5
5
8
6
6
4
8
7
5
4
7
6
6
7
5
4
7
5
3
3
6
4
6
7
5
6
6
4
6
6
4
4
8
8
4
8
4
6
6
4
6
7
8
4
7
3
5
6
5
5
9
5
7
7
7
5
7
6
9
7
4
5
5
4
4
5
7
7
5
5
7
5
9
3
4
6
7
4
9
4
5
3
4
5
6
6
8
5
4
4
6
8
7
3
8
6
9
5
9
6
4
5
7
8
7
4
6
5
6
6
3
5
6
7
3
4
5
7
7
5
5
8
5
4
8
8
4
4
5
6
9
5
4
5
6
7
5
8
5
4
6
5
7
5
6
5
7
7
6
5
6
3
5
2
5
9
5
6
5
6
5
3
7
5
8
3
9
7
2
6
6
5
4
7
7
6
8
7
6
6
3
5
5
5
9
6
8
6
8
6
5
4
6
3
5
6
9
6
6
3
5
7
5
8
6
6
6
4
5
7
4
7
6
7
2
2
7
5
6
4
8
6
6
7
8
7
8
7
6
8
5
4
6
6
5
9
5
3
5
7
6
3
7
6
6
6
7
8
6
5
7
6
5
5
9
7
6
5
9
4
7
5
7
6
6
6
6
7
4
6
5
6
6
5
8
6
6
8
6
5
6
8
6
6
8
5
7
7
7
7
5
7
9
5
8
8
6
8
7
8
11
6
4
4
5
6
8
8
8
6
8
6
5
5
7
6
7
7
7
6
6
6
6
7
7
7
8
4
7
7
6
8
6
7
4
3
7
6
4
6
3
5
7
8
8
8
6
6
8
6
5
6
8
6
9
8
7
5
7
8
5
9
8
6
7
7
8
10
7
7
8
3
6
9
6
9
9
7
12
6
7
6
6
8
11
10
9
9
10
7
9
7
9
12
10
11
9
9
9
10
11
11
8
10
11
8
9
7
10
9
11
9
11
11
12
11
11
10
12
13
10
11
11
9
12
10
11
9
11
13
11
10
11
12
13
10
11
13
12
10
9
11
13
11
14
12
15
14
16
14
14
15
13
16
14
17
16
15
16
16
13
17
15
15
16
16
16
15
17
15
18
16
15
18
17
15
17
18
17
16
19
19
17
17
17
15
16
18
18
21
17
19
17
18
19
16
16
17
20
17
16
17
19
17
18
16
17
19
23
20
19
19
19
20
20
19
19
20
20
18
20
21
22
19
22
21
24
25
24
24
23
26
25
27
27
30
28
31
32
30
30
36
34
34
32
38
36
34
38
38
37
35
36
36
37
35
36
36
40
38
39
37
39
38
35
39
40
40
37
39
40
40
42
41
41
42
43
46
47
42
46
47
46
50
48
52
50
47
52
51
52
55
57
54
57
56
55
54
54
56
54
59
57
54
53
54
57
55
58
59
59
59
60
63
61
62
63
66
71
69
69
72
71
70
70
70
71
67
71
69
68
71
71
71
70
68
71
71
78
76
76
74
77
76
80
83
81
84
86
86
87
91
85
89
91
86
83
82
84
77
77
76
76
72
74
74
73
71
70
66
68
68
69
68
72
71
75
72
77
74
79
84
84
87
86
87
93
92
93
92
98
99
99
104
107
107
108
111
111
110
110
116
115
115
113
114
115
115
115
112
115
108
113
108
106
105
103
100
100
96
96
91
94
91
92
93
92
90
89
92
92
92
97
98
105
101
107
113
112
114
116
120
123
124
123
120
123
123
124
121
120
120
119
120
116
117
116
113
113
114
110
111
111
110
113
112
114
115
119
122
122
125
127
129
134
134
137
139
138
144
141
148
158
155
158
154
157
160
162
163
165
162
164
164
162
160
162
160
157
149
151
152
155
148
143
148
148
145
146
148
153
153
151
156
158
160
154
164
166
163
167
165
169
167
170
169
170
171
167
167
165
167
162
161
155
153
156
153
149
149
148
147
150
151
151
156
156
159
158
158
162
167
167
169
176
172
178
178
186
182
191
195
201
200
198
205
205
207
210
211
216
212
216
218
222
219
223
228
233
234
239
237
235
236
232
229
235
232
226
222
222
219
214
220
214
215
215
213
212
211
210
210
208
213
212
217
222
228
229
230
243
244
247
250
259
262
265
269
274
273
279
281
287
287
291
291
292
286
285
285
290
293
291
291
295
289
290
297
293
297
295
290
292
289
285
287
285
284
282
287
284
286
282
282
283
275
274
274
272
270
264
262
263
265
257
256
254
257
254
252
252
250
245
243
247
245
240
242
247
245
242
246
245
245
243
245
252
249
246
248
256
260
262
262
270
272
273
282
284
290
291
300
304
312
317
318
324
334
335
343
340
340
343
343
343
348
356
355
361
360
362
366
360
360
355
356
358
355
349
350
351
337
335
330
330
323
322
318
317
311
310
308
304
308
308
309
309
312
309
310
312
317
311
320
321
323
330
328
333
334
330
332
333
340
335
340
354
350
346
347
360
354
360
356
361
356
365
360
361
365
365
370
367
368
365
368
367
369
368
366
363
366
363
364
371
373
378
377
387
384
381
381
377
375
366
367
362
362
355
351
355
352
349
348
346
346
344
340
336
344
337
336
333
335
330
336
344
347
350
355
367
369
367
367
381
375
378
377
382
376
374
369
372
368
374
372
371
368
365
369
364
369
362
367
371
373
368
369
379
378
376
382
388
384
384
377
376
360
348
345
337
320
316
307
300
302
293
286
283
277
277
279
278
281
280
273
285
287
290
289
293
299
298
301
300
292
285
286
279
272
271
263
264
258
263
256
264
262
269
274
284
288
289
297
305
303
304
309
306
309
305
310
313
314
310
311
314
310
312
307
306
307
310
314
314
317
313
317
322
328
333
334
338
347
347
350
347
346
344
339
340
340
331
334
334
333
330
326
330
330
329
333
342
343
341
338
349
355
358
364
376
383
386
394
399
396
401
406
407
404
406
407
405
406
406
396
395
391
390
384
384
383
375
378
378
380
377
382
387
384
385
378
378
374
369
370
365
367
370
369
381
373
368
376
382
378
381
383
390
391
390
401
408
416
415
418
426
434
428
430
438
436
436
437
441
435
433
434
435
424
427
429
433
438
444
441
451
450
449
454
457
459
448
453
456
453
458
460
460
463
459
457
454
447
445
442
436
431
418
408
402
393
391
380
372
371
352
343
335
326
326
314
317
313
309
306
308
308
311
316
322
325
332
343
357
371
373
381
388
398
397
395
403
404
412
412
424
423
421
419
432
423
423
421
419
417
412
401
398
394
389
389
381
377
377
372
375
366
365
361
363
361
354
357
357
357
355
366
365
373
373
375
379
384
389
394
400
394
392
388
398
386
382
387
382
380
375
372
366
360
348
350
344
337
332
331
332
327
326
325
323
326
326
333
330
330
331
337
337
344
341
350
350
354
357
351
355
354
355
355
357
352
352
346
349
340
340
340
341
337
332
333
336
334
333
334
335
329
325
319
316
313
314
314
309
315
322
331
332
339
347
350
359
363
365
372
376
383
383
390
407
410
409
422
427
427
431
432
432
436
436
432
434
432
429
424
421
422
419
421
414
411
402
400
396
398
391
388
386
393
390
388
393
391
391
399
411
409
413
422
423
424
427
423
434
438
433
433
436
440
427
424
422
411
407
391
388
376
371
377
376
370
377
373
391
392
393
399
411
408
419
428
427
442
448
455
469
475
481
484
494
492
493
496
508
502
505
510
517
517
514
523
529
529
532
537
535
532
534
529
537
544
541
537
542
553
546
551
548
547
542
540
545
547
551
555
557
562
556
559
562
560
553
550
549
548
534
525
524
528
522
524
525
521
520
509
504
501
498
495
490
492
489
494
492
489
500
506
506
510
514
502
497
489
480
470
467
460
461
457
452
451
436
430
417
403
392
385
373
363
352
349
353
352
351
352
356
358
363
363
367
370
371
378
377
380
380
385
395
394
387
385
376
365
357
350
344
337
331
328
323
316
302
293
287
283
273
264
263
265
262
262
264
258
263
274
287
287
295
298
311
316
319
324
335
343
349
360
368
380
385
402
407
415
412
418
417
429
427
432
439
441
443
446
447
451
451
440
446
445
437
433
428
422
411
405
405
404
397
395
393
374
368
358
354
347
339
334
342
334
334
337
340
341
338
338
342
346
344
354
354
360
362
367
374
373
372
368
366
357
359
357
356
354
354
350
353
353
358
351
361
360
359
364
369
372
383
397
409
427
438
451
464
471
483
482
484
480
471
472
466
469
460
460
454
450
443
434
435
421
416
410
404
406
402
407
409
412
416
425
437
453
464
466
480
484
493
500
502
510
515
517
520
516
514
510
511
513
502
491
493
486
475
468
466
462
462
457
461
459
459
457
477
479
490
490
498
511
519
525
542
552
555
569
590
586
596
611
625
625
630
633
647
649
654
649
654
657
659
657
658
650
655
647
656
656
648
650
648
641
643
635
638
624
629
618
621
614
606
613
611
617
615
614
623
620
618
622
624
620
627
622
617
630
625
620
621
626
618
615
608
601
597
583
576
576
570
564
560
555
556
548
555
548
544
537
541
537
539
530
534
527
522
525
526
524
523
525
526
529
539
537
543
543
541
541
552
552
557
560
565
569
571
577
586
582
577
582
582
584
581
579
589
583
583
579
589
588
588
591
582
582
566
572
562
555
549
534
533
520
510
498
486
472
463
447
453
446
445
441
438
444
446
451
460
466
481
486
505
520
520
524
541
549
554
559
569
575
564
567
558
540
529
520
507
490
475
465
449
441
428
412
419
406
407
407
413
409
414
412
415
418
426
436
451
463
467
472
489
489
493
490
496
485
481
474
465
455
439
424
414
408
395
388
380
366
358
346
347
343
345
343
347
357
362
371
382
393
404
407
421
426
439
447
455
449
453
454
456
452
445
440
428
414
403
392
374
373
369
361
360
358
365
377
377
387
403
413
435
452
464
484
499
517
525
540
543
557
557
563
572
573
560
564
566
560
552
550
553
547
534
530
524
515
514
516
526
520
528
529
539
539
544
554
558
558
559
553
565
562
563
566
571
582
590
595
606
617
617
618
632
640
651
662
677
683
694
696
700
706
715
725
743
738
752
749
764
768
766
769
780
786
793
799
813
807
805
805
808
804
797
789
781
775
767
751
741
725
714
707
705
692
688
675
672
667
642
639
636
632
627
628
620
630
620
614
613
600
598
594
591
579
577
571
568
562
568
575
577
577
587
597
608
616
627
645
650
661
664
676
688
696
699
702
708
708
713
721
710
718
724
726
718
716
710
707
699
692
682
674
669
665
646
640
648
619
610
609
596
583
568
554
536
530
508
500
488
487
489
487
486
479
482
472
474
473
463
453
443
432
420
415
405
403
394
390
392
391
389
386
383
371
361
359
352
347
351
344
341
342
343
345
344
347
342
344
350
348
335
337
339
333
324
324
324
325
327
334
345
348
357
366
374
386
392
393
408
415
423
434
447
454
478
483
495
509
508
516
516
517
513
519
518
515
518
509
517
517
509
508
508
502
496
489
492
482
484
478
483
472
466
460
453
446
430
423
421
414
411
416
425
422
425
429
438
440
446
454
457
464
473
476
487
500
504
513
522
522
528
517
512
496
488
478
466
460
450
450
451
450
451
457
463
469
468
469
480
473
471
472
476
484
485
491
501
502
502
507
498
488
488
484
483
479
485
476
474
472
467
468
468
477
481
477
479
474
463
464
468
474
479
484
494
504
515
505
518
518
528
543
550
566
568
578
598
606
612
628
638
644
651
650
655
650
654
658
668
668
669
665
667
667
666
663
671
664
658
655
645
631
635
635
637
638
639
643
652
657
659
663
661
678
683
696
711
717
723
728
739
757
767
778
774
783
781
781
780
781
773
773
771
774
765
758
751
737
722
714
710
693
683
676
680
668
667
659
654
648
638
627
628
620
601
589
580
567
558
547
540
518
494
486
469
449
426
405
386
359
333
317
298
285
268
257
247
236
233
238
242
241
248
253
263
276
293
301
315
337
353
376
390
409
412
427
444
453
468
478
492
507
518
528
539
550
550
552
561
567
572
582
597
604
615
626
627
639
642
649
654
663
664
659
665
667
658
656
657
660
656
654
651
655
648
645
641
635
625
614
612
601
592
565
564
543
533
518
500
491
478
461
437
422
396
379
354
331
311
295
282
270
264
260
252
244
240
236
238
236
245
244
254
268
274
292
304
324
339
361
381
397
416
426
449
472
489
502
521
534
542
549
564
577
579
581
590
597
601
601
607
608
608
613
614
611
612
608
622
611
617
615
616
620
627
621
637
629
633
639
654
642
651
642
650
650
652
660
653
639
639
637
639
633
632
641
645
641
631
633
641
641
639
645
656
653
662
660
659
653
650
643
646
641
646
637
647
634
629
635
632
630
626
634
635
635
633
642
635
639
646
652
666
668
681
679
694
684
681
681
687
673
675
680
686
685
683
685
681
683
684
683
683
683
689
691
689
692
682
690
686
697
694
692
698
706
699
703
708
707
710
706
699
700
695
687
682
674
674
664
661
657
655
646
645
637
636
630
635
634
638
637
637
646
657
669
678
681
686
688
700
706
718
729
734
720
727
735
731
725
695
684
677
661
651
650
645
645
633
634
637
643
639
641
652
651
649
657
653
663
668
672
695
699
706
710
721
711
715
705
702
695
687
684
681
672
666
667
673
674
667
672
673
671
664
660
652
644
649
641
639
638
639
635
630
641
637
635
637
628
639
632
645
639
640
641
649
648
651
658
666
665
669
663
671
675
673
667
673
664
651
649
638
629
627
623
629
626
627
633
651
651
640
642
646
654
651
653
647
638
647
650
659
659
664
667
673
675
679
677
683
676
682
677
680
680
683
678
677
682
679
679
685
687
687
678
681
669
663
656
650
639
634
629
621
617
605
601
595
583
567
557
549
529
523
509
503
500
487
490
493
490
483
480
486
487
481
490
500
497
505
505
512
521
526
531
540
548
542
543
551
551
551
552
561
556
554
557
558
559
563
562
563
564
557
554
556
556
549
549
546
542
545
539
550
534
529
534
534
525
519
516
520
517
517
507
514
510
501
502
498
497
500
496
498
494
486
486
483
471
472
465
463
458
444
441
448
445
440
441
448
446
448
446
444
449
446
451
459
451
457
463
463
466
463
464
465
457
457
448
446
441
442
433
430
427
424
425
424
428
420
417
415
416
414
413
413
412
415
419
422
429
424
423
416
415
411
411
405
408
401
401
397
391
398
397
397
393
392
395
401
393
388
394
398
402
401
401
410
411
417
410
422
419
416
418
416
422
410
415
418
415
409
412
418
411
410
403
413
396
390
389
388
381
379
373
371
366
366
366
367
363
369
359
361
355
358
357
355
355
357
361
367
366
366
363
368
364
363
363
367
365
366
366
366
369
366
364
364
359
360
354
356
349
352
354
362
356
355
360
361
358
360
364
365
365
362
370
371
371
373
370
378
381
368
370
373
362
354
357
361
355
351
348
347
343
339
341
340
341
343
347
355
350
357
366
371
383
360
211
-1
-2
-1
-1
1
-1
0
1
417
425
-5
1
-2
0
0

