;UFOS3
;Measurement details: channel = S, date = 28.08.2020, time = 12:42:08
Exposure=1100
Gain=0
Temperature=19.9
Accummulate=4
3.1223279128499524 mu
3.187220550301352 amas
18.14 hs
0 ozone
0 uva
0 uvb
0 uve
[Value]
0
253
253
253
253
253
252
253
330
309
270
267
338
302
267
277
339
299
275
273
341
308
292
276
347
316
284
288
346
342
303
290
325
324
284
282
373
327
289
284
331
313
287
288
353
322
299
279
355
323
281
283
356
317
298
289
360
314
296
304
355
311
276
307
350
311
290
292
343
315
290
278
352
315
293
278
343
321
286
290
351
312
296
281
333
304
289
294
351
306
290
285
355
323
278
284
358
313
280
282
327
323
282
284
360
311
291
277
335
319
295
281
343
325
285
297
334
312
295
283
344
317
295
279
338
334
297
296
337
311
293
284
356
324
296
286
350
308
289
280
348
322
291
283
342
323
278
297
351
310
283
284
347
309
299
289
348
318
284
288
373
317
289
290
331
318
291
291
339
312
286
281
357
315
295
284
361
318
291
289
359
311
285
283
339
319
281
283
347
319
288
294
360
323
290
297
340
313
288
278
357
304
288
282
349
323
279
278
346
314
279
293
351
324
295
298
342
307
301
284
361
323
286
293
328
311
289
285
324
316
280
292
357
312
286
286
339
320
293
288
336
323
287
276
338
303
294
288
341
303
296
284
344
310
290
275
331
315
291
284
329
311
298
276
350
300
297
284
344
311
278
291
360
303
282
301
357
317
294
280
348
300
277
296
341
313
281
294
342
321
296
291
362
308
288
301
343
321
290
290
333
317
291
290
336
313
298
286
349
312
285
287
346
323
301
283
358
304
300
285
343
313
279
302
338
314
285
285
346
316
301
295
339
319
301
286
363
321
301
295
350
314
284
280
340
341
288
276
334
307
304
281
336
324
289
301
353
308
280
293
351
307
300
278
337
305
292
287
348
315
289
292
334
318
297
292
346
320
293
275
347
308
289
291
342
308
292
282
340
295
299
283
333
320
297
288
352
316
292
295
353
307
292
281
334
319
281
289
333
327
279
282
346
316
290
279
331
318
284
292
337
325
303
280
337
311
289
292
346
320
289
282
346
318
290
284
341
317
281
284
340
326
298
301
344
308
297
293
338
305
278
297
333
327
284
288
325
320
284
290
338
315
297
299
340
310
290
289
339
312
288
305
337
322
293
292
342
337
290
287
340
310
284
285
345
310
303
284
344
301
294
295
344
309
311
290
339
300
290
276
322
331
296
282
333
321
284
281
336
312
288
287
346
312
305
292
346
313
289
282
343
306
292
292
342
305
294
292
339
312
285
291
336
308
282
285
338
307
289
293
344
318
288
288
334
320
296
287
320
315
292
290
333
316
283
295
347
317
291
290
353
326
289
292
343
314
287
293
349
320
286
285
345
316
278
291
326
304
303
287
337
315
288
292
343
307
300
294
337
311
298
284
344
319
299
286
327
316
282
299
331
309
282
283
337
307
295
295
331
322
293
307
336
309
280
290
336
305
289
297
332
314
294
306
337
307
298
293
332
309
295
307
333
325
296
300
334
309
291
287
353
297
303
289
331
310
292
295
337
307
294
281
328
315
299
290
349
317
285
284
336
307
292
293
348
309
294
293
340
324
284
293
344
315
299
299
342
306
297
297
329
317
284
289
334
314
279
274
331
326
316
298
344
315
291
293
338
302
291
280
343
314
293
291
336
318
307
278
332
308
305
289
332
311
285
301
333
312
299
293
337
314
290
284
334
318
294
300
339
314
304
290
340
315
298
304
343
311
295
293
333
303
303
298
324
306
293
296
337
329
293
281
329
309
298
286
336
311
286
278
353
314
297
285
343
311
287
283
356
318
294
296
335
308
298
296
341
312
282
280
339
310
308
284
336
311
299
289
342
299
283
293
350
314
303
286
321
300
298
302
337
310
316
299
332
313
295
291
333
310
295
280
338
315
294
288
335
314
307
287
335
321
307
284
339
314
296
287
331
304
306
281
352
316
297
288
329
314
285
288
339
316
315
296
336
312
289
293
339
320
282
278
336
316
282
290
343
318
294
293
336
317
286
292
331
316
293
298
338
323
302
296
333
322
299
300
344
316
290
289
346
311
288
290
344
327
288
290
350
324
302
292
332
311
312
291
349
322
293
290
336
308
306
297
349
322
297
289
330
323
307
287
345
309
295
283
338
329
294
301
349
323
311
304
327
309
296
297
343
314
293
292
345
313
289
303
366
329
298
289
339
319
283
311
346
315
310
295
361
319
297
287
357
332
308
296
354
301
306
298
348
326
297
293
352
313
300
301
347
324
308
300
342
319
314
290
343
323
298
307
334
325
301
299
329
326
298
299
344
317
296
301
333
333
310
310
352
323
308
305
338
319
306
299
354
316
313
296
347
331
312
316
352
314
304
309
334
329
313
314
347
319
297
297
344
321
305
294
330
322
300
323
344
330
317
305
353
326
300
300
336
320
320
309
348
324
311
312
354
329
314
292
344
334
311
307
349
332
304
307
340
324
308
296
363
317
300
291
343
331
298
302
341
321
308
301
336
318
325
301
354
321
320
301
370
334
314
306
360
319
316
312
343
339
324
294
354
316
313
307
353
349
314
303
347
318
305
319
344
325
308
305
339
325
324
309
344
331
301
318
362
319
321
310
376
344
323
314
362
340
321
323
346
328
314
315
360
342
326
309
349
326
326
313
343
324
312
312
358
345
309
311
345
337
316
299
342
331
304
319
350
356
321
305
349
321
328
305
365
343
309
303
350
330
320
318
347
325
318
315
349
338
321
317
356
331
311
308
357
321
303
315
348
340
306
321
354
325
328
310
361
334
319
322
354
333
311
309
357
346
317
320
350
333
321
315
359
339
324
324
369
342
325
318
361
353
328
327
378
350
338
325
380
347
327
325
378
329
325
329
379
343
310
323
359
353
331
316
359
347
332
312
347
329
320
325
372
332
333
322
376
353
329
327
366
338
336
340
358
356
323
327
378
358
342
331
374
360
332
329
388
371
343
341
371
349
357
323
375
357
342
340
389
356
346
327
373
357
334
324
373
354
331
335
381
348
327
326
375
353
327
334
363
339
329
348
364
364
345
327
354
349
325
324
361
349
324
335
389
348
323
320
366
339
326
335
356
352
329
340
367
364
346
330
357
347
345
339
377
359
332
336
373
350
328
335
386
358
342
335
360
350
349
347
394
380
339
346
383
374
340
353
380
355
342
352
387
369
346
334
379
359
342
328
371
357
340
348
370
348
335
333
368
352
346
329
371
361
333
329
376
363
352
334
372
361
337
353
374
356
340
357
374
352
340
340
386
354
356
344
382
352
337
335
375
358
347
337
375
367
338
351
378
369
353
337
384
375
349
350
364
363
333
339
393
376
335
344
387
363
347
347
383
363
357
344
370
359
345
343
379
360
350
341
363
355
340
335
381
359
346
339
380
361
350
342
378
371
356
342
378
365
347
355
383
361
341
340
384
358
376
332
369
365
334
345
378
368
333
357
382
353
336
336
386
368
340
353
397
365
348
356
407
355
348
348
388
354
357
345
383
358
344
334
379
347
338
340
381
348
335
339
388
349
323
322
351
350
333
330
375
360
346
326
382
349
324
332
361
352
337
328
356
349
331
333
349
356
348
332
362
341
355
323
384
351
341
339
364
353
340
335
370
347
345
328
372
361
339
339
373
351
355
325
385
348
340
333
366
358
343
338
388
352
339
352
378
366
348
329
376
361
346
331
366
353
344
337
362
350
357
334
374
351
327
347
366
359
346
340
358
365
351
347
371
362
358
341
380
360
337
348
394
370
370
351
378
363
354
341
396
364
349
341
377
363
348
347
371
364
353
340
385
347
347
348
382
363
348
342
371
368
356
334
369
358
354
344
373
366
342
359
385
366
345
348
413
377
351
355
388
362
358
344
395
366
354
342
389
370
349
351
371
362
353
342
392
365
356
339
388
366
348
349
379
359
358
342
380
359
368
350
394
351
358
359
388
353
340
340
383
355
353
335
367
356
347
340
368
346
345
334
365
369
332
337
379
360
345
336
372
345
345
336
375
380
356
339
381
364
354
346
374
365
345
348
384
365
352
340
388
372
349
345
384
367
348
352
385
371
348
329
381
358
352
333
369
358
351
343
359
352
339
343
368
372
348
341
376
355
337
343
385
366
348
354
389
359
361
346
381
352
355
334
394
349
365
344
374
351
340
339
379
349
336
339
365
350
336
335
372
345
340
335
381
360
336
325
390
351
343
340
358
362
346
336
366
362
340
344
368
353
340
341
386
349
348
345
362
358
329
334
370
345
348
358
352
359
336
324
356
357
354
333
353
350
347
330
374
352
339
336
369
348
347
343
381
363
346
338
389
357
370
363
382
370
346
354
362
363
372
363
373
370
352
353
377
365
343
347
381
356
347
338
380
362
337
341
388
358
353
365
373
357
353
345
380
370
363
342
391
354
350
344
380
375
348
352
374
357
340
340
381
369
355
346
393
362
354
337
370
363
337
337
383
344
353
356
372
363
357
347
397
371
352
359
398
371
357
354
399
365
367
348
395
376
361
359
391
358
348
356
409
367
354
361
386
383
356
371
392
378
375
375
403
386
367
365
407
383
374
360
403
386
379
377
389
383
361
365
398
379
375
364
406
380
366
357
375
386
371
361
397
401
351
355
397
366
348
349
394
389
358
361
396
379
353
354
391
374
356
361
405
389
355
353
386
369
348
340
378
354
371
342
412
373
340
339
383
353
352
344
377
358
347
348
362
352
363
341
366
352
368
335
363
353
352
337
382
363
351
345
368
357
330
342
371
348
336
332
359
349
333
327
350
344
330
325
358
335
334
320
339
340
345
333
372
344
340
351
358
348
342
336
368
347
347
347
372
358
360
349
382
358
348
358
380
361
357
354
400
360
347
349
398
373
352
354
365
366
352
343
384
364
351
344
384
369
359
341
383
368
344
332
364
346
328
329
373
356
337
344
370
356
336
326
363
342
347
342
390
351
337
340
370
340
347
337
375
359
339
342
354
348
344
339
373
360
333
331
376
360
342
332
374
364
331
345
380
362
352
350
387
373
358
346
373
379
354
347
386
369
363
354
388
360
348
352
380
354
363
352
364
362
336
341
375
357
352
347
378
368
354
343
377
375
361
354
399
385
363
356
389
377
367
357
386
372
373
348
373
362
359
351
387
377
349
343
371
368
351
352
386
362
358
350
383
379
369
368
397
391
361
361
388
381
375
365
406
391
374
376
401
398
380
371
408
393
382
371
395
396
390
375
396
379
392
371
408
402
389
372
410
390
366
380
418
381
383
367
416
378
398
360
396
381
377
365
407
376
377
356
401
382
372
378
409
392
385
357
405
396
381
369
401
397
357
365
399
379
369
354
399
376
373
363
413
366
370
356
378
380
365
362
382
386
362
348
385
377
366
355
381
382
376
365
384
368
373
376
395
378
370
354
414
377
376
369
396
384
371
380
391
382
373
356
386
374
370
373
393
385
376
364
402
385
367
360
379
382
356
352
394
353
350
352
383
365
340
344
391
363
353
347
385
373
356
356
385
378
346
349
395
373
362
363
396
388
367
362
387
376
363
350
397
376
353
352
375
363
357
352
370
351
343
334
384
378
345
336
373
364
358
347
369
372
347
350
383
363
369
362
378
355
364
355
375
375
351
340
372
348
356
342
363
353
349
340
365
350
338
328
372
376
343
327
376
357
353
358
375
360
354
353
380
376
362
353
373
373
348
357
377
358
347
332
370
347
349
336
372
349
359
346
373
352
349
341
374
366
356
358
395
379
375
352
420
378
363
370
390
379
362
365
396
385
362
361
390
368
358
352
382
365
357
371
407
371
358
375
403
366
361
365
390
386
375
365
403
380
364
356
417
382
368
351
401
371
368
378
380
393
378
369
401
390
382
373
418
391
380
393
410
408
389
384
433
398
388
382
439
417
400
398
420
417
396
394
417
408
401
388
429
404
400
387
419
407
384
390
414
396
388
372
405
401
366
370
399
385
380
368
404
384
382
367
412
392
387
368
390
387
374
365
383
375
368
350
396
378
400
368
401
392
373
381
387
390
372
382
401
391
386
385
408
388
383
380
416
396
389
394
411
391
386
391
424
384
381
375
399
392
376
371
399
388
360
370
396
390
380
366
385
377
365
363
374
374
367
353
377
368
350
358
377
361
356
346
374
370
351
352
506
357
333
348
381
354
348
338
361
365
342
341
366
354
343
325
364
347
346
327
360
361
348
331
371
354
337
337
358
353
325
332
370
343
339
337
366
356
340
346
368
357
343
339
369
356
342
340
373
373
350
354
389
373
356
349
399
395
366
357
397
363
352
348
402
374
363
348
369
382
370
352
375
369
358
337
388
365
365
341
385
365
345
349
379
359
340
346
372
367
350
331
369
367
355
353
397
358
354
350
390
379
353
360
403
386
368
356
380
381
353
348
380
362
347
354
384
370
349
346
373
368
344
361
378
364
355
359
366
371
355
345
394
372
367
355
373
358
350
357
386
358
346
340
383
382
344
349
386
378
355
357
380
372
351
353
381
374
364
347
404
364
356
366
374
372
371
368
393
385
385
365
394
385
372
371
408
400
379
370
408
405
381
371
396
395
382
374
404
404
385
365
400
383
374
373
443
399
379
367
410
380
381
377
415
384
387
380
425
396
380
375
419
414
392
372
413
406
388
385
424
400
398
403
429
396
387
401
414
412
399
390
409
385
394
399
422
397
375
383
400
396
387
370
397
377
375
363
377
382
366
369
396
386
361
363
378
367
357
345
378
362
343
344
378
345
335
319
382
340
331
326
354
333
329
314
352
356
328
324
351
348
324
323
387
343
337
335
378
370
349
340
394
367
362
356
377
380
360
356
387
387
355
355
420
375
367
371
389
384
372
365
411
400
368
375
397
400
367
370
396
390
390
369
400
387
370
368
415
407
380
368
404
382
366
357
383
391
375
368
385
388
359
358
381
372
350
345
386
357
348
335
372
362
337
323
353
348
321
320
340
329
329
316
351
331
324
318
358
339
319
327
363
359
333
341
362
378
336
357
387
366
360
351
388
364
362
364
375
391
375
356
404
376
378
369
395
387
364
372
376
385
386
368
396
385
366
361
396
398
372
372
393
383
374
367
414
396
384
366
408
394
391
369
394
399
360
376
402
383
377
363
406
399
368
379
402
375
387
376
403
389
367
362
419
381
387
369
400
390
368
380
411
390
362
374
393
378
356
374
405
396
367
368
403
385
375
372
400
397
389
371
403
390
393
380
406
396
384
374
399
378
377
381
404
387
371
384
398
396
396
386
394
397
376
375
421
400
390
377
418
398
386
380
418
404
400
381
410
389
381
384
398
388
383
385
405
389
382
374
403
392
371
377
402
383
372
375
412
394
371
378
414
393
384
382
404
401
391
381
424
400
393
386
414
400
388
370
395
394
373
367
396
400
363
384
390
392
376
377
395
387
374
365
403
390
375
388
402
385
391
387
426
403
381
384
429
391
376
380
408
396
376
367
404
404
385
384
410
399
382
383
398
383
367
357
418
397
390
382
422
379
380
370
409
397
367
370
405
379
367
380
398
386
366
380
409
390
376
380
418
386
387
377
402
389
382
379
397
408
372
372
403
380
364
366
406
377
373
374
407
395
390
373
416
394
380
368
404
396
408
375
425
402
382
368
413
399
383
376
411
401
380
373
408
386
383
367
427
406
376
387
394
387
383
372
400
385
364
375
407
389
358
362
395
383
357
361
403
375
362
361
389
368
353
343
398
365
367
344
386
368
356
350
388
361
360
348
398
388
356
358
396
381
363
360
401
372
360
352
404
383
350
359
401
376
364
357
394
381
367
367
407
377
362
356
396
385
360
364
399
377
365
360
385
374
353
360
393
375
352
355
401
370
359
354
391
360
361
359
393
364
358
359
395
363
362
341
408
356
353
349
398
361
350
350
381
368
354
341
401
368
345
347
376
353
352
363
390
371
340
346
377
373
343
340
397
359
348
343
379
365
348
348
376
365
350
335
378
368
350
354
363
356
332
346
368
359
355
339
382
374
344
342
378
359
345
342
389
354
341
338
372
365
337
347
387
372
350
340
380
358
342
341
360
366
350
338
369
367
331
352
373
351
335
345
395
351
352
344
386
357
335
359
378
368
348
337
369
358
343
335
367
371
341
340
387
353
358
334
361
349
331
342
392
366
325
336
380
360
343
325
378
355
338
335
380
356
361
332
366
344
335
342
365
356
356
325
380
346
348
333
363
358
335
332
367
352
349
338
372
348
347
338
380
367
334
344
372
361
332
331
365
352
345
338
375
353
327
324
382
356
326
341
365
349
354
332
366
347
342
341
367
358
336
328
381
370
339
337
412
357
337
338
406
356
346
345
396
349
330
341
384
366
339
346
370
352
347
357
367
353
344
317
251
252
252
253
252
252
252
253
389
355
252
252
251
0
0

