;UFOS3
;Measurement details: channel = S, date = 28.08.2020, time = 12:37:08
Exposure=1100
Gain=0
Temperature=19.9
Accummulate=4
3.045738555440498 mu
3.1085569275673777 amas
18.643 hs
0 ozone
0 uva
0 uvb
0 uve
[Value]
0
252
253
253
251
251
253
253
331
311
271
267
337
301
267
277
339
299
276
272
342
309
292
274
347
316
284
286
346
344
304
290
325
323
283
279
372
329
289
284
333
314
287
289
357
323
299
279
354
321
281
287
355
317
300
291
360
314
296
302
357
311
275
307
350
311
291
292
343
314
290
276
353
312
292
278
344
320
286
292
353
313
298
281
331
305
289
295
351
304
290
289
353
319
279
283
359
315
281
281
329
326
284
282
361
311
291
278
336
318
297
280
344
324
284
298
333
312
295
283
341
315
294
279
339
335
296
296
338
313
294
284
356
323
295
287
350
309
289
279
348
321
291
284
343
324
277
297
352
310
280
285
348
309
300
288
347
320
284
288
371
316
289
289
331
318
293
291
335
313
286
284
355
317
295
286
360
320
291
289
360
309
285
283
340
320
280
283
348
320
287
294
359
322
289
294
340
315
288
278
357
306
286
283
349
321
278
278
346
316
278
292
348
324
294
299
341
307
300
283
362
324
288
293
328
312
288
284
322
318
280
291
359
311
288
287
338
319
294
287
338
323
288
276
338
300
292
289
340
305
297
286
346
308
288
278
331
314
292
283
326
311
298
276
350
300
298
283
343
311
279
290
359
306
284
300
357
318
293
281
349
302
278
295
341
312
281
296
343
320
297
293
364
310
286
299
340
320
290
293
329
316
289
289
338
313
298
287
347
310
284
288
347
322
304
282
358
303
298
283
342
311
277
300
336
315
285
284
343
313
303
295
337
316
301
288
363
319
301
294
351
314
286
280
342
341
287
276
332
308
301
280
336
323
288
301
353
309
281
293
349
310
298
278
338
307
292
286
350
316
287
292
335
318
295
290
348
322
294
274
346
309
289
290
344
308
294
282
344
295
295
282
332
320
295
288
352
318
294
294
356
305
293
281
334
319
283
286
334
326
279
280
349
316
291
280
331
316
284
292
338
326
304
281
338
311
289
292
345
322
292
284
346
319
290
283
341
317
283
284
340
327
299
300
344
307
299
290
338
306
278
299
333
327
285
288
325
319
282
289
340
314
297
297
338
310
290
291
339
313
288
305
335
322
296
293
342
336
289
284
343
311
283
285
344
312
301
283
345
301
294
294
342
309
309
289
339
302
289
276
323
330
294
283
337
324
283
279
337
313
289
286
346
312
306
292
346
314
289
281
342
305
292
291
340
305
295
289
340
310
287
289
337
309
282
286
341
310
293
292
345
318
291
287
333
323
295
288
319
316
294
287
333
315
284
295
345
318
292
289
352
325
291
295
343
314
287
293
348
322
287
285
345
315
278
290
325
304
304
287
342
316
288
293
345
304
301
293
334
313
296
285
344
320
298
285
328
315
282
299
331
312
281
285
334
304
296
295
330
322
292
307
336
310
282
291
336
308
290
297
332
312
294
304
341
309
296
293
335
311
297
307
332
325
297
300
338
309
293
288
353
298
303
290
330
310
293
294
337
306
294
281
332
315
301
289
350
318
285
286
334
307
292
294
350
309
297
295
339
321
283
291
345
313
301
299
344
306
298
296
332
318
284
288
334
315
281
275
332
326
315
299
346
317
288
296
339
303
288
281
344
313
293
289
337
321
309
278
332
309
306
288
335
311
285
302
334
311
300
291
337
314
292
283
334
319
296
300
340
313
304
291
340
315
297
301
345
310
294
291
335
304
302
299
324
308
293
298
337
328
297
282
327
308
300
285
334
312
285
276
351
314
296
283
341
313
287
283
355
319
293
295
335
309
300
296
341
311
281
281
338
312
309
286
339
312
299
289
342
300
282
294
349
312
302
288
322
301
299
303
337
310
318
297
332
314
295
292
334
309
296
282
339
316
296
288
337
315
305
289
335
321
308
286
340
315
292
288
329
303
304
283
353
315
297
289
330
313
286
289
336
316
314
297
335
312
290
292
338
319
282
280
336
315
282
290
344
319
296
294
334
315
288
294
331
320
292
296
338
323
301
296
333
322
298
298
345
319
288
289
345
311
288
288
344
329
289
289
353
323
300
294
332
309
313
293
349
322
294
290
337
309
308
298
349
320
299
290
331
323
307
288
342
308
296
284
338
330
298
302
349
324
313
304
326
313
295
297
343
314
294
293
345
314
288
302
366
330
297
289
340
319
286
310
347
316
312
294
361
318
300
286
355
334
305
299
353
303
306
299
346
325
299
295
351
314
298
301
349
324
309
302
344
320
315
294
344
323
298
309
335
325
300
299
329
326
297
300
345
318
296
302
332
335
311
309
354
324
307
305
340
321
307
297
354
316
313
296
346
331
311
314
354
314
304
311
334
331
311
316
349
320
299
297
345
321
305
297
328
325
300
322
345
329
315
307
352
325
303
302
335
322
320
309
346
324
310
313
352
329
314
293
343
334
309
308
350
332
312
305
340
325
308
296
362
316
301
291
342
331
300
306
339
320
308
303
333
318
326
301
354
320
320
302
370
334
315
305
359
318
315
309
343
341
323
297
353
316
316
306
353
352
315
304
347
319
307
318
346
326
311
303
339
327
324
309
345
330
302
320
365
321
320
314
376
344
324
314
359
340
321
324
346
328
315
318
361
343
326
308
349
325
325
314
344
326
312
315
355
343
309
311
345
339
318
301
340
335
305
317
352
356
322
307
348
322
331
303
365
345
310
305
353
326
322
319
347
325
319
316
349
338
319
320
356
333
314
305
356
320
303
311
348
341
306
322
355
324
328
311
358
335
320
320
357
330
313
310
356
341
315
318
348
332
321
312
358
341
322
323
367
342
324
318
362
354
328
328
379
349
336
326
379
348
325
325
378
331
325
328
377
342
307
322
358
352
331
317
360
345
328
311
346
331
319
325
371
332
332
325
375
354
330
327
370
334
335
339
357
355
324
327
376
359
340
329
374
357
333
328
389
369
342
342
371
349
358
322
375
357
341
341
391
359
348
325
371
353
334
325
373
356
332
336
377
347
328
325
375
352
328
335
363
342
328
348
366
363
343
331
356
347
327
325
361
347
324
333
389
347
324
319
367
336
325
335
355
354
327
338
366
362
347
329
356
347
344
339
374
360
336
334
372
351
330
332
389
358
342
335
359
352
350
347
392
380
338
343
382
374
339
352
377
355
341
352
385
372
346
331
378
358
341
330
372
357
339
347
371
347
335
330
368
350
347
329
371
361
334
327
374
362
351
335
370
363
338
352
374
354
341
356
372
355
340
340
385
355
358
345
379
351
338
334
373
357
348
335
375
367
338
353
374
371
355
338
383
373
348
350
364
363
335
339
394
376
334
344
388
365
349
347
383
362
355
346
371
356
344
341
378
362
347
342
363
355
340
335
380
361
347
339
378
359
349
339
376
369
355
342
376
366
348
357
383
361
339
338
384
358
372
334
370
364
333
346
379
368
334
353
381
351
336
335
386
368
340
351
398
365
350
358
407
355
347
350
388
356
355
345
383
356
346
331
380
348
338
342
382
350
338
339
389
351
324
322
350
352
332
333
377
359
344
329
383
348
323
333
359
351
340
326
357
347
329
332
348
356
346
330
362
342
356
323
387
352
341
338
362
354
339
334
368
345
345
328
372
359
339
338
373
352
357
326
385
347
338
330
365
356
343
338
389
349
340
352
381
367
345
330
376
359
347
333
365
350
345
336
365
350
358
339
372
350
326
345
363
357
344
337
360
359
348
348
371
360
356
341
380
360
335
349
395
367
369
350
376
363
355
338
398
363
350
338
378
360
346
344
372
365
350
339
384
343
349
347
380
363
347
339
371
369
356
333
369
357
351
344
376
364
342
356
386
365
346
346
413
377
351
355
386
361
357
346
394
366
352
342
387
369
348
349
371
360
351
342
391
363
353
339
387
364
349
346
373
359
361
344
378
360
365
349
389
352
358
358
390
352
339
338
382
357
353
336
367
354
347
340
366
346
347
336
364
364
330
334
377
359
343
336
371
346
342
337
376
380
351
341
379
365
353
348
373
366
346
346
381
366
352
339
383
368
350
346
382
367
349
350
385
368
347
330
381
356
351
331
369
358
348
339
355
354
338
341
364
371
343
341
374
353
336
345
384
363
347
355
387
360
360
346
379
352
353
332
394
348
364
343
371
349
336
334
377
353
336
339
365
350
336
333
371
348
340
336
378
361
336
325
389
350
344
338
357
363
347
339
366
362
340
341
367
350
339
341
386
348
350
346
359
356
326
333
369
345
348
358
349
357
338
326
358
356
355
331
352
350
344
330
377
350
337
335
369
347
350
344
378
363
346
338
389
359
367
363
381
367
344
351
360
361
371
362
372
370
351
351
376
364
341
345
382
358
345
339
378
361
336
342
385
359
352
362
372
357
354
346
380
369
361
342
386
350
351
346
379
374
344
352
373
356
338
336
381
365
352
347
392
358
354
335
371
362
336
332
381
342
351
355
370
364
356
345
392
368
351
358
396
371
356
350
399
365
369
347
388
378
362
357
391
358
347
352
405
364
353
358
384
382
357
370
392
374
374
375
402
384
365
363
406
382
372
361
401
385
380
373
391
380
359
364
392
379
374
361
404
377
368
356
374
384
369
361
395
400
350
356
398
364
345
350
391
386
359
357
395
379
353
352
391
376
356
360
402
388
355
353
386
366
346
338
377
354
368
339
411
373
339
339
382
350
350
342
376
360
345
349
361
349
362
338
366
350
367
336
364
354
350
338
379
363
348
347
370
358
327
342
370
348
335
332
360
348
335
323
350
346
329
325
360
334
332
319
337
338
346
329
371
344
342
351
358
348
340
334
368
345
346
348
375
355
359
348
384
357
348
356
376
363
357
351
397
359
347
348
394
371
349
351
362
365
349
340
383
359
349
341
380
370
359
340
387
368
342
331
364
347
328
328
370
352
340
344
369
356
335
326
364
343
344
340
386
351
336
340
367
339
345
336
375
357
339
340
355
350
343
339
371
357
333
331
376
356
344
329
377
364
334
343
377
362
352
348
384
370
358
348
373
375
351
345
385
366
362
354
385
360
346
347
379
355
364
352
365
362
334
339
376
359
353
345
378
368
351
342
379
375
360
351
398
387
363
357
387
377
367
352
384
369
374
349
372
361
357
350
388
373
346
343
370
364
349
352
383
361
356
349
382
377
366
365
396
392
361
359
385
380
374
365
405
389
369
371
400
395
377
368
406
393
380
368
397
394
389
375
392
378
393
364
411
399
390
371
410
386
365
376
418
379
382
368
414
378
397
357
396
380
376
366
404
373
373
356
405
384
368
373
408
390
382
358
403
394
378
368
398
396
355
364
398
377
368
354
398
373
369
362
411
364
365
354
377
380
361
361
379
386
361
346
384
372
364
354
379
382
373
366
383
365
372
374
392
374
367
352
416
378
371
367
393
380
371
381
390
379
370
358
386
375
369
369
393
385
372
361
399
383
365
359
376
379
355
354
393
352
346
347
378
362
341
343
386
360
350
345
383
371
354
354
382
374
346
349
393
373
359
365
395
384
366
363
388
375
359
347
393
377
352
351
372
363
356
350
367
352
343
335
382
378
343
336
370
363
356
346
369
371
343
347
381
359
368
357
374
354
364
356
376
375
349
337
372
348
351
342
363
350
350
342
363
349
338
329
372
374
341
326
377
357
354
358
373
356
354
351
378
374
361
351
370
369
347
355
374
356
345
332
368
346
349
335
375
347
356
343
372
350
347
342
373
367
354
359
395
379
372
350
417
376
361
368
389
378
358
364
394
385
362
360
388
365
353
352
375
365
353
366
407
365
356
371
402
364
360
362
388
380
371
362
402
379
363
360
414
379
367
352
397
369
367
376
378
390
375
367
398
389
382
370
416
388
378
391
411
410
388
380
428
394
384
382
436
411
394
395
415
418
391
392
412
409
398
383
428
402
400
383
419
403
384
389
409
393
387
372
403
401
365
367
398
387
379
367
402
380
378
368
412
391
383
369
390
382
373
365
380
375
367
348
392
375
397
366
402
392
369
377
388
388
370
379
402
388
383
379
407
383
381
378
417
393
388
392
407
388
384
391
420
379
381
373
398
390
372
370
395
386
361
367
396
387
377
363
381
374
364
362
371
375
366
350
375
368
349
356
374
360
352
345
372
369
346
352
485
353
330
348
379
353
348
336
360
364
341
339
364
352
342
322
364
346
343
326
356
361
343
331
370
353
341
335
356
354
324
329
371
344
336
336
365
354
339
346
365
355
341
336
368
354
338
341
373
370
351
350
387
367
352
351
399
395
365
355
394
362
352
348
401
370
362
344
368
381
366
353
373
367
358
337
387
363
362
340
385
362
343
349
376
358
335
347
370
362
350
330
368
365
353
352
393
359
351
349
390
378
353
362
400
383
365
354
379
378
352
347
377
356
346
354
383
367
349
346
370
367
343
359
376
365
352
355
366
367
354
345
395
372
363
354
371
356
348
353
387
357
345
340
383
381
345
345
383
375
352
355
377
373
348
352
381
371
361
345
401
364
354
365
372
369
367
366
391
385
383
365
395
381
367
367
404
399
377
367
405
400
380
368
393
392
378
371
400
402
382
362
399
381
375
370
437
397
376
362
406
376
374
375
414
380
387
376
419
391
380
372
412
412
394
367
409
401
384
378
419
394
393
401
425
394
383
396
409
410
396
384
405
384
392
399
418
397
371
380
396
395
385
367
394
375
375
360
374
382
363
371
395
381
359
360
375
368
353
342
375
360
342
345
378
341
333
320
378
337
331
327
355
330
326
316
350
355
328
323
351
348
324
321
385
343
338
334
380
367
347
338
391
365
360
356
378
378
358
354
384
384
354
356
420
373
363
367
388
381
370
364
409
396
365
373
393
398
366
367
394
389
388
365
399
384
368
363
408
405
376
361
399
382
364
354
383
390
372
364
383
385
359
356
381
367
349
342
387
357
345
332
369
360
336
322
351
348
320
321
338
329
325
317
354
328
321
318
356
338
318
326
363
358
332
337
361
375
339
356
382
364
359
350
385
361
360
363
374
389
374
354
400
374
380
364
393
386
360
369
370
382
384
368
396
384
365
360
395
395
365
367
389
381
372
367
411
391
382
362
405
396
387
364
391
398
355
374
397
378
374
358
404
395
363
378
400
375
382
373
401
387
366
359
419
374
383
367
396
386
365
378
408
386
361
372
391
377
357
374
406
392
365
366
398
383
374
368
400
397
385
365
399
389
387
378
405
390
382
369
395
379
370
379
398
386
367
380
399
393
392
382
390
396
373
374
418
396
386
373
418
392
381
374
417
401
395
379
405
384
376
381
397
386
379
386
402
385
382
368
399
388
366
370
401
382
372
374
406
397
369
375
410
389
379
377
400
396
389
377
420
398
389
381
410
398
384
369
394
391
370
364
396
397
363
384
389
389
375
373
391
384
371
364
398
386
370
384
402
382
388
386
420
400
379
381
430
388
372
376
403
391
373
363
402
402
382
382
408
399
379
380
395
383
363
352
417
393
387
378
417
375
379
372
403
391
364
370
401
374
365
379
393
382
364
378
407
388
371
376
414
383
385
377
397
388
378
376
398
406
371
368
401
380
361
361
405
373
372
372
406
397
383
368
415
392
376
363
401
392
403
374
419
398
381
365
412
396
379
375
408
399
379
372
404
384
381
364
421
401
375
385
392
384
379
369
395
382
359
372
405
389
355
359
394
380
355
357
398
370
358
358
384
366
349
341
396
362
366
343
383
370
353
350
389
361
358
346
398
384
354
356
394
379
362
359
399
370
359
350
400
378
350
355
400
372
361
353
390
377
364
366
405
376
358
352
392
382
356
359
400
374
363
359
385
373
351
358
391
371
349
349
397
366
358
349
387
356
361
357
393
362
353
358
394
359
360
340
405
355
349
348
395
359
349
347
377
366
355
338
398
366
344
347
376
351
350
363
388
368
339
345
376
370
342
338
396
357
348
342
379
363
346
347
372
364
349
334
373
367
344
351
364
357
329
342
367
357
353
339
381
374
341
341
376
356
342
339
386
351
343
335
372
362
335
345
384
372
347
336
379
355
338
339
359
366
349
334
365
364
328
350
371
352
330
341
393
349
349
343
383
354
331
356
377
366
348
335
370
358
342
337
362
368
337
337
386
350
354
331
359
350
327
339
388
366
323
339
378
357
340
323
377
352
335
334
381
353
356
330
367
341
332
339
364
354
351
321
377
345
344
334
363
357
335
329
364
353
348
336
373
349
344
339
377
366
332
342
372
360
330
328
364
351
342
336
375
350
327
322
381
351
329
342
359
348
350
331
366
346
340
340
365
356
334
325
380
370
338
336
409
354
334
337
403
354
345
341
391
347
328
339
386
362
337
342
371
347
346
356
364
353
343
318
252
254
251
252
253
252
251
252
387
354
253
253
252
0
0

