;UFOS3
;Measurement details: channel = Z-D, date = 28.08.2020, time = 12:56:05
Exposure=1100
Gain=0
Temperature=19.9
Accummulate=4
3.36133658458103 mu
3.433533387945434 amas
16.721 hs
288 ozone
0 uva
0 uvb
0 uve
[Value]
0
1
1
-1
-1
1
1
-2
4
4
2
3
3
5
5
2
1
3
4
5
2
5
8
7
5
5
6
5
6
5
5
3
6
6
9
6
6
6
6
4
7
8
5
4
7
1
4
5
7
9
5
6
7
8
6
4
5
8
6
4
5
9
3
4
6
6
4
5
6
5
4
7
4
6
7
3
5
6
4
4
3
7
8
7
7
4
5
4
6
7
5
5
4
5
5
8
5
7
4
9
8
6
5
8
8
4
6
5
6
7
3
10
7
7
4
8
5
5
7
6
7
4
2
7
6
6
7
5
10
5
7
5
9
5
5
2
6
7
5
7
6
3
5
5
4
5
5
4
5
6
6
6
6
7
7
6
6
7
7
3
3
6
7
6
6
6
5
6
6
4
6
9
5
4
2
4
2
7
5
6
7
4
6
6
6
6
4
7
6
7
3
7
6
5
6
5
3
5
4
5
2
4
5
7
7
5
7
5
8
5
5
8
6
6
5
6
4
3
6
6
4
7
7
4
7
7
8
6
7
3
6
4
7
8
4
4
7
6
6
6
6
5
5
8
5
8
9
4
4
5
7
7
7
5
2
6
5
6
8
5
8
5
8
6
5
5
7
4
8
5
5
7
3
5
3
3
5
3
6
5
6
6
6
3
7
2
5
9
6
7
8
4
5
7
7
7
3
2
7
6
4
4
7
5
4
6
3
3
5
7
6
8
8
4
4
7
4
6
5
7
5
3
5
6
11
6
4
5
5
5
5
8
9
3
5
3
5
7
5
5
7
4
8
6
4
2
8
8
4
6
5
2
5
4
5
7
5
7
5
10
5
6
6
8
6
6
6
6
7
4
6
4
6
5
7
7
5
7
7
5
6
5
7
5
6
8
7
4
6
6
7
5
3
6
5
7
5
6
2
5
6
6
8
5
8
5
8
6
8
5
8
8
8
5
7
8
6
6
7
4
7
6
8
10
7
5
5
8
5
4
9
6
5
6
6
4
7
7
6
7
8
4
6
6
6
7
7
6
6
6
6
4
3
7
4
5
6
7
8
5
4
3
7
7
6
7
5
6
5
4
6
4
7
7
5
4
3
5
5
6
6
4
5
5
5
8
5
6
7
8
6
6
7
4
5
7
6
7
7
7
6
5
6
7
5
8
6
5
7
7
4
5
7
5
6
7
7
3
6
3
5
4
6
7
8
4
6
6
4
6
6
2
8
4
6
4
7
6
6
3
8
10
8
6
7
5
6
7
7
6
6
7
8
6
7
6
5
6
7
7
6
6
7
5
6
6
6
6
8
2
6
7
3
8
6
8
3
6
6
5
7
8
8
5
5
6
9
3
5
7
7
6
5
7
5
5
6
8
8
6
6
4
7
7
5
7
6
4
4
2
8
4
7
8
5
5
9
5
5
6
7
4
8
5
11
5
4
6
6
5
8
6
8
7
7
7
6
11
7
9
6
5
8
5
6
6
7
8
4
8
6
7
7
6
7
6
7
8
5
6
9
8
6
6
4
4
7
7
7
5
7
6
5
7
10
6
6
8
6
7
7
7
7
7
6
5
7
6
7
7
7
4
9
4
5
7
8
7
8
9
7
7
9
8
8
6
7
7
7
7
6
7
8
6
7
6
7
9
9
5
8
8
10
9
7
7
6
5
8
6
10
6
10
8
10
5
10
9
8
5
8
7
8
8
8
9
6
8
8
11
9
7
6
7
8
9
8
7
9
8
8
9
8
9
6
13
8
8
8
7
9
8
7
10
12
12
11
10
8
10
9
7
8
8
12
8
7
11
9
10
9
10
9
9
9
11
9
9
11
8
7
11
10
9
9
8
8
11
8
10
8
10
11
12
10
11
9
10
10
11
10
13
12
11
11
10
13
13
14
13
11
11
14
13
15
13
11
15
14
15
13
15
13
15
14
14
13
14
14
14
15
17
14
17
14
16
14
15
16
15
14
14
15
17
16
15
17
13
14
18
15
16
16
17
16
13
16
17
14
15
15
16
18
18
13
16
18
18
15
16
17
13
18
20
18
19
18
19
17
20
17
15
17
18
20
21
19
21
22
22
22
23
25
27
26
28
25
29
27
31
29
30
28
31
32
30
31
33
30
32
30
32
33
31
32
31
31
33
32
31
31
33
32
37
35
35
33
31
32
37
34
34
34
38
37
42
40
39
38
39
44
42
42
43
42
44
47
44
50
49
46
49
46
47
47
48
53
54
47
50
52
49
47
50
48
50
49
51
53
53
54
53
53
57
59
59
62
60
63
62
61
62
60
62
65
62
64
60
68
67
62
65
65
65
68
66
70
74
69
74
72
72
72
76
78
80
77
79
79
82
77
76
80
77
77
75
73
74
70
72
69
67
67
66
66
64
61
64
63
65
62
68
66
65
69
68
73
73
77
79
81
82
85
85
87
91
89
89
96
95
96
100
99
99
103
104
103
102
107
105
105
107
108
108
108
110
111
107
110
104
106
103
99
96
96
95
95
90
90
88
89
91
89
90
89
91
88
91
90
94
93
97
96
99
106
107
112
114
118
119
119
119
120
119
123
119
121
117
118
118
117
114
115
109
111
109
108
108
110
109
107
108
106
110
110
110
113
117
119
121
121
124
127
129
131
133
137
141
139
150
149
150
150
151
153
156
160
159
163
161
163
155
158
163
157
154
154
152
149
149
149
152
147
148
148
143
146
147
155
151
153
153
157
162
159
161
164
163
167
165
166
163
166
170
170
167
164
165
165
163
160
157
153
154
151
150
151
151
145
146
152
150
148
153
156
157
159
161
160
160
168
172
177
178
174
187
189
187
192
199
201
201
201
208
210
217
215
213
219
221
224
225
228
227
225
231
238
236
238
242
241
237
234
231
233
226
230
227
223
219
218
218
220
215
216
214
219
213
209
210
215
219
214
219
226
227
228
233
245
246
249
254
259
266
271
272
280
280
278
291
296
298
298
301
295
297
298
295
300
297
298
303
301
302
299
304
305
309
301
300
301
302
293
293
295
291
291
295
295
293
292
291
295
288
285
276
281
279
273
274
269
273
265
266
262
262
261
264
261
258
254
254
253
252
241
249
246
251
250
252
251
249
249
254
258
259
255
261
263
268
269
274
277
282
285
295
299
302
306
309
319
322
330
335
342
348
348
359
364
360
361
360
366
367
370
374
378
380
376
379
376
378
377
370
370
376
365
369
361
354
348
348
342
339
332
335
333
328
328
318
319
318
319
322
325
323
323
326
329
334
326
331
333
339
337
343
341
343
347
346
349
352
347
358
365
368
365
367
375
379
380
376
380
380
380
378
384
386
387
388
389
388
392
390
392
390
389
388
383
386
384
389
391
395
392
399
405
409
404
401
402
402
388
384
388
382
374
370
377
370
371
368
364
367
355
359
361
353
355
354
353
348
351
357
362
360
365
379
385
387
389
392
403
399
397
402
403
396
393
392
396
393
390
390
398
397
391
399
395
393
393
394
397
394
391
393
399
397
402
406
412
415
409
401
399
388
372
362
356
342
339
328
325
318
312
313
300
305
300
302
301
302
296
299
303
306
311
312
315
317
321
319
315
317
312
303
298
293
288
285
280
275
275
277
278
281
292
292
301
305
311
315
322
318
332
324
328
329
329
330
334
335
337
330
332
335
331
333
329
329
328
332
338
336
337
344
343
351
356
360
367
376
371
375
374
372
369
365
371
369
355
362
361
359
353
353
355
361
363
363
365
364
365
369
374
382
388
398
404
409
413
419
429
427
433
432
440
435
435
434
439
439
431
425
424
423
418
419
413
412
403
407
406
407
409
412
418
416
412
413
414
408
400
400
399
405
400
397
409
407
403
401
413
408
412
420
425
425
430
434
450
446
450
456
462
465
467
468
472
475
473
477
471
468
465
470
466
462
466
465
471
473
482
477
484
488
489
499
495
494
494
494
490
489
496
495
500
505
497
492
487
481
474
469
475
464
456
445
434
426
420
415
404
395
384
376
373
355
344
340
340
339
330
334
335
335
338
345
350
356
364
375
391
398
407
416
418
422
430
435
443
444
446
446
453
459
459
466
464
468
462
460
457
451
444
444
435
429
425
418
415
413
411
402
410
402
400
395
394
391
394
388
390
387
390
395
404
405
408
410
413
417
424
426
436
432
429
428
431
424
419
420
417
416
410
408
400
392
387
381
374
373
367
365
367
359
354
355
355
360
360
365
367
364
366
374
370
374
379
383
383
388
390
388
389
389
394
392
390
385
387
381
377
377
372
371
374
371
367
369
369
370
364
366
367
363
356
351
348
346
346
345
343
348
354
361
370
373
380
386
390
399
398
406
417
421
424
434
442
450
450
460
472
472
471
476
480
479
477
481
479
477
471
467
470
462
459
462
459
450
448
439
442
438
430
427
429
431
427
426
433
430
437
438
447
451
454
469
464
466
469
471
475
481
484
485
485
483
470
466
465
453
445
428
428
417
414
411
414
414
411
417
430
433
440
443
452
457
464
468
481
487
495
506
513
527
531
539
550
550
555
550
552
553
558
563
570
568
571
579
584
585
588
594
588
591
596
587
591
605
596
603
604
610
606
613
612
610
603
600
604
608
614
615
626
620
618
621
623
619
611
610
610
611
598
583
587
586
578
577
581
578
573
566
565
557
552
545
548
550
545
545
548
550
550
557
568
570
574
560
555
549
540
529
522
511
510
510
503
495
481
472
465
451
439
426
413
409
402
394
393
388
389
393
394
399
406
409
416
413
414
418
421
422
426
439
439
437
432
428
417
415
402
394
385
377
372
364
361
350
340
331
325
311
303
300
290
294
292
294
295
297
297
306
319
327
326
337
348
351
357
367
375
387
392
405
413
418
433
445
453
462
459
470
475
477
477
483
488
495
500
504
496
500
500
495
500
494
491
488
481
470
467
459
456
452
441
436
436
424
407
407
395
386
381
373
384
376
374
381
381
379
374
379
385
387
390
391
399
402
409
407
421
417
417
414
410
409
402
398
399
401
397
396
402
397
398
401
400
399
402
410
415
423
433
446
462
483
492
508
520
527
539
540
549
547
533
531
527
523
519
519
512
507
501
488
480
476
471
458
457
456
452
463
458
464
470
482
493
510
523
536
546
555
555
563
568
572
578
585
583
579
577
576
578
573
568
566
560
553
538
537
529
524
519
512
519
520
519
522
538
540
553
558
574
577
593
601
614
625
633
643
663
668
680
689
707
702
712
720
730
734
735
728
742
739
747
743
746
743
745
736
744
733
742
738
734
728
729
720
723
718
719
708
704
697
688
694
697
695
701
701
704
705
702
702
709
711
713
710
708
717
709
714
711
710
708
696
698
689
667
660
660
652
646
639
631
631
628
624
628
627
613
617
621
617
609
611
606
595
601
595
595
599
596
605
601
604
606
614
619
622
620
622
629
631
630
636
644
648
654
654
661
670
659
665
674
670
670
668
670
669
668
661
671
676
666
675
671
663
654
653
646
631
621
618
613
591
583
569
558
543
532
519
516
512
505
500
505
502
512
510
524
536
548
557
580
598
596
605
617
627
637
641
653
660
643
649
635
624
610
591
582
566
548
533
519
505
489
475
474
468
468
462
471
472
474
466
474
477
487
497
519
528
531
545
556
563
566
566
567
561
555
547
533
518
504
487
475
462
455
449
427
421
405
400
395
391
396
394
403
406
420
426
437
447
463
475
482
499
506
517
529
521
523
517
527
520
511
504
492
483
461
451
438
425
417
414
414
416
423
431
442
448
464
480
497
519
532
558
581
597
602
618
628
642
644
654
653
655
653
649
656
641
641
640
633
634
612
608
607
602
592
596
601
601
611
613
623
629
631
640
644
648
647
640
651
644
656
653
659
672
684
693
698
715
711
723
735
740
752
764
782
793
801
802
812
820
831
841
855
856
867
873
885
889
891
892
900
910
923
925
940
937
932
929
931
926
922
902
908
904
883
865
856
839
822
820
809
804
793
786
777
763
754
747
733
734
728
735
730
727
712
715
711
704
689
685
682
677
667
659
659
656
659
665
668
672
688
695
708
723
735
741
757
769
773
781
798
798
810
815
816
828
835
838
832
833
840
836
837
840
825
828
815
804
800
779
776
765
750
739
744
727
706
703
696
684
668
649
629
615
600
586
575
569
568
559
568
565
555
556
553
552
536
524
518
506
494
479
471
470
463
455
461
460
451
451
446
438
427
415
411
407
402
400
397
401
404
403
404
407
402
405
407
407
399
391
393
387
382
383
377
379
385
391
404
408
418
423
436
451
459
463
471
485
489
501
526
542
551
565
581
586
594
605
609
604
597
608
610
605
608
606
608
602
596
594
600
592
585
576
575
571
564
568
562
555
543
548
534
524
508
499
487
488
480
485
497
498
501
504
517
518
528
537
540
547
555
560
568
582
595
606
617
618
607
604
596
580
577
562
553
539
534
527
530
529
534
535
543
551
554
554
558
560
561
552
560
571
571
581
586
596
593
596
590
581
574
576
567
564
566
561
563
564
553
554
559
564
567
561
559
555
550
548
554
557
567
577
581
595
602
597
607
621
628
641
652
663
669
688
700
711
724
735
750
756
766
766
772
776
776
772
777
797
788
783
780
788
783
784
791
788
781
774
767
748
743
754
752
754
760
767
775
779
774
781
791
795
804
818
838
849
857
863
880
895
907
915
924
923
929
925
930
928
919
916
919
924
909
907
899
877
859
850
848
825
812
802
807
790
792
769
771
761
756
749
744
730
715
707
695
675
661
647
642
627
595
576
555
533
505
477
456
428
401
377
352
339
318
304
295
288
281
281
286
282
289
303
314
333
345
356
378
399
420
440
462
486
498
509
524
535
556
563
587
600
615
624
641
653
647
657
672
677
680
697
708
723
736
741
755
750
758
769
775
791
794
786
793
794
779
788
782
783
781
775
780
777
775
769
766
756
751
726
729
718
708
686
674
645
631
615
604
586
567
548
531
508
474
449
424
395
369
352
340
325
317
308
299
289
289
281
284
283
288
291
299
317
330
348
366
389
412
424
453
474
492
515
539
562
583
598
619
633
644
660
676
691
698
697
708
715
715
727
729
735
732
732
732
738
735
738
737
744
734
740
742
743
747
748
756
758
763
767
773
769
772
774
781
783
778
786
787
778
767
766
768
761
763
768
773
767
765
765
772
768
763
770
783
781
788
789
787
782
785
778
774
769
774
777
774
765
760
760
761
763
757
758
767
756
771
765
764
777
779
786
801
807
815
810
827
825
819
819
823
817
815
814
820
822
823
823
821
824
821
827
828
826
835
834
834
829
831
827
833
830
838
832
840
840
846
846
851
853
848
852
849
838
829
833
824
816
806
810
804
792
788
784
776
770
768
763
765
765
768
778
773
779
790
806
821
824
830
836
841
851
860
868
876
876
890
881
874
869
848
824
819
799
794
781
782
774
767
767
766
772
772
767
782
785
784
789
792
796
802
816
838
846
856
864
866
864
865
854
848
848
831
826
822
815
804
813
814
811
807
812
819
812
800
796
790
779
785
775
769
777
771
773
776
775
764
770
771
767
773
772
780
782
781
775
776
780
800
799
806
811
804
804
811
814
815
810
814
798
799
778
771
767
762
754
760
760
768
773
783
783
781
773
790
789
784
782
782
780
785
784
793
803
806
808
821
820
822
824
833
826
823
827
834
829
828
825
830
826
821
830
837
832
832
830
825
817
798
801
791
782
769
759
761
756
741
732
721
703
696
681
667
647
633
623
620
606
602
600
594
593
590
596
586
595
599
598
606
609
605
622
629
636
645
652
658
666
667
669
669
675
676
679
677
679
676
681
682
685
685
680
687
681
680
678
684
678
672
669
673
669
660
665
668
651
651
643
646
642
635
632
635
632
625
623
624
618
613
612
612
608
610
612
607
601
596
592
587
579
581
566
568
555
547
541
543
542
538
538
544
542
544
540
549
556
546
550
556
550
559
563
571
568
570
570
566
563
554
547
552
538
540
530
531
528
523
522
520
518
514
513
513
503
510
505
511
509
512
511
518
521
524
519
513
511
501
506
503
494
491
484
487
485
487
482
487
489
484
491
489
481
484
485
492
492
489
496
504
509
507
509
514
514
518
518
514
517
505
516
511
508
503
504
508
506
496
496
494
489
480
474
475
472
462
464
460
453
448
451
450
450
446
444
444
441
444
437
434
443
436
443
443
453
446
448
449
451
447
447
451
457
448
455
456
452
447
441
443
445
441
437
435
441
437
436
439
440
441
438
440
444
449
447
453
452
448
454
456
456
456
457
463
467
452
451
457
449
442
441
440
434
433
429
425
420
418
419
422
422
422
423
432
430
442
452
463
475
444
266
-3
-1
-1
-3
-1
-1
-1
-1
517
524
0
-4
-2
0
0

