;UFOS3
;Measurement details: channel = Z-D, date = 28.08.2020, time = 13:01:04
Exposure=1100
Gain=0
Temperature=19.9
Accummulate=4
3.4569335422902934 mu
3.5325026790554306 amas
16.209 hs
287 ozone
0 uva
0 uvb
0 uve
[Value]
0
-1
0
-1
2
0
0
2
5
3
5
5
5
6
3
2
3
4
3
4
4
4
5
6
9
6
4
7
2
4
7
4
6
7
4
6
4
6
4
3
8
3
2
7
5
5
5
7
5
5
6
5
7
7
6
6
6
7
4
6
5
7
6
3
8
7
5
6
5
3
4
7
7
4
4
7
5
8
5
6
7
4
4
8
6
6
8
8
6
7
7
6
3
5
10
6
5
5
5
5
6
7
7
6
7
7
8
7
6
8
5
6
5
6
8
6
4
5
7
6
6
5
4
6
6
4
4
8
5
5
6
6
4
6
3
7
8
6
7
8
10
5
5
8
6
5
5
6
6
5
6
8
4
6
6
5
5
5
7
6
7
6
7
6
3
6
5
6
5
4
6
7
4
7
5
6
5
6
6
5
1
7
6
8
4
7
6
5
6
5
6
5
6
4
4
6
5
6
2
6
5
6
8
8
8
8
2
6
10
6
5
7
6
6
7
6
4
4
7
6
3
5
5
5
8
6
4
4
2
4
6
4
6
7
6
4
4
5
5
7
4
6
3
9
4
9
4
6
4
10
7
7
8
7
6
6
6
2
7
5
7
6
3
7
9
7
4
6
6
5
6
8
4
5
7
6
4
5
5
4
9
5
7
5
5
8
7
5
9
4
9
4
6
6
7
5
4
7
7
8
5
6
6
4
5
6
3
6
4
6
5
5
7
5
2
6
5
7
5
7
9
5
6
4
5
5
7
6
4
5
5
8
7
4
4
4
8
6
5
5
6
4
6
5
3
8
8
3
8
7
6
6
5
7
9
4
6
5
5
6
6
8
4
6
6
4
5
6
9
3
6
8
4
6
8
7
5
5
6
6
8
6
5
7
7
6
7
5
7
6
8
5
5
5
4
6
6
7
6
7
8
7
7
6
6
9
8
3
6
7
7
6
5
6
4
7
6
5
8
8
6
7
6
6
6
8
6
7
2
7
7
5
3
10
7
6
8
5
5
6
4
6
4
7
9
7
5
5
7
5
5
6
7
4
6
5
6
6
8
6
8
7
7
7
4
6
7
8
8
5
4
4
5
6
3
5
7
6
5
6
5
6
6
4
6
3
5
5
6
5
3
7
6
6
5
8
7
4
7
7
6
4
7
8
6
5
7
8
6
10
6
7
5
4
6
6
5
6
8
6
6
7
4
6
8
7
4
9
6
7
7
7
7
9
6
8
4
4
6
4
6
6
7
6
7
5
7
8
6
8
7
6
6
7
6
6
7
5
6
7
4
5
8
6
7
8
6
6
5
4
5
5
6
4
8
6
6
8
5
8
7
8
6
9
5
6
6
7
5
5
4
5
8
9
4
7
7
2
8
5
5
8
7
8
6
7
6
2
7
6
7
4
5
6
8
7
5
5
7
5
6
3
4
6
5
6
6
9
7
7
5
7
5
6
6
5
8
5
6
8
3
8
5
8
6
6
8
5
7
6
5
8
9
3
6
6
5
6
8
8
8
6
6
4
9
6
8
6
6
7
6
5
6
6
3
7
5
7
6
7
7
7
6
7
7
7
8
8
7
6
7
10
6
7
6
10
5
8
7
9
8
8
7
6
5
8
4
8
6
8
5
6
7
8
7
7
6
6
6
5
9
6
8
7
6
5
9
5
7
5
6
6
11
8
9
6
7
9
7
7
8
6
8
6
8
9
6
9
7
7
5
9
7
8
9
10
7
8
6
10
7
7
11
8
7
9
8
9
7
9
10
8
11
8
11
9
10
8
11
9
10
11
10
8
9
8
10
9
9
9
9
10
10
10
8
10
9
13
9
13
8
11
10
8
9
10
10
9
10
9
10
9
11
9
13
9
11
14
10
12
9
11
11
14
13
12
13
15
13
17
13
13
13
10
14
15
12
10
13
13
17
14
16
13
16
14
13
13
19
15
13
16
16
13
16
13
16
15
17
15
15
13
12
17
17
17
12
14
17
16
17
16
15
17
17
15
15
15
13
14
18
16
15
14
17
15
15
16
17
18
20
21
20
17
18
17
16
19
20
19
18
18
21
22
22
21
22
22
23
22
22
24
26
24
26
26
28
26
31
28
30
30
34
33
33
31
33
32
31
33
32
34
37
32
33
34
35
32
35
35
34
37
33
37
33
34
35
36
35
36
37
39
39
36
37
35
39
41
42
41
41
45
45
44
48
45
45
47
49
50
52
50
51
51
54
50
49
53
52
50
52
50
50
51
49
55
52
52
55
56
54
58
57
59
58
61
66
62
62
64
67
58
64
65
65
67
65
67
67
68
63
66
70
70
66
70
68
71
72
71
75
78
76
77
83
82
80
81
83
82
83
81
81
81
80
78
76
77
75
72
73
72
72
68
68
69
61
65
62
69
65
66
69
72
69
75
75
78
76
83
82
85
86
86
94
90
92
92
98
102
99
103
104
104
105
111
106
109
112
112
113
112
111
111
115
113
110
112
117
111
112
109
106
102
101
101
97
96
91
92
92
92
91
89
92
91
91
95
95
95
97
96
101
101
110
113
116
119
123
123
127
128
126
126
125
132
128
124
124
122
122
119
118
118
117
118
116
116
114
112
115
115
114
115
115
118
120
124
125
125
130
132
136
139
137
138
144
146
147
153
156
159
156
161
163
164
168
169
169
173
169
168
170
167
168
164
161
161
159
160
157
156
155
154
154
153
154
154
161
159
163
166
168
169
166
174
176
172
174
172
177
175
175
177
179
174
170
168
175
172
166
166
162
163
161
158
159
158
156
152
160
158
159
162
168
163
164
168
168
173
176
176
186
184
185
188
197
199
206
209
213
212
213
220
222
223
226
229
233
231
231
234
244
240
241
248
249
248
253
250
257
253
250
249
245
246
243
240
233
236
227
229
231
225
227
227
227
222
223
220
228
229
224
229
236
237
243
250
255
257
258
268
277
280
289
287
297
290
299
302
310
316
309
312
317
310
309
313
317
322
316
319
318
319
317
321
322
322
317
314
318
317
309
315
317
312
308
312
315
312
309
306
308
304
301
299
296
293
289
285
284
284
282
276
277
278
279
276
274
272
265
266
268
263
262
261
266
265
260
267
265
260
263
261
266
274
270
273
279
287
283
289
295
301
304
311
310
321
321
327
336
339
351
353
363
366
366
378
376
379
378
381
381
387
388
396
395
401
401
400
400
399
395
392
394
392
388
385
380
373
366
362
362
362
351
351
345
343
342
336
336
336
333
339
343
340
341
343
346
346
343
345
352
357
354
360
362
362
360
364
366
372
373
377
382
386
385
389
393
401
397
397
398
404
402
406
405
404
406
415
410
414
408
409
413
411
407
413
410
407
407
413
408
411
416
426
424
428
421
420
421
422
409
405
402
401
395
394
387
390
390
385
383
388
378
377
375
376
374
372
370
368
372
368
376
388
388
393
401
409
405
419
422
424
421
423
422
416
412
409
414
410
411
415
417
411
405
408
413
414
413
414
412
410
413
414
423
421
421
427
432
437
429
420
416
403
392
387
376
363
355
345
343
335
329
324
317
319
317
314
313
316
314
311
324
322
325
326
327
330
333
335
333
330
324
320
313
306
302
301
291
288
288
290
293
300
301
307
316
322
326
329
338
338
344
341
341
346
343
352
352
356
349
344
349
346
347
347
351
347
349
350
351
355
354
364
364
369
374
382
387
395
393
395
392
392
391
387
387
383
375
380
380
375
371
371
373
372
377
384
386
383
386
384
394
399
411
412
418
428
432
439
450
451
455
458
455
460
449
454
452
458
455
449
443
444
445
439
437
429
423
426
431
427
431
434
440
437
427
430
432
427
418
423
417
416
419
414
421
425
418
427
428
433
432
441
445
450
454
459
463
468
472
475
484
488
494
491
495
496
502
493
493
496
492
492
491
489
482
490
492
497
504
502
505
511
515
518
525
517
516
514
517
517
518
518
525
527
525
516
510
505
503
490
500
487
468
463
458
448
443
422
425
417
405
396
386
372
368
359
361
352
346
348
354
352
352
363
371
371
382
389
413
415
426
429
442
449
445
450
457
458
468
476
479
484
481
486
485
488
481
480
482
473
465
459
457
447
443
443
433
430
428
425
423
420
420
416
413
410
410
412
411
408
410
414
412
426
419
429
438
440
443
447
453
449
446
443
451
444
437
438
433
432
426
426
418
411
401
395
392
388
384
381
380
378
371
370
376
378
371
381
381
383
385
390
384
395
393
395
396
402
406
403
404
411
407
408
407
402
397
393
396
391
392
396
387
389
382
383
388
380
384
382
385
379
376
369
361
363
357
362
356
367
369
375
388
391
394
399
410
412
417
427
436
439
443
452
464
468
474
483
485
491
494
498
509
498
502
497
498
492
496
486
494
491
479
484
476
466
464
463
461
457
451
443
450
452
446
446
455
453
450
458
468
471
474
486
486
487
490
488
497
501
497
506
503
502
491
499
490
473
460
450
447
436
431
433
436
434
432
436
458
453
457
462
466
473
481
483
501
513
521
525
536
548
556
563
568
576
577
567
579
575
581
592
592
595
601
597
610
609
613
613
620
611
621
615
620
633
622
626
628
637
638
631
635
634
625
622
637
636
635
644
646
650
646
649
649
650
638
636
637
633
616
615
615
613
607
610
610
605
601
589
587
582
575
571
579
572
568
569
573
570
577
584
594
592
591
585
575
571
560
547
543
540
531
528
520
516
502
500
479
474
454
448
432
431
411
406
405
409
405
409
416
416
421
423
430
430
430
435
436
444
452
452
457
453
450
448
434
427
416
410
399
388
387
385
371
366
355
345
338
324
317
310
310
306
307
308
306
309
309
318
334
339
345
351
362
370
369
385
392
399
405
425
431
445
448
456
472
479
477
487
494
494
497
506
509
511
511
520
522
521
522
515
515
510
514
501
503
491
481
472
471
464
461
454
447
439
427
421
412
402
394
392
395
392
397
393
401
394
393
388
403
405
405
410
413
417
421
427
435
435
438
433
428
426
422
416
415
413
411
411
420
413
418
423
419
417
423
422
432
442
446
465
486
497
515
529
548
556
565
560
567
564
565
554
547
546
538
536
535
530
519
509
497
496
489
479
478
471
473
473
483
486
487
509
518
531
543
550
569
569
579
588
591
594
597
601
599
604
604
596
604
599
596
585
582
572
558
551
547
547
541
534
537
534
536
546
555
557
577
583
593
601
612
618
640
645
655
672
684
695
700
715
728
734
738
744
751
754
762
764
773
768
768
770
774
763
770
769
771
768
769
760
762
756
752
753
749
741
738
727
730
724
713
717
719
725
719
727
732
729
727
731
735
736
736
739
744
739
739
728
736
734
740
725
718
710
698
687
684
674
669
669
661
658
656
651
647
641
643
633
645
635
637
635
628
621
617
624
618
618
622
614
624
631
635
642
643
640
638
645
646
651
659
663
670
674
674
677
684
684
685
685
696
692
691
697
692
688
690
686
695
697
693
701
692
688
680
674
669
660
646
627
628
619
602
593
580
560
552
534
540
531
524
518
514
524
524
527
545
557
562
581
598
611
620
623
638
650
660
663
671
678
671
668
660
641
633
616
603
581
563
547
533
518
504
494
484
482
482
487
492
486
488
489
489
496
505
515
533
549
562
563
578
580
592
591
586
586
568
565
556
540
520
500
490
481
470
460
447
448
429
417
409
408
408
410
417
424
434
442
453
464
472
483
498
509
522
535
542
538
542
535
543
541
532
525
511
498
480
469
446
439
435
426
429
432
441
447
453
464
478
500
517
535
558
576
596
608
624
645
650
662
666
671
677
678
678
673
672
666
653
652
655
649
635
629
627
621
615
615
613
623
627
634
649
650
655
657
668
674
662
657
667
666
668
675
686
695
701
716
723
728
735
744
754
766
781
798
806
816
822
829
833
851
850
867
883
883
893
894
906
915
916
923
938
939
947
957
970
963
963
965
958
955
950
934
935
928
912
898
883
866
858
846
841
826
817
809
803
796
779
768
755
755
759
758
751
756
741
740
729
721
713
709
704
696
692
681
687
676
675
682
697
693
705
721
733
745
754
761
786
796
796
813
823
828
836
841
849
856
859
860
855
862
869
868
864
863
852
843
835
832
820
812
800
786
778
770
772
744
728
725
716
702
689
668
655
634
612
603
587
585
589
585
581
578
581
573
581
568
563
541
537
520
508
488
486
479
472
469
475
476
469
462
459
448
438
433
422
418
412
414
413
410
411
419
420
418
417
420
418
416
410
403
410
407
399
388
393
389
397
406
414
419
431
443
451
462
472
475
481
502
503
517
543
556
571
581
596
611
611
624
627
626
627
626
626
621
625
620
624
623
616
615
613
609
601
597
599
589
578
577
577
570
566
556
544
541
521
513
503
501
498
501
508
515
507
523
527
537
545
553
559
567
572
577
596
607
608
618
629
634
631
625
615
603
587
581
568
560
548
537
545
551
550
555
554
563
566
567
572
576
567
568
574
582
592
593
609
612
608
609
607
600
593
586
586
585
585
582
578
574
570
571
577
576
576
584
572
572
572
560
567
574
577
589
607
617
619
613
628
629
646
658
674
680
694
704
723
727
744
756
775
779
790
791
796
791
792
793
803
811
816
805
809
806
801
806
817
814
804
799
782
764
769
776
782
784
788
786
789
796
797
797
817
815
822
844
859
874
878
883
896
917
937
938
947
953
957
957
952
957
942
942
939
942
933
929
920
898
879
876
868
854
842
830
823
817
803
802
804
782
782
765
767
757
730
720
711
692
681
666
661
636
616
594
569
548
519
493
466
441
410
383
362
344
329
312
302
296
290
289
295
295
296
309
324
336
354
370
391
411
426
455
482
497
505
524
549
552
566
586
607
615
631
637
661
674
676
673
694
692
704
713
725
741
749
766
766
773
781
793
798
814
814
807
808
810
798
802
808
802
796
793
798
796
789
788
780
774
761
754
747
735
717
703
684
665
649
639
623
606
576
560
538
518
482
460
435
407
377
359
346
335
321
318
309
302
296
289
295
294
295
298
313
322
336
361
371
397
419
438
465
483
508
528
557
577
593
612
630
652
662
677
686
704
706
711
731
737
735
735
741
757
749
754
751
750
754
750
760
765
750
764
761
763
767
766
772
775
780
789
792
795
798
793
801
804
800
808
806
795
784
781
783
780
789
781
792
786
775
779
784
786
787
787
800
800
804
808
802
797
794
789
796
787
788
787
789
786
782
777
776
779
777
778
778
775
784
784
784
796
792
801
814
823
831
825
850
845
843
837
844
838
837
838
832
836
843
846
840
841
839
844
844
843
847
849
853
857
844
845
848
849
854
854
862
864
862
862
865
871
868
870
865
860
853
849
843
834
828
831
824
810
809
799
795
795
787
779
784
782
784
795
793
800
811
822
836
847
847
855
862
867
884
898
897
899
904
906
902
888
862
847
839
823
803
803
798
794
781
783
795
792
790
792
803
802
795
805
814
813
823
838
858
862
877
881
888
880
883
881
874
863
854
845
835
833
825
835
826
828
830
834
830
825
824
811
807
793
803
797
793
790
784
787
791
793
783
783
782
782
789
792
798
791
792
789
799
795
809
811
834
831
825
822
831
829
831
822
820
818
811
790
790
788
775
775
770
777
778
793
804
802
801
786
808
807
799
803
808
804
803
810
816
819
818
831
836
835
838
835
849
845
840
841
848
842
850
840
849
849
848
846
855
851
857
844
846
831
825
820
811
794
787
778
773
765
757
741
740
722
712
689
686
662
645
632
632
622
609
610
611
603
608
598
601
610
607
604
619
620
622
629
637
647
654
666
673
677
682
685
685
688
689
685
693
692
688
693
698
697
704
695
699
697
693
690
691
687
690
687
687
681
684
680
679
674
665
657
659
657
650
642
645
642
642
632
637
632
631
624
626
618
624
617
622
613
606
600
596
590
588
578
574
567
559
550
556
553
547
547
558
557
546
546
555
559
555
556
567
559
567
574
578
580
576
578
578
571
565
564
556
552
548
545
544
535
531
531
530
530
518
529
520
518
519
513
520
521
524
526
531
533
531
524
521
522
511
516
510
506
503
502
497
495
498
486
498
494
488
498
494
487
498
496
498
502
500
504
513
521
515
516
529
528
524
522
526
522
518
525
519
520
512
515
518
514
509
501
507
498
489
482
484
478
473
463
469
462
459
462
458
457
459
450
453
452
449
449
448
452
451
453
454
454
457
453
460
458
458
459
458
459
457
461
462
464
462
457
462
451
448
442
450
447
446
442
450
446
453
449
451
451
450
454
461
459
462
458
459
466
462
465
473
477
467
460
466
458
452
450
453
444
442
439
440
433
425
426
429
425
429
432
439
444
453
457
473
482
452
272
-2
-4
-2
-1
-3
0
1
0
520
536
-2
-1
-3
0
0

