;UFOS3
;Measurement details: channel = Z, date = 28.08.2020, time = 13:15:56
Exposure=1100
Gain=0
Temperature=20.0
Accummulate=4
3.780411040078623 mu
3.8699338216656654 amas
14.668 hs
0 ozone
0 uva
0 uvb
0 uve
[Value]
0
255
253
253
253
254
253
252
340
319
280
276
345
311
276
287
348
308
285
281
352
319
302
285
355
323
291
294
355
352
310
297
338
331
291
290
381
336
297
292
344
323
295
299
361
329
309
286
363
332
291
294
361
326
305
297
368
322
304
309
365
323
286
313
360
317
299
300
352
323
298
287
359
320
300
286
353
329
294
299
358
324
307
289
340
316
296
302
359
315
299
295
364
328
286
292
365
321
292
290
337
332
292
289
370
322
303
287
344
326
303
289
351
330
295
305
341
321
303
292
354
323
303
289
350
341
308
303
348
322
302
292
363
332
305
295
358
316
299
288
357
331
300
292
354
333
287
304
362
319
289
293
355
319
307
298
356
328
292
298
381
325
299
298
340
327
301
302
348
318
295
290
364
324
304
294
367
327
301
297
368
318
294
294
348
327
289
291
356
327
298
301
369
329
297
305
348
321
296
285
366
315
297
292
358
329
288
288
356
324
288
301
358
330
303
307
350
315
311
291
368
329
297
302
337
321
297
295
330
324
290
302
369
321
297
294
348
327
301
297
347
332
297
286
345
312
301
298
350
313
305
294
355
319
300
286
341
322
299
292
338
321
306
284
359
311
305
292
350
321
287
298
367
314
293
308
366
325
304
290
359
309
287
302
349
320
290
302
350
329
308
298
372
319
298
306
351
330
298
298
341
325
299
299
346
323
308
295
357
320
293
297
355
331
309
294
366
313
307
294
352
321
289
305
346
324
295
292
355
322
309
305
345
322
307
295
370
329
310
301
359
323
293
290
351
347
295
287
340
319
313
289
345
331
294
310
361
318
290
299
357
319
306
291
347
315
302
295
359
323
300
301
343
325
306
299
355
329
303
286
353
316
298
300
353
315
302
293
350
306
305
291
344
330
306
296
360
327
303
304
365
318
301
290
343
327
291
297
344
335
289
291
357
324
301
290
339
327
296
299
346
333
311
291
347
321
301
302
355
330
302
295
355
326
299
294
350
326
293
292
350
335
306
307
353
318
305
298
347
316
288
303
340
334
296
297
337
329
292
300
348
324
304
308
348
319
299
300
351
322
297
311
345
330
305
304
350
345
298
293
351
320
295
295
348
318
313
292
352
309
304
300
352
319
318
298
346
313
300
286
332
337
304
292
344
329
292
288
347
321
299
297
356
323
316
300
356
322
296
292
350
314
302
302
351
314
303
300
347
321
296
297
345
317
294
293
348
319
300
301
352
329
299
295
345
330
306
297
329
323
300
299
343
325
295
303
354
329
302
300
359
334
299
303
352
322
295
300
357
327
296
293
355
324
288
298
335
313
311
295
345
325
296
298
351
315
310
303
346
322
305
296
354
328
305
296
339
323
292
307
340
321
291
294
344
313
305
302
341
328
303
315
348
321
292
298
346
317
300
307
344
320
304
312
345
317
306
303
345
317
305
312
344
333
305
306
344
318
303
298
362
308
311
299
339
320
303
302
346
318
302
292
338
323
309
297
360
327
297
295
344
317
304
301
355
319
306
302
349
331
292
301
355
322
309
307
350
315
306
304
339
324
294
295
346
324
292
284
341
334
324
308
355
325
296
303
349
313
300
289
352
323
304
300
345
328
314
289
341
318
313
297
342
320
295
307
339
322
308
300
348
324
300
293
344
329
305
306
347
322
312
300
351
326
305
309
354
319
306
302
345
311
313
306
334
315
301
307
347
338
303
292
339
317
308
295
345
320
296
286
361
325
306
294
353
322
297
294
367
329
304
304
345
319
310
306
353
322
292
292
349
321
320
296
350
322
310
301
354
312
293
304
360
322
313
299
330
312
308
314
349
319
324
307
341
325
305
302
344
318
308
292
350
326
305
299
346
326
317
301
348
329
316
296
353
326
308
300
341
317
315
297
365
331
309
303
342
327
299
302
351
329
327
310
349
325
304
304
351
333
297
293
350
332
298
306
358
331
309
308
350
330
302
305
345
334
307
311
355
338
315
311
348
336
314
315
359
330
303
304
360
325
303
301
357
341
305
304
364
336
315
305
347
322
325
306
363
332
309
303
351
324
324
310
365
335
314
306
350
339
324
307
365
329
316
305
360
352
319
326
370
348
336
317
349
334
321
321
367
337
318
315
367
338
313
324
388
350
322
312
362
340
310
333
370
338
333
316
386
343
324
315
382
357
333
324
382
330
333
327
377
355
327
323
382
346
331
331
380
355
341
334
378
355
349
327
378
355
333
341
368
359
335
330
365
361
332
335
381
353
336
338
371
372
350
350
392
364
352
347
382
361
348
340
400
356
354
338
391
374
359
359
400
360
352
358
385
378
360
366
399
368
355
352
401
377
362
350
385
380
354
377
400
385
371
359
404
375
351
346
383
367
363
350
389
364
350
352
389
368
353
335
385
372
353
350
396
377
353
354
395
378
366
353
423
378
363
354
408
399
371
371
410
391
380
380
409
394
402
378
430
396
396
374
446
408
388
380
433
389
388
377
412
406
384
355
415
376
375
361
409
408
372
361
404
380
365
377
402
388
373
365
411
392
396
381
421
409
379
398
446
404
401
396
455
425
404
395
438
416
396
398
419
400
386
387
430
412
394
376
419
393
391
380
413
399
385
386
435
422
391
393
428
423
408
389
434
427
402
415
453
456
426
410
457
426
439
415
475
454
418
409
460
434
426
426
454
427
419
414
451
437
419
418
458
432
414
408
460
427
410
420
459
453
419
436
469
436
441
425
473
452
430
434
468
446
421
419
464
451
422
417
450
429
415
407
451
430
415
410
464
434
416
411
457
450
424
428
475
451
441
434
489
457
437
443
495
453
452
459
509
479
446
457
503
495
474
462
507
498
478
465
502
486
473
480
529
494
494
484
533
510
489
480
523
486
482
484
498
494
460
460
512
490
470
462
508
489
463
458
517
497
473
474
510
491
498
471
523
512
500
500
555
529
519
503
560
538
521
513
565
546
527
533
578
549
523
522
579
553
529
537
567
543
532
554
574
574
551
538
563
549
530
525
561
547
524
536
591
546
524
519
562
528
516
519
543
537
509
519
548
540
521
501
528
519
511
504
545
523
494
493
529
508
481
486
539
508
493
486
511
500
499
496
541
532
495
496
541
536
503
521
549
527
521
527
570
557
539
531
582
564
558
548
597
584
574
582
608
585
573
572
609
592
594
583
628
612
585
581
629
611
596
580
620
608
576
591
608
588
564
578
595
568
556
550
595
560
559
542
581
549
537
536
578
562
548
536
580
574
540
559
580
581
566
550
598
586
568
566
584
588
557
564
620
609
561
576
625
599
588
585
626
604
599
590
617
609
592
592
632
614
601
587
616
609
593
584
629
610
599
594
637
618
604
601
637
631
609
597
631
614
596
600
626
601
579
574
618
591
605
563
600
591
556
566
602
592
556
574
598
567
553
555
607
595
566
583
634
607
589
600
652
603
602
601
644
604
606
595
637
608
598
591
641
608
593
601
639
605
591
597
644
606
582
583
613
611
599
593
647
629
610
593
643
599
569
569
591
576
557
539
569
552
534
530
542
552
530
519
550
524
539
508
574
540
530
527
559
544
536
526
565
538
536
513
554
535
510
510
543
516
522
490
553
515
508
506
544
541
529
522
583
548
532
547
576
562
545
532
578
560
547
532
566
554
545
534
561
547
557
536
576
554
533
552
575
566
555
555
582
585
569
569
593
583
573
558
598
577
542
555
602
578
573
557
585
573
564
550
616
580
568
559
600
589
578
586
614
611
606
599
646
604
612
615
652
629
611
609
640
635
617
596
631
615
606
595
626
610
583
596
624
605
581
591
656
618
589
593
627
596
588
576
625
597
583
576
624
605
582
586
607
600
593
583
641
607
602
593
643
631
612
611
647
634
631
618
657
638
644
628
671
630
635
636
665
630
618
624
663
643
644
624
669
658
655
648
684
657
652
640
676
679
642
651
694
673
654
642
678
653
634
627
658
663
624
605
638
613
597
587
610
594
564
558
592
564
545
531
571
553
534
529
567
548
537
546
585
568
554
549
611
588
590
572
620
607
604
595
616
619
605
616
635
646
624
616
650
629
612
611
656
627
612
608
639
606
604
587
620
590
591
566
631
582
594
573
604
578
559
563
607
581
568
570
599
592
576
571
614
593
591
586
635
620
586
577
645
599
590
578
606
603
579
577
599
587
559
560
581
562
548
546
594
552
547
546
564
562
528
539
576
558
556
568
567
571
554
547
578
579
580
560
580
576
575
554
599
571
553
550
577
556
557
549
584
566
547
539
589
554
562
556
576
561
531
539
545
545
550
542
553
556
539
545
572
565
547
554
597
572
562
564
609
596
575
585
632
613
608
620
640
626
619
616
650
641
628
610
659
616
608
606
637
630
603
606
624
606
584
580
625
612
596
582
631
598
594
574
614
606
577
578
633
598
605
612
630
621
614
603
654
630
611
621
657
629
606
602
642
604
601
570
611
593
577
575
601
566
560
567
627
582
578
588
615
616
592
614
638
628
633
641
673
660
642
648
692
676
667
650
692
679
674
674
691
687
661
672
705
690
686
680
721
694
685
677
695
714
689
689
720
731
686
690
734
697
683
679
725
724
695
703
738
720
688
697
731
712
692
701
739
720
679
679
711
692
673
663
699
674
689
658
730
686
652
645
689
664
662
651
686
666
659
667
678
670
683
658
678
657
667
625
649
640
633
617
655
633
613
607
624
606
568
573
599
569
551
542
577
563
548
540
571
568
558
558
594
568
564
550
573
578
584
571
616
588
581
587
585
570
557
544
574
542
539
531
555
531
530
511
539
510
489
496
512
499
495
484
534
492
484
491
543
518
505
512
530
531
518
519
570
553
549
550
593
587
584
571
621
614
591
583
616
606
590
592
641
627
605
614
640
628
612
596
634
609
610
604
644
604
583
584
605
577
582
570
603
580
551
551
564
550
539
533
567
547
526
524
568
551
536
523
570
559
530
538
579
560
548
546
588
578
555
542
571
574
546
539
578
560
555
544
579
557
545
548
583
555
559
553
571
575
551
562
613
600
598
605
639
637
624
611
654
647
629
613
661
645
621
606
641
624
604
590
612
598
598
572
595
589
576
573
615
606
577
580
618
624
609
619
656
636
631
626
666
663
650
649
679
673
639
636
660
657
644
630
668
644
620
613
644
630
613
600
640
627
617
609
637
646
641
632
659
645
667
644
702
693
689
684
726
712
696
712
763
720
733
722
767
740
757
719
762
744
744
730
771
738
738
718
769
750
734
733
768
745
740
711
761
742
731
718
742
736
697
707
738
726
711
702
746
724
721
712
762
718
718
704
733
735
715
710
733
735
708
692
726
713
697
674
700
698
683
674
690
669
670
674
691
669
659
645
713
672
661
650
681
662
650
655
668
657
648
633
665
657
649
654
686
675
664
653
693
684
664
669
692
696
670
675
721
683
678
683
713
699
674
677
722
693
684
675
712
697
681
681
711
695
665
662
698
669
652
647
680
661
628
620
639
623
604
585
633
612
589
582
606
600
600
596
618
609
606
607
665
667
640
632
675
667
662
657
682
688
655
657
686
659
651
639
650
620
616
602
614
608
578
561
597
571
574
562
590
574
579
572
596
584
573
573
623
630
599
591
644
628
627
628
643
620
612
604
627
614
592
574
589
576
550
556
568
546
535
511
547
529
528
516
557
534
547
536
573
556
557
555
590
586
582
585
622
609
599
576
646
598
583
588
597
582
557
548
570
557
529
524
557
535
529
530
562
554
553
569
622
591
588
618
652
626
630
639
668
667
664
649
696
678
656
646
698
663
646
631
678
643
634
637
636
643
625
618
647
643
635
623
675
649
640
656
674
674
648
643
693
661
648
646
706
688
670
678
703
704
682
686
721
712
724
705
759
740
742
733
774
765
746
763
787
774
773
757
800
800
769
775
807
797
797
787
830
809
812
793
841
818
806
785
810
799
782
766
770
761
743
725
765
741
756
716
749
727
698
700
703
702
687
693
708
697
686
682
708
673
667
664
694
670
660
664
678
653
651
663
694
658
668
668
698
698
689
691
727
725
699
716
749
743
739
728
754
751
742
739
752
757
753
735
758
748
730
729
744
728
720
707
728
721
693
694
857
692
662
674
695
666
653
635
651
647
614
604
630
610
602
584
624
602
597
580
613
609
593
568
604
577
556
553
564
564
525
537
576
546
538
530
556
542
520
522
540
526
509
498
531
516
499
500
530
532
508
505
543
519
501
495
544
535
503
494
529
498
489
488
550
524
516
507
534
553
546
530
562
561
552
541
596
578
588
577
630
615
598
609
641
623
598
609
630
619
607
585
623
624
601
605
640
604
593
588
627
607
582
585
629
605
584
567
593
586
555
545
573
554
539
552
579
569
550
551
580
575
557
575
596
584
578
583
601
604
592
591
644
623
609
600
614
592
585
585
607
575
559
548
594
592
554
560
603
593
576
575
604
597
576
577
607
599
590
577
639
601
595
598
606
602
595
586
610
601
596
578
602
589
570
575
606
603
580
570
613
598
578
560
596
593
582
579
615
620
605
584
623
607
609
614
688
651
635
628
677
654
654
658
705
677
683
675
723
694
678
670
717
713
686
667
707
700
682
671
716
690
682
682
709
672
662
674
688
687
673
668
694
675
687
692
717
703
683
698
724
729
721
707
745
729
741
729
748
761
742
747
773
767
741
743
761
748
739
723
754
734
710
707
741
701
692
674
738
693
682
676
703
674
671
648
683
682
646
635
653
642
610
600
659
600
582
565
605
579
546
521
564
519
501
484
497
486
454
441
469
465
428
430
495
447
437
448
470
471
464
465
515
511
493
510
539
554
525
533
569
567
572
557
596
596
584
583
636
635
607
598
641
625
611
615
643
658
649
648
675
679
656
663
692
682
663
659
707
678
670
659
699
695
670
655
682
678
653
650
673
656
649
633
670
638
627
612
642
616
579
581
614
595
555
554
563
568
511
515
535
498
482
460
488
459
446
451
454
466
449
426
471
446
447
437
465
467
448
464
474
492
504
497
533
532
523
527
576
582
563
568
603
601
591
590
649
631
627
604
653
643
640
619
645
654
614
640
661
641
635
621
668
661
629
640
668
643
654
640
669
656
635
635
692
654
668
647
674
671
647
662
689
670
637
647
672
647
633
649
684
667
637
638
672
659
645
640
675
673
663
643
677
656
661
647
676
660
655
641
667
647
633
641
665
647
630
646
663
657
658
648
658
667
643
647
699
682
666
656
707
679
668
665
701
689
678
662
688
672
661
670
684
676
668
676
694
678
675
667
693
683
662
666
695
675
669
673
706
691
663
672
711
692
680
672
692
691
678
665
703
674
665
658
685
668
653
636
659
655
637
629
659
662
625
649
658
665
650
654
679
674
664
656
694
683
673
693
707
687
695
688
722
699
666
661
706
662
643
641
666
654
629
622
661
662
638
643
674
668
640
650
664
659
643
633
704
683
684
683
726
680
675
672
694
687
653
652
686
655
645
657
670
662
639
651
686
661
641
646
681
641
643
632
659
644
636
633
658
666
633
630
661
641
623
618
669
635
636
631
669
655
652
634
685
663
651
634
672
664
679
645
690
665
645
619
665
641
622
619
655
643
625
622
655
641
640
617
680
657
631
636
647
640
636
632
660
648
629
649
678
661
634
637
680
665
637
643
690
664
648
648
682
660
641
636
698
653
659
635
671
658
634
628
664
633
620
611
655
637
602
603
636
614
593
582
617
585
563
549
595
574
538
546
587
559
545
541
573
561
548
551
594
568
552
547
595
586
564
573
611
592
575
576
601
594
573
580
617
596
573
575
623
592
580
574
614
587
582
580
615
583
580
578
618
582
583
562
628
575
565
563
610
571
562
559
590
576
560
546
599
569
544
546
577
551
546
561
585
562
530
532
559
559
526
521
579
533
525
515
552
540
520
523
549
540
526
507
549
541
522
527
541
536
510
524
550
546
542
520
565
559
517
518
555
533
517
510
554
523
514
505
537
531
501
511
548
533
507
500
541
518
502
498
522
529
513
497
524
523
485
506
528
507
490
494
543
503
502
490
534
504
482
505
530
518
498
488
523
513
496
493
522
532
496
500
550
517
521
496
525
519
491
507
552
530
483
498
539
516
500
483
537
509
489
486
532
502
503
474
509
487
475
483
509
495
491
460
516
483
481
471
496
494
470
467
502
495
485
473
510
487
483
476
516
502
469
482
510
496
468
467
501
485
478
474
510
485
461
460
517
489
463
479
501
485
493
470
508
491
482
483
510
498
477
465
521
513
477
474
550
489
468
467
535
481
472
468
519
472
451
461
507
486
459
467
493
477
474
489
506
495
476
400
252
252
252
252
254
253
251
253
541
512
253
253
252
0
0

