;UFOS3
;Measurement details: channel = S, date = 28.08.2020, time = 13:57:12
Exposure=1100
Gain=0
Temperature=20.1
Accummulate=4
5.1145562340202995 mu
5.3295645219692425 amas
10.334 hs
0 ozone
0 uva
0 uvb
0 uve
[Value]
0
253
252
253
253
254
253
251
331
311
273
267
338
300
268
278
342
299
276
272
345
311
293
275
346
317
284
289
348
347
307
292
328
325
284
280
375
331
289
286
337
316
288
291
358
322
300
279
355
324
281
287
356
319
300
290
360
317
298
307
357
311
277
309
353
310
290
294
346
313
293
280
353
313
293
280
345
322
287
293
353
313
302
282
334
309
289
296
351
308
291
289
356
323
279
284
359
313
283
283
328
325
285
281
361
310
294
280
337
320
297
281
344
324
286
298
334
314
296
283
346
317
296
280
343
333
298
299
338
313
296
286
356
323
295
287
350
311
290
280
349
323
293
283
344
328
278
299
353
313
283
287
349
312
301
292
349
321
286
291
374
318
287
292
332
320
296
294
341
312
288
285
356
316
297
284
363
319
291
290
360
310
286
285
341
321
280
283
350
321
289
295
362
323
289
299
342
315
289
280
356
307
289
284
351
324
279
279
347
316
280
293
351
322
297
299
343
306
302
285
364
324
288
294
329
314
289
287
323
317
280
292
360
312
289
288
339
321
297
290
338
326
289
277
340
304
294
289
342
305
296
286
346
312
290
279
331
315
291
285
330
312
297
276
351
302
298
285
345
311
279
292
361
307
284
302
359
318
296
281
352
302
279
296
343
312
283
296
343
322
299
292
364
309
290
301
345
321
290
292
331
318
290
291
338
314
299
286
349
312
285
291
349
324
303
286
359
301
302
288
343
312
279
301
339
317
286
285
348
316
304
296
342
319
301
288
364
322
302
297
352
316
286
283
342
342
287
277
334
311
305
283
336
325
289
301
355
313
284
296
351
310
301
281
339
307
296
287
350
315
290
295
335
319
296
292
348
322
296
278
349
307
291
293
344
307
294
285
343
295
298
283
336
322
298
289
354
321
295
297
355
308
292
282
336
318
286
287
337
329
282
281
349
318
291
284
332
318
284
293
339
328
304
282
339
313
290
293
348
322
293
286
347
320
293
285
340
319
283
286
342
326
301
301
345
311
299
295
342
309
279
301
334
328
287
290
329
321
283
291
339
317
298
300
338
312
289
294
340
316
293
306
338
324
297
294
342
340
291
287
342
312
284
287
342
313
305
284
347
303
298
293
347
311
311
289
341
303
292
278
321
333
297
284
335
325
287
280
338
314
292
288
349
315
308
294
348
315
289
283
344
307
291
294
344
308
294
290
341
312
287
291
337
308
285
286
341
309
292
294
344
319
291
289
336
324
298
289
322
317
296
289
335
319
286
297
346
318
293
292
353
329
292
298
346
317
287
293
351
324
289
287
346
317
281
290
327
306
305
287
341
315
290
292
346
307
303
295
338
314
298
284
346
321
298
289
330
314
282
300
332
311
285
285
334
305
295
295
331
322
291
306
335
312
282
292
338
308
292
298
335
314
294
305
341
308
299
294
334
312
296
309
334
327
295
300
337
311
293
288
356
300
303
291
332
312
293
296
337
309
293
282
329
317
301
290
350
319
287
286
337
308
295
293
350
310
299
295
340
323
284
294
346
316
300
300
344
308
299
297
330
319
283
288
334
315
284
275
335
327
315
299
345
316
287
296
340
304
290
281
344
313
295
290
338
322
307
278
335
311
305
291
334
314
284
302
334
313
301
292
338
316
290
285
336
319
296
298
339
315
305
292
341
316
297
303
345
313
295
292
337
302
305
299
323
310
294
299
341
329
297
284
330
309
301
287
336
313
287
278
352
316
297
284
343
313
287
283
357
318
293
296
335
310
298
297
342
311
281
281
339
310
311
287
339
313
301
288
346
300
283
293
351
312
304
286
320
301
300
305
337
309
317
299
332
316
297
293
334
309
297
281
339
317
298
288
337
315
308
288
336
319
308
285
339
315
295
285
329
303
304
283
352
318
297
290
328
313
284
287
338
316
317
298
334
313
290
292
337
320
282
278
336
314
282
289
345
319
294
296
337
317
287
293
331
318
293
297
338
322
301
297
333
324
300
299
345
317
289
288
346
310
287
288
343
326
289
287
351
323
300
289
331
309
309
291
348
320
293
286
333
306
305
295
348
319
296
288
329
321
304
285
341
306
292
281
334
326
293
301
347
321
311
303
322
308
293
296
340
311
291
288
342
312
286
300
363
326
294
285
334
314
281
310
343
313
309
288
358
316
297
283
352
329
304
292
350
296
304
294
345
321
294
291
348
310
296
296
342
320
305
298
339
315
311
288
337
320
293
303
329
323
295
295
325
322
292
295
343
313
292
296
329
331
309
306
349
319
302
300
333
315
298
293
350
307
309
291
342
329
306
311
346
312
299
305
332
325
306
312
342
314
296
294
337
319
302
290
321
320
296
317
340
325
311
301
348
318
295
297
331
317
314
299
341
317
305
309
345
324
307
287
335
326
302
299
342
326
300
298
334
316
302
288
356
312
295
285
338
327
291
300
336
315
302
301
330
312
321
294
351
316
315
293
366
329
309
300
349
311
312
302
334
333
315
287
347
310
310
301
346
343
308
297
342
314
298
313
339
321
305
296
334
320
319
306
337
326
293
312
357
313
314
305
368
338
316
304
354
333
313
316
338
320
305
308
353
335
320
302
342
316
317
307
336
317
304
304
350
336
302
304
335
331
310
292
336
328
299
310
344
348
314
299
340
315
323
295
357
336
301
296
343
318
313
311
341
317
310
305
342
328
312
314
347
326
305
299
349
313
294
305
342
335
297
316
348
317
319
302
350
325
313
313
348
324
304
301
346
334
308
309
342
325
312
303
350
330
316
312
359
336
313
306
351
345
317
320
368
338
327
317
371
336
317
314
367
321
314
318
369
333
302
314
349
340
320
308
351
337
319
304
334
320
310
314
359
323
320
314
364
344
318
314
357
323
322
329
345
343
310
316
364
345
330
320
363
347
322
320
377
357
333
330
360
340
347
311
363
346
332
328
379
347
334
315
360
343
324
313
360
344
321
322
370
337
317
317
364
340
317
323
351
330
317
337
355
353
334
321
344
339
315
314
350
336
313
323
378
337
314
312
354
326
318
326
345
342
318
331
356
352
337
317
345
338
334
327
366
346
323
325
361
342
317
322
375
345
331
324
348
339
339
334
382
365
329
331
368
361
329
340
362
343
330
338
372
356
332
320
364
347
332
315
359
344
328
337
361
335
322
321
355
340
332
319
359
349
322
316
361
349
339
324
360
352
323
340
360
343
328
343
358
341
328
327
370
342
348
331
369
340
325
320
363
349
335
323
364
355
326
338
364
359
344
328
373
363
337
338
352
354
322
326
384
365
320
332
375
353
335
335
371
349
343
333
359
345
334
330
366
348
338
330
353
341
328
324
370
347
334
327
369
348
336
331
365
356
342
330
367
350
333
342
369
349
329
327
371
345
362
324
357
355
321
336
367
356
320
344
370
342
324
323
375
356
327
342
385
354
335
344
394
342
338
337
374
342
346
335
373
348
333
326
374
339
329
332
374
339
330
330
378
341
312
312
341
341
324
322
366
350
334
316
374
338
313
323
353
343
331
321
348
341
321
323
338
348
334
325
354
331
345
312
376
341
332
329
352
342
331
325
355
338
335
318
362
348
329
327
362
340
350
316
374
338
327
322
355
345
334
329
379
341
330
341
371
354
338
322
364
349
336
324
354
342
335
326
350
335
348
327
363
341
316
338
353
349
331
325
348
350
339
336
360
349
346
330
366
347
323
335
381
356
354
340
364
351
342
327
384
352
340
325
363
351
337
335
361
355
339
329
372
333
338
336
371
351
335
329
361
360
344
324
357
346
342
334
363
352
330
345
373
354
333
336
399
367
339
340
374
348
345
332
381
353
340
331
377
356
336
337
357
346
340
329
379
349
342
325
373
352
336
332
361
344
343
328
365
347
354
333
380
339
343
345
377
341
330
326
371
346
342
326
358
345
332
332
358
336
337
324
356
358
321
325
369
350
334
325
364
337
332
327
364
368
343
327
370
353
345
336
362
351
334
334
371
350
339
324
373
360
337
333
370
353
337
342
377
358
334
320
374
346
341
321
360
347
336
330
347
342
326
333
356
360
337
332
364
345
326
334
374
351
339
344
378
347
349
334
370
341
344
320
385
339
352
336
361
340
329
328
367
342
329
331
356
341
327
326
363
337
331
326
373
352
326
312
382
340
333
328
348
353
337
327
357
350
331
337
357
341
331
330
375
338
341
337
352
348
319
324
358
335
336
348
342
350
328
316
348
348
344
324
343
341
336
321
366
341
327
327
358
338
340
334
369
354
337
329
380
346
356
351
368
356
331
341
348
349
362
347
359
358
338
341
363
353
330
335
370
348
333
326
370
349
324
331
375
347
341
351
362
344
342
335
367
355
350
332
379
340
339
333
366
363
335
341
363
344
329
328
368
356
343
336
383
347
342
325
360
352
326
325
373
334
341
344
360
351
343
333
383
360
341
347
385
356
342
340
382
352
355
335
379
361
347
344
376
347
333
338
393
349
338
346
370
366
343
355
380
362
361
359
390
371
349
349
393
366
358
345
386
371
364
358
374
367
342
349
378
362
359
347
391
361
354
340
358
372
355
346
381
385
338
341
385
352
334
339
383
376
345
346
382
368
338
341
376
363
344
351
391
376
343
342
372
355
332
328
365
344
358
330
402
362
330
330
374
342
341
335
366
350
337
338
351
342
354
329
354
341
357
327
353
345
340
326
371
355
339
337
359
350
320
335
363
338
326
322
354
340
328
316
344
338
324
317
352
331
326
312
330
331
341
326
364
337
334
344
350
340
332
326
357
339
338
339
363
349
350
339
372
348
335
346
368
353
345
341
388
348
336
336
386
363
341
342
353
352
335
329
373
350
340
335
372
359
349
331
375
357
334
323
356
339
320
318
366
347
329
336
359
349
327
317
356
332
339
334
379
341
327
330
357
331
335
330
365
351
329
333
345
340
332
330
362
349
323
322
364
351
335
325
367
352
325
333
368
352
341
337
370
361
345
336
360
361
339
337
375
354
351
344
376
347
337
338
372
342
351
340
355
350
324
328
366
350
343
336
366
358
341
329
368
362
346
342
387
373
352
345
375
365
354
344
370
358
362
336
360
349
343
339
376
364
336
332
359
354
341
338
372
349
344
339
370
365
354
353
384
375
347
343
372
369
355
348
390
375
355
356
386
378
361
352
387
377
362
354
375
381
374
359
380
363
376
351
392
383
375
356
393
372
350
362
401
363
364
354
398
363
385
344
383
366
358
351
392
361
357
342
387
369
354
361
391
373
370
344
389
381
363
356
385
383
345
352
384
365
351
341
387
361
359
348
397
351
353
344
362
367
349
349
367
373
345
334
369
361
353
340
367
369
359
349
369
350
359
361
378
360
353
338
406
363
360
354
382
366
358
367
374
368
357
344
373
361
355
357
380
372
361
349
386
371
351
346
364
367
344
339
381
343
340
338
371
354
330
334
380
348
342
335
372
359
344
344
370
363
335
336
382
358
349
348
383
371
354
350
374
363
346
338
382
364
344
338
362
353
346
339
355
343
334
325
372
369
335
324
359
352
346
335
357
361
336
336
371
348
357
349
366
344
353
345
365
364
340
329
361
338
344
333
354
340
344
333
355
342
330
321
366
366
332
320
367
346
346
347
364
346
343
341
369
364
350
340
362
358
336
345
365
348
335
324
360
339
342
325
365
339
348
336
363
340
338
331
360
354
343
344
382
367
359
339
404
366
352
354
380
365
346
350
380
372
347
346
376
352
344
338
367
356
345
356
394
355
343
363
391
353
348
350
376
371
362
352
388
366
351
344
401
367
354
340
390
355
353
361
363
373
363
353
383
374
367
355
400
373
363
376
392
391
369
363
414
380
366
363
421
395
378
375
400
398
376
375
396
391
388
366
410
387
380
368
403
390
366
372
394
378
371
354
388
387
351
356
382
370
365
353
388
364
365
351
394
377
371
354
374
368
362
352
368
363
356
336
379
364
384
353
388
378
356
363
372
372
355
364
384
373
367
365
394
368
363
362
403
379
371
376
391
373
369
376
404
364
368
359
385
374
361
354
383
374
348
353
384
374
365
353
371
365
350
351
359
362
356
342
366
357
338
347
364
351
344
337
365
360
340
343
479
345
323
341
368
345
338
328
353
356
334
331
358
346
337
316
356
337
338
318
353
354
339
326
365
345
329
331
351
346
317
325
365
338
330
330
357
347
332
341
359
351
336
326
358
346
329
332
363
363
341
338
377
357
344
338
387
383
351
339
386
350
342
336
389
359
352
334
356
371
356
342
364
359
347
326
375
351
353
329
375
355
337
341
369
351
329
338
359
355
343
322
359
358
343
345
383
350
343
338
379
367
341
349
388
375
352
342
369
366
342
337
369
347
338
346
375
357
336
334
363
356
334
348
364
354
343
345
357
355
344
335
385
362
350
343
360
350
337
346
375
346
335
329
373
368
334
337
374
364
344
346
367
363
340
342
370
359
351
334
392
355
346
352
361
357
356
351
381
372
372
354
380
369
355
356
392
386
361
353
394
388
364
356
380
377
363
360
387
388
368
348
385
367
360
355
425
385
364
354
395
367
361
362
399
366
374
363
404
378
364
358
397
396
374
352
393
389
370
365
402
379
377
385
408
378
367
381
397
390
377
372
391
366
377
386
402
382
357
365
383
379
374
354
383
361
364
349
361
367
353
359
381
370
347
350
367
355
346
333
369
349
335
338
372
338
326
314
375
333
325
321
350
329
322
314
346
350
325
320
348
342
316
318
381
334
328
329
369
357
339
331
385
354
350
344
371
367
348
340
375
373
341
341
406
360
351
356
376
370
357
353
392
383
349
361
382
384
351
353
382
374
374
351
386
371
356
350
396
392
362
349
387
368
352
343
370
377
360
354
374
375
347
348
371
358
340
332
377
348
339
325
362
358
331
318
346
344
314
316
333
324
322
314
348
327
320
314
353
334
312
321
356
353
326
330
353
369
331
344
373
354
351
338
375
350
349
351
364
379
363
345
389
363
366
352
380
372
348
357
361
370
374
355
382
373
355
347
382
380
356
356
379
365
358
355
402
378
369
350
393
383
375
352
379
384
345
363
388
365
362
346
389
382
352
367
385
362
374
361
389
372
352
346
405
368
372
351
382
376
353
367
398
373
348
359
379
364
343
361
392
379
352
355
388
369
360
356
387
384
373
352
384
373
375
366
389
378
369
357
380
364
359
367
386
373
352
368
385
384
382
369
375
380
361
360
407
385
369
358
401
382
367
364
403
386
383
365
390
368
365
365
382
373
367
370
390
373
369
357
390
373
355
359
391
368
361
359
395
378
355
364
397
379
369
364
388
383
377
362
405
383
375
367
398
382
371
354
382
379
358
353
382
385
349
371
377
377
363
363
379
372
357
352
386
374
358
374
387
367
376
371
408
390
363
365
414
372
362
363
391
377
358
351
386
389
367
367
397
387
366
369
382
372
355
342
402
380
373
367
407
364
367
358
391
380
352
358
389
363
357
364
381
371
352
364
393
376
360
364
404
369
371
359
386
374
366
363
384
392
360
356
391
368
351
351
391
359
361
359
394
382
378
358
401
379
365
352
384
382
391
361
411
384
369
352
398
383
367
362
396
387
363
358
390
371
367
350
410
389
361
373
381
371
367
359
383
370
351
362
393
377
345
348
381
369
346
347
391
361
349
350
374
359
341
331
390
350
356
333
372
358
341
338
377
351
346
338
386
375
347
343
384
370
352
345
388
362
348
341
391
371
342
347
389
367
351
345
381
367
356
354
396
369
351
342
384
373
348
351
390
365
354
346
371
363
344
348
385
363
343
344
389
359
350
343
380
349
348
348
383
354
347
347
384
350
352
331
399
350
341
338
388
351
344
341
370
360
346
331
390
358
334
336
365
344
342
353
379
358
331
335
365
361
334
331
389
350
341
335
373
357
337
339
367
358
342
325
368
360
340
346
353
348
322
337
359
349
348
332
376
369
332
332
367
348
336
333
379
347
337
330
365
356
327
339
381
365
343
330
373
346
333
332
352
359
343
328
359
360
322
342
365
345
325
335
386
342
344
335
375
348
325
349
369
357
340
324
363
350
335
327
357
361
331
331
379
345
348
324
355
343
319
334
380
360
316
329
370
351
337
317
371
346
332
330
374
348
355
325
358
336
329
335
359
349
347
316
373
339
340
327
356
351
327
324
357
346
342
329
368
342
339
332
366
360
328
339
364
355
326
323
358
347
338
333
368
343
321
314
374
345
323
333
354
344
349
327
358
341
335
334
363
349
326
319
374
367
331
333
404
351
329
328
400
347
339
334
385
341
321
334
378
356
332
335
363
341
343
351
359
348
337
315
253
254
253
253
254
253
252
253
381
348
255
253
252
0
0

