;UFOS3
;Measurement details: channel = D, date = 28.08.2020, time = 13:52:27
Exposure=1100
Gain=0
Temperature=20.1
Accummulate=4
4.916813727027354 mu
5.104014934454966 amas
10.835 hs
0 ozone
0 uva
0 uvb
0 uve
[Value]
0
253
252
252
253
253
252
253
332
314
274
271
343
306
271
280
344
304
279
277
346
314
297
278
351
319
288
293
352
350
309
294
331
326
288
285
378
332
292
288
340
321
292
293
358
328
304
281
359
329
285
292
358
323
302
293
363
318
302
308
361
318
281
313
354
316
293
297
350
318
295
282
357
317
296
283
348
326
292
295
357
316
302
287
336
311
294
301
356
309
296
292
359
327
284
286
362
318
287
284
333
330
288
287
365
316
297
282
342
322
300
285
345
329
290
299
338
317
299
287
349
320
299
283
346
338
300
300
341
318
298
288
361
326
300
290
356
313
295
283
352
325
294
289
347
328
280
303
357
314
287
290
351
315
305
292
354
324
287
294
378
319
293
294
338
321
299
298
342
315
292
288
361
319
303
286
365
322
296
291
366
314
291
289
344
324
286
287
351
323
294
298
364
326
293
301
345
319
292
284
360
312
292
285
354
326
284
282
351
319
283
298
354
329
299
303
347
312
307
288
365
326
290
298
331
317
294
291
329
322
286
294
365
316
292
292
342
325
297
292
342
328
293
281
343
308
296
291
346
308
302
289
349
313
292
281
334
319
296
290
334
313
301
280
353
308
300
288
347
313
283
295
363
311
289
306
361
323
296
286
353
306
284
302
346
316
285
301
347
324
302
296
368
314
290
304
348
324
294
293
335
321
294
293
342
317
301
290
353
316
290
292
351
327
308
287
362
306
304
290
348
316
282
305
342
318
290
288
350
318
306
299
346
320
304
291
369
326
307
300
356
319
290
286
346
345
290
280
337
315
308
287
342
328
292
305
357
314
286
298
354
312
302
283
340
310
297
291
355
316
293
295
339
322
301
295
352
323
298
282
351
312
295
296
348
309
297
287
347
299
302
287
338
325
302
292
358
322
298
299
358
310
296
285
337
323
290
293
341
333
283
286
352
321
296
289
334
323
289
294
342
332
306
285
342
317
295
297
352
324
297
289
351
323
294
289
344
320
287
288
346
331
304
305
348
313
302
295
342
311
282
303
337
334
291
292
333
323
289
298
343
318
300
302
344
312
294
297
347
318
294
308
340
325
301
297
349
340
294
291
347
316
287
289
347
315
307
287
351
304
300
298
348
314
314
294
344
307
294
283
325
334
300
287
340
327
287
283
340
316
295
292
351
317
310
297
351
318
295
286
347
310
296
296
348
309
297
294
342
315
290
294
340
312
285
290
344
313
296
296
348
322
293
292
338
325
300
293
326
319
297
294
338
323
290
303
349
323
298
294
357
334
296
297
346
318
291
299
355
323
292
290
350
322
281
293
331
308
309
292
344
320
294
295
346
311
305
298
341
317
301
287
347
323
304
290
333
318
286
302
337
316
287
288
340
309
299
299
335
324
294
307
342
314
286
296
342
312
298
302
338
317
298
309
342
313
301
297
337
315
298
311
337
330
300
303
342
313
298
294
360
302
307
294
336
314
297
300
341
313
297
284
335
321
302
292
355
321
290
290
339
310
298
297
353
315
299
297
344
328
289
297
347
319
303
303
346
311
302
299
336
322
288
293
340
319
288
278
336
330
319
304
349
321
293
299
345
307
294
284
348
317
298
293
341
325
311
283
338
314
309
293
338
315
289
304
336
317
305
296
340
319
295
288
340
321
299
306
344
317
305
297
345
319
302
305
348
315
298
296
339
307
305
303
328
312
297
302
343
332
300
285
333
313
303
291
341
316
291
282
359
318
301
286
347
317
289
288
360
322
295
299
340
314
304
300
344
317
286
285
342
316
313
291
342
316
304
293
349
304
285
298
352
314
306
293
326
303
301
307
340
311
321
305
335
318
301
295
336
313
301
285
342
318
300
291
339
319
309
291
338
325
311
289
344
319
298
290
333
309
308
287
358
321
300
291
332
318
288
293
339
321
320
300
337
315
292
295
341
322
288
282
341
320
287
295
345
323
297
299
338
319
290
297
334
321
295
300
342
325
304
299
336
326
302
302
350
317
293
292
349
313
290
290
348
330
291
292
353
325
304
294
334
313
313
293
349
323
295
291
339
309
309
297
351
322
298
291
334
325
308
289
346
311
295
285
338
331
295
305
351
325
311
306
325
312
298
298
345
314
293
294
344
316
289
302
365
327
297
289
338
319
286
311
347
317
312
295
361
319
301
288
356
333
308
297
353
300
306
297
347
327
298
293
350
312
299
300
346
324
306
299
342
320
316
291
344
323
296
308
334
324
298
298
331
327
297
296
344
316
295
301
330
332
311
306
350
322
307
304
338
318
305
294
352
310
311
292
345
331
312
315
352
312
303
307
334
330
310
316
345
319
297
300
342
318
305
295
328
323
299
319
342
329
314
305
349
324
301
300
334
320
318
306
342
321
309
310
350
325
312
290
342
328
308
301
347
329
304
303
337
322
304
292
360
315
297
287
341
328
297
304
338
318
307
300
335
319
323
299
353
318
319
297
366
330
313
303
354
315
313
306
339
337
317
294
350
313
311
304
352
346
312
301
345
319
301
317
343
323
307
299
338
321
322
308
340
328
297
314
360
318
318
307
372
339
317
308
356
332
317
322
340
324
311
311
355
339
321
305
346
322
322
307
339
320
306
308
353
339
305
306
342
336
314
296
342
331
301
314
347
352
318
305
346
318
328
298
360
339
306
299
346
325
316
312
345
318
313
311
346
332
315
316
351
330
306
303
353
317
299
307
344
335
304
317
350
319
325
307
353
329
315
318
348
329
308
304
352
336
313
314
345
329
318
309
355
333
319
319
364
336
320
312
354
347
323
325
371
341
331
322
370
340
319
319
372
323
320
323
370
336
303
315
352
346
324
310
355
341
324
307
341
321
314
318
361
325
323
317
367
346
322
318
358
327
327
331
350
346
315
319
368
348
331
321
367
347
326
321
379
360
333
333
363
341
350
316
367
350
334
332
385
349
340
318
366
348
328
317
364
348
324
328
372
339
319
320
367
342
320
328
353
334
319
340
359
358
335
323
350
340
320
318
353
340
319
328
381
339
317
313
362
330
319
328
351
348
322
332
361
359
340
321
351
341
340
332
369
352
327
328
364
343
322
325
379
348
335
323
352
343
341
339
383
371
330
336
373
362
332
341
368
345
333
341
377
359
337
323
367
352
335
321
363
346
331
341
362
337
324
325
360
342
339
322
364
352
324
321
365
352
344
325
364
355
326
344
365
345
331
347
365
345
331
331
376
346
348
332
371
344
330
326
365
350
339
329
365
360
326
341
366
363
348
331
377
363
341
342
355
355
326
333
386
368
326
333
378
357
339
339
372
353
346
338
361
347
339
330
370
353
337
332
353
347
332
326
374
350
339
331
370
352
339
332
367
359
345
332
368
353
339
344
372
351
329
330
374
348
367
325
360
355
326
338
371
361
325
348
371
343
330
325
377
357
329
344
386
358
340
346
397
346
339
342
378
345
349
339
378
350
339
327
375
341
333
335
375
344
332
337
380
346
319
317
344
347
328
324
370
353
339
324
378
343
321
328
355
347
334
322
351
342
327
328
340
352
338
327
356
335
351
315
379
345
335
333
355
345
334
328
360
340
338
319
366
354
333
332
367
345
350
320
379
342
331
325
358
349
336
332
383
344
332
344
374
359
341
324
367
351
337
326
357
345
337
330
356
340
351
331
365
344
320
340
355
351
335
331
350
353
341
337
364
354
348
334
369
353
327
341
382
360
361
341
367
355
343
331
387
354
341
332
369
353
340
337
366
355
342
333
375
337
340
337
373
354
339
334
363
363
348
325
358
349
345
334
367
355
334
349
376
359
334
339
403
366
342
343
378
351
349
336
384
354
341
333
378
361
338
342
360
350
342
331
378
352
345
330
375
355
340
336
367
346
347
334
369
351
357
337
381
343
346
351
380
343
334
330
373
347
345
327
361
346
339
334
360
341
341
329
358
359
328
329
374
351
338
328
365
339
336
331
367
373
344
333
374
356
347
337
365
356
338
337
376
358
344
330
378
361
342
338
373
356
340
343
378
359
338
322
375
350
343
324
362
350
343
333
348
346
329
335
359
365
339
335
369
347
331
335
377
355
343
350
378
349
352
339
372
345
348
324
386
343
355
337
365
342
330
329
373
347
331
336
359
347
329
329
366
339
335
329
371
354
332
318
385
346
338
334
351
354
340
333
358
354
332
338
361
345
335
336
380
343
342
338
355
353
321
328
364
341
338
354
346
352
332
322
352
354
350
328
348
347
340
325
372
346
331
328
360
340
343
337
378
356
340
332
382
350
361
354
370
359
334
345
354
353
365
352
364
361
340
344
368
358
334
339
375
349
335
329
373
356
329
334
380
349
345
357
369
348
342
339
372
362
354
335
381
344
341
336
371
367
338
344
365
348
331
330
376
356
346
339
386
352
347
329
364
354
331
328
376
337
345
348
364
354
350
338
384
363
343
348
389
360
346
344
387
354
355
336
381
364
352
351
382
347
337
342
398
353
342
351
374
372
347
357
385
365
363
363
390
372
351
351
396
372
361
347
389
374
367
364
377
370
347
353
380
365
364
354
396
368
356
345
361
375
359
350
383
389
340
344
390
355
337
342
385
377
349
351
386
370
343
344
378
366
345
352
396
380
346
344
377
358
340
330
366
346
359
332
404
367
334
335
376
348
347
336
369
352
341
341
353
345
357
334
359
346
362
329
356
348
343
331
371
355
343
341
363
355
321
336
367
343
331
327
357
347
330
320
347
343
328
322
356
331
327
316
333
335
341
326
369
342
340
345
354
342
338
331
360
339
341
341
365
351
351
341
375
352
338
349
371
354
348
344
389
352
341
339
389
361
340
344
356
357
341
333
377
352
342
336
375
361
351
332
379
362
337
325
360
340
324
321
365
350
332
338
361
350
332
321
360
339
343
339
383
344
334
334
363
334
339
331
370
355
333
337
349
343
339
335
365
352
326
326
368
354
336
327
369
358
327
337
370
356
343
342
377
363
347
337
363
369
344
337
376
359
352
349
379
351
339
341
375
347
355
345
358
356
330
331
369
352
342
339
370
360
344
334
371
367
351
345
390
378
354
349
377
367
358
345
374
362
365
339
364
353
346
344
380
366
337
335
364
360
343
342
377
352
348
340
374
367
357
356
387
380
349
349
374
370
362
353
396
379
358
359
389
384
365
357
392
382
368
358
379
384
379
365
381
365
379
355
398
388
375
359
397
376
352
365
404
366
368
354
404
365
386
344
387
369
363
355
393
363
363
343
390
372
359
364
396
377
373
344
393
383
368
357
391
387
345
355
386
369
358
343
387
364
362
353
401
355
355
346
368
370
354
352
372
377
349
338
373
364
356
343
370
371
363
355
374
355
362
363
383
366
357
344
407
368
361
358
386
370
358
372
376
368
362
347
373
364
356
359
385
371
361
352
392
375
356
351
368
371
347
344
388
345
343
342
374
357
334
336
382
355
344
339
374
360
347
347
374
365
338
338
384
360
352
352
387
377
355
353
376
363
349
339
387
366
347
342
365
357
349
343
363
347
338
330
375
371
336
331
364
354
349
341
363
362
337
342
373
352
361
351
370
347
355
347
367
369
344
332
364
343
347
336
359
346
346
337
361
344
335
324
368
370
335
321
368
351
349
349
367
350
345
346
372
370
353
345
365
363
340
351
367
351
339
325
364
338
345
332
370
345
350
342
367
343
339
335
368
359
347
347
386
370
364
343
407
364
355
358
379
367
347
353
385
375
351
350
381
358
345
342
372
358
348
361
397
359
349
367
394
357
353
354
379
375
366
355
392
370
353
348
405
369
357
342
392
357
356
365
367
377
364
356
385
377
372
358
403
377
364
377
396
395
375
366
416
382
370
366
424
401
383
378
403
402
379
377
400
393
391
371
416
390
384
371
408
393
368
377
399
382
371
360
394
390
352
359
388
376
369
355
393
370
367
354
400
382
372
358
381
377
366
356
371
364
360
340
383
365
390
357
389
380
358
369
376
375
357
366
390
376
372
366
394
373
368
368
402
383
376
381
393
376
371
376
408
369
367
361
387
378
362
359
387
377
350
357
387
377
368
356
373
369
355
355
365
365
359
343
368
360
344
349
368
355
347
340
367
363
343
347
499
349
324
343
375
347
343
334
357
359
338
334
361
348
340
321
361
342
341
320
354
358
342
328
367
347
334
332
352
351
322
330
368
341
333
332
360
349
334
344
361
351
340
331
366
350
334
335
366
367
346
345
381
362
349
344
390
389
358
346
386
355
342
339
392
363
355
338
361
373
361
345
368
360
352
330
380
355
358
333
375
360
339
345
373
354
333
342
365
360
344
324
361
360
348
346
387
355
346
344
381
371
343
352
391
378
357
346
370
369
347
340
371
353
340
349
379
363
341
339
364
358
338
350
369
358
346
348
359
361
348
336
389
366
357
347
364
350
340
349
380
352
341
333
377
373
341
339
379
370
348
348
372
365
344
344
376
363
354
339
396
359
348
357
367
363
361
356
379
376
373
358
383
375
359
361
394
389
366
357
398
391
368
360
386
381
372
362
392
392
371
352
386
370
361
361
431
388
372
353
397
370
365
365
404
373
377
367
410
383
367
364
402
399
378
356
395
391
375
373
409
383
382
387
414
381
369
385
396
398
383
374
393
371
378
389
409
384
361
368
387
383
375
357
387
365
366
351
366
373
355
358
384
375
354
357
374
360
348
338
375
352
338
341
373
343
329
317
380
336
328
327
353
333
325
316
349
355
326
321
351
343
321
321
383
337
332
331
375
361
341
333
387
360
352
347
372
372
351
345
377
376
345
345
412
365
353
362
380
373
360
355
402
389
355
361
386
388
355
357
386
375
376
356
389
376
357
354
397
397
366
352
393
371
355
350
374
381
363
359
381
379
351
352
372
362
343
336
380
352
341
329
367
359
334
320
353
346
319
320
340
325
324
319
353
330
324
316
354
338
316
321
361
357
330
333
357
371
332
349
377
359
353
341
379
355
353
354
367
382
365
349
393
369
370
356
384
378
353
361
363
374
374
360
385
374
357
353
387
385
359
359
381
374
365
354
405
381
372
352
400
388
380
358
383
385
348
370
389
370
367
350
395
386
358
371
391
369
376
365
392
379
356
351
409
368
376
355
388
377
358
368
402
380
352
362
382
367
347
365
396
382
356
359
388
374
365
357
388
388
375
359
390
379
379
368
394
383
373
364
387
368
362
368
390
378
357
372
387
390
386
374
379
386
364
364
408
387
374
364
407
387
373
364
405
390
385
370
397
376
369
371
387
377
369
374
393
377
372
358
392
379
360
365
394
372
363
365
397
384
362
369
399
381
371
368
391
389
381
369
409
388
381
372
398
389
376
360
385
383
360
357
386
389
353
374
382
381
367
366
381
375
366
356
391
378
361
379
393
374
378
377
412
395
369
370
419
377
364
367
396
381
361
355
391
392
371
372
400
391
373
375
386
372
355
350
405
385
378
371
410
368
370
364
393
386
356
361
393
368
358
369
386
373
357
369
399
378
360
368
406
375
375
366
388
376
368
371
389
399
361
362
394
373
355
355
395
365
365
365
396
389
378
360
401
380
371
356
392
386
394
368
416
386
375
355
401
388
369
366
398
395
369
362
395
380
370
353
412
396
367
373
387
374
373
362
387
375
354
368
398
379
345
354
387
374
350
351
391
369
354
351
381
362
345
336
394
356
363
336
377
364
347
347
383
356
351
341
391
379
347
349
387
373
355
349
394
368
352
341
393
374
343
350
394
370
354
348
384
374
359
358
400
374
353
346
387
377
350
355
395
368
356
352
378
367
347
352
386
370
347
345
395
364
351
347
382
352
352
352
385
355
350
353
389
356
357
332
402
352
346
342
393
355
345
344
374
365
350
335
392
362
338
344
368
346
346
361
386
363
336
337
368
366
337
334
392
353
345
338
376
361
341
342
369
360
348
329
371
364
343
348
359
352
328
341
363
353
350
335
376
375
338
335
370
352
340
339
382
351
338
332
369
360
331
340
382
369
343
334
374
353
338
338
355
363
344
335
364
360
324
343
368
351
330
341
386
348
347
341
380
352
329
352
372
363
342
334
364
354
338
332
360
367
334
336
380
347
355
331
354
347
323
338
386
363
320
334
375
356
340
319
371
349
335
333
378
350
356
327
362
340
330
339
360
354
348
323
374
341
344
333
362
355
332
327
362
351
346
333
370
345
343
336
372
364
329
340
367
356
328
329
361
349
341
332
369
351
324
322
379
351
328
341
358
347
354
332
362
345
339
340
365
355
332
325
376
367
335
336
409
353
331
333
401
352
343
340
390
345
325
338
381
361
337
340
368
347
344
355
360
350
341
319
252
254
251
252
255
253
255
253
387
350
254
254
253
0
0

