;UFOS3
;Measurement details: channel = Z-D, date = 28.08.2020, time = 14:06:09
Exposure=1100
Gain=0
Temperature=20.2
Accummulate=4
5.529443642008121 mu
5.816680328990478 amas
9.391 hs
344 ozone
0 uva
0 uvb
0 uve
[Value]
0
0
3
0
0
-1
-1
1
-5
-3
-3
-4
-3
-5
-6
-6
-3
-3
-4
-5
-6
-3
0
-5
-4
-2
-3
2
-4
0
-5
-3
-4
0
-2
-2
1
-5
-3
-3
-4
-5
-3
-1
-4
-1
-3
-2
-5
-6
-3
-1
-2
-4
-3
-3
-3
-3
-3
-1
-3
-5
-5
-1
-2
-4
-3
-2
-5
-4
-4
-5
-1
-5
-4
-6
-5
-5
-8
-3
-6
-2
-2
-5
-5
-5
-2
-5
-3
-2
-2
-3
-4
-7
-3
-5
-3
-1
-2
-3
-3
-1
-4
-2
-5
-4
1
-3
-2
-5
-3
-4
-1
-4
-3
-1
-2
-4
-2
-2
-3
-3
-2
-2
-3
-3
-4
0
-2
-3
-5
-3
-6
-2
-5
-6
-1
-1
-3
-1
-4
-1
-5
-3
-2
-1
-6
-4
-1
-2
-2
-4
-7
-3
-3
-4
-3
-4
-5
-2
-4
-5
-2
-2
-4
-3
-3
-3
-2
-2
-2
-5
-3
-3
-1
-5
-3
-4
-3
-3
1
-3
-2
-2
-3
0
-5
-4
-5
-3
-3
-3
-2
-3
-4
-3
-3
-3
-1
-2
-3
1
-3
-5
-6
-5
-5
-3
-1
-2
-4
-3
-5
0
-4
-3
0
-4
-2
-1
0
-3
-2
-4
-4
-2
-3
-4
-3
-4
-3
-3
-4
-4
-3
-2
-5
-5
-3
-1
-5
-2
-1
-4
-1
-3
-5
-5
-4
-2
-1
-2
-4
-2
-3
-3
-2
-6
-3
-1
-5
-1
-2
-4
-1
-5
0
-3
-6
-3
-2
-2
-4
-3
-4
-4
0
-3
-2
-5
-5
-4
-3
-3
-2
0
-5
-1
-3
-4
-3
1
-1
-2
-5
-1
-3
-1
-6
-3
-5
-4
0
-3
-5
-1
-2
-3
-5
-2
-2
-3
-6
-4
-2
-4
-3
-3
-2
-4
-3
-1
-3
-4
-2
-2
-6
0
0
-5
-1
-1
-6
-1
-4
-3
-2
0
-2
-3
-6
-1
-4
-1
-2
-3
-1
-6
-2
-2
-3
0
-3
-3
-4
-5
-3
-3
-2
-2
-2
-4
-1
-4
-3
-4
-1
-1
-4
-3
-1
-3
-1
-3
-3
-3
-2
-1
-6
-2
-3
-3
-2
0
-2
-1
-3
-2
-2
-3
-7
-2
-4
-1
-5
-3
-2
-5
-2
-5
-3
1
-3
-3
-2
-3
-4
-4
-1
-2
-5
-2
-3
-3
-3
-4
-4
-3
-3
-3
-1
-2
0
-2
-4
-7
-5
-2
-4
-3
-3
-1
-3
-6
-1
-5
-2
-1
-5
-2
-3
-4
-7
-4
-3
-1
-2
-3
-5
-1
-3
-3
-4
-2
-6
-2
-3
-3
-4
-3
-1
-2
-1
-4
-5
-4
-3
-4
-2
-3
-1
-4
-2
-3
-2
-4
-1
-1
-2
-2
-5
0
-2
-3
-3
-5
-1
-2
-3
-6
-4
-2
-3
-3
-3
-5
-7
-2
-4
-2
-4
-2
-3
-6
-4
-3
0
-3
-5
-4
-3
-4
-1
-2
-1
-4
-4
-4
-5
-1
-4
-2
-5
-2
-3
-2
-5
-5
-4
-4
-6
-4
-1
-2
-2
-4
-5
-3
-2
-5
0
-6
-4
-3
-1
-2
-4
-2
-5
-3
-3
-5
-3
-3
-2
-4
-5
-4
-3
-3
-1
1
-5
-2
-4
-1
-4
-4
-4
-2
-2
-3
-1
-5
-1
-2
-2
-3
-4
-2
-2
-3
-4
-2
-3
-4
-2
-5
-5
-4
-3
-2
-4
-6
-1
-3
-1
-5
-4
-1
-4
-2
-5
-1
-4
-1
-2
-4
-3
-2
-5
-2
-4
-4
-3
-5
-3
-1
-5
-3
-2
-2
-4
-4
-3
-1
-3
-5
-4
-2
0
-1
-6
-2
-3
-4
-2
-2
-4
0
-5
-1
-2
-5
-4
-1
-3
-3
-5
-4
-2
-5
-3
-2
-2
-2
-3
-5
-5
-2
-3
-1
-3
-3
-5
1
-2
-3
-3
-1
-3
-3
-2
-4
-2
-4
0
-4
-5
0
-2
-3
-2
0
-4
-3
-6
-3
-1
-5
-4
-4
-4
-2
-1
-1
-4
-2
-5
2
-3
-4
-2
-3
-2
-4
-2
-5
-2
-2
-2
-1
-3
-5
-2
-3
-4
-3
-2
-2
-4
-2
-3
-1
-4
-2
-1
-3
-2
0
-2
1
-1
0
-2
-3
-3
-5
-5
-2
-6
-1
-3
1
-2
-1
-3
-4
1
0
0
-1
-1
-3
-3
-3
-2
-3
-3
1
-3
-3
-4
-1
0
-2
-2
-4
-1
-2
-2
-2
-2
-2
2
-2
-3
-1
-5
-4
-4
-1
-3
-2
0
-3
-2
-3
-3
-3
1
-1
-2
-1
-3
-4
-4
-1
-3
-2
-3
-1
-2
-4
-2
-1
-3
-2
0
1
-2
-2
-1
-2
-2
-2
-2
-2
2
-3
-3
-1
1
-2
-2
-1
2
-2
-4
-2
0
0
-3
-1
0
0
-2
-1
-1
0
-1
2
-1
-1
0
0
-3
-1
-4
1
2
-1
-1
1
-3
-2
1
0
1
-1
2
-1
1
-2
-1
1
-1
1
0
2
0
-1
1
-1
-3
-2
-1
0
-1
0
1
1
1
-1
-1
5
-1
1
0
3
-2
2
1
3
4
3
0
0
0
2
2
-1
-2
1
-1
1
1
6
1
3
2
3
4
3
3
4
3
4
3
3
5
4
6
3
4
3
7
6
4
5
3
7
4
6
5
7
8
8
7
7
6
5
6
6
6
7
6
6
6
9
7
5
2
7
5
11
10
7
10
5
7
9
9
8
9
11
9
9
8
11
12
11
12
11
10
11
11
11
13
10
14
10
10
13
11
12
11
11
14
14
10
12
13
12
15
17
13
18
18
17
19
16
17
16
17
16
19
16
19
19
18
16
18
20
20
21
19
20
22
18
21
18
18
22
22
25
21
24
20
24
24
24
24
23
19
26
21
20
21
18
18
20
18
18
17
20
16
20
18
19
18
16
20
22
18
22
20
21
18
25
24
26
24
28
27
28
27
27
27
33
30
31
33
33
33
34
33
32
35
37
35
33
34
35
37
39
33
32
33
37
34
33
34
32
32
31
29
26
30
30
27
33
30
31
24
31
29
30
30
30
31
33
33
37
38
37
39
40
41
47
45
43
40
44
45
45
46
42
44
44
41
39
41
39
39
39
37
39
42
39
39
37
37
42
42
39
40
42
41
46
40
45
46
46
48
46
48
52
49
53
53
55
54
59
61
59
64
65
62
63
62
63
62
61
63
60
63
60
59
59
58
59
59
56
61
59
59
57
64
60
58
64
62
65
61
60
67
63
64
63
64
66
65
66
67
65
62
64
65
61
62
60
59
60
60
55
59
54
53
60
58
57
58
61
59
67
64
63
65
67
70
71
76
72
73
73
82
79
83
85
86
89
87
90
89
93
94
93
92
96
97
96
101
97
98
98
100
103
101
102
104
102
102
101
99
98
101
94
96
94
90
92
92
88
90
88
90
85
83
88
89
86
86
89
93
94
98
95
101
103
103
107
109
113
114
113
118
119
119
122
128
127
123
128
131
129
125
131
132
132
130
134
135
135
135
136
136
137
133
135
137
132
129
129
131
129
129
133
133
132
128
128
129
125
124
124
121
119
118
120
116
117
113
114
113
114
115
110
114
109
107
107
110
105
104
105
107
107
105
105
108
106
105
110
112
115
111
113
116
121
119
122
124
123
130
133
134
136
137
139
148
146
152
151
150
158
156
162
163
162
168
163
163
166
169
173
170
171
168
170
169
169
168
169
160
162
164
164
163
159
157
157
153
146
148
145
146
148
145
142
139
140
139
139
140
142
142
143
146
142
142
144
143
146
146
148
148
150
147
150
151
159
156
162
163
163
159
166
169
166
169
165
172
170
171
172
173
173
171
177
174
176
176
175
179
179
175
171
174
173
177
177
178
176
177
181
184
186
183
179
174
179
174
173
173
174
173
165
172
166
165
164
162
164
156
158
158
158
154
157
156
153
152
153
156
160
163
169
166
174
171
175
180
177
180
181
180
177
176
176
175
174
173
177
179
177
173
177
177
178
172
178
174
173
172
176
181
178
178
179
183
185
185
178
183
173
169
167
161
158
153
152
150
147
141
141
135
137
134
132
131
131
133
136
136
136
135
141
137
143
140
139
140
140
138
135
133
127
126
126
126
123
124
122
124
126
129
128
133
134
133
137
139
142
139
142
145
146
141
143
147
150
146
145
147
146
145
147
145
141
150
147
148
152
149
154
152
156
155
158
161
166
166
166
163
167
163
163
165
159
158
163
159
159
155
156
159
160
155
159
159
162
164
165
169
170
172
174
177
178
182
189
187
187
190
187
188
191
187
190
189
191
189
188
187
189
182
184
182
179
175
176
178
183
178
182
184
180
181
179
179
178
174
174
176
177
178
177
177
178
177
176
180
178
180
181
187
187
188
191
198
196
195
197
200
205
206
203
203
203
210
208
207
206
209
205
206
203
205
204
207
205
211
213
215
212
211
218
219
215
216
212
216
214
213
219
220
215
219
214
212
211
209
206
209
202
194
191
191
188
182
179
178
177
170
163
161
158
156
149
146
146
149
144
146
148
144
150
153
155
158
160
165
175
176
178
182
184
186
183
187
192
191
192
193
199
198
199
198
199
201
200
198
199
190
191
188
186
184
180
182
176
178
176
173
177
175
169
168
172
167
168
173
169
167
174
171
175
177
175
180
178
184
187
182
187
181
184
188
184
178
181
175
179
174
174
167
165
164
161
157
156
157
155
157
153
154
154
152
155
149
156
157
156
156
159
155
160
160
158
163
164
167
164
161
162
167
163
167
164
164
159
160
158
157
155
158
158
153
154
157
155
154
157
155
155
154
148
147
145
147
145
146
151
148
152
159
156
163
166
163
170
169
177
177
178
181
182
187
185
190
198
199
196
199
208
200
206
200
201
204
199
196
203
196
198
195
193
189
187
189
184
184
184
182
182
181
181
184
176
182
183
180
182
188
189
189
197
193
196
196
196
200
201
199
202
203
199
196
197
192
188
186
180
180
178
169
175
175
172
175
177
182
177
183
186
191
191
192
194
197
201
210
211
217
218
219
225
226
228
227
227
230
226
231
235
237
237
240
239
238
242
240
244
243
243
246
240
246
246
248
247
246
254
248
253
254
248
245
244
248
250
253
254
258
257
254
256
258
251
253
251
248
247
244
243
245
241
238
237
240
237
237
232
239
229
230
227
222
223
223
226
225
226
225
229
233
233
234
228
227
228
223
215
213
210
211
211
208
204
200
194
189
187
177
178
171
167
160
162
161
163
158
160
163
164
166
165
170
169
166
172
169
172
175
178
176
174
177
172
171
168
162
162
158
154
149
151
148
141
137
136
130
131
124
121
122
121
120
118
119
120
122
124
127
131
133
136
139
144
148
149
150
156
156
168
167
173
175
177
181
183
182
186
191
190
193
192
198
197
199
198
200
199
197
197
199
194
197
195
194
189
190
184
180
174
180
176
176
171
167
165
158
155
153
151
156
149
151
151
153
153
152
150
157
157
154
155
164
163
161
163
167
165
162
165
161
165
159
159
157
160
153
156
161
158
162
158
160
162
158
163
167
165
172
176
182
185
193
201
206
210
211
214
214
211
213
213
211
203
206
201
201
199
195
196
193
185
189
182
184
180
180
182
183
185
183
190
191
198
205
208
211
213
216
218
223
224
224
225
229
228
224
224
229
222
224
216
217
215
212
211
205
206
202
205
203
201
202
206
206
210
214
217
221
224
230
232
238
240
247
250
254
261
261
264
271
267
281
280
279
279
286
284
283
286
282
281
287
283
280
285
286
293
283
284
285
284
285
281
283
275
275
270
273
271
262
267
269
268
271
265
271
274
267
267
271
272
274
274
274
273
270
270
270
272
269
266
267
262
261
254
252
253
251
249
244
242
240
242
238
237
240
233
236
233
238
234
230
232
229
231
226
230
229
224
230
231
232
230
234
236
233
232
239
241
242
245
244
250
245
248
255
248
248
249
255
250
252
254
253
252
254
252
254
252
250
254
251
250
246
243
243
243
236
231
231
226
221
215
208
206
202
196
193
194
191
191
193
191
190
198
198
205
209
210
216
222
225
228
231
234
237
239
247
245
241
242
241
233
228
221
218
212
206
197
193
190
185
178
179
177
179
173
179
174
179
176
182
177
184
188
190
199
200
200
209
209
206
211
208
209
207
203
202
191
187
180
180
174
169
166
167
159
153
152
152
151
147
143
149
154
154
160
164
168
169
174
177
186
188
191
192
193
190
190
194
193
191
188
183
177
172
166
163
161
158
154
155
152
153
157
159
167
172
176
183
188
195
203
215
216
221
228
229
231
230
236
242
238
241
237
239
232
232
233
233
229
221
223
221
219
215
219
221
220
222
220
227
227
228
231
236
234
232
233
237
235
236
238
245
242
250
251
255
257
254
259
264
269
277
278
280
291
289
286
292
299
300
304
312
310
308
312
319
319
317
315
326
326
328
328
335
336
336
336
332
340
330
326
329
323
319
312
303
305
299
293
294
290
284
281
276
273
267
269
266
261
259
261
261
263
260
258
255
249
246
247
243
241
240
239
233
234
233
240
240
245
246
252
251
259
258
264
270
271
271
277
281
286
286
289
287
290
296
294
291
302
298
296
295
297
294
293
285
279
282
279
271
272
267
262
270
254
252
249
251
241
239
228
223
216
210
208
202
198
197
200
199
199
198
196
197
197
196
186
184
178
173
175
166
166
163
164
162
161
163
162
159
156
154
146
148
141
145
144
141
143
142
145
144
147
141
146
142
140
137
139
140
137
137
131
134
130
136
136
141
142
146
146
149
158
160
160
167
167
172
172
181
188
196
195
201
202
204
207
211
208
209
210
214
206
209
208
210
207
202
209
207
203
202
199
203
198
196
192
196
189
190
187
184
182
179
168
173
168
168
170
173
174
175
173
178
180
182
184
187
191
192
196
196
198
201
208
210
207
208
205
209
197
197
195
192
184
185
182
183
186
183
185
184
190
190
187
195
191
185
190
194
191
193
195
201
199
202
202
199
198
196
194
192
195
192
192
193
192
193
189
188
193
191
194
189
189
190
185
188
192
190
193
199
204
203
204
204
210
211
212
222
220
225
234
239
237
245
242
252
252
261
259
259
262
259
261
264
266
264
264
264
264
262
262
265
265
264
259
258
255
248
255
252
252
255
259
258
257
262
260
263
268
264
274
280
284
289
289
292
296
300
305
304
308
308
308
307
311
306
302
305
306
299
301
296
290
285
283
283
269
273
265
275
265
265
261
255
256
252
245
247
243
234
232
227
228
221
211
216
206
199
194
188
184
170
160
156
145
135
128
121
116
108
103
102
101
95
93
100
96
97
105
105
107
114
120
127
133
140
145
154
161
166
165
175
182
186
184
193
200
199
202
208
218
212
213
216
221
223
221
231
236
236
241
240
245
244
253
254
259
254
256
256
257
258
254
257
256
255
250
251
253
250
245
246
246
242
240
235
230
227
220
218
210
205
201
198
192
189
179
177
169
157
147
140
130
127
118
114
108
105
101
101
101
99
95
94
98
96
96
103
107
107
116
120
125
133
138
148
156
160
169
173
183
187
196
199
202
209
210
215
222
223
223
226
229
228
229
234
232
230
228
234
234
236
232
236
241
232
235
236
236
241
241
243
243
242
242
249
245
249
248
250
247
245
252
251
247
240
243
244
241
242
244
242
246
244
242
240
247
244
242
246
250
253
250
251
247
248
243
248
241
246
243
245
244
241
242
238
245
241
244
245
244
243
244
245
245
247
250
252
253
253
254
262
262
260
258
259
256
256
258
259
254
258
258
257
258
260
259
257
260
258
260
260
259
260
261
258
264
261
263
262
271
266
267
268
265
266
263
263
264
258
257
257
258
257
251
254
250
249
245
242
242
243
242
238
244
239
243
240
245
245
250
251
254
258
262
263
268
270
273
272
271
275
277
274
270
264
259
256
250
243
246
247
244
238
235
235
238
238
240
247
243
240
243
241
246
245
246
258
261
265
265
270
267
265
264
261
261
254
256
254
248
246
246
246
247
254
252
249
249
245
245
244
238
239
238
235
236
235
235
241
236
231
239
234
236
233
234
239
238
240
240
237
239
239
243
246
245
250
244
247
245
248
245
251
243
242
239
239
230
230
230
233
231
229
233
240
240
238
233
239
240
235
239
237
238
238
236
244
244
242
244
249
247
244
245
247
250
248
245
252
247
250
247
252
247
249
246
250
249
253
246
248
245
240
238
236
229
230
227
231
227
222
219
218
212
207
205
203
196
190
186
188
183
178
182
179
177
178
177
181
181
181
183
185
178
183
186
185
193
186
196
198
199
200
198
201
201
198
204
202
199
202
199
204
197
201
200
200
203
204
202
201
199
203
203
201
197
195
196
201
195
194
191
194
188
189
190
188
187
188
182
185
178
180
184
183
181
180
180
177
176
176
174
175
170
170
169
166
162
159
161
160
160
159
160
158
161
160
160
160
160
161
162
163
165
165
165
165
166
168
166
167
166
162
164
162
157
158
156
156
155
153
153
155
154
149
149
154
151
147
150
151
147
150
153
150
154
153
152
150
150
150
147
146
149
142
145
141
143
146
141
143
140
141
145
144
142
138
143
146
144
145
145
145
147
148
146
151
152
150
150
149
150
142
147
148
149
142
151
147
144
149
143
145
142
144
137
140
136
138
133
134
131
132
132
129
131
131
131
131
126
127
128
129
126
128
124
130
130
132
129
133
126
129
131
135
132
130
130
134
134
127
129
131
124
125
126
128
125
123
124
125
125
120
124
128
127
131
124
130
131
129
131
134
131
128
130
132
131
132
126
132
128
125
125
126
127
124
125
124
119
117
120
122
122
119
121
120
122
123
127
130
136
128
71
-2
1
-1
0
2
1
-1
0
148
146
-1
1
1
0
0

