DatetimeUTC;DatetimeLocal;Sunheight[°];OzoneP1[D.u.];CorrectP1;OzoneP2[D.u.];CorrectP2
20231214 07:47:09;20231214 10:47:09;3.1;214;1;119;1
20231214 07:57:09;20231214 10:57:09;3.7;-12;0;189;1
20231214 08:07:09;20231214 11:07:09;4.2;1002;0;974;0
20231214 08:17:09;20231214 11:17:09;4.7;640;0;566;1
20231214 08:27:10;20231214 11:27:10;5.1;652;0;309;1
20231214 08:37:11;20231214 11:37:11;5.5;714;0;364;1
20231214 08:47:11;20231214 11:47:11;5.8;471;1;372;1
20231214 08:57:12;20231214 11:57:12;6.1;702;0;394;1
20231214 09:07:12;20231214 12:07:12;6.4;715;0;306;1
20231214 09:17:12;20231214 12:17:12;6.6;866;0;433;1
20231214 09:27:12;20231214 12:27:12;6.7;560;1;307;1
20231214 09:37:13;20231214 12:37:13;6.8;467;1;324;1
20231214 09:47:13;20231214 12:47:13;6.9;498;1;330;1
20231214 09:57:13;20231214 12:57:13;6.9;653;0;357;1
20231214 10:07:13;20231214 13:07:13;6.8;628;0;307;1
20231214 10:17:13;20231214 13:17:13;6.7;397;1;326;1
20231214 10:27:14;20231214 13:27:14;6.6;402;1;303;1
20231214 10:37:14;20231214 13:37:14;6.4;377;1;257;1
20231214 10:47:14;20231214 13:47:14;6.1;658;0;381;1
20231214 10:57:14;20231214 13:57:14;5.8;755;0;267;1
20231214 11:07:15;20231214 14:07:15;5.5;299;1;355;1
20231214 11:17:15;20231214 14:17:15;5.1;1125;0;891;0
20231214 11:27:15;20231214 14:27:15;4.6;432;1;279;1
20231214 11:37:15;20231214 14:37:15;4.1;39;0;289;1
20231214 11:47:16;20231214 14:47:16;3.6;281;1;4;0
20231214 11:57:16;20231214 14:57:16;3.0;662;0;508;1
Среднее значение ОСО (P1): 399
Стандартное отклонение: 97.82
Среднее значение ОСО (P2): 332
Стандартное отклонение: 90.81

