;UFOS3
;Measurement details: channel = Z, date = 01.06.2018, time = 01:54:52
Exposure=1990
Gain=0
Temperature=8.2
Accummulate=4
8.257 mu
9.843 amas
5.28 hs
0 ozone
0 uva
0 uvb
0 uve
[Value]
0
319
318
318
318
317
318
319
361
369
420
406
374
382
423
394
397
366
436
402
408
376
445
408
400
378
434
410
398
404
442
431
395
387
444
422
411
377
423
416
385
382
451
428
407
381
444
425
397
387
422
428
378
394
439
415
374
390
436
413
399
377
420
406
395
379
448
412
394
378
445
408
383
400
441
418
395
375
421
415
392
390
433
406
386
392
432
420
374
386
456
431
384
392
443
434
384
373
444
425
375
388
432
419
386
394
438
415
392
384
435
412
384
399
439
418
383
389
425
409
385
392
443
416
398
396
431
422
389
381
423
409
393
380
427
436
386
397
427
404
407
395
430
423
381
389
431
431
378
434
443
420
378
384
442
418
415
389
432
433
371
380
421
419
409
412
427
421
407
380
438
413
404
413
433
421
381
402
441
408
383
383
431
427
404
389
454
423
395
404
426
447
378
403
422
411
395
393
441
414
390
386
439
423
398
383
426
400
394
388
446
415
377
401
425
415
386
380
424
442
409
381
434
409
399
396
449
420
386
369
436
408
375
394
431
421
384
392
410
414
412
386
426
422
387
403
429
407
407
389
429
416
393
391
426
448
396
405
437
416
383
441
442
414
398
372
418
418
399
374
421
411
379
400
438
427
389
394
430
425
393
383
428
436
395
375
442
404
397
392
434
438
389
384
419
423
390
382
436
419
404
385
433
423
405
400
419
412
395
373
431
426
416
384
431
422
395
392
435
416
382
391
433
416
383
394
425
415
400
387
445
417
393
391
437
413
413
371
443
444
392
387
423
433
379
398
452
425
392
387
436
420
377
394
416
404
385
391
432
409
412
390
433
416
410
389
448
414
401
396
422
423
400
394
418
428
388
385
427
412
398
380
441
415
388
402
419
411
394
387
431
429
380
385
425
405
395
379
429
462
398
385
442
443
390
386
462
404
405
388
425
412
395
380
420
414
419
397
424
411
393
401
426
423
385
377
439
405
400
387
431
411
385
373
445
429
375
396
444
428
398
397
416
434
377
387
430
422
395
371
431
397
387
423
431
410
403
401
434
430
410
383
430
416
395
394
425
422
381
394
424
442
399
374
438
404
393
414
438
423
410
399
444
407
389
397
426
416
386
397
421
408
397
383
437
408
401
385
475
408
407
397
437
409
380
415
421
428
387
388
442
411
399
383
420
410
386
412
427
413
395
391
429
406
392
385
429
422
395
422
444
415
400
396
424
425
403
398
428
430
399
397
411
419
404
389
428
414
386
375
423
406
408
390
422
418
413
406
437
415
383
390
436
416
396
406
435
429
397
388
429
408
395
386
432
429
396
401
432
413
391
391
426
422
390
390
433
415
387
401
435
415
389
416
447
395
404
390
426
408
407
406
431
412
398
397
424
399
392
398
432
411
389
407
430
415
377
401
427
413
410
391
441
408
388
398
455
406
382
401
427
422
459
389
442
410
388
381
414
413
387
385
414
421
380
388
421
396
414
404
423
399
397
379
417
418
386
379
422
415
394
396
426
409
405
401
434
417
395
380
436
408
395
395
428
404
400
405
435
403
394
391
431
401
403
383
429
412
396
401
444
404
397
369
417
415
392
386
418
410
401
391
404
403
386
390
417
414
386
386
432
423
390
401
418
400
386
406
418
421
391
390
432
424
388
401
419
417
408
411
419
419
403
571
422
430
421
399
413
410
394
396
423
399
389
399
430
395
404
402
435
423
407
404
423
398
406
388
427
415
394
397
421
444
405
380
422
411
384
393
432
426
404
400
426
398
394
405
410
422
390
404
425
410
401
400
413
405
402
392
426
408
394
389
439
410
401
402
408
420
399
398
440
407
403
400
427
414
387
393
427
409
394
394
429
404
400
401
426
406
414
394
421
412
420
398
415
419
402
397
427
425
410
408
427
423
395
386
414
407
422
407
417
419
390
398
418
417
388
404
424
413
404
407
423
407
387
391
438
420
409
415
421
411
394
391
414
403
399
402
427
422
408
395
428
417
411
435
426
404
406
403
422
417
394
411
417
425
402
412
435
411
399
404
417
423
417
401
427
408
402
401
426
415
409
410
424
429
399
394
427
405
405
414
424
411
408
402
425
416
399
404
428
414
424
403
437
415
405
406
418
427
408
405
425
417
438
390
429
412
424
396
427
431
403
407
438
427
391
402
431
458
413
402
418
425
427
415
431
413
419
420
430
414
436
415
433
425
428
405
430
412
412
406
418
416
444
411
425
414
420
423
427
421
414
412
432
425
399
401
437
422
429
404
431
417
415
418
423
417
404
402
427
432
417
408
434
437
413
417
437
427
425
424
429
429
421
415
444
435
436
411
434
444
415
429
434
426
421
428
457
447
433
433
450
450
444
447
460
451
433
456
455
461
448
446
454
449
445
441
439
446
455
453
471
462
434
453
474
450
455
444
463
469
454
439
464
461
459
461
482
477
466
449
471
476
468
458
483
452
456
465
490
492
470
480
481
475
479
455
499
474
480
456
494
497
469
462
481
470
498
479
497
483
488
474
493
497
473
489
491
481
481
489
508
514
492
489
512
490
495
501
515
515
507
500
516
506
499
518
521
509
504
525
512
540
531
527
532
535
535
523
531
522
527
509
530
541
525
521
532
520
510
511
513
517
504
498
516
506
503
514
521
509
510
511
536
520
524
530
542
534
534
539
583
557
573
578
578
578
587
578
589
588
578
588
596
590
604
590
609
596
613
612
625
608
617
598
610
608
590
604
611
638
601
592
605
609
622
584
588
603
584
582
617
596
600
595
672
621
629
623
641
646
635
647
658
671
685
690
710
709
712
725
741
735
749
729
749
750
765
741
751
745
733
732
737
728
721
736
709
713
707
717
716
708
710
712
735
733
722
744
766
751
762
752
772
796
792
807
828
837
843
842
879
873
894
883
917
915
953
934
960
953
955
935
952
935
940
928
939
939
936
915
912
907
910
905
927
889
891
910
917
922
921
902
947
932
941
923
932
911
932
919
937
912
926
908
928
884
892
842
850
829
828
823
819
814
813
802
797
811
821
806
850
824
823
842
877
856
860
863
887
896
927
932
939
947
977
988
1010
1024
1046
1035
1074
1066
1074
1081
1103
1098
1119
1101
1136
1123
1126
1127
1125
1122
1124
1105
1136
1110
1089
1095
1112
1083
1073
1086
1054
1043
1037
1023
1036
1023
1041
1018
1026
1017
1016
1025
1025
1023
1024
1028
1013
1036
1048
1062
1089
1095
1110
1103
1133
1163
1174
1186
1232
1237
1248
1275
1286
1302
1323
1317
1338
1353
1358
1363
1371
1385
1411
1404
1402
1441
1434
1444
1481
1479
1488
1489
1507
1515
1538
1522
1538
1533
1540
1540
1542
1534
1531
1495
1518
1511
1482
1464
1479
1460
1461
1441
1456
1443
1419
1410
1422
1423
1438
1447
1438
1426
1454
1429
1423
1414
1425
1394
1434
1421
1446
1439
1472
1466
1486
1469
1516
1515
1509
1560
1597
1596
1614
1686
1688
1718
1749
1783
1800
1855
1869
1912
1947
1975
2015
2039
2048
2066
2110
2111
2130
2140
2141
2116
2116
2092
2098
2081
2090
2066
2084
2064
2056
2050
2062
2051
2050
2020
2031
2020
1994
1965
1957
1928
1907
1894
1907
1846
1831
1770
1761
1725
1727
1692
1683
1690
1676
1663
1637
1643
1609
1601
1580
1559
1532
1528
1534
1539
1524
1528
1554
1541
1572
1568
1604
1629
1667
1691
1716
1757
1773
1790
1823
1823
1841
1834
1824
1834
1839
1813
1830
1834
1820
1814
1811
1810
1791
1800
1794
1795
1799
1785
1778
1792
1779
1778
1819
1801
1803
1812
1798
1794
1796
1786
1753
1746
1746
1717
1725
1695
1652
1664
1654
1630
1623
1613
1607
1589
1578
1578
1583
1572
1596
1573
1602
1604
1621
1627
1643
1667
1709
1755
1756
1760
1779
1800
1812
1822
1833
1832
1813
1825
1814
1830
1834
1853
1863
1861
1861
1867
1909
1873
1904
1910
1921
1935
1948
1973
2013
1995
1999
2018
2009
2021
1996
1981
1959
1929
1899
1846
1827
1800
1772
1776
1757
1740
1730
1708
1732
1701
1718
1722
1735
1716
1752
1756
1762
1777
1802
1806
1814
1804
1829
1805
1808
1781
1751
1759
1721
1703
1667
1671
1648
1631
1681
1681
1697
1706
1748
1785
1831
1855
1883
1905
1925
1947
1961
1960
1994
2007
2028
2049
2031
2078
2072
2076
2094
2119
2107
2112
2126
2128
2132
2160
2161
2193
2193
2220
2242
2274
2296
2309
2353
2328
2353
2344
2337
2342
2322
2311
2280
2249
2236
2222
2194
2163
2176
2148
2164
2185
2203
2219
2226
2232
2252
2269
2309
2339
2387
2394
2450
2442
2479
2515
2525
2514
2503
2501
2503
2483
2492
2473
2449
2420
2404
2394
2372
2350
2354
2319
2319
2266
2275
2270
2272
2256
2268
2256
2232
2241
2226
2220
2206
2178
2176
2156
2153
2150
2152
2140
2147
2132
2159
2142
2148
2161
2150
2153
2187
2221
2200
2214
2226
2239
2253
2285
2251
2245
2264
2261
2263
2249
2232
2238
2244
2202
2214
2170
2184
2175
2162
2199
2192
2175
2199
2187
2217
2197
2183
2195
2166
2167
2171
2168
2181
2147
2177
2182
2170
2138
2115
2124
2112
2052
2033
2025
1980
1925
1926
1888
1835
1805
1768
1756
1723
1661
1661
1612
1635
1571
1594
1582
1580
1588
1550
1594
1610
1622
1666
1716
1743
1780
1825
1851
1886
1909
1931
1953
1976
1988
2015
2016
2058
2054
2095
2086
2082
2096
2121
2114
2126
2121
2111
2115
2082
2086
2064
2074
2065
2021
2040
2022
2015
1992
2007
1986
1987
1989
1989
1988
2010
2009
2032
2011
2039
2060
2065
2100
2109
2124
2157
2175
2199
2210
2229
2236
2225
2221
2215
2229
2220
2221
2217
2207
2211
2182
2190
2145
2154
2113
2117
2109
2105
2113
2112
2097
2106
2089
2102
2136
2125
2112
2137
2123
2140
2118
2149
2147
2167
2158
2181
2210
2191
2210
2229
2242
2227
2229
2264
2266
2246
2231
2259
2230
2224
2233
2243
2259
2241
2224
2259
2264
2265
2273
2280
2256
2252
2204
2207
2172
2182
2196
2205
2216
2243
2264
2294
2307
2325
2344
2386
2425
2437
2464
2505
2541
2561
2583
2627
2637
2660
2680
2723
2722
2737
2718
2711
2691
2666
2655
2624
2618
2599
2580
2595
2579
2585
2559
2528
2491
2489
2455
2461
2432
2424
2447
2436
2425
2412
2425
2443
2443
2497
2474
2561
2502
2544
2530
2554
2580
2602
2589
2597
2587
2570
2526
2482
2447
2380
2330
2274
2238
2186
2164
2171
2155
2161
2166
2182
2195
2210
2223
2254
2276
2306
2283
2314
2333
2336
2354
2406
2418
2452
2461
2488
2485
2469
2501
2466
2454
2432
2421
2415
2441
2417
2419
2427
2445
2427
2420
2450
2465
2469
2462
2480
2484
2504
2506
2517
2545
2579
2568
2597
2574
2553
2556
2551
2530
2524
2494
2541
2495
2479
2456
2449
2416
2407
2362
2358
2335
2305
2333
2322
2307
2276
2252
2266
2257
2223
2222
2219
2201
2173
2119
2139
2105
2112
2101
2076
2083
2086
2115
2144
2155
2181
2139
2140
2146
2126
2104
2124
2110
2089
2109
2079
2069
2059
2027
2021
1982
1955
1914
1885
1848
1821
1816
1802
1797
1785
1797
1825
1840
1828
1819
1850
1845
1831
1821
1851
1838
1857
1843
1884
1874
1852
1855
1874
1858
1806
1791
1804
1786
1786
1752
1763
1779
1698
1682
1663
1633
1597
1594
1600
1571
1588
1571
1582
1600
1623
1642
1683
1714
1730
1758
1800
1839
1873
1887
1929
1976
1997
2063
2118
2138
2201
2231
2315
2334
2343
2391
2422
2457
2448
2465
2488
2482
2481
2492
2527
2502
2499
2503
2490
2470
2454
2431
2435
2414
2377
2367
2353
2328
2298
2276
2277
2242
2174
2146
2136
2116
2081
2095
2095
2111
2128
2110
2137
2126
2133
2161
2178
2211
2203
2227
2262
2285
2296
2306
2329
2335
2324
2277
2285
2276
2244
2226
2231
2217
2194
2196
2215
2227
2214
2222
2225
2225
2231
2248
2286
2338
2386
2403
2491
2529
2572
2610
2673
2717
2704
2705
2740
2702
2666
2648
2616
2593
2553
2541
2526
2511
2466
2407
2425
2394
2363
2337
2348
2344
2309
2341
2376
2379
2431
2457
2522
2557
2581
2599
2650
2638
2663
2638
2655
2657
2599
2566
2549
2510
2515
2437
2431
2400
2338
2306
2301
2270
2228
2217
2230
2205
2200
2196
2245
2247
2248
2271
2307
2317
2351
2347
2406
2394
2394
2428
2485
2502
2519
2528
2575
2592
2621
2629
2647
2677
2697
2710
2734
2752
2709
2714
2763
2746
2742
2715
2737
2726
2695
2685
2694
2697
2660
2669
2657
2659
2632
2606
2623
2576
2560
2525
2555
2505
2487
2474
2485
2458
2442
2427
2450
2432
2408
2386
2395
2395
2379
2387
2412
2402
2399
2370
2393
2384
2388
2374
2387
2363
2312
2325
2321
2325
2298
2283
2305
2294
2255
2252
2279
2262
2235
2220
2225
2226
2199
2180
2184
2174
2188
2157
2185
2184
2198
2186
2250
2244
2248
2266
2282
2310
2326
2346
2379
2417
2408
2440
2482
2495
2472
2511
2540
2548
2503
2503
2509
2507
2456
2442
2457
2406
2385
2347
2382
2366
2372
2330
2349
2309
2347
2298
2338
2298
2277
2279
2269
2256
2204
2175
2176
2182
2151
2133
2160
2154
2149
2149
2188
2201
2232
2246
2304
2345
2389
2416
2448
2461
2480
2499
2556
2587
2554
2576
2579
2575
2520
2502
2536
2497
2437
2412
2376
2349
2294
2269
2262
2259
2222
2199
2205
2216
2201
2173
2197
2169
2137
2140
2163
2165
2131
2125
2147
2132
2117
2128
2184
2181
2210
2238
2277
2271
2252
2224
2224
2203
2142
2116
2138
2111
2047
1989
1989
1940
1873
1888
1890
1915
1894
1888
1985
2018
2035
2077
2162
2255
2229
2260
2316
2324
2345
2368
2397
2417
2371
2367
2351
2337
2259
2227
2209
2151
2112
2075
2059
2032
1986
2000
2031
2044
2029
2042
2100
2123
2160
2187
2257
2300
2305
2333
2385
2440
2424
2446
2494
2513
2491
2496
2553
2543
2518
2511
2498
2461
2453
2409
2436
2436
2384
2370
2392
2405
2379
2359
2396
2411
2411
2411
2455
2450
2428
2433
2470
2485
2449
2448
2479
2509
2484
2502
2555
2553
2563
2562
2606
2608
2612
2619
2649
2658
2662
2677
2701
2712
2733
2744
2784
2807
2772
2779
2830
2851
2814
2845
2877
2839
2843
2860
2897
2895
2867
2841
2871
2864
2820
2793
2810
2760
2711
2670
2671
2635
2575
2546
2510
2485
2448
2376
2389
2350
2276
2311
2265
2251
2201
2191
2198
2208
2147
2141
2141
2121
2105
2090
2096
2090
2014
2010
2039
1993
1977
1976
2006
1986
1981
2000
2023
2053
2022
2058
2089
2120
2088
2098
2164
2195
2175
2185
2229
2240
2216
2198
2244
2251
2210
2214
2239
2202
2169
2134
2160
2096
2074
2050
2071
2056
2014
1983
2005
2016
1978
1940
1960
1941
1903
1857
1889
1853
1810
1798
1797
1758
1711
1675
1700
1692
1661
1638
1671
1644
1616
1585
1614
1571
1529
1507
1517
1490
1464
1440
1464
1470
1438
1425
1450
1423
1396
1379
1404
1402
1369
1369
1390
1371
1355
1364
1382
1370
1369
1369
1381
1365
1345
1340
1373
1352
1340
1316
1353
1351
1343
1342
1379
1384
1367
1399
1462
1466
1485
1492
1524
1576
1553
1597
1644
1669
1662
1696
1779
1780
1785
1815
1860
1829
1827
1817
1885
1858
1837
1845
1854
1865
1850
1842
1881
1845
1824
1784
1797
1808
1759
1810
1791
1795
1755
1748
1757
1775
1721
1716
1704
1687
1628
1593
1670
1670
1656
1677
1704
1722
1703
1684
1727
1768
1741
1771
1831
1868
1858
1876
1923
1942
1917
1896
1912
1917
1888
1856
1862
1848
1807
1784
1778
1767
1745
1732
1781
1784
1770
1764
1807
1801
1785
1797
1831
1839
1853
1864
1885
1892
1861
1859
1895
1944
1856
1854
1852
1853
1839
1814
1830
1815
1786
1807
1820
1792
1790
1785
1782
1784
1770
1749
1770
1771
1766
1759
1784
1793
1795
1796
1845
1861
1856
1860
1881
1904
1925
1935
1979
2005
2014
2028
2055
2082
2064
2069
2098
2112
2097
2080
2101
2113
2103
2115
2145
2175
2112
2098
2112
2094
2095
2067
2099
2043
2050
2004
2013
2028
1999
1973
1968
1985
1932
1953
1996
1965
1991
2009
2052
2078
2065
2099
2143
2132
2147
2122
2190
2169
2174
2196
2147
2162
2135
2122
2159
2095
2074
2079
2077
2038
2008
1978
1962
1948
1902
1876
1886
1843
1826
1778
1779
1767
1719
1680
1674
1651
1628
1624
1597
1561
1533
1521
1501
1476
1438
1383
1355
1298
1226
1182
1155
1116
1061
1036
1017
1004
980
941
938
925
906
924
922
920
906
928
944
969
979
985
1039
1065
1074
1109
1142
1147
1168
1169
1196
1225
1219
1253
1290
1335
1314
1353
1375
1393
1411
1416
1447
1459
1447
1468
1494
1538
1519
1557
1576
1562
1571
1569
1624
1605
1599
1614
1650
1626
1630
1619
1640
1614
1618
1615
1603
1594
1578
1587
1582
1577
1558
1551
1541
1536
1498
1482
1491
1440
1397
1385
1397
1359
1295
1256
1271
1212
1154
1108
1094
1051
1025
989
986
974
969
926
932
958
903
895
905
935
908
933
962
970
1000
1010
1055
1085
1088
1112
1191
1216
1222
1245
1310
1372
1362
1382
1449
1485
1470
1503
1566
1566
1573
1559
1598
1604
1590
1578
1593
1615
1596
1569
1608
1639
1610
1628
1644
1645
1656
1649
1671
1639
1655
1669
1724
1711
1722
1722
1755
1757
1775
1768
1793
1777
1767
1794
1780
1787
1799
1800
1802
1773
1781
1766
1781
1783
1764
1778
1808
1791
1791
1792
1808
1829
1804
1805
1827
1818
1838
1817
1798
1792
1785
1769
1780
1783
1772
1794
1787
1801
1797
1806
1812
1826
1793
1787
1829
1860
1833
1839
1861
1874
1870
1857
1902
1886
1885
1919
1910
1906
1886
1859
1869
1886
1868
1859
1869
1875
1880
1877
1894
1883
1857
1873
1875
1882
1873
1836
1858
1870
1832
1828
1852
1871
1870
1857
1872
1860
1868
1843
1878
1868
1853
1822
1851
1848
1807
1770
1786
1767
1750
1706
1730
1692
1659
1652
1705
1695
1693
1678
1686
1709
1688
1722
1754
1735
1727
1716
1755
1756
1754
1733
1754
1777
1756
1749
1800
1724
1728
1688
1694
1658
1625
1608
1618
1600
1569
1564
1576
1586
1557
1548
1550
1561
1554
1540
1558
1556
1556
1560
1604
1584
1576
1589
1583
1599
1596
1556
1609
1558
1542
1537
1536
1528
1482
1476
1488
1491
1465
1474
1472
1460
1431
1427
1430
1412
1399
1377
1392
1360
1364
1355
1367
1419
1345
1327
1349
1345
1339
1337
1346
1323
1323
1307
1330
1330
1300
1314
1332
1365
1326
1334
1301
1325
1309
1298
1312
1313
1307
1273
1298
1288
1249
1249
1275
1279
1230
1256
1273
1299
1243
1255
1263
1296
1250
1238
1257
1254
1257
1226
1246
1266
1267
1268
1256
1271
1260
1260
1276
1272
1265
1253
1262
1286
1230
1246
1238
1232
1223
1205
1249
1251
1219
1197
1225
1216
1202
1187
1189
1174
1159
1139
1157
1127
1121
1127
1126
1120
1111
1054
1051
1040
1041
1020
1032
1035
991
991
1013
1035
995
979
995
1039
1001
1002
1017
1026
1007
1026
1038
1040
1049
1015
1050
1080
1054
1073
1089
1092
1070
1072
1102
1094
1069
1068
1092
1092
1056
1063
1090
1105
1096
1082
1122
1116
1081
1078
1113
1109
1091
1089
1106
1082
1068
1065
1074
1078
1069
1049
1066
1053
1046
1051
1069
1048
1049
1029
1033
1038
1019
1028
1045
1035
1008
1008
1055
1018
995
1010
1014
1015
974
957
984
981
956
985
991
987
965
996
1000
1009
977
995
1008
1010
997
1008
1022
1033
1002
1036
1038
1020
1016
987
1002
998
994
976
986
983
971
960
998
983
951
958
992
959
954
969
957
974
954
966
960
1001
970
970
971
961
950
941
932
949
925
939
949
931
951
910
933
920
925
922
989
942
904
916
942
940
955
944
958
973
946
943
991
977
982
961
971
971
898
697
316
318
318
317
317
319
318
319
978
933
317
319
318
0
0

