;UFOS3
;Measurement details: channel = D, date = 01.06.2018, time = 02:06:25
Exposure=2319
Gain=0
Temperature=8.2
Accummulate=4
7.283 mu
8.18 amas
6.466 hs
0 ozone
0 uva
0 uvb
0 uve
[Value]
0
320
320
320
319
318
319
319
366
379
428
416
380
392
430
400
406
375
446
409
422
385
453
415
410
385
443
417
408
416
451
443
406
395
452
431
418
382
429
422
391
392
461
437
416
389
452
435
404
396
431
441
383
403
444
424
378
398
445
419
405
387
423
414
403
386
454
420
400
388
454
418
390
406
450
429
402
384
425
425
397
398
443
415
393
400
439
428
383
396
466
442
390
401
452
444
390
380
451
437
378
399
440
428
391
402
444
422
402
394
443
421
390
410
447
428
390
399
433
415
390
400
450
424
405
405
437
429
400
391
427
418
400
389
437
448
393
406
434
411
417
401
437
430
389
397
436
443
384
446
451
429
385
393
448
426
426
395
440
442
376
387
429
427
418
423
433
431
417
386
446
421
412
423
441
427
385
409
447
414
386
393
439
434
410
395
460
432
401
413
431
456
382
412
432
420
402
400
445
419
399
393
448
427
406
388
433
405
401
395
453
424
383
412
432
425
388
389
432
457
414
387
439
416
406
403
459
425
391
375
442
416
382
401
439
430
387
399
415
419
422
393
430
430
396
411
436
416
414
397
438
420
399
399
433
461
402
413
443
423
390
458
453
423
404
377
426
429
406
380
426
416
386
410
445
434
396
403
434
431
401
391
433
446
401
384
448
410
406
399
439
448
394
395
425
431
397
387
442
428
414
393
441
432
415
408
427
418
403
380
438
436
426
393
435
432
402
399
439
423
389
403
440
422
388
403
429
424
405
396
454
424
398
400
445
422
419
378
449
454
401
394
426
443
382
407
458
435
396
396
442
426
380
400
421
410
391
400
437
416
418
395
440
424
417
395
457
421
405
406
424
430
407
403
422
438
394
391
433
419
405
388
448
420
394
409
425
417
398
393
437
437
383
392
431
413
400
386
437
480
405
393
448
451
392
395
469
408
414
393
429
420
397
386
425
419
426
405
435
418
400
406
427
430
389
381
446
409
407
394
435
418
389
377
453
438
379
403
451
438
405
404
421
441
378
393
435
429
400
375
438
405
388
439
436
417
408
409
442
435
419
386
435
420
399
399
430
431
385
401
430
452
402
380
440
408
399
423
444
427
417
406
448
413
392
401
431
424
392
405
427
413
402
388
447
414
409
394
485
415
416
405
443
415
384
423
426
438
393
393
445
417
406
388
424
419
392
423
434
417
401
399
434
413
397
390
433
426
394
431
450
421
404
403
428
428
407
402
430
436
405
404
414
425
409
396
431
419
393
381
427
411
417
396
424
423
420
412
437
418
386
397
440
421
402
412
439
435
401
391
433
415
400
393
437
436
398
407
434
419
397
396
429
427
395
396
440
424
389
404
443
421
393
423
456
401
406
392
429
410
414
412
435
418
403
400
428
403
397
403
437
415
394
414
434
421
379
411
427
417
417
398
446
413
392
405
467
412
383
408
429
430
470
394
447
416
390
385
417
416
387
390
418
426
384
390
422
400
418
410
425
406
403
381
420
425
386
384
430
422
398
400
431
413
415
408
441
424
398
382
441
414
398
398
430
408
404
411
439
409
397
394
436
407
408
388
430
417
398
405
449
406
402
372
421
421
393
395
422
415
404
395
405
408
387
391
419
421
390
387
437
427
391
405
421
403
391
411
419
423
392
392
433
431
389
407
419
419
410
416
417
425
408
610
426
435
426
403
418
418
394
402
426
401
390
402
428
397
402
405
438
426
411
405
426
399
408
392
428
416
395
396
420
452
411
382
423
416
384
396
433
429
404
404
430
401
394
407
410
423
392
407
428
413
404
402
415
407
401
394
426
411
396
393
444
413
403
408
405
423
402
399
441
405
406
404
428
418
385
394
430
414
395
399
431
408
400
404
429
407
415
397
421
413
424
400
415
421
404
399
428
429
412
410
428
423
393
384
415
408
421
406
416
418
390
399
416
416
388
406
422
412
402
407
424
404
383
393
439
423
410
416
418
412
392
389
410
402
399
399
425
423
408
394
428
418
409
436
421
402
408
403
422
418
392
409
409
422
399
414
435
407
396
399
414
419
413
399
421
401
396
397
419
415
403
405
419
428
395
391
423
401
400
414
417
407
405
399
421
415
393
398
427
414
418
399
431
411
400
403
412
424
403
400
419
410
433
384
420
406
415
390
418
425
391
399
429
416
383
395
421
456
406
393
410
415
414
405
421
402
408
410
420
404
425
404
421
418
419
394
418
404
400
395
407
402
435
400
410
404
411
413
414
411
401
401
420
415
386
388
425
411
418
392
418
405
404
411
411
406
388
388
410
414
402
391
419
422
398
400
421
411
407
406
410
409
402
396
422
415
413
387
412
425
387
406
406
400
394
401
429
413
401
401
416
417
409
415
425
412
396
421
417
420
405
407
414
408
404
397
392
405
413
408
428
421
388
409
432
407
407
396
415
425
406
390
412
414
405
408
431
422
412
391
412
418
413
401
421
391
391
403
426
428
405
412
413
409
412
391
431
406
408
388
427
429
398
392
411
403
430
408
428
414
412
401
420
425
393
410
409
399
395
403
423
426
403
401
418
403
402
407
422
424
411
407
418
410
397
418
418
407
397
418
401
424
414
407
407
414
410
394
404
401
401
385
406
418
405
403
414
411
402
406
409
417
402
395
415
403
400
413
415
405
406
398
427
403
405
403
416
402
396
395
436
405
414
419
413
414
416
408
412
410
400
410
419
410
425
403
418
406
419
417
431
415
416
400
409
408
387
402
408
440
402
403
413
420
432
398
402
421
396
403
433
408
404
397
477
420
417
408
417
419
398
401
404
403
405
402
412
401
394
398
410
398
415
390
413
413
423
406
416
412
403
410
411
413
406
425
399
409
399
405
405
405
404
406
423
424
404
418
430
413
410
398
407
420
408
411
419
423
414
398
423
406
411
397
408
401
426
401
420
415
418
395
415
404
408
399
416
425
425
403
405
407
411
407
433
395
394
406
404
416
409
389
425
415
418
400
406
392
411
400
425
401
417
408
430
403
418
381
394
392
397
401
405
414
414
403
399
416
416
398
436
403
393
413
432
404
400
394
399
405
413
408
403
400
413
409
416
417
420
408
428
412
406
406
418
407
414
396
425
407
410
398
407
400
406
399
424
404
392
409
427
418
408
425
406
411
405
398
409
411
422
404
407
402
402
404
409
407
405
410
392
409
406
409
414
419
416
399
408
422
406
389
421
413
404
418
409
410
410
400
401
414
411
401
403
411
413
408
390
417
401
398
421
408
416
407
412
416
423
402
417
418
422
424
413
419
417
394
410
412
398
393
416
415
416
407
429
425
404
399
406
408
421
420
412
411
438
417
417
410
414
388
417
410
420
403
414
410
414
399
418
412
385
419
426
398
387
423
399
406
407
409
401
426
407
418
425
418
428
421
402
404
416
407
410
416
415
398
410
397
415
400
411
398
412
402
409
399
415
409
419
395
414
412
405
398
410
411
405
405
434
407
414
390
413
401
419
407
412
418
410
408
394
420
408
419
412
411
399
407
408
419
397
405
415
400
414
395
407
404
414
415
408
420
402
401
419
409
417
408
403
411
408
397
415
414
400
401
400
420
395
408
403
407
421
413
400
419
402
399
427
406
409
405
400
398
403
410
395
406
403
397
424
411
392
417
406
396
391
398
398
399
391
398
403
406
423
407
424
416
419
404
396
406
414
434
416
393
404
400
400
402
417
404
406
406
403
408
399
406
408
407
396
394
423
390
399
407
401
407
398
406
429
403
402
415
397
408
407
412
410
406
411
387
407
410
394
414
413
407
403
392
416
392
406
405
406
389
421
412
407
399
407
413
402
392
402
391
395
398
392
413
409
411
388
403
399
389
429
412
411
400
402
414
424
415
412
410
402
399
401
398
409
407
403
410
382
408
395
396
398
427
414
409
412
408
398
408
397
401
394
404
404
404
402
392
413
385
410
409
398
413
411
412
407
400
402
414
411
407
410
399
396
406
410
416
415
411
406
391
406
410
413
395
418
391
402
415
416
411
398
409
416
408
430
403
410
395
401
411
410
402
421
410
421
400
404
399
404
395
413
397
401
409
407
411
415
413
412
412
400
403
406
409
410
407
419
400
409
405
392
399
414
440
398
400
402
403
412
427
401
394
407
396
407
401
397
410
425
398
419
393
413
404
397
431
406
396
405
401
414
397
394
404
403
409
413
406
415
393
410
420
405
399
402
412
421
397
413
411
401
385
412
416
397
407
405
428
428
401
422
398
438
388
419
410
409
423
383
409
406
397
407
420
403
403
415
403
408
400
401
406
404
410
409
401
414
403
420
398
386
391
417
403
414
404
404
428
395
417
407
423
434
399
419
407
408
399
422
408
400
402
400
405
418
406
421
392
406
417
406
414
400
398
404
409
399
396
405
401
402
398
396
410
409
404
401
400
414
401
424
411
429
398
407
408
399
411
414
412
417
389
405
432
412
403
416
397
403
396
403
407
418
404
409
427
401
406
414
419
405
404
420
429
411
399
428
404
403
403
407
430
413
389
405
401
409
404
416
413
423
393
420
401
412
404
404
406
404
407
417
416
399
398
409
426
414
409
410
415
409
400
407
404
398
405
413
400
414
409
407
406
404
413
406
414
412
394
403
413
428
433
404
396
409
406
414
400
387
413
410
409
399
389
396
392
419
398
472
396
415
397
413
415
428
401
409
416
409
409
405
414
401
404
395
413
393
391
408
405
400
399
403
403
401
396
409
403
421
397
413
421
396
395
409
412
417
402
427
421
400
453
412
407
401
400
405
427
411
416
411
427
399
394
416
415
422
409
414
411
406
408
398
410
424
395
424
401
400
412
413
416
413
402
433
410
400
398
415
410
414
403
409
398
394
430
417
427
401
402
413
408
396
403
418
421
419
395
418
414
426
420
404
394
397
412
422
405
423
398
407
417
410
402
417
424
400
419
404
411
407
400
424
422
422
402
412
415
400
414
417
406
394
401
406
419
401
392
418
415
406
393
415
409
416
398
425
413
399
409
424
435
396
394
419
416
412
396
407
447
391
402
406
405
394
407
425
399
409
394
397
404
410
404
416
422
396
398
415
416
421
402
403
412
395
414
417
392
405
390
431
408
395
401
417
433
410
422
429
416
395
396
416
399
396
414
413
406
395
390
417
417
394
410
418
408
406
406
415
422
404
400
411
418
401
408
421
424
420
405
423
405
402
413
412
436
399
411
425
436
414
402
414
426
420
396
409
417
398
410
424
430
409
402
408
415
405
426
423
421
420
413
420
425
419
400
418
415
404
411
417
447
400
405
431
411
405
418
416
416
386
397
409
422
405
392
424
424
408
407
414
430
394
410
418
404
413
397
419
413
398
403
424
403
405
389
411
422
408
410
424
421
449
394
414
424
394
402
419
423
400
401
421
409
394
387
431
414
398
412
416
405
413
400
434
412
400
403
419
409
404
395
419
412
416
408
409
415
409
415
426
438
389
399
422
422
417
415
414
425
400
386
418
419
397
411
412
417
407
394
444
416
407
395
428
408
393
402
418
417
401
401
428
436
427
398
410
408
392
404
416
428
418
402
412
416
420
418
427
419
390
404
412
426
407
397
412
423
392
402
428
437
395
399
418
422
397
396
420
412
421
388
425
412
414
397
444
415
413
408
405
421
409
407
407
433
404
407
427
415
387
420
432
431
387
387
402
419
393
401
437
412
410
398
424
417
424
397
415
401
436
393
427
407
390
404
418
414
397
393
417
430
404
398
423
424
410
407
420
417
423
394
433
416
407
417
419
417
407
396
419
427
393
406
413
431
394
403
451
435
404
417
413
419
397
401
413
438
408
402
409
421
398
398
430
417
402
399
424
423
411
415
421
435
408
408
427
409
403
432
443
428
421
406
422
428
398
396
428
443
419
409
434
434
395
417
417
431
394
394
446
432
407
406
445
505
406
407
427
409
403
405
418
430
401
417
427
440
394
411
424
420
417
420
437
432
395
416
428
435
402
414
424
421
428
401
416
430
406
400
428
439
391
397
416
428
395
398
433
435
395
408
416
405
409
383
417
431
398
415
418
425
406
397
419
433
416
397
433
423
396
403
421
438
396
396
421
430
391
403
439
421
405
390
413
419
408
414
416
421
409
412
414
414
417
406
428
441
402
395
428
448
402
430
444
415
408
412
445
443
409
399
426
434
404
401
440
422
401
395
435
417
416
417
409
417
413
394
429
419
378
448
425
430
395
410
413
435
391
407
428
406
407
410
431
448
385
407
448
421
403
414
436
407
408
404
415
432
390
417
429
445
396
391
431
431
393
395
429
427
412
408
429
439
403
415
443
428
401
407
461
413
398
396
427
426
403
393
420
441
409
397
421
428
412
384
435
428
410
429
446
439
408
392
426
427
400
397
429
426
403
399
436
426
397
403
425
409
408
403
426
433
413
408
428
418
398
391
427
426
408
412
434
418
392
408
424
411
407
412
426
415
400
403
435
424
413
390
434
423
408
401
423
425
387
393
428
413
411
400
420
434
401
411
424
428
397
399
444
419
408
415
449
416
404
391
454
419
395
410
411
426
408
398
438
418
412
401
421
444
397
445
420
437
395
407
411
442
401
414
423
434
403
388
436
413
394
405
432
431
415
395
418
435
395
395
413
427
407
410
423
439
403
394
405
427
411
412
421
427
396
393
409
419
404
401
430
427
403
398
420
416
400
409
425
428
419
414
419
420
394
397
421
473
404
415
414
418
412
406
421
422
391
418
425
411
414
411
410
416
410
407
415
423
401
395
419
416
409
393
416
430
402
397
406
407
396
392
411
424
414
405
417
428
406
401
413
426
417
401
409
422
400
396
426
469
396
401
425
418
415
396
437
422
433
397
425
437
419
402
406
426
390
404
436
408
397
390
419
419
396
410
428
410
422
398
446
416
408
449
408
431
404
409
453
407
409
415
431
427
410
399
416
430
400
413
433
420
407
395
412
434
394
391
406
420
408
439
413
419
408
420
412
421
407
402
419
419
402
403
419
419
401
409
416
423
419
399
415
411
400
424
418
416
393
403
403
409
407
390
417
420
402
411
422
407
408
408
416
420
395
403
412
433
391
409
405
404
404
400
414
417
393
400
419
448
408
438
435
407
398
391
432
411
401
402
436
415
409
408
419
408
421
414
414
416
401
419
407
410
400
409
409
423
396
406
434
411
393
405
433
428
401
397
451
434
417
409
426
417
416
406
423
420
420
401
413
443
397
399
405
429
393
410
423
413
418
406
426
428
400
393
437
427
397
392
417
444
405
405
428
430
393
411
437
427
409
400
433
425
401
390
405
431
402
387
420
428
393
403
413
409
419
413
429
405
403
392
423
417
401
396
420
409
419
401
416
401
384
406
397
412
420
419
420
405
413
403
409
418
389
404
427
415
412
413
419
433
406
409
417
407
435
414
413
414
425
419
422
425
416
424
405
424
409
417
414
437
403
395
430
447
408
414
418
432
410
392
428
408
400
438
433
440
415
401
416
429
415
408
408
417
422
412
430
432
396
416
413
431
405
386
413
437
399
405
420
431
428
407
419
406
411
393
421
421
417
395
429
434
406
384
418
414
411
390
431
426
400
404
448
429
425
404
413
426
396
416
432
420
401
393
422
422
412
391
409
436
416
413
477
412
416
394
424
415
404
401
419
426
403
404
419
438
405
407
409
421
415
400
417
414
405
402
438
415
393
399
398
408
415
390
448
417
406
415
415
424
397
397
416
425
402
413
418
414
396
406
419
413
410
400
418
403
411
402
417
473
398
393
425
417
417
425
434
415
408
396
411
425
392
400
410
447
410
436
403
433
412
415
425
426
413
400
419
427
396
409
429
435
396
413
424
452
393
405
415
442
407
396
417
415
414
391
407
419
415
421
415
428
412
407
425
419
415
399
411
439
391
418
414
410
411
396
431
428
402
384
420
415
408
408
413
414
404
401
429
421
417
422
424
421
419
394
406
408
416
404
417
428
384
392
413
441
406
397
404
438
406
413
416
420
400
419
426
431
431
400
410
438
402
417
418
420
400
397
432
422
398
404
423
434
398
403
419
441
424
407
435
430
398
401
429
431
416
423
437
425
409
407
414
429
418
400
410
405
399
413
425
418
413
400
406
411
392
405
424
422
395
408
448
427
399
427
438
436
405
395
424
417
391
421
430
419
393
423
417
426
399
412
420
423
398
409
425
426
395
430
423
413
416
392
415
426
413
398
412
417
400
399
433
430
395
409
438
407
402
414
407
418
396
411
403
447
414
419
420
415
402
406
401
420
394
417
427
415
434
393
415
408
412
411
470
429
389
401
421
425
426
413
414
434
399
398
442
424
421
406
403
422
406
411
320
319
319
318
319
320
320
319
422
409
319
319
319
0
0

