;UFOS3
;Measurement details: channel = Z-D, date = 01.06.2018, time = 02:05:07
Exposure=1710
Gain=0
Temperature=8.3
Accummulate=4
7.386 mu
8.34 amas
6.331 hs
346 ozone
0 uva
0 uvb
0 uve
[Value]
0
1
-1
-2
0
1
1
-1
-2
-2
-1
-3
0
-5
-2
-2
-2
0
-7
-1
-1
0
2
-1
3
0
1
0
1
3
0
1
1
0
1
-2
-1
2
3
1
1
3
4
0
3
-2
-3
3
-2
2
1
0
2
0
-1
0
-1
0
0
1
-1
0
3
-3
1
1
3
-1
-1
2
0
-2
1
0
3
1
0
2
-1
-1
-2
1
2
1
1
1
0
-1
-2
1
3
0
-2
2
1
2
-1
1
2
-1
1
1
1
2
2
3
2
1
-2
-2
1
0
4
1
1
2
3
2
3
0
0
1
1
0
1
-1
0
1
6
-1
0
0
-1
0
-1
2
3
0
2
2
-1
-1
1
2
2
-2
0
2
1
2
0
2
1
0
2
-1
-1
-1
3
-2
2
2
3
2
0
0
3
-1
2
0
-1
3
3
1
2
0
4
-1
-1
4
2
1
4
1
0
1
2
-1
2
0
-2
1
-1
2
1
-1
-1
3
-1
-2
0
3
0
-1
4
-1
0
0
-1
3
0
1
0
-1
0
0
1
2
4
1
4
0
0
1
3
3
1
3
-1
2
0
1
0
0
0
2
-2
0
-1
1
5
0
3
0
3
2
3
-3
2
2
2
2
-2
3
3
0
3
2
4
4
4
5
2
1
1
-1
1
2
4
1
4
1
1
2
0
1
1
0
4
1
2
2
0
3
1
2
0
0
1
6
4
1
2
-2
1
-1
2
-1
1
2
4
3
2
2
1
3
-1
1
4
1
1
2
-1
2
2
3
4
1
2
0
0
1
1
2
2
1
5
3
1
2
2
0
4
1
1
0
1
0
2
2
0
-1
3
-1
0
3
-2
1
-3
3
2
5
2
1
1
1
1
0
1
0
-1
2
2
1
3
0
0
0
3
-1
4
1
2
4
1
3
2
2
2
2
2
0
3
1
3
5
4
1
2
3
0
3
3
3
-1
0
2
0
2
4
0
3
2
2
3
-1
3
1
5
1
5
1
1
2
2
1
4
1
0
2
4
3
3
0
1
2
4
-1
7
1
3
-1
0
-2
1
-2
4
3
2
4
2
1
3
1
1
-1
4
3
0
-1
5
0
5
5
2
2
4
-1
0
1
3
1
5
2
6
2
3
1
5
1
0
5
2
0
2
2
2
2
2
4
4
0
-3
4
3
1
2
3
1
1
3
2
2
3
1
1
2
2
3
2
2
1
4
4
0
1
2
4
2
1
3
5
2
4
1
5
2
4
4
2
6
2
2
4
2
3
4
-1
5
3
3
3
2
3
5
3
3
3
2
0
6
4
2
0
4
4
2
0
5
5
4
3
5
2
2
4
5
2
3
2
6
2
4
5
5
6
3
3
2
2
5
1
4
2
1
4
0
2
3
5
1
2
1
5
6
3
8
4
4
2
5
5
1
2
1
3
4
4
4
2
4
2
6
3
2
2
5
2
4
3
3
2
6
3
4
4
2
2
4
1
5
4
3
4
5
3
4
5
2
3
4
2
2
2
5
2
4
3
5
4
3
4
5
3
5
5
5
2
4
2
7
5
4
2
4
2
5
4
7
2
2
1
5
3
3
3
4
2
3
3
5
4
7
4
7
4
6
6
5
4
5
5
5
5
3
1
5
4
1
2
4
5
3
2
5
5
4
3
3
6
4
3
5
6
1
1
5
5
3
5
6
6
4
6
6
2
2
4
5
4
5
4
5
7
3
4
5
2
6
3
4
4
3
4
7
5
4
3
5
5
4
4
6
3
5
6
2
5
6
5
6
5
5
3
5
3
6
6
7
4
2
4
4
5
4
4
3
5
5
7
5
7
5
5
7
5
5
6
4
4
3
7
6
3
7
4
7
7
6
2
8
4
6
8
9
4
6
7
5
9
4
5
5
6
8
7
9
7
8
6
9
4
8
4
7
6
4
6
5
6
6
6
6
7
8
8
6
7
3
6
7
6
9
8
11
7
10
7
8
7
8
5
7
6
7
7
8
4
6
8
6
8
7
9
6
7
6
8
10
6
11
9
8
7
8
8
8
9
7
7
7
8
10
10
10
9
6
11
9
8
8
9
11
10
9
8
11
9
10
9
13
9
11
12
12
9
12
11
12
9
10
12
11
11
11
14
12
13
13
8
10
8
12
12
13
9
12
12
13
12
11
12
13
10
13
12
11
13
14
10
11
14
13
12
12
12
17
9
14
13
12
14
18
13
17
17
16
15
18
14
17
16
19
17
20
17
19
17
16
13
20
17
17
17
19
18
17
17
23
18
19
16
20
17
18
18
18
18
17
17
18
20
20
20
18
18
18
16
18
17
21
19
22
22
24
23
20
22
20
24
23
20
23
23
25
23
25
26
26
22
26
29
26
26
28
27
29
30
29
31
30
30
34
33
33
35
34
36
37
38
40
37
43
42
41
45
45
46
45
45
46
49
50
51
51
50
48
49
53
54
51
52
54
56
54
55
55
61
58
55
56
58
61
57
58
62
64
63
66
66
67
67
73
65
71
71
76
70
75
73
76
77
80
82
79
79
81
83
83
82
88
84
87
83
86
85
85
84
85
85
87
88
90
86
90
90
92
92
93
93
96
99
102
107
110
107
106
108
106
105
110
108
114
113
115
116
118
117
119
124
125
125
127
130
130
138
139
142
144
148
149
148
150
149
150
145
149
145
145
138
137
139
132
129
130
125
126
121
120
122
120
120
123
123
128
132
137
134
145
147
155
156
163
172
179
182
187
187
194
195
199
200
207
205
206
211
212
217
220
213
222
225
229
232
229
230
233
231
234
236
233
234
234
235
230
226
228
225
221
216
219
218
214
218
219
219
224
224
235
234
247
242
257
258
269
277
291
303
318
326
342
353
361
367
381
377
388
380
384
386
384
386
386
376
376
371
368
360
360
356
355
352
351
348
343
348
349
352
362
359
368
373
377
390
394
404
419
432
440
451
456
481
488
501
511
526
544
549
569
576
587
588
601
608
601
595
601
592
593
579
575
575
567
567
560
555
553
551
550
551
559
555
568
563
569
571
575
574
581
581
578
583
583
577
578
568
565
560
557
538
538
517
506
490
483
471
461
451
455
446
444
444
452
451
464
469
481
484
491
499
507
515
536
552
562
572
586
596
617
632
649
659
669
679
697
711
725
727
742
738
757
761
773
774
772
777
779
772
769
763
769
760
749
744
737
733
726
717
705
692
691
679
681
676
678
669
679
673
674
661
672
670
676
683
677
690
696
715
725
741
763
771
793
808
831
846
877
891
910
924
939
958
983
992
1013
1016
1018
1015
1026
1036
1054
1068
1083
1090
1104
1114
1124
1132
1139
1155
1160
1168
1180
1183
1191
1190
1184
1190
1201
1192
1182
1168
1168
1170
1154
1149
1129
1125
1119
1097
1098
1085
1089
1075
1081
1087
1086
1092
1094
1093
1089
1077
1083
1083
1087
1081
1097
1093
1107
1114
1131
1134
1138
1145
1172
1185
1196
1223
1257
1269
1301
1340
1363
1389
1423
1451
1473
1496
1539
1568
1607
1638
1664
1694
1710
1743
1768
1781
1794
1806
1803
1788
1789
1771
1764
1756
1750
1746
1741
1720
1729
1732
1718
1718
1710
1702
1699
1681
1668
1642
1624
1600
1577
1575
1544
1515
1507
1451
1434
1410
1385
1363
1351
1352
1341
1332
1307
1299
1271
1254
1232
1216
1194
1188
1188
1177
1188
1194
1203
1200
1227
1238
1264
1286
1314
1341
1378
1410
1426
1454
1474
1477
1481
1490
1488
1480
1491
1487
1470
1470
1481
1474
1461
1466
1455
1439
1437
1440
1445
1422
1424
1421
1433
1428
1454
1446
1452
1462
1456
1447
1444
1438
1426
1401
1388
1374
1361
1342
1318
1309
1299
1289
1284
1271
1270
1258
1243
1243
1242
1235
1234
1222
1237
1252
1260
1283
1308
1324
1350
1377
1390
1416
1435
1449
1464
1476
1478
1476
1469
1475
1466
1479
1495
1499
1508
1513
1520
1520
1547
1533
1550
1554
1567
1584
1598
1615
1634
1645
1654
1658
1658
1657
1644
1620
1600
1567
1543
1507
1468
1442
1420
1398
1383
1370
1371
1362
1364
1357
1363
1367
1375
1374
1382
1393
1404
1418
1442
1443
1459
1467
1473
1463
1459
1436
1418
1401
1376
1346
1323
1313
1295
1295
1309
1323
1349
1371
1401
1433
1470
1492
1530
1567
1586
1605
1611
1629
1646
1669
1683
1703
1707
1736
1744
1737
1738
1741
1758
1763
1766
1777
1794
1801
1828
1843
1847
1865
1906
1934
1951
1978
1994
1999
2000
2003
1992
1982
1969
1962
1914
1911
1888
1867
1842
1817
1817
1805
1815
1828
1850
1851
1869
1883
1896
1918
1949
1990
2037
2074
2101
2124
2138
2168
2170
2175
2168
2165
2155
2145
2134
2125
2105
2085
2069
2048
2036
2011
1991
1971
1953
1924
1923
1920
1920
1928
1911
1911
1896
1886
1875
1865
1850
1825
1808
1805
1807
1800
1810
1796
1785
1784
1785
1789
1793
1800
1807
1808
1819
1835
1847
1859
1888
1887
1904
1914
1905
1904
1902
1911
1908
1890
1884
1875
1869
1855
1841
1828
1821
1814
1814
1820
1825
1826
1847
1830
1853
1840
1834
1842
1818
1814
1812
1816
1811
1825
1823
1813
1808
1789
1762
1752
1732
1706
1673
1654
1617
1574
1553
1518
1471
1437
1408
1376
1345
1302
1273
1252
1244
1222
1212
1201
1206
1206
1212
1222
1234
1264
1298
1335
1372
1419
1453
1484
1527
1553
1572
1586
1603
1613
1642
1662
1687
1694
1719
1733
1743
1743
1756
1746
1762
1758
1754
1742
1722
1713
1703
1692
1680
1654
1663
1650
1650
1639
1632
1627
1630
1622
1623
1626
1631
1642
1644
1656
1670
1684
1703
1725
1752
1765
1793
1816
1832
1854
1870
1871
1875
1869
1873
1860
1859
1857
1861
1854
1848
1820
1819
1785
1765
1757
1754
1749
1740
1757
1738
1740
1729
1736
1746
1757
1758
1764
1768
1766
1774
1774
1794
1788
1798
1806
1806
1822
1828
1845
1866
1869
1878
1874
1888
1896
1882
1875
1871
1865
1869
1879
1874
1869
1878
1872
1884
1900
1901
1914
1911
1894
1868
1846
1831
1816
1810
1829
1835
1849
1892
1899
1926
1938
1973
1991
2024
2043
2076
2117
2136
2174
2196
2230
2260
2289
2319
2337
2364
2357
2379
2357
2352
2346
2306
2295
2267
2252
2258
2247
2239
2224
2213
2180
2162
2142
2126
2100
2098
2086
2072
2065
2071
2066
2077
2085
2094
2092
2124
2133
2147
2154
2184
2177
2190
2214
2222
2229
2232
2219
2207
2171
2123
2081
2020
1972
1916
1874
1839
1813
1801
1798
1804
1807
1815
1831
1856
1870
1890
1900
1929
1926
1946
1957
1975
2003
2041
2050
2081
2091
2093
2108
2107
2106
2096
2085
2084
2067
2055
2051
2052
2050
2052
2064
2064
2061
2076
2086
2093
2097
2113
2122
2133
2142
2167
2174
2195
2218
2229
2216
2199
2185
2168
2153
2169
2144
2147
2127
2117
2096
2086
2049
2038
2013
1993
1970
1967
1956
1940
1920
1908
1903
1887
1881
1870
1859
1839
1815
1793
1766
1749
1732
1729
1710
1714
1725
1734
1745
1758
1785
1790
1783
1776
1764
1757
1735
1738
1733
1725
1724
1709
1698
1688
1654
1628
1601
1566
1535
1499
1472
1447
1432
1416
1411
1427
1429
1447
1450
1463
1459
1463
1462
1461
1458
1461
1460
1479
1474
1491
1494
1486
1477
1481
1473
1438
1426
1412
1405
1411
1391
1378
1370
1341
1306
1282
1262
1234
1213
1213
1199
1202
1203
1213
1224
1238
1267
1298
1323
1365
1388
1421
1453
1483
1522
1563
1600
1650
1690
1733
1778
1833
1883
1922
1958
1994
2019
2044
2065
2078
2091
2096
2102
2129
2129
2145
2136
2142
2125
2121
2112
2098
2074
2062
2033
2021
1992
1983
1947
1935
1921
1897
1855
1823
1784
1752
1728
1713
1712
1713
1731
1736
1739
1745
1753
1760
1787
1797
1821
1832
1853
1871
1891
1925
1944
1952
1954
1943
1914
1915
1890
1883
1852
1845
1836
1823
1832
1845
1850
1845
1842
1841
1838
1848
1876
1904
1954
2002
2037
2114
2147
2197
2248
2289
2329
2354
2360
2351
2329
2305
2265
2240
2222
2202
2174
2163
2140
2096
2059
2040
2018
1992
1969
1969
1957
1952
1982
1987
2008
2064
2102
2146
2191
2216
2236
2261
2276
2291
2286
2284
2260
2228
2195
2161
2133
2116
2077
2048
2009
1975
1945
1920
1890
1866
1842
1842
1828
1842
1838
1854
1874
1893
1910
1927
1946
1971
1991
2004
2021
2039
2064
2098
2129
2161
2172
2190
2228
2246
2271
2288
2304
2323
2338
2344
2353
2354
2369
2381
2371
2364
2360
2349
2341
2341
2329
2323
2319
2312
2307
2284
2280
2278
2237
2234
2199
2200
2181
2166
2143
2124
2117
2104
2086
2067
2067
2055
2035
2026
2021
2021
2022
2026
2020
2026
2007
2013
2005
2022
2001
1998
1995
1988
1975
1958
1941
1945
1937
1929
1927
1920
1903
1889
1880
1882
1871
1862
1865
1859
1836
1819
1809
1804
1800
1802
1795
1797
1796
1817
1829
1845
1863
1871
1892
1910
1928
1944
1974
1995
2018
2049
2073
2098
2110
2136
2132
2149
2157
2158
2152
2138
2127
2103
2082
2061
2026
2005
1987
1996
1980
1986
1974
1959
1954
1955
1952
1933
1931
1929
1909
1886
1865
1835
1806
1782
1789
1779
1767
1764
1772
1767
1776
1799
1817
1848
1883
1902
1964
2001
2041
2062
2073
2106
2143
2171
2193
2203
2194
2193
2182
2156
2141
2110
2099
2071
2033
1999
1966
1930
1896
1876
1852
1841
1831
1828
1826
1826
1806
1796
1774
1782
1767
1771
1763
1746
1737
1750
1739
1743
1755
1788
1798
1839
1851
1863
1880
1864
1851
1842
1811
1783
1761
1732
1706
1659
1619
1581
1531
1506
1498
1504
1514
1518
1534
1577
1615
1657
1695
1746
1804
1849
1883
1919
1946
1978
1993
2019
2012
1992
1981
1967
1928
1897
1848
1806
1759
1729
1686
1649
1620
1619
1625
1628
1648
1649
1665
1691
1720
1760
1814
1858
1892
1943
1964
1995
2017
2060
2082
2114
2128
2132
2124
2132
2143
2145
2128
2110
2090
2066
2053
2052
2042
2018
1993
1997
2015
2002
1992
2001
2000
2031
2045
2051
2058
2066
2066
2079
2072
2084
2085
2095
2112
2122
2128
2151
2173
2194
2207
2217
2219
2238
2239
2271
2269
2283
2298
2321
2337
2344
2362
2388
2403
2398
2408
2429
2441
2449
2456
2470
2453
2475
2473
2485
2494
2491
2481
2474
2468
2452
2431
2411
2376
2334
2310
2271
2236
2200
2157
2142
2102
2067
2015
2000
1966
1926
1889
1874
1858
1844
1804
1804
1794
1779
1756
1759
1729
1727
1702
1691
1669
1647
1628
1624
1594
1604
1591
1595
1592
1601
1624
1634
1646
1655
1674
1689
1698
1708
1734
1770
1793
1807
1817
1839
1835
1825
1827
1835
1826
1833
1833
1817
1799
1791
1762
1735
1726
1701
1674
1670
1655
1637
1611
1608
1606
1594
1570
1559
1537
1514
1492
1476
1437
1423
1389
1366
1345
1319
1301
1303
1285
1280
1261
1259
1246
1232
1207
1202
1172
1150
1128
1112
1088
1076
1056
1061
1057
1053
1038
1042
1025
1019
1005
1001
990
980
969
980
971
972
969
976
978
980
970
970
967
961
959
959
945
942
945
945
941
942
948
971
985
998
1020
1044
1064
1085
1107
1128
1158
1167
1204
1232
1260
1290
1312
1354
1376
1408
1423
1436
1438
1456
1444
1457
1456
1465
1456
1457
1462
1469
1469
1473
1445
1423
1406
1396
1385
1384
1386
1384
1380
1375
1361
1356
1347
1330
1324
1293
1270
1243
1225
1248
1275
1273
1291
1287
1306
1305
1307
1333
1347
1367
1392
1433
1451
1475
1486
1505
1527
1531
1532
1520
1516
1505
1474
1464
1442
1423
1407
1381
1363
1346
1351
1370
1364
1385
1392
1406
1404
1406
1422
1427
1436
1465
1469
1479
1483
1480
1480
1499
1504
1472
1466
1459
1448
1444
1428
1421
1417
1417
1417
1412
1401
1396
1392
1382
1379
1368
1366
1364
1364
1371
1381
1378
1393
1411
1416
1448
1445
1465
1471
1490
1520
1546
1561
1587
1604
1626
1642
1658
1672
1684
1680
1698
1699
1700
1701
1722
1715
1725
1732
1733
1749
1728
1709
1706
1702
1703
1693
1689
1641
1638
1618
1606
1609
1595
1590
1574
1582
1555
1569
1575
1575
1608
1639
1662
1671
1686
1724
1745
1728
1748
1746
1765
1769
1782
1770
1758
1741
1745
1737
1734
1703
1684
1682
1666
1637
1621
1594
1563
1529
1511
1480
1467
1448
1430
1400
1390
1356
1334
1308
1284
1246
1234
1206
1193
1165
1141
1125
1111
1072
1044
996
953
900
841
790
746
707
677
641
613
591
571
545
535
522
515
517
509
510
523
532
548
565
585
605
632
662
688
713
728
743
766
779
798
815
832
857
883
916
927
952
974
1003
1014
1026
1042
1056
1065
1082
1093
1113
1131
1133
1147
1159
1178
1196
1208
1204
1214
1222
1227
1227
1224
1230
1233
1220
1223
1216
1209
1197
1187
1189
1186
1171
1174
1158
1138
1119
1106
1087
1074
1043
1015
997
970
943
911
870
829
793
756
709
673
642
619
593
581
556
553
541
528
520
513
507
509
512
523
533
554
562
587
613
642
671
691
729
763
798
823
864
906
944
971
997
1032
1067
1079
1112
1139
1149
1165
1173
1181
1193
1193
1197
1212
1195
1202
1202
1210
1218
1228
1236
1243
1244
1247
1247
1258
1251
1268
1287
1304
1315
1335
1336
1353
1364
1376
1382
1388
1391
1386
1399
1387
1402
1398
1389
1386
1386
1384
1377
1378
1378
1387
1380
1388
1386
1387
1393
1400
1403
1410
1407
1418
1423
1426
1428
1403
1391
1377
1375
1368
1374
1377
1386
1390
1389
1394
1404
1410
1407
1410
1405
1408
1430
1439
1449
1451
1457
1469
1479
1494
1485
1501
1490
1493
1483
1474
1467
1466
1462
1472
1459
1467
1467
1477
1472
1478
1469
1471
1469
1478
1469
1468
1464
1457
1447
1437
1437
1436
1455
1454
1452
1472
1459
1467
1457
1472
1459
1441
1432
1435
1418
1409
1395
1374
1373
1346
1327
1311
1287
1260
1262
1273
1273
1283
1291
1281
1292
1301
1311
1330
1317
1331
1328
1352
1339
1344
1346
1347
1351
1361
1343
1343
1327
1319
1304
1282
1254
1228
1208
1207
1186
1175
1170
1169
1158
1157
1146
1154
1152
1156
1145
1150
1146
1158
1165
1175
1177
1194
1199
1199
1197
1190
1171
1172
1143
1146
1133
1124
1107
1098
1086
1090
1080
1068
1063
1062
1056
1043
1035
1013
1006
1008
990
980
968
965
964
954
968
960
938
937
933
933
916
919
920
920
915
919
911
910
915
928
926
916
912
901
900
905
891
901
897
894
879
881
864
847
848
850
846
851
845
854
857
859
851
857
854
852
852
858
843
850
843
844
860
855
851
843
848
860
858
864
857
859
856
859
849
847
832
830
824
831
815
832
825
823
819
818
808
807
790
783
776
760
741
731
711
717
710
714
700
696
671
648
635
632
625
624
613
608
603
607
601
595
582
595
598
606
601
607
609
613
611
618
615
624
625
639
653
666
673
672
677
685
674
681
678
677
673
673
663
666
671
671
675
686
685
693
691
691
683
687
680
683
683
676
667
664
658
658
657
658
658
658
646
644
644
645
642
643
634
634
633
627
628
632
615
618
611
615
600
595
589
594
583
580
574
569
572
568
578
576
580
574
585
591
588
589
589
595
600
604
608
609
607
608
616
617
614
609
593
595
587
587
576
575
574
576
564
565
561
565
556
566
551
557
557
558
556
562
560
556
561
565
561
564
551
550
543
536
527
532
526
523
520
527
521
527
517
518
520
534
524
526
516
520
529
534
533
540
545
550
551
556
563
572
561
566
553
499
288
1
-2
-2
-1
2
1
-1
-2
562
533
0
-1
0
0
0

