;UFOS3
;Measurement details: channel = D, date = 01.06.2018, time = 02:15:05
Exposure=1495
Gain=0
Temperature=8.5
Accummulate=4
6.647 mu
7.251 amas
7.378 hs
0 ozone
0 uva
0 uvb
0 uve
[Value]
0
318
320
320
320
320
320
318
360
367
418
402
369
374
420
390
388
361
426
399
393
368
439
404
392
369
425
404
388
393
431
418
386
379
434
414
401
370
415
407
376
372
440
419
396
373
436
414
387
376
415
418
371
382
430
405
368
377
430
407
391
371
413
405
383
370
437
405
385
371
434
403
375
387
434
411
383
371
415
404
385
380
428
402
382
380
422
411
369
375
446
420
375
380
433
420
374
366
435
414
366
376
425
412
380
379
431
404
382
372
425
402
376
387
426
407
377
379
420
402
377
384
436
409
385
384
421
412
382
376
415
405
383
372
423
425
377
386
422
398
395
384
422
409
374
379
423
419
370
415
431
411
370
374
432
411
400
376
421
420
365
373
414
410
397
398
415
412
400
372
430
405
391
405
427
410
372
388
432
400
376
373
422
415
391
379
441
410
387
390
420
431
372
389
415
405
386
383
434
403
387
376
427
410
387
374
420
395
385
379
437
407
369
394
417
407
376
370
417
423
395
371
423
403
388
384
439
407
378
366
424
399
369
380
420
410
378
382
404
407
400
379
418
411
381
389
421
397
394
378
420
404
385
378
419
435
384
392
427
408
372
418
430
408
390
362
409
409
390
366
412
399
372
391
428
416
380
382
423
413
382
373
421
422
384
366
429
394
386
379
425
423
383
376
412
411
382
374
426
407
392
375
427
411
392
390
413
402
384
364
422
414
404
377
422
414
386
383
422
407
375
381
423
404
374
383
416
404
391
379
436
407
384
379
428
403
404
367
432
427
383
377
415
421
370
387
440
415
381
377
426
408
372
385
406
394
375
380
421
401
400
380
419
406
399
375
437
403
390
387
413
413
390
383
409
414
380
378
419
402
387
373
431
405
379
389
412
398
383
377
420
414
374
372
417
396
386
369
421
442
387
376
428
428
382
377
443
398
392
379
418
401
381
372
412
405
402
385
412
402
387
391
415
412
378
373
427
396
389
378
424
404
375
364
433
415
368
386
431
414
387
386
408
420
370
377
423
411
385
364
419
388
379
403
419
398
391
389
425
415
397
372
423
407
384
383
417
409
374
385
414
425
387
368
428
394
385
398
426
408
398
384
431
397
382
382
417
406
379
386
414
401
388
375
424
399
389
375
425
397
398
384
424
399
371
400
413
415
377
378
426
397
387
374
413
400
378
401
418
402
382
383
423
396
384
376
418
411
383
405
429
404
389
384
416
411
391
388
417
415
385
389
402
406
392
378
416
405
376
369
414
397
393
379
412
403
401
392
423
403
373
383
425
405
384
393
421
415
383
380
416
397
387
375
422
416
386
389
420
403
381
381
412
409
380
381
421
404
377
389
424
401
380
403
434
390
392
377
415
398
395
394
419
399
386
382
416
391
383
385
422
399
378
392
420
401
368
391
418
400
396
376
429
397
382
386
438
399
369
389
412
408
430
377
426
395
377
370
405
402
375
375
403
406
369
377
408
383
403
390
410
390
386
371
407
405
373
368
411
398
380
382
414
401
390
389
422
406
383
368
425
395
385
386
416
393
386
392
421
393
379
376
419
390
391
375
413
402
384
389
431
392
383
361
405
403
381
377
406
400
390
381
397
392
375
378
406
401
378
373
418
408
379
388
404
389
379
393
407
407
380
377
415
407
376
389
410
402
395
397
406
404
391
515
409
415
406
383
406
401
384
387
413
390
377
384
415
385
389
387
423
406
394
385
410
389
390
378
415
402
380
385
407
420
392
370
412
399
376
380
420
409
390
383
412
390
379
388
399
407
381
389
410
397
387
385
402
396
387
379
414
394
384
370
425
396
386
389
399
403
388
383
422
395
392
384
413
398
374
382
411
396
383
381
414
392
388
389
410
392
396
380
406
397
406
386
400
402
387
383
411
407
392
394
410
407
382
375
400
392
402
393
402
397
378
382
405
400
376
386
410
396
391
391
408
392
372
375
418
405
392
395
404
397
380
374
398
387
387
386
412
405
391
378
409
402
393
415
410
389
387
384
405
396
381
391
403
403
385
389
415
392
383
382
401
403
393
382
408
392
382
384
406
396
388
388
406
404
385
378
409
391
385
392
402
393
391
386
405
401
379
380
408
397
401
380
415
397
388
387
401
405
387
386
405
397
412
371
405
396
400
372
402
409
379
385
417
403
372
378
407
427
388
380
397
397
402
388
408
390
396
395
407
390
407
389
408
402
398
379
402
388
390
383
398
390
414
387
398
390
396
393
403
395
389
387
408
399
375
375
411
395
401
377
402
392
387
391
397
390
374
375
398
403
386
381
404
404
387
382
404
394
392
391
400
396
387
378
409
401
399
377
399
404
379
384
396
387
382
382
411
398
386
386
405
401
398
394
409
396
384
403
402
406
390
393
400
396
389
384
386
391
396
396
415
401
378
393
412
393
393
383
403
407
389
379
398
397
393
391
411
408
397
383
404
402
393
386
408
381
382
389
408
405
394
399
401
393
394
377
414
391
400
378
410
411
385
381
399
395
408
394
405
399
399
390
408
405
384
397
399
392
384
388
406
406
391
387
411
390
393
395
409
403
398
388
409
395
385
397
406
395
385
395
390
407
401
391
399
397
396
384
393
388
389
373
394
402
392
388
403
394
390
392
396
401
389
386
399
391
392
399
401
390
391
386
408
390
388
387
404
390
386
381
418
392
400
400
403
399
402
395
401
397
386
393
407
396
406
390
406
393
400
401
413
396
402
387
396
391
381
387
397
417
390
392
401
402
416
387
396
402
388
389
412
398
395
386
443
400
400
396
401
401
388
392
393
387
393
389
400
389
381
385
394
389
397
378
402
396
410
389
396
397
392
394
401
398
392
406
393
395
388
392
398
390
392
391
410
405
394
398
419
397
399
385
394
401
394
398
408
403
402
384
409
390
397
385
398
382
411
389
401
397
400
383
401
392
394
389
406
402
412
389
394
392
396
393
416
387
385
394
392
396
398
378
408
397
403
384
397
379
401
391
406
392
404
395
414
389
403
374
388
384
385
387
395
396
397
391
387
399
401
384
419
391
381
396
418
387
390
382
391
390
400
394
395
385
399
398
403
398
402
395
408
396
393
393
403
391
398
386
409
393
400
388
396
389
395
387
407
390
383
398
407
400
397
411
395
397
392
385
395
394
409
390
396
388
393
391
401
394
395
397
382
397
398
394
402
401
399
386
398
402
394
382
406
398
393
403
398
396
399
387
393
393
395
385
392
397
403
393
383
396
390
387
402
392
402
393
404
397
405
391
399
398
404
406
401
404
404
384
399
397
391
383
401
394
401
394
414
404
392
389
396
391
409
407
402
397
410
402
403
394
401
381
406
395
401
390
404
392
405
387
402
395
377
401
408
383
379
408
388
390
395
393
392
405
391
403
409
401
409
407
391
390
404
395
399
398
404
389
394
381
401
389
397
387
403
392
393
389
401
398
401
386
399
402
392
385
396
398
395
393
417
393
400
381
400
387
403
391
396
403
392
394
390
400
400
399
400
397
388
392
393
401
386
393
403
388
401
382
394
392
399
398
393
402
390
390
404
394
402
396
394
400
399
387
400
402
391
389
390
400
387
392
390
395
404
395
393
398
393
385
412
391
399
392
384
390
390
396
382
387
391
382
406
394
383
399
396
385
386
388
386
388
385
389
391
395
405
391
403
401
402
392
386
394
399
409
402
385
393
385
391
389
402
394
392
393
390
391
393
394
394
394
386
382
404
381
390
394
386
395
388
392
415
389
392
394
385
394
396
395
395
392
398
377
396
394
384
397
398
390
391
383
400
378
396
390
391
379
405
398
396
385
393
397
388
381
390
379
389
386
378
398
395
394
381
394
387
378
408
396
393
385
389
403
410
402
398
397
391
386
389
386
394
391
388
393
377
394
384
380
386
404
400
395
395
395
387
394
383
391
387
392
391
391
390
383
401
375
397
394
390
396
395
397
391
388
390
402
400
392
398
385
386
391
398
400
403
396
392
386
395
391
397
384
402
379
391
396
404
397
391
392
403
393
414
392
400
382
390
396
395
387
408
391
408
388
390
388
391
386
403
387
388
393
393
396
400
396
400
396
388
386
397
391
393
390
404
391
393
391
384
389
401
408
388
390
389
389
394
408
391
380
391
385
394
392
388
394
405
381
408
379
400
391
387
408
396
382
396
388
399
382
383
391
388
393
396
396
402
381
396
399
398
388
390
394
405
384
397
398
388
374
399
398
386
395
392
411
407
391
412
388
419
375
406
396
394
401
375
397
394
389
395
401
394
389
401
394
393
388
393
395
393
395
397
385
399
391
406
388
378
379
402
389
400
391
393
404
391
400
393
406
415
389
401
395
393
385
405
396
389
389
388
388
403
393
408
382
394
398
396
400
390
387
396
399
388
385
392
391
389
382
386
394
398
393
392
390
399
386
402
394
411
386
395
393
386
400
403
396
403
380
393
413
395
390
403
384
397
384
387
393
400
388
397
411
387
393
405
402
390
390
401
410
397
385
417
390
393
391
396
411
402
382
395
392
394
393
406
402
407
385
407
393
398
391
393
396
391
391
401
401
389
388
397
408
402
394
399
399
400
385
398
391
386
388
399
391
400
399
395
395
388
398
396
402
400
382
391
397
413
410
394
387
399
392
403
391
380
396
398
393
385
377
389
384
402
384
438
387
400
384
403
403
415
384
396
399
397
394
393
398
389
392
385
398
383
379
395
391
387
384
393
387
388
386
395
393
405
385
401
406
388
386
396
399
403
388
413
406
391
418
401
396
391
389
398
408
396
396
400
408
392
384
401
402
406
395
403
398
394
392
386
396
404
383
407
391
386
395
402
401
396
393
415
395
392
385
404
395
393
389
402
388
381
408
403
406
393
389
401
397
387
384
402
399
399
383
406
397
407
404
392
383
385
395
413
395
405
387
395
402
396
390
405
404
390
400
392
396
398
381
407
407
403
386
397
400
394
395
405
394
386
386
395
402
391
380
406
401
396
383
406
398
400
385
414
403
387
393
410
417
387
384
406
398
399
380
399
424
380
389
399
396
383
392
406
389
395
382
389
395
395
390
400
410
383
386
400
399
406
389
394
400
382
396
403
383
387
380
411
392
385
387
407
409
395
398
411
406
382
381
404
388
384
393
402
393
388
380
404
401
385
392
406
399
393
388
405
406
392
385
407
403
389
392
410
409
402
393
409
396
388
393
402
417
388
395
410
413
401
386
402
411
403
387
396
402
387
391
410
414
391
389
396
402
389
408
409
405
404
395
408
412
404
388
406
401
392
397
407
421
387
391
420
398
396
398
401
399
376
381
399
407
391
379
410
407
396
389
403
413
388
395
405
394
397
387
408
399
389
385
412
390
393
376
402
408
388
393
407
407
419
381
407
412
385
387
407
408
391
385
410
397
381
382
410
397
391
391
404
395
398
387
420
399
390
384
404
398
393
378
404
400
401
392
395
404
393
394
412
419
380
386
407
408
397
395
406
411
386
377
406
408
384
392
400
401
393
383
419
402
394
380
415
398
386
388
405
405
388
388
415
418
408
385
401
396
382
387
406
413
399
388
403
401
405
400
406
405
384
389
401
406
394
386
405
408
381
389
416
417
388
384
408
407
388
383
409
403
405
376
412
402
394
385
423
403
398
392
395
408
395
391
400
416
390
388
414
401
379
397
417
417
380
376
395
409
381
386
417
401
397
384
413
405
406
382
403
391
420
381
413
393
378
388
407
403
383
383
408
417
392
384
412
410
398
391
408
403
402
384
417
399
393
397
407
403
391
385
411
414
379
386
402
418
383
387
430
415
393
394
405
404
386
392
402
421
391
385
402
407
388
385
414
405
388
387
411
411
394
395
409
419
392
391
413
396
394
407
425
410
404
393
408
413
386
381
415
423
403
392
422
416
384
396
407
410
382
379
430
413
395
393
429
458
390
388
416
396
393
389
407
419
391
396
414
423
382
391
410
409
399
400
419
417
385
399
415
422
392
400
411
404
406
387
406
417
393
386
414
427
381
386
409
414
385
385
424
417
386
392
406
397
395
373
406
415
387
396
406
415
398
385
409
415
396
387
416
410
386
383
408
416
387
380
411
410
381
388
423
408
393
380
403
407
392
395
401
406
396
393
404
403
401
390
417
421
390
382
417
426
389
405
423
401
393
396
432
419
394
387
414
420
392
388
423
406
385
381
422
404
400
397
395
400
395
380
413
403
369
418
417
414
384
394
405
415
383
387
409
399
393
395
418
425
378
389
427
406
391
395
419
398
392
391
405
416
380
398
415
422
384
379
413
413
380
383
415
406
399
389
419
419
388
395
426
410
392
392
436
402
386
382
417
413
392
380
411
421
397
383
408
412
398
375
419
414
396
411
428
424
395
383
412
411
388
384
418
407
389
389
419
412
386
387
410
398
392
390
411
413
396
388
419
402
388
379
413
410
393
398
419
403
384
393
411
398
391
393
410
403
387
391
418
411
393
377
415
411
396
385
413
411
376
380
415
400
395
386
407
416
385
393
410
412
381
387
423
405
395
395
433
403
390
381
435
409
385
393
400
408
393
383
420
399
395
383
410
423
383
415
411
418
386
390
403
423
388
399
407
413
388
375
421
402
385
387
418
416
402
383
406
418
390
383
405
417
393
395
409
428
392
383
394
407
399
395
408
410
384
379
399
404
390
386
410
414
388
380
407
402
385
390
410
410
397
395
408
405
380
384
411
438
389
395
401
405
395
387
408
409
378
400
407
396
398
396
403
399
394
389
405
406
386
381
411
404
393
379
403
411
391
385
393
396
386
380
399
406
396
388
408
413
388
387
403
411
399
386
398
406
388
382
409
436
384
388
409
403
399
381
422
406
410
386
415
417
400
387
399
407
382
388
419
394
383
382
407
405
385
392
416
400
400
384
425
404
392
414
397
411
393
391
424
397
392
392
417
403
392
384
400
417
386
395
416
401
394
383
399
410
380
380
395
406
394
412
404
401
392
397
400
410
390
384
411
407
391
388
407
404
386
390
406
407
400
386
402
400
388
402
405
401
381
387
390
397
392
378
404
403
388
394
409
398
393
390
402
409
382
388
404
416
382
387
395
393
390
384
403
402
382
384
405
422
394
412
417
397
388
379
414
400
388
391
417
403
395
391
409
397
399
397
403
399
389
401
396
400
387
391
399
404
385
388
418
397
382
386
416
413
388
383
432
420
399
393
413
405
399
389
406
408
409
384
404
422
386
386
395
411
381
389
409
399
403
391
409
413
389
380
419
411
388
379
406
425
393
388
412
409
382
395
416
414
396
383
413
408
389
378
389
416
392
376
405
412
382
387
402
396
399
393
416
396
392
376
411
400
387
381
404
397
400
386
400
388
377
390
386
394
400
401
409
396
397
390
402
399
380
386
413
401
396
396
401
418
395
390
406
395
409
396
403
405
406
403
405
410
397
405
394
407
399
401
401
419
390
385
416
428
398
395
404
418
396
381
413
397
388
414
417
421
399
386
404
414
403
393
398
400
403
396
411
411
383
399
404
414
391
377
398
421
387
388
404
415
404
391
402
394
393
380
405
405
397
382
411
417
393
374
400
401
392
378
415
413
388
388
430
412
407
388
402
409
384
397
413
401
389
380
402
410
394
382
401
417
400
393
442
398
398
381
410
398
390
385
407
407
387
389
405
421
391
388
396
405
395
384
406
401
392
388
419
402
380
384
389
392
399
378
425
400
390
392
406
408
384
383
403
406
389
396
406
402
382
385
402
400
394
384
408
394
393
386
406
442
387
386
412
406
402
404
418
401
394
384
400
408
381
386
398
425
395
404
393
414
396
397
406
407
401
387
403
409
382
396
416
413
383
397
409
426
383
388
405
416
394
382
405
400
396
381
400
407
397
402
402
409
393
392
410
404
398
387
400
419
379
398
401
403
396
383
417
410
390
374
407
401
395
390
403
400
389
387
411
408
400
401
404
407
406
384
396
398
398
384
403
412
381
378
403
422
392
385
397
415
389
393
404
408
389
401
412
417
408
383
401
421
390
399
410
403
386
385
416
407
385
390
409
417
386
386
403
421
405
391
414
414
386
386
413
417
403
398
419
410
397
393
404
408
400
385
400
395
385
394
412
401
399
387
400
399
385
389
410
407
384
388
427
409
387
404
415
414
391
380
409
405
382
401
414
409
379
400
407
408
389
391
405
404
389
390
407
414
385
408
406
401
394
380
401
406
398
387
398
401
386
386
417
411
380
387
419
396
387
396
395
402
385
395
395
423
399
403
404
398
386
388
392
402
386
398
412
401
408
381
406
394
398
390
433
409
379
384
408
412
405
394
402
419
388
386
424
409
405
387
395
405
392
395
320
320
318
320
320
319
318
321
409
399
320
321
319
0
0

