;UFOS3
;Measurement details: channel = Z-D, date = 01.06.2018, time = 02:15:05
Exposure=1495
Gain=0
Temperature=8.5
Accummulate=4
6.647 mu
7.251 amas
7.378 hs
321 ozone
0 uva
0 uvb
0 uve
[Value]
0
3
-1
1
0
1
-1
1
-1
-2
0
-3
-2
-1
-4
-1
-2
1
-1
-4
0
2
0
-2
1
2
3
0
3
-1
2
2
0
-2
1
0
3
-3
2
1
1
-1
1
1
0
1
0
0
2
0
2
0
-1
1
0
0
0
0
4
-2
0
-3
0
-2
3
0
1
2
1
0
4
1
-1
1
0
-2
1
0
0
1
0
3
-1
-1
-3
2
-1
-1
1
2
0
-1
1
4
2
2
0
0
-3
-2
1
1
-2
3
-1
1
3
3
1
1
3
3
0
-1
2
3
-1
0
2
0
3
-1
1
0
2
-2
2
1
1
-2
4
-4
0
-1
2
2
1
0
1
-2
3
-1
0
0
3
-1
2
1
2
2
-1
3
2
3
3
1
3
-1
1
1
4
-1
1
-1
2
2
2
0
-1
1
0
-3
1
-1
-2
2
3
0
1
-2
-1
1
1
2
0
1
1
2
-1
0
0
2
-2
2
3
1
0
1
2
0
-3
1
1
2
4
3
-1
-1
1
-1
1
0
2
1
2
0
1
2
1
4
4
2
0
-1
2
-1
-1
2
2
-4
1
1
4
-1
3
0
-1
-1
0
-1
2
1
3
-2
3
1
3
2
4
1
2
2
-1
1
2
-1
-1
1
2
-1
5
5
2
-3
1
1
2
1
2
0
3
1
0
-2
1
0
1
2
2
4
3
1
1
4
2
3
2
3
1
2
-1
2
0
0
-1
0
2
-1
1
1
3
-2
-1
0
4
1
-2
1
4
0
1
3
2
1
0
0
2
-1
2
3
0
3
1
0
2
1
-1
3
-1
1
1
1
3
4
2
-1
-1
1
3
1
-1
1
2
0
3
1
2
2
2
2
1
1
0
-1
4
1
3
1
3
2
4
2
3
0
0
4
0
1
0
1
0
0
2
0
2
5
4
-1
1
2
0
0
0
-1
0
2
2
2
0
3
3
3
2
3
2
-1
1
2
0
3
3
0
3
3
1
1
3
-1
4
2
4
3
2
0
3
1
3
0
5
1
1
3
5
3
-1
-1
3
0
6
1
0
-1
1
1
0
1
1
2
3
1
2
0
3
0
2
1
0
2
2
1
4
3
1
4
4
3
-1
2
-1
4
4
2
0
2
1
1
0
3
3
1
3
2
1
3
1
3
3
4
5
3
3
5
3
4
2
3
4
1
1
1
2
2
1
3
4
3
4
3
2
2
1
2
4
4
3
3
3
1
5
3
5
5
4
-1
2
4
3
3
3
3
5
0
1
0
2
0
0
2
4
4
3
3
5
5
3
3
3
2
3
4
6
1
3
2
5
3
2
4
4
3
5
2
4
3
4
3
5
5
2
6
3
2
3
3
6
2
4
4
4
0
4
3
0
1
2
2
1
2
4
1
4
2
5
4
2
4
4
3
4
3
5
4
2
1
0
1
3
2
3
0
3
2
4
3
5
5
1
3
2
3
6
3
2
4
1
1
5
2
4
5
5
5
4
3
1
0
3
-1
6
3
5
3
5
3
3
3
4
5
3
2
6
2
4
2
3
4
5
4
4
1
2
4
3
2
3
4
5
5
4
5
6
5
3
1
5
5
2
5
4
4
4
1
4
4
5
5
4
5
4
2
6
4
2
4
3
1
5
4
7
4
4
1
4
2
3
4
4
3
4
4
4
4
3
5
4
4
2
4
5
5
5
4
5
2
7
3
3
4
3
5
2
6
5
7
8
5
1
5
6
4
5
4
7
7
7
2
4
5
5
4
6
2
3
-1
6
4
4
4
2
3
4
5
3
5
5
2
7
5
5
3
5
4
4
6
6
5
4
3
4
5
4
7
4
7
5
2
8
3
7
6
2
6
8
7
5
6
6
3
6
9
7
4
4
9
6
7
5
4
6
7
4
6
8
5
5
7
4
6
6
5
6
7
6
5
5
9
8
7
7
6
7
6
9
6
9
7
9
8
5
8
6
7
6
4
6
5
7
5
7
7
8
6
10
9
7
7
8
8
10
10
8
9
5
8
9
7
8
9
8
6
9
5
7
6
7
7
11
8
7
4
9
8
9
10
11
5
9
7
8
9
13
9
10
12
11
10
7
9
11
12
10
9
11
11
9
10
10
14
13
9
13
9
12
12
13
12
11
15
12
10
10
9
10
13
11
10
12
10
11
10
12
14
13
11
12
13
10
10
13
11
15
12
14
14
13
13
15
13
17
14
16
14
19
15
18
15
18
18
15
19
18
19
19
18
18
20
19
19
18
19
18
19
20
19
21
17
17
21
19
20
21
19
17
19
19
18
20
20
23
20
21
19
21
20
21
18
19
18
21
19
19
22
22
21
23
20
26
22
24
22
26
25
26
21
26
25
25
26
24
28
30
28
28
26
29
28
34
30
33
31
32
30
36
35
37
38
40
40
41
39
43
43
46
49
43
48
49
52
53
53
54
54
57
54
56
55
58
56
58
57
59
60
63
59
63
64
63
61
65
64
67
64
64
66
69
68
71
75
74
75
78
75
73
77
74
82
83
81
82
81
85
91
91
92
90
89
94
94
95
92
96
99
95
95
97
96
97
96
97
95
99
98
103
98
104
102
102
107
106
109
112
110
119
117
122
122
124
123
123
122
123
124
133
131
129
129
131
130
135
141
139
140
148
152
155
157
159
162
166
170
171
166
168
168
173
169
167
167
160
160
155
153
147
142
146
144
139
132
142
136
134
138
139
144
143
150
155
154
162
165
172
175
182
188
200
196
212
211
214
218
225
226
230
233
237
242
239
241
246
249
251
249
259
255
262
260
258
261
264
268
265
265
263
271
266
257
257
248
250
248
239
242
243
241
244
246
255
255
267
264
273
276
287
292
301
312
324
344
356
369
379
388
404
411
421
419
428
420
431
425
431
424
423
418
414
411
406
399
403
400
394
389
389
388
387
393
396
391
398
402
408
417
423
433
440
448
468
474
490
498
516
525
541
555
563
578
597
607
624
631
651
646
657
658
658
653
659
646
643
638
626
628
615
612
610
604
599
600
599
591
602
605
612
617
611
624
629
630
636
636
628
633
631
634
637
625
621
610
606
594
584
567
557
534
529
518
505
502
499
486
490
489
491
496
511
510
519
527
534
545
552
563
578
598
608
623
627
640
662
674
697
707
719
727
749
751
765
775
782
792
809
811
820
817
818
826
825
819
823
819
814
805
800
790
791
781
773
770
757
739
738
734
727
720
731
723
722
718
719
722
718
720
724
732
730
739
750
762
781
788
809
824
844
868
888
905
934
957
965
986
1002
1025
1049
1051
1065
1080
1071
1083
1088
1096
1109
1127
1136
1150
1161
1163
1187
1187
1196
1206
1209
1216
1248
1242
1249
1252
1250
1244
1255
1247
1244
1231
1237
1221
1212
1198
1189
1179
1166
1164
1156
1146
1142
1139
1152
1149
1159
1161
1159
1160
1156
1151
1146
1154
1151
1149
1155
1162
1174
1180
1197
1207
1206
1217
1239
1246
1265
1287
1310
1334
1371
1397
1426
1451
1479
1511
1538
1566
1593
1636
1672
1695
1737
1754
1776
1806
1833
1849
1858
1866
1869
1856
1847
1846
1829
1816
1818
1823
1819
1795
1798
1783
1793
1789
1778
1769
1768
1738
1731
1717
1691
1676
1660
1631
1626
1577
1562
1512
1503
1463
1443
1439
1414
1413
1404
1403
1372
1359
1340
1313
1294
1279
1262
1251
1240
1245
1244
1247
1262
1257
1277
1299
1323
1345
1376
1397
1435
1467
1492
1509
1531
1534
1537
1546
1540
1537
1545
1523
1527
1522
1524
1522
1517
1497
1496
1487
1484
1479
1480
1470
1467
1467
1473
1476
1495
1497
1504
1510
1511
1493
1486
1485
1460
1449
1435
1415
1405
1386
1373
1353
1350
1347
1332
1314
1321
1299
1294
1285
1285
1273
1280
1278
1294
1292
1305
1327
1357
1371
1404
1434
1449
1471
1491
1503
1524
1520
1526
1531
1515
1519
1521
1530
1528
1544
1556
1552
1564
1576
1582
1583
1595
1606
1619
1619
1638
1652
1679
1681
1698
1696
1702
1702
1695
1665
1643
1615
1570
1545
1507
1480
1452
1447
1425
1413
1412
1397
1397
1394
1401
1399
1423
1416
1427
1433
1448
1471
1480
1486
1499
1511
1516
1518
1504
1476
1466
1440
1413
1394
1370
1353
1340
1330
1357
1365
1400
1410
1446
1480
1510
1546
1582
1615
1625
1667
1670
1686
1700
1707
1738
1755
1763
1787
1785
1793
1797
1805
1807
1800
1803
1820
1831
1849
1872
1882
1906
1905
1940
1979
2003
2032
2051
2049
2050
2051
2043
2029
2020
2010
1972
1961
1927
1903
1880
1858
1858
1845
1866
1873
1891
1897
1923
1926
1941
1965
2002
2046
2075
2112
2148
2169
2191
2219
2226
2227
2227
2213
2208
2200
2191
2181
2161
2147
2131
2104
2083
2067
2054
2019
2010
1979
1980
1973
1979
1971
1959
1940
1931
1927
1915
1899
1885
1870
1862
1845
1849
1835
1848
1826
1823
1822
1825
1830
1833
1842
1846
1847
1865
1874
1884
1899
1921
1928
1944
1939
1951
1943
1950
1959
1944
1936
1917
1922
1905
1889
1883
1861
1867
1864
1843
1857
1863
1865
1880
1869
1881
1886
1874
1871
1858
1851
1854
1845
1860
1854
1863
1846
1840
1821
1809
1796
1775
1751
1718
1696
1666
1615
1579
1553
1513
1483
1443
1407
1375
1331
1307
1281
1274
1248
1242
1231
1232
1232
1237
1255
1274
1285
1328
1371
1401
1440
1496
1513
1555
1579
1600
1623
1652
1655
1684
1702
1716
1729
1759
1763
1785
1785
1799
1792
1796
1792
1782
1774
1766
1745
1738
1714
1712
1694
1702
1689
1687
1669
1670
1653
1664
1657
1659
1664
1667
1672
1673
1692
1704
1723
1740
1759
1789
1798
1831
1847
1870
1883
1894
1922
1906
1913
1909
1911
1891
1901
1897
1892
1876
1857
1858
1821
1813
1786
1794
1789
1790
1784
1783
1763
1760
1767
1782
1786
1797
1794
1798
1801
1812
1814
1823
1814
1839
1843
1848
1864
1869
1883
1897
1903
1905
1913
1928
1929
1924
1918
1906
1909
1916
1911
1908
1907
1910
1911
1922
1937
1946
1942
1939
1918
1904
1869
1865
1847
1848
1857
1881
1887
1922
1936
1961
1971
2006
2025
2057
2090
2117
2147
2156
2216
2246
2275
2297
2328
2358
2378
2399
2424
2423
2403
2402
2382
2355
2336
2316
2295
2287
2294
2276
2259
2248
2224
2212
2186
2170
2147
2123
2118
2108
2121
2105
2100
2105
2122
2118
2132
2155
2175
2175
2191
2223
2224
2230
2250
2259
2266
2277
2266
2251
2207
2158
2120
2055
2001
1956
1913
1862
1847
1831
1831
1834
1843
1850
1865
1880
1898
1929
1940
1965
1965
1973
2000
2011
2041
2070
2084
2120
2130
2142
2147
2141
2145
2137
2125
2112
2095
2083
2092
2086
2083
2107
2100
2099
2104
2118
2132
2131
2120
2148
2160
2167
2189
2200
2202
2235
2258
2253
2261
2240
2223
2216
2196
2192
2170
2172
2164
2151
2130
2109
2077
2079
2039
2020
2019
1997
1987
1978
1962
1948
1933
1926
1912
1905
1889
1872
1855
1825
1805
1792
1760
1753
1742
1740
1755
1762
1764
1783
1811
1820
1817
1804
1803
1795
1768
1770
1764
1764
1751
1743
1721
1715
1687
1663
1621
1595
1566
1540
1497
1475
1456
1436
1438
1447
1450
1469
1472
1488
1481
1490
1492
1482
1477
1483
1485
1507
1499
1510
1518
1510
1512
1502
1481
1466
1449
1437
1428
1428
1416
1401
1396
1358
1337
1302
1278
1255
1237
1231
1225
1227
1219
1234
1238
1257
1279
1322
1346
1381
1410
1440
1475
1501
1542
1588
1624
1670
1716
1762
1799
1864
1900
1955
1991
2017
2053
2079
2104
2108
2123
2130
2142
2158
2169
2177
2171
2170
2159
2161
2136
2131
2104
2081
2069
2044
2023
2003
1981
1971
1948
1919
1887
1841
1814
1776
1760
1741
1733
1742
1745
1764
1765
1776
1784
1790
1808
1823
1841
1856
1883
1895
1915
1947
1971
1970
1981
1974
1941
1932
1925
1906
1881
1870
1855
1846
1861
1870
1875
1879
1873
1860
1867
1876
1901
1934
1976
2027
2063
2136
2183
2230
2275
2315
2360
2383
2391
2378
2356
2345
2307
2282
2262
2229
2207
2194
2167
2123
2091
2074
2045
2022
1997
1999
1983
1973
1993
2009
2035
2079
2121
2175
2223
2250
2273
2295
2306
2328
2319
2316
2302
2268
2217
2184
2162
2142
2106
2071
2043
2018
1968
1944
1915
1888
1875
1871
1848
1870
1862
1876
1904
1912
1931
1955
1974
2002
2016
2028
2044
2065
2100
2129
2155
2189
2204
2220
2255
2277
2301
2320
2341
2366
2378
2385
2390
2394
2394
2407
2394
2392
2378
2383
2365
2372
2357
2352
2335
2341
2335
2312
2311
2297
2260
2258
2232
2223
2203
2192
2161
2151
2137
2123
2113
2099
2095
2083
2056
2054
2043
2044
2047
2052
2050
2040
2028
2045
2037
2037
2039
2030
2019
2021
2008
1980
1975
1967
1962
1958
1948
1943
1932
1920
1909
1912
1896
1896
1876
1874
1857
1844
1837
1829
1816
1826
1818
1818
1827
1830
1838
1864
1878
1891
1917
1932
1943
1973
2002
2018
2052
2074
2096
2123
2146
2151
2162
2176
2180
2180
2179
2167
2160
2119
2116
2084
2050
2031
2008
2014
2003
2007
1997
1984
1970
1969
1959
1967
1947
1947
1928
1916
1895
1865
1829
1816
1806
1803
1790
1793
1785
1787
1792
1820
1840
1859
1905
1931
1982
2026
2054
2074
2103
2132
2163
2182
2220
2225
2232
2217
2200
2192
2164
2149
2127
2092
2065
2014
1988
1950
1906
1900
1874
1867
1852
1856
1843
1846
1819
1810
1803
1794
1794
1790
1782
1773
1758
1772
1748
1765
1772
1806
1812
1859
1871
1884
1893
1889
1873
1862
1831
1795
1781
1754
1724
1677
1634
1604
1552
1528
1520
1518
1528
1536
1554
1587
1631
1677
1698
1762
1820
1862
1903
1940
1962
1998
2018
2027
2039
2016
2005
1991
1949
1916
1875
1826
1777
1739
1699
1668
1641
1636
1629
1641
1650
1664
1674
1715
1743
1786
1832
1882
1915
1959
1979
2011
2044
2086
2099
2132
2146
2154
2155
2167
2163
2170
2151
2137
2108
2103
2076
2069
2063
2045
2016
2020
2019
2021
2014
2012
2027
2055
2065
2068
2079
2084
2091
2101
2096
2098
2097
2119
2132
2143
2152
2173
2185
2205
2225
2247
2241
2261
2266
2283
2287
2309
2322
2333
2354
2375
2382
2405
2416
2416
2429
2449
2467
2464
2486
2493
2483
2502
2499
2511
2512
2510
2498
2497
2485
2468
2451
2420
2397
2371
2332
2284
2253
2215
2185
2155
2115
2078
2030
2013
1978
1946
1913
1883
1872
1855
1824
1831
1819
1787
1781
1770
1752
1735
1723
1701
1676
1660
1645
1630
1615
1617
1601
1607
1613
1619
1630
1648
1647
1674
1681
1693
1719
1731
1747
1780
1801
1828
1846
1854
1860
1852
1846
1845
1851
1846
1854
1829
1810
1809
1769
1750
1719
1710
1686
1672
1668
1643
1625
1614
1614
1606
1571
1581
1552
1527
1512
1490
1457
1428
1404
1387
1353
1330
1318
1305
1301
1277
1269
1262
1253
1241
1219
1210
1178
1151
1138
1119
1096
1087
1063
1064
1068
1058
1043
1042
1035
1024
1012
1005
1006
983
976
981
981
980
973
977
982
981
973
980
975
976
963
963
949
952
949
945
948
953
962
973
987
1011
1028
1050
1059
1091
1116
1132
1164
1182
1213
1239
1271
1296
1319
1362
1388
1404
1428
1436
1450
1456
1457
1461
1461
1465
1468
1481
1474
1474
1476
1478
1452
1437
1422
1407
1395
1396
1393
1394
1387
1383
1365
1362
1358
1345
1331
1308
1290
1248
1239
1257
1280
1288
1296
1304
1316
1317
1321
1336
1351
1371
1393
1436
1455
1478
1494
1519
1534
1529
1533
1526
1525
1505
1479
1457
1447
1431
1411
1391
1370
1359
1355
1373
1371
1400
1394
1410
1402
1416
1423
1431
1445
1476
1475
1488
1504
1491
1486
1502
1505
1492
1473
1466
1463
1453
1429
1430
1427
1422
1415
1423
1405
1402
1400
1387
1390
1379
1378
1377
1366
1382
1393
1385
1402
1414
1427
1449
1456
1467
1483
1499
1520
1552
1568
1593
1613
1630
1651
1656
1672
1698
1695
1705
1711
1699
1702
1720
1718
1728
1739
1752
1746
1742
1720
1709
1698
1708
1701
1692
1661
1645
1630
1619
1621
1605
1589
1588
1580
1567
1577
1579
1585
1606
1643
1664
1676
1698
1725
1737
1748
1759
1753
1768
1773
1786
1770
1766
1748
1757
1737
1737
1708
1695
1690
1670
1637
1628
1601
1567
1543
1518
1490
1471
1451
1430
1403
1400
1365
1351
1309
1289
1245
1237
1218
1190
1169
1146
1128
1105
1079
1045
1003
948
894
846
791
754
709
679
641
615
589
571
552
540
519
515
517
514
513
522
533
547
564
588
600
634
657
687
716
732
744
766
777
794
812
834
859
887
913
929
957
980
992
1015
1028
1047
1064
1070
1080
1093
1115
1126
1143
1155
1169
1181
1191
1206
1210
1209
1217
1227
1224
1235
1226
1229
1220
1224
1218
1211
1198
1192
1187
1188
1172
1176
1153
1145
1125
1114
1089
1077
1049
1018
1006
971
947
914
874
832
793
748
707
677
646
620
600
587
560
551
538
529
524
513
503
503
512
521
531
553
563
591
609
639
666
697
724
760
794
825
858
901
942
968
999
1034
1064
1083
1107
1138
1153
1158
1165
1189
1194
1199
1198
1205
1203
1202
1199
1213
1213
1227
1233
1248
1245
1254
1243
1254
1250
1267
1289
1301
1318
1331
1334
1358
1357
1370
1382
1392
1391
1384
1404
1397
1404
1398
1389
1390
1376
1378
1372
1378
1377
1392
1385
1390
1389
1394
1386
1399
1402
1412
1416
1414
1418
1425
1413
1398
1386
1378
1370
1372
1370
1377
1379
1395
1392
1394
1408
1409
1409
1404
1398
1410
1422
1424
1438
1449
1455
1474
1473
1491
1484
1498
1495
1490
1481
1480
1475
1469
1468
1460
1466
1466
1462
1475
1470
1481
1460
1468
1472
1477
1474
1472
1458
1457
1444
1441
1436
1438
1446
1459
1462
1469
1455
1463
1463
1470
1457
1450
1433
1427
1409
1402
1393
1378
1366
1349
1318
1310
1278
1257
1258
1263
1269
1284
1279
1279
1294
1293
1313
1330
1324
1329
1326
1340
1337
1354
1344
1352
1355
1353
1342
1345
1323
1315
1305
1278
1248
1225
1211
1197
1178
1169
1164
1162
1153
1160
1146
1142
1149
1146
1140
1147
1144
1154
1165
1178
1174
1188
1194
1193
1199
1188
1165
1171
1150
1136
1128
1128
1110
1100
1085
1078
1072
1067
1064
1063
1052
1039
1028
1018
999
993
980
978
961
962
957
956
953
958
943
936
926
921
918
916
912
915
911
916
903
914
912
920
925
917
915
898
895
899
886
895
894
888
877
873
860
853
845
846
846
846
844
853
860
854
854
852
856
846
842
848
850
842
841
848
855
850
844
846
847
860
853
860
853
857
859
854
851
841
832
827
829
823
815
822
829
813
807
816
805
798
787
780
770
753
741
729
713
708
708
711
702
686
665
651
634
628
623
615
608
605
601
602
596
589
576
589
599
597
605
604
603
605
613
608
620
625
624
639
647
654
663
671
676
676
670
678
673
670
669
665
667
659
662
667
670
680
683
692
685
680
675
682
674
674
674
671
661
665
653
656
657
651
643
654
645
647
647
642
637
634
629
622
624
620
626
622
617
620
606
608
598
588
590
587
578
575
568
570
563
570
570
571
567
577
577
579
587
583
589
594
595
597
604
610
607
607
612
615
610
604
591
588
584
584
584
579
566
568
559
567
559
560
554
558
555
549
561
550
548
560
556
553
559
561
552
552
551
546
539
529
530
528
526
523
523
523
519
513
514
514
510
528
516
513
521
520
519
533
533
533
539
538
543
553
552
560
563
560
549
490
287
-2
-1
1
-2
-2
2
2
-1
554
528
-2
-1
-2
0
0

