;UFOS3
;Measurement details: channel = S, date = 01.06.2018, time = 02:21:02
Exposure=1876
Gain=0
Temperature=8.6
Accummulate=4
6.254 mu
6.723 amas
8.014 hs
0 ozone
0 uva
0 uvb
0 uve
[Value]
0
320
320
320
319
319
319
318
361
373
422
408
372
382
424
397
398
366
437
402
407
379
448
409
402
379
436
411
400
404
446
433
399
388
445
425
412
379
426
415
386
383
453
430
407
381
446
427
396
387
424
429
379
392
439
415
372
391
438
415
399
378
421
408
393
380
448
413
395
382
446
413
384
398
444
419
393
379
420
415
393
391
437
410
387
392
433
422
377
386
459
431
386
394
443
437
385
372
444
428
375
390
435
420
388
394
438
417
394
384
436
414
384
402
440
421
384
392
426
410
386
392
445
416
399
395
432
423
392
383
425
411
393
380
432
438
387
397
433
407
408
394
431
423
382
391
434
430
378
434
443
423
378
387
445
418
416
388
433
431
373
380
424
416
409
413
428
420
410
380
439
414
402
413
433
419
381
402
444
408
382
386
433
427
404
389
453
424
396
404
427
446
378
401
425
414
394
392
441
413
392
385
437
421
398
383
428
399
394
388
448
416
377
405
426
415
385
381
426
444
408
382
433
410
399
398
450
417
388
373
437
409
375
391
434
421
384
390
413
414
414
388
424
422
390
404
431
409
408
389
431
416
394
391
427
448
395
405
435
416
382
443
446
417
399
371
419
421
401
374
419
411
379
400
439
426
388
395
432
424
394
384
429
437
393
377
442
404
396
391
436
438
391
387
420
423
390
382
436
420
406
387
435
421
406
401
423
413
397
373
433
428
417
386
431
423
396
394
435
416
384
392
433
415
384
395
423
414
401
389
447
418
394
391
438
412
415
370
445
442
392
387
422
434
379
398
452
425
390
388
434
420
378
395
417
405
385
390
430
410
413
390
434
416
411
388
448
413
402
400
424
422
401
395
416
429
390
384
427
413
397
383
441
416
388
401
422
408
393
388
431
429
380
382
425
407
394
379
430
464
398
385
442
443
389
387
460
403
407
390
425
413
393
381
421
415
417
397
426
412
395
400
424
423
388
378
438
404
402
389
432
413
382
374
445
429
375
396
446
429
401
396
419
435
377
388
431
423
396
369
432
401
388
424
431
409
401
402
433
430
411
382
433
416
396
394
427
420
383
394
428
442
398
375
437
405
392
414
436
421
411
398
445
408
388
393
428
418
389
397
423
408
396
385
438
408
404
387
475
410
409
398
438
409
381
415
422
429
388
387
441
411
401
385
420
412
387
414
429
412
395
393
431
408
392
384
431
421
393
421
442
416
399
395
424
422
403
397
428
429
399
399
410
418
404
392
426
415
386
378
424
406
409
391
421
416
417
406
436
414
383
395
439
417
398
407
434
431
396
389
428
409
397
387
434
428
398
401
432
414
390
390
425
421
390
392
433
415
388
400
437
414
389
415
448
399
404
387
427
407
406
407
431
412
397
396
426
398
396
398
433
410
389
409
431
413
377
406
428
413
412
391
441
405
389
399
457
407
382
401
424
423
458
389
440
410
389
383
415
414
385
384
418
419
380
388
420
398
415
406
423
403
397
378
415
416
386
378
425
416
395
395
427
410
406
404
436
419
395
377
436
410
396
396
427
405
399
405
437
403
394
391
432
402
402
385
427
417
397
401
445
405
398
371
417
417
389
389
420
413
403
395
404
404
388
389
418
414
386
383
432
421
391
401
417
399
391
406
419
423
393
389
431
425
388
406
418
418
407
412
419
419
406
568
422
430
420
398
416
414
394
398
425
398
390
400
428
396
401
401
438
421
407
401
420
399
407
388
429
414
392
395
420
445
407
382
422
412
384
392
433
427
403
399
426
401
394
404
412
421
391
403
427
412
399
399
414
405
401
392
425
408
393
388
442
409
399
402
407
421
399
400
438
407
404
400
428
414
386
394
428
409
394
395
429
406
400
401
427
407
411
394
422
411
422
401
413
419
402
399
424
425
411
406
428
424
394
385
415
406
420
407
417
417
389
397
418
414
388
404
423
412
402
406
423
405
382
392
438
419
408
413
418
412
393
387
413
401
403
401
427
423
409
395
429
419
410
434
424
404
402
402
421
413
394
409
413
421
401
409
433
406
396
397
416
420
413
397
422
403
397
400
422
413
405
405
421
426
398
392
426
405
402
413
419
410
408
403
425
418
397
400
427
413
421
401
433
414
401
404
418
425
407
404
421
413
434
387
428
411
418
393
423
428
398
402
437
420
389
397
426
453
409
398
415
422
418
409
426
407
413
415
423
410
429
409
426
420
422
399
428
407
406
402
415
408
439
406
419
412
418
417
421
415
409
408
429
422
394
396
435
420
428
401
429
417
416
418
422
419
403
401
426
432
417
408
435
438
416
417
439
428
425
424
431
426
420
414
443
437
434
408
433
442
410
422
429
417
411
421
449
433
420
423
438
439
433
436
449
438
422
447
445
448
436
438
444
438
437
431
430
442
451
445
467
460
430
448
469
447
449
433
458
461
448
430
454
452
447
447
467
460
452
432
453
456
453
441
466
433
437
446
470
471
456
460
463
457
465
440
483
458
464
443
482
480
454
448
467
461
485
466
486
474
476
465
488
487
462
478
480
471
468
474
495
496
477
473
494
471
472
474
490
489
478
468
484
468
460
476
481
467
460
476
468
487
480
473
479
481
485
472
486
483
486
474
499
514
506
504
517
514
511
514
522
534
519
514
536
528
526
540
548
533
538
532
560
537
538
539
550
538
532
531
572
535
545
548
544
540
542
530
535
531
522
526
540
531
548
525
548
534
553
557
571
560
568
557
575
579
567
588
607
644
608
612
629
637
648
615
622
637
612
616
644
621
618
612
682
623
625
612
617
616
602
601
604
603
609
606
625
616
610
620
638
630
655
635
663
666
693
670
695
699
698
710
724
731
734
757
746
758
747
763
766
759
771
765
782
775
756
764
780
755
755
736
747
759
750
750
761
765
763
746
772
753
765
750
767
752
785
754
778
766
769
745
764
745
746
731
745
747
742
713
706
700
700
692
716
674
671
681
684
691
698
675
722
714
722
710
723
712
744
739
775
765
786
783
816
794
827
788
814
812
818
826
832
848
855
851
844
863
873
856
903
878
872
892
919
890
893
890
900
899
910
895
883
868
886
870
875
865
864
846
867
852
843
843
854
837
849
825
857
841
842
841
853
853
869
867
898
895
892
922
951
959
972
999
994
1010
1021
1022
1053
1075
1104
1095
1118
1119
1129
1132
1149
1155
1167
1172
1157
1173
1174
1170
1180
1187
1187
1173
1194
1201
1185
1168
1191
1181
1179
1183
1177
1182
1173
1161
1162
1164
1148
1132
1132
1134
1135
1114
1100
1113
1088
1089
1108
1100
1101
1094
1102
1101
1121
1095
1118
1123
1122
1124
1119
1127
1129
1105
1129
1127
1123
1121
1152
1155
1173
1174
1214
1230
1234
1249
1287
1305
1352
1373
1393
1422
1469
1479
1503
1523
1557
1552
1605
1617
1652
1648
1672
1678
1690
1667
1699
1698
1686
1726
1745
1727
1709
1734
1707
1691
1686
1672
1661
1663
1634
1634
1615
1578
1570
1540
1500
1475
1483
1444
1435
1417
1395
1351
1351
1323
1328
1299
1299
1277
1294
1273
1285
1276
1305
1301
1325
1313
1331
1333
1332
1331
1352
1372
1376
1387
1438
1403
1418
1398
1436
1421
1450
1425
1430
1427
1419
1415
1404
1408
1400
1382
1368
1338
1320
1316
1317
1324
1298
1311
1316
1294
1310
1292
1331
1340
1366
1371
1387
1412
1411
1409
1429
1413
1417
1395
1385
1372
1361
1327
1330
1318
1296
1282
1281
1287
1257
1251
1240
1241
1252
1243
1221
1237
1223
1227
1270
1254
1276
1293
1300
1316
1340
1359
1358
1385
1402
1401
1427
1416
1391
1418
1408
1398
1408
1410
1425
1425
1428
1436
1447
1445
1477
1462
1480
1481
1497
1486
1498
1511
1544
1573
1562
1553
1569
1554
1550
1522
1520
1483
1449
1436
1406
1395
1369
1366
1360
1347
1328
1314
1351
1317
1332
1332
1337
1342
1344
1366
1403
1382
1386
1391
1371
1387
1390
1387
1378
1353
1346
1300
1319
1311
1281
1309
1307
1316
1327
1335
1374
1366
1412
1433
1461
1457
1501
1523
1511
1512
1538
1535
1540
1545
1572
1561
1567
1562
1560
1587
1584
1577
1544
1570
1568
1567
1621
1614
1628
1628
1641
1685
1720
1731
1749
1760
1762
1764
1772
1765
1780
1783
1758
1763
1721
1748
1728
1719
1717
1735
1729
1735
1736
1743
1740
1744
1730
1741
1754
1779
1799
1817
1830
1834
1880
1855
1892
1892
1891
1889
1890
1883
1858
1840
1829
1816
1792
1757
1748
1720
1715
1710
1700
1703
1694
1687
1694
1677
1704
1708
1719
1694
1725
1678
1685
1699
1680
1661
1645
1650
1659
1643
1658
1640
1647
1624
1634
1645
1649
1648
1669
1662
1678
1666
1690
1693
1704
1695
1714
1704
1699
1704
1704
1713
1710
1700
1690
1679
1669
1657
1653
1639
1646
1645
1666
1656
1661
1665
1668
1677
1687
1715
1662
1658
1661
1661
1669
1683
1657
1650
1663
1633
1639
1620
1610
1604
1609
1561
1574
1513
1519
1486
1455
1464
1429
1382
1387
1348
1343
1295
1273
1279
1262
1259
1257
1248
1263
1236
1260
1282
1284
1281
1318
1353
1392
1396
1426
1453
1459
1460
1504
1507
1490
1509
1510
1545
1546
1538
1567
1551
1601
1545
1587
1567
1562
1575
1533
1559
1561
1541
1552
1552
1546
1543
1551
1531
1540
1523
1522
1531
1538
1538
1548
1535
1556
1548
1576
1563
1570
1582
1627
1624
1655
1668
1682
1723
1714
1742
1735
1742
1765
1713
1737
1721
1727
1700
1726
1696
1679
1665
1642
1629
1639
1630
1627
1603
1613
1616
1604
1610
1607
1607
1633
1647
1652
1653
1679
1691
1700
1710
1727
1751
1751
1771
1770
1774
1800
1791
1838
1821
1845
1815
1818
1820
1808
1816
1821
1812
1816
1775
1792
1798
1767
1750
1763
1724
1728
1697
1698
1683
1679
1648
1658
1676
1653
1679
1708
1735
1755
1767
1811
1843
1864
1860
1919
1917
1934
1956
1986
2038
2043
2036
2086
2115
2139
2154
2194
2190
2195
2149
2171
2139
2117
2106
2073
2060
2047
2035
2023
2010
1972
1950
1952
1953
1931
1912
1908
1916
1896
1882
1894
1882
1899
1904
1925
1925
1960
1949
1965
1954
1931
1935
1933
1940
1945
1936
1945
1960
1968
1953
1924
1879
1860
1824
1807
1769
1736
1751
1743
1744
1732
1721
1745
1747
1774
1780
1855
1804
1843
1834
1875
1897
1942
1924
1954
1989
2001
2005
1998
2003
1982
1972
1954
1957
1949
1943
1976
1980
1985
1985
2003
2008
2021
2013
2026
2032
2056
2016
2039
2055
2016
2004
2038
2023
2042
2029
2043
2030
1988
2020
1985
1979
1978
1963
1963
1965
1948
1933
1942
1950
1926
1906
1931
1933
1929
1909
1918
1912
1911
1925
1917
1931
1950
1909
1935
1912
1894
1892
1885
1879
1877
1851
1876
1840
1838
1832
1851
1838
1841
1818
1801
1782
1762
1772
1755
1735
1701
1700
1707
1685
1648
1624
1617
1591
1551
1498
1500
1466
1466
1441
1430
1416
1430
1459
1489
1491
1514
1497
1521
1545
1540
1555
1585
1616
1605
1650
1654
1651
1656
1636
1658
1632
1613
1580
1578
1555
1535
1533
1521
1497
1461
1436
1423
1415
1383
1348
1369
1353
1346
1328
1354
1352
1374
1370
1430
1441
1457
1492
1542
1578
1564
1591
1659
1680
1735
1754
1809
1889
1873
1915
1954
1982
1995
2019
2065
2058
2085
2086
2109
2133
2148
2154
2173
2183
2167
2166
2189
2187
2175
2146
2127
2112
2092
2095
2086
2056
2060
2032
2054
2000
1961
1938
1936
1913
1881
1876
1883
1870
1860
1845
1887
1855
1858
1876
1894
1889
1902
1900
1939
1949
1944
1973
1998
1989
1977
1967
1963
1954
1909
1898
1899
1897
1889
1906
1929
1940
1958
1942
1972
1961
1970
2000
2040
2104
2111
2181
2247
2298
2341
2364
2414
2440
2452
2423
2431
2415
2362
2341
2342
2331
2293
2255
2245
2228
2192
2178
2149
2123
2093
2074
2071
2065
2063
2038
2077
2096
2114
2152
2206
2257
2253
2284
2318
2314
2314
2334
2345
2346
2307
2297
2303
2308
2283
2257
2287
2277
2236
2201
2184
2185
2127
2137
2127
2110
2111
2091
2109
2107
2117
2125
2166
2158
2190
2168
2210
2210
2210
2188
2205
2209
2246
2204
2233
2264
2250
2275
2295
2305
2299
2315
2357
2332
2345
2337
2405
2408
2400
2414
2431
2420
2424
2409
2431
2380
2371
2364
2364
2347
2339
2294
2315
2307
2280
2263
2252
2244
2254
2264
2280
2293
2256
2272
2293
2288
2283
2280
2310
2305
2285
2270
2296
2293
2274
2286
2286
2282
2261
2218
2251
2202
2173
2141
2157
2119
2090
2067
2083
2053
2018
2001
2031
2024
2010
1966
1974
1967
1945
1944
1975
1976
1980
1975
1981
1991
2025
2032
2062
2070
2063
2090
2111
2134
2130
2146
2175
2199
2179
2221
2262
2278
2250
2247
2280
2284
2260
2250
2276
2273
2287
2241
2291
2288
2294
2291
2343
2341
2338
2330
2336
2333
2314
2299
2291
2296
2257
2239
2231
2185
2133
2128
2116
2091
2026
2009
2020
2022
1983
1980
2019
1995
1997
1992
2063
2076
2116
2119
2160
2168
2243
2236
2313
2330
2350
2389
2415
2400
2368
2349
2341
2331
2276
2214
2213
2176
2118
2082
2074
2033
2021
1996
2023
2022
2029
2031
2040
2024
2009
2032
2091
2141
2134
2168
2205
2257
2235
2272
2325
2324
2309
2295
2279
2265
2215
2177
2158
2147
2086
2042
2033
2006
1939
1877
1865
1811
1756
1733
1741
1720
1686
1684
1706
1710
1717
1743
1810
1832
1879
1948
2013
2042
2070
2074
2109
2124
2089
2090
2105
2101
2038
1965
1948
1886
1797
1795
1788
1792
1767
1774
1860
1869
1892
1921
2021
2132
2115
2181
2256
2305
2374
2420
2492
2522
2523
2545
2568
2576
2539
2530
2539
2511
2500
2476
2463
2426
2361
2333
2310
2287
2212
2191
2183
2161
2166
2143
2174
2186
2153
2140
2163
2172
2143
2134
2167
2178
2156
2159
2229
2251
2225
2260
2286
2294
2317
2298
2366
2403
2389
2424
2466
2493
2490
2489
2526
2537
2536
2541
2610
2617
2601
2625
2652
2672
2655
2653
2708
2716
2689
2711
2753
2757
2731
2726
2709
2681
2656
2627
2609
2581
2541
2519
2486
2447
2410
2360
2360
2339
2283
2243
2256
2249
2178
2177
2169
2119
2107
2094
2120
2109
2066
2039
2055
2035
2000
1972
1990
1944
1900
1880
1910
1886
1870
1875
1881
1888
1906
1896
1959
1963
1945
2019
2033
2049
2041
2068
2092
2130
2105
2126
2168
2155
2163
2164
2194
2213
2154
2174
2227
2179
2161
2147
2151
2119
2080
2076
2063
2048
1990
1975
1958
1945
1878
1857
1879
1870
1809
1787
1786
1752
1703
1659
1673
1668
1613
1620
1645
1616
1592
1577
1613
1557
1535
1511
1529
1499
1455
1419
1446
1462
1437
1409
1451
1448
1432
1398
1448
1424
1391
1396
1399
1389
1351
1323
1360
1358
1325
1323
1354
1360
1335
1334
1370
1351
1317
1316
1331
1309
1298
1288
1316
1330
1321
1333
1379
1394
1398
1417
1481
1499
1509
1536
1585
1606
1612
1650
1711
1730
1768
1798
1845
1855
1860
1876
1919
1906
1898
1886
1929
1922
1915
1896
1933
1923
1887
1886
1925
1902
1888
1866
1863
1869
1817
1827
1826
1819
1771
1761
1793
1741
1702
1685
1715
1677
1667
1651
1724
1710
1693
1725
1747
1783
1788
1790
1850
1832
1846
1844
1894
1926
1910
1978
1989
2021
1972
1970
1977
1973
1922
1906
1891
1866
1813
1780
1842
1844
1828
1841
1860
1860
1855
1827
1856
1865
1826
1820
1876
1904
1894
1903
1953
1973
1952
1916
1932
1942
1907
1899
1905
1903
1876
1856
1854
1840
1812
1806
1846
1842
1827
1812
1840
1813
1782
1794
1818
1851
1869
1888
1919
1918
1900
1922
1981
2034
1989
2021
2056
2081
2111
2124
2158
2175
2176
2221
2250
2248
2264
2245
2258
2255
2242
2244
2262
2246
2228
2214
2231
2214
2199
2187
2208
2194
2148
2110
2107
2097
2085
2072
2086
2098
2093
2091
2105
2116
2088
2098
2117
2137
2136
2142
2171
2215
2218
2245
2282
2345
2295
2302
2311
2309
2323
2301
2340
2301
2304
2254
2271
2257
2217
2152
2121
2116
2024
2008
2025
1980
1967
1947
1956
1939
1905
1906
1918
1867
1857
1800
1835
1785
1755
1762
1704
1687
1645
1609
1621
1544
1500
1475
1450
1392
1327
1269
1240
1201
1134
1103
1084
1045
1010
975
981
984
938
929
951
961
963
1010
1011
1031
1059
1095
1125
1165
1187
1201
1241
1244
1237
1247
1287
1299
1308
1344
1386
1406
1436
1437
1478
1494
1512
1546
1566
1577
1579
1611
1637
1661
1671
1663
1711
1735
1713
1726
1738
1720
1705
1680
1689
1696
1666
1674
1706
1721
1686
1706
1703
1714
1710
1701
1711
1693
1659
1641
1643
1653
1597
1590
1564
1514
1484
1450
1466
1414
1369
1337
1330
1269
1226
1179
1160
1111
1082
1054
1027
1016
984
985
964
964
950
958
963
978
969
991
1050
1045
1060
1101
1167
1200
1204
1219
1293
1308
1316
1332
1378
1407
1456
1467
1534
1575
1615
1625
1663
1712
1680
1689
1722
1763
1739
1763
1799
1785
1803
1790
1811
1817
1787
1779
1837
1831
1807
1806
1848
1892
1858
1868
1899
1914
1882
1906
1954
1944
1923
1913
1941
1939
1907
1885
1886
1899
1857
1827
1866
1872
1854
1869
1891
1876
1885
1881
1911
1888
1891
1910
1953
1954
1953
1929
1967
1956
1968
1958
1955
1946
1929
1949
1926
1941
1951
1949
1949
1929
1934
1924
1933
1936
1918
1923
1968
1971
1970
1987
1995
2031
2011
2015
2036
2016
2043
2031
2016
2004
1991
1980
1987
2004
2009
2029
2018
2038
2026
2038
2036
2055
2024
2002
2039
2060
2025
2021
2026
2041
2024
2009
2044
2022
2029
2052
2035
2042
2014
1981
1982
1986
1964
1937
1932
1929
1918
1894
1900
1882
1846
1848
1842
1834
1803
1776
1792
1806
1766
1776
1796
1816
1838
1834
1849
1844
1860
1844
1886
1900
1900
1880
1924
1932
1894
1859
1875
1849
1818
1753
1764
1724
1660
1655
1691
1689
1681
1656
1648
1670
1637
1651
1673
1643
1635
1617
1662
1664
1656
1644
1674
1708
1686
1690
1744
1683
1685
1650
1673
1639
1623
1613
1623
1613
1580
1571
1588
1598
1565
1562
1550
1554
1534
1504
1511
1491
1480
1468
1496
1464
1439
1434
1429
1444
1450
1404
1478
1428
1424
1420
1438
1435
1414
1411
1435
1439
1413
1424
1436
1427
1407
1413
1418
1408
1405
1381
1401
1371
1369
1344
1356
1402
1324
1309
1328
1322
1321
1317
1336
1320
1313
1299
1315
1315
1284
1286
1309
1332
1299
1312
1288
1316
1303
1304
1325
1334
1338
1320
1340
1353
1315
1322
1357
1343
1316
1337
1345
1365
1317
1320
1341
1360
1333
1314
1325
1316
1303
1263
1277
1281
1265
1250
1227
1235
1224
1203
1209
1189
1179
1151
1154
1167
1093
1099
1084
1074
1065
1035
1078
1074
1050
1034
1070
1065
1067
1061
1082
1083
1075
1072
1101
1093
1103
1115
1142
1152
1149
1122
1135
1129
1150
1141
1167
1173
1136
1150
1177
1197
1165
1148
1162
1198
1166
1169
1184
1175
1146
1165
1167
1165
1157
1122
1141
1170
1140
1152
1159
1155
1130
1128
1162
1148
1117
1114
1129
1128
1085
1088
1113
1133
1112
1101
1139
1135
1095
1097
1121
1116
1096
1095
1103
1088
1063
1053
1066
1074
1062
1050
1064
1067
1050
1065
1083
1079
1067
1060
1068
1074
1067
1088
1111
1107
1079
1084
1127
1094
1064
1089
1100
1090
1060
1041
1065
1055
1036
1054
1059
1053
1025
1056
1060
1064
1036
1047
1055
1057
1040
1046
1071
1072
1043
1075
1071
1049
1050
1023
1043
1046
1038
1020
1029
1022
1017
1007
1046
1040
1004
1014
1054
1020
1013
1027
1020
1034
1023
1038
1031
1067
1048
1047
1053
1049
1046
1038
1028
1044
1026
1035
1045
1030
1047
1006
1027
1008
1014
1005
1064
1021
973
973
990
989
983
968
964
983
950
944
986
968
956
937
931
923
860
683
318
320
319
319
318
320
320
320
997
973
318
320
319
0
0

