;UFOS3
;Measurement details: channel = D, date = 01.06.2018, time = 02:16:18
Exposure=2009
Gain=0
Temperature=8.6
Accummulate=4
6.563 mu
7.137 amas
7.507 hs
0 ozone
0 uva
0 uvb
0 uve
[Value]
0
319
320
320
319
321
320
319
365
377
425
413
378
385
428
399
401
370
441
408
412
381
449
411
402
382
439
415
402
408
445
435
401
391
444
425
416
380
428
419
387
385
452
432
411
386
444
429
398
390
426
435
379
397
439
418
375
391
441
417
400
383
422
413
398
382
449
414
397
380
446
412
387
400
445
422
398
380
423
417
396
394
439
412
388
395
434
423
378
388
461
436
387
396
446
438
386
375
445
429
374
389
436
421
389
393
440
419
396
387
438
414
384
406
442
423
387
394
431
413
386
398
445
418
401
398
433
426
394
383
427
415
394
381
434
442
388
399
433
411
411
396
432
425
385
394
434
435
379
437
444
424
377
389
444
420
420
390
433
436
375
382
424
423
412
415
430
424
412
382
441
417
405
416
437
424
381
405
444
412
383
385
432
432
408
392
454
425
396
407
428
448
377
406
426
416
396
395
442
414
393
389
441
425
401
387
429
404
396
393
449
417
379
408
428
419
385
381
427
449
410
386
437
410
402
400
452
420
388
371
438
409
378
394
432
423
384
395
413
415
414
390
424
425
390
406
432
411
407
390
431
417
397
395
430
453
398
408
439
419
384
447
447
417
401
372
419
422
400
379
422
410
382
403
441
427
388
397
431
429
397
388
431
439
397
376
441
405
397
395
438
440
392
389
421
424
391
384
438
423
406
388
435
425
407
402
421
415
396
376
433
428
419
386
430
425
397
397
436
417
383
393
438
416
383
395
425
418
401
390
449
419
393
394
439
415
414
376
443
446
392
390
424
437
381
402
452
429
390
390
438
422
379
395
419
406
384
392
432
412
415
390
434
419
412
390
450
418
402
401
422
422
404
394
418
431
391
387
429
414
401
381
441
417
387
402
420
412
393
387
433
431
383
386
427
407
396
379
430
469
402
387
443
445
389
390
461
405
409
388
425
416
395
383
421
416
419
398
426
414
395
403
425
424
388
379
439
406
401
390
432
414
386
375
445
431
376
398
444
428
399
397
419
436
376
388
431
423
396
373
433
400
386
426
432
413
402
403
435
429
411
382
431
417
396
395
425
424
383
395
427
444
398
375
439
406
395
415
439
423
407
401
444
407
389
394
428
418
388
399
423
410
397
385
438
410
402
390
476
411
409
400
436
410
381
417
422
429
390
387
440
411
402
385
420
413
389
415
431
413
396
394
432
409
391
386
428
424
394
424
444
416
399
396
426
425
403
399
430
430
399
399
410
418
404
392
426
416
387
380
422
406
408
389
423
419
416
407
435
414
385
395
436
419
396
411
434
431
397
389
429
413
395
387
433
432
397
403
433
413
390
393
425
423
388
391
434
417
387
401
438
416
387
415
449
398
404
387
424
406
408
406
430
413
396
394
426
400
394
396
433
411
389
406
431
414
376
406
427
414
409
391
441
406
390
400
460
405
379
402
424
423
457
390
443
412
389
382
414
410
387
387
415
418
378
390
420
396
414
404
420
404
396
378
418
417
384
378
423
414
393
397
426
411
406
403
436
420
395
378
437
407
394
395
428
405
399
406
435
403
393
390
430
404
404
385
428
414
395
400
442
404
398
370
415
416
390
388
416
412
400
391
404
404
389
388
416
412
386
383
432
419
388
401
418
401
389
406
416
421
390
389
430
427
387
400
416
418
406
411
415
419
405
575
424
431
422
399
415
411
394
397
422
398
386
399
427
393
400
400
436
420
402
401
422
396
402
388
423
412
391
393
418
441
404
379
419
410
385
395
431
425
400
399
425
398
391
403
409
420
389
405
424
410
400
399
411
402
400
391
424
405
392
384
438
408
396
402
405
418
398
397
436
403
401
397
423
410
382
391
425
409
392
392
425
404
398
400
422
404
410
393
418
409
419
400
413
414
398
395
424
422
405
404
424
421
391
384
412
401
416
404
412
413
388
396
413
411
384
400
420
410
399
402
418
404
380
386
434
417
404
410
414
409
387
387
407
397
396
396
421
418
403
392
424
413
403
433
420
399
402
397
417
411
391
402
410
419
398
406
427
402
393
396
408
417
408
395
417
399
392
391
417
409
400
403
416
423
395
387
420
402
395
409
416
406
403
396
418
413
390
394
422
408
413
394
429
408
398
396
413
418
400
397
415
408
426
380
419
406
413
385
414
421
391
396
425
413
381
391
418
445
401
392
408
410
412
401
417
400
406
409
417
402
421
402
419
412
413
391
415
402
399
394
405
401
429
398
410
401
406
411
413
406
403
399
418
412
386
386
424
409
415
390
415
402
401
403
410
403
387
387
408
412
399
392
417
418
398
397
419
408
405
405
412
410
400
393
421
415
411
386
411
422
389
402
405
400
392
400
427
414
399
402
413
414
407
410
423
410
395
418
413
419
405
407
413
409
404
395
394
406
411
408
428
420
389
411
430
411
407
397
417
421
404
393
414
412
408
408
430
423
412
394
415
421
411
400
423
394
394
405
426
425
408
413
416
410
412
389
431
407
411
391
429
429
400
396
411
407
427
412
425
414
417
406
423
427
399
412
414
405
401
406
425
428
406
404
425
405
408
413
426
424
416
407
422
409
400
419
422
409
400
417
405
426
417
408
414
417
414
400
410
406
407
390
411
424
413
408
422
414
409
411
416
424
408
400
423
414
410
424
424
410
412
409
435
412
414
413
427
414
408
403
444
413
422
424
423
420
425
416
422
420
409
414
425
418
429
411
429
412
428
428
437
425
430
411
421
419
404
414
426
453
420
419
430
433
448
417
422
434
415
419
445
425
423
413
488
433
434
424
432
432
414
418
418
418
421
419
427
417
410
415
424
416
433
411
433
434
445
426
439
434
427
436
438
438
432
450
431
439
429
434
437
434
436
437
455
451
433
445
459
441
443
425
435
449
435
439
450
449
444
427
450
436
439
426
439
424
456
431
446
446
448
427
442
432
434
428
447
450
452
428
431
431
436
430
454
421
417
430
429
436
432
412
446
437
443
427
432
418
438
434
452
435
448
442
462
437
454
417
429
429
436
442
442
450
450
442
438
452
457
439
475
446
436
455
476
448
445
437
445
447
457
453
446
440
451
450
457
453
456
448
464
450
446
443
453
444
451
433
460
444
445
437
446
441
448
441
461
444
437
454
472
466
458
477
458
462
460
453
467
469
484
464
471
465
470
468
480
471
475
480
462
475
478
477
483
486
486
466
482
489
474
461
491
482
473
486
478
479
477
466
472
480
472
468
470
476
478
469
454
478
465
462
481
468
475
466
475
475
481
464
476
477
481
486
474
481
479
459
474
473
463
456
480
480
484
476
500
494
481
478
488
489
503
507
504
504
528
510
515
511
517
495
523
521
533
515
532
523
531
515
535
529
507
534
544
521
509
542
521
521
522
523
516
538
519
527
536
518
531
523
502
500
512
498
503
505
506
483
494
477
500
483
494
480
495
483
484
482
496
492
500
481
496
497
487
484
496
498
495
495
524
499
507
483
505
494
510
497
503
511
503
498
489
508
502
506
499
496
483
489
490
501
480
488
496
480
494
476
491
491
499
502
497
510
492
492
508
499
507
499
496
499
498
483
497
498
484
483
484
497
476
486
480
485
496
486
480
489
476
472
501
484
489
485
482
485
491
497
479
492
492
489
513
501
485
505
501
487
486
489
494
493
489
494
499
503
515
501
517
511
517
506
497
507
515
536
522
503
512
507
509
506
520
507
503
500
493
498
491
495
495
490
479
481
504
476
486
492
485
495
487
493
518
490
491
503
487
498
500
502
501
493
498
472
488
490
474
495
494
488
489
477
500
481
497
498
502
490
515
514
508
500
507
511
507
500
510
498
505
507
500
522
516
516
496
512
510
500
539
521
524
511
512
529
545
542
535
536
526
522
528
525
535
530
529
534
506
532
520
515
521
543
537
527
534
532
524
533
518
525
520
531
530
532
534
527
550
521
550
542
539
551
548
549
540
533
535
543
540
532
532
517
516
525
530
534
533
528
523
511
526
526
530
517
538
509
521
528
531
528
512
526
531
523
539
518
523
507
517
523
520
514
534
521
534
516
522
520
523
517
535
516
521
528
527
532
535
527
526
529
517
512
523
522
522
518
532
520
525
523
511
516
533
552
513
516
517
521
524
544
516
509
519
512
521
515
510
517
531
506
527
494
513
503
495
523
502
489
498
489
503
482
474
485
480
486
487
485
495
474
488
493
489
481
485
499
510
488
504
509
499
485
510
515
498
509
505
530
525
508
529
510
541
496
525
517
513
523
492
517
511
504
511
521
509
510
517
509
510
506
505
511
510
512
515
505
520
505
528
506
496
498
528
513
524
526
522
541
519
540
527
545
554
523
538
526
531
520
544
528
519
517
515
517
527
517
531
508
516
525
518
520
513
510
520
525
517
511
523
519
519
518
518
528
534
530
530
529
541
531
551
539
556
529
538
541
527
544
545
539
548
517
531
556
538
528
536
520
529
514
522
522
534
519
525
540
515
523
534
539
524
528
549
559
544
535
567
546
545
547
551
579
565
547
563
563
569
566
587
580
591
556
582
565
570
563
559
561
559
557
566
563
547
543
554
566
554
546
549
553
550
536
544
543
539
543
551
541
557
553
550
548
542
557
548
558
557
537
543
558
570
573
549
534
544
533
543
529
514
534
533
530
520
511
523
520
545
522
593
527
544
532
548
553
567
541
552
561
553
553
555
560
548
554
539
558
539
536
556
553
548
547
555
550
550
547
559
555
573
546
563
573
546
547
561
561
570
552
577
567
550
590
559
557
547
548
550
571
557
556
551
568
543
537
556
555
561
547
553
550
547
549
540
551
563
535
560
545
539
547
551
549
546
537
565
543
533
531
548
544
542
534
539
527
519
552
543
543
524
525
535
528
512
516
528
524
523
499
518
510
518
510
501
487
494
508
519
507
522
499
509
518
514
508
524
533
514
531
517
522
524
512
540
531
526
508
518
518
505
516
517
505
494
496
501
509
492
477
504
500
492
482
504
499
504
485
519
510
496
507
523
534
504
509
531
529
538
516
539
576
527
540
554
555
544
556
580
557
564
552
558
566
572
572
579
589
562
564
581
579
585
565
568
573
551
567
574
548
554
542
578
554
539
543
558
573
544
552
563
548
531
531
556
535
534
548
551
544
534
531
555
559
539
555
565
557
552
548
560
565
547
536
552
553
535
548
558
564
561
549
565
550
549
562
565
590
562
575
596
611
597
585
603
614
609
590
601
603
587
591
604
612
585
576
582
582
572
589
587
579
575
567
575
580
569
556
574
574
564
574
587
612
570
579
610
588
588
594
593
597
565
577
588
601
584
567
598
596
576
570
582
589
559
573
576
564
573
556
580
573
558
561
592
567
573
553
577
586
573
578
585
588
609
566
587
596
569
576
593
600
579
579
603
588
578
571
615
602
586
598
608
594
602
590
625
597
584
585
602
595
587
571
599
585
592
582
580
585
582
586
602
610
565
572
599
597
589
587
596
599
576
564
592
592
575
586
588
596
581
569
610
580
571
559
595
568
554
557
572
569
550
546
580
580
574
546
559
553
532
548
559
571
564
548
561
559
569
566
579
572
545
558
570
583
569
562
580
589
558
577
601
609
568
573
592
597
572
569
597
588
591
560
600
587
587
574
621
594
592
588
589
601
588
584
584
606
576
577
597
579
551
577
589
585
541
539
554
571
542
548
582
564
561
544
575
574
580
558
578
568
603
568
603
585
578
592
608
602
582
575
598
610
578
565
593
587
571
560
576
567
574
545
578
565
557
565
573
568
552
547
580
586
553
565
580
601
568
575
622
609
583
591
590
594
568
568
580
596
563
554
560
566
542
533
564
545
528
527
544
542
528
532
544
549
527
530
557
540
542
569
586
580
575
562
579
590
560
549
587
597
569
552
576
568
527
540
547
551
521
520
576
561
545
544
589
646
564
571
597
586
591
598
615
628
603
618
630
640
598
611
625
619
614
615
626
614
582
595
603
606
573
580
589
583
588
562
584
597
569
560
591
601
552
557
584
592
560
568
604
603
569
580
595
584
585
565
599
614
587
600
611
619
606
593
618
634
611
597
638
632
609
613
632
648
610
609
640
643
611
624
658
645
627
611
635
638
621
626
625
625
613
608
609
609
604
589
610
618
578
567
597
613
568
593
601
573
565
568
602
595
560
549
583
583
552
545
579
565
542
533
576
552
549
550
546
555
553
532
573
561
524
589
577
582
550
561
570
595
552
564
590
571
571
572
598
609
554
572
614
582
563
576
597
566
564
558
569
580
543
559
571
580
534
528
564
557
524
527
552
547
531
522
543
550
514
522
553
537
512
510
563
517
503
501
530
524
501
490
515
530
503
490
516
522
506
479
526
520
499
517
532
524
494
478
509
507
485
481
516
510
489
487
518
510
482
488
508
492
490
483
506
515
496
489
517
505
492
481
523
523
509
515
539
524
506
523
541
531
532
538
559
549
536
537
571
561
549
530
570
568
548
540
565
562
526
533
569
552
546
538
555
565
531
543
556
559
523
523
562
541
527
531
567
533
519
506
569
540
518
529
535
547
535
525
570
546
546
529
558
581
537
582
566
583
544
550
557
584
543
554
558
565
532
515
565
545
529
536
566
566
548
530
551
570
532
529
550
566
544
552
565
581
543
534
547
566
549
548
559
563
533
529
544
551
535
528
562
558
534
526
549
546
528
536
553
558
549
546
559
561
536
538
568
613
551
562
568
573
566
562
583
588
556
584
594
583
590
584
586
590
578
577
588
592
573
563
591
588
575
560
577
594
564
559
564
566
554
548
565
580
569
560
572
583
562
557
573
586
579
562
574
591
570
568
602
641
575
576
603
597
594
579
618
599
604
573
600
603
586
563
569
585
544
555
583
553
542
535
562
561
538
549
567
549
549
526
573
540
530
561
527
546
520
518
554
513
509
510
522
510
491
479
491
499
466
474
491
475
459
447
464
477
442
439
458
466
456
490
467
471
466
478
479
488
477
474
495
496
478
479
501
499
484
494
509
512
513
499
510
510
503
523
522
523
502
516
518
525
525
509
538
541
525
533
545
528
528
526
533
537
512
521
533
549
510
524
527
529
522
519
533
538
513
514
533
555
519
539
540
510
500
488
523
506
491
490
514
495
484
475
489
471
478
474
471
466
455
469
457
461
448
455
460
473
450
459
486
468
456
466
498
497
475
471
525
512
496
492
513
510
512
504
523
526
532
512
527
558
517
519
525
550
517
532
548
538
546
534
552
554
528
521
565
560
528
521
552
575
539
539
563
570
533
549
578
571
551
540
572
563
540
527
538
567
535
521
551
562
527
538
549
547
552
545
565
542
541
536
566
559
548
536
561
552
562
543
561
548
532
547
537
552
560
563
565
546
556
545
556
559
531
546
571
556
555
556
561
583
554
560
568
558
580
564
563
565
568
565
565
571
563
570
555
576
559
570
564
587
555
542
578
599
560
561
566
581
563
540
575
559
552
582
580
587
564
549
562
575
560
546
549
556
562
552
566
564
530
546
547
558
536
519
537
563
526
530
548
562
555
541
552
541
543
529
556
554
551
531
567
572
544
521
555
547
538
517
551
545
515
515
563
545
539
519
529
536
510
529
542
529
516
507
529
536
525
509
524
552
534
529
584
532
528
511
537
526
515
515
530
531
511
510
525
547
511
510
516
526
512
503
517
512
504
499
533
512
489
495
492
504
510
483
538
509
499
505
510
515
490
490
509
516
495
505
512
510
488
495
509
505
502
490
510
492
495
486
503
550
483
479
507
500
500
503
512
497
488
478
496
507
474
483
493
528
489
512
486
510
493
495
505
509
498
483
502
511
480
493
513
514
480
498
508
530
479
487
498
522
494
480
501
500
493
472
486
500
491
496
489
500
486
480
496
490
483
469
480
502
453
479
472
475
468
452
490
487
458
444
479
474
463
466
475
476
465
464
487
481
477
482
487
490
485
461
472
477
481
472
486
497
454
458
482
507
475
465
480
503
476
480
486
493
466
486
493
500
493
463
477
506
469
481
486
485
465
463
497
487
462
468
486
498
462
464
479
501
484
468
496
494
460
465
493
493
477
480
498
484
470
465
477
484
476
459
469
465
457
467
484
477
471
460
470
472
457
464
486
489
456
464
508
485
462
482
495
492
465
453
480
476
454
479
486
475
449
476
473
484
457
468
476
478
457
465
483
486
455
486
479
471
469
449
473
483
468
458
468
470
454
455
491
483
449
459
490
463
456
470
462
470
455
469
462
499
470
474
477
471
458
465
460
473
453
472
482
472
485
451
473
463
465
464
516
481
441
451
473
474
472
460
465
482
449
448
490
471
469
453
453
465
447
433
319
320
319
319
319
321
320
320
475
461
320
320
320
0
0

