;UFOS3
;Measurement details: channel = Z-D, date = 01.06.2018, time = 02:34:59
Exposure=1113
Gain=0
Temperature=9.1
Accummulate=4
5.461 mu
5.734 amas
9.538 hs
308 ozone
0 uva
0 uvb
0 uve
[Value]
0
0
0
-1
1
0
-1
1
-2
-3
-3
-3
0
-4
-3
-1
-3
-4
-2
-1
0
-3
0
-1
-2
0
1
0
0
-1
-1
0
3
-1
2
-3
-1
-2
1
-2
0
0
-2
-1
2
-2
-1
-2
0
3
0
1
-3
-2
-3
-1
-1
1
0
1
-1
-1
-2
0
1
3
1
-1
-1
-1
-4
0
1
0
0
0
2
-2
1
-1
0
1
0
0
0
0
-2
-1
-1
-1
-2
-1
1
0
-1
1
2
-1
2
1
0
2
1
0
-1
-3
1
0
0
-4
-2
-1
0
-1
3
1
-2
0
-1
-2
1
-2
4
1
0
0
0
3
0
-2
0
-2
0
-1
3
-1
0
-2
-2
0
-3
0
0
-4
1
-1
1
-2
0
1
1
0
1
0
-1
0
2
-2
1
-2
-1
-1
1
0
1
3
2
-3
-2
-2
-1
-4
1
0
-3
1
-1
2
2
-2
-1
2
-2
0
1
1
-2
-1
2
0
1
-2
1
-1
1
0
2
2
1
-1
-1
2
-2
3
1
-3
0
-2
1
-2
0
-4
-1
-1
2
0
-1
-2
2
1
-1
1
1
0
1
0
-3
-3
2
-2
-1
1
1
2
3
-1
2
-1
-1
1
2
-2
3
0
-1
1
-1
0
0
1
0
-1
0
1
-2
0
1
0
1
1
2
0
2
-3
1
1
1
1
1
3
0
-2
2
-1
1
-1
-2
2
-1
0
0
2
3
3
-2
-1
-1
0
0
-1
0
2
4
-1
3
1
4
3
-2
1
2
-1
-1
1
-1
1
0
-1
2
2
2
4
1
1
0
0
2
-1
-3
1
4
-1
1
0
1
-3
1
3
0
1
3
0
-1
1
1
0
0
-3
1
-1
0
-1
1
-2
0
2
0
-1
3
0
2
5
0
0
-1
0
0
1
1
1
2
-1
1
0
1
-1
3
1
0
-2
1
0
-2
1
4
1
0
1
0
2
0
1
0
2
0
0
1
-1
0
-1
-1
1
-1
0
-1
0
0
0
1
2
0
1
1
3
3
3
3
0
2
3
1
-2
3
-1
4
2
-2
1
0
0
3
0
3
1
2
-1
-1
1
4
1
0
0
0
1
2
0
3
0
4
0
2
0
1
0
1
3
3
1
3
0
3
-3
2
0
0
1
2
3
2
3
4
0
2
1
1
-1
5
0
1
0
3
0
4
1
1
0
3
-1
3
0
1
4
3
0
1
-1
2
2
2
1
1
-1
1
2
4
1
0
2
3
2
0
0
2
3
1
4
0
1
3
2
3
2
1
3
3
0
1
0
4
2
2
1
2
1
3
2
3
-1
6
-1
4
2
2
0
2
2
2
1
4
4
-1
1
4
1
2
3
2
0
6
2
1
4
3
0
5
0
2
3
2
1
1
1
4
1
3
2
3
3
4
4
3
0
2
3
2
2
1
0
3
4
1
-1
2
0
7
2
2
4
3
1
4
1
5
3
3
-1
3
0
2
2
3
2
2
2
4
-3
5
0
3
2
3
1
1
2
3
4
3
3
1
2
1
0
3
2
4
0
2
2
0
5
5
4
4
2
1
4
4
0
3
4
3
1
3
0
0
1
3
3
4
4
4
2
5
2
0
2
1
0
5
3
5
4
4
3
5
2
1
3
2
0
3
1
3
2
2
1
3
2
3
1
2
1
5
4
3
0
3
2
1
1
4
4
3
4
5
5
5
1
7
2
4
3
4
0
3
1
5
3
2
3
4
2
6
3
5
2
1
3
5
1
3
1
7
4
0
4
3
2
3
5
5
1
3
3
5
3
5
4
2
2
1
3
3
3
4
3
6
2
2
5
7
3
4
3
6
6
2
2
7
5
2
5
2
1
3
2
5
2
4
4
6
5
2
3
4
5
4
2
6
6
3
5
7
5
4
4
5
5
4
5
4
5
3
5
4
4
2
7
3
5
7
3
4
5
7
5
4
4
7
5
7
2
6
4
3
3
5
5
7
3
6
4
5
5
7
7
3
5
10
2
4
5
6
4
3
9
8
5
7
6
5
5
4
7
6
6
6
4
7
8
5
8
8
7
7
8
7
8
7
7
8
5
7
7
8
5
7
7
5
9
8
6
9
7
9
7
7
7
8
9
8
7
10
8
7
7
10
6
9
9
10
8
9
10
10
9
11
11
11
9
11
7
12
9
10
12
11
11
11
9
11
8
12
10
14
11
8
11
13
10
13
14
14
9
12
11
14
11
13
14
14
12
12
12
12
14
15
15
15
14
16
19
18
17
18
15
16
16
19
17
17
19
20
18
19
20
20
21
18
17
20
17
22
18
20
20
18
19
21
19
21
19
23
20
21
19
22
20
22
18
20
19
19
20
23
23
24
21
19
19
25
22
23
27
23
23
26
23
26
28
28
27
24
30
27
30
31
30
30
31
31
30
34
33
36
33
35
35
39
39
40
37
42
42
43
45
44
45
46
50
50
56
56
55
56
55
57
62
59
62
61
62
68
63
67
69
69
67
69
67
72
72
74
71
76
76
74
76
77
76
77
75
81
82
82
82
87
84
89
87
88
93
94
91
98
97
100
102
102
100
105
106
110
110
116
113
115
113
119
116
118
115
116
116
117
117
118
113
118
119
122
118
122
120
121
124
128
130
131
131
136
137
139
143
149
150
147
150
151
152
150
155
153
157
154
163
160
157
165
173
171
170
175
179
182
186
194
197
200
202
207
204
211
204
208
204
204
199
198
193
188
186
184
175
175
175
170
167
164
164
168
167
167
172
174
179
183
183
190
196
204
211
217
220
238
237
241
251
259
256
262
266
268
272
273
281
281
284
292
289
299
299
302
301
309
311
308
310
310
319
314
317
315
308
315
302
300
293
296
280
285
281
281
282
290
286
296
295
306
304
309
315
328
333
343
356
367
386
400
410
428
439
454
461
474
469
480
476
477
479
485
479
483
468
463
468
465
453
453
450
449
444
441
441
436
443
445
450
460
459
462
478
487
489
500
511
525
539
551
563
578
593
604
618
637
645
671
676
693
703
711
718
723
719
722
716
717
706
700
690
682
676
669
660
654
648
646
641
650
637
654
656
659
659
670
672
684
682
691
688
689
690
695
688
692
685
688
676
668
656
651
631
618
594
587
565
559
551
542
543
538
536
539
542
555
557
568
569
581
582
591
598
620
625
648
653
668
680
690
698
726
737
755
758
783
781
794
806
819
819
838
839
848
853
861
864
864
855
858
849
859
851
841
827
829
813
816
805
797
784
780
776
768
770
774
770
767
765
766
765
774
764
771
778
777
784
795
809
824
837
860
870
891
902
935
954
977
996
1013
1029
1049
1065
1082
1091
1099
1118
1110
1119
1120
1124
1141
1151
1165
1174
1180
1193
1211
1202
1220
1226
1233
1244
1258
1261
1268
1276
1275
1280
1280
1275
1271
1260
1264
1256
1246
1231
1223
1211
1206
1197
1201
1182
1185
1181
1190
1187
1198
1202
1198
1207
1209
1197
1193
1196
1211
1191
1208
1207
1222
1232
1245
1243
1251
1259
1269
1285
1295
1310
1345
1367
1383
1424
1449
1472
1499
1523
1541
1559
1611
1642
1678
1700
1736
1758
1783
1808
1834
1842
1856
1874
1868
1852
1852
1839
1829
1814
1809
1810
1814
1800
1803
1791
1796
1780
1792
1771
1778
1750
1751
1728
1711
1676
1680
1655
1638
1599
1585
1541
1525
1493
1477
1450
1435
1440
1428
1419
1408
1379
1361
1338
1317
1296
1284
1266
1267
1265
1262
1260
1273
1280
1291
1305
1335
1359
1384
1410
1435
1458
1496
1515
1529
1533
1530
1536
1541
1527
1535
1518
1517
1508
1517
1510
1503
1482
1488
1474
1472
1470
1470
1455
1454
1456
1459
1468
1478
1481
1486
1483
1480
1483
1487
1470
1462
1441
1429
1408
1396
1379
1359
1350
1348
1340
1330
1312
1319
1295
1299
1292
1290
1274
1284
1272
1288
1301
1310
1327
1354
1378
1402
1433
1444
1458
1474
1490
1502
1513
1514
1512
1498
1504
1500
1511
1518
1529
1540
1535
1546
1546
1553
1555
1572
1574
1585
1597
1614
1629
1653
1650
1660
1666
1664
1669
1661
1623
1620
1582
1559
1517
1480
1451
1427
1414
1401
1388
1383
1369
1375
1372
1379
1381
1388
1391
1400
1409
1432
1445
1463
1467
1481
1485
1496
1487
1485
1458
1455
1426
1394
1372
1358
1336
1325
1317
1338
1345
1371
1395
1420
1463
1504
1534
1553
1600
1621
1640
1654
1659
1680
1696
1708
1729
1745
1758
1764
1770
1768
1771
1775
1774
1776
1786
1801
1819
1834
1839
1856
1874
1904
1934
1954
1984
2001
1996
2006
2010
2003
1985
1974
1971
1927
1917
1892
1860
1846
1810
1803
1798
1814
1835
1853
1857
1863
1882
1903
1927
1954
1994
2032
2068
2107
2132
2139
2173
2184
2189
2192
2179
2167
2167
2145
2145
2127
2108
2082
2059
2044
2025
2013
1987
1964
1933
1932
1926
1933
1922
1918
1904
1895
1882
1880
1855
1850
1826
1814
1798
1790
1791
1798
1785
1773
1767
1784
1783
1780
1788
1801
1800
1818
1832
1838
1850
1861
1873
1885
1899
1890
1890
1890
1894
1890
1885
1878
1865
1858
1849
1833
1817
1809
1803
1797
1806
1808
1806
1833
1827
1834
1828
1824
1824
1798
1800
1808
1799
1810
1809
1805
1803
1808
1775
1765
1753
1720
1694
1677
1649
1622
1579
1547
1520
1466
1436
1411
1378
1339
1288
1273
1259
1241
1218
1212
1203
1200
1201
1201
1215
1235
1252
1289
1321
1361
1397
1447
1470
1513
1548
1560
1574
1592
1617
1631
1644
1676
1693
1708
1714
1744
1730
1743
1738
1742
1744
1739
1727
1718
1697
1680
1667
1659
1651
1658
1633
1643
1621
1613
1601
1613
1612
1607
1606
1612
1620
1618
1634
1653
1663
1683
1709
1725
1746
1782
1802
1812
1833
1853
1854
1847
1847
1854
1851
1843
1842
1843
1836
1831
1806
1792
1762
1750
1742
1737
1727
1724
1730
1715
1717
1717
1715
1735
1735
1739
1736
1756
1749
1750
1752
1763
1768
1778
1783
1787
1806
1811
1818
1834
1840
1850
1853
1872
1862
1862
1855
1847
1848
1849
1852
1856
1851
1857
1853
1868
1880
1887
1882
1880
1860
1841
1810
1806
1785
1785
1790
1817
1822
1857
1862
1894
1902
1929
1961
1984
2009
2039
2075
2104
2138
2158
2202
2223
2248
2274
2298
2328
2327
2333
2322
2328
2304
2284
2262
2241
2219
2218
2204
2207
2176
2172
2145
2144
2109
2093
2072
2058
2053
2047
2039
2043
2036
2028
2056
2066
2063
2095
2106
2109
2115
2148
2152
2159
2175
2189
2190
2201
2185
2173
2135
2088
2046
1996
1939
1887
1842
1801
1785
1770
1765
1771
1770
1789
1790
1813
1834
1858
1873
1898
1887
1907
1919
1940
1965
1993
2013
2042
2047
2074
2067
2074
2063
2053
2040
2033
2025
2006
2016
2009
2012
2016
2017
2028
2024
2034
2047
2047
2054
2063
2083
2104
2105
2119
2130
2155
2175
2172
2167
2160
2144
2128
2112
2117
2094
2102
2091
2074
2051
2042
2005
1991
1967
1948
1941
1924
1910
1899
1885
1872
1858
1847
1847
1832
1820
1794
1784
1754
1718
1719
1694
1681
1668
1672
1677
1695
1704
1723
1748
1748
1742
1739
1729
1724
1708
1705
1700
1694
1679
1672
1660
1648
1630
1605
1560
1535
1506
1478
1440
1419
1395
1380
1379
1382
1385
1407
1415
1421
1425
1426
1435
1428
1422
1422
1427
1436
1442
1445
1459
1452
1450
1434
1430
1401
1384
1383
1384
1377
1357
1348
1334
1311
1280
1252
1228
1200
1176
1173
1172
1176
1166
1180
1188
1206
1235
1259
1276
1326
1343
1381
1411
1442
1470
1509
1557
1598
1646
1681
1725
1770
1832
1879
1906
1931
1965
1988
2011
2025
2043
2041
2050
2072
2072
2086
2087
2092
2065
2067
2054
2049
2025
2008
1984
1969
1938
1926
1905
1886
1864
1849
1813
1763
1743
1707
1684
1671
1666
1670
1677
1685
1692
1705
1703
1716
1735
1755
1763
1786
1796
1814
1835
1870
1883
1897
1905
1894
1863
1856
1844
1832
1803
1792
1778
1772
1780
1799
1790
1793
1793
1787
1784
1795
1818
1846
1900
1941
1981
2043
2086
2133
2181
2225
2257
2290
2290
2278
2268
2239
2214
2184
2170
2140
2119
2098
2069
2036
2007
1980
1952
1932
1917
1911
1906
1899
1908
1928
1957
1984
2024
2077
2119
2152
2173
2199
2201
2231
2214
2221
2199
2174
2134
2105
2071
2051
2016
1986
1957
1924
1886
1855
1838
1817
1789
1793
1779
1783
1776
1799
1812
1824
1851
1869
1895
1901
1926
1946
1957
1985
2003
2041
2061
2094
2108
2135
2165
2176
2199
2217
2233
2257
2268
2278
2276
2292
2297
2305
2304
2292
2276
2280
2257
2272
2254
2252
2255
2237
2232
2207
2211
2193
2168
2151
2142
2127
2117
2095
2066
2057
2043
2034
2015
2004
1998
1993
1968
1964
1952
1956
1950
1962
1959
1956
1946
1962
1948
1958
1941
1945
1933
1927
1904
1894
1885
1885
1871
1863
1858
1858
1845
1827
1826
1827
1801
1801
1789
1787
1768
1759
1748
1746
1734
1733
1734
1733
1751
1752
1753
1779
1794
1806
1832
1832
1856
1894
1908
1932
1951
1975
1989
2028
2030
2052
2055
2076
2082
2085
2076
2063
2057
2039
2004
1986
1959
1935
1913
1919
1914
1915
1899
1892
1883
1879
1875
1857
1853
1849
1834
1817
1812
1773
1736
1726
1720
1719
1701
1694
1693
1698
1701
1725
1749
1779
1811
1837
1894
1933
1951
1978
1998
2026
2049
2091
2119
2134
2120
2115
2098
2087
2060
2050
2021
1990
1955
1929
1894
1864
1828
1802
1786
1772
1756
1761
1749
1758
1731
1724
1703
1695
1704
1693
1695
1681
1669
1670
1660
1674
1689
1717
1733
1760
1774
1796
1802
1801
1781
1766
1748
1715
1696
1665
1639
1599
1554
1518
1474
1449
1438
1437
1447
1455
1457
1505
1549
1594
1628
1668
1723
1771
1802
1844
1868
1901
1907
1928
1926
1918
1908
1891
1856
1830
1773
1732
1690
1653
1621
1586
1557
1548
1548
1557
1565
1578
1592
1629
1646
1688
1740
1776
1817
1855
1870
1902
1933
1978
1991
2026
2037
2041
2047
2059
2058
2063
2039
2030
2003
1995
1977
1964
1954
1939
1916
1920
1931
1925
1906
1915
1921
1934
1946
1971
1979
1988
1985
1986
1988
1979
1996
2003
2023
2033
2027
2064
2067
2096
2114
2119
2132
2131
2143
2167
2172
2187
2204
2215
2228
2240
2254
2280
2300
2303
2310
2325
2346
2338
2347
2369
2351
2367
2369
2378
2389
2385
2365
2374
2359
2341
2333
2303
2278
2244
2205
2173
2140
2109
2063
2039
2008
1980
1933
1904
1873
1838
1810
1793
1774
1757
1725
1729
1710
1695
1676
1668
1665
1648
1622
1602
1595
1574
1557
1545
1524
1525
1518
1522
1517
1513
1542
1556
1568
1577
1587
1599
1620
1632
1651
1681
1699
1718
1727
1732
1747
1738
1734
1750
1745
1736
1750
1735
1708
1697
1676
1655
1631
1620
1600
1586
1582
1558
1544
1532
1518
1507
1499
1486
1469
1442
1426
1411
1375
1350
1332
1297
1282
1254
1237
1235
1217
1205
1202
1189
1182
1166
1151
1141
1106
1092
1066
1056
1040
1015
998
1001
1000
1000
988
985
975
967
950
946
936
926
917
924
923
924
920
919
921
922
915
920
918
915
903
905
895
888
887
889
896
892
898
912
929
938
959
989
1005
1019
1044
1072
1092
1109
1138
1161
1187
1213
1235
1276
1304
1323
1341
1359
1360
1375
1366
1380
1379
1384
1376
1375
1384
1383
1387
1386
1373
1355
1333
1316
1307
1301
1303
1311
1306
1294
1286
1278
1279
1270
1247
1229
1203
1176
1158
1177
1201
1217
1217
1222
1229
1233
1232
1254
1266
1281
1310
1353
1375
1390
1403
1424
1439
1449
1433
1444
1438
1409
1393
1381
1355
1344
1325
1302
1279
1275
1273
1289
1291
1299
1312
1318
1319
1330
1337
1353
1359
1374
1387
1388
1398
1397
1400
1410
1409
1390
1377
1384
1366
1359
1350
1344
1334
1333
1336
1334
1319
1315
1307
1298
1300
1293
1289
1289
1280
1296
1292
1305
1306
1326
1331
1353
1368
1377
1378
1395
1421
1451
1466
1492
1501
1523
1549
1556
1569
1582
1584
1597
1595
1597
1600
1613
1607
1619
1635
1638
1640
1628
1614
1601
1592
1601
1590
1582
1550
1542
1526
1514
1507
1507
1490
1486
1480
1461
1465
1472
1478
1507
1532
1557
1572
1576
1612
1632
1624
1642
1629
1654
1664
1676
1667
1657
1638
1638
1631
1626
1605
1575
1583
1568
1537
1520
1502
1476
1450
1429
1392
1376
1355
1337
1312
1308
1273
1251
1223
1200
1171
1152
1134
1115
1097
1070
1058
1031
1008
981
937
891
842
794
744
703
660
631
603
575
555
530
511
499
486
480
473
475
474
483
494
506
521
544
563
581
614
639
658
681
696
711
723
741
758
779
801
822
843
865
889
911
928
949
953
978
982
993
1002
1015
1032
1050
1055
1076
1085
1100
1117
1123
1122
1125
1129
1146
1145
1145
1148
1143
1141
1144
1134
1125
1115
1113
1105
1103
1092
1090
1090
1067
1050
1036
1011
998
966
952
930
915
880
862
807
782
747
706
665
633
600
578
551
543
524
518
497
491
485
473
468
472
474
481
489
513
520
542
560
596
620
643
673
707
738
771
796
842
871
899
920
958
986
1001
1034
1065
1070
1080
1088
1108
1115
1115
1110
1124
1116
1122
1113
1119
1125
1141
1149
1159
1158
1163
1158
1169
1160
1180
1202
1214
1214
1241
1232
1250
1269
1271
1283
1289
1282
1295
1296
1292
1297
1299
1297
1292
1285
1280
1279
1281
1281
1287
1282
1289
1289
1288
1292
1294
1301
1312
1314
1317
1321
1321
1315
1306
1289
1283
1274
1272
1273
1275
1289
1290
1287
1294
1303
1309
1299
1306
1307
1314
1315
1337
1340
1345
1351
1365
1372
1380
1377
1395
1384
1379
1377
1374
1359
1357
1368
1357
1359
1369
1363
1375
1361
1364
1360
1363
1358
1369
1356
1369
1349
1351
1343
1330
1336
1342
1350
1351
1355
1368
1349
1357
1347
1361
1349
1343
1335
1326
1320
1301
1285
1274
1270
1247
1224
1217
1184
1172
1156
1173
1184
1187
1189
1184
1189
1198
1216
1232
1221
1229
1218
1243
1235
1256
1240
1239
1248
1250
1245
1253
1221
1225
1197
1187
1158
1144
1124
1104
1106
1086
1077
1078
1068
1068
1059
1057
1058
1063
1058
1058
1060
1066
1077
1088
1087
1102
1104
1109
1100
1100
1080
1083
1064
1054
1039
1039
1024
1015
1001
1004
994
985
977
985
972
960
950
933
921
918
898
906
887
892
879
891
890
875
867
861
857
856
847
851
840
845
839
846
839
838
837
849
846
847
837
831
835
826
817
822
822
825
809
810
793
782
777
784
775
780
783
784
787
786
787
781
783
778
784
789
781
783
770
774
785
785
781
778
774
792
790
787
780
793
788
784
782
771
765
762
764
752
749
755
754
748
750
747
735
732
722
716
708
697
678
675
649
654
650
655
646
635
611
600
585
579
569
569
567
554
553
556
548
545
533
545
545
547
552
556
552
559
557
560
562
574
571
577
595
609
609
616
618
614
621
621
618
620
613
611
607
605
603
612
619
625
623
630
631
627
622
624
624
624
625
612
613
606
603
605
600
598
590
597
592
592
589
592
588
578
575
576
570
567
570
570
562
564
557
564
545
539
540
535
533
525
517
515
517
521
519
519
519
520
533
532
532
543
536
546
546
553
549
554
555
558
555
562
553
557
541
539
532
532
531
526
519
523
511
521
517
508
505
512
502
507
504
499
502
510
506
505
507
512
508
505
498
497
491
485
483
483
479
478
472
474
467
470
468
474
469
480
470
470
470
476
470
484
482
487
495
499
495
503
509
512
508
512
506
445
260
-3
0
-1
-2
-2
0
-3
-2
505
484
-3
-3
0
0
0

