;UFOS3
;Measurement details: channel = S, date = 01.06.2018, time = 02:45:47
Exposure=1386
Gain=0
Temperature=9.5
Accummulate=4
4.951 mu
5.142 amas
10.747 hs
0 ozone
0 uva
0 uvb
0 uve
[Value]
0
323
322
321
323
324
322
322
363
369
418
401
370
377
420
392
388
363
426
399
397
372
445
406
396
371
431
407
395
395
435
420
390
378
439
417
402
372
419
412
382
377
442
422
400
376
439
418
391
379
420
420
374
386
432
409
371
379
435
409
394
371
416
405
387
374
441
407
388
374
440
408
376
392
437
413
388
375
417
410
389
384
430
403
382
385
426
416
373
382
448
423
379
385
435
424
377
369
435
416
371
382
427
414
383
381
433
407
387
376
430
406
379
387
430
413
380
382
423
405
381
386
439
412
392
386
426
416
385
376
420
406
386
377
428
428
382
388
424
402
400
389
426
412
379
382
426
422
374
419
433
413
374
377
437
415
406
381
426
426
370
375
418
412
404
400
422
415
403
375
434
405
396
406
428
414
377
390
436
403
379
375
424
418
393
379
446
416
390
394
421
431
375
393
419
410
389
386
438
407
387
378
431
413
390
377
423
397
389
382
441
409
373
395
421
410
380
374
420
429
400
376
425
406
391
387
442
410
381
366
428
402
374
385
425
413
380
384
408
408
404
380
419
414
385
394
428
399
397
381
424
406
387
384
422
436
389
393
429
410
378
420
434
409
395
365
412
413
393
370
416
403
377
394
431
417
384
388
427
417
387
380
425
426
390
370
434
399
388
384
427
427
384
377
414
414
383
377
431
411
398
377
429
416
397
393
415
407
389
366
424
417
409
381
425
416
389
385
427
409
374
384
430
406
379
387
418
410
394
383
438
409
388
384
431
404
406
369
437
431
385
381
419
426
375
391
443
418
384
382
431
413
375
388
411
396
382
383
426
405
404
385
428
407
404
381
438
407
393
388
416
414
395
386
411
419
387
382
423
407
390
377
435
409
383
392
418
400
386
382
426
416
378
376
422
401
387
372
423
447
391
379
432
431
387
381
450
399
399
382
424
407
386
376
415
408
406
388
420
407
389
394
419
417
381
374
431
400
394
383
425
406
379
365
436
421
373
392
438
417
392
389
410
420
374
381
426
414
391
367
426
393
383
408
422
402
394
392
428
422
405
374
425
410
388
385
418
414
380
388
418
430
392
372
432
401
391
403
429
412
402
389
435
405
384
387
419
408
384
391
419
404
393
379
430
403
393
382
459
403
403
389
429
405
377
403
417
417
385
381
434
404
394
377
416
405
384
405
421
408
389
387
425
400
388
378
421
415
387
409
432
407
393
390
421
416
395
389
423
421
393
391
407
409
400
381
421
409
383
374
419
401
402
384
416
409
408
399
429
407
379
387
430
409
392
398
427
419
389
383
422
404
389
378
426
421
391
392
427
405
388
384
418
414
386
385
427
410
381
392
430
409
382
406
440
396
398
381
422
403
403
400
424
403
393
385
421
396
386
392
428
403
382
396
423
405
374
395
424
407
403
384
434
401
387
388
445
403
375
394
419
413
438
383
432
403
383
375
410
406
381
380
408
413
374
382
417
390
409
396
418
396
390
375
411
409
379
374
419
406
386
392
419
405
398
392
430
412
390
372
432
400
391
389
423
399
392
398
428
398
385
380
426
399
397
375
423
410
391
393
437
396
391
366
412
408
387
382
413
406
398
388
401
398
385
386
414
409
383
378
424
411
386
395
412
397
387
400
413
414
389
385
422
414
386
396
413
410
402
401
413
410
399
521
416
421
413
389
414
407
391
393
418
395
384
391
422
393
397
392
432
411
398
391
415
395
398
384
422
408
387
393
412
430
401
376
418
405
382
384
427
416
397
393
420
396
388
395
405
414
385
398
419
404
394
391
411
401
395
387
420
402
392
379
433
404
393
397
407
410
392
392
431
400
399
392
419
406
381
386
421
405
390
389
423
400
397
398
419
400
404
389
416
405
414
392
409
410
394
391
420
414
402
400
419
416
392
381
409
400
412
401
413
406
387
390
413
410
386
396
418
402
399
398
416
399
383
384
427
413
402
402
413
407
390
383
410
395
396
397
421
412
399
388
421
408
405
424
418
399
398
394
415
411
391
402
410
413
395
400
426
400
394
395
409
413
404
396
419
400
393
392
418
408
399
400
416
416
395
389
422
401
397
405
413
406
403
398
418
411
392
397
422
409
415
392
429
408
400
401
415
418
402
401
420
410
428
381
421
412
415
389
420
423
396
399
428
417
388
392
422
445
405
394
412
412
416
403
422
404
414
410
423
408
422
404
422
416
415
396
420
405
407
400
413
408
431
405
419
408
415
415
422
413
410
406
425
418
397
395
432
418
426
404
427
411
412
419
424
417
403
405
427
431
417
411
436
437
418
417
441
430
427
427
439
432
425
415
449
438
438
412
439
441
416
424
434
424
420
420
452
437
427
428
444
442
440
439
454
442
431
451
450
455
443
444
452
447
444
439
444
450
459
457
479
466
440
462
477
460
456
446
469
475
455
442
466
463
461
456
476
472
462
447
465
469
464
451
473
445
451
460
485
481
467
473
477
471
476
454
495
472
483
460
494
495
472
464
488
480
498
483
500
487
492
484
502
503
484
497
500
489
490
495
514
515
501
487
512
493
496
496
510
502
496
486
501
485
480
489
494
483
474
487
485
503
500
491
503
503
507
490
506
504
510
497
525
535
531
526
547
540
538
543
554
562
553
548
569
560
564
576
579
566
572
569
594
575
577
575
588
576
570
566
607
572
582
576
578
570
572
560
565
562
550
554
573
557
570
557
576
562
579
583
596
591
601
590
607
612
611
622
646
674
655
654
668
672
690
658
666
671
656
661
688
664
664
650
717
663
662
651
661
657
642
646
647
646
657
650
670
661
661
672
686
677
704
689
718
721
751
737
755
757
760
772
789
788
793
815
811
820
816
824
829
827
830
825
840
834
815
814
831
806
806
786
799
808
794
799
812
811
814
796
824
811
816
806
826
809
844
815
828
823
827
801
820
803
804
787
807
797
794
768
766
754
754
750
770
726
725
732
729
737
744
724
771
758
771
757
773
757
791
789
822
806
835
828
857
840
867
837
864
860
868
872
882
891
897
893
888
913
922
902
948
924
934
943
971
939
948
947
958
955
963
948
946
926
937
930
934
920
917
902
918
903
901
899
912
902
908
883
911
897
908
899
911
914
933
926
965
954
959
980
1014
1022
1036
1061
1060
1071
1089
1093
1125
1138
1176
1167
1180
1184
1193
1200
1218
1214
1232
1237
1223
1236
1231
1240
1249
1246
1250
1233
1252
1255
1253
1228
1253
1240
1234
1240
1241
1239
1238
1228
1231
1220
1213
1191
1198
1196
1198
1179
1162
1173
1160
1149
1176
1163
1170
1164
1177
1170
1191
1173
1184
1192
1198
1197
1195
1201
1205
1181
1199
1202
1196
1190
1218
1220
1233
1239
1281
1290
1296
1322
1352
1370
1411
1441
1465
1478
1532
1540
1569
1600
1620
1625
1676
1692
1714
1714
1752
1743
1766
1740
1773
1769
1765
1801
1814
1793
1787
1819
1778
1766
1765
1748
1736
1727
1719
1708
1696
1647
1641
1611
1583
1558
1555
1522
1511
1481
1468
1426
1422
1394
1400
1370
1372
1348
1362
1348
1346
1347
1368
1377
1396
1385
1399
1409
1410
1401
1426
1435
1451
1461
1505
1471
1488
1466
1493
1485
1509
1489
1484
1493
1473
1470
1459
1466
1446
1428
1411
1392
1368
1356
1360
1362
1345
1345
1358
1332
1358
1333
1364
1381
1414
1420
1430
1462
1449
1448
1476
1463
1465
1448
1432
1415
1407
1377
1379
1363
1338
1331
1336
1328
1303
1294
1289
1292
1302
1285
1274
1278
1266
1270
1308
1302
1324
1340
1348
1371
1393
1410
1409
1429
1445
1439
1479
1462
1445
1468
1458
1449
1457
1455
1472
1465
1473
1482
1487
1491
1504
1499
1514
1523
1536
1532
1542
1553
1578
1608
1607
1605
1618
1599
1597
1568
1557
1533
1494
1471
1438
1424
1403
1396
1392
1374
1361
1353
1380
1357
1364
1372
1368
1376
1379
1409
1443
1415
1429
1424
1420
1437
1431
1428
1414
1398
1388
1354
1360
1354
1333
1338
1347
1355
1367
1374
1421
1415
1460
1478
1513
1516
1557
1562
1564
1565
1577
1581
1600
1592
1620
1601
1630
1610
1613
1628
1628
1616
1601
1612
1617
1608
1667
1652
1669
1671
1693
1722
1765
1770
1789
1805
1805
1811
1821
1815
1831
1814
1810
1803
1775
1788
1766
1769
1761
1775
1775
1778
1783
1785
1781
1783
1779
1790
1808
1822
1837
1860
1882
1885
1936
1911
1943
1944
1942
1934
1942
1930
1911
1899
1895
1871
1849
1804
1803
1769
1763
1751
1751
1740
1743
1734
1730
1723
1751
1748
1764
1742
1766
1727
1727
1725
1723
1707
1689
1689
1692
1691
1699
1670
1675
1667
1672
1682
1679
1682
1709
1692
1715
1705
1729
1724
1739
1742
1757
1745
1737
1740
1737
1754
1750
1742
1739
1723
1711
1688
1704
1678
1691
1686
1707
1692
1700
1701
1708
1709
1728
1738
1700
1700
1703
1688
1699
1717
1700
1692
1700
1678
1682
1663
1645
1642
1641
1599
1611
1550
1552
1517
1492
1497
1467
1423
1422
1382
1372
1320
1310
1309
1293
1287
1280
1276
1291
1263
1291
1300
1312
1315
1342
1385
1421
1420
1462
1491
1499
1489
1530
1540
1518
1541
1542
1568
1576
1563
1605
1577
1628
1577
1608
1596
1606
1606
1574
1603
1594
1575
1589
1593
1584
1574
1582
1567
1567
1553
1559
1566
1569
1573
1575
1563
1586
1577
1606
1591
1603
1615
1656
1656
1688
1701
1718
1748
1758
1781
1772
1783
1796
1751
1776
1764
1774
1755
1765
1737
1722
1695
1679
1664
1665
1657
1666
1634
1643
1643
1638
1640
1639
1643
1672
1684
1682
1680
1715
1719
1731
1747
1759
1783
1790
1796
1812
1816
1840
1828
1863
1855
1883
1855
1865
1863
1842
1861
1855
1851
1850
1805
1827
1823
1794
1783
1795
1764
1768
1734
1717
1703
1710
1680
1684
1708
1686
1712
1743
1765
1784
1806
1839
1882
1890
1898
1952
1954
1976
1995
2022
2072
2083
2087
2141
2159
2186
2198
2236
2231
2240
2202
2207
2184
2181
2152
2130
2100
2085
2078
2066
2040
2015
1998
1992
1992
1974
1956
1938
1947
1943
1932
1936
1934
1937
1936
1965
1968
2000
2003
2006
2002
1977
1983
1978
1986
1989
1988
1994
2003
2013
1995
1959
1916
1905
1872
1849
1811
1779
1787
1777
1769
1763
1758
1786
1783
1815
1809
1875
1840
1873
1872
1909
1931
1989
1973
2000
2024
2036
2042
2042
2046
2025
2010
1994
2004
1982
1980
2014
2020
2029
2024
2047
2047
2061
2060
2072
2081
2086
2057
2080
2083
2057
2058
2077
2069
2087
2055
2105
2068
2038
2048
2026
2023
2027
1999
2006
2016
1987
1980
1987
1988
1970
1945
1966
1974
1958
1945
1952
1949
1957
1952
1962
1977
1987
1960
1977
1954
1938
1939
1939
1912
1911
1884
1913
1881
1870
1862
1891
1878
1881
1852
1845
1821
1797
1807
1781
1770
1747
1725
1734
1718
1681
1656
1653
1617
1580
1528
1536
1492
1488
1466
1453
1443
1456
1486
1514
1518
1539
1528
1548
1559
1581
1571
1625
1642
1638
1673
1681
1687
1694
1668
1688
1667
1643
1603
1605
1585
1570
1559
1554
1520
1492
1463
1459
1441
1402
1372
1391
1388
1371
1353
1379
1370
1393
1394
1450
1467
1481
1511
1566
1596
1601
1627
1694
1720
1766
1778
1843
1910
1908
1943
1999
2023
2032
2058
2110
2100
2138
2125
2152
2173
2205
2201
2223
2229
2215
2217
2230
2232
2225
2193
2186
2165
2133
2133
2127
2107
2109
2075
2093
2042
2001
1984
1977
1950
1916
1913
1918
1912
1901
1887
1910
1904
1901
1912
1928
1931
1933
1930
1975
1985
1979
2006
2037
2027
2013
2002
2012
1983
1947
1931
1945
1922
1916
1951
1971
1989
1990
1976
2010
2006
2013
2037
2084
2138
2155
2223
2297
2345
2399
2407
2464
2490
2502
2471
2486
2464
2421
2393
2398
2374
2337
2306
2295
2268
2244
2226
2198
2168
2144
2114
2107
2106
2101
2074
2123
2132
2158
2183
2244
2299
2292
2319
2374
2363
2365
2379
2393
2395
2353
2339
2359
2350
2332
2311
2336
2324
2285
2240
2234
2231
2179
2183
2169
2148
2160
2133
2159
2151
2160
2166
2212
2203
2228
2221
2253
2254
2238
2231
2245
2252
2273
2246
2292
2310
2303
2323
2345
2363
2358
2362
2403
2390
2390
2400
2448
2455
2460
2470
2485
2467
2482
2457
2489
2441
2408
2405
2417
2397
2385
2356
2370
2346
2327
2299
2301
2301
2296
2306
2329
2338
2317
2313
2342
2328
2328
2323
2357
2350
2328
2318
2351
2340
2320
2328
2333
2330
2305
2262
2285
2247
2224
2185
2210
2157
2126
2113
2115
2089
2058
2043
2074
2054
2037
2017
2013
2002
1985
1985
2013
2009
2017
2003
2022
2032
2061
2068
2097
2107
2102
2119
2156
2172
2175
2184
2223
2239
2226
2252
2297
2308
2297
2295
2321
2321
2305
2308
2331
2318
2338
2294
2325
2325
2344
2336
2403
2378
2385
2384
2383
2383
2367
2345
2338
2347
2299
2287
2278
2234
2182
2166
2152
2127
2074
2058
2057
2066
2024
2023
2052
2039
2038
2031
2097
2118
2154
2148
2201
2208
2288
2291
2351
2374
2401
2442
2473
2473
2425
2398
2401
2381
2331
2275
2266
2222
2169
2119
2112
2069
2059
2032
2061
2066
2063
2065
2073
2061
2043
2057
2133
2172
2171
2206
2249
2296
2293
2320
2370
2370
2345
2335
2327
2313
2258
2234
2218
2195
2122
2085
2074
2040
1979
1920
1905
1845
1797
1756
1764
1742
1711
1715
1734
1739
1743
1770
1832
1860
1919
1975
2044
2086
2112
2122
2156
2167
2129
2130
2149
2137
2067
2004
1989
1920
1837
1826
1821
1825
1799
1806
1888
1903
1925
1961
2052
2147
2144
2207
2299
2352
2421
2469
2530
2576
2575
2597
2624
2639
2591
2587
2608
2575
2546
2536
2507
2476
2404
2390
2360
2331
2259
2236
2238
2202
2207
2194
2217
2214
2198
2182
2204
2218
2174
2173
2216
2235
2206
2206
2281
2277
2275
2312
2328
2331
2359
2351
2413
2450
2442
2462
2520
2548
2550
2538
2571
2591
2589
2604
2654
2668
2668
2676
2727
2729
2715
2708
2750
2763
2755
2757
2818
2822
2802
2771
2771
2744
2712
2671
2674
2643
2598
2567
2544
2496
2458
2417
2412
2384
2336
2297
2305
2290
2225
2216
2208
2163
2149
2136
2172
2144
2120
2079
2097
2087
2036
2007
2026
1979
1951
1918
1942
1919
1911
1912
1910
1928
1943
1941
1987
2004
1996
2045
2075
2091
2092
2101
2144
2181
2153
2165
2204
2204
2206
2208
2240
2261
2208
2217
2262
2217
2207
2191
2205
2161
2139
2117
2111
2097
2027
2008
1996
1988
1927
1899
1921
1898
1845
1816
1826
1782
1733
1693
1700
1693
1646
1650
1678
1643
1614
1600
1635
1588
1566
1536
1549
1520
1481
1446
1475
1483
1459
1427
1468
1471
1459
1423
1475
1448
1416
1412
1432
1409
1370
1353
1381
1380
1346
1341
1384
1372
1358
1356
1393
1372
1337
1338
1353
1333
1317
1308
1340
1345
1345
1350
1410
1407
1421
1438
1502
1527
1525
1560
1618
1623
1645
1682
1744
1763
1790
1829
1886
1890
1902
1920
1958
1943
1940
1926
1967
1962
1954
1940
1974
1964
1930
1929
1960
1937
1929
1904
1906
1912
1852
1857
1866
1852
1805
1789
1821
1772
1743
1716
1742
1703
1698
1683
1762
1741
1731
1757
1786
1810
1813
1829
1883
1865
1880
1875
1922
1966
1947
2013
2034
2051
2024
2013
2023
2019
1958
1950
1929
1896
1846
1808
1873
1891
1874
1868
1896
1901
1891
1870
1894
1900
1864
1865
1911
1945
1944
1953
1988
2014
1981
1961
1976
1973
1953
1933
1943
1941
1912
1891
1897
1880
1858
1846
1882
1869
1868
1853
1876
1857
1827
1829
1863
1878
1897
1917
1955
1970
1951
1964
2007
2065
2024
2054
2100
2124
2161
2149
2207
2222
2217
2262
2302
2291
2308
2304
2293
2307
2291
2282
2299
2292
2280
2266
2288
2264
2251
2225
2255
2240
2200
2160
2154
2140
2135
2118
2134
2139
2129
2134
2148
2157
2131
2130
2163
2177
2184
2181
2226
2255
2252
2290
2329
2382
2338
2348
2382
2372
2367
2356
2387
2342
2349
2309
2320
2301
2262
2207
2182
2145
2076
2050
2076
2017
2007
1991
2006
1981
1950
1944
1954
1908
1895
1843
1873
1824
1790
1785
1734
1718
1673
1636
1649
1573
1535
1499
1470
1410
1354
1292
1259
1219
1149
1114
1106
1053
1019
983
992
986
949
940
955
969
973
1014
1023
1039
1064
1097
1143
1183
1199
1215
1260
1264
1255
1265
1301
1322
1331
1360
1399
1436
1448
1465
1500
1520
1537
1571
1595
1606
1610
1646
1666
1684
1705
1701
1743
1763
1750
1766
1771
1760
1741
1712
1721
1720
1703
1716
1739
1749
1719
1730
1746
1738
1741
1736
1749
1728
1693
1675
1685
1683
1627
1614
1598
1552
1511
1480
1485
1436
1391
1364
1343
1294
1249
1199
1177
1128
1095
1070
1052
1024
991
991
978
975
964
963
972
981
975
998
1054
1056
1067
1110
1182
1208
1218
1237
1311
1322
1330
1346
1402
1431
1466
1493
1557
1597
1649
1658
1702
1740
1711
1724
1753
1795
1780
1797
1830
1825
1835
1827
1847
1855
1823
1820
1866
1862
1843
1845
1889
1920
1901
1902
1943
1960
1920
1954
1987
1981
1966
1956
1986
1967
1956
1922
1924
1934
1901
1867
1903
1914
1898
1901
1930
1917
1924
1912
1951
1926
1939
1940
1991
1989
1991
1975
2006
2008
2008
1989
2003
1983
1968
1993
1968
1989
1982
1991
2000
1966
1975
1967
1980
1975
1967
1973
2010
2006
2007
2015
2044
2068
2051
2056
2073
2068
2084
2068
2062
2045
2039
2021
2024
2046
2048
2061
2060
2076
2073
2077
2089
2097
2067
2047
2080
2101
2071
2066
2078
2080
2065
2058
2085
2063
2063
2086
2080
2079
2053
2016
2034
2028
2000
1991
1977
1967
1958
1935
1942
1920
1888
1880
1881
1872
1839
1820
1831
1837
1809
1806
1835
1863
1857
1866
1895
1884
1900
1889
1929
1943
1934
1930
1971
1968
1941
1904
1928
1883
1852
1795
1792
1750
1694
1692
1724
1708
1704
1681
1690
1698
1662
1692
1703
1676
1665
1648
1690
1695
1693
1676
1707
1732
1722
1715
1782
1707
1716
1686
1704
1678
1655
1645
1656
1645
1606
1607
1618
1626
1589
1579
1580
1580
1562
1533
1544
1519
1515
1496
1516
1490
1474
1466
1466
1466
1466
1436
1492
1451
1436
1446
1458
1463
1444
1431
1462
1455
1438
1458
1457
1452
1436
1439
1440
1435
1429
1413
1430
1397
1387
1367
1385
1386
1351
1327
1352
1350
1340
1337
1360
1335
1334
1317
1341
1335
1304
1309
1332
1364
1319
1324
1316
1334
1325
1332
1347
1352
1354
1342
1370
1378
1338
1350
1376
1376
1343
1347
1372
1386
1343
1346
1366
1384
1354
1329
1348
1338
1321
1286
1301
1308
1294
1265
1258
1255
1238
1224
1233
1209
1199
1176
1174
1181
1111
1113
1101
1094
1076
1049
1096
1087
1066
1050
1083
1080
1074
1078
1100
1097
1095
1089
1122
1107
1119
1131
1160
1165
1172
1139
1152
1154
1163
1157
1185
1194
1163
1166
1196
1213
1178
1161
1188
1213
1185
1179
1200
1197
1172
1184
1183
1179
1168
1131
1162
1184
1164
1167
1177
1173
1151
1155
1177
1167
1141
1131
1145
1142
1107
1107
1124
1149
1132
1122
1151
1149
1119
1112
1139
1130
1114
1108
1125
1096
1080
1072
1082
1088
1082
1058
1084
1083
1074
1079
1098
1090
1090
1078
1091
1095
1086
1101
1123
1121
1103
1101
1141
1109
1083
1100
1107
1099
1068
1049
1076
1071
1047
1065
1075
1073
1048
1065
1071
1068
1052
1055
1069
1073
1058
1060
1084
1083
1053
1084
1085
1064
1068
1040
1059
1058
1056
1035
1042
1036
1027
1026
1057
1050
1019
1024
1060
1035
1026
1043
1037
1048
1037
1040
1048
1074
1057
1064
1069
1069
1051
1048
1047
1064
1043
1057
1061
1044
1052
1022
1047
1026
1030
1016
1066
1025
991
988
1005
1002
998
984
985
999
961
949
995
975
973
949
946
932
867
689
320
321
322
321
321
322
321
321
1017
982
319
321
323
0
0

