;UFOS3
;Measurement details: channel = S-D, date = 01.06.2018, time = 02:56:15
Exposure=1283
Gain=0
Temperature=9.8
Accummulate=4
4.528 mu
4.671 amas
11.939 hs
0 ozone
117616 uva
570 uvb
108 uve
[Value]
0
0
-1
0
-2
1
1
2
-2
1
-2
2
0
0
-1
-1
-2
-1
0
-1
-2
2
2
2
1
3
3
2
1
0
2
1
2
-2
1
1
0
2
3
-1
2
2
3
1
2
0
0
1
6
1
3
3
3
0
1
4
0
4
1
2
1
2
3
1
2
2
2
0
1
0
2
3
3
0
2
0
2
2
3
2
2
1
2
0
2
1
6
3
4
4
5
3
4
2
0
-1
3
2
2
0
1
3
3
1
3
3
2
0
4
1
1
3
1
1
2
-1
4
3
2
2
3
1
2
2
2
1
3
2
2
1
1
2
3
6
3
1
3
3
3
3
2
2
0
4
5
4
3
2
0
-1
2
3
3
1
0
0
1
5
5
1
2
0
4
1
1
3
4
0
0
-2
2
2
3
3
2
0
1
4
2
1
0
1
3
1
2
4
4
1
3
2
0
-1
2
5
1
2
0
3
2
1
1
1
2
0
5
3
6
2
3
1
2
1
3
2
2
0
2
2
0
4
2
2
2
3
3
4
3
3
2
2
3
3
1
3
6
2
2
3
4
0
1
4
3
4
0
0
5
0
2
4
0
1
2
5
4
4
1
1
4
0
3
2
0
4
2
-2
-3
0
2
2
2
1
3
3
5
0
6
2
2
-1
1
2
3
2
4
3
2
1
2
1
3
2
2
2
2
2
2
0
1
1
2
4
5
-2
3
2
2
0
4
2
3
4
6
-2
0
1
2
2
5
-1
3
5
5
0
2
0
2
1
1
1
2
3
0
3
3
1
5
2
3
4
2
2
1
1
2
0
3
2
3
2
1
-1
4
0
5
1
3
0
3
3
2
4
2
2
2
2
4
3
1
3
3
1
2
6
1
2
2
4
1
2
4
4
0
1
4
0
3
1
2
3
0
3
0
0
-2
2
0
5
0
0
2
0
0
3
3
0
4
3
0
1
2
0
7
3
3
4
3
-2
1
3
1
1
1
2
2
-1
3
0
3
2
2
2
0
2
3
1
1
1
4
3
5
3
4
4
4
5
3
3
5
2
3
5
3
3
4
-1
4
0
5
4
7
2
1
4
0
3
1
2
2
4
2
0
3
3
3
4
2
1
2
3
4
4
1
2
2
-1
1
2
2
4
3
5
2
5
1
3
4
0
8
2
3
3
2
4
0
1
1
4
0
1
3
4
3
4
0
3
3
1
2
5
3
2
2
3
2
2
0
2
2
5
3
3
3
2
3
4
3
3
5
2
5
5
4
4
2
2
1
4
4
5
5
5
4
2
2
5
7
3
5
5
5
1
5
2
2
4
5
4
4
2
3
3
4
1
3
4
5
3
2
4
2
5
4
3
6
5
5
1
4
6
4
4
4
5
5
0
1
3
4
3
6
5
4
2
4
4
4
3
5
2
3
2
6
2
3
0
2
1
6
5
3
0
5
3
2
5
5
5
4
6
6
4
7
6
5
4
4
2
5
3
4
3
6
6
4
3
5
7
2
4
4
3
4
3
3
3
3
4
3
5
4
6
4
3
4
7
4
4
6
6
5
2
1
5
4
5
4
3
3
3
5
2
6
5
5
1
3
4
5
4
5
5
8
3
3
2
3
7
5
5
3
4
7
4
4
6
3
4
6
6
7
3
7
4
2
3
4
4
5
7
4
3
5
9
5
6
5
2
6
5
5
6
5
4
3
6
7
8
2
6
6
8
9
2
4
9
5
4
3
4
7
6
3
7
5
5
6
5
6
5
7
8
3
5
7
6
5
5
6
6
6
4
5
5
5
5
5
6
7
4
8
6
7
7
4
8
7
2
5
5
4
10
7
7
7
6
8
3
5
7
7
7
10
7
8
8
10
3
6
8
6
5
6
9
9
6
8
6
8
7
8
4
5
5
4
7
5
8
5
8
9
8
9
6
7
7
10
6
7
8
8
8
6
6
6
5
8
7
6
10
9
7
6
8
7
9
9
6
10
7
10
8
9
5
8
7
7
6
10
7
8
6
7
6
11
8
9
9
10
7
9
9
11
11
6
8
8
11
10
11
9
8
8
6
9
11
10
12
10
7
10
9
10
10
9
9
9
11
10
10
11
11
9
9
10
11
12
11
12
14
12
9
15
13
14
14
14
11
14
13
11
14
11
12
14
16
13
14
13
10
12
14
14
14
16
16
19
18
13
16
17
15
15
16
17
16
15
15
15
13
14
16
18
15
16
18
14
17
17
12
16
19
16
16
17
18
18
20
16
19
21
17
19
21
19
17
22
19
20
20
21
23
20
23
23
25
25
29
28
31
33
28
34
33
33
31
34
38
37
35
40
38
39
42
42
40
45
42
44
41
42
41
42
42
42
41
42
40
42
42
45
40
41
43
43
45
46
48
50
47
53
54
57
54
58
55
66
61
63
60
66
65
68
71
73
73
73
68
75
72
72
71
75
73
72
73
74
73
73
72
74
72
74
71
76
76
80
79
78
80
80
79
86
84
89
87
90
88
94
89
95
95
93
92
96
95
92
93
94
95
101
97
102
102
103
105
106
110
110
113
112
114
117
120
120
117
118
115
116
114
115
112
112
110
110
108
108
100
99
103
103
101
100
102
104
108
107
108
110
113
117
123
124
130
136
134
143
150
150
153
158
162
166
165
171
178
180
181
188
184
190
195
196
197
200
203
205
205
204
204
206
204
206
209
210
204
202
203
198
191
189
182
185
183
186
180
183
180
185
183
190
194
196
199
209
210
220
222
236
243
251
261
271
283
290
291
296
296
301
295
298
301
295
292
302
288
291
288
298
290
293
288
287
286
283
279
286
282
290
287
296
303
311
312
323
322
338
344
352
358
372
380
394
399
406
417
420
431
442
455
461
463
466
470
474
474
479
470
475
461
460
457
454
444
443
434
440
443
440
434
434
441
443
445
449
455
455
460
468
470
472
469
465
461
465
458
458
456
448
441
439
430
423
418
403
395
387
382
386
373
368
369
369
373
376
381
387
393
396
403
409
415
423
435
444
451
460
468
485
488
496
510
512
513
520
518
523
531
533
533
542
554
562
550
571
574
580
581
593
596
599
593
605
605
599
594
591
584
578
579
565
557
556
549
551
549
551
541
549
540
546
542
545
537
544
549
563
570
580
587
593
612
618
630
650
667
678
700
717
726
749
756
790
793
818
830
843
849
863
872
870
880
893
899
902
889
889
893
895
896
902
904
906
901
901
900
903
890
897
896
891
890
899
894
887
877
874
866
859
852
843
840
840
832
823
819
827
825
832
828
835
829
840
836
838
848
850
847
846
857
863
856
863
861
864
865
875
879
894
901
929
932
966
983
1019
1036
1067
1097
1121
1148
1188
1204
1233
1261
1292
1312
1342
1369
1386
1401
1416
1428
1433
1425
1440
1450
1461
1473
1489
1481
1488
1478
1474
1449
1446
1432
1426
1404
1404
1382
1356
1330
1306
1285
1261
1241
1223
1196
1175
1149
1123
1105
1096
1074
1057
1043
1036
1024
1023
1012
1018
1022
1029
1038
1060
1055
1071
1066
1076
1082
1092
1104
1118
1130
1150
1149
1154
1144
1169
1158
1162
1152
1151
1145
1141
1137
1127
1114
1100
1088
1070
1044
1035
1015
1017
1005
1008
1003
1003
998
1003
1003
1024
1038
1054
1071
1089
1102
1123
1120
1127
1122
1112
1107
1091
1076
1064
1044
1023
1014
1005
1001
992
986
967
953
948
946
944
942
925
923
926
934
948
963
975
1000
1016
1033
1058
1071
1084
1089
1114
1118
1128
1125
1120
1121
1122
1122
1126
1125
1140
1140
1141
1143
1158
1150
1154
1160
1169
1175
1185
1193
1212
1219
1236
1260
1274
1278
1281
1273
1261
1232
1218
1188
1160
1130
1102
1091
1067
1065
1049
1039
1030
1022
1025
1027
1023
1024
1026
1031
1039
1057
1081
1081
1080
1080
1088
1084
1092
1081
1073
1060
1044
1025
1013
1011
1005
994
1002
1010
1030
1037
1075
1086
1120
1147
1173
1193
1223
1240
1236
1242
1250
1251
1271
1283
1294
1295
1303
1295
1295
1293
1287
1286
1280
1284
1287
1293
1308
1319
1340
1345
1360
1392
1418
1445
1469
1483
1482
1491
1504
1500
1504
1493
1489
1477
1462
1453
1457
1443
1441
1430
1433
1445
1445
1457
1456
1458
1458
1467
1481
1501
1522
1546
1557
1581
1607
1609
1624
1625
1628
1626
1614
1610
1594
1585
1573
1550
1526
1483
1476
1451
1445
1425
1414
1415
1400
1406
1402
1401
1420
1418
1431
1418
1426
1405
1406
1396
1382
1368
1361
1365
1353
1350
1351
1345
1337
1339
1336
1340
1348
1357
1357
1365
1373
1380
1399
1402
1415
1416
1416
1419
1417
1413
1416
1409
1400
1405
1394
1391
1383
1365
1359
1349
1351
1361
1359
1363
1365
1377
1381
1390
1392
1389
1370
1373
1374
1371
1372
1376
1366
1372
1367
1358
1355
1337
1323
1305
1296
1271
1252
1234
1206
1182
1157
1133
1111
1092
1077
1042
1021
986
973
964
952
933
925
923
928
927
935
941
960
972
1002
1035
1069
1091
1116
1139
1162
1169
1191
1189
1198
1197
1199
1214
1230
1237
1253
1251
1265
1256
1272
1261
1270
1263
1259
1265
1256
1249
1251
1243
1245
1236
1238
1229
1233
1220
1219
1219
1234
1238
1238
1238
1236
1241
1252
1263
1284
1296
1312
1323
1345
1367
1400
1407
1424
1433
1440
1448
1446
1436
1437
1430
1441
1427
1421
1407
1393
1374
1346
1336
1328
1323
1317
1310
1308
1297
1294
1308
1316
1313
1333
1338
1355
1361
1381
1393
1400
1426
1440
1446
1463
1474
1481
1494
1504
1519
1534
1530
1538
1544
1541
1539
1521
1525
1520
1519
1507
1509
1494
1478
1474
1458
1454
1444
1432
1412
1412
1381
1366
1351
1346
1358
1363
1384
1410
1432
1455
1487
1517
1533
1566
1580
1607
1633
1653
1678
1703
1734
1761
1787
1826
1843
1874
1889
1921
1922
1916
1900
1889
1880
1859
1840
1820
1795
1785
1755
1745
1722
1703
1691
1673
1665
1646
1624
1625
1629
1609
1607
1608
1612
1625
1623
1642
1648
1675
1680
1690
1681
1670
1657
1659
1657
1668
1670
1678
1682
1677
1661
1641
1613
1581
1542
1512
1479
1471
1461
1440
1433
1444
1452
1453
1459
1485
1488
1511
1513
1535
1561
1574
1604
1635
1657
1685
1702
1724
1731
1723
1720
1718
1701
1690
1681
1676
1684
1687
1700
1719
1724
1737
1733
1749
1752
1754
1767
1764
1761
1755
1761
1755
1742
1766
1755
1762
1746
1759
1741
1721
1698
1700
1705
1704
1687
1686
1676
1663
1662
1656
1655
1646
1648
1645
1640
1628
1619
1631
1624
1631
1645
1645
1654
1658
1647
1647
1628
1625
1615
1607
1595
1586
1566
1570
1559
1556
1544
1552
1543
1542
1532
1523
1504
1475
1461
1446
1432
1416
1397
1390
1374
1362
1331
1309
1278
1236
1198
1175
1139
1128
1109
1106
1112
1123
1135
1154
1176
1186
1194
1207
1213
1228
1249
1269
1288
1307
1331
1345
1353
1361
1347
1343
1320
1300
1279
1257
1240
1236
1213
1196
1187
1158
1127
1113
1086
1067
1035
1029
1025
1019
1016
1017
1021
1032
1058
1084
1111
1146
1169
1211
1234
1267
1301
1343
1383
1436
1467
1511
1564
1605
1644
1672
1698
1731
1755
1774
1796
1827
1834
1849
1854
1889
1890
1906
1906
1920
1922
1909
1911
1897
1892
1872
1858
1834
1822
1813
1795
1790
1774
1761
1731
1695
1670
1635
1617
1590
1589
1575
1572
1575
1567
1585
1578
1582
1586
1595
1614
1634
1632
1645
1661
1670
1687
1708
1710
1701
1678
1678
1659
1628
1613
1605
1604
1596
1612
1630
1650
1661
1657
1669
1683
1697
1718
1762
1800
1851
1903
1974
2021
2081
2112
2154
2186
2201
2190
2183
2155
2133
2090
2082
2060
2032
2012
1988
1959
1937
1905
1882
1844
1820
1791
1778
1777
1775
1770
1797
1818
1849
1869
1928
1971
1997
2027
2044
2056
2056
2079
2078
2091
2084
2063
2051
2044
2041
2017
2024
2007
1984
1941
1921
1899
1878
1869
1858
1830
1837
1830
1837
1837
1851
1863
1881
1887
1921
1931
1932
1936
1923
1915
1923
1936
1953
1949
1968
1987
2004
2023
2034
2037
2058
2060
2080
2091
2105
2106
2126
2150
2157
2171
2176
2182
2180
2170
2160
2141
2126
2124
2109
2092
2091
2069
2052
2038
2014
1999
1993
1984
1998
2002
2006
2011
2019
2022
2033
2013
2025
2016
2035
2036
2030
2037
2039
2024
2023
2040
2024
2024
2007
1971
1955
1934
1910
1887
1876
1842
1829
1804
1797
1767
1752
1745
1731
1717
1711
1697
1695
1672
1677
1678
1682
1679
1688
1687
1710
1699
1725
1750
1769
1784
1804
1816
1837
1847
1870
1881
1908
1926
1935
1950
1974
1992
1996
1998
2017
2011
2014
2011
2005
2008
2014
2012
2022
2016
2044
2050
2067
2078
2074
2083
2082
2073
2067
2056
2035
2013
1996
1987
1947
1917
1885
1846
1828
1798
1771
1761
1747
1724
1715
1715
1713
1705
1716
1726
1770
1796
1837
1858
1888
1911
1943
1996
2030
2064
2118
2145
2159
2152
2141
2114
2083
2063
2020
1976
1951
1900
1851
1807
1780
1746
1737
1731
1721
1742
1745
1747
1751
1728
1741
1761
1797
1851
1874
1905
1936
1966
1996
2026
2027
2053
2056
2036
2023
2004
1975
1928
1890
1859
1818
1791
1746
1705
1671
1609
1565
1503
1466
1437
1417
1400
1384
1374
1383
1386
1419
1448
1493
1543
1605
1645
1713
1757
1789
1816
1830
1835
1828
1834
1824
1794
1747
1686
1636
1577
1520
1497
1489
1480
1487
1498
1520
1561
1608
1636
1703
1768
1844
1904
1972
2051
2118
2169
2227
2267
2281
2303
2319
2308
2307
2300
2284
2270
2248
2230
2185
2166
2118
2078
2050
2004
1963
1930
1911
1881
1886
1891
1899
1895
1898
1887
1880
1871
1894
1885
1893
1895
1913
1899
1933
1952
1973
1991
2025
2033
2060
2080
2106
2132
2156
2166
2210
2240
2257
2258
2271
2289
2294
2316
2362
2373
2394
2405
2417
2422
2447
2445
2455
2461
2478
2482
2501
2517
2517
2511
2489
2444
2434
2402
2369
2341
2315
2280
2237
2197
2154
2115
2096
2065
2037
1997
1986
1951
1928
1899
1879
1844
1841
1816
1820
1810
1805
1779
1765
1742
1730
1699
1678
1657
1633
1621
1604
1593
1587
1581
1595
1605
1624
1631
1664
1674
1699
1725
1742
1758
1794
1803
1823
1843
1862
1867
1881
1902
1909
1908
1917
1922
1925
1918
1925
1908
1906
1876
1874
1839
1822
1820
1795
1767
1744
1704
1673
1638
1606
1600
1587
1566
1541
1507
1481
1450
1402
1376
1351
1332
1323
1323
1312
1293
1292
1277
1268
1242
1236
1210
1192
1169
1139
1114
1112
1113
1111
1101
1113
1113
1110
1105
1105
1084
1071
1058
1047
1029
1019
1015
1018
1011
1001
1004
1012
1015
1018
1008
1014
1010
1005
996
993
982
972
964
972
979
992
1010
1037
1055
1091
1107
1137
1169
1193
1218
1254
1281
1312
1349
1396
1437
1475
1507
1540
1566
1579
1599
1617
1617
1619
1620
1634
1637
1632
1640
1635
1630
1636
1628
1621
1614
1610
1591
1573
1574
1544
1546
1532
1513
1497
1468
1467
1435
1407
1402
1381
1355
1369
1358
1385
1385
1414
1427
1446
1465
1491
1515
1538
1548
1559
1573
1586
1614
1648
1688
1709
1717
1717
1703
1697
1683
1659
1626
1599
1561
1530
1507
1528
1550
1560
1555
1556
1570
1572
1559
1566
1563
1548
1563
1585
1604
1628
1638
1656
1665
1675
1658
1662
1655
1635
1619
1625
1618
1611
1599
1580
1545
1537
1534
1541
1537
1553
1534
1538
1519
1513
1510
1519
1535
1578
1601
1613
1636
1645
1655
1685
1704
1718
1748
1784
1805
1848
1867
1891
1902
1939
1951
1986
1995
2007
2005
1993
1994
1982
1992
1990
1977
1994
1980
1960
1960
1952
1937
1945
1920
1890
1874
1842
1846
1845
1825
1822
1823
1830
1839
1824
1827
1830
1841
1844
1855
1877
1889
1921
1943
1975
2001
2007
2043
2067
2065
2074
2052
2069
2071
2063
2038
2038
2017
2000
1983
1962
1911
1871
1835
1778
1751
1725
1704
1702
1697
1676
1653
1635
1631
1623
1586
1571
1534
1522
1499
1475
1446
1407
1374
1349
1324
1290
1239
1198
1154
1104
1061
1010
954
900
847
806
757
717
686
661
633
619
595
593
584
589
590
606
625
646
673
706
736
773
810
853
869
893
897
910
920
946
963
991
1015
1051
1072
1106
1129
1156
1177
1202
1229
1258
1269
1293
1314
1340
1358
1379
1389
1407
1433
1434
1445
1438
1421
1416
1395
1393
1391
1386
1399
1413
1405
1407
1418
1412
1431
1421
1421
1418
1401
1384
1359
1340
1322
1298
1266
1242
1213
1191
1162
1130
1099
1054
1023
985
941
898
848
807
769
740
697
673
649
639
623
609
603
600
599
598
610
619
645
671
686
722
759
797
835
874
895
930
953
976
1009
1039
1076
1124
1167
1216
1243
1299
1338
1362
1387
1394
1403
1432
1452
1467
1478
1499
1503
1509
1521
1518
1518
1519
1502
1522
1529
1531
1547
1566
1581
1581
1600
1609
1631
1621
1635
1658
1650
1656
1651
1652
1649
1638
1629
1620
1604
1587
1569
1576
1575
1595
1596
1613
1612
1605
1606
1614
1603
1630
1657
1666
1665
1697
1675
1677
1681
1685
1695
1686
1681
1676
1683
1668
1678
1663
1667
1662
1650
1654
1648
1648
1659
1667
1667
1675
1687
1689
1706
1717
1730
1751
1755
1764
1754
1762
1762
1751
1722
1718
1709
1718
1714
1738
1752
1765
1765
1766
1766
1776
1760
1768
1747
1760
1759
1761
1754
1762
1752
1770
1763
1761
1759
1757
1756
1745
1751
1741
1727
1717
1713
1680
1682
1670
1651
1637
1626
1613
1585
1582
1563
1546
1531
1532
1510
1506
1500
1493
1498
1505
1520
1535
1548
1560
1565
1576
1586
1607
1612
1618
1624
1629
1638
1631
1612
1597
1574
1543
1490
1449
1412
1383
1366
1370
1359
1373
1362
1355
1356
1350
1359
1350
1344
1337
1341
1363
1351
1365
1363
1376
1386
1396
1387
1412
1384
1385
1384
1373
1356
1334
1327
1318
1306
1292
1282
1270
1266
1264
1260
1250
1241
1234
1212
1198
1171
1177
1168
1160
1146
1160
1141
1139
1127
1125
1113
1125
1107
1113
1108
1116
1110
1114
1114
1114
1108
1102
1105
1110
1110
1099
1094
1092
1089
1087
1084
1073
1053
1053
1036
1026
1022
1012
993
996
987
985
987
991
991
987
981
984
986
978
978
983
980
974
962
972
969
982
978
983
992
1006
1006
1019
1011
1015
1008
1016
1006
1014
1010
1015
1017
1018
1008
1025
1020
1014
1001
1001
990
975
960
961
952
935
914
900
893
886
873
866
851
844
830
815
798
776
755
743
728
718
706
710
713
707
708
719
720
724
720
732
742
740
738
746
731
756
771
788
795
801
796
793
795
814
813
822
827
828
829
830
831
828
828
834
836
835
829
836
830
823
823
804
807
797
795
796
806
811
818
813
814
810
808
803
795
794
784
780
767
756
760
766
763
765
774
776
781
769
762
763
753
747
744
732
729
718
714
716
714
717
712
722
722
713
714
725
723
722
721
726
732
740
745
754
753
757
745
750
734
734
729
724
724
720
705
705
705
705
705
700
701
695
708
700
700
700
695
700
702
706
709
702
711
708
709
716
708
703
697
696
690
685
685
677
670
680
670
679
668
664
671
684
675
673
679
679
679
686
683
685
692
696
691
700
699
709
704
690
688
696
689
682
681
682
680
682
672
668
666
668
649
645
631
631
628
620
615
611
608
603
604
600
605
596
583
587
554
506
306
-2
-4
0
-2
0
1
-1
1
637
616
-1
-3
0
0
0

