;UFOS3
;Measurement details: channel = S-D, date = 01.06.2018, time = 03:25:54
Exposure=861
Gain=0
Temperature=10.9
Accummulate=4
3.616 mu
3.698 amas
15.418 hs
0 ozone
110715 uva
630 uvb
73 uve
[Value]
0
-1
-1
-2
2
-1
-1
1
-3
-2
-2
-2
-2
-3
0
-3
-3
-2
-1
-2
-2
-3
1
-1
-1
0
-1
1
1
2
3
0
1
-1
2
0
2
0
0
1
0
1
3
0
-2
-1
0
-1
1
0
1
0
2
0
1
0
2
-3
-2
0
-1
2
2
-1
2
2
-3
-1
3
-1
0
-2
3
0
1
1
1
1
0
2
2
0
4
-1
2
0
0
1
-1
-2
1
-2
1
-1
0
1
1
0
4
-1
1
0
-1
1
0
3
1
-1
1
0
1
-1
-1
2
2
1
2
-3
0
2
1
1
-2
-1
-2
1
0
-1
1
-2
1
1
4
0
0
0
3
-1
1
-2
0
1
0
1
-2
0
-2
0
4
-1
-1
-1
1
3
-1
0
2
0
1
1
3
2
-1
1
1
1
-1
0
1
0
0
1
3
0
0
-4
2
1
-1
1
0
1
2
-1
4
-1
0
-2
0
4
-2
-3
1
-1
2
-1
1
0
0
1
0
2
0
-1
1
3
3
1
2
1
-1
0
2
1
3
3
0
1
0
2
4
0
1
-2
2
-1
2
-2
0
2
2
0
1
1
0
1
1
1
-1
-1
0
1
0
0
0
-1
0
0
0
-1
2
0
2
3
4
1
2
0
2
1
1
-1
2
0
0
-1
-2
-2
2
1
-1
1
2
1
1
-1
2
0
1
0
2
1
0
4
0
-2
3
-2
1
0
0
-2
-1
-2
3
0
3
2
1
1
0
0
2
2
1
1
2
2
1
0
1
-1
1
-2
-1
0
4
-1
-2
3
3
2
2
1
4
2
1
4
0
-1
3
0
2
0
3
-1
3
1
0
1
1
3
1
0
-1
0
3
1
1
-1
2
2
2
-1
1
0
2
0
0
-2
2
0
1
0
1
-1
1
0
2
3
5
-2
2
1
2
1
2
2
1
1
2
1
1
0
-2
1
2
0
2
2
1
0
0
1
0
3
4
2
2
1
1
-3
3
-1
3
0
3
0
3
0
-1
1
2
2
4
1
0
2
1
0
2
-1
1
1
2
-1
-2
-1
0
1
1
1
-1
2
3
2
-2
0
0
4
2
-1
2
2
1
3
3
-1
1
1
1
2
3
0
1
0
0
2
2
4
2
1
0
3
3
1
2
2
4
2
2
0
0
0
0
3
3
4
1
3
3
3
2
3
1
2
0
3
4
0
2
0
0
0
1
1
0
1
3
3
4
0
0
2
1
3
1
2
1
1
2
2
1
3
2
-1
5
5
3
1
0
1
2
1
3
3
1
1
3
2
3
5
2
4
0
1
6
3
0
2
4
1
0
3
2
3
1
1
1
-1
3
1
5
3
0
3
3
1
2
-1
0
2
2
1
4
0
0
2
1
4
1
1
3
3
4
0
2
2
2
3
3
0
2
2
2
2
2
2
4
0
2
1
3
5
1
3
3
1
0
1
4
3
2
3
1
0
3
3
0
2
4
1
5
3
3
4
2
-1
2
2
3
1
3
3
2
1
5
5
1
4
5
5
4
2
5
4
1
2
0
4
2
2
4
4
0
5
2
3
3
2
3
4
3
3
3
6
4
2
4
2
5
2
3
4
6
4
6
3
3
5
6
4
5
3
3
2
3
4
1
2
6
2
3
5
3
4
1
3
3
4
5
2
1
3
3
3
2
3
5
3
3
3
3
5
7
1
3
2
3
6
6
3
3
7
3
3
4
1
4
1
5
7
4
6
2
4
4
4
5
3
3
4
3
6
4
4
6
5
2
5
4
5
0
5
4
1
5
3
4
3
6
3
3
7
5
4
3
4
4
4
5
5
5
3
5
5
6
4
2
5
3
4
4
4
5
4
2
6
4
4
0
4
5
6
9
5
3
6
6
6
7
7
5
5
5
4
6
3
6
3
7
6
5
6
6
7
7
4
5
5
4
6
5
7
8
6
5
5
4
6
6
5
4
4
5
4
6
5
6
7
6
8
8
6
7
6
7
4
6
4
7
7
6
5
6
9
6
4
5
6
5
5
6
6
9
6
6
4
10
5
8
7
8
10
7
7
6
10
8
12
9
5
9
8
5
8
8
5
8
3
5
8
7
10
8
9
7
8
7
9
7
8
11
7
9
10
8
7
9
8
10
7
8
11
11
9
9
13
8
8
8
10
10
9
13
13
14
14
13
15
14
13
11
13
14
10
12
13
15
15
14
13
15
12
16
15
17
16
16
14
16
16
19
18
16
17
15
15
15
17
18
20
16
17
20
19
16
17
18
14
20
15
17
16
20
16
21
16
23
21
22
15
20
20
21
21
22
22
19
17
22
22
19
21
24
23
23
21
23
21
26
26
29
31
31
29
32
35
35
37
39
38
38
41
45
42
45
43
50
48
49
48
47
50
49
51
55
52
52
53
51
49
52
54
50
52
51
49
54
51
55
52
54
51
54
55
60
60
65
64
65
64
71
68
69
73
74
74
75
77
80
83
84
83
87
89
88
88
91
89
90
89
91
91
92
86
87
89
91
85
92
91
92
86
89
93
92
90
97
94
97
98
102
104
107
109
105
105
109
104
111
111
112
108
114
111
112
108
116
113
120
119
121
117
119
119
123
127
125
130
132
132
137
139
140
139
138
134
135
130
135
132
130
130
123
127
122
120
121
118
120
116
119
120
115
122
121
126
126
129
134
133
140
145
147
153
159
164
170
176
178
181
187
189
195
198
200
201
211
204
212
215
222
225
228
221
235
226
233
235
237
235
236
231
238
228
227
221
220
213
215
204
207
203
196
204
202
198
202
201
205
205
215
216
221
225
234
239
246
259
267
275
289
292
302
304
313
312
316
314
313
312
311
314
317
309
316
310
315
306
306
302
306
301
302
296
302
305
305
309
322
325
331
338
346
347
358
368
379
383
396
404
415
423
429
438
450
446
458
470
474
484
488
486
487
491
494
486
479
476
466
461
456
451
452
444
445
444
440
436
440
444
448
450
458
454
465
469
474
475
480
476
478
472
477
471
471
464
466
455
448
446
436
424
422
411
405
400
396
386
380
375
376
380
387
383
397
401
407
403
413
418
425
427
449
447
458
465
477
484
494
495
505
504
509
514
513
515
523
526
526
529
541
544
556
555
565
567
580
574
586
590
594
591
595
580
578
574
575
565
559
551
558
546
550
545
542
544
549
543
551
538
543
539
543
553
563
569
575
580
598
601
614
624
642
661
677
689
700
721
732
747
763
786
796
804
819
824
833
835
845
848
854
860
852
859
854
856
858
864
858
856
871
868
870
853
861
858
864
855
866
861
864
852
858
839
844
835
834
824
824
811
806
797
796
795
803
798
805
802
810
810
815
819
825
825
826
833
833
832
836
828
833
833
834
828
836
846
854
868
891
903
922
943
968
990
1015
1031
1065
1086
1120
1142
1173
1190
1220
1240
1270
1295
1311
1329
1347
1349
1353
1351
1367
1368
1383
1390
1408
1403
1407
1397
1389
1371
1368
1350
1348
1336
1337
1306
1292
1264
1240
1228
1205
1179
1174
1138
1119
1106
1084
1061
1042
1026
1016
999
993
975
981
977
978
983
991
997
1009
1015
1025
1026
1035
1037
1046
1058
1067
1082
1092
1088
1103
1092
1101
1094
1094
1091
1087
1082
1069
1071
1061
1047
1041
1021
1007
989
963
953
944
935
945
932
942
933
941
934
951
971
992
1007
1027
1038
1045
1052
1053
1060
1052
1039
1026
1008
998
978
967
952
942
940
934
923
926
902
890
888
894
889
880
881
875
885
900
913
928
943
958
973
992
1010
1023
1029
1047
1042
1059
1056
1049
1047
1050
1053
1052
1054
1059
1063
1069
1071
1077
1073
1081
1082
1092
1096
1107
1113
1135
1138
1157
1169
1179
1188
1192
1179
1183
1155
1129
1098
1076
1059
1023
1008
987
978
969
961
959
951
956
945
960
958
958
963
977
987
1012
1008
1014
1013
1010
1015
1022
1021
1013
989
977
955
949
942
937
929
937
951
960
983
1011
1025
1058
1081
1101
1123
1145
1148
1157
1164
1173
1173
1191
1196
1213
1214
1223
1205
1216
1203
1209
1191
1196
1203
1198
1203
1224
1225
1247
1252
1273
1296
1317
1337
1361
1382
1384
1397
1400
1393
1403
1396
1384
1377
1366
1361
1355
1349
1338
1348
1346
1348
1354
1354
1365
1359
1359
1368
1374
1395
1414
1439
1463
1471
1494
1508
1514
1517
1521
1519
1513
1507
1502
1479
1465
1445
1431
1396
1385
1346
1353
1339
1324
1315
1312
1311
1312
1310
1311
1315
1333
1331
1331
1313
1305
1303
1278
1275
1258
1270
1255
1245
1252
1243
1244
1243
1241
1251
1244
1254
1259
1263
1276
1283
1296
1300
1312
1315
1313
1320
1317
1314
1314
1314
1311
1313
1300
1295
1283
1266
1272
1251
1251
1258
1266
1257
1268
1277
1281
1289
1288
1295
1283
1276
1275
1270
1270
1282
1274
1275
1271
1262
1258
1239
1232
1217
1202
1176
1167
1146
1126
1103
1073
1052
1041
1008
1005
972
946
914
898
896
886
868
862
857
868
852
870
879
890
897
924
959
988
1003
1043
1061
1075
1087
1105
1112
1113
1116
1119
1126
1137
1148
1158
1165
1185
1173
1187
1166
1164
1173
1168
1170
1162
1157
1170
1152
1160
1153
1145
1139
1145
1143
1133
1137
1135
1143
1155
1147
1154
1148
1167
1174
1189
1195
1224
1225
1250
1267
1298
1311
1329
1332
1330
1338
1345
1329
1343
1322
1337
1328
1324
1306
1288
1274
1262
1240
1234
1231
1220
1212
1214
1210
1198
1201
1214
1227
1239
1249
1254
1266
1281
1292
1313
1319
1345
1350
1350
1367
1380
1387
1405
1405
1433
1419
1430
1427
1430
1431
1418
1420
1419
1410
1409
1391
1386
1381
1365
1351
1353
1334
1331
1313
1299
1288
1275
1256
1255
1261
1270
1281
1309
1336
1357
1375
1397
1416
1447
1468
1494
1511
1535
1563
1593
1616
1636
1665
1698
1717
1746
1768
1784
1788
1779
1762
1757
1745
1738
1708
1693
1665
1657
1640
1633
1607
1589
1569
1566
1541
1527
1509
1510
1505
1499
1504
1501
1495
1520
1506
1534
1531
1556
1557
1569
1569
1547
1541
1545
1546
1554
1555
1566
1565
1556
1544
1541
1504
1473
1434
1415
1388
1361
1348
1342
1335
1340
1341
1351
1359
1374
1391
1411
1404
1436
1442
1467
1498
1530
1538
1561
1578
1607
1606
1599
1598
1594
1577
1564
1573
1561
1570
1581
1584
1603
1597
1616
1624
1631
1627
1632
1648
1648
1635
1640
1637
1634
1626
1639
1641
1646
1631
1639
1624
1603
1592
1579
1581
1586
1583
1569
1556
1559
1537
1548
1542
1545
1538
1533
1533
1520
1512
1518
1521
1518
1523
1539
1542
1545
1538
1539
1518
1515
1502
1492
1471
1469
1457
1469
1448
1456
1447
1454
1442
1443
1432
1417
1396
1381
1363
1352
1328
1321
1309
1303
1291
1265
1241
1221
1182
1150
1114
1097
1067
1052
1034
1037
1038
1045
1056
1070
1091
1102
1107
1125
1139
1147
1157
1189
1208
1221
1237
1261
1254
1270
1255
1249
1226
1215
1195
1176
1155
1145
1132
1119
1104
1079
1046
1040
1007
992
968
963
946
946
942
940
950
967
977
1003
1034
1061
1093
1125
1152
1181
1207
1252
1282
1334
1372
1410
1456
1492
1530
1558
1592
1607
1641
1661
1673
1701
1712
1725
1749
1768
1775
1785
1790
1789
1796
1794
1784
1775
1772
1752
1735
1723
1707
1691
1681
1673
1664
1644
1618
1586
1554
1535
1503
1472
1471
1473
1464
1477
1475
1484
1479
1474
1482
1491
1502
1518
1516
1537
1543
1564
1584
1606
1595
1588
1580
1560
1548
1517
1505
1504
1495
1496
1515
1520
1536
1551
1556
1569
1557
1585
1598
1638
1689
1726
1780
1844
1890
1942
1986
2025
2052
2062
2051
2045
2021
2000
1965
1950
1929
1897
1882
1862
1838
1814
1781
1747
1723
1703
1688
1662
1661
1664
1659
1672
1697
1720
1755
1807
1844
1871
1879
1901
1927
1927
1945
1954
1950
1941
1923
1926
1916
1909
1888
1882
1871
1851
1815
1802
1779
1760
1746
1727
1721
1721
1715
1707
1717
1738
1740
1757
1759
1797
1801
1815
1813
1806
1806
1797
1812
1829
1832
1846
1861
1884
1896
1905
1913
1926
1943
1953
1951
1969
1978
2007
2017
2026
2033
2041
2039
2042
2032
2028
1999
1983
1992
1985
1959
1964
1934
1931
1913
1894
1870
1862
1866
1872
1876
1880
1879
1883
1901
1894
1889
1896
1891
1901
1906
1910
1893
1907
1894
1896
1903
1898
1892
1880
1846
1829
1812
1786
1768
1759
1725
1710
1685
1670
1661
1637
1622
1616
1602
1590
1588
1585
1577
1563
1569
1568
1569
1590
1579
1599
1600
1607
1633
1653
1665
1687
1702
1720
1734
1741
1770
1792
1796
1811
1827
1854
1869
1872
1872
1882
1889
1886
1892
1890
1880
1894
1891
1886
1892
1907
1919
1942
1947
1948
1958
1958
1944
1940
1922
1907
1889
1883
1857
1829
1793
1769
1726
1714
1689
1655
1647
1635
1626
1604
1600
1596
1594
1606
1617
1647
1687
1721
1741
1762
1792
1840
1878
1907
1940
1985
2025
2028
2027
2012
1985
1955
1932
1904
1860
1823
1777
1738
1700
1674
1645
1622
1618
1622
1630
1639
1636
1633
1632
1628
1650
1689
1723
1766
1793
1818
1849
1874
1894
1923
1930
1933
1907
1905
1882
1850
1814
1780
1746
1710
1671
1638
1600
1558
1512
1463
1412
1373
1346
1322
1308
1295
1285
1303
1292
1322
1353
1406
1436
1496
1539
1607
1652
1677
1701
1728
1722
1710
1720
1713
1688
1641
1587
1539
1480
1428
1399
1380
1390
1387
1400
1434
1461
1501
1538
1598
1665
1728
1790
1858
1917
1990
2042
2092
2135
2147
2167
2178
2181
2176
2174
2163
2133
2115
2096
2066
2028
1988
1957
1920
1880
1848
1806
1797
1774
1766
1777
1785
1786
1778
1769
1774
1763
1771
1771
1774
1788
1796
1806
1825
1837
1855
1878
1897
1913
1936
1951
1982
2013
2031
2045
2087
2109
2119
2128
2138
2147
2150
2184
2216
2229
2248
2264
2285
2284
2295
2306
2320
2335
2339
2344
2371
2372
2363
2364
2341
2305
2293
2267
2239
2208
2188
2156
2121
2067
2029
1999
1969
1948
1926
1889
1872
1844
1810
1792
1765
1733
1726
1713
1714
1707
1691
1673
1660
1649
1628
1597
1583
1557
1533
1523
1511
1501
1495
1489
1482
1502
1517
1533
1564
1582
1590
1613
1633
1655
1674
1688
1723
1744
1747
1761
1786
1783
1796
1803
1796
1813
1810
1808
1819
1807
1797
1786
1775
1746
1719
1713
1697
1666
1636
1604
1572
1549
1519
1508
1495
1471
1453
1423
1393
1361
1312
1288
1274
1251
1245
1230
1234
1222
1207
1190
1187
1170
1166
1139
1122
1106
1076
1049
1048
1042
1045
1032
1035
1048
1049
1039
1044
1019
1008
991
980
963
959
950
956
947
943
945
952
960
953
950
955
946
942
935
932
913
909
900
913
918
936
947
969
989
1023
1047
1064
1096
1125
1143
1183
1209
1241
1270
1312
1344
1390
1412
1453
1471
1496
1510
1529
1512
1530
1526
1537
1531
1539
1534
1540
1539
1535
1529
1535
1522
1517
1506
1480
1474
1457
1455
1442
1428
1408
1389
1387
1360
1331
1312
1300
1279
1282
1281
1307
1309
1328
1342
1362
1379
1402
1421
1451
1453
1471
1485
1500
1522
1554
1580
1608
1614
1617
1607
1605
1584
1565
1540
1511
1481
1446
1418
1435
1466
1466
1470
1466
1470
1477
1470
1473
1473
1456
1477
1499
1513
1535
1548
1568
1569
1589
1562
1565
1558
1545
1528
1528
1519
1515
1498
1480
1456
1446
1443
1447
1449
1468
1454
1455
1430
1420
1424
1437
1445
1493
1506
1540
1546
1554
1562
1603
1609
1626
1642
1686
1713
1737
1754
1784
1799
1827
1852
1879
1886
1905
1886
1886
1883
1878
1883
1891
1876
1888
1866
1863
1850
1850
1838
1837
1820
1794
1768
1747
1735
1729
1724
1730
1724
1729
1734
1725
1729
1733
1739
1744
1753
1765
1786
1816
1843
1865
1886
1916
1934
1953
1945
1953
1949
1964
1960
1967
1936
1928
1911
1891
1878
1857
1816
1778
1738
1694
1662
1640
1616
1620
1602
1587
1573
1551
1558
1535
1498
1482
1454
1443
1421
1402
1369
1335
1297
1278
1244
1223
1171
1128
1097
1054
1013
961
899
857
805
762
710
679
649
619
594
581
562
559
548
549
554
570
589
606
625
660
688
729
759
802
818
840
846
857
867
889
906
927
964
980
1013
1047
1064
1096
1116
1143
1159
1178
1202
1219
1235
1268
1285
1304
1313
1336
1357
1364
1367
1361
1356
1336
1322
1321
1316
1323
1330
1339
1337
1341
1345
1341
1354
1355
1351
1340
1324
1313
1289
1274
1260
1231
1203
1179
1148
1120
1094
1073
1040
1000
962
932
881
853
805
764
724
689
658
637
612
594
582
574
563
562
559
563
569
581
595
620
651
674
706
743
784
822
842
868
898
918
948
976
1014
1066
1097
1141
1185
1232
1265
1283
1313
1323
1326
1355
1378
1389
1409
1427
1419
1430
1431
1436
1441
1432
1434
1444
1449
1449
1467
1476
1496
1497
1508
1534
1549
1541
1553
1569
1566
1570
1567
1579
1562
1555
1540
1534
1511
1502
1482
1483
1503
1519
1518
1523
1521
1521
1519
1522
1525
1547
1564
1586
1591
1609
1594
1600
1594
1597
1602
1597
1589
1583
1590
1580
1588
1586
1577
1576
1571
1575
1565
1575
1581
1577
1587
1595
1609
1620
1615
1637
1645
1658
1662
1664
1659
1667
1674
1657
1635
1640
1617
1624
1635
1644
1662
1670
1668
1675
1682
1687
1675
1676
1657
1665
1671
1668
1671
1666
1664
1666
1670
1670
1665
1659
1673
1661
1656
1651
1639
1631
1610
1593
1587
1581
1562
1557
1543
1525
1505
1501
1484
1467
1457
1445
1433
1427
1418
1414
1411
1419
1434
1456
1472
1489
1485
1504
1501
1531
1533
1535
1537
1556
1551
1540
1529
1520
1495
1467
1420
1389
1335
1307
1292
1300
1296
1301
1289
1278
1282
1281
1284
1289
1273
1271
1264
1284
1277
1298
1294
1308
1313
1324
1320
1342
1317
1321
1304
1310
1282
1274
1259
1250
1243
1221
1218
1211
1209
1198
1195
1190
1172
1168
1152
1141
1122
1106
1101
1099
1091
1090
1082
1079
1070
1068
1055
1075
1052
1055
1050
1059
1056
1055
1050
1059
1049
1057
1052
1057
1047
1039
1047
1038
1031
1031
1024
1025
1004
987
981
974
971
963
943
951
942
940
927
940
939
940
929
934
925
925
924
931
930
924
922
915
923
929
929
935
949
955
959
964
968
960
964
969
964
963
965
962
966
966
967
968
967
964
952
951
939
937
915
917
901
897
863
858
846
846
834
824
807
805
788
773
754
737
711
701
691
677
675
672
675
669
672
683
671
684
681
698
699
702
703
704
699
714
730
757
756
758
756
760
753
769
767
783
776
787
790
791
793
784
785
791
798
792
786
787
788
784
785
777
757
761
756
759
769
777
778
776
771
769
767
766
757
755
737
739
729
722
717
723
721
735
732
746
737
740
725
730
717
717
705
705
694
681
677
678
675
680
671
689
677
679
690
687
687
693
685
696
699
703
715
715
714
723
713
717
704
696
697
693
687
684
669
670
665
672
666
665
660
664
667
669
659
666
667
663
658
679
672
676
670
679
681
677
673
669
663
663
653
662
644
646
637
643
638
639
638
640
638
646
639
645
641
645
644
650
651
647
659
658
659
666
663
675
664
653
655
657
658
654
645
648
642
643
637
637
634
632
620
615
601
608
586
591
591
581
576
576
568
572
570
570
548
550
526
486
288
-2
-1
-1
-2
1
0
-5
-2
608
584
-5
3
0
0
0

