;UFOS3
;Measurement details: channel = S-D, date = 01.06.2018, time = 03:35:52
Exposure=784
Gain=0
Temperature=11.1
Accummulate=4
3.38 mu
3.453 amas
16.616 hs
0 ozone
112297 uva
707 uvb
85 uve
[Value]
0
-2
-1
0
-2
-2
-2
1
0
-1
0
-1
-2
0
-2
-2
2
-2
-3
-1
-2
1
0
-3
0
-2
3
1
2
2
-1
2
3
1
2
1
4
-1
1
2
1
0
3
-3
1
-1
-2
0
2
2
0
4
-3
3
-1
-2
0
4
1
0
3
-1
-1
-1
3
-1
-1
0
3
1
-1
0
2
-1
0
0
2
-1
3
-1
1
1
0
0
3
0
-1
1
1
2
2
0
-2
-1
4
5
2
2
0
0
2
2
1
-1
4
1
4
1
-2
-1
-2
1
2
-1
3
-3
1
0
3
-1
0
2
1
-1
-1
1
0
1
2
0
0
-2
1
1
2
-1
0
0
2
-1
1
3
0
2
1
-1
-2
-1
1
1
3
1
1
1
3
2
2
-1
1
0
1
1
1
1
3
-1
1
-1
2
2
-1
1
1
1
2
-2
1
0
1
1
2
-1
3
0
3
0
0
1
-2
1
3
1
-1
2
3
-1
5
0
2
1
1
2
-1
4
-1
0
0
-1
2
2
-1
-1
3
-1
0
-2
0
0
2
0
1
-3
1
1
1
0
1
1
5
1
1
2
1
0
0
0
1
2
0
0
2
0
1
2
2
2
1
3
3
-1
3
1
2
1
1
3
2
0
2
-2
0
1
1
-1
2
-1
0
3
3
1
0
2
-1
2
1
2
1
-2
0
-1
1
3
1
0
-1
1
1
1
2
-1
1
1
3
0
1
0
1
-2
4
0
2
1
3
2
0
0
2
2
1
0
1
2
3
2
2
2
0
-1
2
1
2
3
3
1
2
2
0
2
3
-1
1
1
-2
-1
-1
4
1
0
3
1
0
2
2
2
2
2
3
2
3
1
1
-1
-1
0
2
0
-1
-1
0
0
0
2
5
2
5
2
0
-1
3
3
1
2
0
2
1
2
2
3
3
1
0
3
-1
0
3
0
2
1
1
-1
3
2
2
1
1
4
0
1
3
-1
2
2
-1
0
1
2
1
-1
0
0
4
1
1
4
2
0
0
3
3
2
2
-1
3
0
2
5
2
3
1
-2
2
2
4
1
0
3
1
1
-1
6
3
1
2
2
1
2
1
-2
1
2
2
3
0
3
1
2
5
0
3
3
3
2
0
2
2
2
1
5
0
3
4
4
2
1
3
1
1
3
2
1
3
2
3
0
3
4
1
2
3
1
1
3
0
0
2
-1
3
1
2
2
2
2
4
3
0
1
1
2
1
-1
4
0
1
2
3
2
-1
1
3
2
0
1
3
2
2
2
5
0
3
3
3
2
2
3
2
1
3
3
4
0
3
3
4
2
3
2
2
2
1
3
4
0
2
1
4
2
2
3
4
2
2
-1
2
2
2
2
2
3
2
1
-1
0
0
1
3
2
4
1
5
1
3
0
3
3
3
5
3
4
1
1
3
0
0
2
2
4
3
1
0
3
3
4
7
4
2
-1
4
1
3
1
-1
0
2
3
3
4
-1
3
4
1
0
2
2
4
2
2
2
3
4
3
3
3
7
1
4
2
2
1
3
2
3
2
3
5
4
3
3
2
3
2
4
2
3
0
3
1
4
1
6
5
3
3
4
1
7
5
6
0
3
4
6
3
5
1
7
6
5
4
4
4
5
3
3
3
3
0
6
3
4
3
4
4
5
6
4
5
5
3
4
6
5
4
6
3
7
5
8
6
4
5
3
1
5
5
1
5
4
4
7
7
3
3
6
3
1
5
5
6
2
5
6
3
4
7
6
4
7
6
4
3
2
3
6
4
4
6
7
5
7
6
5
5
7
6
6
5
6
6
4
5
5
3
5
6
4
6
6
3
2
5
4
7
6
3
7
6
6
4
4
6
4
5
5
4
8
7
5
6
8
4
6
7
6
7
7
6
8
7
6
3
5
5
6
7
8
9
8
6
6
7
7
6
4
7
5
5
5
5
9
5
6
5
4
6
9
3
5
8
7
5
6
8
6
10
7
6
7
7
8
7
6
7
6
9
8
10
6
7
6
8
8
7
5
7
10
7
9
9
8
8
11
10
9
9
7
9
9
6
7
9
9
7
8
10
10
11
8
8
6
9
9
8
11
8
9
9
10
10
9
10
12
8
7
8
10
11
9
11
11
9
10
14
9
12
13
11
10
10
13
11
10
15
16
14
14
12
17
16
15
11
13
14
19
13
17
15
15
14
16
15
18
16
18
17
17
16
16
17
16
17
18
17
19
19
16
18
19
19
19
19
19
20
20
21
21
17
21
22
22
18
21
22
20
19
26
23
25
19
21
22
25
22
25
22
24
25
27
25
24
25
28
23
23
27
27
28
28
30
27
30
32
30
33
33
35
34
37
40
41
40
45
45
46
46
49
50
54
53
56
55
56
55
60
58
60
60
61
60
62
61
63
61
59
60
55
60
57
57
62
61
63
57
61
62
60
65
66
68
70
69
69
72
76
76
80
82
79
85
89
84
91
94
94
95
97
98
97
97
101
97
98
99
97
97
100
98
101
101
96
99
102
97
99
98
102
104
103
102
104
105
109
108
110
115
118
119
117
117
121
117
122
123
122
120
122
123
124
122
127
122
130
125
132
128
130
133
133
140
139
144
148
142
149
147
153
154
151
150
145
146
148
141
142
138
135
138
134
126
130
126
129
125
128
128
130
131
135
137
139
144
148
149
153
159
164
166
175
177
182
188
191
195
198
203
208
213
219
222
228
227
231
234
240
238
243
243
246
247
251
246
250
249
255
251
253
247
243
243
241
232
226
224
221
216
213
214
216
212
215
215
218
216
227
222
235
240
247
256
268
274
285
293
305
314
322
317
329
334
332
330
332
331
333
336
335
331
329
330
334
327
324
320
319
315
316
321
319
323
326
328
344
347
350
360
365
370
380
385
397
406
417
428
440
445
453
457
466
473
491
491
499
511
505
511
510
509
513
504
505
497
485
485
476
471
471
462
462
455
457
456
459
466
464
468
476
472
482
489
494
490
502
498
493
496
493
489
491
486
485
475
472
465
458
451
445
429
420
413
407
404
401
399
395
401
402
403
414
417
420
426
426
438
447
445
466
465
479
484
494
497
513
511
518
521
518
524
526
533
537
542
534
552
556
555
569
574
580
577
592
596
602
603
620
609
613
600
597
588
586
581
577
568
564
565
567
561
558
560
561
558
561
556
558
563
564
568
577
585
593
602
618
624
636
642
663
681
696
713
723
735
752
764
791
799
814
823
836
845
851
849
859
871
879
885
878
873
876
873
874
877
881
881
886
879
879
880
877
874
874
882
873
875
879
880
871
864
856
849
846
841
832
833
829
823
816
824
824
818
824
829
830
831
840
838
840
847
845
849
864
854
860
849
852
854
865
852
863
867
876
888
910
917
935
961
984
1010
1032
1064
1080
1110
1133
1159
1194
1213
1240
1261
1292
1307
1333
1338
1364
1371
1371
1370
1392
1393
1406
1402
1431
1425
1420
1423
1415
1394
1389
1386
1371
1351
1348
1333
1318
1297
1250
1247
1216
1205
1183
1162
1141
1123
1100
1080
1067
1044
1039
1022
1015
1002
1000
991
999
996
1013
1014
1025
1031
1040
1036
1047
1052
1063
1076
1088
1098
1112
1114
1109
1102
1119
1118
1122
1113
1099
1098
1090
1088
1076
1065
1052
1034
1014
993
985
962
968
955
956
958
944
947
950
951
966
990
1007
1025
1039
1052
1059
1063
1075
1076
1064
1051
1039
1019
1012
1004
981
971
963
952
954
950
928
919
907
914
906
900
900
897
901
898
909
922
941
957
979
997
1008
1021
1035
1053
1064
1063
1069
1063
1069
1065
1060
1063
1065
1071
1082
1081
1084
1086
1094
1089
1098
1096
1105
1107
1121
1128
1151
1149
1161
1179
1194
1199
1208
1197
1200
1168
1140
1120
1085
1069
1037
1021
1006
992
983
978
964
961
965
956
972
967
971
976
981
1002
1021
1027
1025
1030
1031
1034
1031
1027
1024
1001
991
979
966
960
950
943
950
962
980
993
1017
1030
1076
1090
1120
1135
1159
1170
1176
1187
1188
1188
1208
1212
1228
1232
1228
1224
1224
1225
1214
1210
1206
1211
1215
1221
1239
1242
1258
1261
1279
1303
1330
1353
1383
1398
1397
1409
1409
1410
1423
1410
1398
1391
1372
1381
1364
1360
1350
1350
1355
1358
1374
1375
1384
1364
1371
1385
1395
1404
1430
1449
1477
1486
1510
1529
1536
1536
1535
1535
1518
1517
1515
1501
1484
1462
1437
1415
1390
1370
1365
1351
1339
1330
1317
1323
1328
1329
1334
1337
1342
1340
1341
1326
1326
1314
1299
1286
1278
1279
1269
1269
1262
1255
1253
1254
1262
1260
1269
1265
1283
1281
1287
1290
1305
1312
1327
1330
1330
1331
1330
1327
1324
1318
1322
1316
1310
1305
1303
1275
1280
1261
1265
1273
1279
1282
1282
1296
1291
1297
1305
1304
1296
1292
1286
1283
1291
1294
1280
1282
1289
1280
1270
1261
1243
1235
1225
1200
1181
1154
1137
1115
1096
1067
1056
1033
1012
982
960
932
909
908
887
874
875
871
871
868
877
886
896
917
942
970
995
1023
1050
1075
1085
1102
1120
1122
1116
1132
1134
1142
1154
1164
1170
1177
1187
1183
1184
1187
1181
1195
1179
1186
1178
1177
1183
1167
1168
1157
1165
1159
1149
1151
1143
1148
1150
1153
1165
1163
1160
1165
1172
1184
1202
1217
1236
1239
1268
1290
1305
1320
1336
1350
1347
1353
1359
1344
1357
1342
1347
1336
1339
1322
1314
1286
1271
1251
1249
1248
1233
1231
1230
1218
1223
1219
1223
1231
1248
1255
1272
1276
1296
1313
1319
1334
1358
1367
1364
1380
1391
1401
1413
1422
1430
1435
1439
1444
1448
1445
1444
1436
1426
1419
1417
1421
1407
1390
1377
1372
1364
1360
1342
1334
1316
1299
1282
1274
1258
1265
1276
1291
1317
1342
1370
1386
1423
1435
1464
1484
1513
1528
1552
1585
1604
1629
1658
1679
1719
1734
1757
1789
1807
1796
1796
1782
1776
1768
1748
1735
1702
1693
1675
1661
1647
1620
1607
1582
1577
1564
1543
1540
1521
1526
1514
1516
1510
1517
1528
1525
1548
1561
1569
1579
1590
1581
1565
1562
1562
1570
1579
1567
1580
1576
1577
1554
1541
1516
1485
1457
1427
1398
1380
1364
1366
1353
1350
1354
1366
1370
1400
1402
1409
1427
1448
1465
1481
1504
1532
1555
1576
1596
1619
1623
1620
1617
1616
1596
1587
1574
1571
1571
1592
1599
1614
1619
1629
1637
1640
1650
1652
1667
1667
1659
1663
1650
1655
1644
1657
1648
1665
1648
1658
1638
1620
1609
1599
1608
1607
1599
1585
1584
1567
1558
1565
1560
1554
1556
1555
1555
1542
1522
1539
1537
1537
1546
1556
1568
1566
1556
1553
1539
1521
1517
1508
1495
1489
1472
1473
1468
1471
1458
1466
1458
1460
1445
1432
1412
1396
1385
1368
1346
1334
1320
1318
1311
1280
1258
1235
1199
1168
1137
1108
1083
1061
1043
1046
1037
1055
1063
1089
1101
1112
1133
1135
1143
1166
1179
1205
1219
1244
1253
1271
1278
1283
1276
1264
1245
1224
1203
1193
1175
1159
1147
1135
1116
1092
1070
1052
1024
997
976
969
964
956
949
959
958
974
993
1019
1047
1072
1109
1137
1161
1190
1227
1269
1305
1350
1382
1434
1464
1514
1548
1581
1596
1623
1660
1681
1693
1719
1731
1744
1761
1787
1789
1798
1812
1814
1815
1818
1808
1796
1788
1767
1754
1738
1734
1718
1703
1692
1686
1657
1640
1604
1575
1547
1522
1505
1488
1489
1479
1493
1480
1499
1487
1497
1503
1510
1511
1535
1528
1551
1571
1573
1598
1612
1611
1614
1594
1586
1564
1538
1529
1521
1510
1508
1523
1540
1556
1566
1571
1582
1587
1599
1617
1659
1699
1738
1800
1861
1919
1971
2011
2029
2073
2082
2077
2070
2051
2022
1987
1967
1953
1916
1894
1882
1856
1829
1800
1762
1742
1725
1697
1678
1676
1674
1669
1687
1717
1743
1781
1817
1861
1889
1903
1931
1948
1953
1975
1973
1974
1962
1949
1937
1928
1925
1921
1909
1895
1869
1833
1824
1800
1772
1761
1755
1728
1748
1737
1728
1728
1753
1762
1782
1777
1818
1821
1836
1831
1827
1821
1825
1827
1850
1844
1869
1888
1897
1917
1924
1943
1943
1965
1982
1983
1990
2001
2031
2040
2050
2061
2068
2075
2057
2067
2041
2027
2026
2008
2005
1983
1978
1959
1946
1932
1914
1904
1887
1888
1890
1897
1890
1902
1912
1916
1919
1904
1923
1916
1928
1923
1934
1930
1925
1911
1924
1919
1931
1915
1896
1869
1854
1832
1812
1792
1782
1748
1724
1715
1703
1672
1667
1651
1640
1621
1625
1607
1603
1586
1596
1583
1590
1590
1603
1606
1609
1618
1632
1653
1680
1690
1699
1721
1737
1759
1768
1787
1809
1810
1832
1858
1877
1876
1899
1888
1905
1904
1909
1907
1909
1903
1909
1913
1905
1918
1940
1939
1968
1972
1978
1980
1976
1966
1968
1940
1930
1912
1897
1882
1859
1822
1790
1747
1733
1698
1680
1663
1651
1639
1627
1620
1616
1621
1632
1637
1673
1702
1742
1764
1782
1807
1848
1896
1925
1972
2016
2047
2058
2058
2044
2014
1976
1965
1930
1882
1847
1810
1755
1724
1704
1655
1642
1640
1640
1649
1663
1652
1656
1636
1653
1664
1704
1747
1779
1820
1837
1871
1899
1920
1930
1954
1954
1935
1922
1900
1871
1840
1801
1761
1722
1694
1662
1624
1585
1520
1483
1425
1389
1362
1340
1317
1310
1307
1312
1307
1344
1368
1425
1466
1514
1566
1626
1666
1702
1725
1735
1740
1737
1742
1728
1719
1658
1605
1556
1498
1450
1426
1402
1411
1409
1413
1444
1472
1515
1554
1609
1672
1747
1817
1885
1950
2016
2072
2124
2150
2186
2196
2217
2205
2206
2194
2190
2163
2148
2130
2100
2051
2026
1977
1944
1913
1877
1828
1819
1804
1789
1800
1807
1802
1804
1794
1791
1800
1797
1789
1799
1810
1816
1816
1842
1861
1881
1903
1927
1938
1962
1978
2006
2036
2062
2062
2110
2141
2156
2159
2162
2173
2188
2209
2241
2262
2279
2294
2315
2314
2330
2329
2347
2361
2381
2380
2392
2404
2406
2401
2385
2343
2326
2288
2281
2248
2204
2177
2144
2095
2059
2025
1991
1971
1942
1908
1894
1862
1841
1814
1785
1764
1759
1738
1738
1726
1716
1698
1689
1665
1647
1625
1608
1580
1555
1540
1527
1520
1507
1510
1515
1520
1546
1548
1583
1601
1624
1637
1658
1686
1700
1717
1739
1768
1773
1792
1796
1813
1822
1823
1827
1837
1843
1833
1846
1831
1820
1801
1790
1774
1746
1746
1716
1689
1663
1627
1599
1571
1545
1524
1511
1493
1478
1442
1408
1374
1344
1307
1297
1272
1264
1256
1245
1236
1231
1215
1202
1191
1174
1156
1138
1120
1087
1068
1063
1063
1063
1053
1060
1066
1059
1051
1056
1040
1024
1006
994
979
970
970
960
967
961
956
962
972
969
966
964
964
955
954
947
938
928
910
923
933
943
961
983
1006
1031
1056
1089
1119
1140
1165
1196
1228
1257
1290
1336
1368
1410
1442
1472
1491
1510
1533
1550
1547
1556
1553
1564
1558
1563
1570
1568
1564
1561
1559
1564
1544
1541
1522
1507
1487
1481
1472
1459
1453
1430
1407
1398
1372
1347
1328
1320
1304
1308
1308
1326
1328
1351
1359
1386
1394
1419
1443
1473
1480
1487
1507
1518
1548
1567
1602
1630
1638
1645
1632
1625
1600
1577
1561
1532
1494
1468
1447
1453
1487
1491
1489
1492
1509
1499
1487
1496
1478
1479
1490
1517
1539
1558
1568
1588
1600
1607
1591
1590
1572
1565
1554
1545
1551
1538
1526
1507
1484
1464
1459
1473
1471
1483
1481
1477
1448
1451
1444
1461
1475
1508
1533
1547
1558
1571
1583
1612
1625
1646
1673
1699
1735
1770
1783
1816
1825
1861
1879
1907
1918
1935
1921
1916
1921
1899
1907
1916
1904
1908
1896
1889
1888
1872
1873
1862
1847
1827
1808
1777
1763
1762
1756
1754
1748
1751
1759
1754
1761
1755
1758
1769
1778
1800
1799
1848
1861
1890
1919
1933
1961
1980
1983
1975
1983
1999
1991
1988
1964
1957
1957
1919
1913
1869
1837
1808
1763
1715
1689
1664
1641
1644
1636
1616
1595
1576
1573
1551
1527
1511
1476
1464
1438
1422
1383
1349
1325
1293
1269
1234
1191
1146
1113
1071
1009
962
918
869
810
775
717
694
654
631
600
590
570
566
557
556
565
574
594
615
643
665
699
738
776
812
829
850
864
872
881
904
932
947
976
1003
1027
1063
1090
1109
1125
1163
1192
1204
1219
1243
1258
1289
1313
1321
1339
1356
1374
1378
1391
1379
1372
1362
1347
1339
1345
1346
1345
1346
1359
1366
1366
1370
1378
1370
1367
1367
1351
1328
1313
1304
1276
1257
1227
1196
1169
1144
1121
1092
1058
1021
985
946
905
864
824
778
734
707
679
641
626
606
601
582
574
576
568
570
579
593
613
630
656
685
717
760
791
836
861
877
906
941
963
1001
1026
1082
1117
1165
1203
1250
1285
1306
1334
1336
1354
1378
1406
1409
1436
1440
1449
1455
1451
1468
1454
1457
1457
1472
1465
1466
1495
1506
1526
1518
1534
1559
1564
1551
1582
1591
1591
1597
1584
1587
1588
1586
1573
1560
1532
1529
1518
1513
1526
1533
1538
1551
1552
1551
1542
1550
1547
1570
1591
1608
1609
1627
1611
1620
1631
1632
1621
1612
1616
1620
1615
1611
1611
1605
1599
1612
1592
1603
1593
1588
1596
1612
1607
1620
1623
1634
1646
1659
1668
1681
1691
1698
1694
1697
1700
1685
1666
1656
1644
1652
1667
1678
1689
1695
1696
1704
1709
1707
1704
1704
1686
1702
1695
1704
1691
1692
1687
1696
1696
1701
1698
1693
1700
1691
1692
1677
1662
1647
1643
1630
1619
1601
1589
1576
1569
1550
1526
1525
1512
1493
1486
1468
1450
1445
1434
1434
1438
1447
1461
1475
1500
1504
1516
1526
1535
1555
1553
1564
1563
1578
1583
1566
1561
1544
1517
1495
1443
1404
1367
1335
1317
1320
1323
1323
1316
1310
1307
1298
1307
1306
1295
1293
1283
1305
1314
1316
1327
1325
1345
1347
1343
1358
1339
1339
1325
1320
1310
1299
1280
1273
1257
1251
1238
1232
1226
1219
1219
1210
1195
1183
1167
1155
1146
1130
1125
1119
1107
1109
1097
1099
1094
1092
1077
1086
1074
1077
1078
1076
1067
1079
1065
1075
1071
1071
1068
1065
1065
1061
1059
1053
1056
1045
1045
1035
1021
1008
1001
988
986
983
958
962
958
958
948
952
951
957
953
952
951
945
945
952
951
942
938
942
940
948
950
953
971
978
978
986
985
972
971
987
987
980
976
979
986
977
980
982
990
978
974
974
959
950
933
925
911
907
884
873
864
862
851
836
826
819
798
787
774
755
727
714
706
697
684
690
690
684
686
690
686
697
700
713
714
714
714
719
718
735
745
761
771
778
771
777
772
782
791
800
798
799
800
813
804
803
805
801
813
805
806
809
809
803
799
784
778
777
772
775
784
788
790
797
787
780
785
781
774
767
749
756
739
738
731
739
742
740
749
755
753
746
742
737
730
727
722
712
701
699
696
694
692
693
695
702
702
699
695
699
699
706
699
704
714
718
726
732
727
735
727
729
718
710
711
708
703
699
691
688
686
679
676
679
682
681
679
682
676
670
677
680
678
681
683
687
686
687
693
695
684
682
676
676
666
666
663
662
650
653
646
655
655
649
652
656
652
646
653
651
652
667
658
662
669
674
673
679
678
682
675
674
672
671
667
668
666
667
657
658
655
650
639
654
632
623
614
615
606
603
595
593
594
586
582
588
581
582
565
562
535
488
294
-3
-2
-1
-2
-2
-2
-1
0
621
598
-3
0
0
0
0

