;UFOS3
;Measurement details: channel = S, date = 01.06.2018, time = 03:30:40
Exposure=820
Gain=0
Temperature=10.8
Accummulate=4
3.499 mu
3.577 amas
15.99 hs
0 ozone
0 uva
0 uvb
0 uve
[Value]
0
325
326
326
326
327
326
326
363
364
396
387
368
367
403
381
380
359
397
393
378
367
426
396
387
366
423
399
383
384
426
403
380
372
426
405
396
365
412
404
373
368
430
407
390
364
426
407
381
370
409
401
368
376
421
398
367
371
423
398
387
365
409
394
379
366
433
396
380
365
421
395
371
380
429
401
379
369
408
398
382
374
423
396
378
372
418
405
366
372
428
406
373
377
422
412
367
364
427
399
367
372
409
400
376
370
422
398
377
368
417
399
374
376
419
403
376
374
416
399
376
379
429
407
384
377
412
403
378
369
407
394
377
367
420
418
375
378
414
392
388
378
416
404
372
375
417
401
368
401
416
403
368
369
428
405
391
369
416
412
367
368
411
401
392
389
409
405
396
368
418
396
385
395
416
405
373
379
423
393
376
367
417
407
383
375
431
404
383
382
408
421
371
381
411
404
383
375
429
398
382
370
416
400
382
371
415
391
384
375
427
402
366
389
411
398
378
366
410
411
391
368
415
399
382
375
418
398
375
365
418
395
371
372
415
402
376
375
406
403
392
374
412
403
377
383
419
393
390
372
413
398
379
371
415
418
377
383
422
401
371
398
418
404
385
360
406
398
384
366
409
394
370
384
419
406
378
379
420
408
380
370
412
413
383
363
420
391
381
376
409
412
380
369
409
404
380
372
417
402
385
366
417
402
387
384
408
396
383
360
414
405
398
372
419
403
384
378
417
401
372
373
413
398
372
378
410
398
388
375
427
398
383
374
422
394
399
364
427
416
378
373
412
412
371
379
425
407
379
373
422
404
372
381
406
391
373
372
417
396
397
378
419
399
396
373
430
397
387
379
407
407
388
374
406
406
382
375
413
398
381
367
414
397
378
383
411
393
379
375
414
406
374
367
414
393
383
367
414
423
383
372
423
415
385
373
429
390
388
375
416
399
379
367
408
401
393
378
409
397
382
386
409
403
375
369
415
395
387
375
414
400
372
361
425
405
369
383
420
406
385
379
404
407
371
373
414
406
383
364
414
388
378
388
411
392
385
381
415
407
394
369
419
401
379
382
411
402
376
379
411
411
384
368
418
392
385
391
421
403
394
378
420
393
382
378
414
398
378
380
410
398
385
373
422
394
384
373
434
392
394
381
419
396
370
393
407
406
377
375
415
394
386
368
412
397
378
393
413
397
382
378
414
393
383
372
407
406
382
398
417
398
384
382
411
404
386
386
413
408
382
385
400
400
390
373
412
402
376
368
411
394
390
376
411
401
399
391
421
400
374
379
420
398
384
388
420
407
381
375
413
395
387
370
417
407
385
382
410
396
380
377
411
404
380
381
416
399
376
384
417
399
380
397
427
391
393
374
411
396
391
389
415
394
386
379
412
390
382
381
419
395
377
386
415
396
372
382
416
397
395
374
423
394
382
375
426
399
371
381
409
398
414
373
418
392
378
371
404
399
377
373
405
401
369
373
409
384
402
385
407
388
384
371
406
400
375
368
410
396
378
383
411
398
388
385
419
403
383
368
421
391
385
383
415
395
384
386
418
391
380
372
415
388
389
374
411
401
387
386
425
390
386
359
404
403
379
374
405
396
389
379
399
391
378
378
406
396
378
372
415
399
382
384
405
387
381
391
407
405
383
377
412
405
379
388
408
400
393
390
406
401
389
467
411
408
401
379
409
398
386
385
410
391
378
383
413
387
389
384
419
400
391
382
410
389
392
381
413
396
383
384
406
412
393
372
413
398
377
379
420
408
390
384
414
390
384
384
403
405
380
387
411
398
387
384
404
395
389
380
414
394
387
373
418
396
386
384
404
401
388
383
420
395
392
384
412
396
376
378
411
397
387
380
414
393
392
391
409
395
397
379
409
399
408
387
405
401
386
386
411
404
389
393
412
406
387
375
401
395
404
391
407
397
382
384
406
401
382
386
412
398
400
392
410
393
378
379
417
404
395
393
408
398
387
375
404
391
393
390
417
405
393
382
410
400
396
413
418
396
391
386
409
397
389
393
407
403
391
389
416
398
389
388
406
405
395
388
413
396
386
387
413
400
394
390
413
408
397
385
416
399
394
398
410
401
403
391
417
411
389
390
418
404
409
388
424
404
399
396
413
410
399
398
418
407
423
385
418
406
411
386
419
415
397
397
430
417
389
390
422
433
401
395
411
411
418
402
422
406
412
407
422
406
422
402
424
415
411
396
418
407
407
403
417
409
426
404
422
409
415
411
426
415
410
406
426
417
403
398
432
420
429
408
434
418
418
422
432
426
414
417
442
440
429
423
450
449
436
428
454
439
442
436
452
446
442
430
462
451
450
427
456
452
434
433
448
437
434
431
462
449
441
440
461
458
457
450
472
454
449
466
469
469
462
460
475
471
468
461
469
473
483
483
503
488
471
479
500
484
482
471
496
493
480
472
491
490
484
480
503
494
483
473
492
490
487
479
500
477
482
487
512
504
503
505
510
501
500
486
525
500
516
490
527
517
503
494
513
510
521
510
522
518
522
510
536
526
514
527
537
524
526
529
547
542
536
526
551
527
531
526
539
529
527
513
533
513
510
515
525
511
506
508
513
526
525
518
531
526
531
520
540
534
544
531
559
570
567
565
582
577
581
580
593
600
594
590
607
604
615
620
627
616
623
616
641
620
624
622
641
625
625
618
653
623
633
625
633
613
614
607
607
600
595
594
609
593
609
591
612
598
610
614
637
617
635
628
652
653
659
667
690
717
701
704
715
715
735
708
717
718
707
709
724
712
719
701
752
705
711
704
706
702
692
699
701
697
710
709
730
719
722
726
745
743
765
755
786
787
811
803
815
822
831
839
858
854
857
877
877
885
879
889
892
885
886
880
894
882
866
865
880
848
853
837
842
844
839
836
857
848
856
838
867
855
865
855
880
869
898
872
882
871
882
857
880
864
863
851
858
850
854
826
824
811
809
791
814
779
775
774
777
775
789
772
812
802
810
796
813
801
830
830
854
846
870
868
890
879
899
873
900
897
896
896
914
916
915
924
921
929
946
936
978
950
954
966
999
971
977
974
990
983
996
983
986
967
978
965
967
953
957
943
955
942
944
939
950
939
947
931
955
940
950
943
966
961
976
976
1005
1000
1007
1023
1057
1055
1076
1106
1102
1116
1133
1133
1165
1176
1217
1201
1221
1214
1234
1234
1253
1245
1260
1264
1249
1255
1266
1255
1263
1261
1263
1256
1273
1270
1270
1245
1271
1262
1253
1254
1273
1263
1267
1246
1254
1244
1237
1219
1229
1225
1226
1204
1197
1203
1195
1188
1212
1205
1213
1201
1223
1212
1228
1215
1223
1229
1238
1233
1246
1247
1245
1224
1244
1240
1236
1225
1246
1246
1265
1269
1308
1309
1324
1337
1370
1384
1432
1450
1469
1497
1526
1549
1575
1594
1621
1625
1683
1687
1715
1712
1758
1747
1761
1744
1768
1766
1767
1796
1815
1794
1791
1811
1785
1777
1766
1746
1753
1736
1721
1723
1700
1667
1660
1632
1595
1581
1575
1535
1531
1502
1490
1458
1439
1412
1427
1389
1400
1373
1385
1367
1375
1375
1394
1405
1416
1404
1425
1433
1434
1430
1450
1460
1461
1474
1505
1481
1503
1475
1501
1490
1508
1483
1481
1483
1474
1466
1455
1441
1436
1419
1405
1379
1356
1345
1347
1340
1337
1336
1340
1318
1343
1325
1353
1368
1390
1395
1412
1437
1434
1441
1464
1450
1450
1440
1423
1405
1404
1366
1376
1354
1342
1326
1332
1326
1309
1289
1294
1285
1301
1284
1273
1274
1278
1275
1312
1306
1329
1340
1343
1364
1377
1412
1404
1423
1440
1434
1473
1447
1435
1439
1446
1439
1436
1436
1455
1456
1464
1461
1467
1471
1491
1478
1490
1508
1507
1510
1520
1530
1546
1563
1583
1588
1585
1571
1567
1532
1538
1506
1467
1446
1420
1402
1396
1375
1369
1353
1343
1332
1356
1326
1345
1354
1345
1355
1368
1382
1422
1403
1404
1401
1403
1414
1420
1412
1407
1385
1379
1340
1346
1341
1324
1333
1338
1337
1349
1366
1410
1404
1456
1470
1503
1508
1551
1551
1552
1551
1572
1571
1584
1577
1606
1600
1616
1600
1596
1617
1603
1600
1575
1587
1592
1582
1628
1624
1634
1639
1668
1688
1730
1736
1759
1772
1782
1774
1791
1786
1798
1785
1781
1770
1735
1747
1744
1728
1728
1737
1738
1737
1742
1754
1749
1750
1748
1758
1765
1790
1806
1825
1852
1859
1902
1897
1922
1914
1923
1913
1918
1903
1888
1870
1864
1851
1825
1787
1782
1740
1745
1725
1728
1713
1716
1705
1706
1700
1712
1709
1735
1711
1727
1692
1702
1691
1697
1673
1659
1654
1655
1653
1664
1637
1646
1631
1636
1646
1648
1647
1670
1651
1694
1678
1684
1692
1707
1702
1725
1709
1701
1705
1711
1714
1711
1688
1700
1684
1675
1653
1666
1647
1648
1654
1667
1662
1658
1666
1676
1679
1691
1692
1671
1675
1663
1660
1667
1680
1665
1653
1668
1645
1643
1640
1624
1611
1608
1569
1578
1530
1521
1491
1467
1459
1442
1406
1402
1358
1350
1307
1289
1286
1274
1257
1254
1263
1261
1241
1275
1270
1292
1292
1319
1345
1395
1399
1427
1461
1467
1465
1507
1506
1503
1513
1512
1544
1542
1536
1572
1557
1589
1545
1583
1574
1565
1571
1547
1567
1569
1541
1557
1561
1553
1539
1551
1538
1535
1529
1530
1533
1535
1533
1547
1533
1550
1543
1570
1562
1570
1584
1625
1621
1653
1655
1689
1709
1716
1735
1736
1745
1760
1725
1744
1733
1733
1710
1731
1709
1695
1668
1651
1629
1637
1627
1634
1610
1613
1605
1594
1601
1611
1610
1634
1653
1654
1655
1680
1686
1692
1700
1733
1742
1750
1759
1778
1780
1791
1792
1828
1817
1839
1818
1830
1821
1808
1820
1818
1814
1807
1785
1786
1789
1763
1737
1758
1728
1723
1700
1689
1679
1669
1643
1658
1664
1651
1678
1712
1722
1744
1769
1797
1829
1844
1852
1910
1907
1939
1956
1988
2020
2045
2045
2090
2123
2140
2156
2205
2181
2201
2156
2166
2135
2139
2115
2088
2062
2052
2032
2035
1998
1980
1961
1959
1956
1929
1915
1906
1910
1906
1890
1902
1884
1899
1899
1933
1935
1959
1965
1970
1964
1939
1938
1949
1942
1966
1945
1960
1964
1976
1953
1928
1899
1871
1832
1815
1791
1749
1744
1748
1735
1738
1721
1743
1747
1774
1775
1822
1803
1829
1833
1864
1895
1941
1928
1954
1983
1998
2006
2002
1998
1990
1977
1957
1957
1949
1944
1982
1988
1991
1988
2009
2013
2019
2024
2040
2038
2059
2024
2047
2049
2031
2017
2045
2034
2051
2023
2052
2028
1990
2001
1994
1984
1983
1968
1960
1971
1942
1940
1951
1948
1934
1905
1943
1935
1927
1907
1917
1915
1921
1921
1924
1939
1948
1919
1940
1913
1905
1894
1908
1876
1865
1849
1877
1845
1843
1829
1853
1836
1838
1817
1822
1790
1762
1766
1751
1729
1711
1699
1700
1681
1659
1626
1622
1582
1554
1500
1507
1456
1454
1433
1431
1414
1428
1444
1485
1481
1511
1500
1520
1536
1552
1549
1590
1610
1621
1641
1650
1650
1669
1641
1653
1639
1615
1575
1574
1551
1545
1534
1530
1497
1466
1439
1427
1411
1383
1344
1355
1356
1345
1319
1354
1342
1363
1361
1425
1435
1451
1482
1540
1559
1571
1601
1651
1682
1736
1749
1808
1867
1879
1916
1965
1986
2001
2030
2071
2073
2097
2100
2131
2138
2162
2161
2189
2196
2190
2186
2197
2182
2189
2158
2151
2133
2094
2108
2093
2074
2071
2045
2051
2010
1964
1946
1935
1917
1882
1874
1883
1877
1862
1851
1881
1866
1866
1878
1888
1897
1910
1905
1936
1945
1951
1976
2001
1993
1981
1971
1978
1958
1920
1898
1911
1898
1889
1912
1939
1948
1956
1947
1967
1967
1970
1997
2042
2103
2120
2180
2254
2302
2355
2380
2423
2456
2466
2443
2454
2425
2389
2366
2362
2348
2295
2278
2267
2243
2209
2182
2167
2140
2103
2075
2074
2070
2066
2050
2078
2103
2121
2152
2216
2257
2256
2274
2331
2331
2330
2337
2357
2356
2328
2316
2324
2314
2306
2285
2306
2276
2250
2203
2201
2194
2148
2139
2139
2122
2120
2097
2120
2124
2123
2126
2180
2160
2193
2175
2221
2224
2188
2199
2221
2220
2232
2212
2251
2276
2275
2288
2320
2326
2316
2326
2365
2351
2362
2362
2416
2427
2417
2435
2451
2440
2446
2425
2451
2403
2396
2372
2391
2362
2357
2316
2330
2315
2295
2267
2264
2274
2265
2262
2300
2305
2283
2282
2316
2295
2296
2293
2312
2318
2297
2291
2311
2312
2295
2303
2302
2295
2273
2241
2250
2213
2190
2153
2179
2126
2105
2076
2092
2072
2037
2021
2040
2023
2005
1977
1992
1972
1959
1959
1975
1976
1987
1974
2007
2002
2025
2034
2062
2086
2072
2094
2132
2149
2153
2157
2199
2210
2203
2217
2271
2288
2269
2257
2294
2298
2279
2280
2309
2286
2293
2265
2306
2301
2308
2304
2367
2350
2359
2357
2356
2356
2344
2309
2315
2307
2280
2250
2257
2201
2153
2128
2125
2098
2040
2028
2034
2037
1991
1995
2020
2002
2010
2004
2069
2084
2123
2131
2185
2189
2251
2253
2340
2339
2371
2412
2442
2437
2401
2374
2381
2359
2305
2239
2245
2193
2136
2091
2088
2041
2037
2011
2037
2026
2036
2039
2048
2029
2024
2032
2102
2146
2145
2185
2232
2260
2265
2289
2340
2346
2332
2310
2321
2286
2246
2201
2194
2161
2109
2068
2056
2013
1952
1894
1877
1820
1765
1731
1736
1717
1688
1682
1705
1704
1715
1745
1816
1840
1901
1946
2028
2050
2083
2092
2133
2146
2108
2106
2125
2106
2046
1989
1963
1895
1829
1800
1804
1800
1774
1775
1856
1869
1897
1926
2018
2101
2122
2177
2279
2323
2384
2438
2517
2548
2550
2573
2598
2601
2572
2567
2571
2550
2519
2500
2488
2456
2392
2366
2341
2304
2245
2221
2210
2187
2176
2163
2192
2186
2184
2157
2179
2192
2162
2157
2196
2202
2186
2187
2241
2262
2251
2279
2313
2314
2332
2338
2391
2432
2417
2440
2494
2534
2534
2510
2550
2552
2565
2571
2638
2646
2641
2655
2697
2704
2690
2692
2737
2737
2732
2743
2809
2794
2777
2761
2771
2726
2688
2658
2650
2625
2589
2556
2530
2488
2432
2389
2398
2364
2328
2273
2278
2265
2209
2202
2186
2145
2121
2116
2148
2123
2093
2067
2078
2061
2017
1995
2008
1962
1929
1904
1936
1903
1889
1881
1899
1909
1925
1911
1979
1989
1966
2023
2060
2074
2069
2095
2129
2162
2139
2152
2200
2197
2202
2195
2230
2236
2199
2200
2248
2205
2196
2175
2189
2148
2126
2112
2103
2077
2023
2006
1992
1961
1914
1884
1910
1888
1840
1820
1813
1773
1721
1676
1700
1673
1628
1634
1652
1626
1605
1592
1619
1574
1552
1530
1535
1511
1469
1429
1465
1463
1436
1426
1457
1451
1441
1422
1456
1436
1411
1393
1412
1384
1357
1339
1370
1355
1336
1327
1363
1357
1349
1341
1383
1355
1329
1315
1347
1315
1310
1293
1329
1333
1326
1329
1382
1394
1410
1423
1490
1510
1521
1539
1592
1612
1627
1663
1731
1753
1782
1810
1862
1880
1885
1908
1950
1935
1929
1918
1963
1956
1949
1925
1963
1957
1928
1918
1951
1931
1917
1894
1899
1898
1842
1844
1854
1839
1796
1783
1805
1760
1733
1705
1733
1693
1679
1669
1746
1727
1719
1741
1775
1798
1805
1813
1875
1858
1865
1858
1915
1943
1943
1992
2034
2040
2015
1997
2010
1994
1956
1935
1916
1888
1827
1802
1858
1874
1857
1865
1891
1890
1883
1860
1889
1887
1858
1852
1908
1933
1931
1948
1977
2011
1984
1957
1970
1963
1947
1921
1943
1927
1912
1885
1887
1866
1842
1827
1865
1862
1851
1840
1867
1833
1824
1822
1845
1864
1890
1903
1950
1952
1934
1958
2007
2048
2013
2042
2089
2123
2143
2147
2201
2217
2229
2248
2290
2288
2302
2296
2296
2299
2296
2271
2304
2286
2280
2257
2283
2264
2252
2229
2246
2228
2190
2169
2151
2130
2127
2110
2136
2137
2124
2121
2149
2155
2124
2125
2165
2180
2173
2174
2223
2250
2253
2277
2319
2360
2350
2343
2370
2362
2369
2351
2388
2342
2343
2313
2308
2304
2257
2188
2190
2140
2087
2056
2062
2023
2010
1998
2001
1976
1954
1948
1957
1906
1882
1847
1868
1830
1796
1766
1739
1715
1669
1639
1646
1574
1527
1497
1479
1400
1352
1284
1258
1217
1143
1110
1097
1043
1007
976
984
965
932
927
948
953
956
981
1013
1025
1052
1082
1131
1170
1188
1204
1246
1250
1256
1253
1298
1307
1319
1354
1403
1417
1442
1458
1494
1519
1535
1572
1594
1609
1605
1632
1667
1685
1706
1697
1746
1759
1756
1760
1776
1758
1736
1716
1724
1729
1701
1712
1754
1755
1726
1732
1753
1743
1744
1736
1749
1741
1697
1677
1685
1674
1623
1609
1599
1550
1522
1484
1485
1436
1395
1363
1348
1295
1251
1194
1177
1121
1084
1056
1044
1011
983
983
972
965
953
945
970
969
966
980
1041
1042
1061
1106
1162
1196
1206
1228
1293
1316
1326
1340
1401
1426
1468
1491
1558
1590
1639
1652
1700
1736
1713
1726
1762
1792
1786
1799
1837
1823
1828
1833
1852
1853
1836
1818
1864
1864
1852
1853
1897
1920
1904
1907
1947
1951
1928
1944
1988
1975
1970
1947
1988
1975
1957
1922
1927
1934
1904
1876
1902
1912
1902
1905
1928
1925
1928
1921
1954
1930
1944
1944
1998
1984
1994
1983
2005
2004
2011
1991
2015
1985
1971
1981
1982
1993
1983
1987
2003
1977
1973
1966
1973
1977
1973
1970
2011
2002
2006
2019
2043
2053
2063
2051
2077
2063
2084
2075
2072
2050
2032
2017
2038
2046
2045
2073
2069
2090
2080
2078
2090
2099
2068
2053
2091
2104
2084
2061
2076
2085
2081
2058
2088
2072
2072
2092
2081
2086
2061
2031
2036
2034
2003
1988
1977
1967
1957
1944
1950
1917
1892
1876
1882
1873
1850
1810
1831
1832
1811
1810
1832
1858
1857
1867
1895
1882
1891
1897
1942
1937
1934
1934
1972
1970
1944
1916
1921
1898
1852
1799
1807
1759
1699
1687
1735
1713
1705
1683
1688
1694
1674
1686
1710
1680
1659
1648
1698
1693
1692
1684
1717
1742
1727
1722
1769
1722
1722
1698
1720
1687
1666
1650
1666
1652
1613
1604
1625
1632
1605
1584
1586
1583
1558
1537
1551
1527
1511
1502
1522
1491
1478
1469
1472
1464
1468
1438
1489
1454
1447
1444
1473
1462
1446
1438
1461
1456
1443
1452
1461
1451
1431
1429
1448
1437
1424
1410
1438
1395
1389
1370
1379
1410
1356
1333
1358
1340
1341
1337
1361
1344
1339
1321
1337
1342
1315
1308
1339
1352
1327
1321
1319
1337
1325
1333
1349
1353
1362
1342
1373
1374
1349
1352
1384
1374
1354
1358
1371
1391
1355
1351
1375
1383
1356
1334
1359
1344
1331
1301
1320
1309
1290
1266
1264
1258
1243
1226
1231
1216
1203
1179
1179
1169
1117
1114
1106
1097
1078
1054
1093
1090
1064
1050
1090
1081
1076
1071
1101
1101
1092
1095
1111
1110
1115
1131
1157
1157
1166
1144
1160
1153
1165
1161
1192
1195
1171
1168
1199
1209
1187
1171
1195
1209
1193
1185
1201
1197
1178
1186
1182
1181
1174
1142
1165
1188
1160
1172
1193
1169
1157
1150
1184
1168
1146
1133
1150
1138
1111
1104
1134
1144
1138
1123
1155
1150
1129
1115
1141
1136
1118
1104
1126
1101
1090
1074
1086
1086
1086
1063
1093
1083
1074
1083
1102
1091
1090
1077
1105
1098
1092
1100
1132
1121
1111
1098
1136
1114
1087
1102
1112
1095
1071
1054
1087
1071
1064
1058
1086
1078
1048
1066
1080
1070
1058
1058
1073
1068
1061
1059
1085
1087
1068
1080
1087
1074
1067
1043
1062
1057
1056
1042
1045
1033
1031
1019
1061
1049
1017
1023
1061
1038
1028
1037
1045
1047
1040
1042
1052
1069
1063
1062
1066
1065
1059
1051
1046
1063
1048
1057
1062
1051
1055
1025
1056
1027
1035
1019
1056
1028
999
986
1011
1003
996
977
982
997
965
957
995
976
975
946
955
927
870
689
322
326
324
325
325
326
324
325
1020
984
323
325
326
0
0

