;UFOS3
;Measurement details: channel = D, date = 01.06.2018, time = 03:34:54
Exposure=684
Gain=0
Temperature=11.1
Accummulate=4
3.402 mu
3.476 amas
16.5 hs
0 ozone
0 uva
0 uvb
0 uve
[Value]
0
326
325
327
325
325
326
326
363
361
389
381
365
368
396
381
378
358
388
386
374
364
413
389
384
363
412
394
377
381
416
394
375
366
412
396
391
362
406
399
370
365
417
397
383
362
413
402
376
364
399
388
364
371
413
392
364
368
411
395
381
363
401
389
375
364
424
390
376
361
408
385
368
376
418
398
375
367
399
392
379
370
416
392
375
368
410
397
364
370
412
396
370
370
413
402
364
361
418
390
361
367
397
395
374
365
410
392
373
363
408
395
371
373
412
395
371
370
409
391
375
375
420
401
379
372
404
396
374
366
397
387
375
366
411
410
372
373
405
390
386
374
405
398
370
370
407
392
363
394
402
395
366
364
420
398
384
366
408
404
366
364
403
395
388
383
405
401
391
366
409
392
378
390
405
398
368
374
412
387
371
363
408
401
379
369
427
396
380
379
401
413
369
376
406
400
379
373
419
392
379
367
407
396
377
365
408
387
380
372
414
396
365
383
402
394
374
361
398
400
385
366
409
398
380
372
403
391
373
361
408
388
369
368
405
396
374
371
403
395
387
369
406
397
374
377
415
387
387
370
405
392
376
367
405
409
375
379
417
393
368
386
411
399
381
359
398
389
380
361
398
389
363
379
409
398
373
374
418
402
378
366
401
405
381
361
409
386
377
371
399
408
375
364
400
398
374
369
410
393
382
366
408
395
381
379
405
391
380
355
407
400
393
368
411
399
377
373
404
397
370
371
401
392
370
373
406
388
385
370
415
392
378
371
408
388
389
363
417
407
370
368
403
406
367
377
408
403
377
371
417
398
369
375
400
386
371
367
412
389
392
372
412
394
391
368
424
391
380
374
399
399
384
368
399
402
378
372
409
394
376
367
400
392
374
379
403
388
375
370
403
400
373
362
407
388
379
363
404
408
378
368
415
406
382
370
418
384
382
372
408
392
374
363
401
393
388
375
403
389
379
383
400
396
374
367
407
390
383
371
404
393
370
356
420
398
366
376
406
399
381
373
392
399
370
370
402
397
378
362
409
383
376
380
401
389
380
378
405
400
388
365
409
394
374
376
405
395
371
374
404
399
378
364
407
386
380
385
410
395
390
375
405
387
378
372
403
391
373
373
402
393
380
369
411
385
381
368
427
385
390
374
409
389
367
387
397
401
375
371
404
387
380
364
408
389
376
386
407
389
376
375
403
388
379
368
399
399
376
391
406
391
382
376
401
396
380
379
402
395
378
379
395
393
386
369
402
393
370
364
400
386
384
372
404
398
394
384
411
393
372
375
411
394
378
379
409
400
375
372
405
387
382
365
404
397
381
377
400
391
377
373
406
397
374
377
404
393
372
380
405
393
375
387
418
382
387
369
398
386
384
382
410
388
380
374
404
385
377
375
405
389
373
380
409
387
370
375
408
390
389
367
412
388
379
372
413
388
367
377
399
389
401
370
405
385
373
367
396
392
371
365
395
390
362
370
400
378
393
377
403
383
376
366
398
393
370
362
403
385
372
374
400
391
377
377
410
396
378
364
408
382
382
379
408
386
376
379
408
381
371
367
402
381
383
369
403
392
381
378
413
385
377
356
394
392
374
367
395
390
384
374
389
386
370
373
395
389
375
369
404
390
378
378
397
379
375
383
395
396
375
374
401
395
373
381
398
390
387
382
396
392
381
442
401
396
393
370
401
390
380
376
401
381
374
374
404
382
383
375
403
390
381
374
403
382
384
373
402
390
374
379
398
398
386
366
403
383
373
372
408
397
385
375
403
385
374
376
397
393
375
379
401
390
379
376
396
387
384
374
404
386
381
364
403
387
380
376
391
390
380
375
410
386
382
374
401
383
370
372
397
388
380
372
408
385
384
385
399
384
388
372
401
389
398
381
395
392
378
377
399
393
381
382
401
395
380
370
391
384
393
384
399
388
375
376
396
389
375
374
399
388
387
381
399
385
370
367
402
392
385
380
396
387
378
367
394
381
382
380
405
393
380
372
398
392
388
400
403
386
378
376
397
385
378
382
396
392
380
378
404
386
381
377
395
397
383
378
399
384
374
376
395
389
381
379
399
390
384
373
399
385
379
380
396
385
387
376
397
393
375
376
402
388
392
370
405
387
382
377
395
391
382
382
401
392
402
368
399
387
392
369
396
393
377
376
407
397
371
373
401
407
381
377
393
391
397
379
401
389
388
389
401
387
395
381
401
395
388
376
393
385
386
379
395
385
399
384
398
386
391
385
401
387
388
380
398
390
375
370
400
392
398
375
397
385
380
381
392
382
372
376
397
393
380
379
397
399
386
375
397
386
385
384
395
386
383
368
402
396
391
373
396
395
381
377
395
386
377
374
401
391
381
382
398
393
396
383
403
388
385
397
396
399
384
386
392
389
385
377
386
384
389
391
408
391
376
385
403
391
387
377
398
396
383
376
394
391
388
386
403
401
388
381
398
397
386
379
398
375
381
385
400
393
391
390
398
386
385
376
404
385
399
376
404
396
385
377
395
392
395
388
397
392
398
385
403
395
382
390
397
391
383
383
396
395
392
382
409
384
392
388
400
395
395
381
401
388
385
392
399
392
386
384
388
396
398
388
399
390
396
379
392
383
387
372
391
394
387
386
398
389
386
384
394
394
388
379
391
387
389
391
393
387
382
381
398
384
382
381
402
384
383
378
404
386
397
391
401
389
395
390
394
393
385
385
400
390
400
386
398
385
392
389
405
387
397
383
393
383
383
385
394
408
390
384
397
391
405
384
394
397
387
384
400
393
395
381
422
390
394
389
393
390
384
390
391
383
389
389
400
385
381
379
390
384
391
375
398
389
403
388
390
389
390
388
397
391
387
397
392
388
388
386
397
385
390
386
397
395
393
390
407
389
393
381
391
394
390
391
407
393
399
380
402
385
393
380
398
382
403
383
393
392
396
381
397
387
388
383
398
393
402
384
392
391
392
388
406
385
382
386
392
384
396
378
402
394
393
380
395
377
397
388
399
391
399
392
405
387
394
371
389
385
380
383
391
392
390
387
388
391
397
381
408
387
379
388
407
383
387
380
390
387
399
388
393
382
395
390
400
389
396
389
400
390
391
385
396
388
390
384
403
389
396
381
392
385
391
383
398
385
383
390
401
391
394
401
395
391
386
384
390
386
405
385
392
381
388
385
398
389
390
391
381
392
397
391
400
396
393
380
396
392
389
379
399
390
391
393
396
389
394
383
391
386
386
379
389
390
400
387
383
389
386
377
396
388
396
386
398
389
399
386
392
391
399
394
397
402
400
383
399
390
389
380
396
383
396
392
407
394
389
388
392
385
402
399
402
395
395
396
395
389
396
377
400
385
394
383
404
387
403
382
395
389
379
394
400
380
379
399
384
386
392
385
391
392
387
393
403
392
405
392
390
384
402
389
396
390
399
386
386
375
397
386
392
383
399
386
387
384
398
393
397
381
395
399
386
383
394
389
392
385
403
386
393
379
393
381
397
387
390
395
387
391
388
391
397
390
392
392
386
388
390
394
382
388
398
382
401
382
388
389
395
389
390
395
388
383
398
388
397
393
392
391
397
384
397
391
389
386
386
394
385
383
387
390
397
389
390
389
391
380
402
389
399
387
380
386
385
388
379
384
386
381
399
387
386
394
391
384
388
384
383
383
385
383
390
388
396
389
397
394
396
389
385
391
391
397
397
386
393
382
389
381
397
392
391
386
388
387
389
389
392
388
385
377
396
378
387
391
382
387
388
386
410
384
391
385
386
390
397
389
389
386
394
373
391
385
381
392
395
384
392
381
392
375
393
381
389
379
402
392
393
383
389
392
385
377
390
377
389
382
376
390
391
387
381
391
386
374
397
388
392
381
388
399
398
394
396
389
386
383
385
384
390
385
385
384
377
387
380
378
385
393
396
390
388
387
386
387
382
387
385
387
387
389
387
382
395
376
391
389
386
387
391
391
389
384
385
396
394
387
394
384
385
386
392
392
398
394
388
385
394
384
394
384
396
376
389
384
399
391
393
384
396
387
403
388
394
380
390
392
389
384
406
379
403
388
385
382
386
386
397
384
385
384
390
392
393
388
396
388
384
379
394
385
390
384
397
387
383
387
380
385
394
391
387
383
385
382
388
397
391
376
385
385
389
389
386
390
397
375
403
379
395
389
386
398
395
379
393
383
391
379
381
387
383
387
390
391
395
380
395
391
392
385
388
390
397
380
394
392
385
373
394
389
382
389
388
403
396
386
408
383
409
373
400
390
390
393
378
393
393
383
390
398
393
386
394
393
387
386
391
392
393
391
391
383
396
386
402
382
379
379
396
387
394
385
389
392
391
391
391
397
405
383
394
391
391
380
400
389
390
385
388
385
394
388
402
379
391
390
393
392
390
385
393
394
386
380
389
389
385
379
387
389
396
388
389
386
390
379
393
387
398
385
392
393
385
393
393
393
398
377
389
399
390
388
397
383
396
381
388
388
392
383
393
402
384
390
399
398
387
384
394
403
389
378
405
386
389
385
391
400
395
382
389
388
392
389
400
395
399
384
404
390
395
387
389
391
389
387
395
393
388
386
396
401
391
388
394
395
394
381
397
384
387
382
395
391
393
390
393
392
387
392
395
392
394
381
386
395
403
399
397
384
394
388
398
388
378
390
396
386
383
374
386
385
395
378
409
383
395
382
397
395
407
379
392
391
389
388
393
390
386
388
387
392
382
379
391
390
385
380
392
383
382
381
393
390
399
382
399
397
387
381
394
392
400
382
408
394
387
399
399
393
387
385
396
397
389
388
394
393
392
378
399
394
398
390
399
392
389
389
385
392
396
382
398
389
384
386
401
396
390
387
403
388
395
383
398
390
388
384
396
383
378
398
397
395
387
383
397
391
388
377
397
388
392
379
401
388
395
398
389
381
381
390
405
389
402
389
394
392
393
382
399
394
390
392
392
389
393
372
399
401
396
377
393
393
389
388
400
388
386
382
392
395
389
379
397
397
391
379
400
392
393
377
408
398
385
386
405
400
387
383
402
390
396
375
394
401
381
383
398
393
380
383
400
386
393
378
388
390
388
380
397
399
382
384
395
395
396
381
390
391
379
388
400
383
384
381
399
388
383
383
399
401
389
387
401
400
384
378
397
388
386
383
396
389
388
380
400
395
383
389
398
395
390
384
398
397
390
381
405
395
385
392
405
400
396
387
404
393
384
386
399
404
387
388
402
397
400
381
400
397
397
385
396
393
385
384
402
404
388
385
393
397
388
394
400
399
398
388
404
402
396
385
400
394
392
391
401
405
382
386
405
395
394
389
394
396
380
377
395
400
387
377
404
398
391
381
400
396
387
389
397
391
392
385
405
393
388
379
407
386
388
375
399
401
382
385
402
401
397
377
405
401
385
380
401
398
387
380
403
392
379
380
402
396
388
382
399
393
393
379
413
393
387
380
400
394
393
376
396
396
398
390
392
401
388
378
410
405
379
380
403
400
388
386
401
396
382
375
400
397
382
388
398
395
387
382
407
394
392
377
407
390
388
381
399
400
386
383
411
405
399
378
397
393
381
382
403
403
396
383
402
394
397
391
400
396
385
382
395
396
392
382
402
400
381
383
408
402
387
379
403
402
384
378
404
398
400
376
405
393
387
380
413
397
396
390
396
400
391
385
398
406
388
381
406
395
382
386
405
401
379
373
394
400
378
381
407
395
392
381
407
397
396
377
398
386
407
374
409
387
377
383
402
400
380
379
402
406
390
380
406
399
391
385
401
397
397
382
410
395
388
389
402
399
386
382
406
405
375
379
400
409
383
382
421
399
391
386
403
396
383
389
396
410
387
378
400
401
383
379
408
400
386
383
410
400
388
386
404
401
387
380
402
392
394
395
413
402
398
389
400
404
387
375
409
399
395
387
413
404
383
389
402
395
382
375
415
402
389
385
417
423
385
383
411
392
389
383
402
410
388
388
409
410
382
384
407
396
389
392
409
405
384
395
403
402
385
396
404
399
396
381
400
401
387
380
407
411
375
379
403
402
387
384
410
406
385
388
405
389
388
369
397
403
385
387
403
403
392
383
407
402
391
384
408
404
385
378
401
403
385
376
410
399
379
382
413
402
392
378
403
402
388
384
399
393
391
389
402
399
395
382
410
408
384
380
406
410
386
395
410
396
393
390
418
408
388
384
407
403
388
385
414
396
387
377
418
395
391
386
392
395
386
377
406
394
369
399
415
402
382
387
401
404
382
382
404
396
389
389
410
407
376
381
415
397
387
385
411
394
388
384
403
408
379
391
408
404
383
379
404
400
379
383
409
401
394
382
413
411
386
388
410
397
387
388
417
396
385
380
410
398
387
378
408
406
392
379
406
404
388
372
408
405
393
395
420
404
391
379
406
398
383
380
406
397
387
385
412
401
381
380
408
395
389
386
407
401
389
381
406
396
385
373
408
401
388
389
407
400
382
388
409
391
387
387
407
393
382
386
407
402
387
376
405
403
393
378
409
409
376
377
406
396
391
384
399
403
381
381
404
403
377
384
412
396
389
385
421
399
384
377
421
402
381
387
398
401
387
377
412
395
389
378
406
408
378
394
408
408
383
382
397
404
383
395
402
404
381
373
413
400
384
382
414
404
397
379
402
407
389
380
398
404
389
385
406
422
387
378
391
398
392
388
401
401
383
377
398
402
382
379
405
405
381
373
405
393
382
384
400
405
389
388
404
398
379
380
404
418
387
386
396
397
391
380
402
401
375
391
399
388
390
389
401
396
390
379
404
396
382
379
406
398
387
373
399
404
389
382
394
392
383
379
395
398
385
380
405
407
383
378
401
401
394
378
396
398
381
379
406
411
382
384
402
399
390
379
412
392
399
381
409
406
393
379
397
397
382
380
412
389
380
381
403
399
386
384
410
394
391
383
415
397
388
394
398
402
391
380
413
393
389
383
409
394
386
379
397
404
384
386
411
392
389
379
396
399
378
377
392
394
390
392
402
393
385
383
399
401
385
383
407
399
388
382
401
399
383
384
404
398
391
383
397
397
383
395
402
397
381
383
391
393
387
371
399
397
387
388
404
391
389
383
398
400
378
382
405
407
383
377
396
389
384
380
402
398
384
377
401
405
387
394
410
394
386
376
405
397
386
389
410
397
393
382
407
393
389
391
402
392
386
390
393
395
383
384
397
392
382
379
410
391
380
382
408
404
383
379
420
407
390
386
410
397
392
383
400
399
403
379
399
411
382
383
389
399
380
384
401
394
392
386
402
404
386
378
409
405
385
376
404
409
387
381
405
398
380
386
407
403
388
378
407
399
387
372
386
403
391
374
399
403
377
381
397
391
389
384
411
391
390
372
409
395
384
376
398
394
392
382
398
386
375
382
387
389
390
392
403
391
391
385
400
388
379
379
407
393
390
391
397
401
393
384
399
393
395
390
401
400
397
394
399
400
390
397
395
405
393
390
401
406
387
381
411
417
393
383
401
410
393
380
407
390
386
397
408
409
389
379
402
408
396
385
392
391
396
391
408
404
382
389
400
404
387
377
398
405
383
384
398
402
391
388
400
387
388
379
398
398
389
380
404
403
391
372
395
394
384
375
408
402
382
384
419
403
397
385
400
403
381
391
405
392
385
377
395
399
388
379
398
406
393
386
414
393
390
381
406
394
385
377
401
397
382
382
400
411
387
379
393
396
384
378
404
394
388
385
409
395
378
381
390
388
392
374
414
393
385
383
404
403
382
381
399
398
385
391
406
394
379
381
398
395
386
377
404
387
386
383
400
422
383
387
404
395
398
396
408
397
392
379
395
399
380
377
395
412
392
384
389
402
393
392
401
395
397
385
398
396
381
390
411
403
382
387
402
412
384
381
402
407
392
375
397
393
389
380
399
399
390
387
400
399
386
388
403
396
389
383
396
405
372
389
399
394
389
381
409
400
388
374
405
394
388
383
398
392
387
382
403
400
394
392
400
396
399
381
395
392
393
378
397
404
380
373
399
407
387
380
397
402
386
385
399
399
385
393
402
406
397
378
401
412
386
394
407
394
378
380
412
399
383
384
401
406
382
379
400
404
397
383
403
403
383
384
407
408
395
388
410
401
395
385
402
402
394
377
398
392
382
388
407
394
397
385
401
396
388
384
404
399
384
379
415
401
382
394
408
402
385
375
402
397
384
391
407
402
376
389
402
398
388
381
399
395
386
383
402
403
382
395
401
397
388
376
399
395
394
383
395
394
382
381
406
403
379
382
412
392
384
390
395
392
382
387
392
406
395
394
396
392
381
379
386
396
385
389
406
394
396
378
403
388
393
379
412
397
377
379
404
400
399
388
397
404
383
379
414
398
400
385
391
392
384
392
325
328
325
325
327
327
327
326
403
392
326
326
327
0
0

