;UFOS3
;Measurement details: channel = Z-D, date = 01.06.2018, time = 03:39:55
Exposure=664
Gain=0
Temperature=11.2
Accummulate=4
3.293 mu
3.363 amas
17.107 hs
312 ozone
0 uva
0 uvb
0 uve
[Value]
0
1
1
0
-2
2
0
-1
-1
-1
-1
-1
0
-3
-1
-2
-1
-3
-3
-2
-3
-1
0
-2
0
0
0
2
-2
3
2
3
1
0
4
-2
0
-1
-1
2
0
1
-1
-1
2
-2
-2
-1
0
0
2
-1
2
-1
1
1
2
0
-2
1
1
0
1
-1
2
0
1
-1
-1
0
1
1
2
-2
-3
2
1
-1
1
2
0
2
-1
-1
0
-1
1
-3
3
3
0
0
1
2
2
1
2
0
0
-1
0
-3
-1
0
2
0
3
1
1
3
3
2
0
2
0
1
3
-1
1
0
0
2
-1
0
0
2
-1
1
4
0
1
1
0
0
1
-1
-1
-2
-1
1
2
0
1
1
3
1
0
3
2
2
0
0
1
-2
3
-1
0
2
1
1
0
-2
2
-2
4
-1
0
0
2
0
4
2
1
2
1
-2
0
0
2
0
2
0
2
2
2
3
2
2
2
0
5
1
2
-3
1
1
2
-2
1
1
-2
0
1
1
0
1
1
2
1
1
1
1
-2
-2
2
1
0
3
0
3
0
1
2
-1
2
0
2
1
2
-2
2
2
2
-1
-3
2
2
3
2
0
0
-1
-2
-2
2
2
1
2
-2
2
2
-1
0
2
0
0
0
2
2
1
1
1
1
0
0
-1
2
-1
2
0
1
1
3
2
4
2
0
0
0
3
0
3
2
2
0
3
1
2
3
2
2
0
0
2
-1
0
2
0
1
3
0
1
4
0
1
1
-3
-1
2
1
0
3
1
-1
3
1
2
2
1
-1
3
3
-1
1
5
-1
3
1
0
0
4
3
0
4
1
2
1
1
-2
2
2
0
-1
1
1
3
1
0
1
2
-2
2
0
2
3
1
0
0
2
4
0
-2
1
2
2
3
1
3
1
0
1
2
0
1
1
1
1
-1
2
3
0
0
1
0
1
0
2
4
1
1
0
2
2
0
1
-1
2
2
0
1
2
3
3
2
2
-1
0
2
2
3
2
3
1
0
3
0
-2
-1
0
1
1
2
2
2
0
-1
1
1
2
2
2
0
-1
1
3
3
5
0
3
4
1
3
0
2
1
3
3
2
2
-1
2
1
2
1
4
3
2
2
-1
0
2
3
2
0
1
2
3
2
4
0
3
2
4
0
3
0
-1
2
2
3
4
3
2
2
-1
3
3
1
2
2
3
2
3
1
0
-1
2
4
2
0
1
3
5
3
2
-3
2
2
1
2
1
2
2
1
4
1
1
4
2
2
3
0
3
3
2
0
0
1
2
1
6
2
4
2
3
1
4
2
4
2
1
-1
3
2
6
2
4
2
4
4
4
1
2
4
3
2
3
4
3
0
4
3
4
2
3
1
3
1
2
2
4
1
0
2
4
3
3
4
2
0
3
4
1
-1
1
-1
4
2
1
1
0
2
3
3
0
-1
2
2
6
3
3
2
3
5
5
2
2
1
6
2
4
1
2
4
4
6
3
3
2
3
2
5
3
0
3
2
4
2
2
4
3
0
2
1
4
3
4
1
3
2
3
3
2
3
3
3
3
3
4
3
0
1
4
5
5
1
4
3
4
3
2
3
5
1
3
3
3
2
5
5
2
4
4
4
3
4
3
4
3
2
2
6
2
4
4
3
5
2
3
1
5
1
4
0
1
2
3
5
3
5
3
5
3
0
3
2
4
4
3
4
5
3
2
3
2
3
6
4
7
4
3
2
5
5
4
3
2
3
2
5
5
5
3
5
5
2
4
3
6
3
4
2
3
1
4
5
5
4
2
6
4
6
3
5
6
2
3
6
5
3
3
5
5
2
8
2
6
5
3
3
5
6
5
4
3
6
4
4
5
4
4
6
6
3
6
7
5
2
5
5
6
3
3
6
6
5
6
8
4
6
7
3
8
7
4
5
4
5
6
2
8
5
6
3
8
6
3
4
9
5
6
6
4
4
5
8
5
5
7
7
4
8
6
6
9
7
5
5
7
7
6
7
10
9
10
8
8
8
9
10
11
6
9
8
11
9
10
9
11
8
10
10
9
11
9
9
9
11
15
9
10
9
12
11
14
10
12
14
10
10
14
13
14
15
14
12
14
13
14
18
14
15
18
14
16
15
20
16
17
21
19
19
18
18
17
19
19
20
18
17
20
16
20
19
19
20
18
22
23
18
20
18
20
21
21
24
25
19
23
23
23
22
24
24
29
28
33
28
31
29
32
32
34
37
35
34
36
37
37
38
41
42
40
41
43
44
41
45
43
38
46
42
44
44
45
43
44
46
50
45
47
45
46
45
44
50
50
45
47
47
47
49
51
49
50
48
53
47
47
50
50
49
52
53
55
56
58
54
56
58
62
60
64
64
66
67
71
70
73
74
73
75
74
76
78
82
82
83
89
90
94
92
95
101
101
104
108
111
115
118
125
118
130
132
133
135
140
140
148
149
148
148
153
158
162
163
166
164
171
168
171
175
171
172
179
175
177
177
179
177
179
182
183
183
191
186
194
196
202
202
206
205
213
212
212
214
221
223
229
229
234
233
242
245
248
246
248
248
249
254
252
256
255
259
257
259
257
262
257
260
255
260
263
262
263
266
274
277
275
282
292
293
299
307
310
313
312
309
309
310
313
310
316
311
314
316
323
316
324
328
329
333
336
346
351
361
368
376
381
390
390
390
396
394
395
387
395
384
381
374
366
356
352
344
336
334
328
320
318
312
310
307
317
317
323
326
336
336
347
356
364
376
387
397
415
419
429
437
447
456
456
465
469
478
487
491
492
500
503
506
511
514
522
523
537
534
541
544
550
559
557
560
553
551
547
530
525
522
514
503
496
491
487
486
488
489
492
494
503
502
508
519
526
535
547
568
583
603
626
651
668
688
697
709
724
730
730
728
734
730
736
733
727
725
722
716
714
705
707
697
702
697
693
695
696
705
712
713
733
733
745
757
769
787
798
812
826
848
861
876
895
914
932
947
965
980
999
1013
1024
1039
1054
1052
1056
1047
1041
1027
1031
1012
998
981
967
949
929
927
921
901
892
896
890
888
897
901
916
923
931
936
954
963
972
968
978
981
985
991
990
985
988
976
966
954
943
923
902
880
862
841
821
811
793
782
772
772
773
773
782
789
797
800
809
811
819
825
838
842
872
872
890
892
913
927
951
966
974
980
1000
1000
1026
1032
1045
1054
1067
1068
1074
1084
1089
1098
1099
1095
1088
1086
1098
1089
1084
1064
1064
1061
1051
1049
1036
1032
1030
1017
1019
1014
1021
1011
1017
1015
1026
1026
1019
1025
1022
1031
1036
1044
1060
1067
1096
1104
1131
1140
1163
1182
1210
1231
1253
1282
1299
1312
1330
1347
1358
1377
1385
1392
1386
1385
1385
1390
1404
1417
1422
1437
1438
1449
1469
1465
1471
1479
1498
1506
1516
1526
1534
1537
1536
1543
1546
1545
1538
1530
1538
1521
1513
1501
1488
1490
1479
1477
1472
1462
1466
1467
1480
1485
1494
1506
1506
1516
1514
1509
1504
1514
1522
1511
1525
1523
1541
1542
1550
1562
1556
1558
1573
1579
1595
1603
1634
1643
1672
1703
1719
1747
1765
1797
1828
1846
1874
1916
1946
1971
2015
2041
2067
2088
2112
2123
2139
2157
2161
2132
2130
2109
2091
2087
2082
2088
2090
2067
2074
2065
2066
2076
2071
2064
2067
2049
2040
2016
2005
1987
1965
1943
1924
1892
1878
1822
1800
1779
1750
1732
1726
1711
1710
1701
1677
1652
1630
1594
1568
1546
1531
1514
1515
1510
1513
1504
1513
1513
1537
1551
1568
1597
1623
1648
1682
1706
1734
1750
1761
1761
1763
1769
1760
1749
1750
1731
1737
1725
1719
1711
1702
1685
1674
1668
1667
1658
1661
1646
1648
1646
1649
1654
1672
1669
1681
1682
1693
1678
1667
1663
1651
1625
1629
1593
1588
1569
1550
1543
1541
1540
1530
1516
1513
1503
1496
1493
1489
1475
1476
1477
1489
1490
1505
1527
1552
1576
1600
1627
1649
1669
1680
1687
1716
1705
1708
1704
1687
1692
1684
1696
1701
1710
1718
1716
1726
1723
1727
1739
1745
1751
1763
1761
1786
1802
1824
1829
1845
1840
1850
1834
1834
1817
1787
1745
1707
1685
1634
1613
1586
1567
1544
1536
1525
1516
1526
1512
1522
1528
1544
1540
1553
1562
1578
1599
1616
1630
1649
1657
1666
1659
1660
1641
1625
1584
1568
1539
1511
1505
1488
1485
1506
1517
1543
1570
1605
1644
1680
1719
1755
1783
1806
1829
1848
1858
1876
1892
1911
1921
1936
1945
1953
1952
1954
1954
1950
1948
1953
1960
1970
1984
2006
2015
2036
2052
2069
2104
2142
2160
2183
2189
2190
2178
2172
2167
2150
2139
2092
2078
2045
2020
2000
1976
1979
1960
1981
1991
2017
2016
2024
2047
2069
2090
2127
2173
2223
2243
2299
2322
2346
2372
2384
2386
2381
2377
2368
2357
2354
2349
2335
2301
2284
2256
2238
2210
2202
2171
2149
2110
2103
2101
2088
2094
2082
2072
2059
2047
2042
2012
1993
1976
1952
1941
1950
1933
1940
1921
1928
1921
1919
1914
1927
1941
1936
1936
1947
1956
1964
1986
2014
2019
2028
2045
2039
2038
2037
2038
2034
2028
2021
2007
2001
1985
1967
1950
1943
1938
1935
1929
1945
1939
1959
1963
1979
1966
1959
1959
1944
1937
1938
1937
1935
1938
1944
1933
1929
1908
1900
1889
1861
1831
1807
1778
1743
1705
1671
1627
1596
1553
1522
1487
1444
1412
1378
1356
1342
1310
1311
1296
1295
1303
1293
1313
1335
1346
1380
1419
1457
1494
1551
1593
1619
1639
1660
1679
1707
1730
1745
1769
1779
1794
1816
1829
1839
1845
1860
1863
1862
1855
1857
1837
1825
1809
1789
1782
1780
1759
1752
1744
1749
1722
1717
1712
1709
1706
1713
1719
1710
1717
1730
1740
1756
1771
1782
1814
1824
1846
1880
1903
1918
1943
1955
1967
1964
1962
1970
1964
1956
1950
1957
1937
1935
1922
1902
1878
1862
1844
1836
1841
1831
1821
1825
1820
1808
1817
1830
1835
1840
1825
1838
1851
1857
1856
1861
1862
1873
1879
1894
1896
1912
1926
1937
1937
1959
1954
1967
1973
1966
1959
1955
1943
1944
1953
1949
1952
1950
1944
1959
1975
1976
1979
1973
1962
1936
1913
1885
1881
1877
1892
1897
1915
1939
1971
1986
1997
2023
2057
2085
2114
2143
2180
2202
2239
2266
2305
2336
2356
2380
2408
2439
2438
2449
2427
2424
2424
2385
2363
2346
2329
2320
2312
2313
2295
2286
2260
2248
2218
2202
2172
2160
2155
2140
2140
2141
2139
2129
2147
2164
2158
2192
2204
2217
2229
2252
2249
2259
2279
2297
2295
2294
2294
2274
2230
2187
2135
2094
2030
1978
1920
1885
1868
1862
1845
1842
1844
1862
1875
1888
1916
1935
1953
1970
1979
1974
2000
2016
2046
2073
2089
2128
2138
2153
2159
2159
2151
2141
2125
2120
2112
2088
2096
2094
2090
2098
2107
2098
2111
2116
2132
2138
2129
2149
2162
2181
2197
2202
2219
2245
2256
2259
2256
2242
2239
2207
2202
2199
2179
2175
2167
2146
2137
2117
2092
2077
2049
2032
2017
2004
1984
1969
1951
1947
1929
1917
1915
1906
1882
1863
1854
1812
1794
1774
1756
1746
1734
1735
1732
1756
1756
1773
1806
1811
1800
1802
1793
1781
1765
1758
1750
1743
1734
1737
1725
1705
1678
1642
1619
1587
1557
1527
1483
1470
1441
1427
1430
1426
1442
1454
1462
1468
1470
1473
1475
1468
1464
1468
1469
1483
1486
1502
1506
1507
1497
1490
1468
1449
1434
1427
1427
1413
1399
1396
1376
1349
1319
1291
1265
1237
1217
1213
1203
1207
1201
1210
1222
1240
1268
1294
1319
1358
1383
1410
1449
1474
1520
1550
1593
1641
1683
1728
1767
1826
1870
1917
1960
1983
2021
2046
2064
2080
2093
2102
2092
2119
2129
2149
2143
2145
2122
2122
2110
2096
2074
2061
2032
2008
1990
1969
1944
1934
1910
1883
1865
1808
1786
1754
1721
1711
1704
1710
1713
1719
1719
1740
1739
1748
1764
1788
1799
1824
1839
1856
1879
1907
1928
1931
1939
1933
1909
1895
1885
1860
1840
1830
1814
1813
1808
1826
1831
1831
1826
1816
1815
1828
1846
1880
1920
1973
2013
2075
2116
2165
2226
2261
2295
2323
2329
2325
2310
2279
2245
2226
2197
2176
2156
2137
2105
2074
2035
2012
1990
1971
1947
1944
1924
1921
1937
1949
1981
2025
2055
2099
2144
2178
2204
2229
2233
2263
2241
2245
2231
2202
2157
2126
2099
2088
2045
2020
1986
1942
1916
1890
1863
1836
1824
1811
1798
1805
1811
1812
1830
1847
1870
1881
1904
1924
1948
1961
1980
1996
2023
2058
2084
2118
2129
2153
2180
2198
2224
2231
2252
2278
2293
2296
2299
2309
2320
2325
2320
2325
2302
2304
2304
2290
2295
2282
2271
2251
2240
2233
2225
2206
2186
2160
2155
2145
2119
2116
2079
2074
2053
2046
2040
2020
2012
2011
1975
1972
1967
1967
1973
1972
1972
1963
1956
1960
1955
1967
1962
1957
1953
1940
1924
1904
1900
1893
1875
1864
1868
1865
1850
1835
1834
1825
1817
1813
1793
1797
1777
1770
1757
1746
1744
1739
1739
1734
1740
1750
1754
1781
1787
1805
1822
1835
1853
1876
1901
1923
1947
1976
1997
2021
2039
2045
2058
2072
2073
2075
2078
2069
2059
2027
2001
1985
1958
1933
1927
1922
1916
1921
1893
1892
1882
1881
1869
1871
1862
1858
1832
1813
1798
1783
1739
1729
1711
1704
1694
1696
1690
1695
1690
1723
1742
1758
1800
1823
1867
1918
1946
1974
1978
2010
2037
2071
2094
2106
2122
2111
2097
2075
2065
2045
2026
1995
1959
1920
1886
1855
1817
1797
1770
1759
1748
1739
1739
1737
1719
1711
1698
1686
1687
1681
1680
1664
1653
1665
1652
1662
1675
1704
1719
1756
1759
1781
1798
1782
1770
1749
1726
1704
1676
1658
1632
1584
1547
1505
1468
1438
1428
1427
1429
1438
1442
1480
1527
1569
1600
1652
1697
1745
1774
1816
1848
1878
1886
1907
1900
1903
1891
1866
1845
1801
1763
1721
1672
1647
1601
1565
1540
1536
1520
1535
1538
1547
1563
1598
1622
1661
1702
1755
1791
1831
1848
1885
1916
1956
1972
1990
2004
2020
2020
2026
2026
2032
2020
2007
1977
1973
1941
1945
1926
1918
1887
1890
1897
1886
1883
1890
1887
1909
1919
1947
1946
1954
1957
1965
1964
1952
1955
1971
1985
2002
1999
2033
2044
2052
2075
2074
2078
2099
2097
2123
2130
2144
2158
2179
2190
2197
2224
2237
2257
2250
2270
2290
2298
2300
2305
2319
2306
2323
2329
2330
2334
2338
2324
2336
2313
2308
2293
2259
2232
2198
2176
2132
2097
2065
2031
1999
1972
1937
1895
1874
1839
1810
1772
1741
1732
1712
1690
1685
1680
1662
1632
1636
1618
1606
1593
1575
1562
1538
1518
1515
1493
1486
1483
1489
1484
1480
1502
1512
1528
1537
1552
1559
1586
1594
1615
1634
1659
1671
1690
1700
1711
1700
1697
1697
1703
1699
1701
1703
1668
1660
1634
1621
1597
1581
1558
1556
1541
1513
1495
1493
1488
1467
1457
1440
1424
1396
1395
1378
1339
1317
1285
1262
1245
1224
1201
1192
1181
1170
1158
1155
1149
1132
1116
1107
1074
1054
1036
1022
1006
991
972
974
964
965
957
957
947
937
919
913
906
896
890
894
889
889
878
891
887
890
886
893
882
883
878
873
861
861
848
856
859
863
868
884
891
909
922
951
972
989
997
1020
1057
1066
1097
1120
1147
1164
1198
1226
1251
1272
1292
1304
1309
1324
1325
1330
1342
1333
1329
1338
1333
1332
1342
1343
1318
1294
1282
1276
1264
1261
1262
1269
1259
1245
1239
1235
1235
1220
1198
1182
1159
1130
1115
1126
1151
1161
1163
1166
1174
1182
1180
1202
1218
1217
1254
1289
1307
1330
1347
1364
1382
1392
1380
1388
1381
1359
1336
1323
1303
1291
1271
1254
1238
1225
1214
1233
1240
1246
1246
1271
1273
1270
1274
1284
1294
1317
1320
1339
1344
1343
1343
1352
1347
1339
1328
1313
1305
1309
1291
1285
1282
1273
1268
1274
1252
1255
1249
1245
1247
1225
1221
1227
1217
1236
1232
1240
1242
1264
1272
1294
1303
1309
1319
1330
1351
1380
1386
1415
1432
1451
1465
1483
1494
1505
1522
1526
1525
1531
1521
1539
1539
1534
1554
1557
1557
1554
1521
1530
1518
1528
1514
1505
1475
1470
1455
1438
1439
1430
1420
1409
1406
1395
1396
1404
1396
1437
1454
1474
1486
1495
1531
1545
1543
1560
1554
1573
1576
1585
1584
1573
1551
1563
1556
1542
1523
1510
1501
1489
1462
1449
1432
1396
1375
1362
1329
1309
1284
1264
1246
1232
1206
1187
1171
1140
1115
1088
1076
1056
1037
1020
995
981
958
932
884
849
801
749
706
667
629
599
571
545
525
505
486
475
456
458
447
450
448
453
465
476
485
502
525
547
572
591
616
637
654
671
678
702
711
727
758
782
792
817
839
852
873
881
898
916
920
934
937
959
974
987
1000
1017
1016
1037
1037
1054
1057
1066
1063
1073
1079
1078
1076
1081
1068
1073
1069
1058
1052
1049
1045
1039
1034
1021
1009
1005
987
975
954
943
918
899
876
859
834
806
767
742
700
663
627
598
567
547
519
507
495
489
469
461
455
441
436
443
448
445
458
472
483
502
521
545
576
603
626
660
679
713
742
779
815
839
861
895
916
934
955
990
993
1011
1014
1031
1035
1039
1044
1042
1047
1050
1041
1049
1048
1064
1073
1083
1082
1085
1081
1090
1085
1095
1114
1133
1132
1151
1151
1176
1180
1190
1192
1202
1198
1208
1211
1201
1210
1215
1199
1198
1195
1196
1188
1186
1189
1198
1197
1199
1196
1203
1200
1207
1212
1214
1218
1227
1228
1228
1232
1213
1203
1190
1189
1180
1182
1187
1194
1200
1197
1209
1206
1212
1210
1215
1200
1211
1234
1239
1240
1245
1252
1261
1276
1279
1282
1286
1289
1285
1277
1272
1270
1255
1257
1262
1255
1266
1262
1276
1265
1261
1252
1253
1262
1261
1266
1262
1257
1249
1240
1241
1228
1239
1245
1250
1259
1259
1247
1249
1252
1261
1256
1249
1226
1227
1220
1208
1192
1184
1166
1156
1130
1112
1100
1082
1078
1081
1091
1093
1095
1095
1100
1104
1123
1135
1131
1130
1132
1148
1138
1150
1139
1152
1154
1148
1152
1158
1136
1131
1109
1099
1066
1053
1035
1028
1009
998
996
993
988
986
985
981
982
978
972
972
973
982
986
992
995
1013
1013
1014
1017
1013
998
999
971
972
957
959
949
928
918
923
908
900
902
899
888
890
870
863
851
848
832
830
823
817
818
814
811
809
797
793
784
787
767
780
767
779
774
770
770
766
762
774
773
776
768
762
755
758
754
752
755
752
748
742
736
719
711
713
711
713
711
720
721
721
717
722
717
713
711
714
708
713
704
714
715
722
718
713
712
722
723
722
721
724
720
719
713
707
702
703
694
691
688
691
692
689
685
687
679
677
659
656
648
637
622
611
600
593
599
598
584
578
561
542
536
527
522
520
513
511
505
511
499
496
491
497
495
499
507
504
506
507
514
514
509
519
518
533
542
550
554
561
561
567
563
565
560
563
560
556
548
549
548
555
561
563
570
571
573
566
564
570
560
562
565
562
552
552
549
548
540
537
541
543
538
537
531
535
528
529
525
522
518
515
513
511
514
507
504
501
492
494
491
484
481
475
472
472
471
477
468
474
472
478
483
487
482
487
484
492
489
498
500
507
503
502
503
509
502
502
490
481
480
486
476
477
472
470
463
464
461
455
461
461
451
455
454
454
455
456
457
457
462
458
458
454
448
450
440
437
437
437
426
428
424
427
426
424
424
422
423
433
432
424
425
426
427
432
435
443
440
450
440
454
452
459
458
463
449
407
238
-2
-2
0
-2
-1
0
-1
0
459
434
-1
-1
0
0
0

