;UFOS3
;Measurement details: channel = S, date = 01.06.2018, time = 03:45:38
Exposure=721
Gain=0
Temperature=11.4
Accummulate=4
3.176 mu
3.242 amas
17.802 hs
0 ozone
0 uva
0 uvb
0 uve
[Value]
0
326
327
327
326
327
326
326
363
364
393
384
367
369
399
384
380
357
393
390
379
365
419
395
388
364
419
397
382
384
423
397
378
371
420
403
396
365
410
403
372
365
423
404
390
366
421
406
383
366
405
396
367
374
421
399
367
371
417
397
386
363
407
392
378
368
428
397
381
364
416
392
370
380
424
402
378
370
406
395
384
372
421
397
378
372
416
403
368
372
420
403
372
375
419
409
368
362
425
397
362
370
405
398
375
369
418
396
377
367
414
399
374
376
416
398
375
373
415
395
378
379
427
408
384
374
408
402
377
366
405
394
377
367
416
415
374
376
410
394
389
378
413
401
374
374
414
399
368
397
410
401
366
369
426
404
390
369
414
409
368
368
410
400
391
386
409
404
395
369
418
396
383
393
411
401
375
377
421
392
374
366
411
406
382
371
433
402
383
380
406
421
371
377
410
403
385
374
427
397
384
373
412
401
381
370
413
391
382
376
422
400
367
387
409
398
375
364
408
407
391
370
413
400
382
374
412
395
376
363
414
391
373
370
411
401
377
373
405
401
390
374
412
402
378
382
421
394
390
371
412
395
381
371
412
415
379
381
421
400
372
396
416
400
386
359
405
397
384
363
404
393
369
384
418
404
377
376
422
407
380
369
405
411
383
364
418
390
379
375
406
413
379
369
408
400
377
371
417
399
389
368
416
400
383
382
408
393
385
359
412
404
397
371
418
402
379
377
411
402
372
373
408
396
372
375
410
396
388
375
423
397
382
375
415
394
399
365
424
413
377
373
408
411
372
381
419
407
382
373
420
403
371
377
407
389
373
372
416
395
396
376
416
394
394
371
429
395
386
380
406
403
387
372
406
405
382
376
413
398
380
369
409
396
377
381
408
393
379
372
409
403
375
367
412
394
383
365
412
417
384
370
423
412
385
373
424
389
385
376
414
397
377
368
405
399
391
378
408
394
384
385
407
399
375
371
416
395
387
373
411
398
372
361
425
405
370
379
417
402
385
381
400
404
372
374
408
401
382
364
417
389
378
388
408
393
384
380
412
405
396
369
417
401
382
378
411
401
374
379
409
409
384
368
417
393
385
388
414
400
396
380
415
394
383
378
413
397
379
379
411
398
388
373
416
393
386
373
433
389
392
380
419
394
374
392
406
406
377
374
412
393
385
368
414
395
379
391
412
395
382
379
410
392
385
372
407
403
381
397
413
396
384
381
410
399
387
385
410
402
385
385
400
399
390
373
410
397
375
367
409
395
386
376
409
403
397
390
418
398
375
379
417
398
383
385
416
404
381
375
408
392
386
370
413
405
385
382
410
397
381
378
411
403
378
384
413
397
375
385
415
397
380
394
424
389
390
376
407
395
392
387
415
394
383
379
409
393
381
380
415
395
379
385
417
394
373
381
415
396
395
376
419
391
383
379
422
394
371
383
406
397
410
376
414
389
381
372
405
400
377
372
404
401
369
376
407
383
399
383
410
391
382
373
405
397
375
368
411
395
378
382
410
396
385
383
417
403
385
369
418
389
386
385
415
392
385
385
414
390
380
373
413
388
387
375
410
400
386
386
425
392
385
360
401
400
381
375
402
397
392
381
394
392
377
378
403
395
379
374
413
397
385
382
403
386
381
388
404
402
384
375
410
402
378
387
408
399
393
390
404
398
390
457
410
408
401
379
407
398
386
383
409
389
381
381
413
388
390
383
416
397
391
379
411
392
392
381
410
398
381
383
405
410
394
372
413
394
379
377
418
404
392
380
412
391
383
385
400
403
381
388
411
397
384
383
403
394
391
380
412
393
387
370
415
396
387
385
403
398
387
384
419
395
393
384
410
394
379
380
408
395
390
379
415
392
392
393
409
394
398
380
409
399
407
388
404
402
388
385
408
401
391
391
411
405
389
377
400
393
403
391
408
397
383
383
406
400
383
385
410
397
393
390
407
394
382
378
414
405
395
392
405
398
389
378
408
391
393
391
418
404
393
382
411
400
397
412
417
395
392
388
412
397
391
393
409
402
391
390
417
395
393
389
407
406
396
390
415
397
388
388
412
402
395
392
412
406
398
387
416
399
396
397
412
399
404
394
418
410
393
392
420
408
412
390
427
407
402
399
414
414
401
400
422
407
423
385
420
406
417
388
418
416
398
400
432
418
393
393
424
432
405
396
415
414
420
405
424
408
413
410
424
410
423
404
427
420
412
400
421
410
411
405
422
411
428
407
427
412
419
414
428
419
416
411
430
421
407
401
436
428
432
411
437
423
424
430
439
431
420
426
448
449
437
432
457
455
445
437
462
451
450
447
460
454
451
434
471
460
460
436
462
461
446
441
461
445
447
437
471
457
446
451
467
464
466
460
482
466
460
474
481
479
469
470
487
482
477
473
482
485
493
492
514
497
481
493
513
496
496
483
510
506
496
482
505
500
497
489
513
508
498
486
508
504
499
491
510
488
496
503
524
518
514
517
523
512
515
501
534
513
531
503
540
529
518
507
531
521
536
523
534
529
538
526
545
540
534
540
553
542
542
543
559
561
551
540
568
543
548
541
557
543
540
526
544
524
521
527
536
525
519
518
527
538
535
528
545
537
547
534
551
548
555
547
579
583
578
582
599
592
594
597
613
618
611
609
635
624
631
643
646
635
640
637
660
643
646
637
666
649
644
640
670
641
654
639
652
631
633
619
629
617
606
606
624
611
624
610
623
611
625
628
653
637
652
644
668
670
678
691
713
738
721
717
738
737
755
726
740
740
731
727
745
734
736
719
770
726
732
722
725
722
716
717
724
718
729
734
754
743
746
752
770
766
789
777
813
811
835
825
847
848
859
864
885
885
896
908
908
908
913
911
924
913
918
907
916
907
889
883
899
877
872
853
865
867
860
857
879
865
873
858
890
877
886
879
910
878
916
894
902
898
904
883
906
889
888
874
890
870
878
844
845
832
826
816
832
800
791
795
804
797
807
788
828
826
833
812
840
821
852
847
872
868
888
884
910
895
913
889
918
909
916
916
930
933
940
940
939
950
959
945
986
967
971
981
1019
984
996
995
1009
1009
1020
1001
1002
981
996
983
991
974
975
960
971
967
962
961
980
960
968
952
974
958
973
965
982
987
997
990
1020
1017
1027
1048
1074
1080
1094
1126
1131
1141
1154
1160
1182
1194
1234
1220
1245
1245
1251
1258
1272
1269
1278
1290
1275
1279
1283
1274
1286
1281
1279
1277
1285
1289
1280
1265
1288
1279
1277
1282
1282
1283
1288
1271
1271
1264
1263
1247
1250
1242
1250
1234
1224
1220
1217
1209
1232
1225
1230
1231
1240
1237
1243
1238
1254
1254
1266
1265
1264
1269
1270
1245
1267
1262
1255
1247
1271
1264
1290
1288
1328
1329
1347
1351
1395
1404
1442
1468
1495
1517
1547
1568
1594
1613
1648
1650
1706
1708
1741
1747
1779
1767
1793
1761
1789
1783
1791
1812
1837
1827
1816
1841
1809
1798
1786
1781
1772
1762
1743
1741
1737
1692
1688
1648
1625
1597
1598
1568
1556
1529
1518
1486
1465
1436
1449
1412
1422
1395
1407
1396
1395
1394
1419
1419
1445
1430
1451
1449
1444
1451
1477
1479
1491
1497
1522
1505
1527
1496
1523
1513
1521
1504
1502
1505
1490
1482
1476
1464
1453
1436
1419
1390
1377
1358
1357
1354
1347
1344
1359
1335
1357
1338
1358
1377
1401
1413
1434
1450
1454
1462
1477
1463
1466
1452
1440
1421
1417
1384
1386
1367
1364
1345
1346
1344
1329
1311
1304
1303
1318
1301
1293
1299
1297
1285
1324
1318
1348
1358
1357
1386
1399
1418
1420
1439
1454
1452
1488
1465
1458
1463
1461
1447
1459
1459
1470
1474
1480
1478
1492
1487
1505
1488
1511
1508
1525
1522
1538
1546
1559
1586
1598
1594
1611
1585
1588
1544
1541
1513
1484
1457
1430
1408
1397
1392
1377
1362
1352
1344
1369
1340
1362
1359
1360
1365
1381
1395
1439
1415
1422
1419
1414
1431
1438
1420
1413
1393
1390
1348
1366
1350
1342
1339
1353
1353
1369
1379
1416
1426
1467
1483
1525
1525
1567
1563
1581
1571
1594
1597
1600
1599
1630
1609
1632
1609
1617
1621
1618
1602
1591
1606
1606
1596
1641
1636
1658
1654
1677
1707
1745
1758
1782
1785
1798
1790
1806
1807
1804
1807
1797
1785
1759
1770
1764
1741
1752
1753
1755
1759
1762
1766
1763
1768
1766
1767
1783
1798
1824
1847
1865
1880
1927
1913
1939
1935
1942
1937
1935
1923
1913
1891
1890
1866
1842
1805
1794
1758
1757
1745
1738
1727
1734
1717
1721
1721
1730
1730
1746
1738
1745
1713
1723
1702
1696
1684
1675
1667
1672
1662
1672
1644
1655
1638
1657
1651
1659
1666
1684
1661
1701
1680
1704
1710
1722
1712
1736
1721
1716
1725
1734
1723
1718
1713
1712
1699
1695
1668
1682
1662
1660
1661
1680
1668
1678
1686
1685
1695
1707
1700
1688
1679
1679
1669
1680
1695
1679
1670
1681
1671
1667
1655
1632
1620
1618
1578
1592
1542
1542
1507
1484
1475
1454
1417
1410
1370
1364
1311
1306
1290
1276
1271
1271
1262
1276
1250
1281
1289
1299
1306
1330
1363
1403
1400
1449
1474
1479
1478
1517
1509
1518
1518
1530
1554
1552
1550
1581
1562
1604
1559
1605
1580
1581
1589
1567
1581
1576
1562
1573
1573
1566
1551
1560
1555
1545
1540
1544
1544
1549
1545
1558
1549
1563
1555
1580
1574
1583
1593
1628
1636
1667
1677
1697
1721
1742
1752
1751
1760
1767
1740
1752
1737
1743
1721
1744
1719
1705
1682
1663
1649
1645
1637
1653
1619
1626
1618
1612
1614
1622
1623
1658
1658
1663
1674
1683
1704
1708
1720
1747
1754
1764
1776
1789
1784
1808
1801
1840
1831
1857
1841
1850
1845
1826
1835
1830
1819
1816
1798
1802
1795
1770
1764
1772
1739
1745
1713
1714
1689
1683
1662
1671
1679
1663
1687
1720
1749
1764
1783
1818
1844
1864
1874
1927
1932
1947
1968
2002
2041
2059
2066
2106
2136
2160
2184
2222
2203
2218
2184
2196
2164
2160
2133
2109
2079
2068
2055
2058
2023
2007
1982
1976
1972
1948
1928
1923
1933
1919
1905
1923
1904
1916
1924
1944
1952
1979
1978
1995
1979
1958
1959
1963
1968
1974
1963
1979
1978
1992
1967
1948
1906
1885
1847
1826
1797
1764
1755
1767
1747
1745
1739
1762
1759
1784
1786
1837
1813
1850
1846
1886
1903
1954
1933
1976
1992
2025
2010
2021
2019
2008
1987
1977
1987
1963
1962
1997
1993
2009
2014
2033
2031
2033
2037
2047
2055
2066
2037
2065
2062
2042
2037
2058
2041
2063
2048
2069
2038
2020
2020
2007
2003
1998
1988
1988
1987
1972
1958
1957
1972
1956
1932
1963
1950
1944
1923
1937
1934
1937
1937
1948
1960
1971
1942
1958
1937
1925
1906
1917
1896
1883
1865
1891
1860
1855
1850
1867
1851
1864
1834
1834
1805
1784
1777
1770
1750
1721
1711
1723
1703
1673
1637
1637
1605
1559
1521
1516
1473
1463
1443
1442
1431
1438
1458
1499
1490
1516
1519
1537
1548
1560
1563
1601
1626
1632
1653
1667
1672
1679
1655
1668
1652
1627
1592
1593
1566
1565
1540
1539
1515
1489
1444
1443
1417
1387
1358
1368
1366
1353
1340
1363
1351
1369
1368
1428
1446
1466
1494
1550
1565
1585
1606
1665
1702
1750
1764
1825
1885
1901
1942
1988
2006
2023
2042
2089
2090
2125
2109
2151
2166
2183
2191
2212
2218
2201
2212
2216
2223
2208
2183
2173
2153
2131
2129
2122
2101
2094
2069
2077
2033
1997
1968
1948
1929
1900
1887
1900
1893
1875
1870
1906
1889
1883
1891
1909
1912
1926
1921
1956
1966
1971
1995
2019
2020
2008
1995
1994
1969
1946
1915
1932
1917
1906
1920
1953
1960
1979
1970
1995
1991
1993
2028
2063
2123
2143
2200
2283
2323
2384
2406
2461
2476
2491
2474
2483
2454
2418
2387
2381
2373
2326
2298
2294
2270
2228
2201
2191
2156
2133
2089
2100
2090
2090
2069
2106
2117
2145
2174
2229
2279
2283
2300
2349
2351
2357
2370
2379
2374
2354
2338
2343
2344
2327
2306
2322
2308
2276
2232
2234
2207
2168
2168
2159
2135
2140
2124
2139
2137
2149
2145
2196
2181
2215
2207
2240
2239
2217
2209
2229
2241
2256
2242
2273
2287
2290
2306
2339
2345
2349
2354
2399
2387
2381
2387
2443
2443
2454
2449
2476
2475
2465
2450
2480
2431
2403
2408
2410
2393
2380
2343
2361
2345
2320
2299
2282
2295
2287
2286
2321
2320
2303
2306
2333
2321
2323
2311
2345
2332
2324
2311
2352
2335
2309
2324
2333
2319
2299
2263
2266
2230
2214
2177
2198
2147
2126
2101
2109
2088
2060
2038
2064
2037
2029
1991
2009
1991
1983
1979
2003
2005
2003
2006
2023
2024
2038
2049
2082
2093
2100
2118
2146
2159
2166
2177
2222
2230
2223
2252
2294
2309
2291
2288
2316
2324
2301
2303
2331
2313
2326
2290
2332
2322
2335
2327
2389
2380
2376
2374
2381
2382
2367
2347
2343
2332
2301
2270
2266
2226
2179
2148
2153
2110
2073
2053
2048
2050
2010
2010
2036
2028
2031
2024
2091
2099
2145
2148
2188
2208
2272
2285
2357
2369
2409
2442
2468
2467
2430
2399
2407
2373
2331
2262
2274
2218
2164
2114
2110
2064
2056
2029
2048
2046
2062
2049
2067
2040
2040
2055
2120
2165
2164
2202
2248
2295
2295
2308
2367
2367
2358
2336
2340
2315
2275
2232
2225
2182
2127
2084
2073
2039
1975
1913
1896
1841
1778
1750
1758
1734
1708
1697
1719
1718
1735
1760
1837
1858
1923
1968
2044
2083
2106
2118
2158
2160
2139
2132
2153
2129
2071
2001
1986
1904
1841
1815
1820
1815
1799
1803
1872
1893
1912
1946
2045
2116
2139
2201
2301
2358
2413
2460
2531
2578
2577
2594
2633
2635
2597
2592
2599
2578
2550
2537
2500
2485
2417
2392
2361
2330
2269
2236
2238
2208
2207
2186
2216
2229
2203
2186
2214
2213
2194
2180
2215
2217
2213
2216
2271
2282
2276
2303
2340
2333
2354
2367
2415
2447
2452
2476
2527
2555
2555
2548
2577
2588
2593
2599
2666
2671
2676
2689
2727
2731
2723
2728
2773
2769
2755
2770
2830
2825
2812
2786
2798
2755
2731
2692
2685
2651
2618
2591
2557
2512
2473
2419
2418
2393
2337
2305
2318
2287
2228
2220
2215
2172
2156
2143
2164
2142
2125
2097
2108
2077
2038
2016
2024
1987
1944
1929
1951
1925
1909
1900
1918
1930
1938
1933
2001
2008
1998
2050
2085
2097
2099
2117
2161
2176
2170
2183
2223
2222
2230
2224
2257
2259
2231
2231
2277
2239
2224
2203
2215
2166
2144
2127
2136
2112
2052
2027
2008
1989
1928
1906
1928
1912
1866
1833
1833
1785
1742
1694
1714
1693
1647
1652
1666
1640
1631
1608
1630
1587
1575
1544
1546
1529
1488
1448
1476
1476
1454
1432
1470
1471
1462
1435
1468
1448
1427
1401
1421
1392
1372
1355
1379
1365
1340
1342
1373
1372
1359
1352
1391
1362
1338
1334
1356
1331
1316
1307
1341
1340
1339
1349
1399
1409
1426
1435
1505
1524
1531
1563
1612
1629
1642
1686
1749
1770
1809
1833
1893
1897
1907
1933
1969
1952
1955
1936
1984
1977
1973
1955
1992
1977
1949
1943
1976
1954
1939
1921
1922
1912
1871
1869
1879
1859
1814
1803
1823
1781
1758
1721
1750
1714
1703
1686
1756
1739
1744
1757
1791
1809
1826
1833
1899
1877
1888
1883
1932
1961
1964
2004
2046
2065
2042
2019
2039
2018
1979
1968
1939
1912
1852
1824
1882
1893
1883
1877
1912
1914
1909
1875
1908
1907
1883
1877
1928
1944
1954
1967
1997
2033
2009
1987
1995
1990
1970
1943
1964
1952
1931
1906
1915
1885
1867
1842
1886
1885
1883
1868
1895
1860
1834
1838
1861
1879
1903
1925
1968
1972
1954
1972
2021
2064
2034
2067
2115
2149
2176
2176
2222
2241
2244
2280
2329
2323
2335
2309
2335
2324
2309
2303
2339
2318
2302
2290
2310
2283
2284
2255
2283
2263
2229
2194
2179
2163
2155
2140
2163
2162
2155
2156
2172
2182
2162
2155
2181
2195
2192
2195
2256
2269
2284
2309
2351
2387
2375
2372
2403
2393
2401
2392
2424
2376
2377
2340
2338
2322
2286
2231
2210
2174
2106
2081
2096
2040
2032
2019
2024
2003
1978
1964
1982
1934
1914
1869
1889
1849
1814
1793
1760
1739
1699
1659
1659
1591
1546
1507
1489
1416
1363
1297
1274
1225
1157
1116
1107
1046
1019
987
989
968
940
935
960
956
967
988
1018
1033
1057
1088
1141
1180
1198
1213
1259
1261
1262
1261
1305
1326
1339
1367
1414
1436
1461
1472
1517
1537
1557
1586
1616
1628
1633
1657
1686
1711
1721
1722
1758
1785
1781
1781
1795
1776
1761
1732
1750
1750
1731
1735
1767
1772
1750
1760
1775
1772
1758
1754
1774
1760
1729
1704
1714
1687
1657
1627
1619
1572
1533
1507
1507
1456
1411
1373
1362
1306
1262
1201
1188
1133
1102
1067
1052
1017
993
992
975
970
956
957
972
973
975
991
1051
1051
1067
1102
1172
1201
1219
1235
1310
1323
1333
1349
1408
1441
1480
1502
1574
1610
1663
1674
1723
1754
1745
1747
1787
1815
1807
1820
1854
1849
1855
1849
1866
1872
1856
1847
1887
1885
1877
1863
1922
1948
1918
1924
1968
1980
1959
1972
2018
2007
2001
1974
2014
2001
1976
1956
1961
1961
1932
1892
1921
1936
1920
1931
1948
1952
1955
1952
1978
1955
1964
1974
2031
2017
2019
2003
2039
2029
2041
2023
2037
2010
2003
2015
2004
2011
2010
2014
2015
1997
1996
1990
2007
1997
1996
1992
2038
2033
2043
2047
2068
2082
2087
2084
2108
2094
2107
2095
2092
2083
2064
2049
2054
2073
2083
2097
2095
2119
2111
2106
2121
2122
2101
2080
2123
2120
2101
2082
2110
2115
2106
2095
2118
2098
2092
2111
2110
2107
2073
2054
2066
2055
2035
2015
2010
1987
1982
1962
1971
1942
1921
1902
1904
1891
1867
1841
1859
1869
1830
1829
1851
1875
1882
1883
1920
1912
1922
1911
1965
1959
1960
1951
1989
1994
1968
1939
1944
1929
1887
1828
1827
1775
1722
1717
1747
1725
1733
1710
1715
1720
1696
1705
1726
1688
1690
1671
1711
1721
1720
1713
1736
1753
1749
1740
1787
1742
1742
1719
1739
1715
1696
1676
1682
1666
1640
1628
1644
1649
1618
1600
1612
1600
1578
1549
1572
1545
1534
1520
1540
1517
1498
1481
1492
1487
1488
1463
1506
1471
1465
1462
1489
1480
1468
1454
1483
1471
1470
1473
1484
1471
1449
1451
1463
1454
1445
1427
1454
1413
1403
1387
1402
1419
1370
1350
1378
1361
1363
1357
1368
1356
1358
1343
1351
1358
1334
1334
1350
1367
1339
1334
1333
1347
1341
1335
1365
1366
1382
1370
1391
1387
1367
1376
1402
1389
1369
1374
1392
1401
1367
1368
1390
1397
1376
1357
1377
1361
1347
1310
1334
1327
1309
1283
1278
1274
1253
1245
1250
1223
1215
1190
1191
1179
1133
1124
1119
1104
1090
1070
1101
1094
1076
1060
1101
1090
1091
1084
1113
1107
1105
1098
1130
1120
1130
1138
1170
1174
1177
1158
1174
1171
1176
1170
1202
1209
1189
1179
1214
1221
1198
1178
1208
1227
1203
1196
1220
1209
1186
1192
1197
1191
1182
1152
1188
1196
1176
1192
1198
1186
1172
1173
1191
1182
1152
1144
1165
1152
1121
1123
1138
1156
1144
1134
1160
1165
1132
1130
1156
1147
1128
1114
1137
1113
1098
1085
1102
1096
1096
1067
1103
1089
1085
1092
1118
1098
1105
1088
1112
1112
1111
1111
1145
1139
1117
1112
1154
1126
1100
1112
1120
1107
1088
1063
1098
1087
1066
1079
1096
1084
1062
1072
1087
1082
1067
1059
1081
1082
1082
1074
1098
1095
1079
1098
1101
1086
1079
1059
1079
1069
1065
1052
1055
1045
1042
1033
1077
1058
1037
1035
1068
1052
1038
1054
1057
1057
1048
1054
1063
1079
1070
1072
1083
1079
1065
1062
1065
1070
1065
1060
1079
1061
1067
1037
1067
1043
1044
1026
1067
1032
1004
997
1023
1008
1008
989
1003
1000
975
962
1002
983
981
958
957
937
878
691
326
327
325
326
325
326
327
326
1031
995
326
326
326
0
0

