;UFOS3
;Measurement details: channel = Z-D, date = 01.06.2018, time = 03:49:55
Exposure=626
Gain=0
Temperature=11.7
Accummulate=4
3.094 mu
3.158 amas
18.325 hs
310 ozone
0 uva
0 uvb
0 uve
[Value]
0
-1
1
0
-2
2
-1
-2
0
-2
1
-1
-1
-2
-1
-2
0
-2
-2
-2
1
-1
-2
1
1
1
0
0
0
-1
2
0
-1
3
4
-2
0
0
-1
-1
0
2
2
0
0
1
0
0
0
2
3
0
2
-1
3
1
1
2
5
-1
2
-1
-1
1
-1
-2
2
-2
1
1
2
1
1
1
0
-2
2
0
3
-1
1
0
-1
2
1
2
-1
1
-1
-1
1
1
1
-3
2
2
2
-1
2
2
-2
-1
3
1
-1
0
2
2
-1
2
2
-1
2
1
3
2
-1
2
0
-2
3
0
1
2
6
-1
2
1
-2
3
-2
-1
-3
0
1
1
1
2
2
2
2
0
-3
1
2
-1
3
-1
1
2
-1
0
2
0
0
1
2
2
0
0
-3
-1
1
0
2
0
1
1
0
1
2
1
3
0
5
3
1
2
-1
0
-3
4
-1
3
0
0
3
-1
0
1
2
0
3
2
-1
5
1
1
5
1
1
-1
4
1
0
-1
2
3
-2
0
2
-2
-1
-1
-3
-1
0
0
1
3
4
-2
2
0
2
-1
0
1
2
1
2
-1
2
0
4
0
1
0
1
2
3
-1
0
1
1
1
-1
-1
1
1
0
1
-2
1
1
1
1
-1
0
1
0
2
1
0
0
1
3
0
4
3
1
-1
2
0
3
1
3
3
3
0
1
3
1
1
2
-1
3
-2
-1
2
1
1
4
2
3
0
3
2
3
-1
3
1
2
0
0
1
2
2
0
0
0
0
0
-1
0
2
0
1
0
0
2
0
1
4
1
0
1
1
0
1
5
3
1
2
2
2
2
4
3
2
3
1
-1
1
0
1
1
2
-1
-1
1
1
1
2
4
2
0
-1
1
2
2
1
2
1
-1
3
4
1
2
1
3
2
2
2
1
1
2
4
-2
2
2
4
-2
0
-1
2
1
-1
2
-1
-1
-2
0
2
1
1
1
2
3
2
2
2
1
5
1
3
1
0
1
0
4
2
0
2
0
0
2
3
4
2
0
0
2
1
1
2
3
1
2
2
4
4
2
-2
1
2
1
2
1
0
3
1
1
0
0
2
4
2
2
5
5
4
3
4
1
0
2
-1
2
-1
3
0
2
0
5
3
5
3
2
0
3
5
-1
2
1
1
4
2
2
3
0
1
3
5
1
2
1
3
2
3
4
2
4
3
1
1
1
1
4
3
4
3
4
-2
3
2
0
3
2
2
3
1
2
0
2
1
1
2
2
4
-1
2
-1
1
1
2
3
3
3
5
3
1
3
1
1
0
3
3
1
0
2
2
3
1
4
5
3
4
2
2
3
2
2
7
-1
2
1
3
2
3
4
0
3
2
5
1
1
2
5
4
0
1
3
2
0
2
-1
3
0
3
2
2
3
4
4
2
1
3
1
4
3
2
4
3
1
-1
2
4
3
1
2
3
6
1
2
5
4
4
2
3
2
3
2
1
3
2
0
2
4
0
2
2
3
3
4
4
3
1
2
3
4
2
4
3
4
4
3
2
1
2
1
1
1
6
4
3
3
5
4
4
4
4
4
1
2
5
5
1
3
2
3
2
4
2
6
3
4
5
4
0
5
4
4
6
3
3
3
6
2
2
2
4
4
0
2
3
6
2
3
5
1
6
5
7
7
2
4
4
3
3
4
4
1
3
4
4
1
2
3
1
4
2
5
1
3
5
2
3
5
2
3
3
5
3
5
1
2
4
6
2
4
5
6
4
4
5
6
5
5
5
3
3
4
5
7
4
6
6
4
2
5
4
5
3
3
4
7
4
7
4
2
5
2
6
6
5
4
4
3
5
6
7
5
3
8
5
5
4
4
5
5
4
8
4
6
4
5
5
6
7
3
5
4
3
7
8
6
6
4
5
7
8
6
5
8
6
6
6
5
5
6
7
4
5
7
4
7
6
7
4
7
7
7
5
7
7
6
6
8
8
7
8
8
5
8
6
9
7
7
8
9
6
9
9
8
7
9
10
10
11
11
10
9
12
11
10
9
11
11
9
12
13
10
9
10
8
13
6
12
9
12
11
12
11
14
11
13
12
14
12
13
15
17
16
16
18
14
15
16
17
19
16
18
17
16
18
19
21
19
19
21
17
21
20
20
21
21
20
20
17
20
21
24
22
22
23
21
22
22
21
23
24
26
22
28
23
24
23
26
26
26
31
31
27
31
30
34
31
37
33
38
37
39
37
39
40
42
42
44
42
47
49
49
50
48
50
48
49
49
48
51
50
46
46
52
51
50
52
54
50
54
53
57
52
55
53
54
54
54
51
56
58
55
57
56
56
58
57
55
54
59
58
60
58
66
63
67
64
62
68
68
69
72
71
77
75
81
80
80
82
83
84
87
85
88
88
92
100
102
100
105
103
104
112
113
119
122
125
129
133
137
139
141
146
150
151
154
160
162
167
168
173
176
179
180
182
186
188
186
188
190
196
195
191
198
197
196
198
201
200
197
199
206
209
207
210
215
218
218
221
226
225
231
230
237
240
243
244
250
251
260
258
266
269
265
266
273
275
276
273
277
281
282
285
289
285
281
275
277
282
283
285
290
289
290
296
298
304
308
311
316
324
324
332
337
341
340
342
340
336
345
338
343
340
337
342
345
348
349
354
362
360
368
372
380
386
397
405
411
419
422
425
431
429
433
422
420
419
412
399
393
386
379
369
364
358
349
346
341
340
334
337
339
339
350
348
359
365
372
382
388
399
411
420
443
448
458
471
472
476
486
497
505
504
514
523
527
530
538
534
547
549
563
565
574
569
578
585
587
591
593
591
592
590
574
567
560
552
549
532
529
521
521
518
516
518
515
520
530
535
539
543
552
567
580
597
616
638
659
680
702
718
739
743
764
760
769
761
770
772
769
766
771
760
755
756
752
740
736
734
734
735
730
738
731
733
756
752
766
776
783
800
813
826
832
853
871
887
912
920
944
961
984
989
1009
1022
1040
1056
1070
1078
1102
1092
1087
1095
1081
1072
1063
1052
1034
1014
1001
982
973
961
945
936
930
917
924
922
928
935
946
952
965
973
982
1002
1009
1009
1018
1020
1025
1028
1036
1030
1035
1019
1007
993
983
963
946
917
896
882
854
847
826
816
804
800
801
808
814
815
825
826
842
842
848
851
868
880
897
904
923
921
942
959
975
994
1005
1008
1033
1041
1044
1062
1067
1073
1099
1093
1101
1116
1116
1127
1120
1127
1130
1119
1114
1113
1106
1099
1098
1094
1085
1083
1067
1059
1055
1053
1053
1048
1055
1044
1051
1053
1059
1053
1058
1053
1062
1067
1061
1074
1087
1104
1123
1133
1164
1175
1197
1216
1240
1266
1295
1318
1329
1352
1368
1387
1395
1409
1417
1421
1419
1412
1415
1425
1429
1439
1461
1467
1463
1478
1496
1495
1502
1515
1524
1530
1546
1563
1555
1570
1568
1574
1573
1581
1568
1559
1565
1564
1546
1534
1531
1522
1508
1508
1503
1491
1502
1505
1512
1523
1528
1547
1548
1550
1547
1539
1545
1548
1553
1552
1561
1563
1579
1579
1606
1589
1591
1589
1612
1608
1621
1635
1658
1677
1702
1738
1755
1775
1809
1836
1848
1876
1910
1945
1973
2009
2041
2069
2098
2125
2146
2162
2176
2184
2189
2170
2157
2146
2124
2116
2125
2116
2104
2106
2113
2104
2105
2101
2108
2098
2096
2096
2068
2055
2036
2007
2002
1977
1952
1928
1906
1861
1845
1813
1787
1762
1744
1740
1737
1732
1702
1688
1661
1618
1611
1580
1563
1547
1544
1534
1535
1531
1547
1541
1564
1577
1601
1612
1651
1664
1703
1728
1761
1772
1784
1791
1789
1792
1786
1769
1782
1759
1743
1748
1741
1728
1732
1720
1711
1686
1690
1676
1682
1668
1655
1653
1667
1677
1684
1695
1698
1712
1698
1702
1693
1678
1672
1648
1646
1623
1607
1587
1576
1562
1559
1550
1559
1545
1536
1524
1508
1513
1514
1498
1502
1503
1506
1518
1540
1552
1581
1591
1619
1649
1677
1695
1701
1707
1734
1724
1741
1733
1713
1720
1708
1710
1725
1723
1731
1740
1748
1749
1754
1755
1763
1770
1778
1790
1805
1819
1843
1841
1852
1864
1872
1863
1850
1823
1807
1771
1727
1692
1656
1628
1599
1573
1558
1546
1542
1527
1540
1532
1534
1548
1556
1551
1561
1580
1600
1612
1636
1646
1663
1672
1676
1686
1675
1651
1639
1605
1575
1553
1535
1521
1500
1500
1514
1533
1560
1579
1620
1651
1693
1729
1772
1812
1828
1853
1865
1873
1893
1914
1919
1936
1952
1970
1970
1973
1968
1966
1970
1956
1968
1982
1989
2007
2022
2036
2047
2061
2086
2120
2159
2177
2193
2204
2202
2206
2186
2184
2172
2158
2116
2097
2072
2047
2019
1997
1992
1980
1986
2011
2021
2038
2054
2062
2086
2108
2142
2185
2225
2268
2303
2332
2362
2390
2399
2398
2405
2393
2388
2381
2375
2361
2334
2322
2302
2279
2253
2235
2221
2183
2161
2127
2125
2109
2119
2105
2091
2089
2071
2057
2051
2029
2016
1990
1967
1966
1965
1947
1962
1948
1936
1933
1931
1930
1934
1944
1946
1952
1954
1980
1989
2001
2018
2032
2046
2042
2051
2052
2051
2055
2049
2031
2018
2010
2012
1992
1970
1959
1953
1940
1946
1949
1947
1956
1970
1970
1983
1978
1973
1966
1962
1947
1951
1951
1951
1952
1949
1944
1945
1918
1902
1894
1874
1846
1826
1789
1754
1716
1689
1652
1604
1567
1529
1495
1455
1416
1388
1361
1349
1332
1324
1300
1306
1311
1294
1323
1337
1362
1390
1428
1466
1512
1558
1599
1631
1654
1684
1698
1728
1730
1754
1768
1795
1814
1829
1839
1859
1856
1868
1863
1871
1865
1855
1855
1841
1823
1812
1788
1783
1772
1765
1757
1755
1729
1724
1717
1721
1722
1722
1721
1721
1729
1733
1745
1763
1781
1796
1815
1837
1859
1886
1901
1928
1950
1966
1979
1972
1971
1972
1965
1959
1959
1955
1952
1946
1928
1917
1888
1872
1854
1845
1844
1839
1838
1823
1818
1825
1820
1838
1840
1850
1841
1848
1853
1860
1862
1872
1867
1882
1880
1901
1909
1919
1930
1949
1953
1959
1957
1978
1978
1968
1968
1955
1950
1947
1949
1959
1948
1951
1950
1968
1978
1983
1986
1985
1967
1953
1915
1898
1888
1886
1894
1910
1919
1948
1965
1986
2010
2039
2061
2085
2127
2146
2180
2210
2238
2272
2300
2337
2369
2391
2422
2445
2447
2456
2447
2440
2417
2397
2379
2348
2333
2330
2314
2316
2298
2299
2261
2250
2221
2210
2186
2157
2160
2151
2154
2151
2145
2147
2157
2158
2165
2197
2214
2224
2231
2263
2253
2267
2279
2295
2302
2305
2297
2275
2244
2198
2143
2098
2033
1991
1931
1890
1871
1855
1844
1851
1860
1865
1880
1900
1922
1941
1972
1980
1986
1985
2011
2024
2052
2082
2103
2126
2143
2149
2164
2164
2157
2147
2135
2126
2110
2100
2106
2098
2096
2106
2102
2117
2109
2131
2135
2132
2144
2154
2166
2185
2193
2210
2228
2250
2261
2274
2262
2254
2229
2225
2204
2205
2181
2185
2168
2155
2139
2121
2088
2085
2044
2031
2008
2012
1998
1975
1967
1946
1937
1924
1917
1909
1886
1869
1851
1822
1794
1782
1763
1753
1740
1737
1733
1753
1764
1782
1809
1813
1799
1798
1798
1785
1769
1765
1760
1754
1741
1725
1713
1717
1687
1654
1623
1580
1563
1524
1499
1468
1449
1430
1429
1432
1430
1450
1464
1472
1466
1473
1473
1468
1463
1464
1469
1486
1489
1501
1504
1519
1491
1492
1480
1455
1440
1425
1419
1413
1398
1392
1378
1351
1320
1294
1265
1244
1221
1215
1203
1205
1199
1208
1217
1243
1266
1296
1327
1355
1381
1416
1451
1481
1504
1548
1581
1636
1683
1734
1775
1828
1869
1918
1957
1991
2027
2050
2063
2077
2088
2097
2108
2123
2128
2137
2145
2139
2128
2118
2104
2102
2075
2057
2047
2012
1990
1975
1950
1932
1918
1891
1858
1808
1786
1750
1729
1716
1708
1701
1711
1727
1724
1733
1742
1753
1760
1781
1807
1821
1833
1858
1881
1899
1917
1937
1949
1931
1902
1891
1872
1862
1841
1834
1812
1800
1809
1818
1824
1825
1826
1814
1815
1829
1850
1873
1917
1975
2016
2079
2121
2166
2209
2262
2301
2321
2319
2322
2307
2280
2254
2228
2192
2175
2151
2130
2109
2077
2036
2015
1990
1956
1939
1934
1927
1929
1938
1952
1974
2004
2056
2105
2139
2173
2197
2229
2237
2260
2247
2238
2231
2201
2159
2128
2100
2085
2039
2011
1982
1954
1913
1892
1855
1838
1807
1808
1801
1798
1799
1811
1828
1847
1869
1886
1905
1928
1947
1968
1981
1992
2009
2051
2082
2107
2123
2150
2179
2198
2219
2230
2249
2265
2292
2287
2304
2313
2315
2312
2314
2310
2292
2307
2303
2289
2270
2273
2263
2246
2234
2228
2226
2210
2178
2161
2148
2137
2117
2100
2076
2066
2047
2040
2025
2013
2003
2002
1977
1967
1967
1971
1963
1965
1965
1966
1953
1952
1949
1948
1948
1945
1940
1933
1919
1905
1888
1885
1879
1867
1866
1860
1844
1834
1822
1820
1805
1806
1796
1793
1770
1753
1745
1746
1738
1738
1737
1733
1735
1742
1743
1771
1782
1801
1821
1837
1854
1875
1900
1916
1939
1963
1999
2021
2028
2037
2047
2068
2062
2069
2075
2060
2048
2028
2006
1978
1947
1931
1912
1913
1906
1902
1891
1885
1872
1869
1863
1860
1845
1850
1825
1818
1790
1766
1736
1717
1716
1707
1684
1691
1685
1682
1690
1713
1729
1750
1784
1812
1872
1913
1933
1958
1983
2006
2031
2064
2089
2104
2106
2104
2088
2067
2054
2038
2023
1988
1955
1912
1881
1842
1819
1790
1774
1757
1746
1736
1726
1728
1709
1698
1687
1681
1677
1676
1660
1655
1641
1663
1641
1651
1665
1697
1704
1739
1762
1770
1780
1781
1766
1747
1720
1693
1681
1648
1627
1572
1526
1495
1457
1431
1417
1420
1425
1432
1447
1472
1510
1561
1593
1650
1692
1738
1763
1811
1836
1865
1873
1901
1908
1886
1874
1861
1835
1796
1749
1708
1669
1628
1582
1556
1532
1525
1524
1521
1534
1542
1552
1591
1614
1654
1703
1743
1778
1813
1835
1869
1899
1945
1957
1996
1999
2011
1997
2027
2012
2008
2005
1997
1975
1954
1942
1937
1924
1907
1876
1887
1894
1885
1873
1868
1887
1898
1915
1934
1935
1945
1952
1952
1942
1947
1943
1965
1971
1989
1990
2018
2033
2046
2059
2073
2072
2086
2087
2112
2115
2132
2163
2172
2179
2195
2206
2232
2249
2256
2255
2275
2270
2280
2289
2299
2300
2316
2307
2318
2332
2321
2311
2314
2302
2295
2280
2253
2220
2187
2165
2115
2098
2055
2027
1996
1958
1920
1877
1862
1818
1792
1770
1738
1722
1704
1682
1679
1658
1655
1628
1631
1620
1606
1581
1562
1547
1525
1515
1503
1480
1485
1469
1474
1466
1474
1491
1502
1514
1536
1534
1552
1564
1581
1595
1629
1651
1674
1688
1695
1697
1680
1688
1688
1690
1691
1692
1683
1656
1650
1626
1603
1573
1567
1549
1539
1536
1511
1498
1485
1475
1461
1447
1442
1417
1398
1383
1359
1333
1313
1286
1258
1233
1213
1195
1192
1183
1168
1161
1150
1143
1126
1106
1095
1075
1048
1039
1009
1000
975
965
962
952
956
946
948
944
929
917
915
904
894
884
884
881
882
879
883
886
889
881
889
881
882
879
868
859
853
846
848
857
854
861
870
887
902
917
949
960
976
996
1022
1046
1050
1082
1112
1136
1159
1185
1215
1240
1264
1283
1300
1305
1314
1313
1304
1323
1320
1322
1322
1317
1328
1330
1328
1312
1293
1275
1263
1261
1245
1257
1253
1247
1245
1227
1230
1219
1200
1197
1177
1148
1118
1102
1122
1145
1145
1156
1160
1170
1172
1172
1190
1207
1215
1250
1279
1295
1314
1332
1359
1374
1378
1369
1378
1370
1350
1328
1318
1289
1286
1266
1247
1226
1206
1213
1220
1226
1241
1234
1257
1253
1250
1270
1273
1279
1312
1311
1327
1335
1321
1331
1336
1340
1323
1309
1311
1298
1290
1273
1269
1262
1261
1263
1263
1251
1245
1236
1234
1227
1214
1217
1213
1215
1222
1230
1228
1233
1252
1262
1282
1290
1300
1314
1326
1339
1371
1386
1403
1428
1432
1457
1472
1488
1490
1509
1526
1517
1510
1517
1525
1526
1532
1540
1548
1549
1536
1520
1513
1508
1502
1509
1496
1464
1457
1439
1430
1419
1413
1403
1397
1392
1385
1382
1394
1393
1426
1443
1463
1478
1490
1518
1530
1531
1548
1539
1559
1564
1577
1574
1561
1547
1551
1536
1530
1516
1495
1490
1481
1459
1436
1413
1396
1362
1339
1315
1296
1274
1266
1235
1225
1206
1180
1153
1134
1103
1087
1071
1051
1031
1005
991
974
954
926
883
841
794
743
701
664
624
603
565
542
521
500
479
467
458
448
449
439
444
446
455
467
483
501
511
548
563
589
610
626
642
661
673
687
704
719
744
770
789
809
827
850
862
879
899
911
925
928
924
946
961
970
983
1005
1008
1015
1037
1051
1044
1049
1055
1063
1071
1074
1066
1066
1059
1058
1053
1050
1037
1037
1034
1029
1022
1015
1011
995
980
971
948
938
912
888
873
854
825
794
759
728
694
662
618
589
559
540
517
498
487
480
466
457
455
445
435
436
439
444
454
467
481
502
516
543
568
590
612
643
677
702
732
769
802
824
846
882
903
923
948
974
988
996
1000
1015
1027
1031
1029
1034
1028
1037
1028
1032
1051
1049
1062
1067
1071
1075
1073
1073
1074
1091
1103
1111
1131
1141
1140
1157
1167
1176
1181
1190
1188
1188
1196
1190
1199
1200
1192
1199
1182
1185
1169
1176
1181
1179
1180
1186
1187
1180
1187
1189
1191
1206
1208
1206
1221
1212
1217
1196
1185
1178
1171
1168
1170
1178
1179
1187
1185
1200
1198
1200
1197
1193
1195
1197
1219
1222
1223
1229
1235
1252
1260
1268
1267
1269
1275
1260
1266
1258
1254
1250
1250
1244
1248
1248
1253
1251
1242
1253
1246
1253
1242
1247
1257
1257
1234
1228
1223
1223
1212
1219
1229
1241
1241
1236
1230
1236
1239
1242
1235
1227
1223
1218
1201
1188
1182
1169
1156
1148
1119
1105
1083
1062
1068
1067
1073
1085
1077
1080
1089
1094
1109
1111
1113
1118
1119
1133
1131
1138
1137
1138
1137
1133
1138
1142
1123
1115
1096
1084
1061
1039
1025
1014
1001
989
989
981
973
966
965
971
970
975
967
964
959
961
976
986
997
1005
1007
1004
1007
1003
990
987
971
959
946
948
933
923
913
909
900
898
897
885
877
870
863
849
846
836
824
820
808
808
798
808
799
805
786
781
778
776
769
771
757
769
763
772
761
762
754
765
771
764
762
757
749
747
745
746
749
742
730
731
726
718
703
705
703
704
711
710
714
712
705
709
710
704
707
706
700
705
697
705
710
707
705
706
702
714
710
715
710
709
714
709
701
699
692
688
684
683
679
685
686
679
677
680
666
666
655
652
637
630
618
603
598
590
586
589
584
573
550
539
520
523
515
516
505
505
498
494
489
489
485
484
490
493
496
496
497
502
499
504
502
514
509
523
533
542
546
552
551
555
550
554
552
558
546
551
548
541
542
547
552
556
561
566
562
556
556
560
554
555
550
555
550
545
538
536
536
534
532
535
528
525
525
523
525
527
521
513
516
509
511
506
505
501
501
498
486
485
478
485
476
470
463
462
461
464
466
466
468
472
472
479
475
479
480
480
486
493
492
497
492
493
505
498
496
490
487
477
471
479
471
468
461
466
454
460
449
458
448
454
450
454
447
448
448
452
448
453
454
456
448
447
446
445
436
432
431
434
424
421
418
421
422
419
419
420
415
421
426
420
417
416
416
430
433
437
439
439
436
449
453
453
450
455
440
398
233
-2
-2
0
1
-1
0
-1
0
446
430
-1
1
1
0
0

