;UFOS3
;Measurement details: channel = D, date = 01.06.2018, time = 03:59:53
Exposure=594
Gain=0
Temperature=12.1
Accummulate=4
2.917 mu
2.977 amas
19.549 hs
0 ozone
0 uva
0 uvb
0 uve
[Value]
0
328
327
330
327
329
329
328
362
365
388
378
367
370
395
380
380
357
386
385
372
366
408
390
387
364
410
395
380
381
417
390
375
367
410
393
393
364
404
398
369
363
413
398
385
365
411
400
377
367
399
386
365
371
410
392
366
368
407
392
380
363
399
390
374
363
423
391
380
363
406
384
368
376
416
396
378
366
398
390
380
371
413
393
376
369
407
396
364
372
410
395
370
372
408
401
364
359
416
388
363
368
397
392
375
366
407
390
375
364
403
395
372
372
407
394
372
370
405
394
377
377
418
402
380
373
399
394
373
367
396
387
376
364
412
409
371
376
402
391
386
374
405
398
372
371
404
392
367
394
403
394
366
364
418
396
385
367
408
403
367
367
402
395
389
383
403
398
393
369
407
395
383
391
402
397
373
373
412
385
374
365
406
400
379
369
426
395
382
378
395
414
370
378
406
403
382
372
418
390
381
369
402
396
379
369
404
386
383
372
410
393
365
387
401
391
374
362
396
402
388
366
408
397
381
371
400
387
373
363
406
390
370
370
404
395
375
373
403
395
387
369
405
396
376
377
410
387
386
370
403
393
376
369
407
404
375
380
417
394
369
387
409
397
383
358
398
391
381
362
394
389
365
379
408
397
375
374
418
404
377
367
400
405
381
362
406
387
377
374
397
404
377
365
402
397
377
371
407
391
383
366
407
396
380
380
402
390
380
359
404
401
392
369
411
397
378
376
400
396
369
373
399
391
371
373
404
388
388
373
415
389
380
369
406
388
393
364
415
405
372
372
401
408
371
378
407
401
377
371
414
398
371
376
400
385
373
368
409
388
393
374
410
391
391
370
423
389
382
374
398
398
387
370
399
400
381
373
407
394
378
366
396
389
376
378
402
391
377
371
402
399
375
364
407
389
381
362
402
406
381
368
414
403
383
369
413
383
384
373
408
390
374
367
400
396
388
374
406
389
379
383
398
395
373
369
405
390
384
371
401
396
369
359
423
396
367
376
404
394
383
376
393
394
371
370
401
397
381
363
407
384
376
383
400
388
381
380
401
401
391
369
408
397
377
377
402
394
372
374
405
397
381
364
405
387
382
383
405
393
392
378
403
390
379
374
406
392
375
374
398
389
383
371
409
385
383
368
423
387
389
379
408
387
370
387
396
398
377
372
401
387
381
366
410
391
375
388
403
387
379
376
400
389
381
369
397
395
380
390
405
391
381
379
402
392
381
379
402
394
379
381
394
392
387
371
400
391
372
367
398
387
384
371
400
394
392
383
408
390
373
377
407
393
380
382
409
396
377
372
404
387
383
365
403
399
382
379
399
392
377
373
404
397
374
379
405
394
374
380
402
392
377
389
416
384
387
372
399
389
386
385
410
387
383
375
400
387
379
377
402
387
375
380
410
390
371
376
405
390
388
366
409
387
379
372
412
392
369
378
398
390
401
370
405
385
374
368
401
394
372
368
396
394
364
371
398
377
392
378
399
384
378
367
399
389
372
365
403
387
376
377
398
393
381
379
409
397
380
365
403
384
380
379
408
388
378
381
405
383
374
367
402
380
384
370
400
389
381
380
412
387
379
358
394
394
376
367
393
388
387
376
387
385
374
376
395
389
374
367
403
391
379
376
396
377
375
383
393
397
378
373
401
395
375
380
401
387
388
384
397
389
382
440
401
398
394
372
401
393
381
377
398
385
373
376
403
384
383
375
405
391
380
375
402
384
385
375
400
390
375
379
398
402
386
366
401
384
374
374
409
395
386
376
402
386
377
376
395
393
373
381
402
388
380
377
400
387
385
375
401
387
380
365
404
387
380
380
393
390
383
377
412
387
382
375
400
385
373
375
397
389
381
374
407
388
385
386
398
387
390
372
401
392
397
382
394
392
379
376
399
394
382
382
402
396
380
371
394
388
392
383
400
390
375
376
396
389
375
376
401
390
387
383
395
386
373
370
400
392
384
381
396
390
379
369
399
380
385
381
405
392
381
372
396
392
388
399
406
387
381
378
398
386
381
382
401
392
380
377
405
386
383
381
396
396
383
380
400
385
378
377
394
390
383
378
401
390
385
377
399
386
382
383
395
387
389
379
399
390
376
377
403
388
393
373
405
389
384
380
397
392
383
382
401
392
402
368
402
386
395
370
397
392
380
380
406
395
372
373
400
407
384
379
393
390
398
381
404
391
389
388
402
391
400
382
399
394
389
379
395
387
388
382
397
387
399
384
401
387
395
385
399
389
389
381
399
390
378
372
400
393
398
375
397
386
384
381
393
385
376
379
397
393
380
381
400
397
387
378
395
388
386
385
395
389
386
372
402
393
396
374
396
396
384
377
396
386
381
375
404
393
384
383
398
395
397
387
407
391
383
397
396
401
385
387
395
390
385
380
386
385
392
394
408
392
378
388
405
392
387
380
398
396
387
380
396
392
390
388
403
402
390
384
399
397
386
382
399
378
381
386
400
395
392
391
400
388
386
376
407
386
400
378
404
394
386
380
395
392
400
388
395
392
400
386
403
394
386
391
397
392
386
386
399
396
396
385
406
387
394
389
401
394
396
384
403
388
388
393
402
392
386
384
391
396
398
390
399
392
396
381
394
382
389
375
394
396
388
387
398
390
388
386
396
394
389
382
393
389
391
393
393
386
387
382
399
388
383
381
402
387
384
380
401
385
398
390
402
392
397
392
396
392
387
384
400
389
401
388
398
384
393
393
406
388
397
382
395
384
386
385
398
407
392
386
398
391
405
388
396
393
390
387
403
393
397
383
421
390
395
390
396
395
384
390
391
386
392
390
402
386
382
382
391
384
392
379
397
390
406
389
389
389
392
389
398
391
390
397
396
388
390
390
397
386
391
388
396
396
390
393
405
389
393
386
395
395
391
392
405
394
402
382
401
386
394
380
399
379
405
384
394
393
397
382
396
389
391
382
401
394
401
385
394
390
393
390
406
386
383
389
393
387
398
378
402
395
395
382
397
377
398
390
398
392
402
394
404
388
398
374
387
383
382
384
391
394
392
388
390
392
399
383
407
390
380
392
406
381
390
383
390
386
397
390
395
383
396
390
402
391
397
391
401
388
391
388
397
389
392
385
402
392
397
383
392
383
393
383
398
387
383
392
402
389
394
401
396
394
387
385
392
384
403
385
394
383
393
386
399
390
390
392
384
392
397
392
401
398
394
382
396
394
390
381
398
393
395
392
394
391
395
386
392
386
390
380
389
392
404
388
385
390
388
380
397
389
398
388
399
390
398
387
393
393
401
396
396
401
400
383
398
394
389
379
398
384
398
391
407
396
390
387
392
386
404
400
400
395
395
395
393
392
396
380
402
387
396
387
405
385
405
386
397
388
381
395
401
380
381
400
386
386
391
388
392
393
388
394
401
393
404
390
391
384
405
389
397
393
400
389
389
377
397
386
394
384
400
387
389
386
399
393
398
384
397
402
389
385
394
389
393
388
400
391
394
379
395
383
397
389
393
396
389
392
392
392
397
391
395
392
388
391
389
394
383
389
400
385
400
382
389
388
395
391
391
398
388
386
397
390
398
395
391
393
400
388
397
392
391
388
388
394
387
384
386
393
400
392
394
391
391
383
404
389
401
389
384
388
386
386
379
386
391
385
399
389
385
393
391
386
389
383
386
383
384
383
391
387
397
390
398
396
398
393
385
391
394
396
398
388
393
384
392
381
399
392
393
387
388
387
391
390
391
390
387
381
395
379
388
392
385
387
388
386
411
387
389
387
387
393
396
391
390
388
394
375
392
391
382
393
395
384
391
385
392
375
396
385
391
382
401
393
392
384
389
394
389
378
392
382
389
380
377
390
393
388
381
391
386
378
397
388
391
383
388
400
397
395
395
390
388
386
387
385
391
385
386
386
381
388
381
381
386
395
398
391
391
390
385
386
384
389
387
386
387
389
388
383
396
380
393
389
387
391
390
391
392
385
388
394
395
389
395
384
386
389
394
390
400
391
390
387
392
387
394
385
397
380
390
386
397
392
395
385
398
391
404
388
396
382
391
392
392
385
407
381
402
388
388
386
390
387
400
387
385
389
390
395
394
390
395
390
388
380
395
390
391
387
399
388
387
389
382
385
397
392
388
386
388
386
389
399
393
379
387
386
391
391
385
390
396
378
403
381
395
390
385
397
395
382
396
385
394
384
382
387
387
389
392
393
397
381
395
394
395
386
388
390
398
382
396
395
390
375
395
390
384
391
389
404
398
387
408
387
407
376
403
388
392
394
378
392
394
386
392
398
393
386
396
393
387
389
394
395
393
393
392
382
395
389
404
386
382
375
395
389
395
385
389
392
390
394
391
398
406
385
394
394
391
381
402
390
391
386
388
388
400
387
401
381
392
390
395
391
389
386
395
397
387
384
389
389
385
380
389
391
396
390
392
386
392
380
393
385
399
382
395
389
387
394
396
393
400
380
389
399
392
389
395
383
396
382
386
389
391
384
396
402
386
388
397
397
388
385
392
403
392
381
403
391
390
387
393
397
397
384
394
388
393
391
401
396
400
385
405
390
397
389
390
388
389
386
397
394
389
386
397
399
394
387
396
395
397
382
397
386
389
383
395
390
395
391
393
391
387
394
395
391
397
382
390
393
404
396
396
385
398
389
397
388
380
392
397
388
386
377
388
384
396
380
408
382
395
383
397
397
404
380
392
391
391
387
392
392
387
389
388
395
384
377
392
390
388
384
392
385
385
382
392
389
401
384
398
394
389
385
396
392
401
384
412
393
390
396
400
394
387
386
398
401
394
389
397
394
393
381
397
394
398
391
400
394
391
389
384
394
396
381
399
390
384
388
402
395
391
388
404
391
392
384
398
389
387
386
398
385
378
397
397
396
390
383
396
393
387
380
399
391
392
381
400
391
397
399
391
384
384
392
406
389
403
390
395
393
393
384
395
398
390
393
392
391
396
377
398
402
396
379
395
396
392
391
399
390
387
383
391
395
389
380
397
398
392
382
397
393
394
380
407
401
387
389
405
399
390
383
403
394
396
374
393
400
382
386
399
393
382
389
400
388
397
379
390
390
391
382
399
399
383
386
396
396
395
383
393
393
382
389
401
386
384
381
400
388
384
383
401
400
389
389
403
400
383
378
401
387
384
385
398
390
389
381
400
394
384
388
399
395
391
385
400
397
393
381
407
395
386
393
404
395
397
391
404
393
388
388
403
403
390
388
403
398
401
383
401
396
396
388
395
394
386
384
402
405
390
386
392
398
388
393
402
400
397
390
404
401
398
385
402
396
395
387
400
405
383
385
403
396
395
390
398
395
379
381
396
401
390
379
407
400
391
382
402
394
386
390
399
392
394
386
407
395
387
380
407
389
388
377
398
401
383
387
406
400
395
377
405
399
387
384
400
398
389
382
404
392
383
383
403
399
391
384
401
394
394
380
413
395
387
382
402
397
394
375
400
397
397
393
394
403
389
381
412
403
380
383
404
399
388
387
399
393
385
377
398
395
384
388
396
397
388
383
405
394
394
378
408
393
390
384
397
402
388
385
409
402
399
381
397
394
384
384
401
401
397
383
402
396
400
393
403
394
386
385
393
396
393
384
404
400
382
384
407
401
387
382
402
404
387
382
407
398
401
377
408
394
388
382
413
397
395
389
397
401
392
386
399
406
388
383
406
395
384
388
404
400
380
375
395
400
381
384
408
396
393
380
407
399
396
378
398
387
407
378
413
389
380
384
402
399
383
378
402
407
393
381
407
399
392
385
404
399
398
386
409
394
389
391
402
399
388
383
406
407
375
379
403
406
386
384
419
402
392
388
403
398
386
390
400
409
388
382
399
400
386
382
408
398
390
387
410
399
390
389
405
402
390
383
405
392
394
394
415
403
396
388
401
406
388
378
409
399
395
389
412
402
384
389
401
397
386
377
416
403
391
386
417
420
385
386
408
392
389
383
404
410
390
389
410
411
382
386
406
397
392
394
408
407
388
395
405
402
386
398
405
403
395
382
398
398
389
383
405
409
380
383
405
402
388
383
408
409
385
387
406
391
390
374
398
401
387
388
404
404
393
382
407
402
392
385
412
403
385
380
401
401
386
380
408
398
379
385
413
404
392
381
402
402
390
386
400
391
393
387
402
399
396
383
407
407
386
379
403
409
389
396
412
398
393
390
415
405
390
386
405
405
388
389
417
394
388
376
419
397
391
388
393
396
388
380
407
396
373
398
415
401
387
388
403
404
383
384
405
395
389
390
409
405
378
382
418
396
389
385
412
393
387
384
405
406
382
390
409
403
386
378
404
400
381
383
408
404
397
386
411
413
386
389
410
397
387
389
415
396
387
379
414
399
390
380
409
403
395
381
404
405
392
372
407
408
394
394
419
401
391
380
406
397
385
380
401
397
390
386
411
401
384
381
408
394
390
387
407
399
390
383
405
394
385
377
411
401
386
388
407
400
383
386
408
396
387
388
408
393
384
386
407
404
387
379
404
402
394
379
408
411
378
379
406
398
393
384
403
402
382
385
405
403
376
382
413
394
391
387
416
400
386
377
418
402
382
389
400
400
387
379
414
396
389
380
403
405
379
397
409
406
383
385
400
405
384
396
403
404
382
373
410
399
384
382
413
402
399
381
403
407
392
381
397
401
390
387
405
425
390
378
393
400
394
390
404
397
384
380
398
403
385
381
406
407
382
374
402
395
383
386
401
403
388
390
405
398
382
380
406
418
390
386
398
397
392
380
402
401
376
394
401
387
392
392
400
398
393
381
407
396
383
379
408
398
390
375
399
402
390
382
395
396
385
380
395
397
385
382
406
409
383
381
403
400
395
378
398
397
383
381
407
407
386
385
403
400
389
380
413
392
401
380
407
405
395
382
399
397
383
383
409
388
383
381
402
399
386
388
411
395
392
385
415
396
388
393
400
402
392
382
412
395
387
387
408
393
387
378
399
405
384
386
413
392
389
382
396
400
380
377
395
395
392
392
404
394
386
385
398
398
386
382
406
401
391
384
401
397
386
385
406
397
391
382
398
398
384
396
404
395
382
385
393
394
390
375
400
398
387
387
404
391
391
385
398
401
379
381
404
407
384
376
396
390
384
381
401
397
385
376
402
401
385
395
410
397
386
380
407
396
386
389
409
399
392
384
408
394
392
392
404
395
387
392
393
396
386
385
397
395
382
379
410
393
381
384
408
404
386
379
418
405
391
385
413
400
397
385
401
399
403
379
401
409
382
384
392
398
382
385
403
392
396
387
402
402
386
379
408
404
389
378
405
407
389
383
404
399
382
387
408
407
391
378
406
402
390
373
388
403
391
376
397
405
378
382
398
393
391
384
413
391
391
374
410
397
387
378
401
397
396
382
400
385
376
384
387
393
391
391
403
391
395
385
400
391
382
380
407
394
390
390
398
399
393
382
402
392
397
387
402
401
399
396
399
402
390
396
395
406
396
392
403
403
390
383
410
416
397
384
405
407
395
382
407
391
388
399
408
408
390
384
403
409
400
386
394
391
397
391
408
405
382
390
401
404
389
377
400
405
384
387
397
403
392
388
403
390
388
380
400
396
386
382
406
403
391
378
396
393
386
376
409
399
383
384
420
403
398
387
399
403
382
390
406
392
388
378
397
401
388
380
396
407
394
390
413
393
391
379
408
395
386
379
402
398
384
385
402
412
389
382
394
396
384
379
405
394
394
386
409
393
380
383
392
390
391
378
416
392
384
383
406
402
384
383
400
399
384
395
406
391
380
380
400
394
390
379
406
390
385
382
403
419
386
388
405
394
397
397
409
398
390
384
399
401
382
377
397
410
392
388
389
402
393
391
403
394
397
387
399
397
383
392
412
403
385
390
402
412
384
382
400
403
392
377
399
395
389
385
398
400
390
390
402
399
388
386
404
395
390
384
398
404
375
391
400
395
391
383
408
401
389
376
407
395
391
386
400
394
387
384
405
401
394
393
400
396
399
381
394
393
395
380
398
403
385
375
401
405
389
380
397
402
390
384
399
399
385
397
403
406
397
380
406
410
387
394
407
393
381
382
413
398
384
384
405
407
387
379
402
404
399
386
402
404
384
385
407
407
397
389
412
399
397
388
403
402
395
377
400
392
384
390
408
394
397
385
400
396
392
384
405
399
385
384
417
403
384
395
408
403
388
378
403
396
386
392
406
402
380
389
406
396
389
382
400
395
389
385
403
401
383
395
401
399
387
379
400
399
394
386
395
393
383
383
406
402
381
384
412
394
384
393
396
395
385
391
393
407
396
395
395
395
382
380
390
394
388
392
406
395
397
380
403
389
395
381
410
397
379
380
405
400
400
390
398
400
384
381
412
399
402
387
393
391
385
392
327
329
329
329
327
328
329
329
407
389
328
329
327
0
0

