;UFOS3
;Measurement details: channel = Z, date = 01.06.2018, time = 04:14:41
Exposure=550
Gain=0
Temperature=12.5
Accummulate=4
2.689 mu
2.753 amas
21.381 hs
0 ozone
0 uva
0 uvb
0 uve
[Value]
0
331
331
330
328
331
330
328
364
365
386
378
368
369
393
380
379
359
383
386
373
367
405
389
386
365
408
393
382
381
416
391
376
369
410
394
393
365
404
399
372
364
414
397
388
365
408
402
381
367
399
387
368
373
410
392
367
370
408
392
386
363
402
388
377
366
422
390
380
365
405
386
372
378
416
399
378
369
397
390
382
372
414
392
377
371
407
397
368
373
409
396
373
372
409
401
366
363
416
390
366
367
396
392
378
368
408
389
378
365
403
395
373
377
408
393
376
373
407
392
379
378
417
403
383
374
400
394
378
369
396
386
377
367
412
409
375
377
402
393
387
376
403
397
373
371
405
391
368
397
399
394
368
367
417
397
387
368
406
402
370
369
402
398
391
387
404
399
395
369
408
395
382
390
404
396
373
377
410
386
375
366
407
401
382
372
425
397
384
381
395
416
371
378
408
403
382
374
417
390
384
371
402
395
380
369
408
388
383
375
411
394
366
386
400
394
377
365
399
403
389
368
411
399
383
373
400
389
374
363
406
389
373
372
406
395
379
373
403
397
389
373
404
398
378
379
412
389
388
372
405
394
379
370
406
408
378
382
418
393
372
388
410
398
386
361
400
390
383
364
395
391
371
382
410
395
377
376
422
402
382
368
398
405
385
363
410
388
380
375
396
407
381
368
403
400
378
374
408
393
385
367
407
397
384
381
406
389
383
360
406
402
396
372
414
397
380
376
401
396
373
374
400
394
373
375
404
388
391
373
413
394
383
374
407
391
397
367
418
407
374
374
402
406
375
381
406
403
381
373
414
399
375
379
403
389
375
373
411
389
397
376
411
392
394
369
425
393
386
379
400
402
388
373
400
403
381
373
409
395
379
370
399
392
378
381
404
392
379
375
400
399
376
367
406
391
383
365
404
406
382
372
414
402
386
373
413
386
384
373
409
393
379
368
399
395
392
376
406
391
384
384
399
395
376
369
405
393
387
374
400
397
372
360
425
399
369
379
406
397
385
377
396
398
372
374
401
400
383
366
409
387
379
384
402
390
385
380
403
402
393
371
410
396
381
381
403
398
375
379
407
398
385
367
406
388
384
386
409
397
394
380
405
392
383
378
406
392
379
378
404
392
385
373
410
386
386
372
414
389
392
380
410
390
374
389
400
400
379
375
405
391
385
369
413
391
380
387
405
390
380
380
403
391
383
372
398
399
383
395
404
393
385
380
401
394
385
383
402
398
383
382
398
393
392
373
401
393
376
370
400
391
388
378
403
399
397
389
410
391
374
378
410
397
383
384
412
399
382
375
405
390
387
369
405
399
386
383
400
396
380
376
407
400
377
384
405
395
375
384
406
393
380
392
418
385
390
374
402
392
389
386
414
393
384
378
404
389
382
381
402
391
378
383
415
392
375
381
408
395
394
373
411
390
383
374
413
393
373
381
402
393
406
374
407
388
381
370
402
395
377
371
401
397
369
375
403
382
397
382
405
389
381
370
403
395
375
368
407
393
379
381
401
392
383
382
412
400
381
370
409
389
384
384
411
393
382
385
406
388
377
372
403
386
389
374
401
392
388
383
416
390
382
363
396
397
381
374
398
392
387
380
390
390
378
380
397
391
380
370
409
394
382
382
402
382
380
388
398
400
383
376
405
400
378
387
403
392
389
387
401
393
387
443
407
402
400
376
406
393
386
383
404
388
379
381
406
387
389
381
405
392
389
379
406
387
390
379
404
392
382
383
405
404
390
372
409
388
378
377
415
401
391
383
409
391
382
382
399
398
383
388
405
393
387
381
405
394
392
378
405
392
387
372
407
392
386
385
398
397
388
383
418
393
391
382
405
390
378
384
405
396
389
382
413
395
393
393
404
389
397
380
410
399
405
388
402
401
391
387
406
401
393
394
411
404
391
382
404
396
407
394
412
398
387
389
407
400
388
391
413
405
400
395
411
399
386
383
415
405
399
396
410
401
393
382
411
396
398
395
417
410
397
388
413
408
406
418
423
404
400
396
416
404
400
404
420
413
405
404
430
410
407
404
422
422
412
406
428
412
406
404
422
420
413
406
429
420
413
404
429
413
412
411
424
414
419
408
428
421
409
408
437
420
428
406
438
424
421
418
433
430
422
422
443
433
445
414
446
430
444
418
449
445
431
434
465
453
431
433
460
467
450
441
457
455
464
450
467
454
457
455
472
458
469
449
467
463
461
449
469
459
458
452
469
459
473
458
475
462
469
457
475
464
463
457
476
465
452
444
475
470
476
453
478
468
469
470
481
471
462
467
487
489
478
475
501
501
491
483
502
492
498
495
507
505
505
492
528
520
527
507
533
535
527
526
546
541
546
543
576
570
566
565
589
590
595
589
613
601
598
612
619
626
615
615
628
626
623
614
623
624
635
633
655
637
622
634
654
638
637
624
651
649
646
636
660
662
664
656
682
678
669
667
685
686
684
676
706
685
694
697
723
716
713
719
729
717
721
710
745
722
741
715
749
734
729
717
737
731
740
731
742
734
747
738
763
753
756
759
776
777
784
782
801
800
797
786
807
786
797
789
802
797
795
787
807
791
803
808
820
809
810
814
829
847
864
865
879
878
890
882
896
884
887
866
882
884
869
860
859
839
832
813
821
812
796
780
792
775
783
776
788
773
784
781
809
800
806
816
843
843
855
862
908
891
923
922
936
941
953
952
965
969
971
976
990
985
1009
1000
1018
1014
1028
1032
1053
1036
1051
1047
1065
1063
1062
1059
1064
1076
1047
1033
1036
1020
1023
987
990
990
978
966
992
976
983
972
1014
985
996
995
1017
1018
1027
1049
1072
1085
1119
1135
1180
1179
1191
1206
1227
1219
1244
1219
1245
1236
1253
1233
1237
1222
1222
1213
1219
1203
1200
1200
1203
1196
1188
1204
1217
1206
1218
1221
1245
1257
1258
1268
1296
1295
1317
1328
1355
1381
1390
1409
1438
1449
1472
1471
1511
1509
1532
1533
1571
1560
1598
1575
1585
1571
1579
1542
1551
1525
1511
1482
1484
1447
1444
1422
1422
1399
1389
1387
1394
1377
1387
1395
1405
1409
1431
1428
1467
1473
1480
1475
1492
1482
1509
1503
1519
1509
1517
1496
1498
1467
1457
1418
1409
1388
1362
1331
1317
1302
1284
1275
1259
1262
1265
1251
1291
1272
1275
1281
1305
1287
1295
1296
1330
1323
1356
1353
1378
1367
1399
1408
1433
1444
1454
1459
1484
1483
1498
1510
1526
1530
1547
1542
1570
1559
1579
1568
1573
1567
1571
1561
1578
1562
1555
1549
1563
1536
1545
1539
1531
1520
1510
1503
1503
1491
1517
1501
1520
1504
1521
1515
1518
1507
1522
1513
1511
1528
1549
1561
1590
1601
1623
1627
1658
1673
1706
1714
1762
1772
1797
1806
1826
1841
1865
1869
1878
1874
1874
1861
1880
1877
1901
1896
1905
1922
1919
1923
1952
1951
1963
1967
1990
1989
2002
2008
2014
2030
2029
2024
2043
2044
2040
2019
2032
2019
2006
1981
1992
1970
1981
1968
1983
1962
1958
1963
1974
1972
2014
2018
2021
2023
2027
2020
2022
2020
2028
2015
2041
2031
2045
2049
2067
2053
2077
2050
2077
2071
2078
2114
2131
2125
2143
2207
2206
2236
2263
2284
2306
2341
2366
2407
2449
2466
2515
2528
2559
2570
2629
2618
2649
2643
2639
2621
2616
2589
2592
2570
2567
2563
2585
2566
2558
2560
2575
2563
2565
2553
2569
2541
2535
2508
2500
2475
2458
2433
2433
2386
2363
2310
2300
2261
2246
2216
2213
2202
2191
2182
2154
2138
2115
2085
2057
2025
2006
1995
1989
1985
1983
1983
1995
1986
2016
2010
2037
2067
2090
2110
2156
2178
2208
2212
2243
2233
2241
2239
2221
2217
2218
2193
2199
2176
2174
2159
2164
2150
2136
2110
2113
2115
2121
2106
2097
2096
2101
2095
2140
2125
2139
2143
2125
2125
2130
2111
2096
2075
2083
2047
2047
2027
1997
1998
1994
1987
1979
1963
1969
1947
1941
1945
1949
1934
1942
1926
1944
1952
1968
1987
2008
2028
2050
2094
2102
2123
2144
2131
2162
2158
2167
2170
2138
2140
2130
2138
2145
2155
2164
2164
2169
2165
2188
2157
2192
2195
2201
2209
2232
2246
2289
2267
2286
2288
2296
2292
2288
2256
2228
2189
2159
2106
2074
2043
2009
1998
1989
1971
1964
1938
1960
1936
1967
1958
1980
1966
1995
2004
2021
2037
2058
2071
2092
2090
2109
2090
2093
2068
2055
2028
2002
1980
1950
1944
1924
1907
1949
1949
1984
1999
2032
2081
2123
2160
2205
2232
2262
2284
2302
2304
2326
2325
2348
2379
2371
2397
2386
2391
2398
2404
2400
2398
2400
2403
2413
2425
2437
2451
2464
2488
2520
2547
2571
2591
2630
2616
2633
2625
2613
2613
2580
2573
2549
2517
2491
2476
2441
2419
2411
2396
2411
2426
2454
2454
2473
2483
2497
2517
2562
2607
2654
2689
2746
2749
2790
2806
2835
2831
2838
2821
2830
2796
2803
2794
2779
2747
2726
2704
2687
2648
2659
2606
2611
2548
2548
2533
2534
2531
2531
2502
2490
2481
2468
2460
2435
2408
2394
2375
2376
2355
2383
2357
2346
2345
2351
2345
2338
2359
2354
2359
2378
2392
2397
2415
2423
2435
2454
2469
2469
2459
2464
2455
2465
2452
2430
2435
2442
2390
2407
2360
2374
2351
2356
2361
2369
2360
2395
2363
2399
2393
2374
2379
2360
2366
2362
2357
2362
2352
2367
2360
2358
2332
2304
2305
2296
2249
2239
2208
2171
2116
2105
2055
2010
1970
1944
1916
1869
1808
1814
1770
1779
1718
1740
1705
1716
1718
1695
1727
1754
1755
1790
1840
1875
1909
1970
1995
2043
2065
2083
2101
2133
2150
2162
2172
2195
2223
2249
2248
2264
2259
2281
2269
2290
2277
2268
2255
2250
2225
2218
2208
2205
2164
2175
2161
2158
2140
2133
2115
2119
2110
2128
2118
2133
2135
2156
2147
2174
2177
2201
2217
2244
2256
2304
2319
2336
2349
2371
2383
2376
2368
2383
2378
2375
2378
2369
2362
2363
2320
2330
2287
2285
2254
2253
2250
2241
2242
2247
2225
2232
2218
2241
2252
2246
2246
2266
2246
2270
2261
2267
2270
2290
2291
2307
2325
2313
2333
2355
2362
2368
2354
2380
2386
2377
2358
2379
2345
2354
2349
2369
2371
2363
2353
2375
2385
2391
2393
2400
2378
2364
2313
2327
2286
2296
2295
2303
2311
2345
2358
2400
2413
2437
2452
2504
2526
2556
2587
2623
2649
2685
2701
2744
2776
2789
2806
2852
2856
2866
2850
2845
2820
2796
2783
2765
2741
2745
2717
2727
2710
2706
2676
2660
2620
2611
2577
2579
2561
2545
2550
2561
2539
2551
2534
2561
2564
2605
2596
2646
2639
2664
2653
2675
2688
2705
2694
2713
2701
2683
2638
2608
2553
2495
2438
2383
2339
2292
2265
2259
2243
2242
2244
2268
2279
2290
2302
2335
2352
2385
2361
2395
2410
2413
2438
2485
2504
2535
2532
2573
2562
2555
2570
2556
2537
2513
2509
2501
2515
2497
2491
2513
2513
2513
2498
2532
2533
2544
2539
2565
2566
2576
2593
2607
2635
2643
2659
2665
2659
2646
2621
2628
2603
2593
2571
2590
2566
2556
2530
2531
2489
2468
2438
2438
2407
2385
2387
2386
2363
2340
2322
2325
2323
2295
2279
2273
2245
2218
2180
2180
2143
2158
2130
2132
2120
2140
2154
2181
2195
2218
2201
2203
2182
2187
2158
2157
2155
2137
2134
2127
2105
2110
2059
2054
2027
1989
1938
1922
1884
1861
1838
1827
1818
1817
1818
1847
1856
1867
1858
1866
1871
1852
1844
1872
1863
1876
1863
1907
1904
1902
1889
1894
1874
1847
1820
1832
1808
1816
1780
1787
1775
1731
1706
1694
1657
1617
1604
1610
1585
1602
1575
1603
1609
1625
1645
1694
1711
1736
1767
1808
1845
1866
1890
1944
1975
2022
2073
2126
2148
2206
2245
2324
2337
2369
2399
2429
2456
2464
2465
2502
2497
2500
2503
2544
2532
2533
2507
2513
2499
2483
2446
2459
2422
2402
2373
2376
2344
2323
2295
2287
2245
2198
2151
2155
2114
2091
2094
2102
2105
2122
2114
2143
2129
2133
2154
2182
2203
2210
2220
2248
2266
2300
2297
2326
2331
2318
2291
2282
2271
2245
2215
2221
2213
2190
2193
2199
2223
2208
2205
2206
2216
2220
2221
2270
2316
2367
2390
2467
2510
2550
2591
2656
2686
2701
2702
2730
2699
2678
2635
2617
2577
2554
2522
2525
2503
2453
2414
2416
2382
2351
2320
2343
2312
2299
2312
2343
2358
2407
2429
2501
2528
2550
2571
2617
2613
2634
2615
2634
2634
2587
2537
2523
2489
2468
2413
2409
2380
2335
2288
2272
2243
2215
2184
2202
2178
2174
2167
2203
2221
2230
2237
2280
2290
2308
2316
2370
2359
2365
2391
2430
2457
2487
2490
2533
2562
2593
2596
2622
2640
2656
2672
2706
2679
2677
2692
2712
2704
2688
2663
2693
2675
2661
2649
2653
2646
2620
2620
2620
2596
2582
2544
2566
2529
2513
2487
2506
2459
2450
2417
2432
2417
2385
2377
2400
2358
2353
2334
2351
2338
2344
2341
2352
2339
2352
2321
2342
2330
2338
2315
2315
2298
2276
2258
2273
2262
2246
2226
2236
2225
2199
2192
2209
2194
2179
2167
2178
2163
2139
2111
2137
2111
2127
2089
2132
2115
2124
2110
2178
2169
2189
2191
2214
2238
2253
2267
2298
2333
2332
2359
2412
2403
2409
2425
2447
2451
2436
2428
2445
2429
2390
2369
2369
2327
2308
2277
2306
2288
2283
2257
2268
2238
2257
2226
2260
2220
2214
2204
2196
2185
2137
2092
2107
2100
2079
2054
2085
2066
2061
2052
2089
2103
2135
2151
2210
2242
2284
2314
2345
2364
2378
2392
2452
2488
2469
2472
2484
2473
2442
2412
2437
2395
2355
2316
2298
2257
2216
2183
2166
2160
2119
2101
2118
2110
2099
2077
2093
2061
2046
2040
2066
2046
2034
2022
2043
2022
2025
2030
2088
2081
2125
2131
2162
2158
2163
2137
2129
2102
2060
2041
2044
2003
1957
1906
1898
1839
1794
1794
1811
1808
1802
1800
1875
1905
1933
1964
2041
2090
2105
2138
2193
2210
2236
2246
2284
2287
2257
2249
2261
2217
2159
2117
2100
2037
2003
1964
1950
1919
1895
1888
1915
1916
1908
1926
1972
1992
2029
2052
2115
2155
2185
2192
2255
2283
2297
2318
2371
2374
2378
2364
2407
2405
2382
2377
2380
2339
2330
2286
2307
2292
2255
2247
2266
2264
2258
2231
2266
2255
2274
2271
2312
2305
2303
2299
2335
2325
2304
2296
2342
2345
2344
2350
2401
2400
2416
2417
2455
2448
2459
2453
2493
2486
2496
2515
2541
2549
2559
2569
2612
2619
2617
2603
2650
2667
2645
2668
2692
2666
2677
2683
2711
2706
2693
2675
2697
2676
2649
2641
2646
2590
2555
2512
2514
2468
2414
2387
2363
2325
2298
2240
2248
2200
2147
2139
2133
2094
2068
2053
2065
2048
2012
1991
2007
1984
1969
1942
1951
1922
1881
1876
1902
1855
1848
1835
1864
1843
1841
1852
1892
1904
1894
1901
1932
1953
1937
1943
2004
2024
2024
2034
2075
2070
2064
2042
2078
2084
2053
2068
2073
2041
2010
1994
2002
1958
1939
1903
1934
1903
1879
1849
1875
1862
1844
1805
1822
1807
1766
1735
1745
1718
1684
1650
1661
1614
1588
1562
1579
1548
1532
1519
1531
1517
1501
1472
1486
1448
1412
1397
1409
1374
1353
1332
1360
1352
1334
1313
1332
1315
1308
1274
1308
1282
1263
1254
1279
1261
1248
1244
1278
1262
1260
1253
1275
1252
1248
1244
1260
1242
1223
1215
1237
1240
1235
1221
1271
1282
1262
1275
1333
1342
1355
1356
1396
1419
1411
1448
1502
1513
1515
1542
1609
1615
1634
1646
1693
1677
1681
1673
1712
1694
1685
1689
1700
1697
1691
1683
1720
1680
1660
1638
1650
1634
1602
1624
1655
1633
1607
1589
1605
1601
1570
1576
1553
1533
1480
1460
1505
1518
1515
1517
1549
1542
1545
1531
1570
1583
1583
1605
1658
1671
1688
1692
1729
1770
1748
1729
1742
1732
1717
1692
1695
1664
1637
1613
1622
1600
1573
1567
1602
1607
1602
1599
1633
1630
1613
1622
1650
1661
1677
1679
1707
1705
1682
1697
1719
1726
1684
1677
1684
1671
1664
1629
1650
1644
1618
1628
1639
1618
1616
1604
1608
1607
1589
1572
1603
1582
1583
1580
1610
1607
1612
1609
1655
1667
1663
1664
1693
1703
1724
1731
1781
1787
1802
1813
1847
1862
1842
1860
1885
1884
1866
1862
1897
1887
1886
1896
1920
1935
1890
1874
1887
1874
1864
1851
1883
1829
1830
1800
1797
1804
1779
1758
1763
1774
1733
1735
1771
1745
1778
1799
1833
1839
1843
1864
1918
1900
1905
1894
1941
1936
1935
1927
1926
1917
1903
1890
1922
1876
1852
1844
1855
1813
1792
1759
1757
1739
1702
1675
1682
1642
1631
1593
1600
1572
1537
1516
1505
1470
1456
1434
1438
1400
1383
1353
1352
1326
1289
1241
1231
1177
1119
1065
1052
1007
972
942
933
905
878
851
854
838
825
834
837
825
814
828
849
861
877
877
925
953
962
982
1015
1017
1035
1032
1065
1087
1084
1107
1153
1171
1176
1186
1219
1231
1237
1251
1290
1285
1283
1288
1327
1342
1337
1349
1379
1379
1385
1390
1426
1423
1410
1420
1456
1441
1436
1423
1455
1426
1429
1423
1429
1409
1406
1401
1398
1394
1375
1367
1373
1351
1321
1308
1316
1285
1253
1230
1241
1203
1170
1116
1122
1079
1034
994
988
945
924
894
897
867
868
832
843
846
807
804
816
821
812
828
857
857
880
891
928
948
960
976
1029
1057
1073
1095
1146
1186
1192
1208
1266
1278
1282
1306
1359
1362
1364
1360
1397
1399
1392
1378
1401
1407
1404
1380
1410
1425
1410
1419
1444
1438
1434
1430
1461
1432
1454
1445
1491
1489
1494
1488
1523
1526
1543
1539
1559
1542
1536
1547
1552
1560
1562
1554
1566
1541
1542
1530
1547
1538
1534
1531
1562
1548
1548
1542
1568
1569
1571
1558
1582
1575
1575
1573
1573
1555
1544
1529
1536
1531
1541
1550
1547
1561
1561
1551
1578
1573
1557
1547
1583
1600
1582
1576
1610
1612
1622
1613
1640
1614
1625
1637
1645
1643
1617
1605
1617
1623
1608
1598
1613
1616
1610
1607
1631
1616
1595
1608
1622
1614
1614
1583
1600
1601
1571
1568
1584
1598
1597
1590
1614
1591
1601
1585
1610
1596
1584
1569
1585
1573
1553
1521
1532
1522
1498
1461
1483
1453
1426
1420
1460
1450
1456
1445
1451
1466
1447
1461
1485
1471
1472
1468
1500
1504
1497
1480
1504
1512
1507
1493
1525
1485
1481
1456
1460
1425
1400
1373
1389
1365
1342
1341
1355
1353
1339
1319
1337
1332
1326
1311
1345
1333
1329
1330
1365
1351
1350
1355
1368
1368
1358
1329
1370
1333
1313
1305
1321
1309
1283
1266
1283
1275
1261
1262
1268
1250
1226
1219
1230
1208
1197
1176
1199
1169
1171
1159
1183
1198
1157
1146
1163
1149
1151
1134
1154
1144
1131
1117
1134
1138
1117
1114
1143
1151
1135
1122
1119
1129
1119
1110
1131
1120
1123
1104
1114
1098
1073
1072
1098
1082
1062
1077
1093
1102
1072
1066
1089
1095
1079
1057
1091
1073
1071
1060
1083
1087
1079
1077
1085
1083
1080
1079
1097
1084
1083
1077
1083
1092
1059
1055
1068
1053
1050
1042
1072
1061
1052
1028
1065
1043
1030
1016
1028
1014
1000
986
997
971
967
961
973
953
955
921
920
904
901
877
896
891
873
860
881
876
858
845
872
875
864
859
886
878
872
879
890
893
896
871
910
922
913
921
937
925
915
917
950
931
920
914
941
923
909
904
934
932
938
925
955
951
926
924
943
946
934
923
946
926
926
904
926
920
917
892
919
901
897
899
912
898
903
885
897
887
883
876
900
881
870
862
898
873
851
860
875
858
843
823
857
837
837
837
856
852
831
844
861
860
850
844
868
866
861
855
883
873
862
882
891
875
869
844
863
854
858
839
848
835
833
822
850
843
820
820
854
828
817
820
829
823
824
823
827
837
834
824
833
821
818
800
802
808
804
803
818
793
807
791
810
791
798
783
826
796
784
783
813
801
814
806
816
820
809
804
845
830
840
820
833
820
773
614
329
330
329
328
329
331
328
328
837
796
327
331
329
0
0

