;UFOS3
;Measurement details: channel = S, date = 01.06.2018, time = 04:30:35
Exposure=569
Gain=0
Temperature=13.2
Accummulate=4
2.481 mu
2.528 amas
23.363 hs
0 ozone
0 uva
0 uvb
0 uve
[Value]
0
331
332
331
332
332
331
332
368
368
391
384
371
372
399
385
384
363
392
391
377
368
413
397
389
369
416
400
385
386
422
398
381
373
418
400
397
366
411
404
375
369
420
404
391
370
416
407
383
372
406
395
370
377
416
396
369
373
414
398
389
369
406
395
380
368
428
397
383
368
415
392
374
381
424
404
382
373
405
396
385
377
420
397
380
377
415
402
370
375
419
403
376
375
417
408
370
366
421
395
368
371
402
399
379
373
416
396
380
370
412
402
376
377
415
399
380
375
413
397
383
380
424
406
385
378
408
403
381
372
402
393
382
371
418
416
376
380
410
394
392
381
408
402
378
375
411
397
372
401
407
402
371
371
425
402
393
371
415
408
371
372
407
400
396
389
411
407
397
372
414
398
387
394
409
404
377
380
417
391
380
369
412
407
384
376
431
401
384
382
403
423
374
383
411
406
384
377
427
397
385
373
411
399
384
373
412
394
387
376
417
399
371
389
408
399
380
366
402
408
391
369
415
404
384
376
409
392
378
367
413
395
375
375
411
400
379
377
411
400
393
376
411
402
380
382
419
393
391
375
410
399
383
374
412
413
381
383
423
397
373
395
417
403
388
365
405
395
386
368
403
393
372
385
415
402
381
378
425
409
384
372
408
414
387
368
415
393
383
377
403
412
381
371
408
404
383
375
413
401
389
370
413
403
386
386
408
394
387
363
412
406
397
374
420
402
383
379
407
400
376
379
406
396
374
379
410
395
393
377
424
397
385
377
413
397
400
369
426
414
377
376
406
412
375
383
415
406
383
377
422
405
375
381
406
389
378
374
417
394
397
379
415
397
398
375
430
395
389
382
407
404
391
374
409
407
384
379
416
399
383
372
405
397
382
385
409
396
383
376
407
409
379
368
414
397
385
368
409
414
387
373
422
410
391
375
421
392
388
375
414
397
382
371
406
401
394
382
410
394
386
387
404
400
378
374
413
397
389
378
409
401
374
364
427
404
373
382
415
402
389
381
401
404
377
376
407
405
385
368
413
390
381
388
408
393
387
386
411
404
395
373
416
401
383
383
411
402
379
381
410
407
388
371
413
391
387
392
414
402
398
383
412
395
385
380
413
399
381
381
407
400
390
375
417
393
389
375
433
393
395
384
417
392
377
392
404
407
380
377
410
393
387
372
417
396
383
392
410
392
384
380
410
393
387
376
405
402
386
398
411
398
386
384
408
400
388
385
410
401
387
387
399
399
393
376
407
398
378
373
407
394
390
378
410
402
402
391
416
398
377
382
416
400
386
388
417
404
383
379
412
396
389
373
411
404
388
383
404
398
385
379
413
405
381
386
411
400
379
386
413
401
383
395
424
390
396
377
405
397
393
388
420
395
389
382
409
394
385
381
411
395
383
388
418
398
374
385
414
398
396
374
419
394
386
375
423
395
375
386
409
398
409
379
412
392
384
374
406
399
381
375
404
400
372
377
408
385
402
387
407
391
384
374
406
397
377
371
410
395
383
383
410
396
388
386
419
403
388
371
414
390
390
387
414
395
385
390
413
392
381
374
412
388
391
377
405
400
390
387
421
390
385
366
404
402
382
377
402
397
394
384
395
393
382
383
406
398
383
374
414
396
386
387
406
386
383
391
403
405
387
380
410
404
383
388
406
399
397
389
405
401
391
452
409
407
405
379
412
399
390
386
407
393
382
385
413
391
391
386
413
398
391
383
413
393
394
384
411
397
383
389
409
410
397
376
411
396
381
382
418
406
396
385
410
393
385
386
404
403
384
389
411
399
391
386
408
395
393
383
410
395
391
372
413
396
390
388
402
398
392
386
421
398
393
386
410
396
383
386
410
400
391
386
418
397
399
397
409
396
402
383
413
402
410
392
406
404
390
389
409
405
395
393
413
406
391
381
404
396
407
397
412
402
388
389
409
403
385
388
415
401
402
396
409
397
386
385
419
406
399
398
413
405
393
383
410
398
400
396
421
409
398
391
416
407
403
416
423
402
396
393
415
401
397
399
416
408
400
396
424
403
400
397
414
412
403
397
418
404
395
397
416
409
404
399
421
416
407
397
423
409
406
409
421
412
415
404
427
419
404
403
432
417
425
399
435
418
412
410
426
423
415
412
431
422
436
399
435
417
426
402
431
427
413
414
445
431
407
408
437
446
419
412
431
427
435
419
437
424
425
425
441
425
437
417
439
431
429
416
437
427
426
421
437
427
443
424
444
429
436
431
447
432
432
427
448
440
424
420
452
447
454
431
460
447
449
451
465
460
449
452
479
474
467
466
489
489
479
470
494
485
484
482
497
489
489
472
507
498
500
472
498
494
485
475
494
486
477
471
504
489
482
482
502
498
501
492
516
504
499
513
517
515
511
511
525
522
521
519
528
530
538
539
559
545
531
539
560
544
545
529
552
552
542
529
552
546
543
542
559
552
545
534
554
550
544
538
560
539
544
552
572
570
567
567
576
561
563
550
588
566
577
556
585
575
564
555
574
570
580
564
582
572
585
573
594
586
579
591
602
592
595
598
615
611
608
593
622
598
601
592
606
592
593
573
593
572
571
573
579
566
564
562
569
579
582
573
592
586
595
582
600
596
607
598
631
637
631
637
654
648
650
655
675
680
680
673
695
689
698
705
714
707
711
707
729
716
719
716
737
721
723
711
746
718
724
710
721
699
698
688
690
676
669
666
681
667
685
663
681
669
683
681
704
690
712
704
730
733
743
756
777
801
789
786
807
805
822
799
806
809
802
795
818
802
816
792
837
799
802
793
797
796
790
792
800
793
805
805
830
826
829
831
855
854
873
866
897
904
932
918
936
944
953
960
984
979
985
1005
1010
1007
1005
1008
1019
1006
1005
989
998
987
972
967
977
949
946
933
942
938
932
928
948
938
949
933
961
948
968
958
992
974
999
976
999
986
995
975
989
979
976
959
971
961
958
937
933
915
910
891
910
874
868
871
871
869
876
867
898
892
899
887
907
887
917
916
941
934
950
949
975
963
987
958
985
979
980
981
993
996
1002
1001
1004
1015
1030
1010
1059
1037
1036
1052
1078
1059
1071
1070
1088
1073
1089
1067
1073
1063
1073
1059
1061
1050
1053
1037
1056
1036
1038
1032
1050
1042
1043
1030
1055
1034
1046
1044
1063
1063
1078
1075
1104
1095
1110
1127
1161
1163
1188
1210
1220
1224
1235
1257
1275
1288
1323
1314
1335
1334
1342
1342
1366
1356
1367
1362
1355
1362
1365
1356
1363
1366
1364
1356
1381
1361
1366
1349
1362
1355
1365
1354
1369
1364
1367
1353
1356
1341
1344
1324
1337
1329
1334
1315
1306
1316
1301
1294
1323
1319
1325
1318
1330
1316
1344
1334
1345
1348
1358
1355
1357
1365
1367
1341
1359
1346
1345
1331
1357
1346
1370
1372
1403
1409
1421
1441
1474
1489
1534
1552
1583
1595
1638
1656
1685
1705
1733
1747
1790
1798
1836
1847
1879
1866
1885
1867
1885
1882
1893
1911
1943
1922
1918
1941
1909
1895
1891
1882
1880
1866
1855
1837
1826
1788
1788
1746
1730
1701
1692
1659
1648
1620
1608
1565
1557
1531
1533
1510
1505
1479
1507
1477
1495
1480
1502
1506
1533
1517
1544
1545
1538
1541
1565
1563
1584
1578
1607
1592
1597
1582
1603
1592
1600
1589
1577
1572
1561
1557
1543
1526
1516
1496
1480
1453
1437
1422
1407
1419
1408
1399
1414
1386
1419
1395
1421
1435
1468
1472
1501
1517
1521
1519
1545
1524
1535
1517
1509
1489
1488
1447
1452
1436
1418
1406
1403
1408
1384
1368
1361
1376
1379
1362
1353
1356
1356
1349
1391
1382
1411
1420
1431
1448
1464
1488
1485
1505
1524
1525
1545
1536
1520
1524
1522
1511
1519
1519
1530
1528
1538
1534
1541
1543
1562
1547
1560
1572
1582
1577
1590
1599
1623
1638
1659
1656
1668
1652
1643
1609
1607
1571
1541
1513
1478
1461
1448
1438
1426
1412
1406
1389
1414
1391
1401
1404
1403
1419
1428
1439
1488
1468
1477
1469
1471
1475
1490
1477
1472
1454
1443
1407
1416
1410
1386
1391
1400
1403
1427
1432
1477
1479
1536
1539
1578
1582
1626
1631
1629
1631
1657
1657
1665
1661
1688
1679
1691
1676
1678
1681
1683
1661
1648
1666
1664
1656
1691
1686
1711
1702
1732
1762
1795
1810
1834
1849
1853
1852
1862
1858
1865
1852
1858
1840
1820
1826
1811
1799
1809
1800
1809
1807
1817
1817
1823
1819
1819
1825
1844
1853
1879
1909
1924
1933
1979
1969
1991
1991
1995
2001
1999
1992
1973
1957
1946
1928
1898
1873
1845
1815
1823
1804
1797
1792
1780
1775
1771
1770
1785
1773
1791
1780
1801
1762
1765
1755
1760
1730
1721
1709
1717
1713
1726
1700
1705
1679
1708
1690
1704
1700
1724
1710
1747
1734
1747
1742
1761
1758
1781
1767
1765
1754
1764
1768
1769
1754
1754
1744
1734
1704
1716
1699
1705
1698
1723
1708
1712
1728
1725
1739
1752
1747
1736
1728
1723
1711
1720
1738
1726
1710
1719
1711
1709
1689
1676
1663
1669
1628
1629
1585
1576
1545
1524
1511
1487
1452
1451
1404
1391
1349
1331
1324
1310
1302
1295
1300
1298
1281
1304
1310
1327
1328
1353
1389
1429
1430
1474
1505
1516
1520
1551
1548
1545
1555
1558
1589
1590
1586
1626
1594
1648
1596
1641
1612
1617
1620
1601
1617
1602
1591
1608
1603
1598
1588
1600
1580
1572
1576
1579
1575
1582
1587
1589
1570
1593
1588
1607
1592
1617
1622
1667
1658
1699
1705
1733
1762
1778
1779
1788
1795
1809
1773
1785
1777
1781
1765
1778
1750
1742
1716
1705
1687
1682
1666
1668
1647
1657
1646
1650
1651
1651
1652
1684
1691
1693
1699
1718
1729
1738
1758
1775
1785
1801
1814
1819
1824
1845
1837
1864
1866
1886
1867
1876
1876
1856
1873
1866
1856
1859
1822
1835
1829
1804
1788
1792
1780
1766
1739
1735
1714
1709
1686
1692
1706
1691
1718
1740
1767
1785
1808
1853
1871
1893
1902
1955
1952
1977
2000
2036
2065
2089
2098
2150
2162
2198
2218
2249
2242
2252
2224
2226
2193
2193
2163
2140
2120
2102
2087
2085
2053
2037
2015
2006
2007
1991
1964
1956
1952
1954
1932
1949
1936
1948
1945
1982
1978
2013
2004
2026
2015
1997
1992
1982
2001
2003
1991
2008
2014
2026
2005
1983
1941
1922
1878
1856
1822
1788
1786
1782
1770
1768
1763
1781
1785
1809
1812
1867
1835
1872
1874
1907
1940
1980
1966
2004
2023
2039
2051
2048
2040
2040
2017
2009
2012
1986
1995
2021
2026
2043
2035
2066
2054
2065
2067
2088
2083
2100
2069
2084
2086
2068
2064
2082
2076
2090
2081
2092
2064
2041
2044
2036
2033
2025
2011
2011
2017
1995
1984
1989
1988
1980
1964
1980
1978
1975
1952
1966
1960
1957
1960
1966
1977
1990
1961
1976
1963
1944
1941
1940
1920
1909
1888
1905
1879
1882
1872
1892
1869
1877
1864
1849
1824
1800
1805
1787
1768
1745
1735
1745
1721
1693
1663
1655
1617
1583
1539
1532
1492
1483
1460
1457
1448
1456
1479
1513
1511
1540
1530
1549
1565
1579
1585
1614
1633
1653
1671
1692
1699
1703
1669
1687
1668
1655
1610
1602
1587
1585
1555
1556
1526
1498
1464
1458
1431
1414
1369
1387
1377
1368
1345
1367
1365
1381
1377
1440
1464
1474
1511
1560
1579
1601
1626
1685
1716
1767
1785
1851
1901
1920
1961
2002
2028
2047
2075
2115
2116
2149
2139
2181
2193
2212
2214
2236
2248
2240
2239
2252
2236
2233
2212
2210
2189
2159
2153
2149
2117
2110
2096
2098
2064
2022
1991
1981
1948
1926
1903
1921
1910
1906
1886
1919
1902
1907
1901
1927
1932
1944
1938
1974
1988
1993
2005
2040
2038
2036
2016
2012
1993
1960
1933
1954
1934
1920
1942
1976
1977
1995
1984
2013
2001
2016
2031
2086
2135
2162
2218
2295
2351
2399
2425
2468
2507
2515
2498
2508
2488
2441
2413
2407
2397
2348
2319
2318
2295
2253
2227
2204
2174
2146
2114
2109
2106
2101
2079
2120
2128
2157
2180
2243
2284
2301
2312
2364
2360
2383
2384
2397
2394
2383
2359
2367
2359
2344
2329
2347
2327
2305
2252
2255
2228
2189
2186
2174
2165
2165
2147
2160
2150
2165
2159
2208
2196
2227
2222
2259
2261
2241
2235
2249
2250
2272
2250
2301
2306
2317
2319
2358
2361
2364
2372
2411
2404
2405
2417
2461
2467
2478
2466
2499
2492
2483
2477
2488
2454
2426
2424
2435
2407
2401
2364
2382
2351
2339
2315
2307
2311
2308
2304
2341
2334
2321
2327
2351
2343
2340
2331
2359
2348
2347
2329
2358
2348
2333
2333
2346
2335
2324
2285
2290
2243
2231
2195
2209
2165
2137
2121
2121
2096
2069
2053
2071
2043
2034
2005
2031
2008
1991
1993
2019
2012
2025
2009
2038
2034
2054
2061
2102
2106
2110
2129
2159
2179
2179
2196
2230
2239
2237
2259
2306
2314
2313
2307
2333
2337
2326
2317
2342
2332
2334
2312
2346
2343
2350
2348
2403
2410
2397
2400
2405
2388
2380
2365
2353
2354
2316
2282
2289
2253
2198
2156
2158
2124
2079
2059
2060
2059
2027
2026
2043
2031
2039
2032
2101
2123
2150
2159
2212
2219
2287
2290
2365
2377
2421
2460
2481
2483
2449
2416
2421
2398
2355
2281
2283
2229
2178
2128
2122
2079
2063
2041
2052
2063
2064
2057
2072
2061
2052
2059
2117
2174
2174
2210
2267
2297
2297
2327
2395
2386
2368
2347
2358
2329
2291
2252
2228
2200
2142
2090
2086
2048
1986
1926
1913
1840
1791
1760
1770
1726
1715
1702
1729
1725
1745
1764
1836
1869
1933
1974
2048
2085
2112
2133
2160
2176
2149
2138
2159
2133
2077
2016
1997
1925
1853
1819
1823
1809
1803
1801
1878
1891
1912
1957
2038
2117
2149
2213
2310
2359
2427
2474
2550
2594
2593
2607
2655
2644
2616
2606
2621
2593
2558
2552
2526
2499
2435
2399
2374
2329
2280
2243
2245
2219
2206
2204
2231
2229
2216
2201
2215
2210
2200
2197
2226
2243
2224
2210
2267
2279
2282
2302
2338
2348
2368
2356
2418
2452
2460
2481
2529
2572
2561
2561
2585
2589
2595
2609
2677
2687
2687
2702
2742
2736
2736
2736
2783
2784
2778
2784
2837
2842
2831
2802
2807
2780
2739
2707
2694
2666
2625
2605
2587
2519
2481
2422
2422
2401
2352
2315
2323
2298
2244
2220
2221
2175
2156
2155
2177
2154
2124
2101
2109
2081
2051
2031
2040
1986
1963
1933
1958
1926
1916
1912
1919
1934
1940
1937
2005
2003
2006
2052
2087
2097
2111
2115
2166
2184
2174
2190
2229
2228
2240
2234
2260
2266
2235
2240
2281
2246
2234
2214
2227
2185
2155
2138
2142
2120
2065
2041
2030
1991
1938
1915
1938
1918
1870
1843
1844
1802
1749
1704
1714
1697
1653
1651
1671
1643
1632
1610
1636
1600
1587
1549
1567
1525
1493
1453
1472
1472
1455
1434
1473
1475
1456
1433
1467
1450
1429
1403
1428
1384
1372
1356
1380
1367
1350
1342
1373
1366
1359
1358
1383
1360
1344
1334
1355
1335
1322
1296
1338
1336
1345
1349
1397
1403
1420
1433
1498
1517
1530
1547
1609
1629
1641
1678
1746
1776
1803
1833
1894
1897
1909
1929
1968
1956
1950
1949
1984
1979
1967
1958
1987
1983
1959
1947
1985
1956
1947
1916
1916
1919
1869
1866
1871
1863
1816
1806
1828
1784
1758
1719
1738
1705
1694
1687
1745
1730
1735
1757
1788
1808
1818
1825
1891
1874
1885
1887
1925
1955
1960
2015
2052
2063
2044
2027
2037
2021
1979
1967
1945
1917
1851
1830
1877
1891
1882
1879
1905
1911
1909
1873
1898
1903
1884
1873
1916
1943
1945
1960
1997
2024
1998
1981
1992
1989
1970
1936
1958
1947
1935
1903
1910
1889
1862
1849
1881
1877
1874
1861
1880
1857
1829
1834
1860
1882
1903
1920
1960
1959
1944
1969
2026
2051
2037
2056
2110
2138
2163
2173
2217
2233
2233
2273
2308
2306
2325
2320
2323
2325
2300
2303
2333
2310
2302
2280
2300
2283
2272
2250
2267
2258
2223
2188
2174
2152
2140
2131
2155
2153
2148
2146
2164
2168
2146
2140
2177
2185
2187
2187
2239
2267
2264
2300
2344
2370
2367
2360
2394
2373
2388
2379
2409
2367
2360
2337
2341
2325
2278
2230
2217
2171
2107
2080
2088
2038
2031
2022
2031
1993
1972
1961
1975
1923
1908
1865
1880
1846
1812
1785
1757
1726
1693
1651
1652
1587
1542
1502
1479
1414
1361
1299
1273
1222
1152
1111
1099
1045
1019
981
979
969
934
922
947
949
962
978
1008
1013
1045
1076
1132
1160
1182
1198
1253
1253
1258
1255
1298
1311
1325
1355
1396
1429
1454
1459
1504
1529
1548
1576
1603
1608
1617
1646
1680
1691
1708
1709
1747
1770
1767
1771
1784
1763
1745
1721
1731
1736
1719
1727
1758
1757
1738
1743
1768
1753
1752
1742
1767
1746
1708
1691
1690
1678
1634
1617
1602
1554
1529
1488
1498
1445
1407
1368
1359
1297
1255
1198
1182
1129
1090
1058
1040
1015
991
983
974
962
952
944
960
957
966
975
1033
1044
1054
1091
1150
1185
1203
1217
1286
1308
1320
1330
1395
1415
1462
1492
1550
1599
1642
1656
1698
1732
1718
1722
1762
1785
1784
1797
1835
1830
1835
1827
1844
1851
1829
1821
1857
1859
1850
1851
1895
1906
1893
1899
1942
1945
1931
1944
1981
1989
1975
1950
1976
1970
1955
1926
1933
1924
1907
1859
1897
1912
1900
1904
1924
1918
1918
1912
1951
1918
1930
1942
1986
1991
1998
1975
2006
2002
1999
1986
2006
1984
1976
1977
1973
1985
1979
1972
1995
1953
1963
1960
1970
1968
1962
1959
1991
1998
1996
2010
2031
2047
2056
2041
2074
2060
2070
2063
2059
2040
2026
2014
2020
2035
2035
2055
2059
2078
2063
2067
2087
2075
2065
2039
2077
2088
2069
2052
2068
2070
2059
2052
2073
2053
2055
2072
2069
2064
2035
2015
2021
2021
1998
1969
1966
1959
1955
1929
1934
1904
1879
1867
1868
1861
1833
1801
1823
1811
1794
1796
1809
1838
1839
1847
1879
1866
1877
1876
1918
1918
1923
1920
1961
1953
1929
1900
1915
1884
1844
1784
1790
1745
1694
1672
1714
1698
1692
1666
1674
1682
1650
1669
1680
1656
1650
1638
1672
1673
1680
1667
1705
1714
1716
1704
1748
1713
1703
1689
1708
1673
1647
1629
1648
1624
1597
1591
1602
1601
1583
1563
1570
1562
1540
1520
1544
1509
1496
1483
1502
1470
1459
1449
1452
1454
1449
1420
1469
1427
1428
1423
1449
1443
1423
1415
1445
1434
1425
1437
1444
1429
1415
1414
1430
1413
1410
1389
1418
1379
1369
1352
1373
1381
1330
1317
1337
1326
1322
1313
1336
1326
1319
1303
1317
1318
1295
1290
1320
1326
1308
1290
1295
1311
1311
1306
1327
1326
1343
1323
1351
1353
1324
1331
1360
1352
1326
1336
1349
1359
1332
1329
1352
1359
1334
1316
1333
1317
1299
1275
1294
1284
1267
1244
1244
1230
1221
1206
1217
1192
1183
1154
1159
1147
1099
1089
1086
1075
1057
1037
1070
1061
1049
1025
1071
1061
1055
1053
1075
1076
1070
1063
1099
1081
1094
1104
1129
1130
1149
1117
1132
1130
1144
1130
1162
1163
1148
1143
1171
1176
1156
1139
1172
1176
1163
1154
1175
1165
1150
1153
1155
1148
1141
1119
1144
1153
1139
1146
1155
1149
1129
1126
1155
1131
1119
1104
1123
1111
1084
1084
1110
1108
1105
1097
1119
1118
1097
1090
1110
1106
1092
1078
1096
1076
1062
1044
1062
1058
1055
1036
1068
1054
1050
1058
1070
1059
1066
1051
1075
1072
1073
1076
1101
1089
1082
1072
1106
1083
1063
1065
1085
1070
1048
1026
1055
1040
1030
1037
1060
1044
1022
1037
1052
1039
1033
1023
1042
1035
1034
1029
1056
1051
1044
1054
1058
1044
1033
1015
1037
1029
1029
1012
1015
1008
1003
998
1032
1018
997
996
1034
1010
1000
1007
1020
1017
1010
1011
1021
1041
1035
1030
1041
1034
1027
1024
1026
1027
1019
1025
1039
1021
1023
997
1031
1004
1007
993
1023
993
973
961
990
973
966
951
961
964
938
932
972
946
953
925
929
901
843
677
331
332
331
331
331
332
330
332
995
955
328
329
332
0
0

