;UFOS3
;Measurement details: channel = D, date = 01.06.2018, time = 04:34:53
Exposure=505
Gain=0
Temperature=13.3
Accummulate=4
2.43 mu
2.474 amas
23.9 hs
0 ozone
0 uva
0 uvb
0 uve
[Value]
0
332
332
332
333
332
334
333
366
365
387
381
369
371
393
382
382
362
387
389
377
369
407
390
386
368
409
394
382
385
415
391
379
371
410
396
393
366
405
401
374
368
413
396
389
366
409
402
381
369
398
390
370
373
411
391
369
371
405
394
388
368
402
389
377
368
422
390
380
365
405
385
372
378
414
399
380
370
397
391
383
374
414
394
378
371
410
398
369
374
409
395
374
373
408
402
368
364
415
387
368
369
395
391
378
369
409
391
378
366
403
395
374
374
409
392
376
372
407
390
379
380
418
405
384
374
400
394
379
371
396
388
377
368
412
408
375
377
401
392
388
376
404
398
374
373
405
390
370
396
401
395
368
368
415
396
390
368
408
403
369
370
402
398
391
386
405
401
395
371
408
394
381
392
401
396
373
379
410
386
375
366
406
400
381
373
425
397
385
378
395
414
372
379
406
404
383
373
418
392
384
371
400
395
381
371
407
388
382
375
409
395
367
388
400
393
377
364
396
402
389
368
410
398
381
374
400
389
377
365
408
390
374
372
404
396
378
375
403
395
389
374
402
396
377
380
410
390
388
374
402
392
380
370
401
405
380
381
416
392
370
389
409
398
385
362
399
390
385
366
396
389
371
384
409
399
375
375
422
403
382
368
399
406
385
364
406
388
380
375
395
406
380
370
400
400
379
372
407
394
384
369
408
398
384
384
405
387
380
360
403
402
395
374
410
396
380
378
400
397
374
376
400
395
375
375
406
389
388
376
412
391
382
375
405
392
395
367
415
404
374
375
403
406
373
381
405
405
380
374
414
399
373
378
400
387
374
372
413
390
396
377
409
390
392
370
427
393
385
377
397
399
388
370
403
402
382
375
408
392
378
372
396
391
378
382
402
391
380
373
400
400
377
368
406
392
383
366
405
405
384
371
413
401
385
375
414
383
385
375
407
392
378
369
399
393
391
377
406
390
383
385
396
393
375
370
404
394
386
376
402
397
373
362
423
397
370
381
404
394
385
378
396
398
374
374
400
397
383
366
407
385
379
383
400
387
383
380
402
399
392
372
410
395
380
379
403
397
378
376
405
396
384
367
406
388
383
386
407
396
392
378
404
389
383
376
405
393
377
377
400
392
385
373
408
387
383
370
410
389
391
380
411
387
373
387
397
396
379
375
402
388
385
369
409
390
380
389
405
389
380
378
401
390
383
371
397
396
380
392
404
391
384
382
401
393
385
382
399
395
383
383
395
396
391
373
399
393
375
370
398
388
386
377
401
396
396
387
408
389
375
377
407
393
383
383
408
398
380
376
406
389
386
369
405
397
385
380
397
394
378
376
407
400
376
382
404
396
375
383
406
391
380
390
417
383
389
373
398
391
388
386
412
390
385
377
400
389
380
379
402
391
376
383
414
390
373
378
406
391
393
372
407
387
383
372
413
392
370
382
398
391
402
374
402
388
378
369
399
392
377
370
394
395
367
374
402
381
397
379
399
386
379
373
401
392
376
365
404
390
377
379
400
391
381
380
411
397
382
367
404
385
383
383
409
390
380
379
405
385
376
370
400
381
386
373
400
390
384
381
412
387
379
362
394
394
380
370
394
390
387
379
389
387
377
378
395
389
377
371
405
393
381
380
400
380
379
386
393
397
384
373
403
397
377
382
400
389
390
385
397
391
385
439
403
397
396
373
402
390
384
380
400
386
377
379
402
386
383
379
401
392
386
379
402
383
386
378
400
390
379
383
401
401
388
370
406
384
376
375
411
398
388
380
402
386
380
379
399
394
376
384
403
389
384
378
401
388
387
377
401
389
385
366
402
387
382
380
393
392
383
379
411
386
386
376
401
385
375
378
397
390
383
373
408
388
389
391
397
385
393
375
401
394
398
384
396
395
381
381
399
396
385
384
403
396
384
375
397
388
397
384
400
390
378
376
396
390
380
378
400
392
391
383
396
390
377
370
404
393
385
384
399
390
385
371
399
384
387
383
403
395
384
375
396
396
390
402
409
391
381
379
399
386
384
385
401
394
384
382
404
387
386
382
398
399
384
382
400
386
378
382
394
391
386
381
402
394
387
378
400
389
386
383
397
389
391
380
398
394
381
380
403
389
395
372
405
391
388
383
399
390
385
384
401
393
403
369
400
385
398
372
397
394
383
382
407
399
378
377
399
406
387
381
394
392
398
384
401
392
392
390
402
393
398
384
402
394
390
381
397
389
388
382
396
388
398
387
399
387
396
387
402
391
390
385
399
394
380
374
401
396
398
378
398
389
384
386
394
386
375
380
398
393
382
380
400
399
388
380
395
390
389
385
395
387
389
370
400
395
395
378
398
398
382
377
394
387
381
375
403
393
385
382
398
395
397
386
404
392
386
396
398
399
389
387
394
388
388
379
388
387
391
393
407
391
378
387
402
390
388
379
396
395
386
379
394
395
390
386
404
401
389
382
398
395
388
382
399
377
381
384
400
393
391
391
399
386
387
376
404
385
398
378
402
392
387
378
396
391
398
386
398
390
399
387
402
393
385
391
395
390
383
384
396
395
393
384
405
383
393
386
397
394
395
381
401
388
387
392
399
390
384
382
392
392
396
389
397
392
395
381
392
383
389
373
393
393
388
387
397
390
386
385
394
393
389
380
393
387
389
390
392
388
386
383
397
387
382
379
401
383
385
377
401
384
397
390
402
392
395
388
394
389
386
385
398
387
401
387
396
384
391
388
405
386
395
382
394
382
386
382
395
405
390
383
398
390
405
385
396
396
389
386
402
391
396
381
419
388
394
387
396
391
385
389
389
385
391
386
402
384
382
380
389
384
391
378
396
386
405
389
388
386
393
389
397
390
389
395
392
386
388
384
399
384
392
384
392
393
389
389
401
389
392
383
393
393
391
391
406
393
397
380
399
386
393
380
399
379
404
383
395
389
393
378
396
390
389
380
397
391
399
384
395
387
393
388
404
384
385
385
391
387
396
377
401
395
393
379
395
375
396
388
399
393
399
392
404
386
397
372
391
383
383
382
391
391
390
383
387
390
397
380
408
389
381
390
405
381
388
380
392
386
397
389
393
383
396
386
401
389
395
388
401
390
390
385
396
387
391
383
402
389
395
382
393
381
391
382
396
386
384
390
399
391
393
400
395
391
387
383
388
385
400
384
393
381
388
386
398
387
392
388
383
391
396
390
398
398
391
379
393
391
388
381
395
390
392
390
394
389
396
385
391
385
389
379
388
389
400
385
383
387
387
377
395
388
394
386
396
387
396
387
392
392
399
393
395
399
402
383
397
393
387
378
394
384
396
390
404
395
389
386
391
385
403
395
401
396
396
392
396
389
394
380
398
388
393
386
403
385
401
383
393
387
382
393
398
378
379
397
386
385
390
387
391
390
388
391
401
390
403
387
390
383
403
390
394
390
398
388
389
377
398
386
394
385
400
385
388
386
400
391
397
383
394
400
387
383
394
385
391
385
398
390
395
378
395
381
393
388
392
393
388
390
389
389
395
389
393
390
388
388
392
394
381
388
399
381
398
381
388
386
396
388
391
395
389
384
396
389
397
394
392
392
396
385
397
389
390
387
386
391
387
382
386
388
399
388
391
388
389
382
404
386
401
388
383
386
385
386
382
383
389
380
397
388
386
391
391
383
387
386
385
381
386
384
391
386
398
386
398
393
395
389
386
389
393
395
395
384
392
385
388
381
394
392
393
386
387
385
391
390
394
386
385
379
394
375
388
388
386
387
388
387
408
384
391
386
385
387
394
389
389
387
394
373
391
386
382
393
394
383
393
383
395
377
393
380
392
378
399
389
392
381
390
392
388
378
391
380
388
380
377
387
394
387
382
391
387
374
401
388
391
380
389
398
394
392
396
388
386
383
388
383
390
383
386
384
380
387
382
377
386
393
397
390
388
386
388
386
384
387
385
385
387
388
388
380
395
376
392
386
388
387
391
391
389
386
389
396
391
388
394
381
387
388
394
391
396
392
389
383
392
383
393
382
395
379
388
382
399
390
392
384
396
389
403
386
395
378
392
391
391
386
402
381
400
386
388
384
389
385
399
386
385
386
391
393
392
389
397
387
386
378
394
386
392
384
398
385
386
386
382
386
395
391
389
384
387
382
391
397
393
379
390
382
389
389
388
390
396
375
399
376
396
391
385
396
395
381
395
383
392
381
382
386
387
388
392
391
395
382
394
390
393
384
388
390
394
381
393
393
388
375
395
385
384
388
388
402
396
385
404
384
404
374
402
388
391
392
379
389
394
385
389
397
394
385
395
391
387
387
393
392
392
390
391
381
394
386
401
384
379
378
395
385
394
385
389
392
390
390
390
392
404
384
394
391
391
380
399
387
391
384
390
384
397
386
401
379
390
389
394
390
389
384
392
394
386
384
391
387
385
378
388
388
394
389
391
383
393
379
394
386
398
381
394
390
385
392
394
395
398
377
391
395
389
387
394
383
395
382
385
386
393
383
394
396
384
390
394
396
388
383
393
401
389
377
399
386
391
385
393
395
396
382
392
382
393
391
398
393
399
383
402
388
396
386
389
387
388
385
395
392
389
383
396
396
391
388
392
392
395
380
397
384
388
384
393
390
396
387
393
389
384
392
393
390
397
379
389
394
401
396
398
383
395
388
398
384
380
391
398
386
384
377
388
382
396
378
407
385
397
382
396
394
404
378
392
390
391
387
393
391
388
389
387
391
383
377
391
388
387
381
393
381
385
380
392
388
399
383
396
395
390
382
395
390
399
380
407
390
390
395
400
393
387
385
397
397
391
389
394
392
391
378
399
391
398
391
397
390
391
389
386
389
397
379
398
387
387
386
399
392
391
388
403
388
394
383
398
388
389
383
395
381
380
396
398
395
388
383
395
390
389
378
396
390
393
380
397
388
394
399
391
382
383
387
401
387
402
388
393
391
393
385
394
395
390
393
392
386
398
375
396
398
397
378
393
391
390
386
397
387
385
383
393
393
389
377
396
397
391
380
399
394
393
378
406
397
387
384
401
394
389
385
401
391
396
373
393
397
380
385
398
389
382
385
396
384
395
379
390
389
392
381
397
395
381
384
396
392
392
382
393
388
381
389
400
382
385
379
400
386
382
381
399
396
388
384
405
395
384
380
400
385
385
382
393
389
386
379
399
393
382
386
399
392
392
382
398
392
391
380
406
392
387
389
403
392
397
388
402
392
386
385
398
399
391
387
400
392
399
381
397
392
395
385
392
392
386
384
402
405
391
384
393
394
387
390
401
398
397
386
399
397
398
382
399
394
390
387
399
403
384
385
404
391
395
388
397
394
383
378
395
398
388
377
404
396
391
382
400
390
388
386
398
389
393
386
404
390
388
378
405
388
390
374
396
399
386
388
403
399
395
375
406
398
385
381
399
394
391
382
401
391
381
379
399
395
391
382
401
391
397
378
412
392
388
378
399
396
393
372
396
396
395
391
392
400
389
379
412
398
379
381
403
398
388
384
397
390
383
377
398
392
382
387
396
393
390
381
404
394
396
375
404
389
391
381
396
403
387
382
405
399
397
379
395
391
382
379
401
398
395
382
400
396
398
390
400
393
385
381
394
393
393
382
401
394
382
382
405
396
386
379
402
403
384
379
403
396
398
373
404
390
384
381
413
395
395
386
395
398
394
384
398
401
386
380
407
393
383
386
404
396
381
374
395
395
381
382
407
393
393
381
403
395
396
376
398
384
404
375
410
388
378
383
398
398
383
378
402
400
393
377
407
398
392
384
399
395
395
384
407
393
387
387
402
397
387
380
404
403
374
379
402
406
386
383
418
399
391
385
403
395
384
386
395
405
386
380
396
397
387
378
407
394
387
384
409
394
393
391
403
395
388
381
403
388
394
394
411
398
399
387
400
400
388
376
408
395
394
386
413
398
386
387
399
395
385
375
413
399
391
386
416
415
385
384
407
391
390
384
403
406
388
387
411
405
384
385
405
392
392
392
407
403
386
395
402
398
387
396
403
398
396
382
395
395
388
381
401
403
376
380
403
400
385
383
404
406
388
386
404
391
391
371
396
396
385
386
401
403
393
380
405
402
391
384
409
401
387
376
399
396
385
376
408
396
380
382
409
402
387
379
403
396
390
384
398
388
393
385
402
393
395
381
405
403
385
379
402
406
387
393
410
396
394
391
411
402
390
383
404
399
387
386
413
391
386
376
415
394
390
388
393
394
388
376
404
391
371
396
413
399
385
387
400
401
383
382
405
393
390
387
405
402
378
383
416
395
387
384
409
390
389
384
403
403
381
389
407
399
384
376
403
395
381
382
410
401
396
381
408
414
385
388
407
391
389
387
413
394
386
379
409
394
389
376
405
398
392
379
402
402
391
371
404
403
395
395
417
397
392
377
404
396
384
377
400
394
389
384
408
398
385
378
407
391
389
384
406
395
389
383
403
392
387
376
409
395
388
387
403
396
383
386
405
391
387
386
405
389
385
389
405
402
388
377
404
402
393
378
407
410
377
377
408
397
391
381
400
397
382
383
402
400
377
379
409
394
392
384
417
395
387
376
415
396
383
387
399
396
388
378
411
392
387
377
403
404
378
394
407
402
384
384
399
402
382
396
404
400
385
373
408
396
384
382
410
400
397
379
401
401
392
379
396
397
390
387
403
420
388
376
389
393
394
389
403
394
384
375
398
401
386
380
405
405
383
374
401
392
383
383
399
400
387
389
404
395
381
382
404
412
388
385
396
397
394
379
402
396
377
392
401
385
392
392
399
396
391
378
405
395
383
379
406
395
388
373
398
401
391
381
394
392
383
379
397
395
386
379
403
405
382
378
399
397
393
377
396
393
381
377
405
405
385
384
402
398
389
378
411
386
399
381
405
401
393
380
397
393
381
380
408
386
383
378
403
397
387
384
410
391
390
383
413
395
390
393
396
401
390
379
411
392
388
386
407
393
386
380
398
398
384
388
412
388
389
380
397
397
378
374
395
391
391
394
404
392
386
384
399
396
384
379
405
398
390
383
400
397
386
382
404
393
391
382
398
395
386
393
402
395
382
383
391
390
388
373
396
396
388
387
401
389
391
383
396
397
378
381
403
404
383
379
397
387
385
380
398
393
385
378
399
401
386
392
407
395
385
379
407
394
387
387
408
395
392
381
406
392
392
390
404
391
387
390
395
396
385
383
396
394
382
378
409
391
380
381
406
398
386
378
416
404
392
384
411
396
396
384
401
395
403
380
399
406
382
383
393
397
382
382
402
389
395
385
399
401
388
378
404
400
387
375
402
404
387
381
402
395
381
387
405
400
390
377
405
399
388
372
388
398
393
374
400
400
381
380
399
390
392
383
412
390
391
373
407
394
386
375
398
393
394
382
401
383
375
383
387
391
389
389
400
388
394
386
397
389
379
375
404
391
391
387
399
395
393
384
399
389
396
388
400
395
398
391
397
397
389
394
397
404
394
388
401
398
389
381
407
412
395
382
401
404
396
382
406
389
387
397
406
404
389
380
403
404
400
384
393
390
397
389
408
403
382
386
402
400
389
376
398
399
385
384
398
397
390
387
403
388
390
380
397
394
387
380
405
401
394
374
395
393
385
373
407
396
384
381
417
399
398
386
400
400
383
389
405
392
386
375
398
398
386
378
397
404
393
385
412
393
391
381
405
393
387
376
400
394
384
383
399
408
389
379
395
394
387
379
405
390
389
384
408
390
379
381
390
390
392
374
414
392
384
382
403
400
383
382
400
396
384
393
406
391
382
378
400
392
389
379
405
387
386
381
400
416
384
386
403
392
398
394
407
398
392
381
397
399
382
377
397
406
391
388
388
399
393
389
402
393
399
385
398
397
383
388
410
401
383
387
400
407
384
382
400
403
393
378
402
393
391
380
398
396
392
389
400
398
387
385
403
395
391
383
398
401
375
391
398
391
390
382
408
397
389
373
406
393
390
384
399
390
387
382
404
397
394
390
401
393
398
381
395
389
391
379
398
404
383
375
399
399
388
379
395
401
388
383
400
397
387
393
403
401
398
378
403
406
386
392
405
391
379
379
411
392
382
383
402
404
386
380
402
401
398
384
403
400
386
382
405
403
395
387
409
398
396
385
401
400
395
379
398
390
384
387
405
392
397
384
400
395
391
383
405
397
382
381
415
399
385
394
408
400
388
374
406
393
383
390
408
400
378
388
403
394
388
383
400
393
387
385
401
397
387
395
403
394
386
375
401
395
394
385
394
391
384
381
406
399
380
382
409
392
385
391
396
391
386
387
392
404
393
394
394
393
383
378
388
393
387
389
407
392
397
383
404
387
394
380
408
393
379
382
404
398
399
389
398
397
383
379
412
397
401
385
392
387
383
391
330
332
333
332
331
333
332
333
404
385
332
333
332
0
0

