;UFOS3
;Measurement details: channel = D, date = 01.06.2018, time = 04:44:54
Exposure=483
Gain=0
Temperature=13.4
Accummulate=4
2.32 mu
2.357 amas
25.154 hs
0 ozone
0 uva
0 uvb
0 uve
[Value]
0
334
332
334
331
331
332
332
365
365
386
379
370
372
391
380
380
362
386
386
377
366
403
388
387
367
408
394
381
385
411
389
379
369
406
391
393
366
405
399
374
364
411
394
388
366
406
401
381
368
395
386
369
371
407
393
368
372
403
394
383
366
398
387
378
368
418
390
381
364
403
382
371
380
411
398
380
371
396
388
384
374
412
393
377
371
408
396
369
372
406
393
375
375
407
399
368
364
414
389
366
369
396
393
377
370
406
390
375
365
401
396
373
374
405
392
377
372
403
390
378
379
415
404
383
374
396
393
378
370
392
387
376
368
409
408
374
375
401
391
389
378
401
397
374
372
403
390
369
395
399
393
371
366
414
397
387
369
406
400
369
368
401
395
389
384
404
398
392
371
403
394
382
392
401
396
373
375
409
386
376
367
405
398
380
373
424
396
385
379
396
414
374
379
405
403
382
371
415
392
384
371
399
394
380
370
404
387
383
374
408
394
370
385
396
392
377
365
394
399
388
367
407
396
383
372
400
387
374
364
403
389
373
371
403
397
378
374
404
393
390
374
401
394
378
381
409
387
386
373
399
390
379
369
403
404
379
381
415
392
369
390
406
396
387
362
397
390
384
365
395
389
373
382
406
395
377
375
421
402
380
369
396
404
383
366
405
386
379
374
393
403
381
367
398
396
379
373
405
391
382
368
405
396
382
382
402
385
382
361
400
401
395
371
407
395
380
376
398
393
373
373
397
392
375
376
403
388
388
374
410
391
383
376
402
389
394
368
414
407
374
374
400
403
374
378
401
403
380
374
412
399
374
380
398
388
373
372
412
387
395
376
408
389
393
371
425
391
384
378
395
397
388
371
398
403
383
375
407
394
378
369
394
391
378
379
403
389
380
373
397
398
377
366
405
391
383
367
400
402
382
370
412
400
386
372
410
383
385
374
404
391
378
369
397
393
390
378
404
392
382
383
396
392
377
370
402
392
386
374
398
394
372
362
421
395
370
379
403
395
386
375
394
395
373
372
398
397
384
366
403
388
380
382
396
388
382
379
399
398
392
369
407
394
379
378
401
396
377
375
404
395
382
367
403
387
386
385
405
395
392
378
399
389
382
376
404
390
377
378
398
390
383
374
407
384
383
370
412
386
391
379
409
387
372
387
394
396
378
373
398
387
384
366
412
392
377
388
402
386
379
378
396
391
382
375
395
393
383
392
400
390
384
380
399
392
384
382
399
393
382
383
396
394
389
373
397
391
375
370
398
386
386
375
400
394
395
387
408
388
374
378
404
389
382
382
408
396
379
373
401
387
387
369
404
393
383
381
395
394
378
376
404
398
376
381
401
395
377
382
402
391
378
389
414
384
389
372
397
390
388
385
413
388
385
379
400
387
381
379
399
389
377
382
410
389
373
378
403
389
391
372
408
387
381
373
410
389
371
381
398
390
402
374
402
386
377
371
401
393
377
370
397
393
366
374
397
379
396
379
402
385
380
372
401
391
374
364
401
391
377
381
397
390
383
380
408
397
383
368
404
386
383
384
408
389
381
382
403
384
377
370
400
383
385
372
398
390
385
382
411
387
381
361
394
392
381
372
394
389
387
377
387
386
376
379
396
389
379
370
405
393
380
379
394
380
378
383
392
394
382
372
401
395
377
384
400
388
390
381
398
390
385
435
399
396
397
373
402
390
384
381
398
384
378
377
401
384
385
377
401
388
384
376
402
387
388
378
398
389
378
383
402
398
389
371
401
383
376
376
410
396
390
376
401
386
382
377
396
392
379
382
401
389
382
379
400
387
385
376
399
387
384
368
401
385
383
381
393
391
385
378
412
388
384
378
399
388
376
377
396
390
386
375
407
387
387
388
398
385
391
374
404
394
399
385
395
396
382
380
397
394
385
384
401
395
386
376
397
385
393
384
401
389
376
381
396
390
378
379
401
390
389
384
394
388
375
374
402
392
388
384
398
391
382
372
397
384
388
385
402
392
386
376
394
394
390
401
408
390
382
382
398
387
383
385
403
392
384
381
405
387
385
383
397
399
385
378
400
387
379
377
395
393
385
379
401
391
389
377
399
389
382
383
399
390
392
379
397
392
380
381
405
386
396
375
404
392
388
382
397
390
385
383
403
393
401
370
400
386
394
370
396
391
382
381
406
396
375
377
399
404
385
379
394
391
400
383
403
387
392
389
399
391
402
385
399
394
390
379
393
387
388
385
396
389
399
386
402
387
395
383
402
389
392
384
399
391
381
374
398
394
401
376
397
389
385
384
396
385
375
381
396
395
381
381
398
400
388
381
395
388
387
385
393
387
387
372
398
392
396
374
395
396
382
377
395
385
381
375
400
393
383
382
398
393
397
386
405
392
384
395
396
398
385
386
394
388
386
378
389
386
391
391
405
390
377
386
401
390
389
379
394
392
386
377
394
394
391
383
402
398
389
381
399
396
386
381
399
378
380
384
398
391
390
390
398
386
385
375
405
386
398
378
402
392
387
378
393
391
397
386
394
392
399
385
401
391
386
390
394
389
386
383
394
395
394
383
404
385
394
386
399
393
394
382
402
387
385
391
400
390
386
382
390
391
395
388
397
390
394
380
391
381
389
373
393
393
387
385
396
389
386
385
394
393
386
379
391
387
390
390
393
386
385
380
396
383
384
381
403
383
382
376
399
381
397
388
399
390
395
390
393
389
385
382
398
384
401
385
395
383
393
390
403
387
395
380
393
380
386
380
397
403
390
382
395
387
401
381
393
394
388
385
400
389
396
379
417
388
395
387
393
391
386
386
389
382
391
385
401
386
381
381
391
383
390
378
393
389
402
387
390
385
392
386
395
387
388
395
391
386
389
385
398
386
389
383
391
395
389
390
402
389
391
381
392
392
390
390
402
392
397
380
398
385
392
379
398
378
405
381
393
389
396
380
396
389
390
380
396
390
396
382
394
387
391
388
402
384
385
386
391
384
394
377
398
392
392
378
395
377
397
388
400
392
401
391
400
384
396
374
387
384
381
381
390
392
391
386
389
390
397
382
406
386
382
390
405
382
389
382
391
383
397
387
393
382
394
387
402
389
395
387
399
389
389
385
395
388
390
383
401
388
394
383
392
381
390
381
394
386
383
388
400
387
392
398
395
391
388
382
391
384
399
383
391
383
389
385
397
387
390
387
382
391
397
390
398
398
392
379
391
389
389
380
395
387
391
389
392
389
395
385
387
386
386
380
386
389
399
384
383
387
387
377
396
388
395
386
393
388
396
383
394
389
399
394
396
397
402
382
397
389
386
378
394
382
397
389
404
395
386
384
387
385
400
394
401
395
395
390
393
389
392
377
400
386
392
384
402
385
401
381
394
386
379
391
400
380
380
396
386
384
391
387
391
391
386
392
397
389
402
387
389
382
400
388
392
389
396
388
388
375
396
383
390
381
396
385
387
384
399
391
397
381
395
400
387
382
391
386
390
385
397
386
394
376
395
379
394
387
393
392
389
389
390
389
392
390
393
388
386
386
389
393
382
386
398
382
396
381
389
385
393
386
391
392
387
383
396
389
398
391
389
392
394
385
396
389
391
384
384
391
386
381
384
390
396
388
391
387
388
381
404
386
399
387
380
386
384
383
381
383
389
382
397
385
385
391
391
383
389
383
384
382
386
381
389
386
396
388
397
393
393
387
385
389
392
394
393
385
392
382
387
379
396
391
388
386
389
385
390
385
389
387
388
380
394
377
387
386
382
384
388
385
407
385
389
385
386
389
394
389
391
385
394
372
391
385
382
391
391
383
391
382
393
375
394
379
389
380
400
387
393
382
389
392
390
378
390
379
388
381
378
388
394
385
382
389
388
376
397
386
389
380
389
396
393
391
394
388
386
380
385
382
390
384
387
385
380
384
380
376
387
392
398
387
388
389
384
386
384
387
383
385
389
388
386
380
395
376
392
385
388
387
389
389
390
382
387
396
393
387
393
380
388
385
393
390
397
393
388
382
390
386
393
382
395
379
387
384
397
391
392
384
395
386
404
388
396
378
392
391
390
383
403
379
399
385
387
381
388
385
397
384
383
388
391
389
392
390
395
390
387
376
394
384
388
384
395
383
386
385
381
385
395
389
389
384
385
385
390
393
391
380
386
381
388
386
385
391
394
378
400
378
394
388
385
394
394
381
393
382
391
380
382
386
383
389
390
390
394
381
395
388
391
384
386
386
394
379
395
389
386
374
394
389
383
388
387
399
396
383
405
383
403
373
400
387
390
392
377
390
393
383
390
395
394
383
395
389
388
384
391
389
393
389
391
381
394
385
402
383
379
378
394
384
392
385
392
389
389
391
390
391
404
384
393
389
391
379
399
385
391
384
390
386
397
383
399
379
389
389
393
387
388
385
391
391
385
382
390
385
386
379
386
389
395
389
390
380
390
379
395
382
396
384
393
388
385
392
391
392
399
376
386
395
391
384
393
382
395
381
388
386
393
385
393
396
381
389
393
394
387
384
393
399
390
377
398
387
390
385
390
393
395
380
390
385
393
388
398
392
396
383
400
387
396
385
387
389
386
383
395
391
390
383
396
396
386
387
394
391
394
380
394
385
387
382
393
387
392
387
390
386
384
389
393
389
397
379
388
391
404
396
397
381
392
387
400
383
380
389
397
386
384
374
388
381
394
378
407
382
393
381
394
394
400
376
393
389
389
384
390
390
386
386
384
391
385
379
389
389
386
382
391
383
383
378
392
386
399
384
398
390
390
383
395
388
399
380
406
388
389
395
398
389
389
384
394
396
391
387
394
392
391
377
396
390
397
388
397
389
388
388
383
388
397
380
396
388
385
383
399
391
392
385
403
388
393
382
396
390
388
383
396
381
378
395
395
394
387
382
397
389
387
376
396
389
392
380
397
389
395
398
387
380
382
388
401
386
402
385
394
389
391
382
391
392
390
389
392
386
396
375
396
397
397
377
392
393
387
386
398
386
386
383
393
390
388
378
393
397
388
379
397
391
392
377
405
395
384
386
400
395
390
382
401
392
393
374
392
394
381
383
396
390
380
383
396
385
395
380
388
389
387
379
396
392
381
383
395
391
392
381
392
386
382
389
398
384
385
378
400
384
381
383
399
394
390
386
398
395
383
377
398
383
385
382
396
389
389
379
398
392
382
387
397
394
390
383
396
390
390
380
403
391
385
389
404
390
395
386
401
388
383
385
399
399
390
386
401
393
399
378
397
392
396
384
393
393
385
383
400
403
388
384
392
393
386
389
399
395
397
386
398
396
396
382
396
392
391
389
397
400
382
384
398
389
393
387
396
392
380
379
396
397
388
378
402
394
391
379
399
390
386
385
395
391
392
384
400
389
387
379
404
385
388
373
395
398
383
385
401
397
395
377
405
394
385
380
398
393
387
380
399
389
382
378
397
395
388
381
398
389
394
379
412
392
387
378
399
393
391
372
395
395
397
390
391
399
388
378
408
396
379
381
402
397
389
384
396
388
384
375
397
389
383
387
395
393
389
380
402
390
393
375
404
388
388
382
394
398
386
381
406
397
397
378
396
389
381
379
401
398
394
383
401
396
397
389
401
390
387
380
391
394
391
383
401
394
381
383
402
396
386
380
402
400
386
380
403
394
396
376
406
391
387
381
411
393
396
385
394
396
393
383
399
399
389
381
404
392
384
386
400
394
379
374
395
395
380
382
404
393
393
380
404
393
396
376
398
383
400
376
409
386
377
385
398
397
382
377
402
399
393
380
405
393
391
384
399
394
395
383
404
390
388
388
399
395
386
380
401
402
373
378
401
405
382
382
418
398
391
384
401
393
384
385
397
403
385
378
396
396
384
377
405
395
388
382
406
395
390
389
402
393
390
379
402
387
396
392
410
397
398
386
396
397
387
374
407
394
396
388
411
396
382
387
399
393
383
375
413
397
390
386
414
417
383
382
405
391
389
383
401
407
387
384
412
405
382
384
404
391
392
391
407
398
385
393
402
397
385
395
402
396
396
381
394
392
390
379
399
400
378
380
401
395
386
383
401
408
387
388
403
389
387
372
397
395
383
386
399
401
393
380
405
400
389
383
411
400
383
379
397
395
388
376
407
394
377
382
406
400
389
379
404
395
390
385
398
389
391
387
402
394
395
380
402
401
380
378
400
403
389
393
407
395
390
390
408
401
389
384
403
397
388
386
410
392
386
374
413
392
390
386
393
395
386
377
405
389
370
397
412
397
385
387
400
400
383
382
404
392
391
389
405
400
379
380
416
392
389
385
409
390
389
380
402
404
380
389
408
398
385
377
400
394
381
381
407
398
395
380
406
411
385
386
406
390
389
386
410
390
386
379
407
393
389
378
404
395
393
379
401
400
391
372
402
403
394
391
417
399
389
380
401
393
385
379
398
395
389
385
408
397
382
382
406
390
390
384
405
396
390
380
400
391
385
375
410
397
388
386
402
395
382
385
404
390
385
384
403
388
385
385
403
397
388
377
402
400
391
377
403
407
378
379
406
395
389
379
400
395
382
382
401
399
377
381
408
391
391
384
413
394
386
378
412
394
383
387
395
397
388
377
409
392
388
377
400
400
379
394
405
400
384
382
398
396
382
394
404
399
382
374
405
395
385
381
410
397
394
381
401
399
392
379
397
396
390
387
401
420
387
376
391
394
393
388
400
393
384
376
397
399
385
379
406
404
385
373
398
389
382
381
398
399
386
386
404
393
381
380
402
410
387
385
394
395
392
379
399
395
377
391
401
384
393
390
397
394
394
377
404
393
383
377
405
395
388
374
398
398
388
382
394
392
383
380
393
394
382
380
403
401
381
380
400
395
392
377
397
395
383
377
404
401
384
384
401
395
388
376
409
385
399
382
404
401
391
380
394
393
382
380
404
386
383
379
401
397
386
384
408
392
390
384
413
395
387
390
396
401
391
380
412
392
386
382
404
391
386
377
396
397
383
387
410
389
390
380
395
398
378
377
395
389
389
390
405
390
385
383
397
392
384
381
405
396
388
382
401
396
387
382
402
394
391
382
396
396
386
392
400
394
381
381
390
389
388
373
396
394
388
386
403
387
390
383
394
395
379
380
402
402
382
376
396
386
384
379
401
394
385
375
400
399
385
393
406
392
384
377
406
391
385
385
407
394
391
378
405
393
388
387
401
391
387
388
392
395
386
382
396
391
382
381
408
391
382
381
406
397
385
380
411
402
391
384
410
397
394
384
399
395
400
380
397
405
383
380
393
394
380
385
401
389
392
385
400
402
386
378
405
398
388
375
401
400
386
379
403
395
381
385
403
398
388
377
405
398
388
372
386
397
392
374
398
401
379
379
393
389
390
383
413
387
392
373
403
393
386
375
399
393
393
382
400
384
375
381
387
388
390
389
399
385
392
382
394
387
379
375
405
391
390
388
397
392
394
382
400
390
393
387
398
395
395
390
397
397
388
392
396
404
393
386
400
399
388
380
405
409
395
383
404
399
394
379
406
387
388
397
405
405
391
379
402
403
397
384
394
388
396
389
408
400
380
387
401
400
389
376
398
398
384
382
396
396
390
386
399
387
388
379
398
395
388
379
406
399
393
372
392
393
383
372
409
396
384
381
415
400
397
384
396
397
380
388
404
391
386
379
396
395
391
377
396
400
394
384
411
393
388
378
407
390
387
375
400
393
384
384
398
404
390
380
392
393
385
376
404
390
390
383
409
390
379
382
392
389
392
373
414
392
384
381
401
400
383
379
398
396
384
393
406
388
381
378
398
391
389
377
403
387
386
382
400
417
384
386
401
389
397
393
408
396
391
380
395
397
381
376
398
405
393
385
389
399
392
389
402
394
399
385
398
393
382
387
407
400
382
389
401
407
383
382
398
403
390
376
401
392
392
380
400
396
391
389
400
395
388
386
400
392
391
382
399
401
377
388
397
389
390
381
407
395
388
373
405
393
390
384
398
390
385
383
401
397
395
389
399
391
397
380
394
389
390
378
397
400
383
374
400
397
390
381
397
398
388
385
398
394
384
393
404
399
397
379
403
404
388
391
404
391
377
381
412
393
383
383
404
401
385
381
400
397
397
383
400
398
384
381
405
402
394
387
410
393
395
386
400
400
395
378
398
388
382
387
404
396
395
384
399
394
389
383
403
395
383
380
413
398
384
394
407
399
387
375
402
393
383
390
408
399
379
387
403
392
386
383
399
392
389
384
400
395
386
394
402
395
387
378
401
393
395
384
394
389
384
382
402
399
381
381
409
390
383
390
396
391
387
387
392
402
393
394
393
392
379
379
387
393
388
389
405
392
396
380
403
387
394
380
408
394
378
380
406
396
400
389
396
394
383
379
412
395
401
385
391
385
388
392
333
332
331
331
333
332
331
333
403
383
334
332
333
0
0

