;UFOS3
;Measurement details: channel = D, date = 01.06.2018, time = 04:50:47
Exposure=445
Gain=0
Temperature=13.5
Accummulate=4
2.26 mu
2.294 amas
25.891 hs
0 ozone
0 uva
0 uvb
0 uve
[Value]
0
332
332
333
332
332
334
332
363
366
383
375
369
370
388
378
379
361
382
384
374
367
398
385
386
366
402
390
380
380
408
385
377
369
404
388
391
364
401
395
372
367
402
392
386
367
404
398
379
366
392
382
368
374
403
390
367
369
398
391
384
364
395
386
378
366
416
385
380
364
398
380
370
377
407
394
380
371
392
388
384
371
408
386
378
371
404
392
367
372
402
391
374
373
402
395
368
363
408
383
366
368
393
386
378
367
401
388
377
364
400
393
375
372
402
389
377
370
400
387
379
376
408
400
381
376
393
389
378
370
390
382
378
368
408
402
374
376
396
388
386
376
398
392
374
372
399
387
369
390
395
387
369
367
409
392
385
367
403
397
369
368
395
393
390
385
401
395
392
371
400
394
382
390
397
391
373
375
403
383
373
365
400
396
378
372
417
394
385
379
390
409
372
379
404
401
381
373
409
388
382
372
396
391
378
370
401
385
383
373
402
391
367
384
395
389
378
364
394
397
386
366
405
394
382
374
394
384
377
365
398
386
374
372
397
394
379
372
400
392
387
374
399
390
378
377
405
385
388
372
398
388
379
369
399
399
376
378
410
389
370
385
403
391
384
360
396
385
383
364
391
388
371
380
403
390
376
372
419
400
378
366
394
398
382
366
401
385
379
375
389
399
380
367
395
393
379
372
399
389
385
367
400
395
380
381
397
384
382
360
400
400
391
372
405
391
378
375
396
392
372
374
394
393
372
375
401
384
389
372
406
389
380
372
398
387
392
366
408
402
371
374
395
400
374
377
401
398
379
373
408
394
374
377
396
386
374
370
408
386
395
375
405
388
394
370
420
388
384
377
392
395
385
371
395
396
382
376
404
389
379
371
390
386
379
378
398
389
379
371
394
395
377
365
402
387
380
366
397
399
381
370
407
399
385
373
405
380
384
373
401
390
377
368
397
391
388
376
400
386
381
383
393
390
375
372
397
392
384
374
396
391
372
360
417
393
370
378
396
391
382
377
389
391
374
371
394
396
382
366
403
385
378
380
395
384
382
380
395
391
391
371
403
389
379
378
397
391
374
375
401
388
382
369
397
383
383
384
401
392
391
377
396
386
382
375
400
387
377
378
394
387
382
371
405
382
382
367
405
384
389
380
404
382
371
385
391
393
375
373
395
384
382
367
409
389
377
383
398
384
380
378
396
389
383
370
390
393
381
389
398
387
381
380
394
388
385
382
394
391
381
381
392
392
388
372
394
387
374
368
392
384
385
376
395
392
394
385
402
384
376
374
401
390
382
382
404
393
380
375
400
387
383
368
396
392
384
379
392
390
377
377
401
395
377
380
398
392
374
379
399
390
378
385
411
381
388
373
393
387
388
384
410
386
384
377
396
386
379
376
396
387
377
381
411
388
373
380
397
387
390
371
401
385
379
371
405
385
371
380
395
387
397
372
398
384
378
369
399
390
376
369
393
392
367
374
394
377
394
381
398
383
380
371
396
386
374
366
400
389
376
380
394
386
381
379
405
392
381
368
398
382
383
380
405
388
379
382
398
381
374
369
396
377
385
374
396
387
384
380
406
385
379
360
390
389
377
372
390
387
385
377
384
383
376
378
392
387
378
370
399
390
381
379
393
378
379
384
389
391
382
373
398
395
376
381
395
382
390
384
394
386
385
429
396
392
395
370
400
389
383
379
396
384
375
378
400
384
384
377
397
386
385
374
397
385
386
378
395
388
379
381
398
395
386
369
400
379
375
374
407
395
389
377
400
383
379
375
397
391
376
382
397
387
381
377
397
384
384
377
395
386
384
367
395
385
380
380
391
389
384
374
407
384
381
377
395
382
375
377
392
389
384
374
407
389
387
388
392
385
389
374
399
391
397
383
391
394
380
380
392
392
382
384
397
394
383
374
393
386
392
382
398
386
377
378
393
386
380
376
396
389
390
384
392
386
375
371
398
389
386
384
398
388
384
371
396
384
384
382
400
391
384
375
392
392
389
395
403
389
381
378
395
384
383
381
397
391
382
381
401
384
386
380
395
394
384
378
397
381
379
376
389
390
384
378
400
390
386
377
394
387
384
382
393
385
389
380
395
389
379
376
400
386
395
372
399
389
386
381
395
387
384
381
399
390
397
369
396
380
391
370
393
389
381
380
403
394
376
374
393
400
384
378
390
388
394
382
398
389
388
388
397
390
397
382
395
390
390
378
392
385
386
381
396
384
397
385
397
387
395
383
398
388
387
381
395
390
379
372
394
392
395
375
395
387
385
381
394
382
374
379
395
392
382
381
394
398
387
379
391
386
387
383
391
384
387
370
396
390
392
374
394
394
383
375
392
384
381
375
397
390
382
381
395
391
396
384
400
390
382
393
393
396
385
385
392
387
386
378
386
385
388
390
403
386
376
384
399
388
386
377
390
391
385
377
394
390
388
385
399
395
388
381
397
392
386
379
395
374
382
384
392
390
389
390
396
383
385
375
402
385
396
377
398
387
387
376
392
387
395
384
395
386
398
383
400
389
383
387
392
387
385
381
390
394
391
383
399
383
393
385
393
388
391
380
395
382
388
390
397
388
383
381
390
389
393
385
396
389
394
379
390
382
388
373
392
390
385
384
394
388
386
384
393
390
388
378
388
386
390
388
391
384
384
382
396
381
383
380
400
383
381
377
396
380
396
386
396
390
395
389
390
388
385
382
393
382
398
387
390
384
390
387
404
386
392
379
394
382
386
382
396
401
388
383
392
386
400
382
394
393
385
386
397
389
394
378
412
387
394
384
393
390
384
388
390
382
391
385
402
383
381
378
387
383
390
377
392
387
402
385
387
382
389
385
393
389
386
391
391
383
388
387
398
381
388
381
386
388
385
387
395
384
390
382
392
390
390
388
401
391
395
379
396
386
392
380
397
378
402
382
393
386
396
380
395
389
387
379
394
387
393
381
390
385
390
385
400
381
382
383
390
384
392
372
396
391
390
380
393
377
393
384
396
390
401
391
400
383
394
373
386
380
380
380
390
387
387
383
386
388
395
379
402
385
382
388
401
380
386
378
391
383
395
385
392
382
393
385
401
386
396
387
397
384
386
382
394
386
387
382
398
389
395
383
390
378
387
382
391
384
380
388
398
387
390
396
393
390
385
381
389
382
395
382
389
382
388
385
396
386
389
384
380
389
393
387
396
395
391
377
392
387
387
379
390
388
393
387
391
390
391
384
386
385
385
378
384
387
395
382
381
386
384
377
393
386
394
385
393
386
394
383
393
390
395
394
394
393
399
383
398
388
386
377
393
381
397
387
399
393
388
385
387
385
399
391
400
395
390
390
391
389
393
378
396
386
392
383
404
382
399
382
394
385
380
388
397
380
379
396
384
382
390
386
388
389
387
390
397
388
400
382
388
380
398
387
392
388
395
383
386
376
395
383
390
382
395
383
386
384
397
387
393
381
392
398
386
381
388
382
387
384
392
385
390
378
393
379
392
385
391
393
389
387
387
388
388
385
391
386
384
385
388
390
381
386
394
380
396
381
387
383
391
385
389
391
388
382
395
388
395
390
389
390
391
383
394
387
388
383
383
386
388
382
384
385
394
387
391
384
390
380
397
384
400
385
382
384
384
382
379
383
388
383
395
385
384
390
391
383
386
381
383
381
384
380
387
383
398
387
394
393
393
388
386
385
392
391
392
383
389
380
389
380
393
389
392
386
389
383
389
386
389
388
386
377
392
376
389
386
383
385
386
386
404
382
389
386
384
386
393
389
390
385
393
371
388
384
381
389
389
382
392
383
391
372
390
379
388
378
396
385
390
382
388
393
386
375
388
380
387
379
377
386
393
386
382
389
385
376
396
384
389
378
390
394
389
389
392
387
385
381
384
382
387
384
385
382
379
382
381
377
385
391
395
387
386
386
384
383
383
384
384
381
387
388
386
382
394
377
390
383
387
386
388
385
387
382
385
392
390
385
394
381
385
386
390
388
395
389
388
381
390
383
393
380
393
378
388
384
395
389
392
382
391
384
400
386
392
378
389
388
389
382
398
378
400
386
387
384
387
385
397
384
383
386
389
388
392
387
393
384
385
375
391
385
390
382
394
383
384
384
381
384
392
391
387
381
384
383
386
391
389
375
388
380
386
383
383
390
393
377
396
377
393
389
383
390
392
379
392
381
388
380
381
386
382
386
388
390
393
377
394
387
391
380
387
386
391
380
392
388
386
373
394
387
382
387
386
398
395
382
403
381
398
372
398
386
389
389
376
386
389
383
387
392
392
385
393
390
385
384
389
387
391
389
386
381
394
387
402
380
380
377
392
386
390
385
388
385
388
388
390
389
401
383
392
388
389
378
398
384
391
382
389
383
395
383
397
381
390
387
393
386
389
385
390
390
386
381
386
383
384
378
387
386
393
388
390
380
388
378
392
382
392
382
393
387
384
388
391
390
397
376
387
394
390
385
392
381
391
381
384
385
392
381
394
392
383
388
387
392
388
383
390
396
388
376
398
384
386
383
389
393
394
383
389
381
391
386
396
390
394
383
396
385
394
385
387
386
387
383
394
391
389
382
396
392
385
386
393
388
393
377
394
384
388
383
391
387
392
384
391
385
383
389
392
385
395
379
389
390
399
394
393
379
391
386
393
383
379
386
396
384
382
374
384
381
391
376
407
379
392
381
393
390
397
377
392
385
387
385
393
388
385
384
385
388
382
378
388
389
384
381
392
381
382
378
390
384
395
381
395
392
386
382
394
387
397
376
405
384
389
392
399
389
387
384
392
395
388
383
393
390
389
376
395
387
395
389
390
391
389
386
385
386
394
380
393
386
383
383
398
389
390
384
399
388
390
383
393
387
388
382
393
380
378
392
394
394
381
383
394
388
386
376
392
387
390
378
393
387
395
396
387
381
382
388
399
387
399
384
393
389
390
382
387
389
388
391
389
385
393
374
393
394
396
377
391
391
391
387
394
385
383
380
390
385
387
376
391
395
389
379
393
388
391
376
400
391
385
386
398
390
388
382
401
388
393
373
387
391
380
383
394
388
380
385
395
383
392
379
387
387
388
379
395
393
381
382
396
390
389
380
391
385
381
387
398
381
384
375
396
382
383
380
396
389
386
384
400
393
385
376
394
382
384
379
393
385
387
379
396
389
381
387
397
392
391
382
394
388
389
379
401
391
386
386
400
386
394
386
398
386
385
384
397
394
387
385
399
390
397
378
395
388
393
383
392
389
383
381
398
399
389
384
390
390
383
388
397
393
394
386
395
392
392
381
396
391
391
384
395
399
383
382
396
390
393
387
392
390
381
379
396
394
388
377
400
392
388
380
399
386
383
384
392
387
390
382
401
388
386
378
401
384
387
374
389
394
380
383
399
395
394
376
402
391
383
379
398
390
388
377
395
388
380
380
397
392
387
380
397
388
392
377
408
391
387
377
395
395
388
375
392
393
396
391
390
399
387
379
408
392
380
380
399
392
386
380
393
385
384
374
392
387
380
386
393
390
388
380
400
386
392
374
400
386
389
381
394
397
385
380
405
393
396
378
394
389
382
377
400
391
394
380
399
393
394
386
397
388
386
380
390
391
388
383
397
392
382
382
398
393
384
378
398
398
384
378
400
391
397
373
402
386
385
379
407
392
391
382
392
393
390
382
397
396
388
381
401
390
383
384
396
391
378
373
392
391
380
382
402
393
389
379
402
393
394
376
396
384
399
376
406
383
377
381
395
395
382
378
398
395
392
377
403
393
390
383
398
393
395
382
400
389
386
387
397
392
385
377
398
400
373
379
399
399
382
382
414
393
389
383
398
394
385
388
393
402
385
378
394
393
385
378
401
391
387
381
403
392
387
386
398
390
387
380
399
384
393
389
406
394
397
384
399
395
387
375
404
390
391
384
405
394
384
386
396
391
383
375
408
394
390
382
410
408
381
381
402
389
387
384
400
399
386
383
409
403
384
382
404
386
390
390
404
397
386
393
397
392
384
393
396
393
395
381
392
390
389
380
397
397
376
380
398
393
385
380
397
405
386
385
400
388
388
372
392
392
383
383
397
396
391
381
403
396
388
381
410
396
385
377
395
389
386
376
403
391
379
380
406
398
388
378
402
393
387
384
396
385
387
386
400
391
394
380
399
398
382
378
395
401
388
390
406
392
392
388
406
399
385
382
397
392
388
383
408
386
387
375
412
392
387
385
393
392
388
377
403
387
371
394
406
396
384
385
398
396
383
383
400
387
389
384
401
396
377
381
414
390
387
383
404
387
386
381
400
400
379
388
405
395
384
375
397
390
380
382
407
397
395
380
403
410
384
387
402
388
390
385
408
390
386
378
406
390
387
377
403
394
395
375
397
397
392
371
397
401
393
391
412
391
386
378
398
390
385
378
396
394
388
384
404
394
381
378
403
388
387
384
404
393
390
378
395
388
385
373
408
393
388
382
399
390
381
383
404
392
388
384
399
385
385
386
402
397
387
378
398
398
391
378
403
409
378
376
401
393
391
379
396
395
384
380
398
396
375
380
405
387
390
382
411
393
388
375
410
392
385
385
395
395
387
377
407
391
388
375
399
398
378
391
403
398
383
379
395
395
382
393
401
397
382
374
402
392
384
378
405
394
391
377
400
397
392
378
395
393
386
384
397
418
387
376
388
391
392
386
398
392
383
374
394
398
385
380
401
402
383
374
398
389
383
381
395
395
385
387
401
393
379
380
399
407
388
383
393
391
390
375
396
395
376
391
399
385
389
387
397
393
390
376
401
388
380
378
401
394
389
372
396
397
388
381
392
390
383
378
392
391
385
377
398
399
382
377
396
393
392
377
394
391
382
378
401
399
383
382
397
393
388
377
407
385
396
379
402
396
392
379
392
392
382
379
403
386
382
378
401
392
385
384
406
388
388
382
407
393
389
388
394
399
390
379
408
388
384
380
399
390
384
375
394
394
383
385
409
387
390
379
395
397
377
374
392
388
389
387
401
391
386
381
398
387
385
380
404
394
390
380
397
392
385
382
398
391
391
381
398
392
385
393
398
390
379
381
389
389
387
371
394
396
386
386
399
384
390
379
394
393
376
380
401
400
382
377
394
386
384
380
398
390
384
374
396
398
385
389
403
390
383
376
403
392
386
385
404
390
391
379
403
390
388
387
400
389
386
389
392
394
383
381
396
389
383
378
402
389
380
381
403
395
386
378
408
398
389
381
411
394
394
383
399
394
400
379
396
403
383
384
394
391
381
382
399
388
392
384
397
400
387
377
400
394
386
377
399
399
387
379
398
392
381
385
403
395
389
376
402
398
387
371
387
394
389
373
399
397
377
378
393
388
387
382
409
386
390
374
400
393
385
375
397
392
393
381
397
382
376
382
385
388
388
388
395
385
390
384
394
386
380
376
400
390
388
389
392
389
392
383
395
387
392
386
396
392
395
391
396
395
388
390
394
404
392
386
400
395
386
380
403
406
393
381
400
398
395
379
403
383
386
392
405
402
387
379
400
401
396
383
389
385
393
388
407
402
381
386
401
397
387
375
396
395
382
385
393
393
390
386
399
385
388
379
395
391
385
377
402
397
391
372
393
392
385
373
405
393
383
381
412
399
396
385
394
397
384
386
402
389
384
375
395
395
388
377
393
399
391
382
407
391
390
379
406
391
385
374
399
393
383
382
396
402
388
379
391
389
384
377
400
388
389
384
405
386
378
380
390
387
391
376
411
389
383
382
398
400
383
380
398
394
385
391
401
388
379
379
395
387
387
377
401
385
385
379
398
415
384
387
399
387
396
391
404
393
388
379
394
395
380
373
395
399
391
383
389
396
393
388
399
387
397
384
397
393
382
386
405
399
385
388
399
404
383
381
396
401
387
377
400
389
390
380
394
393
389
388
398
394
387
386
399
391
391
381
397
396
375
386
396
389
391
381
405
392
388
375
402
388
390
383
397
387
384
380
404
392
394
389
397
389
396
379
394
387
390
379
395
398
382
374
398
396
387
379
396
395
386
383
399
392
386
391
400
397
396
380
399
401
385
390
401
388
379
379
409
390
382
384
401
397
385
378
400
398
396
381
398
396
384
382
403
399
394
384
408
394
394
384
399
396
394
376
394
385
381
386
398
391
396
383
398
391
387
380
403
390
383
379
412
397
383
392
402
397
386
374
402
391
384
388
404
397
378
387
401
388
388
381
397
390
388
385
399
392
381
391
399
393
386
377
401
393
391
383
395
386
383
382
400
397
379
380
407
390
383
389
395
389
385
386
391
400
391
393
392
390
381
378
388
389
386
388
402
391
396
381
402
388
392
380
409
389
378
379
403
394
398
389
395
390
383
378
409
394
399
384
388
383
385
390
333
334
332
332
334
332
332
334
399
381
332
332
333
0
0

