;UFOS3
;Measurement details: channel = Z, date = 01.06.2018, time = 04:54:41
Exposure=464
Gain=0
Temperature=13.6
Accummulate=4
2.223 mu
2.254 amas
26.38 hs
0 ozone
0 uva
0 uvb
0 uve
[Value]
0
334
332
333
332
332
333
333
365
365
383
379
370
370
390
379
382
362
383
383
377
367
403
388
387
368
407
394
382
383
409
386
379
373
405
393
396
366
404
398
374
367
409
393
388
366
406
399
382
370
396
385
369
374
406
390
368
371
404
393
387
366
399
386
377
366
418
390
383
365
403
384
374
378
411
397
381
370
397
390
385
373
411
391
380
374
406
398
370
374
407
393
375
373
404
397
369
364
415
387
367
369
395
392
378
369
405
391
378
367
403
394
375
375
404
392
378
372
405
392
380
381
413
403
383
377
397
393
380
371
391
386
377
370
410
407
376
377
399
392
390
379
401
397
376
375
400
389
371
395
398
392
371
368
415
394
388
370
406
398
370
370
398
393
391
387
404
398
398
371
404
393
385
390
402
395
374
376
406
385
377
366
406
399
384
374
424
395
386
380
395
414
374
382
405
403
385
375
415
390
384
372
401
394
382
372
405
385
384
373
410
393
368
388
397
392
377
365
395
400
388
368
407
398
383
374
399
388
375
367
403
388
374
373
405
395
379
376
405
392
390
374
403
396
379
381
409
389
389
374
402
392
382
371
403
404
380
384
414
391
374
387
407
397
387
365
398
387
385
365
396
390
371
382
405
395
378
376
425
401
383
370
397
403
387
365
405
385
381
375
396
405
384
369
397
395
380
376
406
391
387
369
406
398
385
385
402
388
385
363
403
402
394
374
410
395
381
377
399
395
376
375
399
393
376
376
407
388
391
377
411
392
382
375
403
390
395
371
414
407
375
377
399
405
375
381
404
404
382
374
415
398
377
380
401
386
376
372
412
389
398
378
408
391
394
373
426
393
386
380
397
400
391
374
400
402
384
377
408
393
381
369
396
390
379
381
403
390
382
375
398
400
379
370
405
391
386
367
402
406
386
373
413
403
389
373
409
383
388
375
405
393
381
371
400
394
394
377
406
390
385
386
398
394
380
375
403
395
388
375
399
398
373
363
423
395
374
383
404
397
386
377
396
396
374
375
399
398
386
368
406
389
381
384
399
389
383
382
400
398
393
372
410
394
379
381
401
396
379
377
405
396
385
369
404
388
388
388
405
397
397
381
404
392
382
380
405
392
380
379
399
391
387
375
409
387
386
373
411
387
393
381
410
389
375
388
398
398
379
375
400
390
386
368
413
392
381
389
401
387
383
382
399
393
386
376
398
395
382
394
404
391
384
381
401
393
387
384
398
395
384
384
397
395
391
374
399
391
377
371
398
389
389
378
402
396
396
389
408
387
376
381
406
394
386
386
409
396
382
378
403
390
388
369
402
399
387
382
394
394
381
380
405
400
380
386
403
397
377
383
404
394
381
392
415
385
393
376
399
392
392
389
414
392
385
379
402
389
383
381
400
391
379
384
414
391
376
382
404
391
395
371
408
388
385
375
414
393
376
382
400
392
404
376
405
391
381
373
403
393
378
374
398
399
369
376
400
380
399
381
404
389
383
373
402
394
378
370
406
394
381
383
401
390
385
386
412
398
383
369
405
389
387
385
410
392
383
384
407
387
379
372
402
383
389
376
400
391
389
384
413
392
383
363
395
395
382
374
397
392
390
381
390
389
381
383
396
392
380
375
408
397
386
384
400
383
382
388
396
397
385
378
404
400
380
385
402
394
396
388
400
393
390
439
403
402
399
377
407
392
387
382
402
389
381
383
407
391
388
383
404
393
390
380
406
388
393
383
401
394
383
388
406
405
394
374
407
387
383
381
414
401
395
381
409
388
386
384
400
398
384
389
406
395
392
386
405
392
394
382
405
395
390
372
404
392
390
388
398
398
393
386
418
394
390
386
407
391
384
381
405
397
392
384
417
397
395
395
405
395
401
380
412
400
408
390
404
406
392
391
407
407
398
398
414
409
397
387
411
400
412
399
416
406
393
394
412
407
397
395
418
409
409
404
414
406
397
392
424
411
406
404
417
410
402
390
417
406
406
403
424
416
409
399
420
416
417
427
435
416
412
410
427
418
415
416
435
428
421
420
443
424
426
422
438
438
431
425
441
426
427
424
438
436
428
423
444
438
433
422
445
429
430
429
444
434
438
426
447
438
429
429
454
438
449
427
453
440
441
439
454
447
445
445
465
454
468
440
472
458
471
448
473
469
464
464
493
483
465
463
489
499
480
476
496
484
498
480
500
491
491
491
501
489
502
485
502
498
497
489
502
497
495
491
504
492
507
491
507
497
505
494
508
502
497
491
505
499
488
479
508
501
510
488
510
505
508
503
516
508
503
509
528
529
518
518
539
540
531
524
541
536
539
537
551
545
550
542
569
568
579
561
584
587
581
582
605
599
607
605
637
635
632
637
662
659
669
664
685
677
673
697
699
706
695
698
710
705
708
701
712
711
720
719
732
717
706
714
729
718
715
707
727
731
730
719
745
744
744
742
763
759
757
747
770
772
768
765
793
769
784
784
806
802
812
810
822
808
813
803
838
816
834
812
843
827
821
812
830
825
835
823
838
829
845
832
848
854
851
864
879
878
885
890
901
902
900
883
909
884
893
885
899
891
889
874
900
883
891
899
912
905
909
907
928
943
962
964
986
985
997
985
1004
986
999
971
990
989
973
961
958
935
927
912
912
901
888
866
875
858
861
855
862
855
864
862
886
876
887
902
927
922
939
950
988
983
1020
1015
1038
1031
1045
1048
1069
1062
1072
1070
1091
1086
1114
1099
1118
1118
1135
1134
1161
1154
1174
1159
1177
1174
1182
1179
1187
1187
1162
1138
1141
1126
1132
1090
1096
1088
1074
1067
1081
1070
1075
1060
1108
1073
1086
1079
1100
1109
1124
1147
1169
1190
1216
1236
1276
1281
1299
1318
1330
1322
1349
1330
1342
1341
1359
1337
1342
1323
1328
1321
1328
1309
1301
1305
1301
1295
1299
1307
1331
1313
1335
1338
1351
1369
1379
1386
1420
1425
1446
1456
1481
1507
1523
1533
1579
1578
1604
1604
1642
1644
1670
1677
1702
1698
1735
1713
1716
1692
1697
1663
1671
1642
1620
1588
1587
1556
1541
1514
1510
1488
1484
1472
1488
1464
1475
1488
1508
1514
1527
1522
1561
1572
1589
1590
1608
1596
1621
1621
1631
1626
1632
1617
1618
1582
1575
1530
1524
1497
1472
1428
1418
1401
1381
1370
1358
1347
1353
1332
1368
1360
1355
1368
1392
1370
1380
1383
1411
1411
1438
1429
1451
1442
1478
1480
1524
1508
1539
1535
1564
1562
1574
1582
1609
1603
1625
1617
1653
1644
1655
1654
1659
1650
1652
1642
1660
1645
1647
1632
1643
1622
1626
1630
1616
1599
1595
1585
1596
1588
1608
1588
1601
1593
1606
1594
1611
1595
1607
1612
1604
1622
1641
1649
1677
1696
1717
1718
1753
1767
1795
1811
1856
1866
1896
1907
1929
1945
1957
1949
1965
1968
1958
1947
1960
1963
1981
1981
1987
1999
2006
2005
2027
2027
2037
2036
2069
2060
2092
2089
2090
2104
2113
2113
2126
2128
2125
2099
2120
2103
2100
2075
2074
2054
2063
2045
2066
2044
2049
2045
2073
2070
2100
2115
2121
2130
2124
2114
2116
2116
2135
2118
2144
2131
2143
2145
2174
2149
2170
2141
2173
2161
2166
2186
2225
2214
2238
2288
2294
2310
2345
2365
2390
2414
2449
2494
2522
2551
2589
2606
2641
2664
2709
2705
2726
2726
2729
2704
2690
2666
2674
2645
2659
2642
2664
2643
2637
2630
2649
2639
2645
2633
2649
2631
2621
2595
2579
2549
2545
2527
2509
2469
2453
2395
2385
2334
2314
2298
2282
2286
2273
2258
2243
2218
2196
2166
2135
2101
2085
2060
2060
2061
2045
2049
2056
2057
2080
2084
2103
2137
2169
2188
2212
2243
2274
2282
2307
2304
2306
2302
2296
2281
2282
2257
2260
2241
2241
2218
2216
2195
2187
2165
2167
2165
2168
2160
2145
2138
2156
2151
2181
2179
2195
2185
2180
2188
2158
2170
2147
2134
2131
2110
2104
2067
2060
2048
2051
2036
2030
2019
2019
2006
2000
1998
1994
1979
1990
1984
2000
2003
2019
2040
2061
2079
2114
2139
2164
2163
2192
2190
2217
2206
2222
2209
2202
2185
2187
2184
2196
2204
2208
2199
2216
2204
2232
2221
2232
2223
2246
2243
2276
2297
2331
2307
2332
2320
2334
2339
2329
2297
2276
2238
2206
2139
2113
2074
2042
2039
2016
1995
1994
1983
1999
1972
2001
1992
2008
2004
2036
2045
2059
2064
2104
2112
2133
2133
2148
2143
2147
2116
2089
2074
2050
2010
1986
1986
1962
1946
1996
1997
2021
2039
2087
2139
2174
2198
2250
2289
2302
2329
2343
2339
2375
2380
2395
2418
2417
2427
2430
2427
2441
2447
2440
2434
2434
2444
2458
2456
2471
2505
2503
2525
2550
2582
2612
2641
2662
2658
2673
2665
2663
2647
2618
2618
2582
2555
2523
2510
2484
2449
2450
2421
2444
2461
2485
2496
2518
2518
2543
2557
2603
2634
2701
2719
2776
2791
2833
2856
2888
2880
2885
2861
2862
2858
2850
2835
2821
2788
2771
2743
2727
2689
2688
2640
2637
2585
2581
2570
2570
2563
2559
2544
2523
2511
2503
2483
2467
2437
2413
2410
2411
2378
2406
2380
2377
2362
2376
2373
2376
2373
2375
2395
2407
2419
2422
2435
2460
2462
2480
2489
2494
2489
2493
2477
2487
2485
2459
2458
2456
2418
2422
2389
2400
2382
2377
2395
2398
2386
2419
2404
2425
2415
2414
2403
2396
2381
2380
2392
2394
2377
2391
2391
2384
2352
2348
2329
2315
2273
2269
2234
2195
2130
2126
2083
2033
1995
1968
1937
1896
1841
1832
1785
1790
1736
1762
1726
1733
1735
1724
1746
1765
1774
1811
1862
1894
1928
1989
2016
2056
2079
2106
2120
2149
2158
2190
2200
2231
2248
2278
2268
2277
2277
2304
2295
2303
2290
2293
2295
2275
2250
2232
2227
2232
2188
2202
2180
2177
2151
2145
2142
2145
2139
2145
2130
2155
2142
2171
2163
2194
2204
2226
2236
2259
2281
2311
2335
2359
2371
2383
2403
2392
2384
2409
2394
2390
2389
2390
2376
2370
2345
2340
2307
2300
2270
2282
2267
2263
2260
2257
2253
2244
2232
2248
2258
2271
2261
2268
2266
2282
2280
2286
2288
2304
2302
2316
2337
2332
2344
2367
2375
2382
2375
2402
2407
2397
2365
2380
2369
2371
2379
2375
2377
2377
2368
2386
2394
2406
2410
2421
2383
2371
2342
2327
2300
2301
2299
2327
2336
2371
2374
2405
2419
2454
2474
2519
2547
2561
2599
2627
2659
2703
2726
2761
2783
2808
2826
2866
2874
2889
2856
2860
2840
2809
2802
2770
2760
2761
2731
2734
2721
2718
2683
2672
2635
2634
2598
2584
2564
2560
2559
2567
2563
2554
2550
2582
2573
2615
2614
2649
2646
2673
2670
2687
2703
2720
2714
2728
2712
2696
2660
2620
2559
2514
2451
2400
2345
2302
2267
2268
2266
2258
2263
2273
2282
2301
2319
2354
2358
2386
2380
2404
2412
2423
2453
2498
2507
2549
2533
2591
2572
2572
2568
2557
2543
2527
2513
2515
2515
2510
2508
2506
2516
2524
2522
2538
2544
2550
2538
2565
2570
2595
2595
2617
2629
2660
2658
2686
2672
2654
2623
2627
2603
2609
2579
2599
2580
2563
2535
2528
2492
2476
2452
2443
2406
2399
2394
2379
2366
2354
2324
2331
2327
2301
2278
2273
2251
2221
2196
2186
2156
2151
2141
2135
2132
2145
2163
2196
2202
2219
2195
2201
2190
2181
2163
2164
2155
2139
2131
2135
2106
2115
2061
2054
2025
1984
1946
1927
1891
1856
1833
1831
1814
1819
1820
1850
1842
1874
1849
1875
1874
1869
1853
1876
1864
1880
1871
1908
1904
1898
1891
1899
1871
1855
1824
1838
1812
1813
1770
1785
1771
1731
1701
1695
1658
1621
1603
1616
1580
1603
1586
1593
1600
1631
1636
1695
1712
1733
1760
1813
1840
1865
1887
1941
1968
2027
2073
2124
2152
2212
2267
2316
2334
2368
2403
2442
2458
2462
2477
2494
2503
2500
2504
2546
2526
2530
2521
2522
2494
2486
2448
2462
2421
2404
2374
2363
2335
2327
2293
2279
2243
2195
2158
2157
2112
2093
2090
2107
2101
2113
2109
2128
2125
2139
2143
2182
2195
2201
2212
2249
2258
2292
2290
2317
2323
2322
2282
2287
2260
2243
2224
2217
2205
2184
2183
2205
2210
2205
2204
2199
2206
2205
2221
2254
2298
2350
2386
2458
2497
2551
2588
2639
2692
2698
2704
2711
2684
2660
2630
2605
2575
2543
2515
2518
2496
2450
2402
2410
2375
2344
2305
2319
2294
2294
2303
2330
2336
2388
2419
2489
2511
2547
2559
2614
2602
2629
2606
2622
2608
2565
2520
2512
2477
2461
2408
2406
2361
2318
2279
2270
2234
2205
2178
2188
2170
2167
2161
2196
2207
2221
2228
2269
2283
2295
2308
2356
2345
2349
2378
2420
2455
2474
2474
2514
2548
2575
2589
2610
2636
2643
2654
2691
2671
2669
2680
2691
2694
2676
2655
2675
2648
2644
2628
2650
2624
2606
2604
2591
2590
2569
2538
2550
2515
2499
2470
2484
2444
2423
2405
2411
2401
2375
2368
2383
2356
2329
2317
2328
2338
2335
2317
2337
2315
2323
2312
2330
2314
2325
2302
2307
2283
2264
2243
2253
2242
2232
2215
2231
2218
2183
2173
2188
2174
2162
2146
2169
2146
2124
2099
2111
2104
2103
2086
2103
2095
2107
2096
2153
2144
2163
2162
2195
2214
2245
2259
2285
2309
2327
2334
2383
2388
2384
2406
2439
2433
2420
2407
2427
2410
2369
2355
2344
2314
2290
2258
2284
2260
2267
2233
2252
2219
2247
2207
2237
2202
2192
2183
2183
2156
2111
2081
2097
2082
2061
2025
2059
2042
2045
2038
2080
2083
2114
2142
2183
2226
2262
2286
2314
2336
2353
2381
2425
2454
2433
2452
2462
2453
2417
2388
2407
2379
2331
2295
2279
2234
2202
2168
2146
2126
2096
2074
2100
2094
2084
2061
2065
2042
2033
2025
2040
2025
2012
1993
2023
1991
2007
2015
2060
2062
2110
2105
2151
2146
2131
2108
2112
2082
2042
2019
2037
1976
1939
1888
1869
1810
1780
1773
1780
1788
1785
1785
1854
1879
1910
1940
2012
2071
2078
2117
2179
2188
2209
2224
2257
2259
2235
2217
2230
2192
2148
2095
2077
2020
1979
1940
1924
1892
1871
1873
1892
1888
1879
1914
1947
1967
1996
2037
2101
2123
2163
2176
2219
2263
2278
2290
2349
2350
2344
2343
2376
2381
2355
2344
2353
2313
2299
2262
2280
2274
2238
2214
2234
2244
2237
2213
2235
2236
2242
2248
2298
2279
2285
2271
2303
2291
2295
2272
2310
2312
2311
2329
2373
2372
2374
2388
2419
2419
2429
2424
2455
2456
2470
2486
2521
2518
2526
2540
2578
2593
2575
2569
2616
2630
2623
2619
2663
2638
2637
2655
2668
2667
2664
2640
2666
2637
2627
2606
2602
2551
2524
2484
2494
2435
2389
2358
2335
2301
2268
2209
2212
2157
2114
2113
2096
2070
2044
2013
2042
2025
1987
1965
1986
1961
1952
1927
1924
1905
1864
1853
1883
1832
1829
1809
1841
1820
1823
1831
1864
1878
1865
1877
1913
1933
1925
1930
1984
2001
1998
2014
2056
2048
2037
2028
2053
2060
2030
2035
2038
2007
2000
1966
1963
1932
1912
1888
1913
1876
1855
1822
1843
1833
1822
1788
1800
1785
1753
1715
1722
1702
1668
1640
1635
1590
1571
1532
1553
1531
1519
1502
1512
1500
1481
1460
1462
1439
1402
1380
1392
1353
1340
1313
1345
1326
1321
1301
1312
1303
1288
1262
1285
1270
1255
1239
1261
1253
1237
1230
1260
1247
1245
1238
1258
1240
1239
1234
1248
1226
1207
1198
1225
1222
1217
1208
1246
1263
1248
1259
1312
1315
1337
1339
1377
1396
1399
1429
1471
1492
1497
1520
1583
1588
1611
1617
1666
1653
1650
1647
1688
1671
1668
1658
1675
1679
1675
1660
1697
1660
1641
1605
1622
1609
1583
1606
1623
1603
1587
1573
1582
1575
1548
1552
1542
1511
1464
1440
1485
1497
1490
1491
1531
1523
1523
1504
1548
1555
1562
1584
1629
1641
1656
1668
1708
1739
1715
1703
1713
1711
1695
1666
1663
1644
1624
1592
1593
1578
1547
1548
1588
1582
1581
1577
1605
1600
1596
1601
1623
1636
1641
1648
1678
1674
1654
1658
1685
1696
1651
1643
1655
1649
1633
1607
1628
1609
1591
1600
1610
1593
1586
1583
1579
1580
1568
1556
1574
1562
1554
1555
1583
1585
1585
1583
1627
1634
1639
1637
1658
1679
1700
1699
1744
1759
1775
1778
1819
1826
1821
1832
1851
1855
1846
1830
1867
1860
1860
1860
1884
1889
1871
1845
1863
1841
1847
1826
1846
1797
1800
1767
1772
1764
1753
1727
1735
1730
1709
1701
1740
1729
1753
1765
1805
1813
1813
1843
1882
1861
1881
1860
1907
1893
1901
1897
1891
1893
1877
1869
1893
1840
1825
1815
1832
1789
1770
1731
1733
1706
1679
1644
1660
1618
1602
1561
1573
1550
1515
1480
1483
1452
1431
1414
1415
1381
1356
1337
1332
1307
1272
1222
1217
1163
1106
1051
1037
997
954
922
925
890
871
842
845
827
818
817
823
815
804
814
842
846
862
867
910
935
943
965
999
1000
1020
1023
1053
1067
1066
1091
1136
1149
1156
1171
1205
1210
1228
1231
1267
1267
1264
1270
1304
1315
1322
1335
1367
1358
1359
1368
1397
1394
1387
1401
1423
1407
1418
1399
1426
1404
1408
1408
1405
1385
1377
1375
1376
1370
1359
1344
1348
1325
1304
1287
1301
1258
1229
1212
1221
1188
1145
1103
1107
1062
1019
974
975
933
908
877
882
854
857
821
829
834
796
792
800
811
800
810
841
841
865
874
914
936
947
962
1019
1039
1055
1073
1129
1155
1174
1189
1243
1261
1263
1288
1330
1337
1341
1334
1377
1376
1361
1349
1374
1384
1376
1353
1384
1391
1387
1386
1409
1409
1409
1400
1435
1411
1425
1418
1470
1457
1461
1465
1497
1503
1509
1507
1527
1510
1513
1521
1519
1527
1525
1527
1536
1509
1512
1507
1522
1508
1509
1503
1530
1516
1514
1521
1538
1521
1533
1531
1550
1538
1547
1531
1541
1522
1521
1502
1508
1507
1506
1520
1525
1534
1532
1519
1545
1538
1529
1520
1552
1556
1549
1550
1561
1576
1586
1570
1610
1591
1589
1602
1612
1602
1579
1574
1586
1581
1575
1568
1583
1575
1582
1571
1594
1582
1569
1563
1587
1580
1576
1545
1566
1558
1532
1545
1557
1559
1560
1561
1578
1552
1562
1548
1575
1564
1552
1533
1560
1531
1525
1494
1502
1485
1467
1437
1452
1420
1392
1391
1425
1414
1422
1408
1423
1428
1414
1425
1462
1443
1448
1439
1475
1466
1466
1452
1470
1481
1474
1462
1501
1453
1450
1421
1436
1391
1370
1344
1363
1342
1317
1317
1326
1324
1310
1290
1301
1305
1297
1291
1317
1302
1304
1307
1341
1323
1325
1331
1345
1340
1331
1308
1344
1309
1294
1275
1298
1285
1261
1244
1260
1255
1241
1239
1244
1228
1209
1200
1204
1184
1178
1153
1176
1150
1143
1138
1164
1179
1134
1126
1142
1121
1129
1120
1136
1121
1115
1101
1119
1116
1095
1096
1120
1131
1113
1098
1095
1104
1099
1091
1102
1093
1102
1084
1089
1079
1054
1054
1069
1062
1048
1052
1067
1078
1054
1052
1070
1073
1057
1044
1064
1050
1054
1037
1060
1059
1063
1052
1065
1055
1058
1054
1074
1062
1070
1058
1069
1064
1036
1040
1046
1039
1035
1020
1053
1039
1030
1015
1042
1023
1018
1002
1013
995
986
953
977
955
951
947
956
941
941
902
910
888
883
865
884
877
857
846
873
859
842
836
853
862
851
850
864
860
859
869
872
873
881
862
894
906
899
909
926
905
897
903
939
915
906
898
919
915
894
886
919
919
922
909
934
927
913
906
933
920
916
913
927
912
909
894
909
901
897
881
905
887
882
883
896
881
885
869
883
875
869
864
882
866
856
851
877
858
839
847
857
846
831
812
839
825
821
828
848
841
819
829
852
837
838
835
853
846
849
840
868
858
851
860
871
858
857
830
854
841
845
826
833
825
818
811
835
823
807
806
838
810
807
809
816
812
811
809
813
827
820
817
816
810
798
790
793
800
792
790
801
785
791
770
796
775
783
770
803
786
774
767
795
789
803
795
801
802
800
791
825
815
826
807
819
799
761
610
330
330
334
331
332
332
332
332
821
784
332
332
333
0
0

