;UFOS3
;Measurement details: channel = D, date = 01.06.2018, time = 05:00:45
Exposure=415
Gain=0
Temperature=13.8
Accummulate=4
2.167 mu
2.196 amas
27.139 hs
0 ozone
0 uva
0 uvb
0 uve
[Value]
0
335
334
333
335
331
335
334
363
366
381
374
369
372
386
379
379
361
382
382
375
368
400
385
386
366
402
390
384
381
405
384
379
369
403
388
390
365
398
397
372
363
401
390
386
367
402
397
380
368
390
380
369
373
403
388
370
371
397
389
385
366
394
384
378
367
414
385
380
365
396
379
372
378
405
395
379
370
391
386
383
369
406
390
378
370
401
391
370
373
398
388
374
373
398
392
367
365
407
384
368
369
390
387
377
365
397
387
377
364
395
391
376
373
402
387
375
372
398
389
380
379
407
399
382
375
393
390
377
370
385
382
378
368
405
399
376
374
397
388
385
378
396
391
375
375
396
383
369
391
391
388
368
367
409
391
386
366
402
395
369
368
396
392
388
383
400
394
394
371
396
391
381
388
395
390
373
376
401
383
375
367
399
393
378
373
415
392
383
378
389
410
373
380
400
399
381
375
408
386
385
371
394
391
380
372
398
385
385
376
401
392
367
384
393
387
378
365
389
397
385
367
404
393
380
372
394
384
375
364
400
385
375
371
398
393
380
375
399
390
388
372
397
391
378
379
405
384
386
372
396
386
378
369
395
401
377
381
409
383
371
385
401
393
384
362
392
384
386
363
390
386
371
379
400
388
377
375
419
397
382
369
392
397
382
366
398
385
380
373
389
397
380
368
393
393
378
371
400
387
386
367
398
394
382
382
398
385
381
361
400
399
391
371
402
391
379
376
395
393
375
374
392
392
374
374
400
385
388
373
405
384
381
374
399
386
392
367
406
400
375
373
394
398
374
376
396
399
381
373
404
394
374
379
397
385
375
372
405
384
394
377
405
385
393
371
421
386
383
377
391
392
388
370
393
396
382
375
400
391
377
370
390
387
379
378
395
388
378
373
393
393
379
367
400
391
381
365
395
397
382
370
404
397
386
372
404
378
384
374
399
387
377
369
393
390
388
376
400
387
380
381
391
389
376
370
396
390
386
375
392
394
373
362
418
392
371
379
396
388
383
377
391
389
373
370
391
393
383
365
399
386
379
380
393
386
380
379
395
394
389
370
402
386
380
377
396
392
376
375
398
388
382
367
398
382
384
384
398
390
392
380
395
384
382
374
398
386
377
376
393
386
382
372
401
383
384
371
405
384
388
379
403
382
370
385
390
393
377
373
392
383
383
368
409
388
377
383
396
383
378
377
393
387
384
372
390
390
381
387
396
387
381
379
392
385
385
381
394
389
383
381
391
390
389
371
392
386
374
370
393
384
384
375
397
392
393
385
401
386
376
378
397
388
383
380
403
391
378
373
398
386
385
368
394
391
385
379
391
391
377
376
400
396
377
380
394
391
374
379
397
388
378
384
408
381
389
372
394
386
385
387
409
386
384
376
396
385
380
378
394
387
376
381
408
386
374
379
397
387
392
372
402
384
382
372
405
386
373
380
393
385
397
373
395
384
377
370
397
388
378
371
392
393
368
372
392
380
392
378
395
384
379
372
394
387
374
365
396
386
376
378
394
387
382
381
405
392
381
368
398
383
383
380
403
388
381
381
397
381
374
368
394
379
387
371
393
385
385
379
406
383
379
362
387
391
377
372
390
387
385
376
386
384
377
379
389
386
379
371
398
388
382
379
394
377
377
382
388
391
383
373
396
393
378
382
396
385
387
380
392
385
383
425
395
393
395
371
399
388
383
377
394
382
378
378
399
384
385
377
395
384
384
374
397
382
386
379
393
384
377
380
397
395
387
370
399
380
375
375
406
392
390
378
399
383
380
377
391
387
376
382
395
386
384
378
397
383
387
374
392
387
383
365
396
384
380
378
389
387
384
376
405
384
382
378
393
382
375
376
390
388
384
376
408
387
386
388
392
384
390
375
399
391
394
383
390
393
379
378
393
391
383
386
395
391
382
373
396
384
394
382
398
387
380
378
391
387
378
378
396
388
389
383
391
387
375
371
399
388
386
384
396
387
383
371
397
382
386
382
398
388
382
376
391
393
389
393
406
386
379
381
392
383
382
384
398
388
384
380
399
384
386
381
395
393
384
381
394
382
379
375
388
390
382
378
400
389
384
375
394
384
383
381
394
385
389
380
393
387
379
378
399
382
396
373
398
388
385
379
393
386
384
381
398
389
396
369
397
380
395
372
393
386
380
379
399
391
377
376
394
398
385
378
392
388
396
382
398
388
387
389
398
389
397
382
394
390
388
378
390
386
386
379
393
386
394
385
397
385
393
383
396
389
386
381
395
390
380
373
394
390
397
376
394
389
383
380
391
383
377
379
394
389
381
382
395
399
389
383
391
387
386
383
389
383
387
371
396
390
395
374
390
392
383
375
392
383
382
371
395
390
384
382
395
390
394
384
397
391
383
394
394
393
386
386
391
385
386
378
386
384
388
392
400
387
377
383
399
387
387
376
391
390
385
378
393
390
386
384
397
395
388
382
397
394
386
379
397
376
381
384
393
390
389
389
394
384
385
376
401
384
395
377
397
388
387
377
393
389
394
384
391
388
398
384
398
389
385
387
392
390
385
382
390
392
390
382
399
381
394
383
396
391
394
380
395
384
385
387
396
390
382
380
390
386
395
387
395
389
395
379
391
382
389
373
392
393
388
386
393
388
386
381
392
390
386
380
389
384
390
387
391
386
382
384
393
382
385
382
400
381
387
378
394
379
396
388
395
391
395
388
391
385
385
383
395
381
399
384
391
381
390
386
401
386
393
381
393
381
385
382
398
399
390
380
393
384
399
383
392
393
387
384
397
390
395
380
411
385
395
386
392
389
386
388
387
382
390
384
402
384
383
379
387
383
389
380
389
386
401
385
390
382
391
388
393
389
385
392
390
382
388
386
397
383
387
381
386
389
383
388
396
386
390
381
391
389
391
388
400
391
396
381
395
385
393
378
397
378
401
383
392
389
394
379
396
388
388
378
392
387
392
381
391
385
390
383
401
381
382
385
390
383
394
376
396
391
391
380
392
375
394
386
397
390
399
390
398
383
394
372
386
384
380
379
388
389
389
385
386
389
393
377
402
388
379
390
399
378
387
380
391
383
392
385
391
382
394
385
403
387
393
383
396
385
387
384
393
387
388
382
396
389
392
383
389
377
389
382
393
385
382
384
397
387
392
396
392
390
388
381
390
386
396
381
390
384
386
386
397
385
389
384
382
388
393
389
395
396
391
378
390
387
388
379
390
386
393
388
390
386
393
383
388
383
386
377
384
389
397
381
381
386
385
378
393
384
391
382
392
385
393
382
390
392
394
390
392
395
401
380
399
387
386
379
393
382
395
388
401
392
387
382
383
384
397
394
398
393
392
389
392
389
393
379
399
384
393
384
401
384
397
381
394
386
382
392
399
378
380
393
384
383
391
386
388
388
384
389
397
389
400
383
390
381
400
386
393
389
395
386
387
376
395
385
390
381
395
383
388
384
397
389
391
381
393
400
385
384
390
384
389
384
392
388
394
378
393
379
393
387
390
390
388
386
387
387
391
389
391
388
386
384
387
391
382
385
396
381
397
379
388
383
393
385
390
391
386
382
394
387
396
390
387
390
392
385
392
385
387
384
383
386
386
382
385
389
394
386
389
385
388
380
400
385
399
385
381
385
383
381
380
382
385
383
394
389
387
390
389
380
387
382
384
381
385
379
389
385
397
385
393
391
393
388
385
385
392
392
392
383
391
378
387
381
391
387
392
384
387
383
388
383
391
384
387
378
392
377
390
385
383
384
387
387
402
385
387
384
384
388
392
387
388
384
392
373
389
385
382
389
389
383
391
381
390
377
389
380
391
379
397
386
390
381
391
392
387
379
390
381
385
380
377
385
394
384
381
388
383
374
395
386
389
381
389
394
387
389
392
389
385
380
385
382
388
387
386
383
381
383
382
375
386
390
396
388
387
386
384
385
382
385
385
378
387
386
386
380
390
377
390
385
387
386
388
387
388
383
386
395
390
387
393
380
387
385
392
387
394
390
385
381
390
383
391
379
393
377
390
382
396
390
389
384
391
385
397
387
392
379
391
391
387
384
398
380
398
383
387
382
385
384
394
383
383
384
388
389
391
387
393
384
385
376
390
384
389
383
394
383
386
382
382
386
391
392
388
384
383
384
386
392
389
378
385
382
384
385
384
389
393
376
396
378
390
390
387
392
392
382
393
382
388
380
383
386
384
386
389
390
394
380
393
388
391
380
385
388
392
380
392
390
384
375
395
389
383
386
386
397
396
384
403
382
397
374
398
385
390
388
377
386
389
385
389
391
392
384
392
388
387
382
388
388
390
385
389
380
392
386
403
381
378
377
389
386
393
383
390
386
389
387
389
388
401
383
392
389
389
377
397
382
390
382
389
382
395
381
396
380
387
386
393
385
388
384
391
390
386
381
389
385
382
378
389
387
392
384
390
379
388
377
393
379
391
382
393
388
386
389
391
390
397
379
387
392
389
383
390
382
392
381
386
384
393
385
391
390
382
388
390
394
386
385
392
397
388
376
395
384
384
384
390
390
393
381
390
381
390
388
394
388
392
384
397
384
395
385
387
385
388
384
392
390
389
383
396
393
386
385
393
389
395
380
392
382
385
384
393
384
392
386
389
383
383
389
390
385
395
379
388
390
401
395
393
378
393
385
393
382
380
388
396
383
384
375
386
381
390
377
403
381
391
381
392
390
397
376
392
385
385
383
391
388
385
384
387
389
384
377
391
389
386
382
391
382
383
379
392
383
394
381
396
388
386
381
394
388
397
377
406
384
389
394
398
386
387
382
394
396
389
386
392
387
390
379
397
387
396
386
393
387
388
386
384
388
393
381
394
387
385
383
397
389
388
383
398
390
390
383
391
385
387
381
392
381
379
392
393
390
384
381
394
388
389
377
393
388
390
380
393
388
395
397
388
383
383
385
397
387
401
384
394
387
391
382
388
388
389
391
389
382
395
376
391
394
395
377
389
390
390
385
394
387
383
382
390
386
388
376
392
398
390
380
394
388
391
377
403
393
385
385
398
389
389
382
403
390
392
375
388
388
380
383
393
387
381
385
392
384
393
380
388
385
387
381
394
392
382
383
395
390
388
380
391
384
382
387
398
382
386
380
396
382
381
383
393
392
389
382
400
389
383
378
396
381
384
383
393
387
387
383
396
386
383
384
396
392
391
383
391
388
389
381
401
389
387
387
401
385
393
386
397
387
384
383
398
394
387
386
397
390
396
379
397
386
392
383
390
389
384
382
400
400
387
386
387
389
387
387
396
395
394
383
393
392
393
383
394
390
391
386
394
399
382
383
395
388
394
387
394
391
380
378
395
393
386
375
399
390
389
379
396
385
387
384
393
386
391
383
400
385
387
381
402
385
387
375
390
393
384
384
401
395
392
377
400
391
384
379
398
387
389
380
394
387
381
382
398
392
387
380
397
388
392
377
408
390
389
379
395
393
389
374
394
394
397
390
390
399
387
379
407
393
380
380
400
393
387
383
391
386
384
376
392
387
383
386
394
392
386
380
400
388
394
378
398
386
388
380
393
398
387
381
401
394
393
379
394
389
382
379
401
391
393
382
396
395
394
389
398
388
385
382
389
391
390
382
396
392
383
381
397
389
384
378
398
398
384
378
401
392
396
373
402
386
385
381
407
390
392
386
392
392
390
383
395
396
388
380
401
386
383
384
396
388
379
374
392
390
379
381
403
390
392
379
398
392
395
378
396
383
394
378
407
383
379
383
392
396
384
376
399
397
393
376
402
389
390
384
397
391
393
382
401
389
388
387
394
393
386
381
399
400
374
377
397
397
384
379
413
393
386
384
398
394
386
388
391
400
383
380
393
394
385
381
404
388
387
383
402
390
392
388
396
389
387
378
399
386
392
389
404
391
397
384
395
393
387
377
404
389
393
385
405
391
384
385
397
392
384
377
406
396
390
383
410
407
383
382
399
388
388
383
400
400
386
385
408
399
383
382
402
385
387
390
403
395
387
394
397
391
384
393
399
395
394
381
392
386
390
383
396
397
377
380
398
393
386
382
398
405
387
386
403
388
387
373
392
391
384
385
395
398
391
383
402
396
390
380
408
396
387
378
396
392
386
376
401
390
380
382
407
401
389
378
400
391
387
384
396
383
385
387
401
389
394
384
397
397
381
377
397
399
387
390
403
393
390
390
405
398
387
379
395
392
387
386
406
387
387
376
411
391
390
386
392
393
386
375
402
384
372
393
405
393
385
384
396
396
381
383
400
390
388
385
399
397
379
380
410
391
389
384
405
387
387
381
398
400
381
386
403
394
385
376
397
392
381
382
403
398
395
381
401
410
383
386
400
387
389
387
405
389
386
377
406
389
389
377
405
393
392
378
398
398
389
372
398
398
393
390
412
389
387
379
396
391
386
377
394
391
388
387
403
392
382
378
403
388
389
386
402
389
390
378
396
390
387
374
409
393
389
384
401
392
382
384
402
389
386
384
400
385
385
386
402
396
388
378
397
398
389
378
401
408
377
376
403
395
389
378
398
391
382
382
397
395
377
379
404
389
390
384
410
391
387
376
407
390
382
386
396
392
387
378
405
390
388
378
398
395
379
390
402
398
383
380
397
393
384
394
401
398
380
372
400
394
383
378
405
392
392
379
399
397
392
378
394
390
384
384
398
417
389
376
386
391
394
388
400
390
383
375
395
399
385
381
401
403
383
374
396
390
382
383
394
396
386
386
401
389
381
379
397
405
387
382
392
391
389
379
396
393
378
390
398
385
390
386
398
394
391
378
400
387
382
378
401
391
387
373
396
397
390
379
391
391
382
379
392
390
387
381
399
399
383
377
398
390
392
376
393
389
383
378
401
396
382
385
399
393
389
378
406
384
399
381
398
398
392
381
394
392
385
379
400
385
382
380
400
391
387
383
405
387
389
385
406
391
386
389
394
400
391
380
408
388
386
383
399
388
383
376
398
393
384
384
407
387
389
380
394
396
378
376
393
387
390
392
400
389
386
381
396
388
382
381
404
394
388
380
396
392
386
382
397
391
390
382
395
390
385
389
397
392
382
382
391
387
387
371
394
392
386
386
399
385
390
382
392
392
378
380
401
399
383
375
395
384
383
380
399
391
384
376
396
395
385
390
403
392
384
379
403
392
386
388
403
391
391
382
401
389
388
388
397
388
389
389
391
394
385
383
394
388
383
380
404
389
382
381
401
393
385
378
407
398
391
383
411
392
394
383
397
390
400
380
394
404
383
384
391
391
378
382
398
386
394
383
397
398
385
376
400
395
383
377
398
396
388
381
399
393
384
383
400
394
387
380
403
395
387
370
385
393
390
374
396
398
379
381
393
388
388
383
408
383
391
373
402
391
385
376
395
391
392
380
399
380
376
382
386
389
389
389
395
385
391
383
391
387
382
377
399
390
389
388
394
388
393
383
396
386
391
385
395
389
395
391
395
393
389
391
393
401
393
386
399
396
387
379
404
404
396
382
400
396
393
381
403
385
386
394
402
397
388
382
400
399
395
383
391
385
396
387
408
402
381
386
400
395
389
375
397
396
382
384
398
391
391
386
400
384
388
379
396
391
387
381
402
396
392
372
392
392
385
375
404
390
385
381
411
395
396
385
395
393
383
387
402
390
385
376
396
392
385
379
393
398
394
384
406
392
390
378
403
388
385
376
398
392
383
381
397
402
387
378
393
389
383
376
403
390
391
384
406
387
380
381
391
386
392
374
411
391
384
382
400
397
384
380
397
393
385
394
403
387
380
377
395
387
388
377
401
386
385
379
400
415
386
385
399
386
397
390
403
395
390
380
396
394
382
377
395
399
391
384
387
396
392
387
401
390
398
386
397
394
383
387
406
398
384
387
399
400
382
381
396
398
390
375
399
390
390
382
395
393
390
388
399
394
388
384
400
390
389
385
397
394
377
388
394
386
392
381
405
391
387
376
403
390
390
381
396
386
385
383
403
391
395
389
397
391
398
378
394
384
390
378
395
399
384
374
398
394
389
379
398
397
385
382
399
394
387
392
399
397
397
379
402
398
387
391
403
387
378
379
409
388
384
382
401
395
385
379
400
394
396
382
398
393
384
383
402
398
394
386
405
396
395
385
401
396
394
375
397
386
385
385
400
390
396
385
398
390
388
382
401
392
384
381
411
398
383
392
403
396
387
376
402
392
384
389
406
394
379
387
404
389
387
383
398
391
385
385
398
389
385
392
401
392
387
375
400
391
392
383
394
387
386
382
399
396
380
382
407
390
382
389
395
386
384
385
392
397
392
394
395
391
382
380
388
390
388
388
405
390
395
381
400
388
393
377
406
388
379
380
404
391
396
385
397
389
384
380
407
392
400
386
388
385
383
389
334
333
333
334
335
334
336
334
401
381
334
333
335
0
0

