;UFOS3
;Measurement details: channel = S, date = 01.06.2018, time = 05:19:30
Exposure=372
Gain=0
Temperature=14.6
Accummulate=4
2.012 mu
2.034 amas
29.479 hs
0 ozone
0 uva
0 uvb
0 uve
[Value]
0
336
335
335
336
336
334
337
365
366
380
377
369
371
385
379
379
363
379
379
376
370
399
387
388
369
400
390
382
385
405
383
381
371
403
388
393
368
398
396
375
371
404
390
388
369
400
400
384
371
391
382
373
378
402
388
372
371
399
391
387
370
395
384
379
370
413
385
384
369
398
380
376
381
406
395
383
372
390
385
388
375
405
391
380
374
401
390
371
375
401
388
379
376
400
395
372
368
409
384
371
371
389
387
378
372
400
387
380
368
399
392
378
375
400
390
378
373
401
387
383
381
409
400
385
378
392
389
381
371
389
383
380
372
405
401
378
379
395
389
388
381
398
394
379
376
399
388
373
395
394
389
374
370
409
389
390
369
403
394
372
370
397
391
390
387
402
393
396
372
398
394
385
390
395
392
378
379
401
383
379
369
399
394
382
376
416
396
388
381
391
410
376
381
402
401
386
378
407
387
385
375
395
391
383
372
401
387
385
376
401
390
371
386
393
386
380
367
391
396
390
371
405
394
385
377
394
384
380
368
399
384
378
375
395
394
382
378
401
389
391
375
398
395
382
381
405
385
388
374
395
390
382
372
398
399
379
383
411
387
375
387
400
395
389
366
392
386
389
369
390
386
376
384
400
391
379
378
417
399
383
371
392
398
385
369
398
385
383
379
393
400
383
370
394
393
381
377
400
389
389
371
396
396
387
384
400
383
385
363
397
401
395
374
404
389
380
379
393
392
377
377
394
392
377
378
400
387
390
376
404
386
383
377
400
388
393
370
406
404
377
377
395
399
379
382
398
397
383
375
407
393
376
379
396
389
375
377
408
386
397
381
404
386
397
375
422
389
386
380
392
397
390
374
396
397
383
378
402
392
384
373
392
387
382
383
396
389
381
375
392
394
380
369
402
389
384
368
397
399
385
374
405
395
387
375
405
381
387
375
401
391
380
372
395
393
392
377
403
387
385
386
392
391
381
375
398
392
390
377
394
395
375
364
421
392
376
380
399
393
386
380
391
393
380
376
395
394
387
369
401
388
382
383
395
385
386
381
396
396
395
372
403
390
382
382
398
393
379
376
401
391
387
373
399
385
388
386
400
394
394
383
397
387
386
379
401
389
382
379
395
389
387
377
405
385
387
375
417
386
392
381
405
386
376
388
393
394
381
379
395
386
387
371
411
392
384
388
398
385
385
383
395
394
387
376
393
393
386
392
396
388
386
380
396
387
387
384
396
391
385
383
394
392
391
376
397
389
381
373
394
386
391
378
397
394
398
388
401
390
380
381
402
388
386
385
405
394
383
380
399
387
389
372
398
393
390
383
392
392
380
380
402
398
381
385
398
394
380
382
399
390
382
388
408
385
390
377
395
388
390
388
413
389
387
382
397
388
385
382
398
389
382
385
412
392
378
383
397
390
396
375
402
388
385
378
408
388
376
384
397
391
403
376
398
390
382
373
402
393
381
375
394
396
372
376
399
382
399
384
401
389
385
375
398
391
380
369
401
390
382
384
395
388
387
384
408
397
386
370
401
390
387
385
411
391
386
385
400
385
382
374
398
382
389
377
396
387
392
386
406
389
388
364
391
394
383
377
393
391
389
383
386
389
384
385
393
389
385
376
403
394
386
386
396
383
385
387
394
396
388
378
401
400
382
387
399
390
394
389
398
390
389
432
402
397
400
380
403
393
389
383
400
388
384
384
402
389
390
384
400
389
391
381
402
388
396
385
400
391
386
389
405
401
393
378
403
383
383
384
414
397
396
384
404
392
388
384
399
396
383
389
403
391
389
383
405
390
394
381
399
393
393
374
402
387
390
386
396
394
392
386
414
389
389
388
402
390
387
385
402
396
394
386
414
396
399
397
404
394
403
386
410
399
405
393
399
404
393
390
403
402
394
395
408
401
395
384
406
394
407
392
407
400
391
394
401
399
392
390
408
403
401
399
406
400
391
387
414
401
402
401
412
402
399
388
413
401
405
400
415
407
404
395
409
409
408
410
419
405
401
398
411
402
402
402
415
407
405
402
420
403
406
401
415
416
410
402
418
404
402
403
412
412
410
404
427
416
415
406
421
414
413
413
425
418
424
412
427
420
416
414
436
422
431
411
435
424
423
417
429
426
424
417
434
426
436
411
435
421
437
418
436
429
426
425
444
437
422
421
440
446
432
424
440
433
445
430
443
432
433
435
444
433
443
432
442
438
440
425
437
431
437
433
441
436
448
436
448
434
446
438
446
442
440
437
452
445
439
433
458
457
463
447
466
464
465
463
477
472
471
473
491
489
490
485
508
511
507
497
508
503
508
506
511
508
515
498
518
517
522
498
515
515
506
497
512
501
500
493
515
507
505
504
515
513
522
515
531
522
519
532
535
538
533
536
547
543
547
542
552
551
562
561
578
563
559
567
582
572
572
558
571
571
568
560
574
567
564
560
581
569
565
560
579
571
571
564
584
560
578
576
593
590
590
594
595
583
593
578
604
588
600
581
600
587
588
579
593
585
597
584
597
591
607
591
606
608
605
612
620
618
624
622
633
634
633
620
637
613
624
615
620
614
607
595
604
592
593
589
596
579
583
576
588
590
594
591
597
602
612
599
618
612
630
620
645
651
652
655
669
669
675
673
691
695
698
693
710
712
724
725
736
729
738
733
752
734
747
746
765
747
757
743
761
737
751
736
739
727
720
710
708
698
694
687
692
681
697
678
687
678
696
692
712
707
720
715
746
746
764
766
797
805
807
796
820
813
832
805
824
825
819
814
830
819
822
803
840
808
820
804
815
805
811
810
811
813
828
829
851
848
854
860
878
878
896
896
926
923
952
946
965
962
985
987
997
997
1004
1018
1026
1020
1022
1024
1029
1018
1027
1005
999
992
974
975
981
959
950
936
944
940
943
932
949
938
952
942
961
954
975
968
1002
987
1017
991
1008
997
1004
988
1007
993
991
976
983
969
967
946
949
926
921
907
919
890
881
882
884
875
888
871
902
901
908
893
908
898
921
918
950
947
958
960
971
959
980
966
982
974
985
980
989
992
999
997
1001
1008
1020
1010
1034
1035
1037
1048
1066
1056
1068
1073
1087
1081
1087
1073
1080
1061
1072
1053
1070
1048
1049
1041
1058
1039
1043
1033
1051
1046
1053
1034
1053
1046
1061
1050
1068
1066
1083
1086
1107
1101
1116
1136
1160
1163
1189
1203
1219
1224
1237
1252
1278
1290
1315
1313
1337
1329
1342
1344
1357
1351
1363
1356
1350
1350
1355
1340
1352
1351
1352
1339
1364
1346
1356
1336
1353
1342
1347
1340
1350
1357
1358
1343
1346
1339
1339
1313
1318
1328
1328
1304
1302
1305
1298
1294
1312
1308
1322
1313
1328
1320
1338
1339
1350
1350
1361
1352
1358
1365
1368
1345
1364
1346
1346
1333
1356
1340
1360
1361
1389
1392
1417
1431
1461
1481
1515
1537
1568
1591
1612
1622
1662
1680
1719
1729
1782
1794
1808
1818
1852
1847
1863
1843
1864
1864
1871
1898
1916
1901
1900
1916
1892
1879
1878
1867
1854
1842
1840
1822
1814
1783
1767
1723
1717
1685
1689
1650
1637
1607
1593
1570
1545
1524
1527
1501
1501
1474
1495
1476
1484
1480
1505
1506
1528
1521
1535
1547
1542
1539
1553
1551
1575
1580
1595
1591
1598
1570
1591
1582
1590
1585
1568
1562
1549
1543
1534
1520
1501
1485
1462
1432
1423
1406
1405
1400
1396
1383
1388
1376
1403
1385
1409
1417
1451
1461
1484
1498
1503
1513
1538
1510
1517
1499
1491
1474
1473
1437
1438
1416
1410
1403
1397
1393
1383
1371
1361
1364
1363
1354
1353
1350
1360
1348
1382
1378
1411
1410
1429
1444
1458
1471
1491
1497
1517
1515
1535
1523
1516
1513
1520
1507
1508
1511
1522
1519
1527
1524
1541
1526
1549
1533
1558
1550
1560
1571
1582
1594
1613
1637
1646
1637
1655
1634
1634
1601
1588
1556
1524
1493
1480
1446
1439
1414
1411
1398
1394
1381
1407
1381
1393
1401
1408
1410
1418
1437
1468
1460
1469
1470
1464
1474
1484
1470
1466
1448
1435
1407
1413
1403
1389
1398
1396
1402
1428
1437
1471
1477
1528
1536
1577
1582
1620
1633
1638
1639
1657
1648
1662
1656
1691
1680
1684
1670
1674
1668
1681
1664
1650
1653
1658
1651
1696
1692
1702
1701
1736
1756
1771
1805
1828
1842
1841
1850
1866
1854
1868
1853
1854
1830
1814
1813
1811
1787
1798
1792
1801
1799
1811
1817
1815
1818
1814
1819
1836
1846
1884
1902
1928
1936
1975
1973
2000
1993
2003
2006
1995
1986
1982
1962
1948
1934
1900
1870
1865
1821
1827
1801
1798
1777
1780
1773
1774
1770
1787
1777
1798
1783
1795
1760
1765
1751
1743
1726
1719
1713
1709
1698
1709
1699
1696
1683
1697
1697
1701
1705
1723
1709
1742
1725
1748
1753
1770
1765
1772
1763
1764
1762
1770
1765
1776
1749
1752
1738
1737
1703
1713
1700
1700
1700
1723
1707
1716
1713
1727
1740
1748
1752
1736
1733
1721
1720
1729
1730
1726
1719
1727
1706
1714
1697
1684
1676
1667
1626
1628
1588
1578
1552
1519
1510
1481
1458
1455
1402
1386
1350
1333
1328
1311
1307
1297
1291
1296
1283
1311
1307
1323
1325
1362
1385
1431
1444
1486
1505
1516
1518
1555
1550
1551
1552
1566
1587
1597
1589
1621
1602
1637
1610
1637
1613
1620
1622
1610
1608
1610
1605
1610
1604
1612
1585
1602
1583
1590
1568
1575
1569
1582
1579
1589
1585
1598
1593
1617
1613
1626
1629
1665
1665
1698
1720
1743
1760
1780
1784
1795
1794
1813
1784
1793
1789
1792
1773
1783
1760
1747
1719
1708
1687
1686
1674
1673
1656
1668
1646
1648
1651
1664
1658
1685
1695
1704
1708
1732
1737
1752
1758
1794
1795
1816
1821
1829
1830
1854
1852
1881
1875
1889
1878
1891
1888
1870
1879
1873
1871
1861
1848
1841
1828
1813
1799
1795
1777
1788
1761
1737
1723
1715
1687
1703
1695
1699
1723
1743
1780
1802
1821
1861
1880
1904
1913
1958
1967
1999
2018
2052
2082
2110
2129
2169
2181
2224
2237
2267
2264
2265
2235
2251
2216
2212
2178
2156
2144
2132
2112
2100
2067
2056
2033
2028
2011
1990
1977
1970
1962
1975
1950
1958
1957
1964
1965
1995
1998
2023
2019
2036
2032
2012
2007
2002
2004
2022
2017
2027
2033
2037
2015
2001
1956
1936
1897
1876
1829
1807
1802
1806
1787
1782
1782
1803
1802
1827
1829
1870
1855
1888
1887
1927
1953
1983
1985
2033
2040
2062
2069
2073
2073
2062
2039
2033
2028
2015
2017
2042
2049
2061
2057
2077
2087
2088
2092
2115
2099
2117
2091
2108
2103
2091
2092
2109
2097
2116
2098
2124
2087
2071
2057
2054
2058
2054
2040
2043
2033
2019
2005
2012
2006
2000
1991
2010
1986
1986
1974
1980
1983
1983
1988
1993
2002
2012
1993
2002
1985
1964
1959
1963
1930
1927
1911
1926
1909
1906
1896
1908
1900
1908
1880
1879
1851
1834
1827
1807
1787
1776
1757
1758
1742
1717
1686
1671
1634
1598
1550
1546
1503
1494
1481
1466
1461
1474
1496
1512
1526
1565
1546
1570
1576
1596
1606
1628
1651
1671
1698
1718
1712
1725
1697
1711
1691
1672
1631
1629
1623
1604
1586
1573
1548
1516
1491
1473
1442
1422
1392
1391
1388
1375
1365
1382
1374
1400
1399
1447
1480
1498
1527
1578
1592
1623
1644
1716
1749
1790
1814
1877
1923
1956
1997
2040
2076
2086
2118
2155
2161
2202
2195
2220
2235
2252
2267
2286
2282
2285
2279
2301
2285
2274
2250
2240
2221
2212
2197
2190
2163
2159
2132
2138
2090
2054
2031
2008
1979
1952
1937
1948
1937
1933
1925
1957
1938
1933
1946
1961
1967
1979
1985
2010
2015
2040
2049
2078
2072
2076
2048
2046
2024
1996
1977
1982
1970
1964
1979
1995
2009
2028
2031
2040
2030
2055
2070
2128
2166
2213
2260
2340
2383
2454
2468
2518
2541
2579
2549
2560
2535
2490
2465
2465
2426
2400
2374
2362
2327
2300
2269
2240
2207
2185
2159
2147
2146
2138
2126
2151
2166
2204
2228
2291
2328
2348
2373
2402
2408
2434
2439
2457
2450
2429
2414
2426
2415
2396
2380
2390
2367
2346
2293
2282
2258
2239
2227
2218
2201
2199
2184
2203
2186
2209
2203
2251
2242
2268
2277
2292
2297
2287
2276
2294
2295
2314
2302
2350
2354
2373
2378
2410
2411
2431
2429
2461
2464
2469
2473
2515
2529
2526
2540
2566
2543
2545
2534
2547
2506
2487
2473
2481
2464
2456
2419
2425
2405
2395
2375
2361
2361
2354
2356
2387
2372
2373
2373
2400
2386
2387
2381
2406
2390
2398
2377
2406
2392
2387
2397
2399
2395
2372
2335
2329
2293
2277
2251
2260
2204
2197
2170
2162
2139
2124
2093
2116
2081
2069
2060
2064
2048
2036
2033
2065
2029
2063
2052
2076
2084
2096
2111
2143
2149
2167
2185
2203
2222
2232
2249
2279
2295
2291
2313
2349
2364
2365
2363
2397
2376
2375
2369
2393
2379
2404
2380
2399
2389
2407
2411
2459
2450
2463
2448
2454
2450
2443
2413
2410
2391
2370
2343
2331
2290
2248
2220
2203
2161
2133
2105
2113
2092
2073
2066
2090
2074
2078
2088
2141
2160
2209
2212
2251
2272
2334
2358
2435
2442
2491
2522
2543
2547
2514
2486
2482
2447
2408
2350
2339
2275
2219
2177
2158
2130
2111
2084
2093
2106
2114
2103
2116
2090
2104
2122
2172
2221
2239
2262
2316
2350
2371
2379
2435
2437
2437
2412
2416
2388
2341
2311
2277
2238
2187
2151
2127
2085
2039
1974
1947
1870
1830
1791
1799
1760
1751
1736
1761
1745
1782
1807
1869
1911
1980
2020
2096
2140
2175
2183
2209
2217
2208
2200
2213
2179
2133
2061
2027
1954
1898
1862
1856
1855
1850
1849
1905
1927
1966
1998
2082
2153
2208
2268
2360
2426
2493
2545
2607
2658
2670
2683
2724
2716
2694
2684
2687
2648
2633
2608
2588
2549
2500
2471
2429
2385
2337
2309
2299
2271
2265
2263
2272
2274
2275
2248
2267
2263
2261
2258
2278
2281
2280
2276
2324
2343
2351
2373
2406
2405
2426
2447
2485
2514
2529
2548
2596
2628
2636
2632
2649
2669
2669
2698
2748
2754
2764
2773
2815
2809
2820
2823
2849
2852
2864
2862
2917
2912
2904
2899
2895
2850
2826
2784
2772
2736
2700
2670
2647
2592
2546
2501
2478
2458
2421
2378
2383
2356
2299
2284
2278
2235
2218
2204
2221
2189
2187
2155
2162
2129
2109
2088
2072
2036
2016
1984
1996
1975
1966
1957
1980
1985
2001
1998
2055
2048
2066
2102
2137
2156
2169
2187
2222
2248
2235
2257
2300
2293
2306
2298
2313
2319
2307
2310
2345
2308
2304
2275
2282
2249
2218
2206
2202
2170
2120
2088
2078
2042
2006
1976
1982
1954
1934
1899
1888
1842
1798
1750
1749
1738
1700
1694
1702
1678
1683
1655
1661
1619
1621
1584
1597
1556
1527
1493
1512
1498
1496
1470
1493
1500
1493
1477
1499
1481
1458
1438
1451
1417
1399
1386
1408
1392
1388
1379
1394
1397
1399
1391
1405
1395
1375
1367
1391
1366
1356
1339
1368
1360
1369
1382
1418
1436
1467
1482
1540
1557
1572
1596
1648
1666
1700
1730
1786
1817
1866
1891
1933
1954
1975
2000
2026
2009
2017
2013
2030
2025
2028
2017
2039
2054
2017
2012
2040
2025
2008
1980
1976
1968
1932
1924
1926
1909
1876
1856
1869
1821
1808
1773
1776
1754
1752
1735
1789
1777
1795
1814
1843
1857
1876
1889
1950
1938
1941
1946
1989
2013
2023
2067
2109
2114
2111
2089
2106
2079
2050
2037
2006
1969
1914
1878
1919
1945
1942
1943
1957
1953
1959
1944
1966
1952
1942
1944
1986
1990
2008
2022
2056
2092
2068
2046
2055
2049
2032
2008
2019
2003
1996
1970
1975
1956
1923
1900
1941
1945
1929
1924
1934
1911
1895
1898
1909
1936
1964
1976
2031
2023
2021
2033
2080
2102
2108
2136
2186
2210
2245
2249
2290
2305
2313
2354
2396
2394
2409
2399
2413
2396
2389
2383
2408
2386
2388
2368
2385
2360
2354
2333
2354
2329
2309
2262
2257
2243
2234
2212
2226
2221
2223
2226
2233
2244
2224
2221
2254
2262
2270
2269
2328
2346
2362
2393
2422
2454
2463
2461
2472
2474
2479
2476
2492
2446
2465
2427
2415
2407
2374
2320
2296
2254
2192
2165
2158
2121
2108
2095
2098
2069
2049
2040
2044
1996
1972
1935
1950
1904
1886
1843
1823
1782
1755
1719
1711
1640
1594
1553
1523
1457
1404
1345
1303
1242
1202
1144
1126
1073
1044
1005
1007
987
963
951
972
964
979
1001
1034
1050
1079
1109
1156
1195
1220
1245
1294
1283
1297
1296
1339
1355
1376
1405
1446
1468
1505
1525
1558
1585
1604
1630
1655
1671
1687
1711
1739
1755
1785
1777
1821
1842
1841
1848
1856
1832
1827
1801
1807
1803
1791
1803
1828
1826
1816
1817
1838
1833
1823
1824
1832
1811
1787
1761
1762
1741
1711
1685
1675
1619
1596
1554
1554
1496
1461
1422
1401
1338
1302
1246
1221
1159
1130
1086
1073
1036
1020
1008
994
984
981
969
985
984
989
1006
1054
1065
1092
1131
1184
1218
1245
1267
1327
1347
1369
1391
1451
1477
1521
1554
1622
1657
1713
1731
1766
1800
1794
1809
1855
1859
1870
1891
1914
1899
1922
1923
1933
1931
1918
1913
1942
1935
1939
1941
1977
1991
1995
1991
2027
2038
2025
2038
2085
2069
2066
2045
2075
2063
2049
2027
2030
2012
1995
1967
1989
1997
1995
1994
2010
2016
2007
2013
2040
2015
2036
2045
2088
2089
2101
2080
2102
2102
2102
2094
2110
2079
2074
2085
2085
2081
2085
2078
2076
2064
2063
2059
2068
2061
2072
2068
2092
2099
2107
2118
2136
2147
2158
2166
2178
2175
2174
2171
2167
2141
2131
2114
2134
2128
2146
2168
2178
2188
2182
2179
2201
2179
2177
2153
2183
2191
2181
2161
2174
2175
2176
2178
2192
2160
2172
2175
2179
2173
2152
2133
2141
2130
2105
2093
2074
2057
2059
2037
2044
2010
1980
1970
1978
1949
1938
1906
1926
1907
1895
1897
1921
1928
1948
1958
1980
1974
1989
1986
2016
2022
2034
2039
2064
2053
2044
2018
2019
1992
1950
1896
1895
1829
1785
1781
1795
1785
1789
1770
1768
1772
1760
1768
1779
1759
1751
1739
1764
1765
1774
1770
1791
1804
1813
1799
1839
1807
1814
1782
1796
1769
1760
1732
1747
1723
1694
1688
1698
1689
1674
1656
1665
1647
1633
1611
1617
1586
1592
1570
1579
1558
1547
1534
1541
1533
1529
1512
1549
1509
1507
1504
1524
1523
1514
1505
1518
1520
1508
1519
1531
1507
1499
1501
1508
1489
1496
1472
1494
1465
1457
1439
1447
1457
1415
1402
1407
1390
1401
1389
1403
1397
1397
1387
1399
1388
1380
1371
1394
1394
1381
1369
1374
1381
1391
1376
1409
1406
1432
1411
1433
1436
1417
1411
1436
1421
1421
1420
1430
1436
1415
1414
1423
1440
1425
1403
1418
1400
1390
1363
1368
1357
1344
1319
1313
1299
1292
1285
1275
1251
1252
1231
1230
1202
1168
1152
1147
1127
1118
1096
1126
1113
1107
1096
1126
1112
1116
1110
1130
1135
1136
1125
1153
1141
1159
1165
1197
1192
1216
1191
1204
1198
1212
1208
1232
1235
1225
1220
1247
1240
1231
1223
1243
1253
1238
1234
1250
1239
1219
1236
1226
1208
1218
1186
1225
1222
1216
1214
1228
1213
1206
1207
1225
1199
1190
1181
1190
1170
1161
1157
1174
1166
1177
1169
1189
1180
1170
1168
1176
1161
1158
1146
1158
1135
1129
1115
1128
1121
1121
1103
1134
1120
1113
1124
1134
1120
1138
1118
1138
1137
1144
1150
1164
1157
1155
1146
1177
1148
1134
1133
1149
1133
1120
1098
1119
1105
1100
1107
1119
1109
1102
1102
1122
1104
1101
1094
1110
1105
1104
1099
1125
1110
1110
1114
1122
1110
1105
1090
1104
1097
1093
1080
1089
1065
1074
1058
1085
1079
1061
1063
1094
1073
1062
1077
1082
1082
1079
1087
1085
1096
1091
1100
1107
1107
1096
1089
1093
1096
1094
1091
1101
1082
1091
1072
1095
1077
1072
1052
1083
1052
1040
1028
1049
1032
1031
1017
1021
1013
1004
991
1020
1004
1009
979
975
952
896
701
333
335
335
335
335
337
337
335
1050
1015
333
336
335
0
0

