;UFOS3
;Measurement details: channel = Z, date = 01.06.2018, time = 05:37:40
Exposure=401
Gain=0
Temperature=15.1
Accummulate=4
1.886 mu
1.903 amas
31.727 hs
0 ozone
0 uva
0 uvb
0 uve
[Value]
0
339
338
336
336
339
337
338
369
369
387
379
373
375
391
381
383
366
386
385
379
372
404
391
390
371
411
396
387
387
413
392
383
373
408
394
400
371
405
401
377
370
411
395
392
371
408
405
386
370
398
387
373
377
408
395
373
373
404
393
391
370
401
390
382
370
418
391
385
370
405
384
378
383
413
402
385
375
399
393
388
378
414
394
383
376
409
399
374
379
408
395
379
379
409
400
372
369
415
391
373
374
396
393
383
371
406
392
384
370
404
399
379
378
407
395
381
377
405
393
385
383
418
402
387
381
400
395
384
376
395
388
382
372
412
408
380
381
402
396
393
381
402
400
380
375
402
393
375
398
401
396
373
370
418
398
391
372
408
403
373
374
401
397
394
389
407
402
400
374
407
399
388
394
402
396
378
382
412
388
381
370
407
403
385
378
425
401
389
383
396
417
379
384
408
408
387
378
415
394
389
376
405
397
388
375
405
390
388
379
408
398
374
391
399
395
384
370
400
403
396
373
411
400
387
380
399
390
381
369
406
392
379
376
404
400
384
380
406
395
395
377
403
398
384
385
410
391
393
378
403
393
385
374
405
407
386
387
418
394
376
392
408
400
391
367
399
391
391
370
398
393
376
385
409
397
382
383
424
405
386
377
399
404
388
371
406
392
387
380
396
405
387
375
401
400
383
377
409
394
390
373
405
401
388
387
405
390
388
367
404
405
399
378
411
397
384
381
403
399
377
380
400
398
381
380
406
390
396
379
411
393
387
379
406
393
399
371
415
407
382
378
401
407
380
384
405
406
387
380
415
402
381
383
402
390
380
378
414
389
399
382
410
393
399
376
427
394
391
382
398
402
393
377
400
405
386
379
410
398
387
378
398
393
385
385
404
394
386
378
402
404
383
374
407
394
387
369
404
406
389
375
415
404
393
378
411
387
389
379
406
395
383
373
401
395
395
382
409
394
389
390
399
396
380
376
403
398
391
380
401
399
378
367
426
397
377
383
403
397
387
382
397
397
380
380
401
400
390
372
410
390
386
387
401
392
387
386
403
401
397
376
410
396
386
384
406
400
382
382
409
397
389
374
404
388
389
390
409
399
399
387
402
394
387
382
408
394
383
385
402
393
390
379
410
388
391
377
416
394
397
386
413
390
376
392
396
401
383
380
402
391
390
374
416
396
384
392
406
391
386
384
402
395
390
376
399
397
386
397
404
393
390
386
402
395
391
389
403
398
388
388
400
395
395
378
402
395
380
375
403
393
392
380
403
399
402
392
409
393
380
383
408
397
389
390
411
400
387
381
406
393
392
375
404
400
391
387
398
398
385
385
408
401
384
386
406
399
381
387
405
398
384
391
417
387
395
380
402
395
394
393
418
393
390
383
403
389
388
384
404
394
383
389
417
396
381
386
407
394
398
378
410
392
390
380
415
395
379
387
402
394
407
382
404
392
384
376
407
398
382
377
403
400
374
378
404
384
404
385
403
394
386
378
404
396
381
373
407
396
385
385
402
394
389
389
415
400
390
374
407
391
391
390
415
397
389
389
407
390
384
378
403
386
394
378
403
393
393
389
415
392
389
368
397
400
387
380
398
396
391
385
392
392
385
385
401
393
384
378
409
399
389
387
404
386
386
392
397
402
392
381
406
404
384
392
406
393
397
395
402
395
393
441
410
402
404
383
408
398
391
388
407
391
385
388
407
394
395
387
409
396
394
385
409
394
398
387
407
396
389
390
408
407
398
382
411
390
385
387
418
405
400
387
408
396
389
388
407
401
388
393
409
398
394
391
411
396
398
387
408
400
394
380
408
397
395
394
403
404
397
392
423
399
397
390
408
398
388
390
409
402
398
389
420
403
401
402
412
402
408
391
418
408
414
401
414
415
402
401
415
416
407
408
424
416
408
398
421
412
423
409
429
418
410
411
425
418
412
411
431
424
425
419
428
421
414
405
434
422
422
419
432
423
416
407
431
420
423
418
440
430
425
416
434
435
433
441
449
433
428
428
448
436
435
439
456
449
442
440
465
448
452
445
464
464
455
451
471
456
451
448
462
463
453
450
469
461
456
445
466
455
455
455
469
455
462
452
471
464
458
456
479
465
473
455
485
469
471
468
485
477
478
472
494
486
500
473
505
488
508
484
510
507
502
504
528
520
505
506
531
536
519
516
531
525
538
526
542
530
529
530
541
532
543
527
542
536
538
527
545
538
537
530
542
532
548
535
547
534
548
537
551
541
535
535
547
540
527
520
545
542
552
530
552
546
546
543
558
548
547
553
574
572
567
562
586
586
575
568
588
582
586
585
599
595
600
588
622
623
631
615
642
645
643
639
665
663
669
671
706
706
705
708
735
734
747
742
762
759
760
777
780
785
781
784
798
794
792
786
795
798
805
802
819
806
793
797
814
802
796
790
809
811
812
803
827
824
827
822
848
844
842
831
857
853
854
851
880
858
866
872
895
897
896
901
910
899
900
894
926
910
926
904
934
914
917
901
915
916
923
918
930
927
946
927
949
948
947
959
975
978
984
988
1001
1003
1001
984
1006
981
989
976
988
978
978
965
980
972
983
985
992
987
993
996
1017
1026
1046
1056
1077
1077
1091
1077
1098
1091
1097
1068
1089
1086
1068
1057
1053
1033
1014
995
995
988
966
942
949
938
937
931
933
928
938
934
964
941
963
968
1005
1000
1020
1032
1075
1059
1096
1099
1115
1115
1125
1133
1150
1155
1161
1164
1180
1175
1205
1195
1220
1211
1234
1238
1265
1249
1266
1259
1283
1284
1280
1288
1292
1291
1270
1238
1239
1219
1220
1181
1184
1180
1158
1157
1166
1144
1164
1142
1179
1151
1167
1159
1174
1185
1196
1214
1247
1263
1305
1326
1368
1368
1389
1398
1425
1418
1438
1424
1433
1424
1443
1429
1434
1420
1418
1407
1420
1409
1394
1401
1398
1397
1391
1399
1413
1406
1433
1437
1455
1469
1478
1499
1530
1530
1551
1559
1598
1618
1635
1646
1685
1698
1724
1718
1757
1755
1790
1791
1823
1809
1846
1817
1818
1802
1796
1765
1772
1741
1713
1686
1676
1641
1625
1599
1592
1574
1564
1542
1552
1543
1553
1563
1589
1587
1610
1610
1654
1666
1675
1671
1694
1689
1712
1708
1721
1716
1723
1716
1713
1674
1670
1629
1624
1585
1555
1517
1503
1486
1465
1446
1433
1423
1428
1416
1448
1425
1431
1447
1461
1438
1448
1450
1484
1474
1505
1507
1517
1508
1538
1547
1583
1581
1599
1602
1632
1624
1634
1642
1666
1666
1686
1679
1709
1702
1721
1723
1727
1711
1723
1706
1725
1714
1704
1704
1710
1691
1695
1702
1687
1673
1669
1658
1659
1656
1673
1659
1672
1665
1679
1668
1686
1672
1670
1673
1682
1693
1713
1726
1753
1763
1792
1794
1830
1838
1876
1876
1914
1946
1970
1974
2000
2013
2038
2028
2047
2042
2034
2020
2028
2025
2050
2038
2048
2065
2058
2068
2097
2089
2104
2094
2127
2127
2152
2159
2164
2172
2168
2178
2187
2182
2190
2169
2184
2175
2154
2140
2148
2123
2128
2110
2130
2115
2119
2121
2136
2143
2171
2189
2203
2196
2196
2195
2197
2192
2211
2195
2222
2203
2227
2226
2250
2232
2245
2215
2242
2237
2238
2268
2294
2288
2299
2346
2356
2377
2407
2428
2450
2479
2504
2547
2586
2605
2661
2672
2695
2725
2762
2770
2782
2789
2791
2764
2757
2736
2722
2706
2711
2701
2713
2692
2691
2698
2714
2710
2715
2691
2700
2692
2675
2656
2649
2613
2606
2583
2566
2536
2509
2454
2441
2389
2384
2365
2351
2337
2333
2323
2303
2275
2249
2209
2199
2153
2139
2110
2117
2110
2105
2099
2117
2107
2139
2134
2160
2185
2219
2242
2271
2295
2319
2332
2360
2353
2351
2341
2335
2321
2314
2294
2296
2275
2278
2256
2253
2238
2228
2197
2205
2200
2207
2185
2180
2180
2189
2181
2220
2207
2240
2226
2223
2218
2215
2205
2189
2167
2163
2144
2133
2116
2101
2088
2084
2080
2074
2059
2067
2045
2043
2028
2040
2019
2035
2029
2039
2042
2068
2076
2101
2120
2143
2180
2201
2206
2230
2224
2254
2251
2250
2251
2232
2231
2221
2216
2229
2238
2248
2246
2241
2240
2262
2244
2261
2275
2266
2278
2304
2322
2358
2349
2362
2364
2365
2373
2367
2317
2298
2265
2226
2172
2147
2110
2075
2067
2036
2027
2022
2007
2021
1997
2025
2020
2038
2026
2061
2062
2081
2099
2138
2144
2166
2160
2190
2169
2172
2138
2118
2096
2082
2045
2025
2002
1997
1974
2014
2025
2048
2070
2124
2158
2202
2235
2292
2318
2339
2366
2379
2375
2397
2413
2431
2446
2450
2462
2465
2466
2466
2470
2468
2465
2473
2470
2480
2485
2504
2515
2524
2549
2584
2612
2643
2664
2690
2680
2704
2686
2677
2670
2657
2641
2598
2569
2552
2528
2502
2472
2472
2446
2472
2477
2504
2509
2540
2547
2560
2573
2625
2659
2716
2747
2805
2812
2856
2881
2908
2902
2910
2893
2889
2887
2884
2864
2851
2815
2805
2772
2741
2724
2726
2661
2664
2611
2601
2585
2583
2580
2591
2555
2540
2528
2526
2508
2484
2458
2447
2418
2423
2393
2423
2394
2398
2385
2392
2388
2389
2399
2387
2404
2419
2429
2436
2457
2477
2484
2491
2509
2511
2497
2504
2500
2493
2490
2472
2485
2467
2424
2433
2400
2412
2397
2387
2403
2403
2394
2429
2413
2435
2422
2425
2422
2407
2405
2391
2396
2395
2394
2414
2397
2395
2372
2359
2342
2330
2284
2278
2251
2206
2148
2141
2093
2040
2012
1974
1946
1898
1852
1844
1796
1802
1745
1765
1741
1736
1741
1721
1750
1767
1788
1818
1865
1909
1933
1995
2031
2070
2088
2116
2134
2164
2180
2198
2195
2250
2253
2284
2282
2291
2291
2314
2305
2313
2294
2309
2289
2276
2258
2247
2233
2235
2193
2207
2182
2188
2167
2165
2144
2145
2150
2149
2142
2154
2152
2174
2172
2192
2208
2228
2244
2263
2282
2325
2336
2355
2377
2404
2408
2402
2393
2419
2405
2402
2405
2401
2384
2380
2346
2353
2307
2312
2280
2283
2270
2269
2267
2265
2246
2251
2237
2257
2271
2272
2268
2268
2265
2288
2282
2291
2303
2308
2310
2335
2338
2332
2350
2374
2387
2388
2386
2406
2412
2400
2369
2383
2371
2374
2389
2385
2385
2378
2367
2396
2396
2412
2411
2414
2386
2370
2339
2333
2299
2308
2308
2318
2342
2370
2381
2411
2428
2454
2475
2523
2548
2569
2605
2635
2667
2700
2725
2765
2794
2820
2841
2877
2882
2897
2865
2865
2845
2816
2806
2783
2756
2764
2745
2744
2730
2726
2685
2674
2637
2618
2593
2597
2578
2559
2568
2577
2549
2563
2560
2585
2581
2618
2619
2659
2650
2686
2676
2690
2709
2722
2706
2724
2722
2695
2668
2616
2566
2509
2451
2400
2356
2301
2272
2269
2262
2250
2263
2285
2287
2301
2310
2350
2358
2397
2371
2395
2411
2426
2446
2483
2507
2547
2542
2595
2560
2572
2567
2570
2541
2528
2517
2511
2524
2509
2508
2512
2522
2522
2514
2534
2545
2550
2547
2561
2572
2582
2596
2615
2625
2654
2659
2684
2674
2655
2633
2634
2612
2597
2579
2604
2569
2559
2539
2528
2495
2480
2454
2446
2418
2387
2394
2379
2359
2345
2324
2331
2322
2311
2271
2270
2243
2224
2180
2181
2148
2143
2147
2134
2133
2133
2159
2178
2209
2226
2207
2208
2193
2184
2152
2148
2157
2138
2140
2134
2111
2116
2059
2053
2013
1986
1943
1922
1888
1861
1834
1833
1807
1814
1819
1845
1847
1862
1853
1871
1872
1855
1851
1871
1860
1873
1869
1902
1908
1891
1885
1903
1858
1850
1814
1832
1814
1811
1775
1786
1771
1725
1712
1689
1661
1622
1600
1600
1583
1586
1569
1597
1604
1621
1624
1681
1706
1729
1766
1808
1834
1866
1888
1938
1978
2011
2067
2129
2151
2212
2245
2307
2335
2358
2398
2434
2454
2451
2466
2486
2484
2500
2502
2529
2518
2516
2508
2509
2495
2486
2450
2446
2416
2395
2370
2362
2335
2317
2288
2275
2235
2195
2145
2143
2098
2085
2091
2096
2080
2102
2103
2121
2114
2133
2127
2168
2181
2195
2202
2245
2243
2286
2290
2306
2318
2311
2272
2279
2251
2240
2205
2202
2191
2172
2179
2189
2193
2198
2194
2200
2186
2205
2209
2251
2291
2341
2373
2447
2485
2537
2574
2629
2679
2683
2690
2696
2674
2639
2618
2595
2563
2534
2509
2510
2468
2433
2383
2382
2354
2327
2294
2303
2286
2288
2290
2319
2319
2379
2407
2465
2493
2524
2547
2588
2581
2612
2593
2602
2591
2555
2505
2497
2458
2447
2384
2387
2348
2299
2266
2255
2222
2189
2162
2174
2154
2153
2148
2176
2191
2204
2210
2242
2255
2283
2284
2335
2331
2344
2349
2403
2435
2459
2463
2506
2527
2558
2571
2583
2609
2621
2634
2664
2650
2645
2654
2676
2666
2656
2627
2645
2634
2634
2608
2622
2615
2580
2584
2576
2562
2551
2515
2523
2487
2487
2438
2462
2423
2408
2391
2390
2374
2350
2338
2362
2331
2313
2296
2317
2308
2312
2302
2326
2294
2300
2283
2311
2294
2286
2274
2286
2267
2242
2219
2227
2220
2206
2202
2207
2181
2157
2155
2164
2151
2147
2125
2137
2123
2095
2081
2096
2073
2079
2057
2088
2078
2079
2085
2132
2134
2145
2153
2176
2194
2210
2223
2259
2289
2297
2316
2356
2364
2362
2378
2405
2404
2384
2384
2399
2382
2339
2320
2320
2277
2258
2230
2258
2244
2247
2211
2229
2201
2210
2179
2213
2175
2173
2152
2146
2141
2096
2061
2058
2047
2040
2003
2033
2028
2024
2015
2041
2058
2099
2111
2158
2194
2236
2250
2290
2304
2334
2351
2392
2430
2412
2422
2427
2409
2392
2366
2380
2345
2305
2269
2248
2210
2170
2152
2124
2104
2078
2047
2064
2069
2062
2029
2046
2012
2008
1999
2025
1996
1990
1975
1996
1968
1985
1990
2039
2042
2061
2080
2116
2116
2106
2085
2078
2053
2017
1993
1996
1952
1917
1855
1840
1785
1754
1754
1761
1756
1754
1758
1819
1855
1892
1917
1986
2038
2054
2088
2146
2165
2189
2187
2231
2231
2210
2190
2200
2168
2114
2071
2054
1988
1957
1928
1894
1863
1852
1850
1864
1863
1864
1882
1918
1936
1978
2011
2060
2098
2128
2148
2197
2227
2248
2270
2309
2318
2318
2310
2345
2356
2328
2316
2314
2279
2276
2228
2246
2238
2212
2196
2209
2214
2193
2171
2201
2205
2212
2222
2267
2253
2242
2240
2273
2265
2257
2242
2288
2287
2287
2297
2342
2334
2352
2357
2387
2381
2395
2398
2420
2424
2435
2449
2480
2490
2499
2501
2532
2557
2542
2541
2576
2591
2584
2597
2616
2598
2605
2608
2640
2637
2628
2596
2617
2609
2587
2572
2571
2518
2486
2446
2444
2402
2358
2322
2307
2268
2232
2186
2189
2134
2092
2085
2075
2044
2014
1987
1999
1992
1962
1943
1954
1928
1918
1900
1895
1874
1836
1828
1851
1810
1797
1785
1812
1792
1799
1815
1837
1853
1841
1850
1886
1894
1893
1906
1950
1972
1984
1988
2023
2024
2013
2002
2021
2031
2006
2010
2013
1973
1967
1942
1933
1904
1887
1860
1883
1854
1837
1802
1830
1813
1797
1762
1778
1756
1733
1689
1700
1671
1642
1608
1615
1572
1542
1519
1533
1511
1501
1480
1492
1480
1460
1442
1444
1419
1380
1359
1377
1334
1327
1302
1320
1311
1305
1284
1297
1280
1275
1246
1273
1246
1231
1221
1243
1234
1225
1224
1242
1231
1227
1221
1243
1221
1216
1217
1231
1206
1198
1185
1208
1202
1202
1197
1233
1250
1230
1246
1291
1308
1319
1324
1359
1385
1382
1407
1453
1472
1484
1499
1560
1566
1592
1598
1640
1630
1635
1629
1662
1638
1635
1641
1650
1646
1647
1639
1664
1633
1623
1586
1598
1587
1569
1579
1592
1583
1563
1553
1566
1548
1526
1524
1514
1485
1446
1416
1459
1476
1469
1469
1502
1502
1508
1485
1534
1534
1540
1556
1605
1620
1642
1643
1681
1713
1691
1671
1688
1681
1670
1637
1638
1611
1591
1569
1572
1554
1531
1520
1548
1554
1558
1548
1587
1574
1571
1576
1594
1599
1621
1628
1655
1649
1635
1630
1660
1658
1635
1621
1628
1617
1610
1584
1596
1583
1564
1577
1584
1567
1569
1552
1559
1548
1541
1524
1550
1530
1537
1529
1561
1555
1565
1556
1605
1611
1612
1608
1632
1643
1667
1683
1721
1724
1740
1749
1778
1792
1785
1793
1824
1817
1814
1797
1829
1822
1825
1831
1858
1855
1833
1817
1827
1806
1811
1789
1815
1763
1766
1739
1748
1743
1724
1694
1701
1707
1684
1673
1702
1696
1723
1725
1772
1779
1782
1802
1846
1828
1838
1829
1874
1867
1868
1868
1857
1844
1848
1822
1853
1808
1794
1784
1795
1758
1730
1706
1699
1680
1648
1619
1629
1589
1574
1543
1548
1523
1487
1459
1453
1418
1413
1394
1390
1355
1340
1313
1314
1279
1259
1212
1197
1141
1092
1030
1023
980
948
911
909
877
862
835
835
814
807
808
813
798
797
807
830
834
856
854
900
922
938
953
982
985
1003
1009
1031
1049
1051
1078
1116
1131
1136
1148
1181
1186
1208
1216
1242
1245
1239
1250
1276
1300
1292
1307
1342
1334
1340
1344
1379
1371
1370
1376
1402
1385
1390
1375
1399
1375
1383
1367
1377
1358
1360
1354
1349
1343
1332
1320
1326
1299
1279
1268
1280
1239
1213
1190
1199
1161
1131
1087
1095
1047
1008
963
964
923
898
866
873
843
844
809
822
818
789
787
796
797
790
802
829
825
854
858
896
923
929
946
998
1016
1036
1053
1112
1143
1153
1164
1217
1234
1238
1262
1311
1309
1316
1303
1347
1349
1339
1330
1345
1352
1353
1328
1352
1370
1357
1363
1382
1376
1382
1377
1409
1373
1397
1393
1439
1437
1432
1433
1464
1465
1480
1476
1497
1482
1477
1489
1495
1495
1494
1493
1500
1474
1486
1468
1484
1477
1476
1461
1499
1488
1481
1488
1498
1495
1505
1496
1520
1512
1519
1504
1508
1489
1489
1472
1474
1480
1474
1478
1490
1496
1494
1494
1512
1494
1494
1476
1513
1520
1516
1515
1533
1535
1542
1540
1565
1547
1551
1574
1577
1564
1552
1536
1551
1546
1545
1534
1547
1540
1547
1548
1569
1548
1535
1537
1557
1545
1540
1516
1531
1530
1507
1501
1528
1525
1528
1522
1544
1527
1530
1521
1539
1530
1514
1500
1521
1508
1489
1453
1468
1460
1438
1404
1426
1394
1367
1359
1398
1384
1400
1375
1385
1398
1393
1399
1421
1410
1415
1406
1438
1426
1431
1416
1437
1447
1446
1430
1459
1421
1423
1394
1403
1369
1346
1316
1333
1305
1295
1288
1301
1301
1277
1268
1281
1273
1274
1249
1290
1276
1277
1280
1308
1290
1298
1303
1314
1310
1314
1280
1327
1281
1264
1256
1266
1261
1227
1223
1234
1224
1213
1210
1217
1193
1184
1170
1181
1162
1150
1134
1160
1128
1125
1111
1138
1160
1119
1106
1117
1098
1112
1092
1103
1098
1091
1079
1104
1100
1075
1069
1106
1101
1092
1079
1073
1085
1077
1070
1093
1079
1082
1059
1070
1058
1029
1036
1057
1043
1024
1033
1045
1062
1034
1030
1044
1050
1037
1020
1046
1033
1035
1020
1044
1041
1042
1036
1045
1035
1037
1038
1050
1042
1047
1034
1052
1048
1020
1023
1026
1015
1017
997
1038
1021
1017
993
1024
1009
1002
985
993
976
964
950
959
940
937
934
946
920
924
893
891
872
875
852
875
866
843
828
862
846
835
822
843
846
837
837
849
844
840
855
862
860
867
845
879
894
889
891
906
891
885
889
924
890
892
883
908
901
878
877
905
902
906
901
916
910
894
893
916
906
897
890
909
893
895
876
895
890
879
860
889
872
863
864
883
866
874
855
871
858
857
848
870
848
843
831
867
844
825
832
846
836
816
798
824
810
807
815
832
823
807
822
837
824
827
819
843
836
835
833
854
847
837
850
859
851
834
819
838
827
828
814
824
811
805
800
823
815
794
792
823
802
794
797
805
797
799
798
799
815
807
804
807
797
786
773
780
783
778
777
789
777
782
761
787
765
774
760
793
769
761
759
784
777
791
780
796
789
787
779
816
801
815
797
806
790
753
604
336
337
338
334
336
337
337
336
813
774
336
336
337
0
0

