;UFOS3
;Measurement details: channel = Z, date = 01.06.2018, time = 05:57:40
Exposure=377
Gain=0
Temperature=15.4
Accummulate=4
1.769 mu
1.781 amas
34.164 hs
0 ozone
0 uva
0 uvb
0 uve
[Value]
0
339
340
340
338
338
338
339
370
369
387
380
374
377
390
384
386
366
383
387
380
372
405
393
393
373
407
394
386
385
410
391
382
375
407
394
400
370
403
401
379
373
411
395
394
373
407
404
387
373
399
390
376
380
409
394
374
376
403
395
391
373
401
392
384
374
418
390
387
371
403
385
377
385
412
402
385
376
397
391
389
378
413
395
386
379
408
396
375
377
406
393
382
378
408
401
375
370
414
389
372
375
397
392
382
372
407
390
384
373
402
398
383
377
407
394
382
379
404
392
387
384
417
402
388
380
398
395
383
377
394
387
386
375
411
409
382
383
403
395
393
385
402
399
381
378
403
389
375
399
399
394
377
372
414
397
395
373
408
401
374
373
401
398
392
390
407
401
400
375
405
398
388
396
403
398
381
381
411
387
382
373
405
403
387
378
425
400
388
385
396
417
380
384
408
406
388
380
415
394
391
377
402
398
388
376
408
389
389
380
408
396
373
389
398
396
383
371
397
404
395
376
412
399
387
380
398
388
384
372
406
391
379
378
403
402
383
380
408
396
396
378
404
398
385
383
410
389
394
379
402
395
387
374
405
406
384
388
418
395
378
392
409
400
394
369
401
392
390
371
396
393
377
388
410
399
385
383
425
406
389
375
398
403
390
370
407
391
387
380
397
403
387
374
402
399
386
379
405
395
390
374
406
399
390
387
405
391
387
367
406
405
400
378
410
397
385
383
403
399
379
379
399
397
379
382
407
390
395
380
413
395
387
380
407
394
398
373
415
409
381
379
400
406
381
382
405
404
387
380
413
400
379
385
402
393
381
379
412
390
401
381
412
393
401
378
427
397
390
384
399
403
394
378
402
405
388
381
408
396
386
374
398
393
384
385
405
394
386
380
400
401
384
373
409
395
388
373
402
405
390
377
417
405
392
379
411
389
392
381
406
393
382
376
401
398
396
384
408
393
390
391
400
395
383
377
406
397
393
380
403
400
379
368
428
399
378
385
402
400
390
385
396
397
382
380
401
398
389
372
409
392
385
387
400
391
390
386
405
402
397
379
408
396
387
383
404
400
384
380
408
399
389
375
404
390
391
393
410
398
398
386
401
392
389
384
407
394
385
385
401
394
392
381
409
388
390
377
425
390
398
385
412
388
379
392
399
401
385
382
401
391
390
375
416
396
386
393
404
391
388
384
402
394
390
382
400
399
386
396
402
394
390
387
401
394
395
389
403
398
388
389
398
398
399
381
400
396
383
376
401
392
392
383
401
397
402
395
409
394
383
387
406
398
389
390
411
401
387
381
407
395
392
376
404
399
392
387
398
398
388
385
409
400
383
388
406
399
384
387
405
396
387
391
417
389
398
378
400
393
395
393
420
393
392
384
403
392
388
385
402
393
384
388
419
395
381
384
407
392
400
378
410
392
389
380
416
394
379
387
402
395
408
381
404
395
385
378
409
397
386
378
401
399
375
380
404
384
405
388
405
393
388
379
404
397
383
374
408
395
386
388
404
394
390
389
413
400
392
374
407
393
391
390
415
397
390
390
408
389
384
375
402
387
394
378
404
396
395
391
411
393
389
371
398
400
388
380
400
394
394
385
391
396
385
385
400
394
387
380
409
399
391
387
404
386
388
393
399
400
392
381
408
405
387
391
406
394
400
394
401
395
396
442
405
402
404
383
409
398
393
387
404
393
388
386
409
395
397
389
406
397
397
386
410
393
399
390
406
398
390
391
409
407
399
382
411
393
388
386
417
406
401
390
411
396
392
391
406
401
390
393
409
399
395
392
414
398
398
388
408
402
398
381
411
397
399
396
408
405
400
395
426
399
398
395
411
400
392
393
410
406
401
392
424
406
404
405
412
401
410
394
419
410
418
403
413
417
404
403
418
418
411
410
428
420
412
402
426
417
429
416
431
423
414
418
432
430
417
419
438
427
430
426
434
429
419
414
442
431
428
425
438
426
420
411
438
425
428
427
444
435
432
423
440
441
442
447
456
441
438
433
456
447
444
447
465
456
454
451
474
458
459
457
475
473
468
463
477
465
465
460
470
472
465
460
480
474
467
456
473
465
466
467
478
470
473
464
481
474
465
465
490
476
486
467
495
484
485
476
495
491
490
487
507
500
513
484
515
503
521
496
526
521
517
519
544
539
525
523
545
552
535
532
544
545
554
541
558
549
550
549
560
548
560
544
561
555
559
549
564
557
558
546
569
552
565
552
564
550
565
552
563
557
557
552
564
554
543
537
560
559
566
542
572
562
560
562
578
566
562
567
589
586
583
583
601
604
598
583
604
600
603
606
617
612
625
614
641
643
656
638
661
672
663
662
686
692
698
699
732
731
738
742
762
762
777
772
795
791
795
804
814
821
816
823
832
826
827
825
832
831
840
840
855
837
823
840
848
832
835
820
842
843
838
832
858
859
857
854
874
873
874
862
884
889
884
885
911
891
905
904
925
926
930
933
942
926
936
925
961
947
963
937
969
951
950
939
952
948
960
949
969
955
977
962
988
980
983
996
1015
1013
1025
1024
1039
1039
1030
1009
1035
1016
1020
1016
1024
1012
1009
997
1014
1010
1012
1017
1028
1020
1020
1022
1052
1058
1082
1088
1109
1121
1125
1116
1136
1127
1132
1111
1124
1119
1103
1084
1078
1061
1047
1029
1027
1011
993
970
978
966
963
957
957
950
960
960
984
973
987
999
1026
1030
1041
1060
1097
1090
1124
1119
1148
1145
1162
1169
1178
1186
1195
1203
1216
1205
1228
1225
1250
1251
1267
1270
1291
1281
1302
1302
1316
1318
1329
1321
1325
1326
1302
1275
1275
1256
1250
1217
1212
1206
1193
1184
1190
1180
1182
1163
1208
1183
1200
1188
1203
1215
1228
1246
1275
1296
1331
1351
1396
1405
1420
1428
1451
1447
1469
1445
1469
1463
1478
1453
1453
1444
1445
1438
1443
1422
1423
1429
1430
1421
1425
1432
1446
1444
1461
1464
1481
1507
1516
1534
1560
1566
1595
1590
1628
1649
1674
1686
1729
1734
1758
1760
1795
1788
1825
1826
1857
1845
1885
1853
1856
1832
1832
1797
1800
1765
1740
1709
1702
1669
1658
1626
1621
1589
1581
1576
1577
1568
1578
1596
1608
1609
1639
1641
1675
1694
1701
1702
1725
1716
1745
1739
1759
1749
1758
1738
1745
1703
1703
1657
1653
1611
1589
1547
1530
1507
1497
1472
1452
1458
1456
1439
1466
1461
1459
1470
1473
1453
1466
1469
1506
1495
1518
1526
1536
1533
1556
1562
1599
1596
1614
1618
1638
1638
1652
1657
1683
1692
1703
1695
1726
1723
1735
1737
1742
1729
1739
1724
1743
1732
1728
1721
1732
1712
1711
1716
1703
1697
1689
1672
1679
1680
1702
1688
1689
1690
1700
1694
1710
1681
1711
1701
1696
1716
1735
1746
1771
1785
1807
1814
1851
1861
1899
1918
1955
1964
1993
2000
2020
2038
2055
2052
2067
2060
2056
2031
2037
2046
2065
2052
2069
2078
2089
2084
2112
2104
2112
2119
2139
2137
2174
2171
2183
2184
2202
2187
2210
2202
2201
2176
2201
2185
2178
2155
2169
2141
2142
2137
2154
2137
2143
2138
2158
2161
2191
2203
2216
2221
2220
2208
2213
2228
2223
2216
2239
2230
2240
2245
2266
2257
2259
2235
2260
2253
2255
2276
2301
2300
2315
2367
2370
2387
2422
2450
2468
2493
2525
2555
2600
2630
2673
2680
2717
2735
2787
2774
2802
2793
2805
2783
2774
2747
2741
2723
2727
2718
2728
2706
2700
2713
2723
2712
2715
2709
2714
2712
2691
2668
2654
2625
2619
2592
2594
2548
2528
2471
2453
2416
2403
2365
2365
2358
2356
2341
2317
2293
2254
2229
2214
2164
2144
2132
2137
2132
2122
2112
2126
2124
2157
2142
2168
2193
2222
2246
2276
2300
2335
2344
2362
2363
2365
2350
2346
2326
2322
2299
2305
2286
2284
2267
2263
2249
2232
2212
2214
2215
2210
2193
2194
2188
2189
2188
2225
2216
2247
2233
2231
2229
2219
2211
2198
2184
2184
2149
2141
2120
2098
2086
2098
2070
2079
2066
2065
2053
2040
2040
2043
2023
2034
2028
2041
2058
2077
2083
2109
2121
2157
2189
2214
2214
2235
2234
2258
2256
2266
2257
2240
2239
2223
2222
2236
2243
2256
2247
2256
2249
2268
2245
2274
2278
2276
2290
2315
2325
2358
2351
2368
2365
2368
2368
2373
2331
2299
2266
2235
2174
2144
2110
2081
2063
2046
2017
2019
2010
2021
1995
2027
2022
2035
2037
2065
2072
2088
2104
2126
2149
2168
2166
2187
2177
2179
2144
2127
2099
2079
2041
2018
2021
1994
1974
2016
2024
2056
2072
2124
2174
2211
2240
2284
2324
2343
2373
2382
2381
2403
2416
2432
2444
2455
2469
2479
2466
2468
2478
2466
2457
2473
2465
2477
2501
2499
2525
2533
2551
2590
2612
2642
2655
2696
2685
2695
2690
2679
2675
2646
2642
2605
2576
2543
2520
2506
2475
2462
2444
2463
2486
2506
2514
2536
2543
2558
2581
2622
2659
2728
2751
2800
2820
2858
2886
2913
2909
2913
2888
2898
2887
2880
2862
2845
2817
2803
2772
2748
2715
2714
2665
2663
2607
2600
2590
2593
2582
2580
2555
2545
2531
2517
2500
2487
2447
2442
2422
2422
2409
2420
2396
2393
2388
2399
2376
2381
2390
2395
2404
2422
2432
2437
2455
2466
2481
2501
2505
2515
2498
2504
2498
2497
2494
2483
2478
2463
2437
2437
2405
2402
2396
2392
2404
2404
2399
2428
2413
2428
2420
2419
2416
2399
2404
2398
2398
2402
2393
2414
2404
2402
2361
2361
2353
2320
2288
2272
2251
2201
2155
2139
2089
2043
2004
1973
1949
1906
1853
1836
1785
1792
1742
1766
1730
1742
1736
1724
1749
1775
1778
1820
1865
1907
1936
2002
2025
2063
2097
2113
2136
2161
2173
2202
2203
2238
2245
2279
2273
2288
2290
2311
2300
2317
2307
2300
2289
2277
2255
2240
2231
2230
2197
2206
2191
2176
2151
2165
2145
2151
2147
2150
2144
2161
2148
2169
2163
2199
2209
2221
2236
2262
2282
2323
2333
2367
2381
2405
2408
2401
2395
2410
2402
2403
2401
2398
2379
2383
2349
2351
2303
2306
2275
2279
2263
2270
2265
2253
2255
2249
2240
2255
2265
2270
2267
2274
2274
2291
2271
2290
2291
2305
2310
2320
2336
2328
2359
2373
2383
2385
2375
2401
2401
2398
2374
2390
2365
2373
2375
2376
2381
2378
2363
2391
2392
2407
2414
2418
2385
2364
2333
2330
2295
2302
2298
2327
2328
2366
2376
2414
2425
2455
2482
2515
2539
2563
2587
2623
2661
2707
2731
2757
2786
2815
2827
2876
2874
2891
2860
2867
2846
2819
2802
2775
2757
2760
2746
2744
2728
2725
2695
2673
2636
2630
2600
2589
2571
2560
2566
2567
2555
2549
2555
2581
2575
2616
2612
2657
2652
2685
2668
2690
2712
2734
2708
2734
2717
2702
2655
2611
2560
2511
2457
2398
2345
2303
2264
2277
2257
2251
2252
2269
2275
2291
2314
2342
2356
2386
2370
2404
2410
2424
2440
2498
2502
2540
2530
2583
2565
2572
2565
2565
2544
2530
2511
2507
2510
2497
2505
2506
2513
2523
2510
2532
2542
2545
2543
2553
2572
2589
2588
2617
2626
2653
2659
2680
2664
2652
2630
2625
2597
2595
2570
2587
2573
2550
2523
2524
2481
2478
2448
2435
2410
2393
2395
2381
2364
2332
2319
2331
2317
2301
2279
2269
2249
2215
2178
2169
2146
2150
2138
2133
2129
2134
2151
2185
2202
2221
2206
2199
2182
2176
2150
2164
2149
2140
2134
2121
2109
2104
2049
2043
2017
1989
1934
1915
1879
1860
1830
1826
1809
1806
1809
1846
1841
1856
1848
1857
1874
1857
1847
1860
1862
1871
1868
1898
1902
1898
1878
1884
1861
1843
1814
1830
1803
1805
1771
1777
1766
1729
1695
1684
1651
1616
1599
1595
1574
1590
1569
1589
1600
1615
1626
1685
1702
1734
1761
1796
1827
1859
1880
1935
1966
2005
2063
2120
2148
2202
2241
2306
2328
2363
2400
2426
2446
2463
2472
2486
2483
2492
2497
2522
2517
2513
2496
2506
2484
2481
2445
2437
2417
2388
2360
2348
2322
2313
2285
2269
2230
2186
2150
2135
2097
2078
2072
2083
2083
2095
2097
2119
2112
2123
2130
2162
2185
2187
2202
2225
2242
2277
2281
2311
2305
2307
2266
2267
2252
2232
2202
2196
2197
2158
2167
2193
2194
2186
2191
2180
2181
2191
2207
2235
2285
2335
2357
2438
2486
2525
2573
2632
2657
2673
2672
2690
2669
2643
2611
2589
2554
2530
2494
2500
2467
2429
2375
2378
2339
2316
2287
2304
2275
2276
2277
2306
2319
2366
2397
2466
2492
2529
2537
2585
2589
2605
2575
2593
2580
2542
2503
2488
2453
2431
2380
2381
2334
2296
2248
2249
2212
2182
2151
2172
2145
2142
2133
2158
2179
2189
2201
2238
2250
2269
2278
2325
2313
2330
2355
2392
2421
2450
2445
2494
2522
2533
2558
2569
2607
2618
2621
2656
2638
2641
2642
2664
2652
2642
2622
2638
2624
2615
2595
2613
2595
2575
2570
2565
2562
2533
2508
2501
2477
2479
2443
2449
2400
2401
2374
2379
2374
2349
2331
2338
2316
2302
2290
2305
2299
2299
2291
2307
2288
2292
2274
2292
2295
2287
2270
2269
2253
2233
2209
2222
2212
2205
2182
2197
2176
2154
2150
2171
2138
2146
2112
2131
2119
2085
2069
2087
2072
2073
2042
2077
2070
2068
2073
2120
2121
2135
2141
2166
2172
2203
2214
2255
2269
2287
2305
2345
2359
2347
2369
2394
2380
2380
2367
2384
2363
2339
2313
2306
2276
2254
2217
2248
2226
2235
2207
2211
2185
2210
2178
2203
2173
2160
2146
2136
2126
2087
2047
2045
2044
2033
1996
2031
2013
2014
1999
2039
2050
2076
2101
2149
2181
2226
2257
2283
2303
2324
2347
2384
2416
2400
2400
2416
2402
2382
2361
2376
2330
2289
2258
2235
2199
2151
2135
2108
2095
2058
2040
2058
2056
2047
2015
2035
2007
1987
1979
2011
1986
1980
1964
1991
1963
1975
1982
2027
2022
2064
2075
2108
2101
2101
2070
2074
2052
2009
1986
1986
1943
1909
1845
1828
1785
1746
1740
1746
1748
1751
1759
1824
1849
1887
1907
1989
2023
2043
2072
2135
2149
2170
2181
2220
2222
2209
2177
2192
2146
2104
2047
2039
1973
1949
1913
1891
1854
1836
1843
1855
1851
1851
1878
1913
1927
1978
2006
2064
2084
2128
2137
2183
2213
2237
2255
2298
2310
2305
2308
2332
2343
2319
2306
2306
2280
2260
2222
2233
2224
2199
2181
2189
2206
2191
2169
2193
2192
2213
2203
2249
2245
2234
2236
2264
2251
2247
2231
2270
2284
2274
2286
2329
2328
2339
2345
2376
2372
2381
2382
2416
2414
2433
2440
2469
2465
2493
2490
2516
2538
2534
2527
2558
2580
2565
2583
2608
2585
2587
2593
2620
2623
2614
2590
2604
2604
2577
2559
2556
2509
2478
2440
2437
2388
2349
2319
2294
2265
2214
2175
2173
2124
2077
2068
2058
2027
2011
1981
1990
1984
1952
1936
1943
1920
1913
1887
1886
1865
1827
1821
1836
1797
1792
1774
1801
1787
1795
1793
1833
1843
1830
1844
1885
1889
1886
1893
1944
1963
1963
1976
2014
2009
1997
1986
2013
2029
1997
2005
2010
1973
1974
1936
1929
1890
1883
1851
1870
1840
1822
1795
1816
1799
1784
1753
1769
1748
1720
1680
1692
1665
1627
1606
1609
1560
1535
1506
1524
1503
1493
1472
1476
1476
1458
1437
1438
1405
1379
1354
1362
1330
1317
1291
1317
1311
1298
1275
1288
1278
1267
1245
1269
1246
1230
1218
1241
1227
1209
1211
1241
1222
1226
1216
1238
1216
1219
1212
1224
1201
1191
1181
1200
1202
1196
1188
1224
1238
1226
1242
1297
1301
1312
1316
1359
1377
1380
1403
1444
1467
1472
1501
1552
1566
1588
1588
1635
1612
1627
1617
1655
1639
1636
1636
1637
1641
1642
1632
1661
1626
1613
1581
1589
1574
1558
1572
1586
1577
1555
1541
1554
1540
1526
1519
1505
1481
1435
1412
1452
1465
1460
1463
1487
1494
1498
1473
1515
1530
1538
1549
1592
1609
1627
1633
1671
1710
1680
1662
1683
1670
1658
1636
1638
1608
1585
1561
1560
1546
1521
1514
1540
1547
1545
1534
1572
1564
1566
1563
1589
1600
1614
1614
1646
1638
1623
1631
1649
1659
1630
1619
1623
1613
1610
1581
1592
1572
1558
1574
1570
1555
1560
1549
1552
1546
1540
1523
1531
1522
1528
1524
1550
1538
1555
1546
1590
1595
1600
1601
1627
1643
1658
1675
1711
1718
1727
1740
1768
1782
1785
1787
1813
1806
1803
1794
1823
1816
1814
1818
1847
1856
1825
1802
1821
1800
1801
1792
1810
1756
1754
1730
1728
1728
1705
1681
1692
1701
1675
1663
1699
1684
1710
1731
1763
1776
1775
1791
1840
1813
1828
1819
1859
1853
1860
1860
1848
1845
1838
1822
1840
1805
1778
1770
1780
1744
1735
1699
1699
1662
1635
1605
1613
1577
1560
1534
1548
1514
1480
1455
1452
1413
1402
1381
1380
1351
1327
1312
1299
1273
1250
1207
1188
1138
1090
1029
1018
982
941
911
903
873
858
833
833
815
800
804
812
797
797
803
826
836
850
847
892
915
932
948
977
979
998
1001
1025
1042
1047
1069
1111
1130
1129
1143
1182
1185
1192
1207
1235
1236
1240
1246
1273
1288
1288
1299
1331
1333
1327
1342
1374
1363
1357
1365
1398
1375
1384
1369
1391
1373
1376
1358
1372
1356
1348
1343
1347
1344
1330
1316
1320
1300
1275
1256
1267
1237
1209
1189
1192
1157
1119
1078
1084
1040
1003
954
958
914
896
862
867
839
843
809
811
811
787
781
794
793
788
800
829
821
851
860
890
913
929
937
991
1012
1033
1047
1102
1126
1147
1161
1212
1231
1228
1253
1298
1296
1309
1301
1337
1333
1331
1322
1336
1339
1351
1323
1348
1362
1351
1354
1374
1372
1373
1361
1399
1365
1392
1384
1422
1419
1429
1420
1459
1460
1468
1461
1489
1469
1467
1484
1476
1492
1487
1490
1493
1469
1470
1460
1477
1469
1468
1459
1495
1479
1474
1474
1487
1491
1490
1485
1507
1501
1505
1501
1499
1480
1476
1465
1464
1463
1467
1474
1475
1484
1481
1477
1497
1489
1486
1468
1501
1510
1509
1493
1526
1528
1535
1531
1559
1539
1547
1557
1561
1557
1542
1525
1540
1544
1529
1518
1530
1530
1534
1529
1550
1536
1525
1522
1541
1536
1531
1512
1524
1513
1498
1496
1511
1520
1521
1511
1534
1513
1518
1507
1530
1523
1504
1490
1510
1498
1485
1455
1464
1450
1430
1397
1414
1385
1357
1357
1386
1378
1391
1360
1382
1393
1377
1390
1421
1400
1402
1396
1430
1426
1420
1407
1432
1434
1434
1418
1450
1413
1410
1393
1401
1353
1333
1309
1325
1305
1289
1279
1292
1290
1275
1257
1268
1264
1271
1254
1280
1266
1274
1275
1300
1280
1288
1290
1306
1301
1303
1274
1316
1275
1262
1247
1263
1246
1231
1214
1223
1217
1203
1205
1212
1189
1174
1171
1179
1160
1154
1125
1150
1117
1121
1115
1128
1149
1109
1104
1109
1094
1100
1083
1107
1089
1089
1071
1090
1088
1070
1068
1096
1099
1087
1077
1078
1079
1073
1064
1078
1069
1075
1061
1067
1054
1033
1029
1052
1036
1023
1026
1043
1053
1028
1024
1040
1044
1029
1016
1042
1031
1033
1012
1034
1037
1037
1028
1039
1031
1033
1033
1048
1034
1041
1037
1047
1033
1008
1016
1020
1014
1012
999
1030
1020
1011
994
1020
998
993
974
988
973
958
936
956
927
930
928
939
919
916
881
894
868
868
847
866
864
839
828
853
840
830
818
843
842
833
829
852
842
846
847
859
854
863
843
880
880
878
890
905
887
884
888
910
897
883
883
903
888
878
870
904
895
902
891
913
907
899
889
912
903
903
889
906
892
889
876
887
885
881
859
886
863
862
860
880
863
868
853
863
854
851
842
865
848
840
833
868
840
824
831
838
833
810
796
823
811
803
812
832
819
806
813
829
823
818
812
831
828
832
831
854
839
830
845
857
846
842
814
836
816
824
811
821
806
801
796
818
811
793
791
820
793
787
796
805
789
793
791
801
811
801
800
803
797
785
779
781
779
781
777
788
772
775
761
781
766
774
759
794
769
759
756
780
774
786
777
788
785
783
774
813
798
815
794
802
784
751
605
338
339
338
338
336
338
337
339
808
766
337
340
338
0
0

