;UFOS3
;Measurement details: channel = D, date = 01.06.2018, time = 06:07:51
Exposure=363
Gain=0
Temperature=15.6
Accummulate=4
1.716 mu
1.727 amas
35.385 hs
0 ozone
0 uva
0 uvb
0 uve
[Value]
0
340
340
341
340
340
339
341
371
371
386
379
374
377
390
382
384
367
386
388
380
372
401
391
391
372
407
394
386
385
413
390
384
376
407
392
395
371
403
398
378
369
408
394
392
371
404
400
386
373
396
387
375
378
406
394
376
375
403
394
390
371
401
390
382
372
416
388
388
371
405
385
379
384
409
399
384
375
395
391
388
377
410
394
385
376
407
393
375
379
405
395
379
379
407
399
373
370
412
389
374
374
394
394
383
372
403
389
381
371
403
396
381
379
407
393
383
377
404
394
387
383
412
405
387
381
397
393
384
376
391
389
383
374
409
406
381
382
399
394
392
383
402
397
379
376
400
389
374
399
395
392
374
371
413
397
393
371
407
402
375
374
400
396
394
388
402
399
399
375
402
398
387
393
400
397
379
379
406
385
382
372
403
399
387
378
421
396
389
384
395
414
380
381
405
404
386
378
412
393
387
377
399
396
384
375
406
392
388
379
406
394
372
391
396
395
383
370
395
401
393
374
409
400
385
378
397
387
381
370
403
389
377
374
402
399
383
379
405
396
393
378
400
398
383
384
410
389
392
376
401
393
384
374
405
405
383
386
414
390
377
391
404
396
390
366
397
390
391
369
394
389
376
385
407
396
381
380
424
405
385
374
395
403
387
370
402
390
385
380
392
400
384
375
398
397
382
377
403
394
389
374
402
400
388
387
402
386
389
367
403
405
396
378
408
395
385
380
397
398
378
381
397
397
379
379
405
389
394
380
410
390
387
379
402
391
397
373
411
405
380
379
399
404
380
383
401
404
387
377
412
399
379
383
402
392
380
378
412
389
398
380
410
390
398
377
425
392
389
383
396
400
393
377
401
403
385
379
407
395
385
374
392
389
383
385
400
393
386
378
399
398
382
372
405
393
386
373
401
403
387
375
410
400
392
379
410
384
390
376
404
391
383
373
399
396
393
381
405
389
387
387
394
395
381
376
401
396
392
379
400
398
376
367
424
397
376
382
402
395
389
382
393
394
380
378
398
398
389
370
404
388
384
387
399
388
388
384
399
398
395
375
406
394
384
383
401
395
380
378
406
395
388
375
402
387
389
389
402
396
397
383
402
390
385
381
404
392
383
383
400
391
388
377
406
389
387
376
409
387
394
383
408
386
376
390
393
396
383
379
400
388
387
372
413
392
383
391
402
388
384
384
398
392
390
377
394
395
387
393
398
389
387
385
399
392
387
386
400
395
387
387
396
395
394
377
399
391
378
374
397
389
390
379
400
397
399
391
407
390
382
382
404
390
387
386
407
397
383
380
401
391
389
374
400
395
390
385
395
394
382
382
406
400
383
386
401
397
378
384
402
392
386
391
412
386
395
379
397
389
391
390
414
390
388
382
398
389
384
381
398
390
383
385
415
393
378
381
403
394
397
377
405
390
388
377
410
392
377
385
397
390
405
378
401
389
385
375
403
394
382
375
396
397
372
377
398
384
400
383
401
389
383
376
399
391
380
370
401
392
381
384
397
389
386
384
409
397
385
373
403
387
389
386
412
391
383
386
403
385
379
374
398
383
390
376
399
392
391
385
406
390
387
364
393
393
386
377
393
390
391
383
387
390
383
385
395
389
383
373
404
394
386
383
399
383
383
388
394
394
388
379
402
398
383
388
400
388
393
389
398
391
390
433
401
397
400
377
404
391
388
382
400
389
382
382
403
391
388
382
401
389
390
381
403
389
392
384
397
389
383
386
404
399
393
373
404
386
380
379
412
395
394
382
404
388
384
383
398
393
380
385
401
390
388
383
402
389
393
381
398
390
390
372
397
388
388
384
392
394
390
382
411
387
384
384
400
388
378
380
396
392
391
380
411
391
393
393
399
389
394
379
405
397
403
391
395
399
386
386
397
396
391
390
402
395
388
378
400
391
399
388
402
394
383
383
396
392
384
382
399
396
394
389
395
393
383
378
402
394
391
388
400
392
387
377
401
387
390
388
405
394
389
383
397
396
395
400
409
392
385
384
397
390
387
390
401
392
387
386
403
390
389
386
397
398
391
385
400
385
384
384
394
394
389
383
404
395
392
383
400
388
389
388
398
391
394
384
400
392
385
382
406
390
400
377
405
391
392
384
398
393
389
386
402
393
400
374
400
387
398
376
396
392
386
386
404
398
383
379
398
405
390
382
398
393
400
387
402
392
394
393
402
394
401
386
400
396
395
384
394
389
391
386
398
390
399
389
401
388
399
389
401
395
394
387
397
396
384
378
398
394
402
382
400
389
389
387
397
387
380
383
397
391
387
387
402
403
392
384
395
391
391
387
396
388
390
373
400
393
401
379
396
399
387
379
394
388
384
378
400
393
389
387
400
394
399
390
402
395
386
399
399
397
389
391
395
389
390
385
391
386
393
395
405
390
383
388
403
390
391
381
395
395
390
382
397
394
393
387
403
400
392
384
401
395
389
383
399
382
386
388
396
394
395
392
399
387
387
380
406
389
397
381
400
392
388
381
395
390
400
390
397
391
402
388
401
392
390
390
394
393
388
385
394
395
395
384
403
386
398
387
397
394
395
386
399
387
389
394
400
390
389
383
394
390
397
391
399
392
398
384
395
386
394
378
395
398
392
389
398
392
392
388
395
394
390
382
394
388
394
392
395
387
390
384
399
385
388
385
403
383
388
381
399
382
400
389
399
394
397
394
393
391
389
387
399
385
405
387
393
386
396
388
407
391
396
386
396
385
390
385
402
403
392
383
398
389
402
386
398
396
391
387
400
393
397
383
416
387
400
389
397
394
387
390
392
387
393
387
405
388
387
384
391
386
392
379
395
388
404
391
392
385
394
390
396
392
391
395
393
388
390
389
398
386
392
385
391
394
389
390
399
392
394
385
394
393
396
391
404
395
398
383
399
388
396
383
402
382
405
385
396
390
396
384
398
392
392
383
396
393
395
386
396
387
394
387
403
385
387
389
395
388
399
378
401
393
392
385
396
378
397
388
400
394
403
393
401
387
399
376
388
385
383
383
391
392
392
389
391
393
396
385
404
390
386
393
402
381
390
382
393
387
398
390
396
387
396
388
406
390
399
390
403
389
390
386
396
390
391
388
401
392
397
386
393
380
393
385
395
391
385
389
399
389
395
398
398
394
391
383
392
388
399
385
392
384
391
388
400
389
395
388
384
392
398
391
398
397
398
381
393
392
391
384
393
390
396
390
394
391
396
385
392
389
390
381
388
391
401
386
385
391
391
381
397
389
396
387
397
391
397
388
396
393
399
395
396
397
406
386
400
392
388
382
396
386
402
392
404
394
390
385
390
386
402
396
402
398
398
390
395
392
394
381
400
391
398
387
406
389
399
385
397
388
385
393
400
384
386
396
389
386
395
389
391
395
392
395
399
392
405
384
392
386
402
389
396
390
397
386
391
379
399
388
392
386
398
386
389
386
400
392
397
385
395
401
390
386
393
386
392
386
394
388
396
381
396
384
394
388
393
397
393
388
390
390
396
390
395
391
389
388
392
395
383
389
398
383
400
382
392
387
396
389
392
394
391
384
397
390
400
394
391
392
397
385
396
389
392
388
386
392
391
383
387
391
399
390
395
387
392
382
403
389
405
390
384
388
389
384
384
385
393
385
398
392
387
392
394
386
389
385
389
384
387
383
392
387
401
389
398
393
397
393
390
390
394
397
397
385
394
383
391
385
398
389
393
388
393
387
392
385
394
387
389
383
397
380
391
388
389
387
390
389
406
387
394
388
389
393
396
390
394
389
396
377
394
388
387
395
393
386
393
385
397
376
395
385
393
382
401
389
395
384
392
394
392
381
394
385
390
383
382
386
396
390
386
394
389
381
400
391
394
383
393
399
394
392
396
392
390
385
390
384
392
385
391
384
383
386
385
380
389
393
398
390
391
389
390
387
387
387
388
382
393
390
390
386
394
380
393
388
389
389
392
391
392
385
390
398
391
391
397
383
390
389
395
391
399
392
392
385
391
387
395
386
397
381
394
385
398
391
396
385
395
389
403
391
396
381
397
394
394
386
402
382
402
387
392
387
391
389
399
388
387
390
392
393
394
392
395
387
389
380
395
387
392
387
396
386
389
385
385
385
397
395
392
387
389
384
391
395
392
382
390
383
392
389
388
392
397
379
400
381
396
393
390
394
394
384
395
384
390
381
388
388
387
392
391
393
399
384
398
392
395
383
389
389
397
383
397
391
388
379
399
391
388
388
391
400
400
386
405
386
401
378
401
388
392
394
380
390
394
386
390
395
395
387
396
390
391
386
394
391
393
391
390
383
395
388
406
382
382
381
395
390
395
387
393
389
392
389
393
394
406
388
397
393
391
381
401
384
394
387
393
387
402
383
402
382
392
389
394
389
394
385
394
393
390
387
390
389
389
382
391
390
397
392
393
382
394
382
397
384
393
387
397
392
392
389
394
394
402
381
390
394
393
387
394
383
399
385
389
389
394
387
398
398
386
391
392
398
389
388
395
398
393
382
401
388
390
387
395
395
398
383
393
383
395
389
399
394
399
386
401
388
398
388
392
390
391
385
397
394
391
386
398
397
389
389
397
391
396
383
398
389
391
387
395
390
396
387
392
388
390
392
394
387
400
383
389
392
403
396
399
383
396
387
402
386
384
393
400
391
386
377
387
385
396
382
405
386
394
384
396
394
399
380
396
389
391
388
395
389
389
389
392
391
388
382
395
391
390
385
394
385
387
384
396
386
399
384
399
392
391
383
397
392
403
381
409
389
392
393
400
393
391
386
396
398
394
389
396
390
393
382
400
389
400
389
395
393
391
391
388
389
399
384
399
389
388
388
400
393
393
386
402
392
392
385
395
390
393
385
396
385
382
396
397
394
387
384
400
392
391
380
400
391
395
384
395
391
400
402
392
383
385
389
400
389
405
388
396
392
395
386
392
392
395
393
396
390
398
378
395
396
399
380
394
392
392
391
396
388
389
386
394
390
392
381
398
400
393
382
399
390
396
381
403
395
389
389
401
391
392
384
405
394
398
377
393
393
385
388
397
391
385
388
397
387
395
383
394
389
391
382
399
391
385
385
398
391
393
384
392
387
385
391
401
384
388
383
401
386
385
384
399
394
392
389
402
394
387
382
400
384
389
383
395
389
391
386
398
389
385
390
400
395
394
386
398
391
393
381
407
393
388
392
404
388
399
389
400
389
389
386
402
396
392
389
401
394
400
384
398
392
396
386
396
393
389
385
401
403
393
389
393
393
390
392
400
397
399
391
399
396
399
386
397
394
396
390
397
404
387
385
398
390
396
391
399
394
386
382
398
399
390
380
404
394
391
382
399
389
390
388
396
389
394
388
403
392
391
383
407
387
393
377
392
398
388
387
403
398
397
381
405
394
390
384
400
392
392
382
397
391
384
383
398
396
393
383
400
392
399
380
412
394
391
382
397
397
393
378
398
398
401
393
392
402
390
381
413
395
383
384
403
397
391
387
395
387
389
378
397
391
384
388
398
395
391
385
403
391
396
379
400
390
393
383
396
400
389
385
406
395
398
382
399
391
387
381
405
393
397
386
402
397
398
390
402
391
390
385
393
395
393
385
401
395
386
387
401
395
387
380
403
400
389
384
404
392
397
376
405
388
388
383
411
395
399
386
395
396
395
386
397
399
391
384
404
390
387
389
398
392
382
378
397
395
384
385
404
395
394
381
402
395
397
381
399
386
399
381
411
389
383
386
397
397
391
379
404
397
396
380
403
392
393
386
400
394
398
385
405
393
391
390
398
399
390
384
403
403
379
383
404
401
388
384
419
398
390
387
400
398
389
391
397
402
390
380
395
396
389
383
408
395
391
385
408
394
394
391
403
393
391
386
402
388
397
394
408
394
401
388
399
397
389
380
409
394
396
390
408
395
386
391
400
396
388
379
411
398
395
387
413
412
388
385
405
394
393
386
403
405
390
386
413
405
388
384
405
390
392
392
407
398
391
398
402
395
388
396
400
395
397
384
394
392
394
386
400
400
381
383
401
397
387
383
402
409
389
390
407
393
391
376
397
395
388
388
400
397
396
386
404
400
395
383
412
399
389
380
400
392
391
380
408
399
383
385
409
399
392
383
404
396
391
387
399
388
392
390
401
393
399
384
401
400
386
382
399
402
393
394
408
394
395
392
409
402
392
385
402
395
394
390
412
389
392
378
415
396
392
390
395
395
392
381
405
390
377
396
411
395
391
391
404
397
385
385
404
393
391
389
402
398
384
384
417
394
392
387
408
388
390
385
407
403
385
393
407
397
390
381
401
395
384
385
408
400
397
384
405
412
388
390
403
391
392
388
411
395
393
382
409
394
393
382
406
396
398
382
400
401
395
374
400
403
398
392
415
394
390
382
401
396
388
382
397
398
391
387
405
394
388
383
408
394
394
387
406
394
395
384
399
391
389
377
408
397
392
386
405
392
386
385
406
392
390
388
403
389
387
389
406
399
392
379
400
401
393
380
405
411
380
380
409
399
394
382
401
395
386
385
402
398
379
385
408
392
397
387
413
395
391
380
412
395
386
390
399
397
391
382
408
394
390
381
402
401
383
395
409
398
388
384
399
397
389
395
406
400
385
377
403
396
388
382
411
395
397
384
402
399
395
382
399
393
391
390
403
423
393
379
390
394
396
391
403
391
388
379
401
400
388
382
406
406
388
378
398
392
389
385
398
399
390
391
405
394
382
383
399
408
393
388
397
394
395
381
401
395
381
394
402
387
395
389
402
396
395
382
405
393
386
383
408
395
392
377
400
397
392
383
396
391
387
382
396
394
391
381
401
402
389
381
401
395
397
381
396
395
386
382
404
402
389
388
403
396
392
382
410
386
400
386
401
402
394
384
398
394
386
381
404
390
384
382
402
395
390
386
412
389
395
386
412
396
393
393
398
402
395
383
415
392
391
386
404
393
390
382
400
395
389
388
411
391
395
384
399
399
382
379
394
390
393
392
405
393
391
385
400
391
390
381
406
398
394
384
400
395
391
385
402
394
393
385
399
394
389
395
400
394
384
384
396
392
391
374
396
397
393
389
403
388
395
385
397
396
383
385
402
402
387
381
397
388
387
382
402
393
388
380
400
401
389
394
405
395
390
381
407
394
390
390
407
395
394
382
407
395
392
391
401
390
391
393
397
395
389
386
398
393
387
382
406
393
384
383
405
396
392
380
409
399
396
384
415
397
399
387
404
394
404
382
397
402
387
388
396
392
384
388
402
389
397
388
403
401
390
381
403
398
390
382
404
399
391
384
404
398
387
388
404
397
392
380
406
398
390
375
389
398
395
378
401
400
383
384
394
391
393
386
414
386
394
375
407
395
389
378
399
395
395
384
403
384
381
387
390
393
394
390
398
388
395
387
397
390
385
380
403
395
394
390
398
392
397
387
400
390
396
390
399
394
399
395
397
396
394
396
399
404
397
390
404
399
391
383
409
408
397
386
402
401
397
384
404
387
391
398
406
403
393
383
404
404
398
385
393
390
399
391
411
406
385
391
402
400
390
379
401
395
385
387
398
395
395
391
402
387
391
382
399
396
391
384
406
398
395
376
396
394
388
377
410
395
387
385
414
399
401
387
398
398
387
391
405
392
389
380
400
395
393
379
397
402
397
389
412
393
394
382
409
392
390
378
404
396
389
385
402
405
392
383
395
394
389
381
407
393
393
388
407
390
381
384
394
391
396
377
414
393
389
385
404
404
388
383
402
397
389
395
405
386
385
383
400
392
391
380
404
385
389
383
405
419
388
387
400
389
398
394
407
398
394
384
399
397
385
380
399
405
393
388
390
401
396
392
404
392
401
390
403
398
388
393
409
403
388
389
401
406
389
381
401
402
393
381
403
395
394
386
398
395
393
392
401
397
391
390
401
391
395
386
400
397
381
390
400
390
394
384
410
396
391
377
406
393
394
387
400
391
388
384
409
395
400
392
403
392
400
383
397
387
394
382
399
400
387
378
404
395
394
381
401
398
391
387
402
394
390
396
404
401
400
384
404
403
391
394
404
389
383
384
410
389
387
384
407
398
388
382
404
398
398
385
400
397
387
386
404
399
400
388
410
396
397
388
402
401
397
381
399
388
388
390
403
394
402
388
401
394
393
386
406
396
388
384
415
401
388
395
408
402
392
377
406
392
389
393
407
398
384
388
404
393
393
384
402
393
392
387
402
394
388
397
404
399
393
381
404
394
395
386
398
390
388
385
403
399
385
385
412
393
388
393
399
390
387
388
395
403
394
399
399
393
384
383
393
393
392
393
408
392
398
384
404
390
396
383
410
392
384
381
409
393
401
393
400
394
387
384
412
397
404
390
390
388
387
394
340
339
339
340
340
341
338
339
403
386
340
340
341
0
0

