;UFOS3
;Measurement details: channel = S, date = 01.06.2018, time = 06:08:20
Exposure=270
Gain=0
Temperature=15.7
Accummulate=4
1.714 mu
1.725 amas
35.443 hs
0 ozone
0 uva
0 uvb
0 uve
[Value]
0
339
338
341
339
340
339
338
364
364
374
365
368
370
377
373
376
363
372
373
373
367
386
376
383
368
390
382
381
378
393
375
381
370
390
378
387
368
388
386
373
368
392
379
385
368
387
388
379
370
383
373
371
375
390
379
371
370
388
380
384
368
386
377
379
367
398
377
380
367
385
374
374
377
393
387
381
371
383
379
381
374
395
380
382
370
391
380
373
373
388
381
374
375
390
383
371
367
395
376
370
369
381
378
380
367
388
379
377
368
387
386
378
372
390
379
378
373
389
380
381
376
397
390
384
374
381
382
379
371
380
376
381
370
393
388
375
378
386
386
383
377
386
384
377
371
388
376
375
389
383
381
373
367
395
382
386
369
391
385
370
371
387
385
384
381
391
384
391
373
389
384
383
383
386
381
377
374
391
374
380
366
389
385
381
374
402
385
383
377
380
397
377
376
392
392
381
374
396
378
381
371
384
382
381
369
389
377
384
374
391
381
371
380
382
380
380
364
383
386
385
371
392
384
380
373
384
377
376
367
387
379
375
371
389
386
380
374
392
380
386
372
389
385
380
378
393
376
382
374
385
380
381
368
387
386
377
378
399
378
373
383
390
383
385
367
386
377
386
367
382
379
373
379
388
379
378
374
407
387
379
371
383
387
381
365
389
377
382
374
381
387
382
369
386
386
379
372
390
380
383
369
388
387
382
380
390
377
381
362
391
394
386
375
392
381
377
375
383
384
376
377
381
385
376
375
390
377
388
373
393
380
379
375
387
380
384
368
395
391
374
375
385
389
375
374
386
388
381
374
395
387
375
377
387
381
376
374
396
376
394
376
392
378
391
370
410
381
383
376
385
386
387
371
388
387
379
376
392
384
380
369
384
379
379
379
385
381
380
371
381
388
380
368
390
383
379
369
384
386
381
372
395
385
386
373
392
376
385
372
387
381
381
370
385
383
389
377
392
379
380
380
383
382
377
371
387
385
384
373
385
386
374
364
410
382
374
376
388
383
383
376
383
382
376
374
385
385
383
368
391
380
380
379
383
378
383
378
386
386
388
371
394
383
381
376
387
385
376
372
393
380
382
371
388
379
386
379
389
385
388
379
386
381
382
374
388
380
378
378
385
378
382
374
391
376
383
370
394
380
388
378
394
376
374
382
383
384
378
374
386
379
384
369
401
380
377
378
387
378
382
377
385
384
385
373
381
383
383
383
387
379
383
378
387
379
386
379
385
383
382
379
384
384
388
373
385
382
379
371
385
380
384
376
386
386
391
384
393
380
379
380
391
380
384
381
395
386
379
375
389
380
385
368
386
384
389
379
383
384
375
378
393
389
380
381
388
388
378
376
388
380
380
378
396
377
387
374
383
381
388
383
406
379
384
377
386
381
383
377
387
380
379
379
399
383
378
379
387
380
392
372
393
382
380
374
393
382
376
378
387
384
395
372
388
383
380
374
393
384
378
373
387
389
373
376
387
376
390
379
389
383
381
375
388
381
380
371
391
386
381
378
388
383
385
382
399
386
382
370
387
385
383
379
398
385
384
381
391
379
377
373
388
376
390
374
389
380
386
382
396
382
382
365
383
383
383
375
385
381
383
377
379
381
381
382
385
383
381
376
395
387
385
381
390
377
382
384
384
386
390
375
392
392
380
382
392
382
387
383
387
382
385
422
391
386
396
374
395
382
384
379
392
379
384
380
392
384
382
379
391
382
390
379
393
383
392
382
390
384
383
380
396
394
391
374
395
378
381
381
402
388
391
381
396
383
386
382
390
386
380
385
392
384
387
384
398
385
394
376
391
390
388
373
393
383
389
386
389
389
389
381
404
386
384
387
394
385
385
383
391
392
391
382
406
394
395
394
397
391
398
385
403
398
399
391
392
402
395
388
395
396
394
392
401
396
391
383
400
390
403
387
402
397
393
392
396
392
396
391
402
397
400
397
400
399
397
390
409
397
403
401
406
397
399
391
410
402
404
396
411
402
402
395
404
406
409
404
414
402
401
397
405
400
402
403
411
404
403
403
417
401
406
400
414
411
412
403
411
401
409
401
409
413
413
405
423
415
417
408
422
413
419
417
424
417
423
415
426
418
421
417
434
420
434
416
433
425
426
419
431
424
430
421
436
427
436
419
435
422
438
423
435
429
433
429
443
436
430
425
441
444
435
430
442
434
444
433
443
435
434
435
440
434
442
433
441
436
443
433
440
434
438
433
441
437
447
439
448
434
448
436
449
444
446
442
448
449
445
438
457
458
466
455
469
470
475
469
482
475
480
485
500
494
502
498
514
522
517
507
516
516
517
516
519
513
527
510
531
522
529
510
522
524
517
507
514
510
512
507
521
513
516
511
521
515
527
522
533
528
529
537
540
544
550
547
556
547
562
553
565
564
570
570
581
570
570
576
582
573
577
566
578
572
577
569
579
576
572
568
584
575
574
565
583
580
582
575
591
577
586
584
596
599
600
601
603
594
601
594
610
594
606
589
607
590
591
585
594
590
603
591
601
593
607
594
609
605
610
614
618
621
626
628
631
633
637
624
636
620
629
612
616
618
610
600
604
588
596
593
592
581
583
576
586
581
593
591
594
596
614
596
615
612
627
619
645
643
651
655
669
671
674
673
685
690
694
695
709
713
725
720
726
726
737
734
752
739
743
749
761
748
754
745
755
734
746
735
731
722
716
706
700
691
686
687
687
674
693
675
676
673
685
685
707
696
709
710
733
734
754
759
787
788
795
789
801
803
810
797
808
809
803
806
811
806
813
795
822
794
811
787
795
799
797
797
799
804
822
819
848
836
850
853
864
870
888
885
898
910
936
935
947
948
968
968
978
977
988
997
1004
1002
1001
997
1010
995
990
980
974
963
946
948
943
930
925
910
916
910
916
903
919
917
923
914
926
935
950
946
972
959
985
971
977
970
980
971
979
972
969
958
963
947
945
928
929
909
904
886
891
869
867
862
866
853
862
852
872
876
881
877
883
878
896
899
917
916
929
923
935
930
950
936
947
945
946
940
955
956
962
958
963
971
985
973
993
997
1003
1012
1025
1019
1033
1029
1048
1035
1047
1034
1028
1029
1032
1015
1030
1017
1014
1005
1018
1007
1012
1004
1018
1013
1015
1000
1020
1020
1020
1021
1027
1024
1046
1046
1069
1073
1082
1085
1118
1128
1143
1164
1175
1186
1199
1202
1225
1235
1265
1260
1282
1272
1280
1283
1299
1286
1306
1295
1288
1286
1291
1280
1283
1296
1291
1282
1291
1290
1288
1275
1285
1281
1292
1280
1288
1296
1292
1283
1280
1278
1280
1262
1264
1266
1270
1246
1248
1254
1248
1236
1257
1256
1263
1257
1272
1275
1284
1275
1295
1301
1301
1300
1295
1301
1322
1289
1309
1292
1286
1282
1293
1287
1298
1302
1328
1326
1346
1363
1389
1404
1437
1450
1483
1509
1531
1541
1577
1598
1626
1641
1670
1688
1722
1729
1756
1739
1756
1739
1770
1763
1772
1792
1809
1803
1811
1818
1795
1780
1782
1767
1761
1756
1743
1730
1710
1683
1677
1643
1630
1600
1605
1564
1557
1528
1514
1485
1484
1461
1454
1431
1423
1409
1411
1409
1408
1413
1434
1439
1454
1447
1461
1475
1463
1467
1479
1476
1501
1505
1515
1509
1522
1492
1514
1501
1504
1500
1485
1488
1479
1462
1451
1439
1420
1405
1396
1364
1347
1326
1326
1331
1316
1314
1319
1309
1328
1312
1333
1347
1372
1382
1409
1414
1435
1428
1444
1433
1448
1430
1406
1393
1392
1363
1365
1342
1339
1332
1329
1324
1326
1305
1292
1302
1295
1291
1285
1283
1285
1288
1314
1309
1347
1348
1362
1370
1399
1400
1422
1428
1441
1443
1458
1450
1437
1440
1442
1428
1436
1428
1445
1444
1455
1447
1456
1441
1465
1452
1472
1466
1476
1490
1498
1505
1529
1539
1551
1548
1559
1547
1539
1518
1497
1464
1445
1410
1390
1360
1354
1338
1338
1326
1318
1310
1325
1311
1324
1321
1325
1329
1348
1356
1391
1378
1393
1388
1384
1392
1401
1396
1392
1370
1368
1331
1338
1329
1324
1323
1317
1335
1352
1362
1395
1406
1448
1468
1504
1505
1538
1541
1555
1546
1561
1563
1579
1574
1596
1595
1591
1580
1587
1581
1589
1572
1562
1564
1563
1563
1595
1596
1601
1602
1638
1657
1670
1688
1725
1742
1741
1747
1767
1758
1760
1748
1746
1729
1721
1710
1705
1688
1696
1689
1697
1699
1702
1715
1711
1710
1709
1715
1731
1744
1776
1795
1817
1828
1863
1864
1889
1878
1891
1880
1891
1877
1866
1853
1837
1823
1796
1769
1760
1724
1723
1703
1694
1684
1674
1676
1667
1667
1680
1676
1700
1682
1692
1666
1675
1648
1644
1617
1619
1612
1614
1602
1608
1598
1597
1586
1601
1598
1603
1600
1608
1607
1638
1630
1645
1652
1659
1663
1670
1666
1666
1664
1665
1666
1670
1655
1649
1643
1637
1611
1611
1602
1616
1603
1609
1607
1620
1620
1634
1640
1643
1642
1632
1626
1628
1616
1629
1626
1630
1628
1631
1614
1615
1603
1593
1576
1571
1543
1536
1498
1486
1460
1443
1420
1399
1378
1364
1331
1310
1276
1263
1254
1237
1235
1228
1225
1224
1215
1232
1240
1252
1259
1284
1312
1352
1359
1393
1417
1431
1439
1472
1458
1467
1467
1479
1497
1496
1493
1522
1511
1538
1517
1539
1527
1525
1531
1523
1520
1526
1509
1515
1514
1507
1491
1510
1490
1493
1481
1483
1484
1490
1487
1499
1484
1504
1495
1522
1511
1531
1535
1562
1565
1592
1620
1647
1652
1673
1674
1684
1681
1704
1688
1691
1684
1690
1668
1683
1642
1650
1615
1608
1586
1595
1573
1570
1559
1557
1549
1550
1547
1553
1556
1582
1585
1600
1603
1630
1634
1643
1666
1686
1685
1705
1711
1726
1720
1746
1742
1773
1755
1772
1769
1783
1772
1759
1755
1761
1752
1756
1728
1730
1719
1705
1688
1685
1675
1667
1643
1643
1615
1612
1595
1596
1595
1603
1614
1637
1671
1692
1704
1740
1759
1785
1797
1830
1847
1866
1889
1920
1949
1973
2003
2043
2054
2080
2099
2123
2114
2121
2094
2100
2078
2072
2048
2036
1995
1997
1970
1972
1944
1923
1905
1897
1890
1869
1851
1847
1832
1847
1828
1839
1840
1844
1846
1865
1875
1890
1897
1912
1899
1889
1884
1883
1872
1897
1888
1905
1902
1912
1882
1876
1827
1804
1775
1751
1714
1698
1688
1690
1671
1674
1661
1691
1686
1713
1715
1749
1740
1762
1768
1794
1823
1858
1870
1899
1911
1931
1937
1940
1934
1920
1914
1910
1894
1899
1885
1910
1927
1932
1927
1953
1957
1962
1971
1975
1965
1979
1968
1972
1974
1963
1963
1974
1969
1985
1959
1985
1952
1942
1928
1926
1919
1919
1915
1916
1911
1888
1879
1891
1872
1885
1864
1879
1865
1868
1844
1850
1850
1860
1865
1880
1873
1880
1871
1878
1851
1842
1838
1836
1814
1817
1791
1803
1786
1788
1785
1786
1781
1793
1763
1761
1730
1720
1712
1690
1675
1647
1647
1650
1632
1615
1580
1562
1536
1504
1462
1438
1413
1402
1390
1383
1376
1385
1396
1421
1437
1472
1460
1478
1475
1499
1508
1531
1547
1575
1593
1615
1605
1625
1602
1603
1577
1573
1539
1530
1511
1503
1487
1473
1449
1433
1395
1385
1354
1342
1306
1307
1314
1300
1292
1299
1293
1313
1319
1362
1381
1408
1440
1474
1488
1535
1553
1620
1640
1688
1713
1762
1802
1832
1875
1910
1939
1959
1987
2023
2024
2060
2050
2076
2097
2119
2119
2149
2138
2148
2143
2156
2141
2122
2109
2105
2076
2069
2059
2050
2031
2019
2001
2001
1964
1927
1902
1879
1847
1832
1826
1821
1811
1822
1810
1829
1817
1822
1826
1842
1845
1861
1859
1883
1893
1917
1926
1942
1945
1950
1918
1908
1894
1868
1854
1858
1844
1832
1853
1877
1876
1904
1897
1914
1902
1931
1938
1984
2027
2078
2122
2182
2236
2299
2327
2367
2383
2409
2395
2386
2370
2338
2313
2300
2283
2248
2225
2214
2185
2156
2123
2093
2065
2049
2012
2006
2006
2001
1985
2012
2037
2061
2092
2140
2181
2209
2222
2261
2257
2270
2285
2296
2293
2288
2256
2266
2253
2247
2239
2236
2222
2192
2158
2137
2110
2087
2081
2070
2055
2062
2042
2057
2049
2067
2071
2101
2104
2136
2127
2149
2156
2150
2131
2149
2150
2171
2162
2194
2200
2225
2229
2254
2264
2272
2272
2305
2304
2306
2324
2345
2367
2371
2366
2393
2376
2391
2384
2383
2340
2333
2326
2317
2315
2302
2265
2271
2262
2238
2223
2204
2219
2212
2202
2237
2219
2223
2227
2243
2237
2233
2231
2245
2241
2244
2241
2247
2244
2240
2254
2246
2242
2220
2188
2174
2146
2136
2105
2098
2055
2057
2030
2024
1999
1988
1965
1980
1949
1936
1923
1927
1919
1910
1902
1925
1921
1935
1921
1944
1953
1966
1976
2001
2018
2029
2039
2057
2077
2088
2111
2134
2141
2149
2177
2189
2203
2209
2212
2233
2227
2227
2225
2244
2221
2241
2221
2239
2237
2248
2251
2297
2299
2292
2297
2297
2289
2284
2260
2251
2235
2221
2191
2183
2129
2103
2071
2049
2015
1992
1974
1970
1949
1939
1940
1940
1934
1955
1947
1997
2021
2070
2081
2116
2132
2180
2217
2273
2295
2327
2369
2375
2384
2352
2313
2305
2281
2255
2194
2177
2124
2080
2039
2024
1987
1975
1956
1974
1964
1984
1976
1975
1964
1964
1979
2025
2075
2087
2125
2164
2198
2223
2240
2280
2280
2269
2262
2251
2232
2196
2174
2126
2088
2043
2005
1988
1946
1905
1845
1813
1750
1717
1681
1673
1647
1643
1634
1646
1638
1671
1701
1754
1791
1848
1898
1950
1995
2037
2041
2066
2072
2071
2061
2066
2029
1992
1929
1884
1822
1768
1744
1733
1724
1733
1732
1783
1802
1836
1871
1941
2001
2055
2121
2202
2256
2320
2381
2448
2478
2500
2506
2537
2527
2519
2499
2505
2474
2466
2443
2414
2372
2343
2316
2274
2223
2178
2154
2149
2114
2114
2115
2121
2120
2127
2108
2109
2112
2110
2112
2128
2122
2135
2128
2170
2192
2197
2210
2238
2240
2270
2285
2316
2341
2359
2378
2429
2449
2464
2464
2492
2485
2498
2522
2567
2580
2588
2597
2622
2627
2635
2632
2669
2674
2675
2692
2728
2731
2727
2711
2694
2655
2638
2603
2596
2549
2522
2495
2477
2415
2381
2333
2317
2294
2266
2231
2219
2194
2157
2132
2113
2086
2070
2063
2050
2055
2035
2010
2010
1991
1972
1943
1940
1896
1880
1863
1871
1843
1836
1835
1853
1856
1873
1872
1916
1916
1940
1967
1997
2009
2027
2040
2077
2087
2110
2109
2141
2141
2158
2147
2162
2158
2159
2158
2192
2158
2158
2131
2134
2097
2082
2065
2057
2022
1993
1958
1935
1904
1872
1847
1851
1831
1800
1775
1758
1721
1682
1629
1623
1628
1590
1595
1584
1567
1568
1550
1547
1524
1522
1485
1493
1453
1432
1403
1409
1399
1402
1384
1408
1408
1400
1386
1398
1382
1366
1337
1357
1320
1315
1296
1315
1305
1302
1289
1302
1307
1318
1306
1313
1303
1292
1285
1297
1278
1269
1252
1281
1277
1286
1293
1329
1344
1375
1392
1441
1452
1477
1493
1537
1560
1591
1615
1674
1698
1737
1766
1815
1827
1848
1863
1883
1875
1883
1879
1889
1898
1893
1894
1900
1922
1891
1884
1901
1886
1874
1858
1837
1828
1812
1796
1791
1779
1759
1744
1743
1711
1690
1659
1664
1628
1643
1628
1662
1662
1680
1691
1721
1733
1760
1770
1812
1804
1815
1816
1856
1875
1890
1931
1965
1969
1959
1954
1960
1932
1920
1897
1873
1820
1795
1762
1796
1812
1815
1813
1825
1821
1826
1818
1837
1822
1819
1813
1857
1868
1878
1898
1921
1953
1934
1909
1921
1914
1890
1876
1880
1861
1859
1845
1846
1817
1799
1783
1813
1805
1808
1794
1814
1776
1771
1770
1784
1799
1830
1850
1881
1893
1895
1905
1941
1969
1970
1998
2022
2046
2096
2097
2140
2141
2174
2196
2234
2243
2252
2248
2244
2245
2235
2226
2246
2227
2231
2221
2214
2200
2196
2181
2198
2178
2149
2120
2095
2091
2086
2070
2083
2070
2072
2079
2080
2088
2075
2080
2094
2102
2119
2118
2168
2179
2214
2227
2257
2276
2298
2297
2314
2297
2315
2316
2329
2284
2295
2271
2253
2254
2218
2169
2130
2098
2049
2013
2007
1974
1973
1953
1963
1934
1918
1909
1905
1861
1840
1818
1808
1784
1753
1728
1700
1666
1639
1603
1598
1534
1494
1456
1419
1363
1327
1263
1230
1167
1120
1077
1057
1012
983
953
944
930
913
902
917
908
929
946
974
986
1017
1047
1088
1116
1151
1171
1204
1212
1228
1220
1247
1271
1295
1322
1351
1378
1410
1435
1463
1483
1506
1535
1552
1562
1583
1605
1635
1655
1667
1670
1695
1723
1725
1719
1727
1710
1702
1682
1685
1679
1680
1687
1705
1708
1704
1703
1709
1715
1710
1708
1713
1696
1679
1647
1645
1629
1606
1573
1557
1519
1492
1454
1455
1402
1371
1335
1315
1259
1224
1170
1150
1093
1063
1025
1006
977
965
945
937
932
932
922
924
926
942
953
987
1003
1036
1065
1113
1139
1181
1192
1240
1262
1289
1302
1365
1379
1426
1457
1515
1543
1604
1623
1648
1679
1679
1694
1730
1737
1751
1765
1784
1776
1792
1787
1798
1807
1795
1789
1811
1811
1813
1811
1845
1852
1855
1857
1892
1897
1906
1904
1924
1927
1927
1913
1933
1922
1916
1898
1896
1871
1859
1832
1859
1875
1866
1867
1887
1872
1873
1873
1906
1876
1901
1908
1936
1942
1969
1942
1960
1962
1965
1948
1966
1947
1929
1942
1940
1942
1948
1943
1939
1915
1936
1920
1931
1931
1945
1930
1947
1949
1967
1976
1999
1990
2021
2007
2021
2022
2033
2028
2016
1989
1984
1978
1974
1985
2008
2017
2038
2039
2037
2026
2052
2032
2030
2011
2034
2033
2032
2018
2027
2021
2036
2028
2037
2021
2029
2027
2023
2024
2019
1997
1985
1978
1960
1950
1939
1917
1923
1904
1916
1880
1857
1843
1843
1822
1809
1789
1793
1778
1772
1775
1786
1800
1816
1827
1851
1846
1854
1855
1888
1887
1890
1901
1926
1919
1910
1890
1888
1860
1835
1773
1760
1714
1683
1661
1675
1662
1675
1651
1655
1655
1647
1651
1656
1637
1638
1621
1651
1646
1658
1653
1672
1688
1699
1686
1712
1691
1696
1672
1685
1652
1637
1619
1632
1608
1589
1581
1582
1578
1566
1556
1558
1542
1530
1512
1513
1492
1490
1467
1480
1448
1452
1446
1449
1435
1441
1414
1450
1417
1426
1417
1431
1433
1419
1413
1424
1417
1408
1430
1428
1415
1412
1405
1409
1396
1400
1384
1402
1370
1363
1351
1352
1370
1328
1308
1313
1297
1312
1305
1311
1313
1310
1299
1315
1307
1295
1285
1308
1303
1297
1294
1284
1293
1300
1292
1320
1315
1339
1325
1342
1347
1330
1327
1343
1331
1329
1330
1338
1345
1326
1327
1335
1340
1332
1313
1331
1310
1308
1280
1285
1272
1262
1243
1235
1217
1219
1204
1201
1177
1176
1155
1156
1131
1102
1089
1073
1060
1057
1037
1059
1050
1047
1038
1061
1046
1054
1052
1069
1065
1068
1062
1083
1069
1088
1099
1128
1121
1137
1117
1129
1122
1141
1141
1159
1155
1153
1153
1174
1157
1155
1147
1166
1170
1163
1163
1175
1153
1147
1152
1148
1138
1136
1121
1144
1142
1148
1144
1152
1133
1136
1136
1150
1129
1119
1109
1118
1100
1088
1083
1105
1091
1104
1097
1113
1104
1104
1101
1101
1090
1091
1082
1079
1064
1064
1047
1056
1051
1055
1041
1064
1049
1055
1051
1063
1057
1068
1053
1072
1067
1079
1079
1098
1083
1088
1077
1091
1083
1068
1072
1076
1070
1054
1037
1050
1039
1038
1042
1044
1035
1033
1035
1048
1031
1038
1030
1046
1033
1042
1036
1050
1039
1050
1050
1060
1044
1047
1030
1042
1025
1029
1017
1021
1003
1012
1006
1017
1010
1003
1007
1026
1012
1015
1017
1024
1014
1021
1018
1020
1035
1028
1037
1043
1039
1038
1023
1032
1022
1033
1032
1031
1021
1031
1011
1019
1010
1011
997
1018
990
987
972
985
964
972
959
963
947
950
942
952
946
946
926
924
896
848
671
338
339
339
338
338
338
338
338
986
953
337
338
338
0
0

