;UFOS3
;Measurement details: channel = D, date = 01.06.2018, time = 06:17:51
Exposure=353
Gain=0
Temperature=15.9
Accummulate=4
1.669 mu
1.679 amas
36.567 hs
0 ozone
0 uva
0 uvb
0 uve
[Value]
0
341
342
342
337
340
341
340
372
372
386
379
375
376
392
382
384
368
384
389
381
372
403
389
392
373
406
392
389
390
409
388
382
375
405
393
397
369
401
400
377
371
406
392
392
372
405
400
386
375
397
388
375
378
407
393
373
376
403
394
391
373
399
388
384
370
417
390
386
371
402
388
377
385
412
401
387
375
392
392
390
378
410
392
385
377
405
395
375
380
407
393
378
379
406
396
373
370
410
390
374
374
394
391
383
374
402
392
382
370
400
396
380
378
404
391
381
377
403
392
386
383
415
405
389
380
396
393
384
373
393
387
385
374
408
407
379
381
401
396
394
382
398
399
380
378
401
389
376
398
396
393
375
374
413
397
391
372
403
400
375
373
401
397
394
389
405
398
400
377
402
400
386
394
399
393
381
382
406
387
381
371
403
397
385
378
422
398
387
384
394
414
379
383
403
405
386
379
414
392
388
377
399
395
383
378
405
390
390
380
405
394
375
391
397
393
383
372
394
400
391
373
408
397
386
378
399
387
383
370
405
390
379
377
401
399
386
378
405
394
394
375
402
397
383
385
408
390
392
378
402
396
386
376
402
403
383
385
414
392
376
393
404
398
392
370
398
390
389
371
393
390
374
386
407
394
383
381
421
402
386
375
395
404
388
370
403
390
386
379
395
401
386
374
398
398
383
378
404
392
389
373
402
400
388
385
402
388
388
364
402
404
398
379
409
396
384
380
397
396
379
378
396
394
381
380
404
387
394
378
409
391
388
381
401
390
395
374
414
406
381
378
399
403
379
384
401
402
385
379
408
401
378
383
401
391
379
380
411
389
400
381
406
391
397
378
424
394
391
384
397
398
393
377
397
401
388
381
405
396
385
376
396
390
385
383
399
391
384
378
399
396
385
373
401
394
386
370
399
402
387
375
411
400
391
377
409
384
390
378
404
392
384
372
398
395
394
380
404
390
386
389
395
391
382
378
401
395
391
379
397
398
376
367
426
392
377
383
402
395
388
382
394
395
379
378
399
398
389
370
403
389
387
383
396
390
386
384
399
399
396
374
405
394
386
382
400
396
380
377
405
394
388
372
401
387
391
388
403
395
395
384
401
390
387
381
402
392
384
383
396
392
389
377
407
387
390
376
418
389
394
386
407
388
379
389
394
397
384
378
397
387
388
372
413
393
381
390
401
387
384
384
396
392
389
379
396
396
387
393
400
391
388
384
397
390
391
385
396
394
388
385
395
393
393
377
396
391
382
375
396
388
388
380
399
395
399
390
406
389
382
383
402
395
388
386
407
394
386
378
401
389
390
374
401
394
389
386
396
394
382
381
407
400
384
386
401
395
382
385
403
393
384
388
410
385
394
377
398
391
391
391
414
390
387
383
398
390
387
381
399
390
381
386
412
390
379
384
402
393
398
376
404
390
388
377
408
392
376
387
397
392
404
377
400
389
382
376
402
395
383
375
397
395
372
378
400
382
398
383
403
390
386
376
398
391
381
372
402
393
381
384
399
391
385
384
410
396
387
373
401
390
388
384
410
392
387
387
404
386
380
375
399
383
391
377
397
390
391
384
406
389
385
368
392
392
384
378
392
387
391
381
388
389
381
382
395
390
380
376
403
393
385
385
398
382
385
388
393
396
388
378
404
398
382
387
401
387
394
389
396
390
388
433
401
396
401
379
402
390
391
383
399
389
385
382
402
388
390
379
400
390
391
379
403
390
393
383
398
389
382
384
402
399
393
375
404
383
383
382
409
397
394
382
403
389
384
383
399
394
382
386
399
391
385
383
404
387
393
379
397
393
390
369
399
388
387
383
394
392
389
382
411
390
386
382
399
387
379
381
397
392
392
381
410
391
395
394
396
388
396
380
406
394
400
386
395
398
386
384
397
397
389
392
405
397
388
379
400
390
399
386
401
395
384
385
393
391
382
384
397
393
393
390
396
391
382
377
405
392
391
390
400
395
389
378
401
390
392
387
402
393
389
382
396
395
395
399
408
393
385
384
397
389
388
389
401
393
386
385
403
388
390
385
399
396
391
385
400
387
385
380
394
395
387
384
403
397
393
384
397
390
390
388
399
391
393
385
397
391
382
382
404
389
398
377
404
393
390
384
398
390
391
387
402
391
402
376
400
386
398
376
399
393
387
386
406
396
380
378
398
403
389
384
395
393
399
388
403
391
392
391
401
393
402
387
399
396
395
382
394
390
392
385
397
391
399
390
402
388
398
388
401
392
393
386
398
392
386
376
400
394
401
380
399
392
391
384
397
388
381
384
397
395
386
385
401
402
394
383
394
391
391
388
394
389
391
375
400
393
400
378
398
397
387
379
397
387
385
379
399
392
388
387
399
394
400
387
402
392
387
397
395
398
390
389
395
389
391
384
394
391
395
395
406
390
382
390
402
392
392
381
394
394
391
383
396
393
391
389
403
398
392
384
400
398
390
381
400
378
386
386
397
393
394
394
398
385
390
380
404
387
399
383
401
390
391
381
396
392
400
388
397
392
402
385
401
393
388
390
394
394
388
386
393
397
397
385
401
385
398
387
396
393
397
386
400
387
390
393
398
392
389
384
395
392
397
391
397
391
398
382
394
386
393
376
395
394
389
389
395
391
392
387
396
395
391
385
393
389
395
391
395
390
389
384
399
385
387
384
403
383
389
381
398
382
398
391
403
394
397
395
393
392
388
386
397
387
405
388
393
386
394
390
407
390
395
385
396
386
391
387
400
404
394
383
395
388
403
384
397
396
391
387
401
393
398
383
416
389
401
391
396
393
388
389
390
386
396
388
406
387
385
384
389
386
394
382
394
388
404
390
392
386
395
389
395
391
391
394
394
386
391
390
400
386
391
384
388
393
389
392
400
390
394
386
392
394
395
392
404
394
398
383
399
389
394
383
399
383
405
387
396
391
396
383
398
393
393
384
394
391
395
386
395
388
396
388
402
385
388
389
395
387
399
379
400
395
393
383
397
379
397
390
400
395
404
392
399
389
399
375
391
388
388
384
390
392
394
388
391
393
399
384
405
388
387
392
404
384
391
384
395
386
396
388
394
383
397
387
406
388
398
389
400
388
392
386
398
389
392
383
400
392
396
386
394
381
392
387
395
389
386
387
398
389
394
400
397
394
389
386
394
389
399
388
394
386
391
388
401
386
394
386
386
392
397
391
399
398
395
382
396
390
391
382
391
392
395
391
395
392
398
387
391
388
391
383
389
392
399
388
386
392
391
384
398
388
398
387
397
389
395
387
395
394
400
393
396
396
405
385
401
391
390
382
398
384
399
393
403
394
391
386
389
387
399
396
402
397
397
394
397
393
396
381
403
390
395
388
403
386
399
386
396
390
385
394
401
383
386
395
388
385
395
393
392
392
389
393
398
392
406
385
392
385
403
389
397
391
397
388
392
380
399
388
392
387
397
385
391
388
401
392
396
386
396
403
389
386
393
386
390
387
395
390
397
381
395
384
397
388
394
393
393
391
391
387
393
390
394
391
391
389
393
394
385
391
396
384
400
384
392
387
397
390
392
395
391
384
398
389
400
393
393
392
398
388
398
390
391
390
389
392
393
385
387
392
399
390
395
388
392
386
404
389
404
391
386
387
388
384
386
386
391
385
398
390
390
394
394
385
390
387
388
384
388
384
393
387
399
389
398
395
398
392
391
390
394
395
396
386
392
386
392
383
395
392
395
390
392
385
391
387
394
388
389
384
394
382
391
390
388
388
390
388
408
387
394
389
390
389
398
393
393
388
396
377
393
390
386
393
392
385
395
384
397
382
394
382
395
383
402
389
395
386
393
395
391
378
393
385
389
383
383
387
398
388
386
392
389
379
399
390
395
384
393
398
391
391
397
390
388
384
389
385
391
387
389
388
384
386
386
379
391
392
399
391
390
390
388
387
385
388
387
384
394
390
390
385
395
380
394
386
388
390
392
392
390
386
390
397
393
391
397
384
391
390
396
388
398
393
391
385
392
386
396
385
396
384
393
386
399
391
393
387
397
388
402
391
397
382
396
393
392
385
401
383
402
388
391
387
391
388
399
387
386
389
393
392
396
391
396
390
390
381
397
387
393
389
396
385
390
387
386
389
397
392
391
387
388
386
393
395
392
383
392
383
391
390
388
393
397
381
399
380
393
393
389
394
395
386
396
386
389
382
387
387
388
392
393
393
396
383
397
391
395
386
389
388
394
383
397
391
389
379
398
391
387
389
392
399
401
385
402
385
401
380
399
388
395
394
381
389
396
386
393
396
394
388
397
389
392
387
392
392
394
390
391
384
398
390
406
381
384
382
395
390
393
387
394
390
390
393
393
391
408
388
394
393
393
381
399
385
394
386
394
388
400
388
398
385
394
390
397
389
393
386
394
392
390
386
393
388
389
384
390
390
398
390
393
385
397
381
396
382
394
385
395
391
389
390
395
393
399
381
389
397
393
388
393
386
395
384
391
388
395
386
395
396
388
393
393
399
390
385
396
399
395
379
399
386
390
387
394
394
398
384
395
383
394
392
400
392
397
384
400
388
400
388
390
388
392
388
396
391
391
387
399
395
391
389
396
391
395
382
396
389
391
387
395
388
395
386
396
389
389
394
396
388
400
382
391
392
404
395
398
384
396
390
400
387
384
390
400
387
389
377
389
387
396
383
407
384
397
385
396
393
400
382
396
390
391
387
395
392
390
389
391
392
388
383
393
393
391
384
394
387
385
383
394
388
399
386
398
393
388
385
397
389
402
379
407
387
392
396
401
393
393
386
395
398
394
388
396
394
392
383
400
390
401
388
394
390
392
391
389
389
398
382
399
389
389
387
401
394
395
386
404
390
393
387
395
389
392
385
394
383
382
396
397
394
388
386
397
391
391
379
399
392
396
384
395
391
398
401
393
384
387
388
400
389
403
390
398
391
393
387
391
393
393
393
394
387
397
378
396
399
399
381
396
393
392
390
399
388
390
387
393
389
392
382
395
400
392
383
397
392
393
380
404
396
388
389
401
393
391
385
407
396
398
379
393
391
387
388
398
391
384
387
397
389
398
384
392
391
391
384
398
393
384
386
398
395
392
384
394
389
387
390
404
386
389
382
400
386
384
386
397
398
393
388
406
393
389
383
398
385
388
384
395
389
391
385
401
391
387
389
398
395
396
385
398
391
392
382
404
391
389
390
404
388
398
390
402
389
389
387
400
396
391
389
402
392
403
384
399
389
395
387
394
394
388
385
400
402
392
387
393
393
389
394
400
397
401
390
398
395
398
384
398
396
395
389
396
402
389
386
398
392
397
391
400
393
386
382
399
398
391
381
402
394
393
385
400
387
390
388
396
390
394
386
403
389
389
382
409
388
392
379
396
397
388
387
404
397
398
380
407
393
389
383
400
391
389
384
398
391
384
383
398
395
393
383
402
391
398
382
410
393
392
384
399
395
393
380
395
397
400
393
394
401
389
383
412
394
384
383
404
395
392
385
395
388
388
380
397
390
386
389
397
394
393
382
405
392
396
381
401
388
391
384
396
399
389
384
404
395
399
381
397
392
388
384
400
393
397
387
401
399
397
391
402
391
390
385
393
396
393
384
401
395
386
385
401
394
388
382
402
399
390
382
403
393
399
379
406
390
386
385
409
397
397
384
395
395
393
386
397
400
392
384
406
390
385
388
400
394
382
379
396
392
382
385
405
395
393
383
402
396
400
381
398
385
400
379
410
388
384
386
400
395
388
381
403
398
396
383
405
395
395
387
402
394
399
385
404
391
393
391
396
396
390
384
402
404
379
382
403
401
390
386
416
398
391
389
400
396
389
392
396
402
389
382
397
395
390
381
405
393
392
384
405
392
394
392
402
392
392
384
403
388
397
394
408
397
401
387
399
395
390
381
407
398
395
390
407
396
386
390
400
393
388
378
412
400
394
387
414
412
386
384
403
393
391
385
402
404
390
386
413
404
390
384
405
390
392
392
405
398
391
399
401
396
389
398
400
395
399
385
396
391
395
384
397
400
383
384
401
395
386
384
400
411
393
389
404
391
393
376
394
393
389
388
400
398
395
386
405
398
393
385
415
398
391
381
399
395
391
380
407
396
385
386
408
402
394
384
405
396
391
388
399
389
390
389
401
393
399
385
401
402
387
382
399
403
392
393
409
397
393
391
408
403
392
384
398
396
392
389
410
389
392
380
417
393
394
389
397
396
390
380
404
388
377
394
410
396
389
389
402
401
385
384
403
392
393
390
402
400
381
383
417
395
393
389
405
389
392
386
405
402
385
391
409
397
390
380
403
394
385
386
407
400
397
384
405
413
388
392
401
391
393
389
410
392
390
381
408
393
393
382
407
394
396
382
401
400
395
376
400
402
395
394
414
394
391
382
401
392
390
383
398
394
393
388
403
395
387
383
407
390
393
388
406
393
396
385
397
391
388
379
410
394
392
387
403
395
387
387
405
392
389
390
403
388
388
388
406
398
392
380
402
400
393
381
406
412
384
379
406
398
394
383
399
396
388
386
402
397
383
384
404
392
394
387
411
395
390
381
412
394
386
388
396
396
392
382
410
394
391
381
403
398
383
394
405
399
390
386
398
398
387
398
405
401
386
375
404
395
386
384
409
396
396
382
401
397
395
382
397
394
391
389
401
421
392
381
391
394
397
390
403
393
388
379
401
403
390
384
405
407
389
379
398
393
386
385
399
399
392
391
404
393
381
382
399
410
391
387
396
396
394
384
402
397
381
393
403
389
394
392
402
398
396
382
405
393
387
383
404
394
392
377
401
400
392
385
394
394
386
381
395
394
390
382
402
402
387
383
400
396
396
379
398
395
388
380
403
401
387
387
400
397
392
381
410
386
401
384
402
398
396
382
397
394
386
383
404
391
386
383
402
397
392
388
411
393
393
386
409
396
393
396
397
405
394
383
413
392
389
387
401
394
390
381
398
395
388
389
412
389
393
383
399
397
383
380
398
387
393
392
406
393
391
384
402
391
387
383
407
398
394
385
402
393
390
386
401
395
396
387
398
393
389
393
400
394
386
387
394
390
391
377
399
395
391
388
402
388
393
385
397
394
380
384
403
403
390
381
401
390
390
383
402
393
389
381
401
399
391
392
408
394
390
381
407
394
388
389
407
394
394
384
406
393
395
391
401
391
392
394
396
395
388
387
399
392
388
383
406
392
386
385
406
394
388
380
409
401
395
386
414
396
397
388
403
393
403
383
400
405
388
387
394
392
384
387
402
389
400
387
402
400
392
381
402
396
393
381
400
399
391
383
401
398
387
387
405
395
390
382
408
397
390
375
391
396
393
379
400
400
385
383
397
390
393
387
414
389
395
378
404
395
388
379
398
394
394
384
402
384
382
386
389
393
391
391
398
385
395
384
399
391
385
381
402
394
395
390
399
392
397
386
399
387
396
389
400
394
397
396
397
396
393
394
397
405
395
390
403
397
392
383
408
408
395
388
405
399
399
386
404
388
391
397
405
402
391
383
402
401
399
388
391
388
400
389
409
405
384
390
404
399
393
380
400
396
386
389
400
397
394
390
404
389
392
383
399
395
391
387
406
399
395
378
397
394
389
381
406
393
390
386
412
397
401
389
399
398
386
391
404
392
390
380
400
395
393
382
398
402
398
388
410
394
395
381
407
391
388
379
404
395
387
387
402
405
392
382
397
393
390
381
406
392
393
388
407
390
384
385
397
391
396
379
415
394
389
386
406
404
388
383
402
395
390
398
406
389
385
382
399
392
391
380
406
387
390
384
403
420
390
389
400
389
401
391
408
396
391
385
399
398
384
381
400
402
393
389
393
400
396
392
405
391
402
389
403
395
388
390
409
402
389
392
402
407
387
385
401
403
393
378
404
393
394
384
396
393
394
391
403
395
391
388
404
392
395
387
403
398
379
390
401
389
394
385
410
395
392
378
407
392
394
386
403
390
390
385
406
394
400
391
404
391
400
385
396
390
395
384
399
402
388
378
402
395
393
382
402
399
388
387
402
394
389
396
403
401
400
384
405
403
392
395
402
389
382
385
412
391
388
386
404
401
390
382
404
398
400
387
400
399
387
385
402
400
399
390
409
396
395
389
402
399
398
380
401
389
388
390
402
393
400
386
401
395
392
386
404
394
388
382
416
398
388
395
409
401
391
380
406
390
388
393
406
400
384
390
405
391
392
385
404
393
392
390
403
393
388
396
404
396
393
379
405
397
396
387
397
388
388
384
401
399
384
384
411
394
388
393
399
389
387
389
394
399
395
397
398
395
384
382
393
393
390
392
407
395
399
382
404
391
396
382
410
394
385
383
406
394
400
392
400
394
388
383
411
397
403
388
392
388
388
392
339
340
340
339
341
340
339
339
404
383
340
340
339
0
0

