;UFOS3
;Measurement details: channel = Z-D, date = 01.06.2018, time = 07:47:42
Exposure=266
Gain=0
Temperature=16.6
Accummulate=4
1.387 mu
1.39 amas
45.981 hs
298 ozone
0 uva
0 uvb
0 uve
[Value]
0
-1
2
1
1
-2
-3
-1
-1
-2
-3
0
-1
-2
1
-1
-4
-4
0
-4
-1
-2
-1
-1
-1
-1
2
2
1
1
1
-2
1
-1
-2
-1
0
-1
0
2
-1
-1
1
0
2
-1
-2
0
-3
-1
-1
-3
-2
-1
-2
-3
0
1
0
-1
2
-2
-1
-1
0
0
-4
-3
-2
3
1
0
0
-1
-3
0
1
-1
-1
0
2
-1
-3
-1
0
2
1
-2
-1
-3
-1
1
-1
0
0
-1
-2
2
-2
0
0
1
-3
0
-1
-1
-2
1
3
-1
4
0
3
1
2
-1
1
-1
0
0
-5
0
-2
-2
0
1
-1
-1
1
-2
-1
0
-1
-2
0
0
2
-1
0
0
-2
1
2
-2
-2
2
0
1
0
-2
1
0
1
1
1
1
-1
-1
0
-2
-1
-1
-1
-1
1
1
-3
1
3
1
2
1
0
2
-3
-1
-1
-1
2
0
0
0
-2
2
-1
-3
1
-1
-1
0
1
1
-2
0
0
0
2
1
1
-2
1
-2
1
-1
-1
-2
-1
2
1
-1
-2
0
0
-1
1
-1
2
-3
-1
-2
1
-1
-1
-2
-2
0
2
-2
0
-2
0
-2
1
2
-2
0
-1
-1
1
2
0
-1
-1
-2
-2
-3
1
-1
-1
0
-2
2
-2
-2
1
4
-4
0
3
-1
0
2
-1
0
2
-2
0
2
0
-1
0
0
0
-1
0
-1
-1
1
0
0
0
1
0
1
0
2
0
-1
-2
0
-2
1
1
-3
3
1
0
-2
-2
1
4
-4
1
1
0
-3
1
1
0
-1
0
2
0
0
-2
0
-1
1
2
0
1
1
-1
0
2
1
-1
-1
-1
1
-2
0
1
1
0
-1
2
-2
1
-1
-1
2
2
-2
-2
-3
1
-2
1
-2
4
-2
2
-2
-3
1
1
-2
4
-4
2
-3
0
0
1
0
2
3
1
-1
3
-1
-3
0
-1
2
2
2
0
3
1
-1
-2
1
4
1
-3
1
1
-1
0
-1
-2
0
2
4
0
-4
3
1
1
0
3
2
0
2
2
1
1
1
-3
0
2
2
2
-4
1
0
1
1
0
0
1
1
0
0
2
-1
-2
-3
1
1
0
0
0
0
2
3
-1
3
-1
0
-1
2
0
-1
3
1
2
2
2
2
5
1
1
0
1
0
-1
-2
1
2
0
0
0
0
0
0
-1
0
1
3
2
2
0
3
2
2
1
3
1
0
2
-1
0
0
1
2
0
3
0
1
-1
2
0
5
3
0
2
1
3
-1
3
2
1
2
3
3
1
-1
3
3
2
0
1
1
0
1
0
1
1
1
3
0
2
2
0
0
1
5
1
2
3
-1
2
1
0
1
2
1
1
2
1
3
1
2
0
0
2
1
3
0
-1
0
1
-2
3
-1
5
1
2
2
0
0
0
0
3
2
3
0
5
4
3
3
1
2
2
3
0
1
2
0
4
4
2
3
2
2
2
2
5
-1
2
1
2
0
1
-3
4
1
2
2
2
1
1
2
2
-1
0
-2
4
2
0
-1
1
2
1
2
1
-1
2
1
0
3
2
4
3
3
0
2
4
1
3
2
2
2
1
0
1
3
1
3
2
3
2
0
3
3
4
5
1
3
3
3
2
3
0
2
5
4
-1
3
3
1
3
-1
3
3
4
1
3
1
2
4
3
3
1
4
4
2
5
4
2
4
3
5
3
2
3
1
6
5
1
3
2
2
1
0
1
2
7
3
3
4
4
4
3
2
3
4
2
3
1
4
4
4
3
4
2
6
0
2
5
5
5
2
2
3
7
3
4
7
3
7
6
8
5
4
3
2
8
5
4
6
4
7
3
4
6
6
6
9
7
10
9
4
7
3
7
5
9
6
9
6
4
9
5
6
6
7
11
8
7
8
6
5
11
9
8
8
12
11
14
10
13
12
11
7
11
13
16
11
14
13
15
17
18
15
18
18
20
16
17
16
17
18
17
14
17
19
19
14
19
18
21
16
18
17
19
21
19
21
22
21
26
23
29
27
30
31
33
31
37
33
37
36
38
37
44
44
46
46
52
51
53
52
57
56
57
59
58
59
60
58
63
60
61
61
59
60
59
61
58
56
59
56
59
59
60
60
65
66
67
70
74
72
73
75
76
76
81
81
86
86
90
90
95
100
98
102
107
104
109
108
113
112
117
119
118
115
122
114
116
114
115
113
114
111
112
108
111
112
112
115
113
118
118
121
118
119
123
123
121
127
128
130
132
131
138
138
137
141
143
146
148
150
154
154
160
162
170
172
175
177
180
186
187
194
195
191
199
203
196
201
208
200
208
208
211
204
210
212
210
204
207
213
211
218
217
217
222
220
221
215
219
217
220
216
215
216
216
216
219
217
217
214
214
212
208
206
211
207
213
213
218
219
220
225
226
231
231
230
241
241
244
245
248
250
250
250
257
258
265
266
269
270
285
289
294
306
314
315
322
331
337
348
359
368
383
386
406
415
421
425
441
449
456
461
475
481
481
498
505
508
514
517
519
524
528
526
530
533
530
529
534
532
530
524
524
521
519
518
517
519
529
531
530
541
534
541
545
542
545
548
556
564
568
574
577
579
592
585
599
603
612
609
616
614
622
621
627
629
631
633
635
637
631
635
626
636
632
635
638
637
647
644
655
661
673
684
687
702
707
713
713
716
706
698
694
689
687
682
680
671
669
663
673
667
671
674
679
672
688
696
708
714
739
756
764
777
789
788
797
793
793
785
792
779
767
755
737
720
705
692
676
667
650
635
633
618
608
603
603
603
613
614
620
624
635
647
657
674
688
715
731
740
761
770
777
790
800
807
822
823
839
846
851
858
868
876
892
902
903
914
929
940
953
962
965
974
979
973
973
966
948
930
911
901
879
861
853
839
831
822
818
815
817
809
806
807
814
818
821
844
851
870
896
927
945
977
1005
1024
1043
1056
1068
1072
1083
1068
1078
1081
1075
1075
1068
1064
1059
1052
1053
1042
1053
1051
1046
1044
1045
1058
1055
1074
1085
1102
1116
1130
1134
1156
1178
1198
1217
1233
1254
1288
1298
1315
1341
1353
1376
1391
1406
1420
1423
1443
1458
1463
1469
1458
1452
1437
1423
1398
1381
1361
1333
1305
1277
1262
1233
1210
1199
1187
1161
1159
1155
1159
1169
1179
1193
1199
1221
1237
1262
1275
1294
1309
1314
1319
1333
1344
1343
1355
1350
1341
1326
1309
1295
1282
1249
1228
1194
1156
1129
1111
1088
1067
1058
1043
1044
1046
1053
1044
1052
1052
1052
1055
1063
1071
1081
1081
1102
1098
1112
1118
1132
1142
1160
1173
1176
1186
1202
1213
1217
1224
1237
1240
1256
1270
1274
1287
1290
1299
1294
1299
1292
1289
1299
1303
1290
1284
1288
1283
1276
1279
1259
1254
1251
1258
1255
1250
1262
1255
1261
1265
1263
1268
1264
1265
1280
1270
1279
1295
1303
1313
1324
1352
1374
1391
1412
1432
1463
1478
1498
1522
1540
1547
1563
1578
1594
1602
1607
1601
1588
1582
1579
1577
1590
1604
1613
1617
1615
1623
1629
1635
1646
1640
1658
1674
1684
1695
1692
1714
1701
1718
1719
1720
1719
1708
1707
1710
1700
1702
1678
1678
1680
1661
1664
1667
1680
1677
1687
1704
1717
1723
1742
1754
1748
1747
1747
1755
1762
1760
1774
1777
1769
1780
1788
1789
1781
1775
1778
1779
1792
1798
1820
1827
1844
1870
1885
1902
1921
1949
1972
1990
2024
2043
2081
2116
2141
2172
2194
2230
2256
2258
2279
2274
2274
2262
2256
2237
2217
2213
2207
2196
2190
2184
2189
2196
2193
2202
2205
2198
2200
2179
2178
2162
2143
2121
2105
2094
2083
2036
2014
1979
1952
1917
1896
1880
1865
1863
1852
1842
1828
1805
1772
1738
1716
1687
1667
1652
1650
1634
1637
1633
1637
1649
1650
1660
1682
1711
1728
1756
1782
1804
1829
1841
1850
1842
1843
1848
1831
1813
1823
1798
1787
1769
1778
1757
1751
1734
1736
1716
1708
1709
1699
1687
1675
1683
1684
1688
1705
1714
1720
1723
1719
1729
1716
1713
1696
1669
1671
1655
1627
1620
1608
1598
1595
1592
1587
1576
1576
1563
1558
1550
1552
1544
1540
1538
1544
1562
1568
1588
1624
1634
1650
1684
1707
1718
1727
1742
1753
1762
1750
1744
1729
1730
1708
1720
1712
1743
1744
1736
1742
1744
1741
1741
1750
1761
1769
1772
1794
1813
1827
1831
1839
1842
1847
1845
1838
1803
1784
1744
1707
1673
1623
1599
1573
1558
1534
1527
1513
1515
1506
1508
1517
1527
1538
1538
1551
1564
1584
1604
1638
1637
1649
1660
1665
1670
1662
1640
1637
1597
1573
1547
1527
1512
1497
1482
1513
1526
1558
1570
1620
1652
1698
1733
1771
1817
1829
1859
1864
1878
1885
1897
1907
1923
1937
1950
1942
1939
1944
1936
1938
1937
1934
1938
1955
1958
1975
1986
1997
2009
2040
2068
2102
2127
2141
2146
2141
2148
2139
2111
2097
2096
2062
2031
2004
1976
1960
1937
1925
1909
1933
1947
1954
1967
1981
1997
2013
2042
2074
2121
2164
2205
2248
2271
2302
2328
2345
2342
2344
2336
2332
2329
2315
2309
2297
2268
2250
2224
2203
2177
2158
2126
2096
2063
2059
2048
2046
2037
2024
2015
2000
1987
1978
1958
1935
1914
1891
1888
1882
1877
1880
1858
1857
1844
1851
1851
1849
1859
1867
1873
1881
1888
1903
1914
1938
1938
1960
1960
1964
1964
1960
1958
1957
1952
1934
1932
1920
1906
1888
1868
1864
1854
1859
1854
1864
1870
1894
1878
1904
1890
1890
1894
1869
1862
1871
1861
1861
1867
1867
1867
1864
1837
1824
1820
1792
1764
1754
1713
1684
1646
1615
1581
1535
1494
1465
1430
1389
1356
1329
1299
1296
1270
1257
1247
1248
1237
1241
1260
1268
1292
1322
1353
1395
1433
1482
1513
1556
1571
1595
1625
1643
1656
1670
1688
1706
1727
1749
1766
1774
1764
1776
1780
1780
1781
1776
1764
1752
1732
1720
1701
1690
1664
1671
1660
1652
1643
1629
1627
1621
1623
1626
1616
1633
1628
1640
1649
1667
1683
1693
1722
1737
1751
1785
1812
1822
1845
1860
1882
1866
1869
1884
1867
1867
1859
1860
1859
1841
1823
1813
1781
1768
1752
1740
1737
1731
1733
1721
1715
1716
1716
1725
1731
1741
1738
1733
1748
1756
1751
1755
1767
1775
1784
1779
1801
1814
1814
1830
1848
1854
1860
1866
1865
1856
1856
1843
1832
1833
1842
1836
1840
1834
1830
1845
1867
1862
1866
1866
1847
1826
1805
1780
1765
1761
1765
1776
1792
1827
1839
1861
1884
1907
1948
1961
1991
2014
2044
2073
2118
2145
2176
2204
2234
2263
2280
2311
2319
2322
2309
2292
2287
2257
2242
2220
2197
2196
2183
2178
2169
2155
2141
2116
2096
2086
2053
2035
2024
2016
2016
2019
2010
2007
2021
2032
2040
2060
2084
2098
2104
2124
2124
2131
2153
2154
2166
2171
2162
2151
2104
2062
2011
1959
1895
1853
1814
1776
1742
1737
1725
1726
1734
1739
1752
1771
1785
1808
1819
1839
1847
1853
1876
1891
1916
1939
1964
1991
2005
2018
2023
2022
2024
2006
2001
1984
1969
1966
1972
1957
1964
1959
1968
1975
1975
1981
1995
1992
1997
2013
2023
2039
2046
2070
2082
2099
2111
2121
2116
2102
2082
2069
2062
2051
2040
2036
2031
2011
1989
1972
1952
1940
1908
1894
1884
1862
1845
1837
1830
1805
1795
1789
1784
1771
1754
1733
1716
1684
1658
1650
1617
1613
1611
1607
1613
1624
1639
1648
1686
1692
1685
1667
1658
1653
1638
1628
1628
1611
1606
1612
1592
1580
1549
1535
1497
1459
1438
1405
1376
1352
1326
1316
1315
1315
1324
1338
1350
1357
1358
1361
1355
1354
1358
1350
1356
1375
1370
1391
1400
1399
1384
1377
1360
1354
1330
1317
1311
1296
1291
1281
1265
1244
1217
1181
1165
1137
1117
1107
1100
1100
1096
1104
1116
1124
1151
1186
1208
1239
1269
1301
1327
1360
1388
1430
1466
1508
1549
1592
1636
1686
1732
1767
1805
1832
1871
1890
1913
1919
1933
1938
1939
1961
1968
1981
1993
1977
1967
1965
1947
1928
1910
1897
1871
1850
1834
1806
1797
1780
1757
1731
1699
1658
1635
1601
1575
1561
1560
1554
1560
1581
1576
1585
1600
1608
1612
1632
1651
1662
1682
1695
1721
1743
1752
1765
1772
1761
1738
1730
1723
1703
1682
1667
1654
1641
1648
1654
1661
1657
1656
1651
1651
1668
1679
1705
1751
1794
1853
1895
1934
1990
2034
2071
2103
2125
2133
2123
2112
2081
2056
2030
2007
1985
1967
1943
1912
1879
1846
1826
1802
1787
1759
1755
1746
1738
1748
1762
1785
1827
1865
1907
1947
1974
1994
2025
2032
2055
2040
2041
2026
2000
1958
1931
1896
1894
1855
1826
1789
1764
1727
1703
1673
1653
1638
1634
1625
1619
1624
1635
1646
1658
1671
1693
1718
1730
1753
1769
1787
1801
1829
1854
1877
1909
1917
1936
1966
1998
2016
2018
2041
2065
2074
2074
2085
2100
2100
2099
2094
2087
2075
2080
2065
2064
2057
2049
2037
2026
2014
2009
1997
1985
1960
1949
1931
1924
1906
1888
1869
1849
1834
1834
1821
1812
1798
1790
1767
1759
1763
1766
1761
1765
1763
1760
1757
1757
1742
1748
1744
1745
1735
1727
1726
1693
1692
1684
1674
1673
1662
1657
1646
1637
1635
1622
1610
1619
1604
1600
1584
1567
1557
1538
1547
1547
1544
1547
1544
1563
1553
1581
1583
1596
1623
1632
1647
1673
1681
1708
1732
1748
1778
1801
1807
1819
1829
1845
1839
1845
1845
1849
1828
1813
1786
1759
1732
1723
1699
1707
1692
1697
1674
1664
1659
1668
1658
1648
1640
1638
1626
1607
1595
1563
1537
1516
1511
1497
1492
1494
1486
1485
1495
1515
1532
1554
1583
1612
1660
1694
1721
1752
1763
1793
1799
1834
1857
1869
1876
1865
1856
1843
1811
1808
1780
1754
1715
1690
1658
1632
1605
1570
1552
1543
1536
1528
1529
1529
1515
1498
1488
1483
1478
1479
1466
1461
1460
1463
1442
1459
1476
1495
1512
1540
1547
1560
1582
1571
1555
1537
1508
1493
1478
1456
1427
1386
1344
1306
1272
1252
1239
1236
1240
1254
1258
1305
1335
1377
1400
1449
1490
1531
1571
1598
1624
1648
1668
1680
1687
1668
1656
1635
1604
1585
1543
1500
1453
1425
1388
1361
1341
1331
1328
1337
1352
1358
1367
1393
1422
1463
1495
1536
1573
1603
1622
1651
1673
1710
1730
1756
1771
1786
1782
1784
1789
1783
1771
1760
1741
1729
1711
1697
1686
1674
1649
1660
1654
1654
1646
1653
1658
1670
1685
1704
1710
1712
1712
1718
1713
1713
1707
1730
1734
1752
1756
1770
1780
1805
1815
1820
1826
1842
1845
1863
1869
1890
1904
1924
1914
1943
1956
1971
1984
1983
1985
2007
2021
2016
2033
2041
2024
2045
2048
2067
2062
2059
2048
2047
2049
2029
2010
1987
1967
1934
1906
1873
1846
1809
1782
1755
1715
1690
1662
1639
1603
1576
1543
1523
1517
1485
1471
1473
1462
1449
1427
1426
1411
1402
1380
1367
1355
1338
1318
1320
1288
1302
1285
1294
1295
1292
1304
1315
1339
1343
1350
1357
1374
1387
1410
1432
1461
1470
1476
1485
1490
1485
1478
1482
1492
1481
1490
1481
1464
1453
1427
1416
1387
1392
1366
1358
1336
1322
1307
1296
1303
1279
1269
1262
1252
1231
1210
1192
1166
1146
1112
1098
1079
1055
1041
1046
1030
1019
1008
1000
995
982
971
950
933
905
900
882
870
854
839
847
836
832
825
821
811
807
793
789
782
768
766
765
765
769
757
764
770
774
766
764
762
763
758
751
745
739
735
734
736
735
746
758
771
779
799
819
833
850
866
884
907
917
948
959
984
1003
1032
1061
1078
1103
1110
1132
1138
1147
1145
1139
1151
1149
1152
1157
1153
1154
1152
1152
1140
1123
1110
1101
1081
1086
1093
1089
1087
1077
1069
1062
1060
1044
1036
1011
992
967
953
972
988
989
998
997
1013
1011
1014
1031
1042
1049
1084
1108
1121
1141
1155
1176
1187
1194
1195
1189
1187
1165
1147
1135
1123
1106
1093
1073
1053
1046
1047
1059
1064
1071
1069
1083
1080
1093
1091
1097
1107
1133
1129
1143
1155
1147
1144
1153
1155
1143
1137
1124
1119
1122
1102
1093
1093
1084
1085
1087
1079
1070
1071
1062
1058
1049
1048
1047
1038
1055
1057
1051
1061
1075
1088
1106
1105
1124
1130
1141
1155
1183
1191
1211
1230
1242
1262
1271
1290
1287
1306
1307
1310
1305
1306
1321
1317
1322
1340
1336
1331
1331
1318
1316
1303
1302
1305
1291
1260
1253
1246
1223
1222
1215
1203
1203
1198
1187
1191
1200
1191
1227
1246
1252
1272
1285
1308
1326
1324
1337
1326
1349
1357
1362
1359
1351
1334
1330
1327
1328
1306
1293
1283
1277
1255
1241
1219
1199
1176
1156
1132
1121
1101
1081
1057
1051
1033
1014
996
976
950
932
924
904
886
864
846
836
814
793
760
723
675
643
595
567
530
510
479
461
439
422
410
393
385
380
374
371
373
377
381
392
406
425
437
459
481
497
516
529
545
557
569
585
596
618
631
653
670
691
705
723
735
755
758
771
782
788
801
814
816
834
843
861
861
882
886
895
899
900
905
912
907
915
911
910
903
908
903
900
887
889
886
885
876
867
862
854
837
827
816
798
776
762
744
726
706
680
642
616
586
553
530
501
476
459
439
427
412
407
389
374
372
369
362
358
364
370
374
392
400
418
432
452
472
487
516
539
562
594
622
648
677
699
716
745
770
781
800
826
833
846
848
866
869
869
873
881
878
878
875
881
888
896
898
898
902
904
907
911
907
919
934
942
949
966
967
972
989
991
1001
1008
1003
1010
1013
1006
1010
1011
1008
1004
1002
992
995
995
999
995
995
1003
1000
1002
1001
1007
1005
1015
1017
1017
1023
1022
1025
1015
1002
991
989
984
988
986
996
1002
998
1006
1013
1014
1005
1013
1003
1011
1012
1025
1038
1033
1036
1053
1053
1067
1067
1069
1075
1067
1063
1062
1055
1050
1051
1045
1047
1052
1047
1060
1050
1057
1046
1054
1046
1050
1048
1050
1037
1044
1028
1028
1021
1020
1035
1039
1044
1044
1038
1044
1038
1053
1040
1033
1020
1022
1014
1004
991
978
971
956
938
930
908
893
890
899
899
901
903
909
906
917
923
935
931
936
939
948
949
954
950
951
955
962
952
955
949
939
927
916
894
877
861
854
841
834
827
818
814
810
809
816
812
810
808
809
808
810
818
822
821
832
839
838
848
839
831
829
816
803
799
792
788
778
768
763
756
748
753
743
736
734
725
718
702
705
691
688
681
672
669
674
668
670
657
653
655
651
639
641
632
644
638
638
632
639
638
638
635
641
629
629
622
626
621
626
625
627
618
614
603
597
585
588
584
586
587
594
600
602
594
598
593
594
586
589
580
593
581
588
592
594
588
587
586
592
595
594
599
595
594
601
588
591
580
580
583
571
564
577
575
570
574
569
565
556
545
545
537
528
514
514
498
493
498
494
491
475
462
452
442
442
433
432
421
417
412
420
408
406
396
409
405
411
412
413
410
413
419
417
417
427
424
435
445
455
456
460
460
463
462
464
459
462
457
462
450
452
453
458
458
466
466
473
473
467
465
468
465
466
457
462
457
456
447
447
443
445
444
445
444
439
437
432
437
432
427
426
429
426
424
424
419
419
421
415
408
404
397
401
396
392
385
383
381
386
383
387
392
394
395
394
398
399
397
397
399
408
406
412
407
414
416
421
416
411
401
399
404
401
394
395
382
386
384
385
376
375
373
377
378
374
372
375
367
376
372
379
376
377
375
376
369
373
365
362
362
358
354
351
352
353
347
350
350
348
349
356
348
346
348
349
351
358
357
363
364
367
364
371
373
380
377
381
371
333
196
0
0
-2
-2
-1
0
1
0
380
352
-4
-3
-1
0
0

