;UFOS3
;Measurement details: channel = Z-D, date = 01.06.2018, time = 07:57:42
Exposure=261
Gain=0
Temperature=16.8
Accummulate=4
1.367 mu
1.371 amas
46.836 hs
298 ozone
0 uva
0 uvb
0 uve
[Value]
0
-1
-1
-1
-1
0
0
0
-2
-2
-3
-1
0
-3
-2
0
-3
-2
-4
1
-2
-2
-1
-1
1
-5
0
-1
-1
-4
2
-3
-1
-3
1
1
1
-2
-1
-1
0
-1
2
0
0
-2
2
-2
0
-1
-1
-1
-2
-2
0
0
1
-3
1
2
2
-4
0
1
0
-1
0
-1
-2
-1
-2
-2
-1
-2
3
3
0
0
-2
-2
1
0
1
2
0
-3
-2
1
1
-1
0
0
1
1
-2
-1
-3
0
1
-3
0
0
-2
1
-4
-2
-1
1
2
-1
2
-3
-1
1
-3
-3
2
0
-1
-2
1
1
-2
0
1
0
-1
1
2
0
2
-2
0
2
1
-2
0
-2
-4
0
-3
-3
0
1
-1
0
-1
-1
0
-3
-3
0
0
0
2
3
1
-2
-1
0
-2
-1
-1
-1
-1
-2
-1
-3
-1
1
0
0
-1
0
2
-4
-1
0
-2
2
0
1
0
-1
-2
-3
-2
2
3
-2
3
-2
-1
-2
-1
-2
3
0
-2
0
2
-1
0
1
2
1
-1
3
1
-1
-1
0
1
-2
2
-2
-1
1
-1
3
1
-1
-1
-1
1
2
-2
-1
1
0
-1
-1
1
0
0
0
-1
-3
2
-2
-2
0
-1
1
0
0
3
0
3
0
-1
0
1
0
-3
0
-2
1
1
-1
1
-1
1
0
1
-1
-1
2
-1
0
0
1
0
-1
2
-1
1
2
4
0
2
-1
-2
-1
0
-1
3
0
2
0
-2
-1
0
3
1
-3
-1
2
-1
0
1
0
4
1
3
0
-1
-1
1
2
-1
-3
0
2
-1
1
2
-1
1
2
2
-3
1
-3
0
-1
1
-2
1
1
1
0
-1
-3
0
1
3
0
1
-2
0
0
-3
0
1
-1
1
-1
-3
-1
-1
2
1
1
-1
0
-1
2
2
2
1
-2
3
1
1
1
-1
0
1
-2
3
1
1
1
2
-1
2
1
0
0
1
2
1
1
-1
2
1
0
1
1
-2
1
2
0
0
-1
1
0
0
3
2
2
1
1
-1
0
1
0
0
1
4
2
-1
-2
2
1
1
-1
2
1
-1
0
-1
0
1
2
0
1
1
1
0
1
1
0
1
3
-1
2
2
-2
-1
2
2
-2
1
2
3
0
2
0
1
0
-2
-4
-1
1
2
5
2
0
3
2
0
2
1
2
0
-2
2
0
2
1
0
-1
-3
3
0
0
-1
1
1
0
-1
2
2
0
-2
0
1
-1
1
1
0
-2
0
0
2
2
1
2
3
-1
2
-1
2
3
-2
1
-1
1
-2
1
-2
2
1
0
0
0
4
0
1
-1
2
3
-1
0
2
2
4
0
4
0
2
3
2
1
3
1
4
1
0
1
1
4
2
0
1
-2
1
3
1
4
3
4
-1
-1
3
0
2
3
0
2
3
3
1
2
2
1
-1
2
2
2
1
0
0
4
-1
3
2
-2
2
1
2
4
0
-1
3
2
1
1
1
-2
2
0
1
-1
4
2
3
3
4
1
4
0
3
0
-1
0
3
1
2
0
2
0
2
-2
0
1
3
1
5
0
1
2
3
0
3
0
-1
1
4
2
3
4
3
2
2
2
3
2
3
4
1
1
3
1
1
2
3
2
2
5
2
4
2
0
4
1
5
5
2
1
2
1
5
3
2
3
3
3
2
3
3
1
1
0
6
2
2
-1
7
1
5
3
1
4
4
2
1
5
3
2
1
1
2
3
4
3
1
4
3
6
4
0
4
4
6
2
3
2
4
6
5
4
3
3
4
2
4
2
6
5
8
4
3
6
4
5
2
3
2
7
5
7
6
5
9
5
2
5
7
5
7
4
10
3
9
9
11
8
6
8
7
6
7
5
8
6
9
8
6
4
9
5
9
8
6
7
7
6
9
7
8
8
7
8
9
10
10
11
8
8
13
11
13
12
10
13
13
12
17
15
16
16
16
15
18
16
16
20
17
17
18
18
17
21
20
17
19
16
18
18
18
21
19
20
20
16
18
20
20
19
23
24
28
26
29
29
32
33
33
35
37
37
38
38
39
42
45
47
48
53
53
53
56
57
60
59
59
59
61
59
63
65
63
63
62
65
68
60
60
63
58
60
58
58
59
61
64
66
66
68
71
67
76
74
76
77
84
81
84
85
89
89
93
95
101
103
106
101
110
108
112
111
115
117
121
125
122
124
125
117
124
122
118
117
118
120
118
116
120
115
119
119
121
119
120
120
123
124
126
127
129
127
131
135
134
138
135
136
139
143
146
148
152
151
158
163
165
169
175
175
177
177
187
189
193
198
198
199
204
208
204
208
209
215
209
213
214
212
215
216
214
213
214
215
220
218
224
221
228
225
222
221
222
222
223
221
222
219
222
219
223
222
222
220
216
215
216
213
218
212
216
216
222
223
229
226
233
234
232
241
243
244
246
250
250
252
253
256
260
263
267
271
278
285
290
294
299
306
317
323
327
338
345
355
366
373
385
391
410
418
428
437
447
459
460
467
479
485
492
505
508
518
519
528
527
529
532
529
534
540
537
534
542
537
536
536
527
529
523
520
524
529
533
537
542
544
544
545
550
545
555
562
567
568
572
575
586
592
591
596
611
614
614
616
622
625
625
629
634
637
640
637
642
638
635
628
633
641
641
641
645
647
650
656
658
668
677
682
699
704
716
725
723
721
712
703
706
698
696
689
688
683
673
672
669
672
679
679
683
677
692
707
711
726
741
759
770
789
796
798
801
805
804
801
795
789
778
757
741
724
707
690
686
670
656
638
634
619
609
607
610
610
614
612
617
621
637
651
660
681
690
712
738
744
758
772
789
791
804
815
827
836
850
854
856
870
874
881
902
902
920
920
942
941
954
963
973
979
984
980
977
969
956
933
922
911
883
866
856
846
831
826
822
815
822
816
815
812
818
815
834
836
851
878
902
928
955
976
1007
1026
1049
1062
1084
1072
1082
1075
1081
1079
1077
1084
1082
1068
1072
1062
1062
1047
1048
1050
1045
1052
1049
1056
1067
1078
1092
1108
1125
1134
1144
1178
1187
1206
1213
1231
1264
1286
1306
1325
1343
1361
1382
1387
1411
1424
1440
1451
1460
1466
1478
1465
1464
1445
1421
1406
1389
1359
1333
1313
1287
1265
1232
1219
1203
1186
1171
1162
1156
1160
1171
1181
1193
1211
1224
1244
1261
1281
1294
1315
1326
1337
1334
1352
1342
1361
1354
1343
1337
1327
1305
1295
1258
1222
1197
1169
1131
1110
1092
1079
1060
1052
1048
1053
1057
1055
1062
1060
1058
1068
1065
1068
1086
1086
1104
1106
1113
1114
1135
1145
1158
1171
1188
1189
1198
1211
1223
1229
1241
1245
1255
1275
1279
1288
1294
1305
1305
1296
1301
1297
1301
1306
1299
1288
1291
1279
1278
1281
1262
1253
1257
1260
1253
1248
1261
1265
1258
1263
1272
1269
1268
1272
1280
1289
1285
1284
1301
1322
1339
1360
1375
1392
1411
1424
1458
1485
1505
1525
1534
1560
1570
1589
1604
1599
1613
1607
1599
1586
1587
1592
1597
1601
1608
1616
1618
1626
1640
1641
1647
1657
1658
1668
1704
1698
1702
1704
1712
1714
1720
1724
1717
1715
1724
1711
1699
1690
1688
1678
1670
1671
1669
1664
1672
1672
1695
1705
1720
1735
1750
1758
1756
1754
1758
1756
1769
1770
1773
1768
1784
1786
1798
1794
1784
1777
1791
1782
1789
1802
1818
1836
1847
1872
1888
1913
1925
1955
1968
1986
2023
2061
2082
2113
2150
2173
2199
2223
2248
2261
2285
2285
2276
2261
2246
2230
2219
2208
2203
2207
2195
2195
2191
2197
2198
2204
2201
2208
2204
2182
2187
2168
2149
2120
2104
2100
2075
2052
2015
1979
1957
1922
1899
1887
1870
1864
1860
1851
1833
1801
1771
1740
1722
1680
1680
1655
1654
1641
1639
1637
1647
1642
1660
1661
1691
1703
1731
1751
1784
1805
1827
1841
1854
1847
1839
1844
1838
1824
1818
1811
1789
1777
1777
1761
1756
1733
1729
1716
1706
1703
1694
1686
1688
1678
1688
1693
1709
1714
1724
1723
1728
1723
1719
1710
1701
1676
1664
1648
1642
1620
1602
1603
1590
1592
1584
1582
1575
1565
1560
1553
1556
1544
1546
1536
1550
1555
1582
1586
1616
1635
1657
1695
1711
1716
1731
1734
1757
1758
1750
1749
1730
1727
1720
1718
1730
1735
1729
1735
1748
1739
1749
1746
1755
1762
1770
1777
1790
1804
1824
1828
1843
1843
1853
1844
1835
1804
1778
1746
1711
1670
1621
1603
1577
1558
1533
1518
1511
1510
1512
1509
1520
1528
1539
1545
1543
1569
1579
1608
1634
1629
1649
1666
1676
1675
1669
1647
1632
1593
1572
1544
1522
1512
1498
1496
1506
1523
1549
1585
1623
1655
1692
1733
1763
1805
1827
1853
1867
1875
1885
1888
1912
1927
1932
1955
1952
1944
1950
1934
1939
1934
1930
1939
1944
1955
1982
1984
2000
2012
2039
2072
2088
2113
2140
2146
2151
2139
2138
2123
2108
2089
2053
2027
2004
1970
1953
1933
1923
1915
1932
1940
1948
1970
1986
2002
2017
2037
2080
2120
2160
2208
2247
2273
2292
2322
2337
2341
2342
2336
2322
2334
2310
2311
2282
2270
2234
2217
2194
2173
2153
2133
2101
2061
2056
2050
2047
2042
2022
2012
1994
1980
1972
1960
1940
1907
1887
1881
1880
1872
1877
1866
1854
1850
1844
1852
1855
1860
1868
1867
1875
1892
1901
1918
1928
1942
1950
1952
1956
1958
1956
1964
1960
1954
1944
1929
1919
1901
1889
1869
1860
1853
1853
1860
1866
1868
1889
1879
1897
1894
1895
1882
1871
1865
1864
1862
1861
1866
1869
1860
1863
1840
1824
1816
1786
1758
1741
1717
1692
1644
1614
1572
1534
1492
1465
1434
1390
1345
1334
1298
1284
1261
1259
1246
1248
1236
1242
1258
1267
1290
1328
1352
1406
1435
1476
1510
1555
1580
1599
1612
1638
1652
1682
1684
1704
1720
1748
1757
1759
1772
1770
1775
1786
1777
1764
1765
1753
1734
1705
1695
1692
1669
1680
1660
1656
1641
1623
1623
1623
1630
1631
1620
1621
1634
1634
1653
1668
1675
1697
1713
1730
1757
1794
1808
1826
1851
1865
1871
1870
1872
1877
1867
1864
1857
1860
1848
1839
1827
1803
1782
1765
1759
1740
1733
1737
1728
1725
1716
1716
1717
1732
1727
1736
1734
1736
1750
1751
1754
1756
1770
1773
1786
1783
1794
1808
1825
1833
1844
1851
1849
1862
1868
1868
1852
1841
1838
1836
1845
1833
1839
1833
1838
1849
1859
1869
1871
1867
1838
1823
1793
1778
1763
1758
1768
1781
1795
1820
1840
1855
1876
1903
1938
1970
1983
2020
2050
2074
2105
2136
2172
2195
2234
2249
2273
2309
2316
2329
2302
2301
2287
2264
2244
2224
2200
2202
2176
2181
2166
2153
2134
2108
2091
2073
2047
2035
2035
2024
2020
2008
2011
2012
2017
2028
2039
2058
2076
2089
2106
2121
2127
2139
2146
2151
2164
2173
2159
2140
2108
2065
2016
1959
1908
1865
1811
1768
1740
1738
1725
1720
1721
1737
1744
1767
1797
1807
1819
1841
1849
1859
1875
1886
1911
1934
1961
1992
2004
2014
2021
2032
2018
2009
1996
1983
1964
1951
1962
1957
1961
1965
1971
1980
1969
1979
1989
1995
2000
2017
2028
2047
2048
2062
2071
2098
2114
2123
2115
2097
2090
2071
2051
2057
2032
2039
2029
2008
1991
1974
1954
1936
1910
1898
1886
1861
1850
1840
1830
1814
1788
1788
1783
1781
1759
1735
1720
1697
1665
1651
1624
1625
1604
1607
1612
1621
1641
1658
1679
1688
1685
1671
1654
1649
1640
1632
1626
1625
1616
1611
1589
1580
1554
1530
1490
1463
1432
1410
1373
1350
1330
1310
1306
1306
1317
1339
1341
1362
1361
1348
1355
1358
1359
1356
1358
1366
1373
1382
1399
1396
1380
1375
1359
1343
1335
1312
1304
1298
1286
1280
1271
1239
1215
1189
1161
1137
1113
1109
1101
1099
1093
1100
1109
1126
1149
1187
1204
1239
1264
1298
1325
1354
1393
1424
1461
1511
1550
1592
1630
1691
1724
1767
1811
1831
1873
1889
1909
1914
1934
1933
1945
1962
1966
1974
1984
1979
1968
1955
1954
1939
1910
1897
1877
1857
1837
1816
1797
1778
1751
1735
1700
1666
1628
1603
1578
1564
1555
1559
1563
1566
1576
1588
1591
1606
1611
1635
1652
1671
1680
1700
1714
1741
1754
1768
1779
1763
1738
1733
1715
1702
1677
1659
1649
1643
1645
1657
1662
1658
1655
1659
1651
1658
1678
1708
1748
1794
1841
1890
1941
1981
2026
2069
2111
2129
2141
2133
2111
2081
2058
2020
2005
1984
1954
1945
1912
1882
1857
1827
1796
1777
1762
1754
1747
1737
1752
1758
1786
1817
1852
1904
1942
1973
1994
2022
2042
2044
2037
2050
2028
2004
1957
1927
1906
1889
1845
1818
1797
1755
1732
1704
1682
1659
1636
1625
1622
1618
1619
1633
1648
1650
1673
1693
1713
1739
1750
1771
1774
1799
1808
1853
1866
1906
1919
1941
1969
1988
2010
2021
2042
2057
2078
2082
2080
2098
2092
2098
2099
2089
2079
2087
2069
2062
2057
2052
2041
2027
2017
2001
2002
1981
1961
1944
1936
1921
1897
1891
1861
1852
1842
1831
1824
1809
1800
1790
1772
1765
1763
1753
1763
1775
1763
1755
1743
1755
1739
1747
1744
1744
1743
1726
1710
1708
1690
1678
1676
1664
1665
1652
1641
1628
1626
1619
1611
1611
1595
1599
1578
1567
1558
1553
1542
1544
1548
1536
1541
1559
1561
1576
1585
1603
1618
1630
1646
1665
1688
1711
1728
1751
1765
1800
1815
1817
1827
1836
1846
1843
1846
1843
1822
1801
1790
1758
1729
1706
1697
1706
1696
1693
1682
1667
1660
1663
1655
1647
1642
1649
1625
1598
1593
1564
1536
1528
1518
1512
1488
1490
1482
1491
1489
1507
1524
1554
1586
1610
1650
1697
1715
1745
1753
1785
1807
1830
1868
1866
1876
1870
1853
1839
1816
1798
1783
1753
1717
1686
1659
1628
1599
1583
1559
1535
1527
1532
1527
1522
1512
1506
1486
1473
1485
1472
1471
1464
1452
1459
1441
1454
1472
1502
1511
1540
1549
1561
1574
1562
1560
1529
1511
1492
1475
1445
1422
1386
1336
1312
1270
1246
1240
1244
1244
1250
1270
1295
1335
1368
1408
1446
1491
1527
1569
1600
1624
1645
1657
1681
1674
1669
1651
1634
1609
1588
1535
1497
1454
1422
1389
1366
1338
1339
1331
1336
1344
1350
1364
1389
1413
1444
1493
1544
1568
1594
1624
1651
1685
1712
1733
1754
1774
1777
1765
1788
1784
1775
1776
1747
1737
1723
1705
1697
1689
1677
1653
1657
1651
1649
1643
1649
1650
1673
1693
1706
1698
1718
1702
1718
1718
1710
1708
1721
1737
1744
1745
1772
1778
1805
1814
1822
1826
1834
1849
1859
1870
1883
1898
1909
1919
1937
1955
1960
1983
1984
1994
2015
2018
2013
2036
2035
2035
2039
2054
2054
2062
2059
2044
2049
2043
2024
2020
1986
1970
1937
1905
1874
1841
1803
1782
1760
1721
1692
1662
1632
1606
1570
1537
1526
1506
1486
1469
1470
1459
1439
1431
1411
1409
1395
1386
1366
1358
1333
1323
1311
1296
1297
1280
1291
1290
1294
1304
1318
1330
1343
1347
1357
1378
1390
1404
1425
1452
1464
1472
1488
1495
1485
1488
1497
1496
1483
1488
1481
1461
1455
1430
1418
1385
1380
1363
1346
1351
1326
1315
1304
1295
1281
1267
1263
1244
1221
1208
1189
1162
1137
1121
1099
1076
1062
1040
1041
1028
1018
1011
1002
994
978
967
948
932
910
894
889
864
848
839
838
843
836
823
817
811
806
795
793
779
769
765
763
768
767
760
772
770
766
763
762
762
758
760
753
742
742
737
741
735
736
745
758
763
778
798
813
834
849
864
886
895
914
935
964
987
1007
1028
1067
1077
1097
1117
1133
1131
1145
1152
1157
1150
1148
1150
1148
1151
1160
1154
1153
1144
1127
1109
1099
1090
1088
1093
1094
1080
1084
1066
1064
1049
1046
1031
1015
992
970
958
965
986
992
994
998
1016
1010
1010
1026
1037
1057
1087
1106
1126
1144
1152
1171
1191
1196
1191
1189
1184
1170
1143
1131
1123
1114
1092
1071
1048
1042
1044
1056
1055
1064
1069
1089
1087
1083
1089
1100
1105
1129
1134
1143
1147
1145
1149
1150
1151
1140
1128
1123
1117
1109
1101
1096
1089
1090
1085
1090
1077
1069
1063
1060
1064
1054
1055
1048
1040
1058
1060
1060
1063
1076
1086
1105
1112
1120
1132
1136
1150
1184
1191
1214
1225
1245
1261
1264
1281
1291
1300
1305
1316
1299
1300
1323
1312
1314
1335
1341
1334
1328
1320
1312
1297
1305
1297
1284
1268
1261
1240
1235
1234
1214
1198
1203
1201
1190
1190
1196
1194
1227
1236
1260
1270
1286
1308
1324
1312
1320
1328
1344
1356
1358
1351
1345
1340
1334
1331
1325
1301
1293
1280
1271
1255
1231
1214
1199
1169
1160
1131
1119
1097
1081
1068
1053
1030
1015
995
964
949
940
915
897
878
866
845
835
813
793
760
723
680
636
599
567
536
506
485
456
441
424
408
396
381
379
371
369
372
376
383
395
400
425
433
452
480
497
514
528
544
559
565
582
602
614
634
657
668
688
703
722
744
747
767
772
782
785
801
803
821
831
840
849
860
872
887
893
895
898
905
910
915
914
909
910
899
909
903
898
889
885
881
879
878
869
862
853
832
821
807
798
773
761
746
720
706
678
649
620
583
558
528
503
475
454
435
421
406
402
387
378
374
371
362
362
361
370
377
391
397
413
427
449
472
495
509
539
563
586
616
642
670
694
710
742
765
778
796
822
835
846
854
863
858
872
869
878
874
877
871
866
886
891
893
906
899
916
905
907
908
920
932
943
945
959
965
972
989
990
995
1003
998
1003
1012
1004
1003
1004
1005
1003
997
1001
995
993
994
1001
1001
996
1000
995
1002
1006
1005
1016
1020
1022
1016
1026
1024
1021
1004
993
976
993
978
993
996
999
996
999
1007
1005
1001
1012
1000
1014
1015
1021
1025
1029
1042
1049
1055
1072
1066
1069
1071
1069
1068
1062
1056
1052
1046
1045
1051
1039
1048
1046
1049
1054
1047
1046
1046
1048
1047
1055
1037
1036
1031
1017
1020
1024
1025
1041
1040
1047
1035
1041
1036
1045
1039
1028
1025
1017
1005
1000
991
986
971
961
938
931
906
891
891
893
899
905
904
901
912
914
921
933
932
938
933
948
947
953
950
953
953
961
956
948
948
934
927
909
896
876
859
848
834
828
819
816
814
813
807
808
802
808
800
806
804
815
814
823
819
834
837
840
843
839
826
826
814
811
804
793
782
777
770
758
752
750
742
745
741
732
727
717
708
697
687
685
669
676
673
665
668
669
653
650
648
645
634
644
639
639
637
638
638
636
631
638
636
639
634
625
631
628
617
624
623
626
618
614
608
596
593
585
583
588
587
587
592
599
591
591
596
590
589
590
586
592
579
590
590
593
589
587
590
594
594
600
588
597
594
595
588
585
581
574
573
567
566
571
574
571
568
562
560
559
553
544
539
528
515
508
493
494
495
494
486
476
469
456
437
437
429
435
417
419
417
417
408
410
402
399
411
409
404
412
415
416
413
415
416
425
427
435
439
451
454
459
458
461
461
467
457
461
456
458
451
449
454
460
461
461
470
470
470
467
466
466
461
460
462
458
455
454
449
447
445
443
439
451
441
440
441
433
437
433
426
427
422
425
422
420
416
419
418
414
407
402
405
399
401
388
385
386
387
388
385
390
384
391
396
397
395
396
402
402
403
409
409
410
412
412
412
416
416
415
405
397
396
395
390
390
387
383
377
385
380
377
379
380
376
372
373
372
370
381
371
377
379
376
373
378
374
371
362
361
358
364
355
354
349
348
351
351
350
349
347
354
351
348
350
349
350
356
359
364
363
367
363
377
372
377
376
379
368
332
195
-1
1
1
1
-2
0
2
-2
370
356
0
0
2
0
0

