;UFOS3
;Measurement details: channel = S-D, date = 01.06.2018, time = 08:08:22
Exposure=192
Gain=0
Temperature=17.2
Accummulate=4
1.349 mu
1.352 amas
47.691 hs
0 ozone
115531 uva
1726 uvb
133 uve
[Value]
0
2
-1
0
0
0
-3
0
2
0
0
1
-2
-1
-3
0
-1
-2
-2
0
-2
3
2
2
2
-2
-1
0
0
0
1
1
0
-1
2
-3
1
1
-1
2
0
1
1
-1
3
2
2
-3
-1
1
1
1
0
1
2
1
1
-2
-1
3
3
0
1
2
1
1
-2
-1
-2
1
2
0
2
-1
0
2
1
1
1
2
3
2
0
3
3
3
-1
-1
1
0
0
2
1
-2
1
2
1
2
3
0
0
-2
2
-1
3
1
0
0
0
2
5
2
0
-2
1
1
-2
2
4
0
2
0
1
0
3
1
3
-1
-1
-1
-2
0
0
-2
0
-1
1
2
0
4
3
3
2
1
4
2
0
2
3
0
1
3
0
-1
1
1
4
1
2
2
-1
-2
0
2
-1
-1
3
-1
0
3
0
-2
2
1
1
4
2
0
3
0
2
3
1
3
3
1
1
-3
3
1
2
2
0
0
0
2
0
5
-1
1
-1
0
1
1
1
2
0
2
-1
1
4
2
-1
1
2
0
1
2
-3
0
2
1
1
1
2
0
-1
2
1
2
3
5
1
-1
1
0
3
0
1
4
1
2
2
3
0
0
-1
1
4
-1
2
-1
2
1
4
3
0
1
3
-2
0
2
-1
1
1
-1
2
2
-1
1
3
0
1
3
-1
0
5
-1
-1
4
0
1
0
1
1
1
0
1
3
2
0
1
1
1
1
-1
0
1
1
-1
1
1
-1
1
-1
1
2
4
1
1
-1
1
0
-1
3
-1
1
1
3
0
5
0
0
2
2
1
3
4
-1
0
2
0
6
2
0
0
-1
0
3
4
1
0
1
1
-1
1
2
1
-1
-1
-1
2
1
1
3
1
2
2
5
1
1
0
1
0
1
0
2
6
4
3
0
-1
4
-1
1
1
2
3
4
-1
3
1
1
2
3
0
2
2
1
-1
1
1
0
0
0
0
3
4
1
1
0
0
0
2
3
3
1
4
3
0
3
-1
1
-2
1
0
1
-2
1
2
2
3
2
1
-2
-1
0
2
3
1
2
2
2
1
2
1
1
2
1
1
2
0
0
4
2
2
3
0
4
0
4
-1
5
4
0
1
2
0
4
0
2
3
2
4
-1
2
2
2
1
2
3
5
0
1
0
1
3
3
1
2
1
2
1
2
3
2
3
4
1
1
2
-1
0
-1
2
0
3
4
9
1
1
1
2
2
3
1
3
0
0
0
3
0
-1
1
0
1
4
5
2
4
4
3
2
1
1
3
2
1
4
2
1
5
4
3
2
3
-2
1
5
0
3
-2
3
1
1
5
0
0
4
3
3
1
2
2
2
3
2
3
5
2
4
2
2
0
1
3
0
3
3
4
1
4
3
-1
3
3
1
3
5
1
1
1
6
5
2
3
5
1
2
2
1
3
4
2
3
6
5
2
2
5
3
1
1
1
2
2
4
3
3
3
2
1
2
3
4
3
2
3
3
2
2
1
1
4
4
3
3
1
3
1
5
0
3
0
2
2
4
2
1
0
4
3
3
4
2
1
4
2
2
3
5
-2
2
4
4
4
5
3
4
3
0
2
5
1
2
2
7
4
5
7
3
3
4
2
4
3
3
5
3
5
3
5
4
2
4
2
3
5
4
5
3
5
7
4
3
3
3
6
5
8
7
4
1
5
4
4
5
5
4
6
7
4
6
6
6
3
7
3
6
4
3
5
6
7
6
7
6
5
2
2
6
3
7
8
5
5
6
6
6
6
6
5
7
6
7
6
5
6
8
6
7
7
8
8
8
4
7
7
10
7
6
4
7
9
7
3
5
6
6
9
7
6
9
6
8
4
9
8
6
7
10
9
12
8
8
9
7
7
7
9
12
6
7
9
10
10
12
8
12
10
12
13
12
11
15
16
14
17
18
15
15
18
18
16
20
16
20
19
22
18
17
19
17
16
20
19
23
19
19
21
19
18
17
16
21
18
16
18
19
20
21
22
23
23
23
22
25
23
26
24
25
25
28
27
31
29
30
30
31
31
31
31
33
35
35
36
32
35
34
34
38
32
37
37
34
34
39
35
32
33
35
32
34
33
34
36
36
38
35
37
39
35
37
36
40
39
39
39
45
43
49
44
47
46
49
45
49
48
51
51
55
51
58
59
54
54
56
57
59
59
65
61
63
61
65
65
64
62
65
66
69
67
69
67
68
65
70
68
70
71
73
73
77
74
76
76
76
76
75
74
79
80
78
77
74
79
81
79
83
77
77
76
74
70
77
76
75
78
75
79
77
78
80
79
75
76
78
79
80
81
80
79
83
83
86
90
89
88
93
92
100
98
105
106
114
118
124
124
131
136
141
146
151
155
161
163
169
165
175
175
177
179
183
183
186
188
185
191
191
187
187
187
185
179
180
176
176
173
178
174
172
173
173
171
176
177
180
182
184
185
190
195
196
202
207
206
218
218
219
222
226
232
233
237
243
245
244
241
245
242
243
241
240
243
247
243
246
238
240
237
239
234
244
235
246
245
246
248
252
248
258
257
267
266
271
267
271
270
267
265
269
263
264
258
260
260
258
254
255
254
256
256
256
255
259
257
260
267
274
276
286
288
291
297
308
300
300
299
292
291
291
283
281
275
272
267
266
255
252
248
246
241
241
241
237
243
244
248
253
252
256
260
269
278
286
290
301
305
316
319
322
327
342
346
356
358
369
370
381
385
392
397
405
407
415
416
421
422
428
434
436
440
436
433
438
429
417
412
407
396
381
373
370
360
358
351
347
344
345
343
340
344
344
348
354
359
374
380
390
408
423
432
442
453
464
471
474
474
477
466
472
479
473
477
475
472
474
479
472
472
474
466
470
472
469
475
480
491
490
505
516
530
537
543
559
561
572
582
593
610
620
624
643
646
659
664
672
678
686
683
694
690
701
689
689
683
681
667
661
645
634
622
618
607
601
585
585
579
579
574
580
582
585
590
605
605
624
625
640
646
655
649
653
655
653
657
664
657
655
647
644
639
624
615
603
596
580
566
558
551
541
534
532
532
532
533
546
544
551
555
553
555
560
565
578
579
583
584
600
601
612
610
616
617
617
616
616
620
624
627
627
635
641
645
657
662
672
679
686
690
701
706
711
716
715
709
714
705
700
692
692
686
687
678
687
683
688
687
697
692
692
686
687
686
693
704
707
719
726
730
742
755
770
782
795
810
832
851
859
868
882
895
919
930
949
955
970
966
971
971
970
972
983
986
985
969
969
964
966
969
962
971
974
968
969
961
963
965
967
971
968
977
981
972
972
969
955
959
948
954
946
942
942
937
930
938
943
941
950
958
960
962
974
975
986
995
992
993
1000
997
997
999
987
979
987
971
978
985
973
989
1003
1022
1037
1057
1079
1101
1123
1156
1164
1190
1220
1243
1268
1297
1326
1346
1375
1392
1412
1426
1462
1459
1459
1455
1467
1469
1489
1500
1509
1522
1519
1522
1509
1502
1484
1474
1472
1458
1456
1452
1414
1394
1376
1353
1333
1321
1293
1273
1259
1240
1211
1189
1174
1154
1143
1136
1132
1109
1113
1106
1114
1115
1124
1133
1147
1152
1156
1163
1167
1168
1177
1180
1198
1206
1212
1208
1207
1201
1202
1203
1201
1196
1179
1165
1171
1146
1142
1129
1109
1085
1068
1045
1029
1019
1003
994
1011
1002
993
995
1002
1000
1008
1026
1044
1060
1094
1099
1115
1127
1124
1123
1119
1116
1103
1083
1081
1057
1048
1035
1022
1018
1005
1006
999
986
978
980
973
975
966
964
970
973
989
998
1013
1032
1056
1072
1090
1092
1108
1121
1135
1131
1142
1135
1132
1128
1124
1111
1125
1124
1130
1138
1135
1139
1136
1132
1142
1146
1144
1147
1165
1166
1186
1200
1212
1224
1232
1250
1259
1241
1229
1203
1180
1157
1125
1090
1071
1049
1032
1026
1010
1002
1000
994
996
993
991
1005
1007
1006
1034
1037
1064
1058
1067
1073
1078
1073
1087
1082
1074
1056
1043
1032
1020
1009
997
999
1003
1016
1032
1049
1076
1104
1134
1153
1187
1205
1217
1233
1244
1248
1257
1252
1276
1278
1290
1291
1301
1282
1280
1275
1267
1263
1257
1263
1257
1265
1279
1280
1299
1310
1327
1347
1377
1403
1422
1441
1442
1448
1458
1454
1450
1446
1442
1427
1421
1408
1404
1392
1387
1385
1383
1397
1399
1406
1417
1407
1409
1414
1433
1447
1475
1492
1520
1544
1572
1578
1601
1603
1608
1599
1599
1594
1577
1564
1540
1519
1498
1465
1447
1417
1419
1410
1381
1385
1373
1357
1364
1373
1372
1380
1389
1378
1375
1360
1357
1342
1327
1309
1305
1307
1298
1295
1290
1287
1283
1285
1284
1280
1288
1297
1295
1298
1317
1318
1336
1347
1358
1356
1356
1362
1353
1358
1354
1345
1353
1340
1345
1333
1330
1304
1303
1292
1286
1300
1299
1302
1306
1311
1323
1333
1330
1337
1326
1318
1321
1315
1316
1313
1319
1316
1321
1310
1304
1290
1282
1268
1244
1228
1209
1182
1169
1137
1114
1087
1080
1049
1038
1004
978
954
936
918
908
898
894
880
887
878
895
899
912
927
953
984
1020
1046
1063
1099
1112
1133
1139
1144
1148
1152
1156
1164
1178
1189
1198
1196
1215
1207
1209
1203
1210
1208
1201
1203
1198
1192
1198
1188
1183
1176
1184
1164
1174
1164
1163
1161
1163
1159
1174
1169
1168
1171
1180
1193
1218
1230
1244
1256
1271
1302
1326
1350
1368
1379
1376
1380
1379
1368
1379
1368
1374
1359
1359
1345
1323
1307
1297
1271
1248
1262
1254
1244
1238
1224
1224
1231
1230
1248
1268
1271
1282
1297
1311
1320
1330
1361
1367
1374
1384
1401
1410
1419
1438
1441
1464
1454
1458
1466
1466
1458
1460
1449
1442
1438
1426
1432
1426
1399
1387
1367
1369
1360
1356
1332
1318
1308
1291
1280
1267
1263
1285
1297
1323
1354
1374
1397
1420
1447
1477
1498
1524
1548
1576
1591
1617
1645
1672
1693
1735
1760
1786
1802
1831
1825
1816
1812
1792
1782
1770
1745
1731
1699
1692
1676
1665
1637
1622
1603
1585
1568
1558
1548
1530
1528
1527
1525
1515
1528
1531
1544
1563
1562
1594
1591
1606
1603
1584
1578
1577
1577
1587
1595
1598
1595
1588
1568
1562
1522
1496
1457
1429
1402
1380
1363
1355
1352
1360
1363
1369
1370
1385
1409
1418
1429
1451
1461
1484
1513
1544
1562
1592
1605
1629
1631
1628
1627
1628
1609
1596
1591
1587
1581
1601
1605
1632
1619
1642
1650
1666
1665
1666
1670
1672
1659
1668
1659
1658
1660
1660
1653
1669
1664
1658
1649
1632
1619
1608
1610
1615
1603
1595
1588
1578
1570
1573
1578
1572
1565
1560
1558
1538
1533
1539
1540
1549
1548
1566
1564
1569
1559
1547
1546
1533
1529
1508
1493
1500
1482
1478
1476
1466
1468
1470
1475
1469
1452
1435
1423
1406
1386
1371
1347
1335
1329
1320
1307
1291
1265
1236
1206
1170
1134
1107
1079
1060
1047
1047
1043
1055
1073
1083
1104
1123
1127
1141
1149
1170
1178
1209
1234
1251
1269
1285
1285
1299
1294
1275
1250
1242
1215
1198
1183
1171
1150
1137
1120
1097
1069
1046
1020
998
976
962
961
955
952
942
962
966
991
1016
1045
1082
1109
1149
1163
1199
1231
1270
1312
1374
1404
1447
1492
1533
1570
1600
1642
1661
1683
1718
1725
1755
1765
1787
1805
1818
1836
1843
1850
1853
1855
1853
1836
1836
1823
1798
1797
1766
1754
1748
1724
1715
1706
1687
1654
1624
1596
1566
1530
1505
1509
1498
1505
1510
1505
1504
1510
1512
1516
1523
1532
1551
1561
1568
1587
1615
1625
1645
1630
1639
1614
1604
1590
1555
1548
1534
1527
1532
1549
1558
1570
1580
1585
1602
1598
1627
1644
1675
1723
1774
1828
1895
1942
2001
2043
2082
2119
2113
2110
2102
2081
2065
2018
1994
1987
1959
1936
1916
1875
1853
1820
1790
1764
1732
1710
1692
1690
1687
1690
1704
1726
1758
1788
1836
1882
1916
1927
1965
1969
1979
1985
1992
1997
1989
1976
1961
1955
1953
1935
1932
1917
1889
1850
1830
1818
1794
1780
1767
1749
1755
1743
1741
1750
1768
1770
1787
1800
1824
1849
1856
1853
1853
1843
1847
1853
1868
1876
1894
1902
1931
1946
1956
1972
1980
1988
2004
2007
2026
2028
2052
2067
2075
2098
2103
2102
2093
2085
2076
2053
2046
2032
2026
2012
2002
1987
1968
1952
1926
1914
1901
1899
1914
1910
1915
1919
1934
1933
1927
1932
1934
1933
1953
1953
1951
1947
1944
1950
1949
1942
1951
1945
1919
1892
1874
1838
1830
1800
1793
1764
1749
1724
1707
1691
1674
1655
1648
1633
1623
1618
1620
1601
1598
1605
1609
1600
1618
1616
1623
1635
1645
1668
1687
1701
1715
1735
1761
1776
1779
1809
1832
1846
1849
1866
1899
1901
1923
1916
1926
1929
1932
1931
1931
1929
1938
1937
1936
1943
1959
1970
1988
1993
2004
2001
1999
1991
1978
1959
1951
1939
1918
1903
1864
1836
1806
1770
1739
1706
1692
1678
1658
1639
1625
1623
1619
1626
1640
1651
1676
1715
1758
1784
1804
1834
1886
1921
1970
2003
2040
2081
2077
2078
2068
2034
2010
1979
1957
1893
1865
1816
1779
1734
1709
1667
1646
1646
1636
1651
1664
1666
1650
1650
1653
1674
1720
1765
1797
1842
1859
1889
1927
1947
1964
1983
1978
1960
1944
1926
1896
1856
1822
1773
1742
1708
1661
1627
1589
1529
1471
1419
1384
1360
1344
1322
1308
1303
1315
1314
1341
1380
1424
1475
1535
1574
1627
1683
1713
1725
1752
1760
1760
1763
1746
1728
1676
1611
1562
1494
1443
1415
1403
1395
1406
1411
1449
1479
1525
1556
1629
1688
1755
1830
1894
1964
2033
2092
2146
2180
2214
2233
2234
2238
2238
2216
2202
2190
2171
2151
2108
2084
2041
1993
1956
1914
1887
1839
1827
1807
1799
1812
1821
1814
1815
1802
1804
1796
1810
1806
1816
1818
1826
1829
1859
1878
1898
1920
1933
1949
1976
1994
2017
2042
2074
2084
2129
2157
2165
2170
2171
2188
2205
2232
2261
2286
2304
2325
2329
2333
2339
2350
2366
2380
2388
2396
2423
2438
2427
2422
2400
2370
2345
2313
2286
2271
2228
2199
2165
2124
2075
2039
2008
1986
1957
1928
1902
1875
1834
1825
1792
1766
1761
1739
1743
1728
1727
1700
1693
1666
1648
1632
1597
1580
1555
1541
1529
1518
1515
1519
1519
1535
1541
1564
1596
1609
1630
1643
1670
1690
1717
1732
1757
1775
1790
1804
1827
1833
1842
1845
1839
1850
1856
1857
1862
1852
1830
1821
1809
1787
1758
1751
1728
1700
1664
1640
1612
1579
1557
1530
1522
1507
1480
1456
1416
1375
1343
1310
1288
1271
1259
1253
1244
1232
1233
1217
1201
1188
1181
1156
1138
1112
1086
1064
1062
1054
1055
1046
1060
1051
1052
1051
1052
1036
1017
999
990
981
971
966
965
959
953
953
954
958
963
967
966
951
952
941
935
928
923
907
922
929
937
949
977
1003
1026
1054
1079
1115
1135
1165
1196
1231
1260
1289
1327
1380
1419
1439
1481
1500
1522
1544
1556
1552
1558
1565
1574
1571
1576
1575
1575
1575
1574
1560
1562
1557
1538
1526
1511
1508
1482
1471
1459
1449
1428
1410
1404
1378
1346
1325
1311
1298
1310
1298
1312
1326
1347
1361
1394
1397
1418
1447
1470
1479
1496
1500
1518
1544
1574
1609
1641
1642
1651
1642
1633
1606
1588
1558
1530
1496
1456
1439
1452
1487
1488
1496
1484
1496
1490
1488
1495
1490
1489
1501
1519
1529
1552
1576
1586
1604
1602
1596
1597
1578
1563
1555
1546
1548
1540
1527
1506
1485
1472
1457
1473
1471
1484
1476
1472
1461
1447
1445
1454
1470
1502
1531
1550
1561
1566
1590
1609
1623
1653
1673
1706
1735
1764
1785
1810
1837
1863
1878
1917
1923
1938
1932
1927
1934
1922
1926
1929
1918
1922
1908
1898
1891
1889
1885
1879
1851
1824
1810
1785
1762
1771
1748
1759
1758
1764
1764
1756
1760
1764
1763
1770
1783
1791
1817
1851
1866
1898
1926
1934
1975
1998
1997
1999
1996
2012
2011
2000
1983
1979
1971
1934
1931
1900
1856
1818
1778
1737
1709
1688
1661
1667
1647
1630
1606
1591
1587
1570
1541
1520
1494
1474
1452
1438
1396
1365
1330
1307
1282
1244
1200
1162
1126
1070
1025
972
918
868
814
773
722
682
643
622
592
574
557
553
549
551
545
560
582
598
624
654
687
728
764
798
828
844
855
874
878
902
921
947
974
1004
1037
1065
1092
1116
1139
1169
1191
1217
1235
1249
1274
1297
1319
1332
1349
1362
1386
1398
1401
1387
1389
1382
1362
1361
1352
1364
1365
1380
1372
1380
1380
1384
1393
1383
1388
1380
1371
1346
1325
1309
1295
1274
1232
1204
1181
1154
1130
1104
1065
1029
994
954
905
872
818
779
741
700
667
640
614
603
591
573
567
560
557
559
563
581
597
617
647
674
715
740
789
817
845
874
906
941
963
1003
1037
1074
1126
1162
1213
1258
1296
1319
1339
1359
1362
1393
1415
1429
1440
1453
1460
1472
1468
1468
1480
1465
1470
1475
1481
1483
1501
1516
1526
1537
1541
1561
1575
1573
1593
1605
1602
1602
1595
1605
1608
1599
1582
1565
1549
1539
1519
1527
1535
1543
1547
1563
1558
1558
1556
1570
1563
1590
1600
1620
1615
1644
1633
1632
1642
1641
1638
1622
1633
1624
1633
1624
1623
1618
1615
1617
1608
1609
1608
1609
1610
1619
1609
1622
1640
1650
1656
1665
1685
1695
1702
1712
1701
1711
1717
1700
1683
1668
1655
1664
1672
1687
1698
1712
1709
1719
1713
1733
1720
1722
1699
1709
1706
1723
1704
1703
1699
1711
1717
1712
1707
1693
1718
1701
1704
1696
1680
1661
1658
1633
1637
1620
1607
1601
1578
1570
1534
1538
1514
1503
1486
1482
1457
1455
1452
1448
1451
1450
1474
1486
1508
1514
1529
1530
1547
1558
1574
1583
1582
1598
1609
1585
1576
1560
1541
1503
1452
1419
1379
1346
1335
1331
1333
1335
1318
1316
1318
1315
1324
1318
1307
1305
1311
1317
1318
1327
1326
1342
1353
1359
1360
1366
1360
1355
1349
1342
1331
1313
1298
1289
1278
1258
1247
1244
1240
1238
1234
1213
1208
1196
1173
1167
1154
1143
1137
1128
1115
1117
1116
1111
1098
1099
1082
1084
1072
1079
1076
1081
1082
1080
1074
1078
1073
1071
1073
1072
1076
1066
1069
1058
1052
1053
1051
1035
1027
1021
1008
1000
995
984
966
963
957
963
957
954
952
961
956
958
951
957
947
956
949
951
941
943
947
950
946
955
973
979
982
987
989
980
984
992
982
982
980
985
984
986
980
989
991
984
973
976
957
953
931
932
921
913
894
882
865
863
850
839
823
820
811
792
769
752
733
719
705
691
687
687
684
684
684
685
684
690
690
706
714
711
703
714
714
724
743
756
765
773
769
769
766
785
787
798
796
801
801
810
804
799
797
807
813
808
803
804
802
801
790
785
771
778
772
777
779
787
781
787
782
779
779
772
769
767
747
750
733
730
730
734
736
736
735
750
749
750
735
741
733
731
719
711
711
698
690
696
691
687
689
697
698
695
695
697
701
698
696
699
716
715
715
727
723
731
722
725
712
712
710
698
699
694
686
680
679
682
671
664
677
679
677
677
674
673
666
671
678
679
676
684
683
688
682
689
685
677
670
673
660
662
661
651
649
649
643
646
646
644
646
646
644
649
643
646
645
660
655
658
659
664
665
673
673
675
668
667
667
666
664
659
656
657
651
652
646
642
636
638
628
621
614
609
594
600
592
590
586
587
582
577
575
569
564
557
528
485
295
-3
-2
-2
-2
-1
-1
-1
-1
604
588
-2
-3
-2
0
0

