;UFOS3
;Measurement details: channel = Z, date = 01.06.2018, time = 08:07:30
Exposure=258
Gain=0
Temperature=17.2
Accummulate=4
1.35 mu
1.353 amas
47.624 hs
0 ozone
0 uva
0 uvb
0 uve
[Value]
0
344
344
344
343
343
343
344
368
370
380
374
373
374
384
377
381
367
378
381
377
373
393
384
391
373
398
389
389
386
401
381
382
376
396
386
394
370
393
394
378
372
399
387
389
372
394
394
386
375
390
380
376
381
398
386
376
377
395
387
391
372
391
381
382
371
408
382
385
371
393
379
379
382
400
393
386
377
389
385
388
378
401
390
385
378
397
387
377
379
395
386
381
378
396
389
376
371
402
382
374
375
386
385
380
374
396
385
383
371
393
391
381
379
397
386
384
378
394
385
387
382
403
398
389
379
390
387
385
377
387
381
385
374
399
397
383
382
392
388
391
381
394
392
381
377
393
383
379
395
391
387
376
373
405
387
391
374
398
393
377
375
394
391
390
387
399
389
396
379
393
393
389
388
393
388
382
379
399
383
382
371
397
392
386
379
411
393
388
381
387
404
383
383
400
395
385
380
405
386
387
376
392
389
386
376
395
383
391
380
398
387
377
387
391
387
385
370
387
394
393
373
400
393
387
378
389
380
382
372
394
385
383
378
395
394
386
379
402
386
394
378
394
390
384
385
401
384
389
380
396
386
386
378
396
395
382
386
404
384
378
391
399
392
392
370
392
383
393
370
390
386
379
385
396
390
384
381
415
395
386
376
390
393
385
374
397
384
385
381
387
394
385
373
391
391
387
378
396
387
390
373
395
395
389
388
395
382
385
366
395
398
392
380
399
388
383
381
391
392
381
380
391
391
383
379
398
383
394
379
400
384
385
378
396
387
393
374
404
400
381
381
392
394
383
379
396
396
387
379
402
393
381
381
395
387
383
380
401
384
400
383
402
386
398
378
418
388
392
384
390
395
394
376
393
396
387
380
398
390
387
376
389
384
383
384
394
387
386
379
390
392
385
373
395
390
384
374
393
394
388
377
403
392
391
378
400
379
391
375
398
387
386
376
392
391
393
382
399
385
389
386
390
388
382
378
393
392
391
381
391
394
379
368
415
391
379
383
394
390
388
384
389
387
381
378
392
391
390
373
397
389
384
385
389
387
388
384
392
392
396
377
400
389
387
384
396
392
383
379
399
388
390
374
394
383
390
386
397
391
394
384
393
387
388
379
397
386
385
382
391
386
388
380
400
384
391
378
412
384
394
383
400
384
380
387
390
392
384
380
390
382
390
373
407
389
384
387
393
385
387
384
393
389
393
377
390
389
389
390
394
387
392
385
393
386
391
385
393
389
386
383
389
391
394
381
393
386
384
377
391
386
389
383
395
392
395
390
397
386
383
384
395
387
392
387
401
390
388
380
396
387
392
377
394
390
389
386
389
392
383
382
401
395
386
384
395
393
383
383
393
389
387
388
406
381
394
378
391
388
394
390
411
388
389
382
393
388
388
383
395
387
385
385
407
389
383
385
396
386
398
378
398
386
386
380
404
389
383
386
393
389
404
379
396
390
386
379
399
391
384
381
392
393
376
384
393
383
399
383
395
389
385
380
395
387
384
374
400
391
386
386
396
388
390
387
403
393
389
378
398
389
390
386
404
390
390
387
397
384
387
376
394
382
394
380
394
389
395
387
401
387
388
371
392
393
390
380
391
390
391
384
387
389
389
390
393
387
387
380
401
393
392
388
395
383
389
391
392
394
396
382
400
398
387
387
399
388
397
389
396
391
393
428
401
394
403
383
403
393
393
387
398
390
390
390
401
395
392
391
400
391
396
389
404
394
398
391
400
393
391
389
406
400
398
385
405
388
389
390
414
400
405
391
407
396
396
390
401
398
393
396
406
396
400
395
411
398
407
392
406
405
403
388
408
401
405
401
406
407
409
400
424
405
402
403
410
402
401
398
409
408
405
398
422
408
415
411
414
408
417
401
425
416
423
412
418
428
419
416
427
428
427
424
435
430
428
423
444
436
449
433
449
444
440
443
448
447
447
447
456
454
455
451
455
453
447
441
462
453
453
450
458
449
449
439
459
449
453
452
467
460
459
455
465
470
472
474
483
470
475
470
483
481
482
484
497
494
494
491
507
498
504
502
513
515
513
508
522
510
512
505
510
513
507
499
521
512
507
502
512
506
510
510
515
510
514
505
518
512
513
512
527
514
535
513
537
526
529
521
536
534
539
534
553
546
556
538
564
554
570
557
578
573
577
576
597
589
588
584
601
606
595
591
607
601
611
603
613
605
602
608
611
606
615
607
615
615
620
609
620
614
617
609
622
609
618
612
620
610
619
607
619
615
611
610
617
611
599
594
608
608
618
604
618
617
618
613
627
619
619
628
640
635
639
641
651
659
650
645
657
650
662
665
670
670
686
672
696
699
721
705
721
737
737
738
759
762
780
777
809
813
822
823
844
851
863
862
879
883
882
898
908
918
920
921
924
925
933
919
930
930
934
935
948
932
921
930
935
919
922
909
922
921
931
920
934
935
940
933
956
943
952
944
969
962
966
965
985
973
988
988
1001
1004
1015
1012
1022
1011
1023
1014
1039
1028
1040
1018
1042
1028
1032
1020
1028
1032
1038
1030
1045
1039
1058
1044
1064
1059
1075
1077
1092
1101
1105
1110
1126
1111
1113
1098
1105
1091
1102
1081
1081
1072
1067
1062
1071
1065
1075
1077
1081
1072
1085
1088
1109
1111
1140
1151
1169
1180
1194
1183
1201
1190
1203
1180
1193
1181
1171
1158
1138
1120
1105
1086
1080
1063
1048
1030
1022
1012
1006
996
1006
995
1010
1010
1024
1011
1032
1036
1069
1063
1086
1096
1135
1125
1166
1168
1181
1195
1201
1213
1222
1228
1237
1243
1258
1244
1284
1268
1287
1299
1316
1316
1340
1334
1351
1357
1370
1367
1386
1376
1380
1375
1353
1322
1317
1293
1289
1257
1255
1243
1228
1215
1231
1207
1215
1197
1221
1199
1223
1210
1221
1234
1250
1271
1289
1317
1356
1371
1419
1418
1440
1440
1472
1469
1481
1460
1469
1470
1488
1475
1471
1455
1466
1458
1452
1443
1444
1441
1446
1438
1447
1454
1463
1467
1494
1493
1515
1531
1542
1566
1590
1597
1623
1631
1655
1683
1707
1713
1748
1757
1784
1782
1815
1815
1833
1841
1869
1858
1885
1856
1851
1833
1828
1793
1786
1758
1730
1699
1680
1650
1631
1609
1601
1577
1570
1549
1554
1541
1565
1576
1595
1593
1625
1623
1664
1676
1690
1696
1715
1714
1741
1741
1760
1754
1751
1740
1741
1711
1703
1669
1643
1612
1585
1562
1527
1504
1491
1467
1447
1437
1451
1432
1458
1447
1451
1454
1457
1449
1456
1461
1489
1475
1500
1495
1504
1506
1531
1534
1575
1564
1585
1581
1606
1603
1611
1616
1639
1636
1653
1653
1677
1683
1691
1704
1697
1683
1692
1688
1700
1694
1692
1680
1674
1674
1672
1680
1663
1657
1651
1642
1643
1646
1667
1644
1663
1649
1661
1659
1670
1658
1676
1664
1672
1684
1703
1711
1735
1751
1774
1771
1810
1828
1850
1865
1899
1916
1943
1949
1961
1980
1992
1988
1998
1994
1996
1975
1971
1979
1992
1989
1987
2014
2005
2015
2029
2031
2039
2041
2054
2063
2084
2090
2097
2108
2104
2119
2124
2123
2128
2095
2126
2105
2087
2091
2083
2069
2072
2058
2071
2061
2069
2061
2086
2093
2117
2135
2144
2152
2150
2136
2156
2155
2150
2153
2169
2163
2177
2179
2192
2183
2186
2163
2181
2170
2181
2198
2218
2220
2228
2267
2282
2293
2325
2350
2365
2387
2410
2443
2478
2499
2553
2555
2596
2611
2649
2659
2671
2678
2675
2643
2649
2622
2614
2595
2592
2593
2605
2573
2590
2579
2596
2590
2603
2589
2605
2595
2576
2550
2534
2509
2492
2476
2474
2439
2423
2364
2350
2303
2295
2274
2266
2258
2256
2246
2220
2190
2176
2140
2117
2074
2058
2055
2038
2037
2031
2029
2033
2024
2060
2048
2083
2094
2126
2140
2175
2195
2220
2226
2249
2240
2251
2237
2220
2208
2216
2184
2180
2165
2161
2145
2146
2132
2121
2094
2097
2086
2092
2073
2076
2062
2075
2079
2113
2105
2121
2124
2117
2109
2108
2092
2088
2065
2067
2041
2028
2012
2003
1989
1987
1967
1982
1969
1961
1947
1940
1948
1942
1928
1935
1933
1950
1956
1971
1982
2011
2018
2056
2089
2100
2101
2116
2117
2144
2136
2143
2132
2124
2108
2122
2096
2117
2116
2140
2123
2123
2134
2145
2128
2146
2149
2155
2157
2184
2194
2218
2224
2226
2229
2235
2240
2221
2203
2176
2134
2105
2045
2028
1984
1957
1938
1921
1907
1915
1893
1909
1882
1921
1909
1927
1916
1949
1955
1976
1995
2013
2038
2038
2049
2060
2060
2049
2025
2012
1985
1965
1936
1906
1900
1892
1873
1911
1914
1951
1963
2016
2056
2086
2120
2170
2204
2221
2241
2263
2261
2275
2283
2308
2310
2321
2325
2341
2326
2327
2335
2338
2325
2322
2323
2334
2351
2362
2369
2394
2393
2434
2457
2494
2506
2534
2525
2544
2530
2527
2512
2497
2484
2449
2430
2391
2369
2347
2320
2322
2299
2319
2330
2352
2357
2376
2386
2413
2432
2468
2510
2561
2580
2640
2651
2690
2712
2732
2743
2740
2724
2721
2725
2714
2704
2687
2643
2639
2610
2591
2558
2548
2507
2498
2455
2447
2431
2438
2421
2421
2409
2383
2381
2369
2345
2333
2296
2282
2268
2269
2252
2269
2239
2236
2232
2242
2241
2239
2236
2243
2257
2270
2287
2284
2304
2319
2328
2347
2347
2353
2344
2347
2341
2340
2342
2324
2321
2312
2276
2275
2252
2255
2246
2247
2248
2263
2245
2270
2262
2277
2274
2273
2276
2247
2253
2254
2256
2255
2249
2264
2255
2259
2220
2218
2205
2183
2153
2134
2103
2074
2026
2011
1965
1913
1890
1850
1826
1784
1747
1724
1683
1681
1653
1651
1632
1630
1626
1632
1643
1658
1684
1703
1742
1785
1822
1874
1897
1939
1960
1988
2008
2028
2043
2065
2068
2102
2113
2148
2136
2152
2154
2175
2158
2177
2169
2163
2146
2132
2116
2103
2080
2087
2053
2064
2050
2049
2019
2029
2004
2017
2008
2019
2013
2026
2013
2028
2034
2058
2058
2092
2103
2127
2140
2175
2188
2218
2234
2252
2258
2256
2256
2262
2249
2256
2245
2252
2232
2230
2209
2202
2157
2149
2136
2139
2130
2127
2122
2118
2110
2104
2091
2112
2122
2125
2124
2119
2124
2141
2140
2153
2153
2160
2167
2186
2195
2193
2206
2223
2239
2240
2241
2257
2256
2247
2233
2231
2221
2229
2235
2239
2224
2225
2221
2243
2244
2265
2256
2258
2236
2219
2183
2177
2149
2154
2161
2169
2185
2213
2216
2260
2269
2295
2323
2350
2386
2411
2434
2479
2499
2531
2560
2595
2620
2636
2665
2702
2706
2711
2685
2687
2667
2646
2623
2614
2588
2586
2565
2571
2551
2551
2517
2513
2473
2461
2439
2433
2414
2407
2406
2416
2401
2397
2388
2418
2418
2450
2461
2498
2496
2520
2509
2521
2539
2558
2545
2558
2551
2527
2494
2458
2402
2351
2300
2248
2194
2163
2124
2125
2122
2113
2115
2132
2131
2156
2170
2203
2211
2232
2227
2248
2262
2274
2297
2343
2347
2389
2384
2416
2407
2410
2412
2405
2385
2377
2352
2354
2359
2347
2338
2358
2355
2368
2347
2383
2388
2393
2377
2392
2409
2426
2440
2459
2466
2493
2495
2510
2503
2488
2471
2457
2444
2441
2421
2435
2423
2405
2389
2375
2337
2327
2296
2278
2259
2249
2249
2225
2221
2192
2187
2182
2174
2163
2143
2116
2108
2079
2040
2049
2020
2015
2005
1998
1986
2012
2029
2049
2066
2085
2066
2076
2046
2048
2032
2013
2011
2003
1995
1998
1972
1975
1936
1917
1881
1850
1816
1793
1763
1731
1719
1706
1696
1700
1700
1738
1722
1748
1729
1746
1755
1742
1734
1752
1747
1764
1750
1784
1781
1779
1780
1772
1745
1728
1705
1718
1705
1699
1669
1672
1649
1623
1599
1569
1543
1515
1496
1495
1487
1496
1475
1491
1499
1519
1526
1581
1597
1625
1649
1698
1719
1742
1771
1814
1854
1890
1938
1995
2022
2062
2111
2167
2184
2224
2258
2281
2298
2309
2311
2338
2331
2351
2352
2377
2363
2368
2358
2358
2337
2331
2301
2291
2255
2240
2211
2207
2174
2167
2143
2122
2088
2050
2008
2005
1964
1944
1940
1953
1947
1965
1965
1991
1978
1982
1997
2025
2041
2052
2068
2084
2091
2138
2143
2170
2161
2157
2128
2119
2106
2083
2061
2058
2045
2019
2028
2040
2046
2047
2044
2040
2043
2056
2060
2098
2134
2188
2214
2291
2325
2381
2403
2453
2492
2516
2520
2508
2499
2474
2444
2425
2401
2373
2343
2341
2310
2267
2229
2224
2187
2171
2145
2146
2118
2121
2126
2158
2167
2220
2244
2303
2330
2364
2381
2424
2413
2436
2422
2425
2415
2388
2339
2332
2295
2284
2232
2224
2184
2145
2107
2098
2062
2040
2020
2019
2003
2008
2003
2017
2033
2042
2052
2095
2103
2132
2140
2169
2163
2184
2201
2244
2266
2299
2293
2338
2354
2394
2405
2409
2450
2442
2453
2488
2472
2478
2481
2494
2470
2486
2454
2460
2454
2445
2435
2442
2424
2409
2403
2398
2384
2382
2349
2343
2322
2316
2275
2276
2244
2243
2218
2225
2209
2191
2186
2183
2163
2156
2141
2157
2148
2147
2147
2158
2130
2148
2130
2142
2137
2130
2130
2118
2097
2078
2070
2073
2063
2057
2040
2050
2036
2019
2009
2013
1994
1988
1975
1991
1970
1955
1946
1952
1929
1934
1924
1946
1929
1931
1937
1981
1980
2003
1997
2023
2031
2053
2072
2108
2118
2137
2163
2193
2194
2200
2216
2237
2233
2232
2220
2234
2212
2185
2156
2156
2117
2102
2071
2099
2083
2089
2064
2064
2045
2057
2035
2054
2032
2015
2004
1990
1984
1950
1915
1915
1906
1894
1875
1882
1880
1877
1870
1909
1917
1950
1958
2008
2044
2081
2111
2135
2142
2168
2192
2231
2258
2242
2254
2263
2236
2234
2200
2210
2173
2139
2108
2079
2053
2006
1983
1965
1948
1925
1910
1912
1915
1906
1899
1892
1871
1870
1860
1877
1859
1847
1840
1858
1834
1846
1855
1899
1894
1931
1934
1962
1959
1959
1940
1928
1893
1878
1853
1847
1802
1782
1727
1705
1651
1637
1625
1624
1637
1642
1642
1697
1721
1765
1773
1851
1887
1919
1956
1992
2017
2026
2054
2074
2078
2052
2032
2039
2011
1969
1925
1895
1842
1816
1776
1755
1725
1719
1724
1729
1733
1737
1754
1785
1805
1853
1882
1926
1955
1997
2007
2037
2072
2095
2117
2144
2153
2157
2154
2178
2187
2170
2160
2158
2134
2120
2083
2089
2073
2055
2036
2047
2058
2040
2025
2042
2048
2068
2069
2113
2092
2091
2086
2113
2095
2108
2092
2121
2121
2131
2134
2181
2172
2197
2196
2227
2211
2229
2228
2256
2256
2263
2285
2310
2309
2329
2335
2360
2368
2365
2367
2393
2412
2406
2413
2437
2425
2429
2437
2459
2457
2451
2432
2443
2423
2418
2406
2394
2343
2319
2285
2278
2224
2196
2171
2148
2110
2081
2035
2031
1985
1955
1938
1922
1901
1888
1857
1866
1853
1832
1818
1816
1791
1789
1769
1765
1741
1717
1705
1722
1683
1680
1665
1677
1675
1681
1693
1714
1722
1720
1735
1762
1767
1775
1789
1823
1841
1855
1858
1884
1890
1880
1871
1892
1895
1876
1884
1873
1843
1848
1821
1806
1785
1774
1743
1756
1722
1719
1688
1703
1686
1681
1644
1655
1640
1614
1583
1581
1554
1536
1499
1505
1460
1448
1415
1430
1415
1410
1391
1389
1383
1373
1348
1348
1317
1294
1280
1286
1253
1247
1223
1243
1233
1229
1214
1210
1203
1196
1174
1191
1168
1160
1145
1159
1147
1152
1147
1165
1155
1157
1149
1163
1147
1155
1144
1152
1131
1127
1118
1127
1121
1128
1126
1151
1174
1161
1184
1225
1231
1241
1247
1275
1291
1305
1322
1360
1375
1391
1412
1456
1459
1490
1500
1534
1530
1534
1524
1549
1538
1540
1539
1549
1542
1546
1538
1555
1526
1511
1491
1490
1482
1464
1479
1488
1475
1471
1447
1459
1443
1430
1432
1416
1389
1355
1329
1364
1378
1377
1378
1405
1398
1404
1396
1426
1431
1442
1454
1500
1509
1529
1538
1566
1601
1586
1562
1566
1561
1559
1538
1530
1506
1492
1474
1475
1452
1437
1424
1462
1457
1460
1453
1473
1472
1467
1473
1488
1499
1522
1517
1547
1542
1533
1533
1541
1554
1532
1516
1518
1511
1514
1485
1497
1475
1468
1477
1482
1469
1467
1457
1453
1453
1450
1432
1447
1435
1439
1432
1461
1450
1468
1461
1492
1499
1504
1507
1529
1541
1565
1571
1602
1614
1635
1649
1665
1676
1671
1679
1698
1703
1700
1686
1715
1708
1714
1718
1732
1723
1719
1699
1707
1694
1699
1680
1687
1642
1651
1627
1621
1624
1610
1577
1586
1588
1576
1574
1594
1588
1610
1621
1650
1654
1674
1689
1728
1707
1714
1718
1747
1746
1759
1739
1739
1732
1722
1720
1732
1695
1676
1665
1670
1639
1635
1598
1597
1564
1550
1519
1521
1481
1474
1443
1441
1422
1398
1379
1363
1327
1330
1300
1302
1270
1253
1228
1231
1200
1183
1143
1118
1067
1036
983
960
929
898
868
854
830
816
791
789
773
767
762
767
760
765
761
784
790
810
812
848
873
889
898
924
936
946
946
973
988
995
1014
1046
1062
1072
1079
1112
1123
1132
1142
1165
1166
1175
1178
1196
1214
1220
1228
1251
1247
1264
1260
1297
1280
1288
1294
1308
1298
1303
1295
1312
1294
1302
1292
1289
1278
1282
1269
1270
1264
1258
1240
1243
1221
1208
1194
1197
1165
1142
1130
1115
1089
1072
1025
1017
980
950
906
913
874
851
827
818
796
800
774
771
771
750
748
755
754
750
762
782
781
810
814
844
867
878
889
932
952
974
993
1043
1063
1085
1100
1134
1158
1165
1188
1218
1224
1232
1230
1270
1258
1263
1251
1268
1268
1266
1256
1279
1277
1272
1275
1289
1286
1291
1288
1312
1288
1304
1312
1339
1335
1350
1336
1368
1373
1381
1385
1402
1383
1382
1390
1392
1402
1408
1394
1398
1376
1395
1380
1387
1376
1382
1373
1387
1393
1387
1379
1405
1392
1410
1398
1414
1406
1420
1416
1407
1391
1387
1374
1372
1377
1380
1387
1395
1395
1396
1385
1408
1395
1394
1391
1409
1417
1420
1405
1428
1429
1446
1439
1468
1443
1460
1464
1464
1458
1442
1438
1446
1440
1442
1428
1441
1433
1447
1443
1465
1449
1437
1432
1449
1434
1440
1417
1431
1419
1409
1409
1424
1419
1427
1430
1446
1420
1429
1418
1444
1428
1421
1417
1412
1396
1399
1365
1375
1365
1352
1313
1327
1290
1280
1270
1302
1292
1311
1286
1293
1299
1305
1309
1329
1315
1326
1312
1341
1336
1342
1324
1340
1343
1350
1338
1358
1330
1331
1307
1317
1279
1261
1244
1246
1234
1216
1207
1212
1214
1206
1192
1197
1194
1195
1185
1203
1187
1203
1207
1223
1207
1219
1220
1234
1232
1237
1206
1236
1205
1198
1184
1189
1180
1165
1150
1154
1146
1134
1143
1140
1120
1116
1104
1112
1090
1091
1072
1087
1058
1062
1053
1067
1087
1059
1045
1047
1036
1043
1027
1037
1031
1034
1019
1031
1027
1013
1013
1041
1035
1027
1016
1013
1020
1016
1011
1020
1014
1026
1007
1013
1003
982
981
987
977
976
978
984
991
977
978
988
990
983
967
990
975
979
968
978
980
982
976
982
981
985
976
992
980
991
982
992
989
965
970
970
960
963
950
976
958
955
948
967
950
948
936
937
925
916
900
912
882
893
884
893
870
876
844
847
821
834
808
825
815
807
795
809
795
799
785
802
801
797
799
806
799
799
812
813
811
819
807
839
838
843
845
854
842
845
847
869
842
851
841
859
844
840
833
859
847
859
852
865
865
858
856
864
861
859
847
861
842
847
833
844
841
842
821
843
826
829
822
830
822
828
813
821
814
818
813
825
809
808
798
821
802
793
798
800
792
783
765
785
769
772
777
787
781
772
781
792
779
785
782
798
793
795
794
810
798
800
806
816
804
808
782
803
786
791
776
783
772
772
763
779
772
766
759
785
765
761
765
767
760
760
757
765
771
769
773
770
762
753
744
750
743
748
746
757
736
746
733
751
737
743
731
759
735
731
732
755
735
754
749
759
752
755
748
772
761
775
766
765
755
721
589
342
343
342
344
343
344
342
342
769
736
342
344
344
0
0

