;UFOS3
;Measurement details: channel = Z, date = 01.06.2018, time = 08:27:30
Exposure=251
Gain=0
Temperature=17.7
Accummulate=4
1.321 mu
1.324 amas
49.061 hs
0 ozone
0 uva
0 uvb
0 uve
[Value]
0
346
344
346
347
345
345
346
372
371
380
376
375
377
385
381
383
368
380
384
381
374
397
386
392
376
399
390
388
388
402
383
385
377
401
389
397
373
398
395
380
374
400
390
393
376
398
398
389
376
393
384
381
381
400
389
378
377
396
391
389
374
394
387
385
376
410
388
387
376
397
380
381
385
404
397
388
378
392
388
392
380
404
390
389
378
400
390
378
379
399
389
383
382
399
393
378
375
402
384
376
379
390
388
386
374
398
388
384
373
396
391
386
381
398
388
385
380
397
390
386
384
405
400
390
382
390
389
387
379
389
384
388
378
403
399
385
386
395
392
391
385
395
392
384
379
397
386
378
396
393
390
379
375
405
389
394
375
401
395
378
378
397
391
391
389
400
394
399
381
398
395
389
391
396
391
383
383
399
385
385
375
396
394
387
382
412
394
392
383
391
407
384
384
401
403
391
382
407
389
389
378
394
391
390
379
399
386
391
382
402
392
379
390
393
387
387
371
393
397
394
377
403
395
391
380
393
385
385
376
398
386
383
378
397
394
389
381
401
389
395
377
396
394
386
387
403
386
391
380
395
390
389
378
399
397
384
387
405
387
381
391
402
393
395
372
394
385
393
373
390
390
381
387
399
391
388
382
417
397
389
379
391
399
387
373
397
387
391
384
389
396
389
376
394
395
388
381
399
391
391
376
398
396
390
388
400
384
388
369
398
402
397
382
403
392
386
383
393
394
383
383
394
393
385
382
400
386
397
382
404
387
388
381
397
389
394
377
405
399
385
386
395
398
384
384
397
398
389
383
403
396
384
386
397
389
385
382
404
386
400
384
403
386
401
380
419
393
394
385
394
395
395
376
396
400
389
383
403
392
389
381
392
389
385
385
394
390
388
379
392
396
387
375
400
394
388
375
395
396
391
377
404
395
394
381
403
384
392
380
398
389
386
375
394
392
396
384
403
389
390
389
391
390
387
381
396
394
396
381
394
394
382
370
417
390
383
385
397
391
389
386
391
391
383
380
394
394
393
376
400
391
389
386
395
387
390
387
395
394
398
379
401
388
388
384
399
393
383
380
405
392
392
378
399
385
392
387
400
393
397
389
394
387
389
383
401
390
386
384
395
390
392
380
404
384
392
379
413
388
394
385
404
387
384
391
391
394
387
382
395
387
392
376
413
392
385
389
399
386
390
386
396
394
394
381
394
394
390
392
397
386
391
388
396
390
392
386
393
392
392
389
395
393
398
381
395
390
388
380
395
388
392
385
396
394
399
393
401
388
386
386
400
392
393
389
403
394
385
383
399
389
394
378
397
392
394
387
391
394
385
387
401
397
388
388
396
395
387
384
398
390
387
388
407
385
395
382
393
390
397
391
415
387
393
385
398
390
391
385
397
390
388
386
412
393
384
389
400
388
399
383
401
389
388
383
403
390
385
388
397
389
405
381
400
391
388
381
402
394
387
381
397
394
378
384
396
385
398
388
399
389
387
382
398
391
385
377
400
392
387
387
396
390
391
390
408
396
389
379
398
393
393
387
407
394
392
388
401
385
388
380
398
385
395
381
399
391
398
390
406
391
391
374
393
393
393
384
395
392
393
384
390
393
391
392
396
390
391
385
404
397
396
389
399
387
391
391
395
395
397
382
402
402
390
392
401
393
400
393
398
392
397
433
401
397
405
385
405
395
395
392
400
392
391
391
403
397
395
391
405
392
398
390
407
396
402
394
404
396
393
393
409
404
402
387
409
389
391
393
415
402
407
394
407
398
398
393
407
401
395
400
408
401
403
397
414
399
411
395
410
407
407
391
412
402
409
404
407
410
411
402
427
406
408
407
416
403
405
403
412
410
413
401
425
412
416
415
417
410
420
405
428
420
424
418
425
434
423
420
431
435
431
432
441
434
433
427
447
438
451
438
457
448
449
447
454
451
455
451
460
458
462
457
461
459
454
447
466
456
459
455
463
456
452
442
465
458
462
456
471
467
467
461
471
472
478
478
490
476
477
480
490
484
490
492
504
500
503
500
519
501
511
507
517
520
521
514
526
514
521
512
519
518
519
509
524
517
515
505
516
510
517
512
523
514
518
513
526
519
517
517
537
521
538
519
537
531
537
531
544
540
544
540
556
551
568
550
570
562
582
563
587
579
583
588
605
604
594
595
610
614
607
603
615
610
624
612
621
617
611
614
620
613
626
611
623
621
629
620
626
621
631
620
626
619
627
620
629
616
629
615
629
624
622
619
620
613
612
602
615
615
622
608
623
624
629
623
634
627
625
636
646
643
644
645
660
665
662
653
661
663
663
668
672
678
694
678
704
712
730
713
735
745
743
749
766
773
787
791
815
823
834
839
854
858
871
876
894
894
895
909
919
921
928
934
942
935
940
933
944
940
946
952
956
939
934
936
939
929
936
917
937
935
940
935
946
942
947
945
966
959
958
955
978
975
982
985
998
988
1001
998
1014
1017
1021
1026
1030
1020
1033
1019
1049
1033
1050
1039
1058
1039
1043
1029
1040
1039
1049
1042
1060
1048
1075
1054
1070
1077
1081
1094
1107
1110
1122
1121
1125
1126
1120
1111
1116
1091
1105
1085
1094
1090
1086
1071
1080
1071
1082
1082
1096
1088
1093
1094
1121
1123
1156
1165
1176
1192
1211
1192
1209
1199
1214
1191
1204
1193
1175
1164
1152
1132
1112
1094
1090
1075
1052
1033
1032
1026
1020
1003
1014
1003
1013
1013
1031
1023
1035
1043
1073
1069
1099
1108
1138
1138
1167
1172
1196
1205
1211
1214
1232
1239
1249
1255
1262
1261
1288
1287
1305
1296
1330
1329
1356
1344
1361
1365
1381
1382
1390
1385
1396
1385
1366
1335
1327
1302
1301
1264
1264
1253
1236
1232
1231
1222
1226
1204
1242
1210
1231
1214
1228
1248
1263
1270
1302
1327
1367
1382
1431
1427
1452
1458
1475
1480
1487
1471
1484
1482
1499
1488
1482
1465
1478
1460
1468
1452
1453
1455
1457
1445
1455
1462
1481
1481
1498
1505
1522
1545
1546
1571
1596
1610
1623
1634
1662
1687
1716
1723
1761
1767
1789
1792
1827
1827
1844
1844
1876
1867
1901
1866
1863
1841
1839
1798
1805
1763
1741
1713
1686
1662
1643
1618
1603
1586
1580
1564
1570
1557
1567
1583
1602
1604
1628
1638
1662
1692
1701
1706
1725
1724
1746
1750
1764
1766
1771
1756
1753
1717
1725
1671
1657
1618
1600
1554
1539
1514
1499
1473
1458
1453
1454
1443
1461
1458
1457
1463
1465
1453
1461
1466
1493
1479
1504
1499
1511
1515
1531
1536
1583
1574
1590
1585
1610
1604
1616
1627
1648
1642
1661
1665
1689
1690
1695
1703
1700
1691
1695
1688
1699
1695
1694
1681
1691
1676
1674
1679
1672
1660
1657
1646
1655
1653
1661
1661
1671
1659
1671
1667
1678
1668
1682
1665
1678
1694
1709
1713
1741
1763
1778
1775
1817
1832
1856
1876
1910
1930
1942
1954
1968
1980
1997
1994
2008
2008
2001
1976
1987
1985
1998
1992
2004
2011
2007
2010
2047
2029
2048
2040
2061
2061
2086
2094
2098
2109
2111
2108
2127
2130
2138
2104
2127
2107
2097
2091
2092
2069
2082
2062
2073
2070
2078
2077
2086
2103
2115
2137
2163
2161
2158
2152
2155
2166
2165
2154
2174
2173
2181
2187
2198
2180
2179
2173
2183
2188
2179
2195
2224
2219
2235
2277
2280
2292
2332
2353
2371
2383
2418
2451
2484
2507
2554
2559
2597
2623
2644
2664
2675
2674
2676
2652
2646
2624
2616
2604
2600
2596
2605
2583
2590
2585
2607
2595
2606
2594
2598
2593
2576
2553
2544
2505
2498
2488
2481
2435
2412
2362
2357
2305
2291
2284
2265
2264
2259
2246
2232
2199
2167
2138
2119
2079
2062
2044
2040
2041
2031
2025
2040
2033
2066
2053
2089
2098
2127
2140
2174
2203
2224
2225
2247
2243
2253
2237
2229
2208
2208
2194
2182
2173
2165
2158
2147
2122
2128
2095
2102
2093
2097
2077
2076
2074
2073
2070
2111
2106
2124
2124
2114
2113
2108
2094
2078
2068
2063
2040
2030
2013
2002
1988
1992
1965
1983
1969
1966
1954
1942
1941
1948
1933
1938
1932
1944
1953
1971
1979
2010
2025
2057
2087
2103
2098
2125
2129
2147
2136
2149
2142
2123
2116
2117
2098
2122
2117
2124
2124
2136
2129
2150
2126
2151
2152
2143
2153
2181
2203
2230
2215
2240
2233
2244
2241
2231
2206
2175
2136
2111
2059
2007
1992
1955
1942
1918
1913
1912
1897
1907
1890
1911
1908
1928
1923
1947
1953
1974
1989
2023
2029
2046
2040
2068
2057
2053
2027
2012
1988
1974
1939
1921
1905
1889
1875
1913
1920
1937
1959
2006
2045
2082
2117
2157
2194
2218
2242
2260
2249
2285
2286
2307
2319
2324
2330
2332
2319
2339
2328
2324
2317
2319
2309
2326
2339
2353
2367
2387
2395
2423
2453
2489
2509
2524
2532
2541
2524
2520
2509
2485
2484
2442
2417
2386
2377
2349
2312
2327
2306
2320
2321
2343
2358
2377
2393
2401
2428
2467
2505
2569
2583
2641
2653
2689
2712
2726
2743
2738
2725
2723
2712
2708
2696
2676
2655
2642
2612
2588
2563
2550
2508
2504
2454
2447
2423
2433
2417
2416
2399
2384
2374
2356
2341
2328
2298
2283
2272
2266
2247
2268
2237
2242
2234
2240
2229
2233
2244
2250
2250
2270
2274
2288
2303
2307
2320
2352
2350
2355
2345
2353
2335
2342
2334
2320
2322
2308
2279
2278
2253
2254
2248
2244
2247
2251
2253
2272
2261
2274
2269
2271
2272
2252
2259
2259
2248
2259
2247
2255
2258
2248
2222
2212
2206
2185
2149
2145
2109
2075
2034
2008
1968
1915
1883
1855
1826
1798
1740
1722
1685
1692
1648
1657
1621
1631
1630
1625
1643
1660
1683
1715
1742
1790
1826
1877
1902
1942
1962
1985
2005
2025
2038
2059
2073
2098
2111
2147
2137
2145
2143
2162
2162
2168
2169
2162
2140
2133
2111
2105
2085
2100
2059
2075
2046
2050
2020
2029
2012
2012
2008
2018
2004
2020
2017
2031
2032
2053
2060
2077
2093
2126
2147
2172
2186
2217
2241
2257
2249
2252
2258
2269
2250
2261
2253
2248
2235
2234
2201
2206
2160
2154
2135
2131
2123
2128
2126
2115
2107
2108
2099
2114
2121
2132
2124
2131
2126
2148
2140
2146
2150
2170
2168
2187
2189
2201
2215
2231
2231
2246
2234
2267
2255
2253
2226
2229
2218
2223
2232
2239
2232
2227
2219
2242
2245
2253
2263
2265
2227
2218
2183
2175
2148
2157
2151
2174
2180
2207
2218
2260
2263
2295
2322
2358
2382
2398
2426
2472
2489
2540
2552
2597
2618
2634
2664
2700
2696
2708
2695
2688
2675
2644
2634
2607
2587
2588
2568
2576
2558
2562
2528
2514
2471
2469
2444
2432
2409
2404
2401
2418
2391
2399
2397
2428
2418
2449
2454
2499
2488
2514
2515
2535
2536
2563
2544
2573
2551
2534
2488
2460
2409
2354
2295
2253
2195
2157
2129
2123
2120
2123
2108
2131
2134
2147
2175
2197
2196
2237
2234
2250
2259
2279
2293
2333
2350
2389
2386
2419
2405
2415
2415
2407
2385
2379
2359
2348
2364
2349
2344
2354
2368
2365
2366
2392
2382
2381
2383
2402
2408
2424
2429
2454
2465
2491
2504
2513
2503
2499
2473
2461
2439
2452
2413
2429
2424
2401
2377
2367
2330
2328
2287
2284
2267
2256
2239
2230
2214
2192
2178
2182
2172
2166
2142
2121
2112
2084
2052
2038
2013
2018
2009
1996
1999
2011
2026
2046
2074
2093
2063
2066
2043
2043
2023
2015
2022
2010
1997
2001
1980
1971
1933
1917
1891
1860
1811
1801
1760
1745
1716
1703
1694
1703
1710
1730
1727
1752
1745
1747
1759
1739
1735
1743
1746
1767
1755
1787
1781
1779
1777
1772
1745
1738
1708
1731
1699
1692
1661
1671
1654
1619
1596
1580
1547
1518
1502
1500
1485
1500
1477
1497
1497
1517
1534
1577
1591
1624
1653
1698
1724
1737
1768
1816
1849
1895
1941
1999
2012
2070
2115
2166
2187
2225
2254
2276
2304
2320
2319
2335
2334
2353
2357
2381
2367
2374
2348
2356
2342
2330
2301
2290
2263
2233
2220
2211
2184
2172
2146
2125
2091
2052
2019
2002
1968
1952
1942
1958
1949
1966
1960
1976
1971
1988
2003
2034
2035
2042
2070
2088
2109
2142
2141
2163
2165
2156
2126
2130
2111
2086
2059
2062
2045
2035
2026
2041
2053
2054
2042
2045
2044
2053
2072
2099
2136
2189
2222
2293
2325
2381
2412
2455
2505
2517
2525
2523
2496
2474
2452
2431
2393
2370
2338
2340
2309
2270
2231
2223
2191
2176
2141
2150
2123
2123
2134
2152
2168
2213
2244
2302
2332
2367
2385
2419
2413
2447
2421
2433
2417
2384
2347
2332
2301
2278
2237
2229
2177
2151
2105
2099
2068
2038
2025
2020
2007
2016
2003
2028
2037
2047
2061
2096
2104
2125
2134
2173
2166
2186
2203
2243
2274
2294
2302
2329
2356
2386
2406
2399
2434
2448
2452
2480
2473
2473
2474
2485
2489
2485
2461
2458
2448
2450
2427
2438
2423
2415
2400
2395
2380
2383
2345
2343
2322
2319
2284
2287
2247
2241
2226
2229
2201
2186
2185
2187
2150
2158
2143
2149
2149
2148
2139
2159
2136
2141
2137
2146
2141
2130
2119
2123
2094
2086
2070
2068
2064
2057
2049
2047
2032
2009
2007
2018
1998
1998
1982
1996
1968
1947
1941
1944
1930
1936
1926
1943
1922
1936
1935
1978
1984
1995
1999
2018
2024
2064
2069
2105
2123
2137
2155
2197
2200
2208
2223
2232
2235
2229
2221
2230
2213
2180
2166
2163
2120
2098
2076
2096
2083
2091
2059
2065
2043
2049
2030
2059
2023
2020
2012
1993
1977
1952
1917
1912
1892
1892
1868
1891
1878
1876
1876
1903
1908
1944
1969
2011
2047
2086
2103
2136
2153
2180
2192
2229
2262
2252
2253
2265
2240
2222
2195
2211
2180
2140
2108
2085
2049
2011
1985
1970
1940
1921
1908
1927
1914
1913
1888
1902
1876
1865
1862
1874
1854
1863
1847
1847
1829
1851
1859
1885
1898
1929
1944
1959
1962
1957
1933
1925
1889
1873
1851
1852
1794
1768
1724
1703
1652
1634
1626
1630
1632
1643
1634
1694
1721
1764
1788
1847
1888
1912
1950
1998
2014
2025
2047
2077
2073
2058
2032
2048
2005
1969
1918
1903
1841
1818
1774
1761
1725
1721
1728
1726
1732
1742
1755
1783
1802
1854
1881
1931
1954
1984
2007
2037
2069
2091
2109
2143
2156
2160
2157
2173
2187
2165
2159
2164
2128
2113
2086
2083
2071
2053
2045
2048
2057
2044
2034
2055
2052
2058
2062
2105
2094
2098
2085
2101
2101
2099
2096
2125
2128
2129
2133
2177
2169
2200
2190
2218
2211
2234
2230
2264
2251
2270
2280
2310
2309
2334
2340
2356
2368
2370
2378
2394
2412
2411
2426
2439
2422
2431
2436
2451
2450
2447
2427
2438
2419
2420
2398
2392
2341
2320
2284
2285
2229
2200
2168
2139
2115
2083
2035
2026
1995
1952
1940
1919
1907
1879
1862
1870
1853
1832
1811
1822
1795
1794
1771
1764
1739
1717
1710
1724
1690
1685
1672
1690
1675
1682
1689
1712
1728
1727
1734
1765
1770
1774
1787
1830
1839
1855
1860
1886
1884
1881
1872
1893
1898
1880
1884
1877
1853
1843
1822
1801
1778
1769
1741
1757
1730
1721
1693
1701
1688
1685
1646
1657
1637
1612
1583
1582
1565
1531
1509
1505
1469
1445
1424
1424
1418
1410
1392
1395
1389
1370
1352
1349
1323
1302
1279
1282
1252
1247
1227
1241
1226
1226
1211
1215
1199
1190
1175
1193
1167
1169
1148
1166
1155
1152
1150
1168
1154
1154
1150
1160
1148
1150
1143
1152
1133
1130
1116
1131
1131
1127
1125
1159
1174
1168
1182
1217
1234
1241
1244
1279
1291
1305
1331
1360
1377
1386
1411
1464
1464
1493
1510
1530
1524
1532
1526
1552
1541
1542
1540
1545
1539
1555
1535
1564
1532
1522
1487
1499
1480
1470
1483
1491
1478
1469
1457
1459
1444
1435
1433
1415
1391
1357
1337
1370
1378
1383
1386
1401
1399
1404
1398
1428
1430
1455
1452
1505
1510
1536
1539
1570
1602
1586
1570
1574
1570
1563
1543
1540
1507
1497
1468
1473
1450
1440
1427
1457
1457
1461
1455
1479
1468
1476
1473
1492
1501
1518
1523
1552
1545
1534
1530
1548
1550
1529
1528
1521
1515
1510
1487
1493
1490
1471
1484
1480
1462
1477
1455
1458
1452
1446
1425
1450
1444
1443
1439
1457
1455
1469
1463
1498
1509
1511
1511
1528
1548
1561
1577
1614
1620
1643
1648
1666
1689
1677
1678
1706
1698
1701
1686
1716
1712
1710
1718
1732
1729
1718
1698
1709
1699
1697
1685
1692
1647
1658
1629
1625
1621
1612
1595
1600
1592
1576
1573
1590
1587
1617
1617
1661
1655
1673
1689
1725
1709
1716
1717
1748
1744
1753
1738
1737
1736
1726
1713
1736
1700
1683
1672
1673
1648
1630
1603
1596
1565
1547
1514
1523
1489
1483
1455
1451
1430
1394
1373
1362
1331
1325
1308
1308
1276
1257
1239
1231
1200
1176
1137
1122
1076
1040
982
966
923
900
869
854
831
825
794
789
777
768
769
767
762
763
767
784
786
811
808
848
871
889
903
932
932
951
952
974
990
993
1019
1054
1070
1075
1084
1112
1123
1136
1144
1170
1166
1175
1177
1205
1214
1220
1231
1258
1257
1267
1271
1298
1284
1286
1290
1306
1299
1304
1297
1311
1298
1297
1287
1296
1276
1279
1267
1264
1263
1262
1246
1248
1221
1215
1196
1199
1172
1140
1131
1119
1095
1068
1026
1020
983
951
909
911
874
854
824
825
795
801
776
770
771
754
750
755
757
753
757
784
779
812
814
846
863
889
892
935
956
975
996
1039
1068
1085
1102
1133
1161
1168
1186
1219
1223
1237
1236
1262
1258
1260
1251
1265
1261
1265
1251
1274
1284
1275
1278
1297
1287
1291
1290
1315
1286
1316
1308
1346
1338
1351
1343
1373
1376
1384
1385
1404
1383
1387
1393
1391
1399
1401
1394
1401
1378
1384
1383
1387
1383
1386
1368
1392
1387
1396
1389
1399
1394
1410
1405
1412
1409
1423
1409
1407
1390
1393
1376
1374
1374
1383
1385
1394
1392
1395
1386
1410
1398
1399
1387
1417
1418
1419
1412
1424
1428
1444
1440
1462
1449
1451
1464
1464
1455
1445
1438
1446
1441
1441
1422
1438
1431
1441
1442
1470
1456
1434
1436
1449
1441
1438
1418
1436
1414
1404
1413
1415
1415
1425
1430
1435
1421
1436
1420
1434
1429
1422
1411
1420
1403
1399
1365
1372
1365
1343
1315
1323
1294
1283
1275
1300
1289
1309
1284
1301
1299
1299
1310
1330
1321
1323
1320
1343
1336
1342
1330
1338
1351
1353
1337
1365
1334
1339
1305
1322
1284
1270
1244
1252
1235
1216
1210
1214
1210
1206
1196
1201
1197
1193
1189
1204
1193
1199
1203
1224
1212
1220
1224
1233
1228
1232
1207
1236
1208
1196
1185
1192
1186
1163
1151
1157
1149
1140
1142
1142
1124
1121
1109
1111
1088
1092
1075
1087
1058
1062
1055
1069
1084
1056
1037
1047
1035
1046
1030
1037
1035
1031
1020
1037
1035
1019
1013
1038
1037
1030
1020
1016
1020
1018
1009
1025
1013
1023
1010
1013
1004
985
981
991
980
975
973
987
995
980
977
990
985
984
972
994
975
982
970
987
980
987
972
984
981
988
981
993
984
996
982
993
980
971
973
969
959
958
953
976
959
957
947
966
950
946
935
940
927
921
898
915
884
893
885
888
872
874
844
849
826
837
814
822
818
810
799
812
802
802
786
804
800
798
795
811
805
800
810
819
811
822
810
837
838
845
846
855
839
848
851
865
852
845
847
859
843
841
843
860
848
861
850
869
860
856
854
862
860
863
853
863
849
851
836
853
844
842
826
840
827
826
826
833
822
831
814
824
820
813
813
827
804
807
804
827
803
793
795
804
796
788
766
787
774
775
779
789
780
773
782
796
782
790
785
800
793
796
794
811
801
801
810
817
805
808
783
804
786
792
776
788
771
778
765
779
770
765
757
781
764
765
763
766
759
762
763
765
776
773
769
769
765
759
749
755
749
752
747
757
741
755
732
753
739
741
732
758
733
730
728
756
740
755
749
758
751
756
749
776
770
776
766
766
754
721
589
345
344
343
346
345
345
344
346
774
741
343
344
344
0
0

