;UFOS3
;Measurement details: channel = Z, date = 01.06.2018, time = 08:37:30
Exposure=246
Gain=0
Temperature=18.1
Accummulate=4
1.308 mu
1.311 amas
49.687 hs
0 ozone
0 uva
0 uvb
0 uve
[Value]
0
348
346
348
346
345
345
347
372
372
384
378
377
379
389
380
385
371
381
383
382
376
399
387
394
376
401
393
389
385
403
385
388
380
401
389
397
375
397
394
383
377
402
390
393
380
398
396
391
379
393
385
380
384
402
388
379
377
395
392
392
376
393
386
388
376
410
387
389
375
398
383
382
385
405
397
390
379
393
389
391
379
406
391
389
381
400
393
380
383
400
390
382
381
399
395
378
376
406
385
377
380
390
389
387
376
400
388
386
374
397
395
384
382
401
389
386
382
398
391
389
386
407
400
391
383
394
391
389
379
390
383
389
380
403
402
384
387
395
395
394
385
396
395
387
380
395
387
380
397
395
392
379
375
407
393
393
375
401
396
381
378
396
392
394
389
402
395
400
382
398
395
391
393
394
393
385
382
403
384
386
377
399
397
389
383
414
396
391
385
391
408
383
387
401
401
389
382
408
388
391
379
396
390
390
379
399
387
392
383
399
392
379
391
393
391
389
376
392
398
395
377
404
396
392
383
394
385
387
376
398
388
385
380
397
396
386
383
404
392
394
381
397
394
389
388
403
388
392
382
397
390
391
379
397
398
388
388
409
390
381
391
401
394
397
374
394
389
396
375
390
389
385
387
400
393
389
385
419
400
389
380
394
397
391
376
400
386
389
385
389
395
389
377
398
395
389
382
398
391
393
378
399
396
392
390
399
388
390
370
400
401
398
381
403
395
386
380
395
396
382
386
395
396
385
382
400
389
399
382
405
389
390
381
398
390
396
379
405
402
384
383
396
398
385
383
395
398
392
381
405
397
384
384
398
389
386
383
407
386
403
386
403
390
404
383
419
392
393
385
393
395
396
379
396
398
388
382
402
394
391
379
393
390
388
386
397
391
389
381
394
396
387
376
402
394
389
376
396
397
390
377
406
397
397
383
404
384
395
380
401
392
388
379
394
392
397
384
404
389
391
390
393
392
389
381
398
395
393
383
397
395
385
370
421
395
384
387
399
395
391
387
393
392
385
384
396
397
391
376
402
388
389
390
396
389
392
388
396
398
398
380
403
390
388
384
399
394
386
383
405
390
393
378
398
386
396
390
402
397
399
388
396
388
391
384
402
390
389
386
394
389
392
383
404
386
392
379
417
390
396
388
405
387
381
390
394
395
385
383
394
386
392
379
412
391
386
391
399
387
391
385
394
393
396
383
392
393
392
393
399
391
393
390
396
390
394
388
396
392
393
387
394
396
397
384
395
391
387
380
396
388
392
384
400
393
400
391
404
390
386
389
402
390
394
390
404
395
390
384
401
391
396
378
397
392
395
391
394
395
385
387
405
400
390
387
398
397
388
387
399
392
388
390
408
388
396
383
397
392
399
393
416
391
393
386
397
392
391
388
397
390
387
390
411
395
387
389
401
392
401
381
402
388
392
383
405
390
385
389
398
392
407
382
400
394
390
382
403
395
387
381
398
397
380
383
397
384
401
386
401
391
390
384
400
392
387
378
402
395
388
389
397
392
393
390
412
399
392
378
401
395
393
390
408
394
394
393
403
388
387
382
398
386
397
381
398
390
398
391
407
390
392
374
394
395
392
384
396
392
395
386
391
390
392
392
396
393
391
387
407
398
395
392
400
387
392
392
395
399
397
386
405
405
391
393
402
392
398
396
399
393
398
435
406
400
407
386
407
395
396
391
401
395
393
394
405
397
398
395
406
394
400
391
408
395
405
396
404
398
395
394
408
405
403
390
408
394
392
393
417
406
408
394
410
398
398
396
406
402
397
402
410
400
405
399
415
400
412
396
408
406
409
391
415
404
410
407
411
410
412
403
429
407
408
405
416
405
404
404
416
411
414
405
430
412
419
416
421
414
421
409
431
419
426
421
423
434
426
420
432
434
434
433
445
435
436
430
449
439
455
441
458
451
449
449
459
452
456
452
463
460
463
458
462
461
456
452
470
460
463
457
466
457
455
447
467
459
459
457
472
467
469
461
476
475
482
481
492
478
479
479
489
484
490
492
507
500
503
500
516
503
513
508
519
525
521
517
529
520
524
515
523
521
516
511
528
518
517
510
522
512
518
516
523
517
524
513
527
521
522
523
538
525
539
524
540
532
539
533
547
542
551
543
561
551
567
549
572
564
587
570
588
587
588
587
607
603
596
592
614
614
607
604
621
612
624
615
626
616
618
622
625
611
628
616
627
621
632
621
633
626
629
620
632
620
630
622
630
616
632
622
628
628
624
622
623
620
613
600
620
617
628
610
627
625
628
625
635
629
627
632
652
647
645
645
660
668
660
654
664
662
668
674
679
675
694
681
709
712
733
715
736
747
747
748
768
772
786
790
817
824
835
837
859
856
881
878
895
893
899
912
924
930
936
940
940
938
949
936
946
943
946
946
960
948
937
943
945
936
933
919
939
934
941
940
948
948
946
946
964
961
965
954
975
979
983
975
995
983
996
1004
1022
1018
1026
1029
1033
1025
1031
1021
1051
1038
1046
1037
1056
1041
1049
1036
1042
1038
1053
1051
1062
1052
1067
1061
1079
1078
1085
1096
1105
1117
1126
1128
1135
1130
1126
1110
1114
1092
1111
1093
1096
1088
1085
1072
1085
1077
1082
1091
1092
1082
1098
1096
1119
1124
1150
1162
1182
1195
1217
1192
1218
1203
1217
1197
1211
1191
1180
1166
1151
1132
1116
1097
1092
1077
1059
1035
1034
1027
1015
1008
1014
1003
1013
1013
1033
1022
1042
1049
1079
1076
1097
1113
1145
1137
1167
1178
1196
1208
1215
1226
1225
1239
1255
1255
1267
1269
1292
1280
1297
1297
1320
1323
1353
1347
1362
1360
1383
1387
1396
1384
1396
1386
1366
1337
1331
1302
1302
1271
1267
1256
1237
1223
1231
1216
1231
1204
1239
1211
1232
1220
1236
1248
1257
1276
1303
1323
1363
1384
1425
1429
1457
1461
1474
1479
1486
1474
1491
1481
1495
1487
1481
1466
1481
1462
1464
1450
1452
1454
1455
1446
1459
1464
1477
1481
1497
1503
1529
1541
1551
1580
1594
1613
1635
1632
1670
1691
1715
1729
1762
1769
1797
1797
1826
1829
1851
1851
1880
1862
1899
1865
1863
1843
1827
1799
1794
1769
1740
1704
1690
1664
1640
1620
1609
1577
1578
1563
1563
1554
1571
1577
1594
1608
1629
1632
1670
1685
1700
1711
1728
1727
1756
1753
1765
1775
1774
1753
1752
1715
1713
1680
1656
1628
1601
1562
1536
1519
1502
1478
1459
1455
1457
1448
1468
1456
1461
1455
1469
1452
1462
1463
1493
1476
1502
1499
1513
1516
1536
1536
1577
1575
1585
1589
1605
1604
1622
1621
1648
1643
1654
1661
1681
1688
1691
1700
1697
1688
1694
1686
1702
1702
1692
1678
1684
1678
1686
1678
1677
1661
1658
1649
1653
1651
1669
1651
1668
1664
1671
1674
1674
1658
1676
1672
1677
1690
1712
1716
1743
1765
1778
1778
1813
1834
1863
1873
1902
1926
1948
1951
1981
1992
2007
2003
2007
2002
2000
1973
1982
1975
1992
1997
2000
2015
2010
2024
2032
2025
2034
2037
2055
2064
2095
2086
2107
2109
2107
2109
2124
2120
2134
2107
2119
2108
2097
2089
2089
2070
2076
2064
2070
2063
2062
2076
2093
2105
2126
2130
2156
2158
2164
2145
2161
2164
2173
2162
2170
2165
2177
2180
2197
2180
2187
2162
2183
2180
2184
2191
2218
2218
2240
2269
2284
2297
2330
2350
2360
2386
2411
2454
2482
2511
2550
2553
2598
2614
2652
2646
2685
2669
2670
2654
2643
2618
2619
2599
2596
2596
2603
2575
2593
2582
2603
2589
2597
2592
2600
2590
2579
2548
2548
2511
2506
2483
2470
2446
2416
2371
2347
2314
2300
2280
2272
2262
2264
2248
2230
2197
2163
2146
2114
2073
2057
2045
2050
2051
2021
2030
2045
2033
2062
2053
2079
2097
2129
2146
2176
2190
2224
2232
2257
2239
2247
2230
2228
2214
2214
2193
2186
2169
2167
2155
2139
2124
2120
2102
2101
2097
2089
2075
2078
2066
2074
2079
2099
2098
2135
2122
2107
2109
2100
2099
2084
2071
2063
2038
2030
2011
1997
1994
1991
1972
1979
1967
1970
1947
1948
1942
1953
1925
1937
1922
1948
1948
1967
1981
2014
2023
2054
2080
2096
2106
2127
2118
2143
2138
2139
2136
2128
2121
2115
2105
2121
2118
2134
2118
2131
2125
2139
2128
2151
2148
2160
2153
2184
2200
2225
2217
2229
2232
2242
2237
2231
2202
2177
2133
2109
2050
2022
1982
1959
1942
1926
1918
1907
1903
1904
1885
1911
1910
1930
1923
1947
1953
1978
1994
2020
2030
2047
2047
2066
2055
2053
2028
2021
1989
1977
1936
1918
1907
1887
1875
1910
1919
1943
1964
2014
2050
2083
2118
2167
2195
2228
2237
2259
2255
2280
2291
2310
2307
2320
2328
2339
2326
2333
2322
2327
2321
2321
2326
2335
2351
2364
2379
2385
2397
2437
2465
2487
2496
2540
2526
2537
2527
2523
2510
2497
2480
2450
2414
2393
2374
2345
2316
2321
2295
2320
2333
2350
2353
2379
2387
2405
2428
2464
2502
2555
2591
2638
2658
2693
2712
2737
2731
2737
2720
2718
2711
2715
2700
2692
2659
2645
2616
2581
2560
2550
2511
2499
2451
2434
2438
2444
2428
2424
2399
2386
2380
2361
2338
2331
2308
2288
2265
2264
2252
2271
2255
2242
2232
2237
2227
2236
2241
2253
2255
2271
2280
2297
2308
2323
2333
2340
2344
2351
2348
2356
2340
2346
2337
2321
2322
2307
2283
2278
2249
2247
2254
2251
2254
2249
2240
2275
2262
2281
2279
2277
2280
2257
2253
2259
2250
2260
2249
2273
2253
2255
2230
2213
2207
2180
2152
2138
2116
2078
2033
2009
1969
1929
1885
1859
1834
1790
1751
1730
1682
1689
1649
1659
1631
1636
1634
1629
1647
1671
1681
1708
1746
1793
1826
1878
1898
1934
1961
1986
2008
2032
2041
2061
2084
2107
2111
2146
2133
2157
2156
2162
2171
2171
2172
2167
2147
2135
2119
2103
2084
2095
2056
2063
2056
2049
2021
2029
2008
2021
2008
2022
2003
2028
2017
2034
2029
2059
2074
2082
2112
2135
2139
2183
2198
2220
2247
2249
2259
2263
2253
2276
2257
2260
2255
2264
2233
2237
2218
2208
2167
2167
2127
2137
2123
2122
2126
2118
2112
2111
2103
2128
2132
2136
2124
2132
2135
2144
2144
2152
2164
2171
2168
2190
2194
2204
2224
2233
2242
2246
2243
2258
2258
2251
2232
2241
2234
2225
2226
2238
2238
2223
2228
2245
2247
2270
2258
2260
2244
2223
2178
2178
2158
2163
2159
2166
2183
2212
2224
2262
2271
2314
2327
2364
2387
2408
2432
2471
2502
2546
2554
2600
2626
2652
2671
2705
2708
2721
2694
2693
2670
2658
2643
2615
2589
2594
2576
2581
2565
2568
2539
2516
2484
2470
2446
2439
2415
2418
2415
2419
2406
2411
2403
2426
2423
2458
2468
2506
2485
2523
2519
2530
2546
2569
2551
2569
2550
2540
2504
2468
2408
2360
2305
2256
2202
2162
2131
2130
2128
2119
2121
2135
2139
2161
2180
2204
2208
2242
2232
2262
2270
2283
2303
2350
2362
2396
2389
2430
2407
2422
2424
2423
2395
2380
2372
2363
2373
2357
2354
2365
2366
2377
2366
2394
2390
2405
2397
2412
2420
2440
2443
2460
2471
2497
2512
2523
2517
2499
2475
2486
2451
2443
2431
2444
2426
2418
2391
2383
2348
2335
2304
2293
2266
2256
2253
2233
2232
2202
2186
2190
2181
2172
2140
2134
2120
2090
2051
2044
2025
2022
2019
2004
2003
2008
2034
2059
2076
2095
2076
2080
2062
2052
2034
2032
2017
2010
2007
2004
1985
1981
1939
1917
1892
1866
1823
1796
1773
1754
1730
1711
1704
1708
1715
1737
1730
1757
1744
1758
1763
1750
1746
1766
1756
1768
1762
1793
1791
1795
1785
1777
1758
1747
1714
1729
1716
1701
1665
1671
1660
1628
1602
1584
1556
1524
1508
1509
1492
1502
1489
1499
1513
1526
1539
1587
1599
1631
1660
1708
1729
1750
1774
1827
1856
1899
1951
1998
2021
2077
2128
2165
2196
2232
2273
2288
2310
2311
2337
2355
2352
2360
2368
2381
2377
2382
2367
2367
2343
2349
2311
2304
2276
2250
2233
2213
2197
2178
2153
2137
2099
2056
2025
2009
1978
1955
1948
1970
1958
1974
1970
1996
1980
1998
1992
2041
2052
2066
2084
2096
2110
2147
2154
2174
2171
2176
2139
2136
2108
2102
2072
2079
2050
2037
2041
2049
2059
2056
2055
2052
2045
2062
2076
2100
2156
2195
2229
2299
2339
2389
2425
2470
2514
2525
2532
2538
2514
2490
2459
2442
2400
2388
2351
2355
2316
2285
2235
2229
2200
2181
2154
2160
2137
2138
2131
2166
2174
2223
2262
2318
2339
2371
2390
2435
2430
2448
2436
2431
2436
2394
2357
2343
2304
2293
2246
2234
2194
2165
2125
2114
2077
2050
2030
2028
2017
2022
2011
2023
2043
2057
2065
2104
2112
2138
2144
2190
2175
2201
2208
2251
2280
2303
2307
2346
2375
2401
2421
2416
2449
2467
2470
2492
2483
2482
2486
2505
2493
2495
2475
2482
2457
2453
2448
2459
2437
2430
2414
2409
2403
2396
2354
2350
2330
2327
2283
2293
2250
2244
2241
2234
2224
2215
2188
2195
2166
2162
2147
2163
2161
2166
2154
2177
2140
2155
2142
2161
2152
2159
2138
2133
2114
2091
2080
2084
2079
2065
2057
2057
2043
2036
2026
2025
2014
2006
1989
2002
1979
1958
1944
1961
1936
1945
1932
1951
1938
1952
1945
1989
1992
2013
2013
2033
2046
2070
2083
2123
2123
2150
2166
2202
2201
2213
2231
2236
2241
2235
2227
2241
2224
2208
2175
2164
2130
2115
2084
2107
2098
2096
2066
2067
2060
2068
2041
2064
2033
2038
2017
2002
1990
1962
1922
1918
1909
1911
1877
1893
1879
1889
1889
1906
1922
1957
1971
2012
2048
2100
2121
2146
2170
2185
2207
2242
2262
2263
2272
2276
2256
2242
2215
2223
2184
2149
2112
2093
2055
2026
2008
1970
1967
1930
1922
1932
1932
1926
1906
1907
1879
1874
1860
1892
1866
1863
1861
1863
1834
1855
1866
1902
1899
1942
1949
1974
1967
1977
1948
1935
1908
1882
1862
1862
1816
1783
1734
1714
1665
1643
1633
1637
1635
1651
1647
1705
1732
1777
1789
1859
1904
1925
1958
2004
2016
2046
2059
2090
2078
2073
2054
2053
2018
1980
1930
1913
1843
1823
1785
1764
1735
1733
1741
1736
1737
1746
1762
1792
1812
1855
1890
1935
1964
2004
2017
2050
2083
2107
2138
2164
2169
2177
2165
2196
2204
2185
2168
2176
2141
2126
2101
2096
2089
2069
2045
2066
2071
2048
2042
2061
2068
2067
2079
2128
2117
2102
2110
2126
2112
2117
2111
2131
2142
2136
2147
2182
2189
2203
2208
2225
2234
2240
2239
2271
2268
2279
2300
2322
2323
2353
2344
2377
2389
2391
2392
2416
2425
2430
2438
2456
2437
2447
2450
2473
2475
2472
2454
2462
2449
2439
2409
2407
2362
2336
2311
2291
2246
2214
2177
2166
2125
2093
2048
2054
2005
1973
1948
1942
1916
1890
1868
1888
1870
1844
1820
1840
1808
1805
1784
1771
1757
1723
1716
1747
1697
1700
1681
1707
1684
1696
1702
1740
1740
1737
1752
1781
1779
1789
1802
1837
1851
1861
1875
1904
1912
1900
1894
1901
1919
1898
1901
1891
1865
1862
1830
1826
1786
1790
1760
1772
1748
1733
1708
1713
1704
1688
1661
1674
1652
1638
1591
1592
1576
1539
1511
1515
1474
1453
1441
1439
1426
1411
1402
1404
1393
1384
1363
1364
1338
1311
1287
1296
1266
1251
1243
1252
1233
1234
1219
1219
1211
1204
1186
1208
1184
1172
1156
1169
1166
1158
1164
1176
1170
1170
1160
1174
1152
1159
1153
1163
1146
1139
1128
1136
1139
1144
1132
1163
1184
1169
1191
1223
1248
1256
1254
1286
1298
1314
1346
1370
1395
1399
1428
1472
1475
1505
1521
1546
1540
1546
1536
1562
1554
1554
1548
1566
1562
1561
1550
1575
1547
1528
1502
1513
1494
1485
1492
1508
1486
1482
1464
1470
1463
1443
1448
1427
1397
1371
1349
1372
1389
1387
1395
1420
1417
1418
1412
1435
1448
1457
1479
1514
1518
1543
1555
1584
1619
1601
1578
1586
1585
1570
1558
1546
1525
1516
1482
1485
1465
1451
1432
1467
1474
1471
1464
1492
1485
1483
1486
1496
1504
1530
1535
1560
1557
1546
1543
1565
1572
1550
1540
1536
1531
1530
1503
1508
1494
1492
1487
1497
1480
1485
1468
1468
1464
1459
1445
1461
1444
1457
1451
1475
1467
1477
1468
1517
1521
1518
1523
1548
1562
1575
1586
1618
1640
1649
1656
1675
1696
1693
1695
1726
1713
1719
1703
1733
1726
1726
1730
1754
1753
1740
1723
1725
1704
1708
1694
1700
1667
1678
1646
1632
1640
1629
1601
1610
1607
1590
1579
1597
1605
1631
1636
1665
1676
1684
1709
1738
1725
1739
1732
1767
1756
1771
1766
1747
1751
1744
1738
1747
1710
1693
1681
1680
1660
1640
1619
1611
1580
1564
1534
1533
1499
1488
1462
1471
1442
1413
1383
1379
1339
1340
1314
1313
1278
1273
1246
1238
1207
1187
1151
1135
1081
1048
992
972
938
908
880
860
832
826
798
797
776
774
771
775
765
765
779
793
799
815
818
852
879
896
903
935
936
958
961
984
995
1009
1027
1060
1076
1081
1090
1126
1133
1149
1155
1180
1179
1187
1190
1215
1223
1231
1243
1264
1266
1277
1274
1303
1290
1301
1307
1327
1307
1315
1310
1325
1317
1313
1302
1307
1284
1287
1285
1284
1276
1272
1253
1252
1234
1225
1204
1202
1186
1159
1138
1129
1097
1076
1036
1028
994
960
921
919
874
861
831
829
802
808
779
781
776
759
751
758
760
758
768
792
790
815
824
850
872
889
908
942
959
984
1003
1056
1074
1099
1115
1151
1165
1179
1201
1232
1231
1247
1241
1274
1265
1270
1259
1277
1275
1276
1260
1293
1290
1290
1294
1308
1305
1304
1302
1329
1304
1327
1324
1356
1355
1362
1357
1380
1389
1399
1398
1414
1398
1401
1404
1407
1414
1413
1406
1416
1394
1399
1388
1394
1390
1394
1388
1407
1404
1414
1403
1410
1403
1420
1416
1432
1424
1435
1430
1420
1403
1403
1393
1394
1390
1393
1402
1407
1408
1416
1401
1425
1412
1407
1405
1421
1428
1436
1430
1442
1439
1460
1453
1482
1462
1478
1480
1482
1476
1462
1446
1461
1456
1455
1451
1451
1447
1462
1451
1479
1461
1450
1448
1463
1456
1453
1436
1448
1440
1419
1435
1432
1435
1442
1441
1460
1435
1443
1436
1459
1445
1435
1429
1431
1417
1412
1378
1399
1377
1356
1325
1344
1311
1298
1290
1316
1302
1321
1301
1309
1317
1316
1324
1341
1324
1337
1329
1354
1351
1360
1340
1358
1368
1369
1357
1371
1352
1349
1327
1328
1302
1279
1256
1262
1237
1229
1222
1230
1225
1222
1199
1213
1204
1208
1200
1219
1203
1212
1219
1236
1220
1232
1240
1248
1244
1243
1220
1249
1218
1215
1201
1200
1198
1172
1164
1168
1160
1151
1156
1156
1132
1133
1120
1123
1099
1108
1083
1102
1071
1080
1069
1076
1099
1063
1054
1061
1043
1057
1042
1050
1041
1044
1031
1041
1041
1029
1022
1045
1045
1040
1032
1023
1031
1028
1020
1038
1023
1036
1019
1022
1016
994
989
999
991
988
991
1002
1003
986
989
995
998
997
981
996
989
1000
980
994
990
998
988
991
991
1001
995
1006
992
1002
994
1007
992
983
980
982
973
974
962
981
972
974
955
978
962
961
944
951
941
924
906
921
891
900
893
908
882
884
850
860
838
839
824
831
827
816
805
820
801
802
793
813
808
802
802
820
810
804
822
826
821
833
817
846
851
847
856
863
852
856
859
877
852
857
853
874
855
851
843
871
857
871
859
877
871
865
864
877
866
869
863
869
860
857
850
858
850
852
835
853
836
832
837
842
831
841
828
835
823
824
813
837
813
820
808
831
809
802
804
812
804
794
773
793
780
779
787
799
790
779
792
807
790
799
787
810
806
810
803
821
807
809
820
825
813
816
795
809
794
799
783
793
780
779
776
788
779
767
769
792
770
770
774
781
767
771
767
770
780
779
781
780
773
765
757
756
757
759
753
765
750
758
744
758
750
752
733
765
744
741
733
762
746
766
757
769
759
761
759
782
774
782
776
776
766
728
591
346
346
345
347
347
346
345
346
782
744
345
347
346
0
0

