;UFOS3
;Measurement details: channel = Z-D, date = 01.06.2018, time = 09:17:42
Exposure=237
Gain=0
Temperature=19.3
Accummulate=4
1.275 mu
1.278 amas
51.499 hs
297 ozone
0 uva
0 uvb
0 uve
[Value]
0
0
0
2
-3
0
0
1
-5
2
0
-2
-1
-1
0
-2
-3
-1
-2
2
-3
-2
-4
-2
-2
-3
2
0
-1
-1
0
-2
3
1
0
1
1
-2
2
-3
0
1
-1
1
-1
2
-3
2
-1
0
-1
-1
0
-2
1
-1
2
-2
2
2
-2
0
1
-2
4
-3
1
1
-1
0
1
2
-2
-1
-3
0
2
-1
-1
0
0
-1
-1
1
-1
1
0
-1
1
-3
-1
-1
2
2
-1
1
0
1
1
-2
-1
0
-2
2
1
0
-2
2
1
1
0
-2
0
1
0
-3
0
-3
-2
0
-1
-1
0
0
-3
1
1
1
-1
1
-1
0
0
0
-1
-2
-3
1
3
1
1
-2
0
-1
0
0
-1
0
-2
-2
-2
2
1
-2
1
0
-1
1
0
0
2
-2
0
-1
-1
-2
1
-3
2
2
-3
1
3
-1
-1
-4
0
-1
2
-1
-1
1
-1
0
-1
1
3
1
2
-1
1
1
-2
2
-1
-1
0
-1
2
-4
1
-2
1
-1
0
4
1
-1
-1
1
0
0
1
-2
2
-3
1
0
1
-1
2
-2
1
3
-2
-2
1
-1
-1
-1
-1
-1
1
0
-1
1
-2
-2
-1
-1
4
0
1
0
-2
-1
-1
-2
-1
1
0
0
-2
1
-1
1
1
1
1
-4
2
0
0
-4
1
3
3
1
-2
1
0
2
0
2
0
0
1
-1
0
1
0
-1
-3
-3
1
-1
2
-2
-1
0
2
-1
1
1
2
1
2
0
0
1
1
0
1
2
-2
-1
1
0
-2
-1
2
0
-1
-2
-2
0
0
-1
-3
1
0
0
0
0
2
-2
3
0
0
0
0
2
1
2
0
0
-4
3
2
0
0
2
0
-2
0
-1
2
1
2
1
-2
1
1
2
0
3
0
2
1
1
-2
0
1
2
0
-3
-1
0
3
1
1
1
-1
1
0
4
-3
1
1
1
1
-1
1
2
-2
-2
0
-1
-1
1
1
-3
1
0
2
1
-1
0
-1
3
2
1
2
2
1
1
2
2
-1
0
-1
0
2
-1
-2
3
0
1
3
-1
1
0
-1
1
3
1
-1
-1
2
0
-1
-2
1
1
0
1
0
2
1
-1
0
-1
0
1
4
2
3
4
4
0
2
0
3
1
1
-1
4
1
1
1
0
1
1
-1
0
2
1
0
0
3
3
2
1
3
3
4
2
-1
3
0
2
1
1
2
1
1
1
1
1
-2
2
0
2
2
-1
0
1
1
0
-1
-1
-2
0
1
1
1
5
0
4
2
1
3
1
3
4
0
0
0
1
2
-2
3
1
2
1
3
2
1
0
4
2
2
1
2
1
1
1
0
2
1
2
1
2
2
3
4
2
-1
4
5
-1
3
1
2
3
2
3
2
3
0
-1
0
2
1
2
1
2
3
3
-1
2
-1
1
-1
2
1
0
0
2
0
-2
1
3
-1
0
1
3
2
3
3
1
2
2
2
2
1
3
0
1
2
0
0
2
0
2
2
4
0
1
1
4
4
1
1
3
1
3
3
4
0
4
4
4
0
4
1
6
1
5
3
3
1
3
1
2
4
2
4
2
0
2
5
1
5
2
3
4
3
3
1
4
4
3
3
3
2
1
3
2
2
1
1
2
2
3
3
5
2
4
5
2
4
2
2
4
5
4
2
7
0
4
2
3
1
3
4
0
1
4
4
5
2
4
2
6
4
3
3
5
3
4
4
7
5
4
4
6
7
4
3
4
4
6
6
8
3
4
3
4
6
6
7
6
5
6
6
7
8
5
4
4
5
10
7
7
6
8
6
7
6
5
6
9
8
6
7
7
6
8
9
9
8
12
9
8
7
13
9
7
7
10
8
11
10
10
8
8
10
9
11
12
8
9
14
10
11
8
11
12
12
10
14
12
11
14
17
13
17
15
17
15
19
18
18
21
18
19
20
20
20
22
21
24
20
23
21
24
24
21
21
23
21
23
22
25
24
25
23
25
25
27
24
28
29
33
28
35
33
35
38
40
38
43
42
47
45
45
48
52
54
55
57
61
61
64
65
67
68
66
69
70
71
71
72
76
71
76
71
70
71
72
69
71
68
69
70
72
72
73
75
76
79
81
80
84
83
85
87
91
92
95
99
99
102
103
103
111
113
114
116
122
120
125
126
129
132
135
134
141
135
141
136
133
133
137
132
128
130
129
128
128
127
128
134
133
132
135
132
136
131
138
136
140
141
145
144
149
150
152
151
164
161
167
164
167
170
174
175
182
182
189
194
194
197
203
209
213
212
214
219
224
225
222
228
229
230
232
233
234
227
236
227
227
226
230
234
234
237
242
245
247
238
243
237
243
238
238
240
241
236
241
235
240
241
238
233
237
232
229
229
229
227
233
231
238
239
244
247
245
246
256
255
259
262
263
264
270
271
268
273
277
279
284
291
300
296
303
308
315
325
336
341
349
357
361
375
383
397
412
424
436
438
452
455
467
477
489
498
506
514
520
528
538
542
548
557
559
563
564
560
568
566
566
565
569
566
564
567
554
553
557
553
553
556
560
560
569
565
569
573
573
577
580
587
589
590
597
602
610
614
618
626
631
636
646
647
647
647
654
660
667
659
670
659
672
666
664
663
670
658
667
667
668
681
680
683
692
695
706
717
723
735
743
751
755
749
747
732
734
727
721
717
709
708
695
699
696
696
699
702
713
704
716
724
738
745
762
779
800
800
822
823
833
834
835
822
830
813
803
785
774
752
733
719
702
692
682
663
656
641
631
627
628
629
630
638
647
650
653
668
677
704
717
731
752
760
780
793
805
813
824
834
850
857
865
880
879
885
901
908
923
932
941
950
960
970
981
991
1002
1018
1016
1016
1004
1002
987
968
950
934
917
895
889
872
863
850
847
839
842
831
840
833
839
844
854
853
877
898
916
951
974
1004
1035
1055
1074
1087
1102
1108
1107
1108
1104
1110
1108
1109
1104
1100
1084
1092
1083
1078
1075
1074
1078
1077
1080
1088
1093
1104
1121
1138
1153
1169
1187
1199
1221
1239
1257
1268
1291
1316
1341
1353
1373
1400
1416
1432
1441
1450
1474
1483
1497
1509
1510
1501
1496
1467
1456
1441
1413
1390
1369
1339
1313
1292
1270
1241
1221
1214
1193
1190
1188
1181
1189
1193
1224
1237
1251
1269
1282
1304
1319
1344
1356
1353
1370
1382
1382
1388
1380
1383
1373
1358
1343
1319
1295
1256
1224
1188
1168
1132
1118
1104
1090
1075
1073
1069
1084
1080
1081
1081
1079
1083
1092
1101
1108
1115
1121
1120
1137
1142
1149
1163
1187
1197
1207
1207
1221
1230
1243
1243
1256
1269
1286
1296
1300
1311
1320
1332
1322
1318
1327
1315
1323
1324
1320
1317
1311
1307
1303
1303
1289
1284
1284
1281
1280
1273
1294
1279
1292
1292
1296
1294
1292
1287
1310
1305
1306
1317
1322
1336
1359
1378
1393
1416
1434
1452
1491
1510
1532
1543
1570
1586
1598
1614
1624
1632
1634
1636
1621
1616
1613
1618
1619
1624
1631
1640
1638
1649
1653
1663
1661
1671
1686
1698
1724
1713
1719
1735
1731
1741
1746
1739
1741
1734
1753
1748
1733
1724
1716
1696
1694
1693
1698
1689
1706
1706
1722
1723
1751
1768
1771
1785
1774
1782
1783
1792
1801
1798
1803
1809
1817
1813
1823
1818
1810
1802
1811
1807
1814
1816
1838
1848
1868
1899
1913
1936
1945
1976
1991
2022
2054
2082
2117
2143
2170
2197
2219
2249
2273
2285
2309
2311
2309
2286
2284
2259
2247
2240
2236
2226
2223
2227
2217
2223
2228
2225
2225
2228
2227
2205
2201
2197
2172
2153
2136
2122
2107
2070
2041
1994
1980
1951
1935
1899
1895
1883
1890
1875
1847
1828
1801
1767
1737
1710
1688
1670
1677
1668
1670
1665
1661
1660
1681
1689
1703
1737
1745
1773
1806
1823
1850
1859
1876
1872
1863
1862
1855
1829
1836
1825
1805
1801
1800
1783
1771
1747
1746
1734
1726
1718
1709
1700
1702
1704
1704
1709
1727
1728
1741
1740
1748
1749
1722
1734
1713
1691
1694
1669
1660
1645
1622
1608
1604
1603
1605
1599
1593
1586
1572
1567
1574
1562
1556
1556
1570
1581
1589
1609
1633
1648
1674
1713
1724
1743
1750
1751
1776
1769
1770
1763
1741
1743
1741
1731
1750
1753
1756
1758
1766
1762
1762
1759
1772
1778
1778
1787
1805
1815
1848
1851
1856
1870
1865
1859
1858
1823
1807
1777
1731
1693
1647
1617
1589
1567
1553
1545
1526
1524
1523
1523
1540
1539
1546
1555
1559
1577
1597
1620
1639
1652
1676
1678
1683
1688
1679
1655
1646
1622
1584
1563
1548
1531
1518
1507
1528
1543
1566
1593
1638
1672
1716
1747
1783
1830
1849
1882
1896
1892
1903
1915
1936
1955
1956
1972
1966
1968
1966
1960
1946
1953
1949
1949
1970
1971
1996
2011
2010
2030
2057
2092
2118
2139
2163
2165
2168
2169
2146
2142
2125
2119
2071
2048
2030
1990
1984
1947
1942
1926
1938
1955
1979
1984
1997
2017
2034
2051
2094
2145
2186
2213
2264
2296
2318
2351
2355
2374
2371
2355
2357
2351
2336
2336
2307
2293
2274
2236
2225
2204
2170
2152
2124
2078
2080
2067
2061
2060
2039
2035
2023
2001
1999
1976
1955
1932
1910
1896
1903
1886
1893
1879
1864
1862
1866
1859
1868
1883
1882
1883
1885
1905
1907
1943
1945
1957
1972
1970
1984
1977
1984
1980
1985
1973
1953
1947
1927
1920
1907
1888
1890
1878
1879
1872
1878
1896
1908
1893
1910
1902
1910
1902
1888
1886
1883
1874
1879
1886
1888
1882
1887
1863
1840
1838
1811
1782
1766
1743
1708
1664
1629
1593
1558
1523
1487
1443
1406
1376
1340
1315
1304
1277
1274
1256
1255
1265
1256
1269
1288
1302
1333
1370
1405
1450
1502
1528
1565
1594
1604
1637
1657
1674
1698
1700
1733
1752
1760
1778
1791
1788
1795
1799
1802
1804
1794
1779
1774
1753
1737
1718
1710
1690
1688
1673
1674
1659
1648
1645
1641
1641
1650
1645
1643
1656
1653
1674
1681
1700
1716
1743
1755
1775
1808
1826
1851
1867
1899
1896
1896
1894
1892
1898
1885
1890
1886
1880
1876
1848
1836
1813
1791
1777
1772
1760
1760
1761
1751
1739
1736
1739
1745
1752
1765
1766
1762
1772
1785
1781
1784
1780
1796
1805
1812
1824
1823
1851
1862
1876
1879
1888
1895
1894
1893
1879
1863
1860
1869
1866
1869
1864
1860
1863
1879
1890
1894
1890
1890
1874
1853
1826
1803
1790
1785
1793
1805
1815
1851
1856
1888
1910
1931
1952
1987
2014
2047
2081
2116
2138
2179
2196
2237
2261
2287
2316
2342
2349
2356
2347
2334
2323
2289
2276
2249
2239
2235
2229
2228
2221
2195
2171
2163
2135
2109
2092
2075
2068
2048
2042
2054
2044
2048
2052
2062
2075
2090
2110
2126
2139
2170
2162
2172
2187
2200
2199
2212
2203
2181
2147
2102
2058
2002
1948
1897
1845
1804
1784
1763
1752
1758
1758
1770
1783
1793
1823
1844
1860
1872
1887
1891
1896
1917
1948
1972
1999
2022
2046
2062
2054
2065
2062
2057
2032
2020
2005
1993
1984
1989
1990
2000
2002
2010
2004
2025
2034
2031
2034
2048
2071
2071
2088
2102
2118
2127
2158
2159
2150
2145
2126
2112
2102
2095
2076
2078
2071
2044
2031
2022
1987
1973
1949
1928
1914
1903
1889
1875
1855
1845
1830
1818
1818
1812
1794
1768
1746
1721
1695
1684
1660
1651
1638
1637
1644
1652
1681
1678
1718
1724
1714
1705
1692
1696
1670
1662
1665
1649
1640
1641
1617
1602
1590
1555
1525
1497
1476
1435
1398
1387
1355
1339
1335
1335
1344
1364
1368
1391
1382
1388
1379
1383
1383
1382
1392
1402
1399
1415
1420
1419
1415
1412
1391
1377
1354
1346
1337
1334
1315
1308
1295
1267
1235
1216
1186
1160
1132
1126
1117
1124
1113
1128
1133
1154
1167
1201
1227
1271
1292
1333
1360
1385
1416
1456
1490
1534
1579
1624
1668
1714
1764
1816
1852
1873
1913
1926
1946
1965
1976
1980
1988
2012
2011
2021
2020
2026
2017
2001
1993
1981
1955
1936
1923
1893
1863
1861
1835
1824
1793
1778
1741
1695
1669
1649
1609
1600
1590
1588
1594
1606
1607
1628
1630
1636
1650
1672
1679
1695
1716
1724
1744
1775
1796
1803
1813
1804
1783
1782
1757
1745
1710
1697
1680
1671
1675
1690
1695
1701
1694
1681
1690
1697
1701
1738
1787
1835
1870
1922
1984
2029
2071
2122
2146
2177
2179
2174
2157
2134
2099
2067
2047
2025
2012
2000
1958
1926
1895
1871
1841
1817
1798
1790
1781
1775
1794
1804
1812
1859
1903
1940
1987
2019
2040
2058
2077
2091
2076
2079
2065
2050
2006
1975
1951
1928
1896
1868
1835
1809
1770
1757
1715
1690
1676
1664
1652
1657
1650
1659
1675
1688
1713
1726
1757
1777
1793
1808
1811
1832
1860
1897
1918
1950
1953
1984
2007
2029
2054
2065
2077
2104
2124
2123
2144
2141
2140
2139
2138
2141
2122
2122
2112
2112
2103
2100
2085
2070
2067
2063
2036
2041
2008
1996
1965
1972
1938
1933
1902
1898
1880
1875
1860
1844
1841
1839
1816
1805
1802
1801
1806
1807
1801
1796
1781
1790
1789
1799
1784
1778
1780
1769
1753
1742
1724
1712
1711
1700
1702
1681
1682
1660
1663
1653
1641
1639
1634
1626
1612
1599
1590
1593
1574
1586
1568
1579
1573
1582
1595
1623
1619
1635
1660
1662
1683
1705
1728
1743
1770
1782
1812
1832
1849
1862
1874
1883
1882
1892
1882
1883
1866
1843
1815
1794
1772
1753
1741
1740
1728
1728
1717
1706
1696
1702
1689
1694
1675
1677
1667
1646
1629
1600
1570
1551
1551
1540
1515
1518
1523
1526
1521
1545
1551
1587
1623
1645
1699
1733
1761
1781
1798
1832
1848
1878
1894
1906
1917
1908
1889
1887
1862
1846
1824
1802
1767
1725
1692
1664
1633
1605
1583
1564
1553
1558
1554
1559
1539
1538
1519
1508
1504
1504
1505
1489
1494
1493
1475
1487
1500
1527
1550
1578
1584
1598
1607
1600
1585
1567
1548
1514
1507
1486
1460
1421
1370
1337
1297
1275
1265
1268
1267
1283
1289
1325
1361
1401
1427
1468
1515
1556
1597
1636
1664
1684
1700
1721
1716
1714
1698
1670
1647
1616
1583
1539
1493
1454
1420
1393
1370
1371
1355
1359
1365
1385
1398
1414
1441
1477
1529
1574
1599
1636
1657
1687
1720
1756
1766
1794
1804
1810
1819
1830
1833
1821
1817
1800
1792
1768
1746
1728
1729
1709
1692
1697
1702
1693
1684
1690
1700
1718
1731
1746
1752
1757
1745
1750
1754
1755
1755
1759
1774
1787
1798
1818
1818
1847
1857
1866
1867
1877
1887
1910
1907
1926
1943
1965
1977
1998
2000
2008
2035
2033
2035
2051
2065
2075
2084
2092
2081
2092
2107
2117
2117
2118
2103
2102
2089
2079
2076
2044
2018
1985
1957
1920
1892
1864
1822
1797
1768
1738
1700
1678
1637
1622
1590
1562
1552
1541
1513
1516
1506
1489
1476
1460
1450
1447
1421
1406
1387
1369
1362
1359
1332
1331
1321
1327
1325
1326
1347
1349
1368
1380
1383
1393
1414
1429
1449
1465
1495
1505
1524
1533
1537
1530
1534
1543
1542
1539
1540
1523
1504
1503
1474
1449
1437
1429
1413
1402
1386
1368
1352
1346
1344
1331
1304
1299
1283
1267
1245
1229
1206
1178
1152
1132
1112
1085
1077
1070
1057
1045
1040
1033
1027
1007
991
988
963
942
930
910
895
883
859
873
870
862
856
848
840
830
814
815
814
800
787
788
786
788
781
788
790
791
784
791
790
783
785
775
762
761
761
757
758
757
765
780
790
801
819
846
860
875
893
903
926
949
968
992
1010
1036
1064
1097
1113
1133
1155
1165
1172
1181
1184
1188
1181
1186
1188
1194
1182
1194
1194
1193
1172
1166
1145
1138
1129
1120
1125
1125
1120
1113
1106
1093
1088
1072
1066
1046
1028
995
982
1002
1016
1032
1030
1030
1043
1052
1049
1065
1076
1090
1110
1148
1156
1178
1193
1217
1226
1228
1227
1230
1227
1211
1188
1174
1157
1148
1126
1104
1097
1078
1078
1093
1091
1103
1104
1124
1121
1120
1129
1132
1149
1166
1172
1176
1193
1186
1191
1194
1189
1183
1171
1162
1159
1150
1140
1131
1128
1124
1123
1123
1118
1115
1108
1100
1098
1085
1086
1085
1080
1089
1090
1090
1104
1112
1124
1144
1142
1161
1169
1175
1189
1230
1227
1251
1274
1281
1302
1308
1330
1342
1349
1354
1357
1358
1350
1373
1365
1374
1383
1376
1388
1377
1372
1360
1341
1355
1349
1330
1316
1305
1288
1273
1266
1260
1250
1249
1244
1229
1228
1241
1243
1262
1286
1304
1310
1331
1351
1365
1367
1384
1370
1384
1405
1408
1396
1390
1386
1385
1385
1370
1355
1337
1333
1321
1306
1286
1266
1238
1223
1197
1171
1160
1140
1123
1106
1095
1079
1054
1027
1009
978
965
948
935
913
904
891
863
845
824
790
752
708
663
622
588
559
528
500
473
455
441
425
409
393
390
384
384
380
384
393
412
416
431
446
471
488
511
529
546
556
572
583
603
614
631
658
676
690
710
722
750
754
777
788
797
806
806
828
832
845
862
875
881
888
905
922
926
926
926
936
937
943
945
941
944
936
933
928
924
918
917
915
912
906
898
889
884
866
857
842
824
805
789
771
751
728
704
672
644
611
580
547
516
494
472
458
444
428
412
402
394
387
380
373
367
376
379
387
400
406
427
443
457
480
505
525
551
578
605
630
664
692
715
740
767
794
800
831
846
861
873
879
892
891
902
905
903
903
909
895
908
915
922
927
926
937
937
935
934
938
948
961
972
978
988
995
1004
1009
1025
1028
1039
1034
1043
1045
1040
1054
1046
1041
1040
1034
1031
1031
1023
1029
1030
1026
1033
1038
1031
1042
1039
1041
1047
1054
1054
1057
1061
1059
1046
1030
1032
1018
1019
1023
1028
1035
1035
1037
1033
1038
1044
1039
1045
1039
1045
1053
1067
1062
1059
1076
1085
1090
1104
1099
1098
1112
1102
1099
1100
1088
1084
1082
1083
1082
1091
1085
1086
1085
1091
1076
1087
1081
1087
1080
1087
1074
1075
1064
1057
1055
1061
1060
1070
1073
1079
1074
1076
1073
1078
1081
1069
1064
1054
1052
1040
1024
1017
1006
995
977
957
938
924
928
928
929
939
933
935
939
950
954
965
951
966
969
983
986
986
982
987
989
989
990
989
985
978
966
953
925
913
896
882
874
859
850
846
851
837
836
838
839
831
832
838
838
840
843
845
853
865
865
881
880
873
862
863
847
841
828
829
818
800
794
787
784
780
781
772
769
762
749
744
735
733
714
717
707
705
698
695
702
694
681
678
673
673
669
668
665
667
662
666
660
657
656
660
665
665
659
653
652
655
640
641
651
649
644
639
633
620
613
606
607
609
608
615
614
616
618
613
618
613
612
621
611
606
611
613
617
612
610
612
608
618
622
623
622
618
621
617
620
608
605
598
599
594
589
594
599
588
590
589
584
576
569
571
561
548
533
532
518
520
516
514
508
505
486
474
462
460
454
450
444
443
433
433
427
426
416
424
429
423
425
432
427
430
435
434
433
441
443
453
465
467
475
482
482
478
486
484
477
480
474
476
467
471
470
481
479
488
478
489
488
488
486
485
486
482
485
482
475
473
466
470
463
470
463
467
467
459
454
452
453
454
451
443
449
441
446
444
440
439
434
434
425
420
420
416
414
409
402
405
401
401
400
407
407
411
410
414
411
417
412
419
420
425
424
432
428
430
433
431
435
431
425
418
415
414
411
406
403
403
396
400
397
395
386
395
390
388
386
387
390
389
384
389
393
393
395
394
392
394
380
376
378
378
371
371
367
367
367
368
366
364
361
370
366
362
365
365
365
371
373
376
378
382
384
390
391
395
393
391
389
349
208
0
-3
-1
-2
-2
-1
0
2
395
375
1
-1
1
0
0

