;UFOS3
;Measurement details: channel = Z-D, date = 01.06.2018, time = 09:37:42
Exposure=234
Gain=0
Temperature=20.1
Accummulate=4
1.268 mu
1.27 amas
51.94 hs
298 ozone
0 uva
0 uvb
0 uve
[Value]
0
1
-1
-2
-1
1
-1
1
1
-1
-2
-3
-4
2
-4
2
-3
-1
-2
-1
0
-1
-1
-2
-1
-4
-1
-1
0
0
3
-1
-2
-1
2
-4
-2
-2
-2
1
2
2
-3
-1
-2
-1
-1
-3
3
-3
-1
1
1
-1
2
-1
-2
2
1
0
2
1
0
-1
0
-1
-3
0
3
-1
-2
-2
2
1
-3
-3
0
-1
-1
-1
1
0
1
0
0
0
-1
-1
1
1
2
0
0
0
1
2
0
-1
1
-3
0
-4
-2
-2
1
0
-1
-4
1
0
0
0
3
2
-1
-2
1
-1
-2
-2
-2
-3
0
0
3
-1
-1
3
-3
0
1
-1
1
1
-3
-2
2
0
1
2
-2
-2
2
-2
2
-2
-1
0
-1
-2
0
-2
1
-2
2
-1
-1
0
0
0
-1
-3
-1
-1
-2
0
0
1
1
1
-2
-1
3
-2
1
2
-2
0
1
-2
0
1
-1
-2
2
1
-2
0
3
-1
-1
0
0
-3
-1
-1
-1
1
1
-1
1
0
2
1
1
2
0
1
1
-1
0
-4
-1
-1
2
-1
2
3
-2
2
-3
0
-1
0
-1
2
-1
0
-3
1
1
0
1
0
1
0
1
1
0
0
-2
-1
0
-1
1
1
0
0
0
0
0
0
1
2
-1
1
0
-2
1
0
1
0
-1
-1
-1
0
0
1
-1
0
-1
-1
2
-2
-1
0
-1
1
1
0
2
-1
-1
1
-1
2
1
-1
4
0
1
1
2
0
0
0
5
0
0
2
4
2
0
-1
2
1
-2
3
-1
-1
1
1
1
1
-2
-1
2
-1
0
-1
0
-3
0
-1
0
-1
0
-1
0
0
-3
1
0
-1
0
0
1
2
0
-1
1
1
1
-1
2
-2
0
0
1
-1
2
1
-1
1
1
2
0
0
2
1
1
1
0
-2
0
0
0
1
1
-2
-1
-1
0
1
2
0
1
-2
4
3
0
2
2
2
3
-2
1
2
-1
0
-2
1
0
-1
0
3
2
3
2
-1
1
0
1
-2
1
2
0
1
0
-1
1
-3
2
-2
0
3
2
0
2
-1
0
-1
4
-2
-2
1
1
1
2
-1
2
1
3
3
0
-1
1
-3
0
1
0
1
2
0
3
0
2
3
0
2
1
-2
1
1
-1
1
3
1
-2
1
2
1
1
1
1
0
1
0
1
2
-1
-2
2
0
3
1
1
2
4
2
-2
2
4
-1
-1
0
5
1
0
0
0
2
2
1
-1
1
3
0
4
1
2
0
2
1
0
2
0
2
3
2
4
3
0
3
0
0
2
-1
2
1
4
-1
3
1
3
0
2
-1
1
2
0
3
1
3
6
3
-1
0
1
1
3
3
2
2
7
2
4
4
1
2
0
-3
0
1
0
1
3
4
3
0
3
0
2
3
1
0
2
3
3
1
1
1
2
0
1
0
1
2
3
4
1
3
0
1
4
1
2
3
0
1
2
1
3
2
2
2
4
2
5
2
4
3
2
0
2
6
2
2
1
0
1
4
4
-1
7
2
2
-1
4
4
7
2
3
1
0
4
3
3
3
0
-1
0
2
5
3
1
-1
1
0
0
4
4
2
4
0
1
2
3
2
2
5
-1
0
0
2
3
4
2
4
1
3
2
4
-1
1
4
1
4
0
3
7
6
4
2
4
1
3
4
3
4
4
2
5
4
2
2
6
0
4
1
6
2
4
6
3
4
4
2
5
4
3
6
4
3
3
5
5
3
3
4
7
5
4
7
6
5
6
4
5
5
6
3
8
3
7
5
9
7
5
7
7
9
6
8
7
4
7
8
6
6
7
7
8
5
7
9
12
6
7
9
6
8
11
10
9
9
9
6
11
9
9
8
11
9
11
9
8
6
9
11
11
13
9
10
11
10
11
12
12
13
12
13
15
16
12
12
13
13
17
14
15
15
17
17
19
19
20
19
20
21
24
23
21
22
25
21
22
23
23
23
21
20
20
23
24
22
25
23
26
24
26
25
28
27
28
29
33
35
37
38
40
40
45
43
44
45
47
48
54
56
56
59
60
65
66
63
67
66
68
70
73
71
71
74
75
71
73
73
73
70
74
68
71
69
69
67
73
71
72
75
78
80
86
81
82
83
87
88
90
92
95
96
100
101
102
108
111
114
117
117
124
120
123
128
131
133
134
140
140
137
138
134
135
135
134
129
129
130
127
128
126
127
130
135
132
129
134
136
136
137
139
138
143
140
143
149
147
152
150
153
159
158
163
165
167
167
175
179
182
186
197
191
194
196
207
211
211
212
216
219
225
227
222
222
226
227
231
229
233
233
232
232
231
229
230
232
240
240
240
241
243
244
241
241
245
237
243
236
238
235
236
237
237
237
240
236
237
230
233
232
227
230
233
231
237
242
239
241
248
246
253
255
262
261
263
263
267
270
271
273
278
277
287
286
297
299
309
311
317
328
336
340
345
356
365
372
386
399
408
414
434
441
451
462
473
476
487
494
504
511
518
528
539
540
551
554
556
561
559
561
565
565
568
564
564
571
559
562
556
548
548
552
553
559
562
560
562
561
572
565
568
573
579
580
590
592
600
597
607
615
621
625
628
634
640
637
649
650
649
654
660
658
669
665
670
657
663
658
654
664
661
667
670
670
678
684
689
699
711
717
726
723
742
748
751
745
741
732
726
719
719
718
707
703
702
695
696
697
698
703
704
702
710
712
731
749
767
778
793
808
816
821
832
827
826
822
818
814
798
786
763
751
730
718
703
690
673
657
652
636
634
628
631
624
635
632
645
644
654
663
675
698
709
728
760
763
777
790
804
819
821
840
850
851
868
874
880
896
899
908
916
926
942
944
963
965
983
994
999
1012
1011
1014
1005
996
985
965
951
936
915
893
882
872
854
846
846
840
842
828
837
836
829
835
849
863
872
901
929
943
975
996
1038
1059
1075
1086
1099
1095
1101
1097
1100
1099
1109
1099
1099
1092
1086
1086
1082
1071
1069
1071
1069
1076
1076
1083
1096
1106
1112
1132
1143
1163
1181
1196
1216
1228
1241
1263
1285
1310
1336
1349
1368
1399
1410
1423
1433
1454
1465
1482
1486
1497
1500
1500
1482
1471
1450
1434
1417
1387
1365
1331
1305
1288
1262
1241
1226
1197
1195
1176
1177
1184
1188
1199
1216
1228
1238
1271
1283
1302
1326
1331
1354
1359
1368
1375
1384
1388
1378
1373
1368
1346
1338
1307
1292
1248
1233
1188
1161
1135
1118
1097
1081
1076
1063
1067
1078
1081
1074
1080
1078
1084
1078
1092
1109
1104
1122
1122
1137
1134
1144
1163
1172
1190
1199
1212
1219
1232
1243
1250
1254
1264
1275
1282
1301
1301
1314
1327
1311
1321
1316
1314
1316
1317
1312
1309
1301
1312
1298
1293
1295
1273
1272
1274
1270
1278
1286
1279
1283
1290
1290
1290
1285
1294
1302
1295
1303
1311
1323
1336
1362
1370
1397
1407
1436
1451
1477
1503
1527
1546
1564
1575
1590
1611
1618
1626
1629
1624
1608
1603
1603
1604
1613
1612
1635
1637
1630
1645
1651
1651
1661
1666
1671
1697
1712
1714
1714
1721
1730
1733
1742
1736
1740
1736
1739
1734
1724
1711
1706
1703
1694
1683
1699
1687
1689
1698
1716
1731
1747
1761
1765
1776
1781
1778
1776
1783
1790
1788
1789
1796
1795
1812
1803
1808
1807
1786
1805
1801
1809
1803
1835
1842
1859
1888
1904
1926
1940
1960
1988
2007
2034
2067
2102
2130
2156
2198
2217
2241
2275
2280
2292
2299
2293
2288
2279
2249
2231
2225
2218
2223
2219
2210
2212
2214
2216
2220
2221
2218
2224
2207
2196
2176
2174
2133
2124
2109
2087
2066
2039
1991
1969
1950
1926
1894
1884
1887
1881
1868
1844
1816
1784
1764
1728
1698
1693
1666
1669
1660
1655
1645
1645
1648
1669
1681
1696
1723
1739
1762
1791
1812
1845
1851
1866
1864
1863
1860
1848
1827
1823
1813
1796
1785
1781
1773
1758
1751
1733
1723
1714
1710
1706
1693
1688
1693
1695
1694
1722
1730
1729
1741
1735
1735
1719
1720
1705
1687
1685
1662
1635
1628
1616
1609
1601
1599
1601
1599
1594
1569
1561
1564
1558
1555
1551
1551
1557
1566
1577
1594
1619
1645
1669
1695
1712
1723
1737
1741
1765
1757
1761
1749
1733
1740
1731
1729
1730
1739
1737
1738
1751
1750
1761
1749
1764
1774
1769
1787
1807
1814
1838
1836
1846
1850
1854
1855
1839
1815
1788
1752
1716
1680
1640
1597
1576
1564
1545
1533
1521
1517
1515
1515
1523
1539
1539
1539
1562
1571
1588
1614
1634
1647
1663
1669
1670
1678
1675
1656
1637
1608
1577
1549
1536
1510
1506
1497
1521
1526
1558
1586
1625
1663
1704
1741
1779
1820
1840
1869
1882
1884
1892
1903
1921
1932
1937
1960
1950
1952
1951
1949
1938
1946
1938
1939
1948
1961
1963
1990
2000
2009
2051
2067
2102
2129
2146
2142
2147
2137
2131
2124
2107
2109
2062
2038
2012
1988
1953
1942
1933
1914
1933
1947
1959
1967
1995
2005
2026
2040
2080
2124
2168
2205
2248
2274
2308
2326
2345
2360
2360
2349
2335
2329
2310
2312
2288
2290
2241
2225
2208
2180
2162
2133
2111
2059
2059
2057
2044
2044
2031
2010
2007
1992
1975
1959
1934
1914
1896
1886
1885
1878
1884
1867
1857
1850
1861
1853
1855
1866
1864
1877
1874
1891
1901
1920
1925
1949
1963
1971
1967
1967
1958
1959
1957
1955
1941
1935
1926
1907
1899
1870
1869
1857
1861
1862
1870
1869
1892
1878
1895
1889
1892
1892
1871
1869
1872
1873
1873
1867
1875
1869
1871
1842
1830
1830
1794
1781
1756
1727
1692
1657
1624
1583
1538
1506
1477
1438
1409
1359
1336
1309
1298
1268
1268
1245
1240
1253
1247
1263
1276
1291
1330
1356
1399
1442
1488
1516
1549
1591
1602
1620
1648
1658
1681
1690
1707
1730
1751
1764
1780
1779
1792
1784
1784
1788
1782
1769
1754
1742
1712
1714
1697
1678
1680
1668
1664
1650
1639
1627
1627
1631
1636
1631
1633
1643
1645
1656
1664
1681
1701
1719
1738
1769
1787
1813
1832
1854
1874
1890
1886
1885
1893
1873
1873
1880
1871
1870
1860
1836
1821
1798
1768
1757
1742
1751
1752
1745
1739
1724
1719
1728
1741
1739
1741
1747
1748
1751
1770
1772
1774
1780
1782
1787
1804
1810
1811
1824
1846
1862
1862
1868
1885
1872
1872
1875
1853
1855
1848
1856
1853
1856
1841
1846
1866
1872
1890
1882
1885
1862
1841
1820
1801
1779
1771
1772
1791
1800
1838
1850
1874
1893
1920
1948
1978
2006
2031
2063
2097
2122
2158
2188
2207
2251
2273
2295
2327
2329
2346
2334
2327
2312
2282
2260
2251
2232
2222
2212
2211
2195
2179
2162
2137
2115
2090
2064
2062
2046
2039
2033
2029
2035
2041
2043
2054
2058
2083
2105
2110
2124
2147
2150
2148
2167
2195
2189
2186
2188
2177
2143
2094
2043
1996
1936
1882
1836
1789
1770
1754
1741
1749
1749
1756
1765
1786
1804
1827
1838
1861
1868
1871
1892
1905
1942
1961
1979
2013
2028
2055
2045
2050
2044
2037
2021
2005
1995
1981
1992
1982
1985
1993
1995
2008
1995
2016
2013
2017
2022
2037
2050
2064
2072
2089
2102
2125
2137
2150
2147
2140
2119
2103
2081
2079
2067
2075
2049
2036
2017
2009
1969
1965
1935
1918
1906
1891
1880
1866
1844
1826
1826
1803
1811
1790
1785
1766
1748
1710
1685
1673
1648
1638
1629
1628
1634
1640
1657
1669
1703
1711
1714
1699
1683
1681
1665
1653
1643
1637
1626
1634
1617
1606
1581
1555
1525
1487
1464
1433
1400
1378
1351
1334
1316
1327
1336
1356
1364
1379
1368
1377
1374
1372
1370
1370
1377
1388
1400
1406
1421
1418
1408
1400
1382
1367
1353
1342
1325
1321
1298
1298
1279
1261
1230
1209
1171
1154
1132
1118
1110
1118
1108
1121
1131
1144
1160
1195
1228
1257
1281
1320
1340
1369
1406
1443
1480
1528
1577
1608
1660
1708
1754
1801
1837
1851
1899
1906
1940
1945
1957
1965
1981
1992
1997
2010
2007
2024
1993
1992
1974
1972
1947
1924
1904
1884
1856
1842
1822
1811
1788
1752
1735
1682
1658
1625
1598
1581
1583
1584
1587
1591
1603
1619
1616
1630
1631
1649
1669
1695
1704
1719
1739
1763
1788
1796
1808
1791
1771
1760
1744
1733
1698
1695
1674
1660
1661
1688
1688
1686
1684
1672
1679
1692
1694
1725
1771
1813
1862
1918
1959
2014
2051
2104
2138
2164
2172
2157
2154
2120
2089
2065
2040
2016
1996
1968
1944
1923
1883
1850
1822
1801
1781
1786
1770
1762
1778
1784
1804
1849
1884
1935
1974
1997
2017
2056
2058
2083
2067
2072
2061
2034
1988
1957
1928
1911
1880
1852
1821
1796
1751
1725
1703
1675
1657
1652
1644
1648
1637
1649
1662
1686
1698
1722
1735
1761
1779
1786
1806
1823
1840
1874
1907
1933
1940
1973
1990
2021
2043
2047
2076
2093
2106
2115
2115
2122
2120
2126
2118
2117
2102
2106
2096
2087
2091
2078
2068
2063
2051
2030
2024
2016
1985
1974
1957
1945
1937
1910
1896
1877
1863
1848
1847
1826
1825
1820
1796
1783
1785
1790
1790
1787
1791
1786
1766
1776
1768
1781
1773
1770
1766
1750
1737
1722
1711
1709
1697
1689
1676
1678
1672
1657
1653
1649
1630
1631
1632
1618
1604
1588
1574
1570
1559
1569
1563
1568
1564
1578
1572
1600
1603
1614
1637
1649
1666
1688
1715
1735
1753
1762
1795
1819
1828
1849
1849
1854
1865
1868
1861
1863
1842
1823
1803
1772
1748
1738
1722
1730
1708
1716
1698
1687
1675
1674
1670
1668
1657
1661
1647
1630
1617
1588
1552
1530
1532
1528
1504
1519
1504
1506
1505
1529
1548
1579
1599
1625
1684
1721
1751
1765
1778
1814
1834
1860
1886
1884
1902
1883
1873
1870
1843
1825
1811
1783
1745
1717
1676
1648
1616
1601
1572
1555
1550
1550
1544
1539
1530
1518
1501
1493
1500
1496
1493
1486
1473
1480
1468
1475
1488
1518
1523
1560
1565
1580
1595
1590
1571
1555
1530
1507
1492
1469
1445
1401
1352
1324
1287
1262
1255
1251
1259
1260
1279
1311
1350
1383
1412
1466
1507
1554
1580
1620
1646
1669
1679
1704
1700
1689
1676
1667
1628
1602
1560
1521
1479
1432
1413
1376
1349
1339
1346
1357
1358
1369
1381
1407
1430
1468
1513
1553
1583
1617
1643
1676
1700
1733
1750
1772
1796
1804
1799
1803
1814
1810
1797
1791
1762
1753
1722
1719
1711
1695
1682
1679
1691
1680
1676
1678
1686
1703
1714
1732
1735
1739
1735
1740
1741
1743
1743
1750
1765
1777
1779
1798
1818
1830
1842
1849
1860
1864
1871
1895
1900
1912
1921
1933
1957
1960
1985
1996
2012
2019
2029
2036
2047
2054
2066
2078
2067
2071
2088
2097
2094
2108
2091
2084
2080
2060
2057
2026
2006
1976
1948
1901
1875
1843
1817
1793
1747
1732
1690
1667
1640
1596
1577
1553
1535
1520
1502
1505
1496
1475
1455
1451
1437
1429
1413
1400
1377
1365
1353
1344
1316
1318
1307
1312
1307
1309
1332
1349
1357
1370
1378
1386
1404
1414
1435
1465
1477
1495
1507
1520
1525
1511
1516
1522
1527
1521
1529
1513
1488
1480
1461
1441
1420
1410
1396
1391
1377
1358
1334
1329
1330
1310
1292
1287
1271
1252
1240
1214
1187
1167
1140
1130
1100
1082
1060
1055
1043
1041
1032
1025
1018
1000
986
974
956
936
917
901
891
877
858
858
864
851
845
832
833
825
813
803
794
786
782
784
778
782
776
781
777
786
778
787
779
776
775
766
759
757
751
745
754
755
761
774
781
792
817
833
855
870
884
896
920
927
973
980
1011
1029
1051
1086
1102
1124
1148
1155
1160
1171
1180
1178
1176
1182
1183
1186
1185
1188
1185
1192
1170
1150
1136
1118
1117
1114
1116
1123
1108
1105
1090
1090
1078
1070
1061
1044
1019
995
982
991
1017
1018
1021
1026
1036
1035
1037
1052
1063
1082
1098
1133
1157
1173
1189
1199
1217
1215
1222
1214
1209
1194
1168
1170
1150
1131
1114
1104
1084
1071
1066
1076
1080
1101
1105
1118
1098
1116
1114
1121
1141
1154
1162
1171
1183
1177
1178
1182
1185
1175
1167
1156
1153
1143
1133
1122
1117
1113
1116
1121
1107
1104
1094
1087
1081
1081
1078
1078
1077
1081
1079
1087
1084
1099
1114
1127
1143
1147
1151
1165
1181
1207
1216
1243
1258
1287
1293
1298
1319
1324
1336
1336
1342
1337
1338
1359
1350
1359
1378
1375
1367
1372
1353
1341
1339
1346
1339
1322
1301
1293
1278
1263
1262
1243
1241
1230
1228
1224
1222
1230
1234
1255
1273
1287
1303
1321
1347
1356
1354
1365
1363
1377
1390
1394
1383
1379
1374
1372
1369
1357
1340
1328
1320
1312
1292
1275
1254
1226
1202
1186
1165
1146
1126
1118
1098
1084
1063
1041
1015
995
975
953
937
925
910
890
875
863
836
814
786
743
702
657
616
584
556
524
500
477
453
438
421
406
395
388
378
379
383
384
394
405
414
428
441
464
487
504
525
539
554
569
579
596
615
629
646
664
684
698
719
737
753
759
778
788
803
805
808
826
844
849
857
867
881
905
900
917
914
920
925
932
931
936
927
933
931
924
926
921
916
911
905
900
897
890
885
871
861
846
834
819
799
779
765
746
723
697
662
638
600
574
544
517
490
473
449
439
420
416
402
392
383
376
367
372
373
378
385
397
404
424
435
457
483
494
522
548
569
598
624
655
687
708
737
759
779
798
816
835
847
866
873
880
885
892
890
892
894
897
891
902
906
916
916
927
928
927
924
932
925
942
951
962
968
990
986
989
1005
1019
1021
1024
1028
1031
1037
1030
1039
1029
1031
1026
1025
1024
1012
1013
1007
1024
1015
1026
1019
1020
1023
1026
1034
1031
1039
1044
1044
1043
1046
1036
1022
1015
1006
997
1008
1013
1016
1026
1020
1028
1035
1026
1028
1030
1029
1029
1036
1048
1044
1053
1056
1070
1076
1087
1093
1093
1095
1089
1091
1086
1071
1076
1070
1066
1080
1071
1069
1073
1070
1078
1068
1073
1070
1071
1067
1069
1060
1059
1055
1048
1040
1046
1052
1058
1060
1064
1060
1066
1063
1071
1060
1061
1046
1037
1032
1029
1012
1005
993
979
960
950
932
912
914
921
918
924
927
927
932
933
948
949
946
953
959
971
972
974
969
968
973
979
975
977
969
965
958
943
917
906
887
871
869
852
842
840
833
832
831
823
827
832
826
835
824
826
829
842
841
861
857
866
867
856
858
851
837
836
822
812
807
798
779
783
775
772
769
760
756
753
751
735
729
725
708
710
698
693
685
688
683
680
674
669
666
671
657
656
658
659
653
657
654
654
649
659
658
653
646
648
646
641
641
640
639
638
630
634
632
615
602
604
605
602
597
611
616
610
608
614
614
605
603
607
603
608
596
607
610
609
606
606
606
611
614
614
609
616
616
610
606
601
596
595
590
593
586
590
587
590
584
585
576
576
566
561
557
544
532
520
507
511
513
513
502
497
486
467
462
456
448
445
434
434
430
424
421
415
410
418
423
414
421
425
426
428
430
430
433
432
435
443
461
463
469
469
471
474
479
478
481
475
472
470
468
465
465
475
476
480
481
486
483
479
480
481
481
477
475
474
471
468
467
465
458
464
459
462
456
455
452
451
453
446
442
444
439
434
437
446
434
434
431
426
425
419
414
410
408
404
396
398
392
399
396
400
399
404
409
410
413
408
408
413
417
415
422
427
423
425
433
432
427
427
418
415
410
406
406
404
397
402
392
394
390
389
390
390
388
386
379
385
381
387
386
389
392
386
391
389
385
383
375
373
371
375
367
362
364
359
359
361
364
358
358
361
361
360
355
362
364
372
370
373
376
378
374
384
385
390
392
391
387
347
202
-1
-1
2
-1
-2
0
-1
-3
388
373
0
2
-3
0
0

