;UFOS3
;Measurement details: channel = Z, date = 01.06.2018, time = 10:27:30
Exposure=219
Gain=0
Temperature=21.8
Accummulate=4
1.273 mu
1.275 amas
51.621 hs
0 ozone
0 uva
0 uvb
0 uve
[Value]
0
358
359
360
360
359
358
358
388
388
403
396
392
395
407
399
400
384
401
403
397
392
418
406
410
392
422
412
406
406
422
405
404
397
419
406
416
390
420
418
397
391
424
410
413
392
420
416
408
393
413
403
395
398
422
408
395
395
418
410
409
391
416
405
401
392
433
407
405
388
416
401
398
403
425
416
405
395
412
406
408
395
427
410
406
396
423
411
395
398
423
409
400
397
421
414
395
388
427
407
392
392
409
405
402
392
418
406
403
391
417
412
399
398
419
409
401
397
422
409
406
402
429
421
410
399
411
411
404
394
408
404
404
394
423
423
400
401
414
412
410
401
418
414
402
397
418
404
397
416
415
409
396
392
428
411
412
393
422
417
396
393
418
414
410
408
420
417
417
395
419
415
406
412
418
412
401
399
422
404
402
393
421
417
406
396
435
414
408
402
411
430
400
402
423
421
407
400
428
409
406
397
414
412
406
395
420
405
411
399
420
412
395
406
415
408
404
392
410
417
413
394
424
414
407
397
416
401
402
389
420
408
400
395
419
417
405
399
420
412
413
397
418
413
403
404
424
405
411
396
418
409
403
395
418
419
404
404
431
408
397
412
422
415
411
387
413
407
410
391
412
411
399
405
420
409
404
400
439
418
408
395
413
418
407
390
423
404
406
400
410
420
405
394
415
416
404
399
420
409
409
395
417
416
409
406
419
405
408
385
421
420
417
397
426
414
403
398
416
413
398
401
412
413
402
400
420
406
414
399
425
409
407
400
419
406
413
393
427
423
401
400
414
421
401
400
419
417
406
396
428
415
400
399
419
406
400
396
427
404
418
402
426
408
418
398
441
409
409
403
414
414
414
396
417
418
407
403
423
415
405
394
412
408
404
403
419
410
406
396
414
414
404
392
421
410
406
392
418
419
406
395
426
417
410
399
426
402
411
398
419
411
404
394
416
413
415
402
423
409
407
407
413
409
399
397
420
414
410
400
413
413
397
387
440
414
397
403
417
413
408
402
410
413
402
398
416
415
408
392
423
410
403
406
414
408
408
404
417
416
417
397
423
411
404
402
420
413
403
399
423
411
409
395
421
404
410
409
420
414
419
405
417
408
408
399
422
409
405
403
417
412
409
399
426
407
409
395
436
409
417
405
426
405
397
411
411
416
402
398
415
408
409
395
432
412
404
410
421
406
407
405
417
413
412
399
412
414
408
412
417
410
410
405
416
407
410
406
416
412
409
407
414
414
415
397
415
409
402
395
415
410
410
401
416
416
418
410
423
406
402
405
421
412
411
407
425
416
406
401
423
410
411
394
417
413
410
404
412
412
404
405
424
419
406
406
419
417
403
406
418
410
407
408
433
405
416
399
415
407
416
409
436
409
412
403
417
409
409
403
416
408
403
405
432
413
403
406
420
409
419
400
420
407
406
400
427
410
399
406
418
410
422
399
418
412
403
397
423
413
403
398
415
417
396
401
417
404
423
407
421
410
405
398
419
411
404
394
421
412
406
403
416
410
409
407
428
417
410
396
420
410
411
408
431
412
412
407
423
407
406
398
418
405
416
400
419
409
413
408
426
410
411
391
413
415
410
399
415
411
415
403
410
410
409
405
416
412
407
399
426
417
411
409
421
406
408
413
415
417
414
402
423
424
406
412
423
409
419
415
419
415
414
457
423
418
427
402
427
415
414
409
422
412
409
411
425
413
414
409
426
415
417
410
426
414
419
412
424
417
411
411
430
425
421
404
430
411
410
411
440
424
424
411
429
415
417
413
426
422
411
419
430
421
423
418
434
420
427
415
430
428
426
410
432
423
427
425
432
429
431
421
450
426
425
424
434
425
423
422
436
430
430
420
448
432
435
434
438
429
442
423
450
440
446
439
443
450
441
439
455
455
450
452
465
457
452
443
469
458
473
456
478
469
464
465
476
468
468
470
482
475
478
474
479
476
470
465
491
476
474
473
484
477
470
461
485
475
480
475
492
487
484
478
492
493
495
499
508
496
496
493
509
504
506
508
522
517
517
515
534
518
529
524
541
540
537
535
549
535
536
526
540
537
532
523
541
532
532
526
539
527
532
532
539
531
539
530
541
537
535
538
556
541
554
534
559
550
555
547
559
558
563
557
575
570
583
564
588
578
599
577
605
596
599
599
623
616
608
608
628
635
623
614
630
628
636
625
641
630
632
631
638
629
641
629
647
635
647
634
645
643
644
635
641
633
647
633
646
634
644
636
644
642
639
633
643
635
624
614
634
632
640
620
643
640
640
639
650
642
639
648
663
660
660
656
678
675
670
661
679
672
683
682
693
691
704
690
722
726
742
726
747
758
760
756
782
783
800
796
835
839
842
847
863
873
890
882
908
903
905
924
931
939
942
943
953
941
958
943
949
951
959
957
969
954
946
950
958
942
939
929
944
944
949
944
961
961
958
953
975
972
969
968
990
980
989
981
1004
993
1007
1016
1023
1032
1031
1032
1036
1026
1039
1024
1057
1043
1062
1047
1069
1051
1051
1044
1056
1051
1057
1049
1069
1062
1077
1071
1090
1084
1093
1102
1114
1124
1133
1131
1143
1135
1130
1119
1124
1102
1115
1095
1104
1097
1091
1080
1093
1082
1088
1091
1098
1095
1100
1102
1122
1137
1161
1167
1194
1197
1219
1210
1226
1207
1221
1202
1217
1204
1187
1175
1163
1140
1128
1101
1099
1088
1067
1040
1044
1033
1021
1018
1025
1017
1025
1020
1041
1030
1042
1059
1085
1082
1102
1116
1156
1150
1185
1184
1205
1213
1221
1231
1242
1247
1255
1262
1275
1274
1308
1290
1314
1314
1336
1336
1368
1358
1377
1378
1395
1396
1411
1398
1401
1401
1376
1349
1339
1322
1319
1277
1281
1266
1255
1243
1248
1231
1238
1218
1252
1221
1242
1225
1247
1257
1269
1285
1317
1341
1369
1394
1442
1447
1465
1472
1494
1487
1497
1487
1493
1490
1511
1498
1497
1479
1485
1479
1475
1464
1459
1465
1468
1460
1471
1476
1489
1491
1508
1525
1544
1558
1562
1588
1617
1628
1653
1659
1693
1713
1735
1741
1778
1789
1814
1814
1840
1838
1867
1864
1898
1890
1911
1883
1883
1862
1854
1821
1822
1784
1764
1720
1708
1676
1660
1633
1629
1593
1594
1578
1583
1571
1588
1596
1619
1625
1655
1647
1695
1708
1716
1722
1748
1747
1769
1775
1781
1788
1798
1777
1776
1741
1747
1696
1685
1654
1620
1578
1555
1535
1522
1498
1485
1474
1482
1465
1487
1482
1479
1484
1497
1478
1495
1485
1516
1506
1535
1524
1529
1530
1562
1568
1600
1596
1614
1607
1633
1626
1644
1653
1674
1669
1685
1686
1705
1712
1717
1719
1725
1716
1717
1718
1727
1726
1720
1703
1717
1704
1715
1714
1698
1691
1688
1679
1682
1675
1701
1687
1692
1688
1699
1697
1708
1695
1711
1699
1699
1717
1736
1737
1770
1786
1806
1810
1844
1858
1888
1901
1941
1959
1973
1987
1990
2012
2032
2017
2034
2034
2023
2000
2011
2015
2029
2021
2031
2039
2042
2040
2073
2052
2068
2067
2093
2096
2117
2114
2133
2143
2144
2157
2155
2160
2161
2133
2162
2148
2138
2121
2125
2108
2114
2098
2114
2103
2119
2108
2130
2128
2165
2171
2192
2201
2196
2185
2196
2193
2202
2199
2214
2202
2219
2219
2240
2217
2224
2203
2220
2208
2212
2229
2267
2255
2274
2301
2318
2341
2370
2388
2400
2426
2453
2489
2530
2548
2595
2592
2647
2658
2692
2691
2717
2727
2729
2705
2690
2672
2663
2646
2654
2633
2646
2632
2626
2629
2642
2638
2653
2634
2645
2636
2614
2598
2588
2554
2549
2525
2522
2484
2464
2408
2392
2356
2347
2318
2305
2298
2303
2286
2263
2243
2214
2172
2158
2122
2104
2092
2087
2090
2069
2064
2078
2069
2099
2096
2124
2142
2175
2184
2226
2245
2263
2260
2296
2289
2294
2287
2268
2259
2252
2225
2230
2216
2207
2199
2179
2173
2157
2140
2131
2129
2133
2113
2120
2112
2122
2115
2148
2144
2166
2171
2157
2152
2153
2140
2128
2108
2108
2087
2073
2060
2034
2040
2035
2022
2030
2013
2008
1994
1987
1987
1997
1971
1988
1976
1992
1998
2013
2028
2053
2066
2100
2136
2146
2152
2169
2168
2199
2186
2189
2190
2164
2166
2159
2146
2165
2168
2177
2173
2183
2165
2191
2171
2192
2189
2198
2202
2231
2243
2279
2272
2287
2284
2295
2291
2285
2248
2232
2191
2163
2104
2066
2034
2004
1993
1967
1956
1955
1945
1951
1931
1952
1953
1979
1967
1994
1996
2022
2036
2064
2085
2093
2087
2111
2109
2108
2084
2070
2040
2022
1984
1967
1950
1935
1919
1955
1958
1996
2011
2062
2105
2138
2186
2215
2254
2279
2287
2318
2319
2340
2343
2366
2380
2382
2397
2403
2389
2399
2389
2393
2383
2374
2380
2385
2399
2410
2438
2441
2451
2488
2518
2546
2564
2600
2588
2606
2591
2585
2575
2551
2544
2510
2479
2453
2426
2414
2383
2385
2356
2375
2390
2413
2418
2449
2450
2460
2489
2531
2567
2630
2647
2709
2719
2764
2777
2801
2799
2813
2796
2794
2789
2774
2774
2749
2719
2711
2684
2656
2628
2618
2580
2567
2518
2513
2497
2496
2491
2484
2465
2456
2443
2432
2410
2394
2359
2351
2333
2333
2311
2342
2307
2310
2295
2297
2302
2301
2309
2308
2317
2331
2341
2347
2369
2380
2394
2415
2412
2422
2406
2427
2408
2415
2410
2397
2392
2379
2351
2355
2319
2328
2310
2309
2319
2327
2317
2351
2335
2357
2335
2338
2341
2319
2328
2319
2326
2329
2320
2333
2319
2327
2295
2288
2279
2257
2220
2213
2181
2144
2094
2083
2033
1994
1950
1923
1902
1858
1802
1788
1746
1743
1705
1709
1682
1695
1694
1679
1700
1723
1734
1767
1807
1857
1884
1935
1960
2000
2036
2056
2081
2107
2107
2134
2148
2181
2183
2220
2214
2227
2229
2254
2239
2250
2245
2246
2229
2216
2199
2183
2167
2172
2130
2151
2125
2121
2104
2113
2082
2088
2083
2099
2082
2103
2090
2116
2108
2135
2146
2168
2186
2203
2219
2265
2282
2305
2322
2349
2346
2342
2351
2354
2339
2347
2338
2340
2327
2326
2300
2303
2253
2246
2219
2225
2212
2208
2211
2201
2196
2189
2186
2202
2217
2217
2210
2221
2219
2235
2225
2244
2243
2270
2262
2282
2286
2292
2303
2315
2341
2343
2340
2365
2362
2349
2337
2334
2324
2323
2336
2327
2326
2333
2316
2335
2341
2362
2365
2362
2337
2312
2288
2273
2243
2258
2246
2273
2281
2310
2313
2353
2371
2390
2422
2462
2490
2517
2544
2588
2606
2647
2673
2719
2740
2766
2795
2832
2835
2844
2823
2815
2811
2772
2756
2737
2719
2724
2700
2704
2692
2701
2665
2646
2596
2582
2568
2553
2530
2528
2532
2531
2518
2518
2513
2547
2548
2586
2574
2623
2619
2652
2636
2656
2667
2682
2678
2699
2683
2667
2626
2589
2530
2483
2430
2375
2321
2276
2236
2242
2229
2230
2228
2248
2245
2263
2284
2312
2329
2359
2341
2371
2376
2399
2424
2464
2478
2518
2521
2552
2542
2543
2550
2544
2516
2510
2494
2487
2496
2484
2484
2493
2501
2496
2489
2521
2520
2537
2519
2540
2552
2568
2577
2593
2600
2628
2643
2668
2657
2633
2627
2607
2599
2593
2565
2583
2563
2543
2521
2514
2472
2468
2433
2420
2407
2386
2378
2365
2343
2329
2314
2313
2307
2290
2266
2258
2240
2204
2160
2171
2137
2138
2127
2122
2120
2139
2154
2179
2191
2225
2198
2197
2186
2177
2150
2143
2140
2132
2125
2128
2104
2095
2054
2040
2004
1974
1930
1912
1871
1854
1821
1812
1805
1803
1808
1841
1831
1858
1837
1854
1870
1850
1846
1867
1853
1876
1869
1905
1901
1899
1886
1901
1875
1856
1824
1832
1810
1805
1774
1779
1760
1731
1701
1680
1645
1617
1591
1597
1581
1591
1576
1583
1594
1608
1632
1685
1702
1729
1747
1804
1826
1863
1884
1933
1967
2016
2061
2124
2151
2213
2245
2316
2338
2374
2403
2435
2457
2464
2481
2507
2491
2506
2500
2543
2528
2532
2518
2519
2496
2491
2454
2461
2418
2396
2371
2364
2333
2322
2293
2279
2232
2200
2155
2135
2105
2085
2079
2090
2081
2101
2112
2121
2107
2133
2125
2164
2183
2201
2210
2239
2250
2290
2290
2319
2321
2316
2272
2280
2262
2235
2211
2210
2195
2166
2171
2191
2201
2198
2193
2193
2189
2205
2203
2240
2293
2339
2379
2441
2498
2555
2591
2637
2681
2699
2704
2712
2680
2653
2628
2609
2564
2543
2518
2516
2477
2441
2385
2380
2357
2334
2287
2313
2275
2272
2283
2315
2328
2366
2408
2469
2497
2546
2548
2611
2594
2618
2597
2605
2602
2564
2515
2503
2463
2455
2403
2387
2353
2318
2274
2258
2224
2197
2172
2178
2153
2154
2150
2172
2188
2198
2217
2248
2246
2287
2293
2337
2328
2348
2369
2411
2443
2468
2468
2521
2531
2564
2581
2594
2623
2630
2642
2683
2655
2659
2664
2691
2672
2671
2648
2660
2630
2634
2617
2629
2607
2596
2588
2574
2576
2559
2527
2522
2495
2487
2451
2452
2419
2415
2394
2394
2381
2366
2356
2361
2335
2322
2313
2319
2325
2320
2314
2330
2311
2314
2290
2322
2311
2304
2288
2287
2256
2252
2231
2230
2224
2215
2199
2212
2198
2180
2165
2169
2151
2153
2140
2143
2133
2105
2089
2094
2081
2088
2072
2096
2080
2090
2090
2134
2127
2149
2158
2181
2192
2226
2237
2267
2288
2314
2328
2378
2371
2377
2387
2411
2400
2411
2384
2409
2379
2354
2342
2337
2289
2272
2246
2267
2249
2258
2222
2231
2216
2223
2197
2220
2194
2183
2169
2156
2147
2108
2074
2076
2057
2044
2020
2042
2027
2036
2026
2058
2069
2111
2124
2174
2218
2261
2295
2315
2330
2360
2384
2425
2448
2432
2449
2450
2431
2415
2388
2400
2361
2319
2282
2258
2211
2178
2149
2128
2106
2086
2070
2078
2071
2071
2051
2059
2026
2022
2013
2037
2006
2010
2003
2010
1988
1999
2008
2048
2050
2098
2098
2132
2136
2128
2092
2099
2058
2040
2003
2008
1957
1930
1872
1847
1798
1763
1762
1770
1771
1777
1774
1841
1867
1920
1932
2009
2063
2081
2110
2168
2195
2212
2223
2263
2256
2236
2213
2224
2186
2140
2089
2064
2008
1968
1935
1911
1881
1869
1877
1875
1882
1878
1907
1944
1959
2018
2048
2102
2136
2162
2189
2224
2256
2279
2310
2343
2351
2354
2353
2380
2397
2372
2364
2357
2331
2316
2278
2283
2271
2243
2230
2239
2242
2228
2217
2241
2247
2258
2259
2318
2300
2294
2289
2306
2297
2294
2284
2320
2325
2330
2338
2388
2386
2395
2402
2430
2428
2444
2445
2479
2474
2492
2496
2529
2541
2555
2561
2594
2599
2605
2604
2639
2660
2644
2658
2670
2660
2676
2682
2702
2700
2704
2676
2685
2663
2662
2647
2634
2591
2565
2529
2514
2458
2418
2394
2362
2333
2297
2241
2246
2194
2152
2138
2124
2088
2068
2046
2061
2043
2026
2001
2011
1988
1974
1954
1937
1924
1894
1875
1900
1855
1857
1836
1867
1849
1859
1864
1896
1911
1904
1918
1952
1957
1968
1984
2015
2040
2054
2052
2088
2097
2089
2071
2103
2106
2083
2099
2084
2050
2047
2014
2006
1972
1968
1941
1962
1929
1905
1877
1887
1865
1864
1825
1836
1816
1791
1759
1759
1732
1701
1663
1669
1615
1608
1574
1587
1568
1559
1543
1549
1538
1523
1499
1495
1460
1436
1411
1424
1387
1386
1350
1373
1365
1355
1335
1338
1325
1321
1292
1310
1292
1282
1266
1280
1277
1271
1268
1291
1275
1279
1265
1287
1269
1266
1260
1272
1248
1246
1232
1249
1253
1244
1242
1270
1300
1285
1300
1345
1363
1373
1379
1411
1440
1444
1470
1508
1530
1555
1571
1626
1642
1669
1677
1716
1702
1713
1704
1734
1724
1724
1719
1735
1725
1733
1723
1753
1712
1692
1661
1667
1657
1641
1651
1665
1657
1637
1618
1629
1614
1599
1592
1571
1546
1514
1487
1528
1538
1531
1543
1568
1566
1569
1558
1596
1604
1619
1628
1680
1690
1710
1726
1760
1789
1773
1750
1770
1760
1747
1718
1717
1694
1674
1647
1645
1627
1604
1590
1622
1630
1639
1629
1647
1647
1645
1651
1672
1684
1699
1703
1735
1726
1718
1723
1733
1743
1714
1704
1705
1700
1695
1671
1674
1663
1642
1663
1666
1639
1652
1631
1636
1631
1621
1602
1620
1609
1617
1612
1637
1628
1645
1639
1684
1691
1692
1691
1725
1737
1761
1765
1806
1826
1839
1854
1875
1889
1893
1891
1919
1928
1920
1904
1935
1925
1931
1944
1971
1957
1950
1925
1932
1917
1914
1892
1911
1859
1867
1839
1834
1835
1819
1792
1800
1801
1777
1772
1793
1782
1819
1837
1870
1865
1888
1910
1949
1929
1950
1938
1985
1964
1984
1972
1967
1964
1963
1945
1960
1929
1906
1888
1887
1858
1839
1809
1800
1771
1746
1715
1727
1684
1666
1640
1636
1612
1571
1549
1541
1508
1488
1476
1469
1431
1414
1389
1386
1352
1332
1279
1268
1203
1157
1097
1074
1037
1000
969
952
918
897
877
873
853
844
841
846
838
834
840
863
871
888
893
933
960
979
993
1030
1028
1061
1059
1085
1100
1110
1135
1177
1192
1198
1214
1248
1257
1275
1278
1304
1309
1321
1319
1350
1362
1375
1388
1409
1415
1421
1430
1465
1453
1458
1458
1474
1467
1473
1463
1481
1462
1465
1458
1459
1446
1439
1432
1431
1430
1415
1407
1406
1378
1368
1339
1348
1313
1290
1269
1264
1227
1202
1150
1143
1101
1066
1021
1019
968
947
914
913
887
887
853
849
853
827
816
827
823
821
836
862
857
892
892
933
956
972
987
1039
1061
1084
1102
1159
1188
1211
1226
1280
1293
1304
1331
1373
1378
1393
1386
1427
1420
1420
1414
1422
1425
1428
1410
1436
1449
1437
1440
1461
1455
1463
1453
1492
1457
1478
1472
1512
1514
1526
1518
1546
1556
1563
1562
1585
1561
1562
1575
1581
1579
1585
1573
1583
1553
1571
1562
1565
1558
1560
1558
1573
1574
1567
1576
1579
1579
1591
1585
1600
1596
1602
1597
1590
1573
1567
1556
1553
1555
1564
1568
1572
1584
1578
1574
1596
1580
1581
1560
1598
1610
1603
1601
1615
1614
1633
1632
1653
1640
1654
1656
1663
1657
1642
1631
1639
1635
1633
1618
1626
1621
1634
1632
1661
1644
1630
1624
1641
1635
1634
1613
1627
1612
1590
1596
1609
1610
1625
1617
1635
1609
1613
1609
1628
1626
1618
1607
1606
1597
1591
1556
1560
1554
1523
1500
1508
1471
1454
1448
1471
1465
1485
1461
1472
1478
1475
1485
1507
1487
1499
1488
1522
1515
1525
1507
1526
1529
1531
1519
1550
1517
1519
1495
1497
1461
1436
1408
1419
1398
1376
1372
1375
1373
1356
1344
1351
1353
1356
1339
1362
1349
1357
1359
1392
1370
1377
1380
1395
1394
1403
1370
1399
1374
1351
1336
1351
1341
1322
1308
1313
1297
1290
1292
1294
1273
1266
1257
1265
1247
1240
1209
1234
1199
1198
1188
1205
1229
1191
1178
1178
1170
1177
1161
1172
1161
1160
1152
1169
1159
1145
1142
1168
1167
1164
1143
1149
1150
1147
1139
1156
1145
1158
1133
1143
1125
1112
1104
1118
1103
1092
1098
1113
1112
1103
1105
1115
1117
1110
1089
1115
1101
1107
1093
1105
1102
1111
1103
1109
1106
1109
1108
1121
1111
1121
1107
1119
1110
1090
1096
1093
1084
1084
1072
1099
1088
1083
1069
1090
1075
1071
1056
1063
1042
1037
1010
1028
993
1001
994
1004
984
986
951
950
933
934
918
922
919
903
893
911
895
891
872
897
897
888
889
905
895
892
907
908
905
918
900
940
941
939
947
962
950
943
949
970
952
947
942
963
949
941
931
962
958
962
957
980
971
961
957
977
965
966
951
970
954
951
940
955
947
945
921
942
933
925
925
935
925
933
917
922
917
914
909
920
908
902
893
919
902
886
889
896
885
875
852
876
861
864
867
880
870
864
874
888
875
883
875
894
882
890
889
907
895
899
904
913
908
898
879
898
877
883
873
878
859
863
856
870
864
854
850
873
853
846
854
855
845
849
848
852
862
860
860
863
847
842
831
837
833
834
828
842
827
835
814
834
820
827
810
836
817
812
814
836
816
835
831
846
838
835
829
863
849
866
851
861
844
803
639
360
359
357
358
358
357
357
358
864
820
355
356
358
0
0

