;UFOS3
;Measurement details: channel = Z-D, date = 01.06.2018, time = 10:57:42
Exposure=221
Gain=0
Temperature=22.7
Accummulate=4
1.294 mu
1.296 amas
50.467 hs
301 ozone
0 uva
0 uvb
0 uve
[Value]
0
0
-1
1
0
1
1
-1
-2
-3
-2
-1
0
-2
-1
-3
-1
-5
-4
0
-2
1
3
-2
1
2
0
-1
-1
2
2
1
-1
-1
-3
0
1
3
1
2
-2
2
4
2
1
1
0
1
3
2
0
2
2
1
2
0
1
0
2
5
0
2
0
0
1
0
1
2
1
-1
3
1
0
1
3
1
0
0
0
-2
1
3
-1
3
3
2
2
2
1
2
0
0
1
5
2
-3
1
1
1
-1
3
0
2
2
1
-1
1
0
-1
3
0
-1
0
0
0
-1
5
2
2
0
0
-1
4
-2
0
1
1
3
3
2
2
4
0
-1
-3
0
-1
0
1
2
4
1
3
1
1
3
1
4
3
-1
1
1
3
4
3
2
0
-1
-3
0
1
-1
1
1
-1
2
4
1
2
0
1
1
4
4
0
0
5
-1
-1
1
-1
1
0
1
0
3
1
-2
-1
3
4
0
1
3
2
2
3
0
1
2
0
0
1
0
1
2
6
1
2
3
2
-1
3
-1
0
2
1
0
-2
0
2
0
-1
0
3
1
1
0
4
1
1
3
3
1
1
-1
2
-1
-1
3
-1
2
1
1
3
1
4
0
0
1
1
4
2
3
2
4
3
5
1
2
1
0
1
0
2
2
3
2
1
0
4
-1
1
5
1
3
4
0
1
3
1
3
0
3
1
2
3
3
6
4
4
0
3
2
2
1
3
5
2
3
2
2
3
2
-1
1
1
-1
0
1
4
1
-1
-2
2
3
3
2
3
3
4
0
0
1
2
3
3
3
2
3
0
1
1
4
3
4
2
-1
3
3
2
3
0
4
3
2
2
2
5
-4
4
2
1
3
0
1
1
1
0
4
1
3
4
4
4
3
1
0
0
3
3
2
5
2
2
2
1
-2
4
6
3
0
0
1
0
4
4
2
2
4
1
5
1
4
3
4
3
2
4
5
5
4
2
2
4
3
1
0
3
2
1
4
4
5
4
5
3
2
3
3
2
3
1
1
4
1
3
5
1
1
3
1
4
2
5
2
3
4
6
2
1
3
3
2
4
3
4
2
6
4
2
5
2
6
3
3
1
5
6
4
3
3
6
1
5
6
6
4
5
3
3
1
3
4
4
3
5
4
3
-1
3
4
3
4
5
3
4
2
3
3
3
4
4
3
5
5
5
3
4
3
0
3
6
8
3
5
3
6
4
3
4
4
5
6
1
4
5
4
1
3
1
2
6
4
4
4
6
3
1
2
2
1
6
5
1
3
3
3
5
5
4
4
5
4
3
7
5
4
5
3
9
1
6
4
4
1
5
3
6
6
4
3
4
5
5
6
4
6
4
7
3
3
4
4
2
4
5
7
4
4
2
5
4
5
7
3
6
8
6
4
4
2
1
4
7
7
6
6
7
3
5
4
7
5
4
4
5
5
5
3
6
2
1
5
6
5
4
3
7
3
6
6
6
2
5
2
4
5
7
4
5
6
9
6
5
6
5
4
6
4
3
7
4
5
4
6
6
3
6
4
5
8
6
2
3
6
8
7
4
6
6
7
5
4
8
5
6
1
5
5
7
6
5
5
5
5
7
5
6
8
6
9
9
7
8
7
4
2
3
9
9
7
5
7
6
6
6
9
7
6
7
7
6
6
9
5
5
5
9
10
11
6
7
9
8
6
11
8
9
7
8
6
9
10
9
5
7
4
7
10
9
8
9
10
7
9
9
9
10
8
8
8
9
8
8
8
8
8
8
10
8
10
8
9
9
12
8
8
10
11
9
9
10
12
9
7
13
10
10
12
8
12
11
12
12
12
12
12
13
10
13
13
12
13
12
13
16
15
16
14
14
14
17
14
17
16
17
16
17
20
19
21
18
18
22
20
19
20
18
17
22
17
19
17
21
20
21
21
19
21
21
18
23
22
22
24
24
29
29
31
33
31
33
30
30
38
33
36
38
38
43
38
44
48
44
45
48
50
49
49
51
49
51
49
49
50
51
54
51
48
50
51
49
47
49
51
51
49
52
52
52
56
57
55
60
58
59
59
63
62
64
67
72
72
73
76
80
76
84
86
84
84
86
90
90
91
97
97
93
94
94
96
96
91
91
94
92
91
88
90
91
92
91
97
96
94
98
92
96
95
98
98
99
98
103
104
105
107
104
110
112
116
114
114
116
120
124
127
129
127
137
137
142
142
146
146
153
152
156
158
157
157
160
156
164
164
165
163
167
165
167
161
165
162
167
169
174
173
176
174
179
175
175
174
175
173
177
172
173
175
173
174
172
173
177
173
173
170
169
166
171
168
170
172
176
178
178
182
183
181
186
189
188
192
199
198
199
203
203
204
206
208
213
216
216
223
229
229
233
247
254
252
259
266
268
281
289
293
305
313
322
326
339
342
348
356
365
365
377
382
388
393
404
405
409
415
419
420
421
422
425
421
424
419
428
423
421
419
424
412
416
412
420
418
421
424
430
431
435
432
435
432
444
442
447
448
455
459
470
471
471
477
484
491
493
496
498
494
500
499
509
507
515
509
511
514
509
508
508
508
512
512
522
514
522
527
530
543
544
549
560
569
574
577
578
578
577
574
568
563
563
554
555
552
544
545
549
544
544
555
550
554
558
568
581
580
603
616
628
640
645
651
653
654
657
648
642
642
630
617
604
594
580
568
561
544
534
524
513
509
503
505
501
503
500
506
511
516
522
534
546
556
574
582
604
610
629
636
649
661
666
671
687
689
696
705
709
711
723
732
744
742
760
765
776
778
794
803
810
819
816
816
804
808
798
776
768
751
742
721
713
707
695
686
690
686
686
668
682
679
687
685
693
709
719
732
759
779
803
825
843
861
885
892
901
907
910
901
911
907
911
912
906
905
899
899
888
889
885
892
883
887
891
899
897
909
927
936
957
958
972
992
1010
1021
1030
1056
1073
1100
1112
1125
1145
1165
1178
1188
1201
1211
1227
1235
1248
1243
1260
1252
1239
1233
1212
1200
1188
1161
1135
1121
1102
1082
1056
1040
1028
1018
1003
1001
995
991
1005
1016
1030
1038
1054
1065
1087
1107
1121
1128
1145
1149
1158
1166
1171
1176
1168
1167
1164
1148
1140
1117
1098
1062
1041
1014
991
968
945
937
915
917
914
915
923
921
925
922
927
923
930
932
945
952
962
959
969
977
984
995
1012
1027
1029
1045
1048
1063
1065
1082
1083
1090
1107
1115
1122
1121
1132
1147
1135
1145
1137
1135
1136
1151
1142
1133
1130
1131
1123
1125
1116
1112
1114
1105
1104
1102
1110
1112
1111
1115
1125
1122
1126
1117
1136
1125
1133
1142
1146
1166
1176
1196
1212
1235
1243
1268
1302
1309
1337
1359
1368
1376
1398
1415
1418
1415
1430
1424
1417
1405
1407
1405
1413
1411
1427
1428
1441
1443
1454
1455
1454
1470
1477
1492
1506
1513
1517
1527
1525
1534
1540
1547
1535
1531
1535
1534
1532
1515
1510
1509
1499
1496
1501
1494
1506
1507
1518
1532
1548
1556
1567
1585
1573
1580
1578
1588
1583
1600
1596
1596
1603
1611
1612
1616
1616
1595
1616
1607
1619
1624
1650
1650
1666
1689
1708
1728
1739
1763
1789
1802
1835
1867
1886
1916
1951
1973
1995
2025
2054
2058
2073
2070
2072
2073
2053
2041
2023
2017
2006
2012
1999
2003
2000
2000
2007
2016
2014
2014
2018
1991
1988
1975
1963
1936
1927
1913
1902
1874
1854
1809
1785
1760
1734
1726
1720
1709
1711
1687
1679
1655
1630
1591
1574
1538
1534
1516
1514
1512
1507
1501
1511
1510
1520
1529
1553
1584
1594
1617
1640
1659
1684
1699
1707
1706
1701
1708
1693
1689
1672
1658
1656
1642
1634
1630
1623
1602
1597
1595
1578
1582
1559
1569
1555
1563
1567
1575
1581
1589
1600
1603
1605
1601
1595
1586
1576
1560
1557
1536
1523
1511
1502
1484
1481
1486
1480
1479
1476
1468
1446
1451
1453
1440
1437
1441
1446
1452
1470
1486
1507
1529
1557
1583
1602
1605
1624
1636
1647
1649
1651
1636
1625
1625
1607
1623
1617
1623
1636
1636
1636
1640
1648
1644
1653
1660
1659
1671
1691
1700
1717
1723
1741
1745
1744
1741
1735
1709
1694
1655
1609
1584
1541
1515
1483
1474
1448
1447
1438
1427
1432
1430
1442
1445
1457
1461
1464
1488
1501
1526
1542
1559
1577
1589
1594
1584
1593
1570
1555
1531
1501
1479
1459
1445
1427
1421
1439
1461
1482
1502
1547
1585
1621
1660
1700
1736
1753
1778
1793
1800
1809
1820
1840
1859
1865
1872
1875
1877
1866
1862
1859
1853
1862
1855
1877
1883
1903
1912
1926
1943
1964
1997
2016
2054
2061
2069
2071
2073
2068
2049
2029
2023
1984
1971
1937
1910
1896
1869
1860
1848
1871
1871
1893
1909
1920
1936
1961
1983
2021
2055
2097
2145
2185
2214
2237
2263
2280
2283
2292
2277
2257
2272
2258
2258
2232
2226
2180
2178
2136
2120
2102
2074
2052
2025
2004
2003
2002
1999
1974
1967
1956
1949
1935
1922
1897
1874
1863
1848
1844
1844
1846
1829
1815
1813
1817
1821
1835
1837
1836
1840
1845
1857
1871
1900
1908
1925
1934
1931
1945
1930
1936
1942
1940
1936
1922
1916
1906
1891
1878
1862
1851
1844
1841
1842
1848
1855
1871
1865
1881
1884
1885
1885
1867
1860
1851
1850
1859
1865
1866
1864
1859
1841
1831
1829
1793
1764
1756
1723
1686
1658
1626
1586
1537
1502
1474
1441
1409
1367
1342
1307
1285
1276
1266
1250
1247
1253
1244
1262
1277
1301
1335
1369
1405
1454
1494
1525
1568
1597
1616
1632
1660
1677
1696
1718
1734
1755
1777
1787
1804
1805
1806
1806
1820
1808
1805
1798
1787
1768
1743
1731
1727
1708
1707
1691
1692
1673
1659
1658
1648
1662
1664
1661
1660
1670
1674
1685
1711
1724
1731
1761
1778
1805
1836
1854
1876
1910
1919
1930
1921
1930
1933
1926
1923
1915
1919
1916
1904
1878
1876
1837
1821
1809
1798
1798
1795
1799
1788
1785
1779
1783
1797
1799
1808
1804
1804
1817
1817
1828
1827
1834
1852
1854
1862
1879
1886
1894
1912
1924
1936
1936
1954
1948
1954
1931
1922
1925
1918
1927
1939
1933
1918
1923
1933
1942
1966
1972
1955
1941
1923
1892
1870
1861
1859
1860
1882
1880
1913
1932
1959
1982
2006
2041
2075
2106
2125
2165
2190
2236
2270
2297
2331
2361
2389
2424
2452
2466
2467
2458
2455
2436
2409
2393
2358
2345
2348
2339
2336
2326
2304
2274
2270
2240
2221
2190
2183
2178
2160
2161
2158
2150
2145
2166
2168
2179
2210
2227
2244
2259
2281
2285
2289
2311
2325
2323
2330
2324
2316
2271
2229
2174
2121
2067
2009
1956
1914
1897
1871
1877
1860
1871
1883
1887
1920
1928
1953
1967
2003
2009
2012
2030
2053
2075
2111
2134
2168
2184
2201
2205
2205
2200
2193
2186
2160
2159
2145
2141
2133
2142
2144
2152
2169
2158
2169
2181
2194
2187
2202
2222
2227
2248
2274
2277
2298
2323
2327
2328
2310
2303
2274
2257
2252
2240
2250
2237
2218
2196
2183
2157
2148
2116
2100
2078
2075
2052
2035
2019
2000
1994
1986
1983
1979
1956
1926
1913
1874
1851
1840
1811
1809
1789
1783
1798
1812
1823
1850
1871
1880
1891
1877
1860
1851
1840
1825
1812
1810
1802
1798
1777
1766
1740
1717
1681
1641
1616
1571
1541
1516
1498
1478
1475
1472
1484
1503
1507
1526
1521
1524
1538
1531
1530
1529
1540
1547
1552
1566
1588
1579
1573
1568
1542
1527
1501
1495
1488
1485
1456
1447
1434
1413
1381
1351
1315
1288
1263
1252
1245
1253
1245
1252
1267
1281
1309
1341
1379
1416
1447
1485
1509
1542
1588
1624
1667
1714
1773
1819
1875
1916
1980
2029
2067
2112
2140
2165
2190
2200
2214
2219
2234
2247
2259
2275
2280
2277
2256
2263
2242
2231
2207
2181
2154
2135
2111
2084
2068
2048
2029
2004
1967
1920
1881
1848
1817
1800
1796
1792
1808
1817
1824
1841
1844
1850
1867
1883
1907
1923
1947
1965
1983
2015
2035
2050
2067
2054
2023
2018
1993
1976
1956
1923
1911
1907
1904
1918
1934
1930
1937
1926
1921
1936
1957
1990
2042
2087
2153
2212
2267
2325
2373
2412
2451
2480
2498
2496
2468
2448
2404
2379
2357
2325
2302
2285
2256
2214
2168
2145
2109
2088
2068
2059
2053
2046
2046
2061
2094
2147
2187
2246
2290
2330
2348
2387
2394
2404
2408
2402
2396
2360
2317
2287
2241
2229
2189
2156
2133
2090
2061
2023
1994
1974
1940
1933
1915
1925
1920
1925
1946
1974
1994
2017
2041
2056
2083
2105
2117
2133
2169
2197
2229
2271
2280
2308
2339
2360
2398
2413
2432
2447
2472
2478
2486
2495
2506
2504
2493
2494
2479
2488
2467
2466
2459
2447
2438
2423
2411
2406
2392
2386
2355
2334
2310
2308
2279
2262
2241
2223
2209
2204
2183
2178
2177
2163
2138
2132
2121
2133
2134
2128
2133
2122
2108
2120
2112
2120
2117
2111
2106
2095
2076
2061
2041
2044
2030
2013
2020
2009
1994
1981
1977
1975
1965
1956
1950
1940
1926
1905
1899
1893
1889
1887
1877
1889
1885
1903
1895
1930
1937
1958
1972
1998
2010
2050
2066
2090
2121
2134
2170
2190
2217
2235
2239
2248
2248
2254
2258
2247
2242
2209
2191
2158
2130
2105
2081
2094
2092
2088
2069
2048
2045
2042
2036
2031
2022
2024
2004
1986
1967
1939
1897
1879
1866
1859
1838
1842
1845
1844
1855
1870
1897
1928
1962
2000
2061
2117
2144
2167
2189
2219
2251
2280
2303
2324
2325
2319
2303
2277
2256
2243
2228
2190
2144
2098
2055
2024
1984
1956
1937
1925
1903
1910
1900
1907
1881
1876
1857
1849
1848
1841
1837
1837
1824
1831
1815
1834
1845
1876
1899
1935
1942
1960
1976
1962
1954
1918
1891
1861
1844
1829
1789
1739
1686
1643
1596
1567
1551
1558
1567
1578
1598
1628
1685
1736
1766
1841
1891
1947
1977
2035
2057
2093
2108
2124
2127
2117
2094
2084
2043
2004
1953
1899
1848
1814
1765
1726
1713
1693
1695
1703
1713
1715
1737
1775
1807
1849
1920
1969
2003
2041
2081
2110
2142
2188
2213
2239
2260
2264
2269
2292
2283
2277
2269
2255
2235
2221
2198
2169
2168
2142
2118
2119
2133
2122
2113
2121
2130
2155
2169
2184
2191
2199
2212
2215
2207
2198
2217
2226
2242
2252
2262
2286
2306
2315
2339
2353
2350
2375
2386
2411
2422
2434
2457
2465
2489
2498
2521
2536
2562
2579
2582
2604
2614
2613
2632
2642
2642
2644
2651
2669
2678
2678
2662
2664
2651
2647
2631
2596
2568
2530
2502
2449
2415
2383
2340
2296
2265
2229
2179
2156
2121
2087
2037
2013
1994
1969
1943
1948
1938
1921
1897
1884
1870
1853
1843
1821
1797
1776
1755
1744
1728
1717
1713
1709
1718
1723
1744
1768
1777
1795
1803
1822
1848
1856
1880
1913
1938
1964
1988
2004
2001
1989
1999
1998
2008
2003
2015
1998
1969
1963
1932
1901
1879
1865
1850
1838
1822
1789
1767
1757
1755
1737
1719
1709
1693
1667
1639
1616
1578
1554
1518
1492
1460
1442
1422
1409
1398
1389
1381
1378
1354
1340
1325
1297
1277
1247
1226
1210
1187
1167
1150
1154
1150
1143
1134
1129
1116
1105
1091
1090
1076
1058
1060
1052
1052
1052
1048
1052
1056
1059
1059
1064
1054
1055
1046
1040
1022
1015
1012
1013
1012
1023
1036
1046
1062
1081
1101
1137
1158
1187
1207
1223
1253
1280
1309
1345
1379
1404
1437
1474
1505
1534
1562
1584
1578
1599
1596
1609
1605
1616
1615
1619
1615
1615
1617
1623
1599
1578
1555
1535
1524
1529
1531
1528
1521
1513
1503
1489
1478
1470
1447
1430
1402
1363
1350
1368
1399
1402
1408
1412
1422
1432
1437
1454
1469
1487
1530
1564
1592
1614
1635
1663
1683
1687
1684
1686
1666
1657
1623
1616
1594
1575
1547
1526
1499
1486
1486
1494
1508
1527
1522
1546
1531
1541
1545
1568
1580
1610
1616
1627
1639
1630
1640
1650
1647
1625
1622
1613
1608
1598
1582
1574
1567
1555
1559
1557
1554
1537
1528
1512
1526
1506
1499
1506
1500
1513
1519
1521
1531
1548
1566
1585
1589
1609
1633
1634
1672
1704
1717
1755
1770
1794
1821
1837
1849
1869
1877
1892
1895
1887
1885
1913
1902
1917
1933
1933
1932
1923
1907
1901
1889
1888
1880
1876
1834
1830
1808
1794
1793
1773
1757
1745
1751
1721
1730
1740
1746
1785
1816
1837
1854
1874
1910
1926
1937
1943
1944
1966
1976
1987
1985
1970
1955
1959
1948
1950
1915
1896
1889
1874
1841
1820
1796
1757
1729
1700
1671
1647
1614
1608
1576
1557
1530
1504
1471
1442
1390
1387
1361
1338
1309
1288
1268
1236
1214
1180
1123
1070
1011
947
891
841
798
752
721
680
651
621
603
584
567
559
552
553
544
555
572
584
597
625
640
671
707
738
769
791
813
825
850
867
892
919
940
978
1002
1030
1056
1076
1102
1121
1143
1160
1171
1187
1192
1211
1233
1247
1269
1283
1305
1329
1339
1345
1358
1364
1369
1369
1379
1377
1379
1376
1372
1371
1365
1358
1345
1352
1345
1343
1321
1316
1305
1292
1265
1254
1235
1204
1190
1157
1129
1096
1059
1032
977
941
890
845
802
762
719
689
667
648
617
608
589
572
561
553
543
541
544
552
567
582
602
619
648
676
706
738
770
813
851
889
933
975
1024
1054
1092
1128
1168
1187
1220
1260
1277
1286
1299
1319
1327
1334
1349
1332
1345
1343
1337
1344
1364
1375
1372
1388
1396
1389
1390
1399
1388
1418
1441
1448
1455
1478
1484
1495
1510
1529
1530
1547
1544
1554
1556
1552
1553
1556
1554
1548
1538
1530
1533
1530
1533
1544
1539
1543
1544
1543
1543
1559
1555
1569
1573
1571
1573
1578
1589
1562
1560
1535
1524
1523
1525
1538
1549
1546
1555
1560
1561
1562
1556
1573
1553
1567
1580
1596
1593
1609
1610
1631
1643
1653
1647
1658
1666
1658
1661
1653
1646
1635
1637
1626
1634
1631
1642
1639
1640
1642
1627
1636
1637
1635
1642
1641
1626
1626
1608
1605
1594
1601
1613
1624
1628
1637
1631
1634
1630
1644
1635
1634
1619
1607
1599
1588
1562
1552
1536
1516
1484
1463
1441
1415
1407
1410
1427
1430
1439
1434
1451
1444
1461
1480
1471
1480
1487
1508
1506
1511
1497
1507
1521
1525
1523
1528
1509
1504
1490
1462
1434
1412
1382
1361
1347
1328
1321
1305
1306
1296
1298
1297
1294
1292
1286
1296
1291
1296
1305
1313
1317
1344
1351
1356
1351
1348
1340
1336
1318
1306
1289
1285
1276
1258
1240
1235
1226
1214
1218
1201
1205
1192
1183
1170
1152
1133
1125
1114
1101
1092
1084
1091
1095
1085
1072
1065
1061
1051
1052
1040
1040
1043
1037
1035
1035
1038
1035
1044
1043
1048
1034
1028
1028
1031
1022
1025
1033
1025
1016
1010
1003
988
973
974
963
963
961
969
974
976
980
977
981
974
974
976
970
969
960
975
976
976
974
973
981
987
991
992
984
993
997
995
980
976
957
959
959
949
946
948
953
954
949
945
946
933
915
916
912
887
867
853
828
832
834
828
814
814
785
766
755
740
727
726
715
717
697
696
683
681
677
678
686
684
687
694
696
701
697
700
704
711
718
735
749
763
767
769
777
781
785
786
784
780
777
772
772
769
778
777
785
788
800
808
802
802
799
800
791
790
787
782
786
776
770
767
765
759
763
766
762
752
758
744
747
737
734
741
733
733
730
728
723
720
716
715
703
694
693
686
684
679
663
670
661
666
663
669
675
670
679
682
681
685
686
689
686
698
705
716
712
715
728
721
718
721
707
694
688
691
683
679
670
675
667
668
662
660
655
658
652
652
647
646
645
655
653
651
656
661
652
656
652
650
632
629
627
631
625
624
613
618
615
615
605
608
611
613
612
611
608
612
612
622
628
634
642
648
648
658
654
667
667
668
662
597
346
1
-1
-4
-2
-1
0
-1
-5
668
634
-5
-3
-1
0
0

