;UFOS3
;Measurement details: channel = D, date = 01.06.2018, time = 11:18:08
Exposure=239
Gain=0
Temperature=22.7
Accummulate=4
1.316 mu
1.319 amas
49.312 hs
0 ozone
0 uva
0 uvb
0 uve
[Value]
0
361
362
363
362
362
361
361
396
396
414
408
400
403
418
409
413
392
414
415
406
399
432
416
416
398
436
423
413
413
439
419
408
402
433
420
425
397
431
429
404
397
436
422
419
397
436
429
413
400
423
414
402
403
436
420
398
399
431
423
415
397
426
418
408
398
446
416
414
395
430
413
402
411
439
426
411
402
423
418
415
406
441
420
409
403
435
424
401
404
434
421
405
405
434
426
400
396
442
416
398
400
422
419
407
397
431
418
409
397
430
425
407
406
433
421
408
402
432
420
410
408
440
432
413
406
425
422
409
402
419
415
410
401
438
432
408
408
428
421
418
409
428
425
406
402
430
417
401
427
425
421
402
396
441
425
420
400
434
430
399
398
428
425
420
415
432
427
427
402
431
426
413
419
429
423
406
406
433
413
408
396
431
428
412
404
448
427
416
410
422
443
404
411
434
430
414
405
442
419
414
403
427
423
411
402
434
416
415
406
435
421
400
418
426
421
411
394
422
430
418
398
436
425
413
404
425
416
407
395
433
418
405
404
430
427
411
406
434
423
420
403
429
425
410
410
435
416
418
402
429
419
411
404
431
432
410
413
444
419
401
420
435
426
416
392
424
415
415
398
422
418
402
412
432
424
409
406
452
433
411
400
425
431
413
395
432
415
409
406
422
433
410
399
428
426
411
403
432
420
416
398
434
426
415
413
429
417
412
394
430
430
422
402
437
423
412
408
426
422
405
405
423
421
404
405
431
416
420
405
435
417
411
405
431
419
424
400
440
436
405
405
426
429
406
409
431
430
412
404
439
424
404
408
429
416
408
405
439
415
427
406
437
418
424
400
451
418
415
409
426
428
418
403
428
431
415
406
435
423
409
402
425
418
408
410
429
420
412
404
425
428
408
397
432
423
414
397
427
431
415
400
442
431
419
404
437
413
415
403
431
422
409
400
425
421
421
407
431
419
412
414
425
419
407
401
432
421
418
404
426
425
403
391
449
426
404
408
428
421
414
408
422
423
406
405
425
427
412
398
435
416
409
410
425
415
413
410
429
427
423
402
436
420
411
406
428
424
405
408
432
421
414
399
429
413
415
415
433
423
422
411
427
416
413
407
430
419
408
408
427
422
416
404
436
414
415
401
447
415
422
408
435
413
402
417
422
424
408
403
426
413
414
397
441
419
409
416
430
411
409
409
427
420
416
404
420
421
411
422
428
420
411
411
427
417
414
412
425
423
412
411
422
422
422
402
425
417
406
401
425
416
414
407
428
423
425
417
433
416
406
411
431
420
414
412
435
426
410
405
430
419
415
400
429
422
415
412
424
423
408
408
434
427
406
412
427
424
408
410
430
419
409
416
442
413
419
403
424
418
419
416
443
417
417
409
426
418
412
408
425
417
406
411
441
420
404
410
432
417
424
403
434
415
413
404
437
419
403
411
428
419
430
404
429
416
409
402
430
421
406
401
422
422
397
404
423
409
425
412
428
417
410
402
427
418
407
396
430
419
409
409
426
418
413
411
436
424
412
397
430
416
414
413
439
418
413
413
430
413
407
399
427
411
417
403
425
417
417
410
438
417
411
391
421
422
410
404
421
416
415
407
412
416
410
409
423
417
409
403
432
419
413
411
425
408
409
413
422
423
414
401
429
427
409
414
426
417
419
414
425
418
415
466
431
426
427
405
433
418
415
410
425
416
409
411
429
416
416
409
427
415
415
407
431
414
419
408
425
416
409
412
429
425
417
401
433
411
406
406
440
424
419
407
431
416
413
408
427
421
410
412
428
417
413
409
430
413
416
407
425
417
414
398
427
413
413
410
421
420
413
407
439
416
413
410
427
413
407
408
424
418
415
406
438
417
419
418
426
414
422
404
432
423
427
415
423
424
412
412
424
422
416
415
429
425
414
406
425
415
426
413
428
418
410
410
422
417
407
407
426
420
419
414
420
418
405
400
433
418
417
413
427
416
411
403
428
413
417
413
429
422
412
406
421
422
416
423
434
418
413
407
425
414
414
413
426
420
411
408
432
414
413
412
426
427
416
410
426
413
411
409
421
419
415
408
429
423
415
405
425
414
412
411
424
417
420
409
425
418
409
409
431
414
425
403
428
417
416
409
427
414
415
410
430
420
429
399
426
410
424
401
421
416
411
409
434
422
407
405
424
429
413
406
423
416
426
410
428
417
416
417
429
418
428
413
426
421
422
409
419
415
414
409
422
414
427
414
429
411
424
414
427
419
415
411
422
418
409
401
425
419
426
404
424
417
414
408
420
412
404
408
424
419
410
408
424
429
417
405
421
416
415
413
420
413
414
399
424
419
424
402
420
422
413
404
420
411
408
403
427
419
411
410
426
418
423
412
427
417
412
421
422
422
416
415
419
412
415
407
415
412
419
419
433
416
404
415
429
417
417
404
422
420
416
405
422
419
418
412
430
424
418
409
426
421
416
409
427
401
410
411
421
418
419
416
422
411
416
402
431
413
422
406
428
415
414
405
421
415
425
412
423
416
426
410
427
417
412
414
420
417
412
409
419
422
419
409
428
410
422
410
423
419
420
410
424
411
414
419
426
417
412
410
419
415
422
417
423
416
423
405
419
409
416
401
421
421
416
412
421
416
415
409
422
420
415
405
418
412
419
415
420
411
413
408
426
410
410
408
428
408
414
405
424
406
424
414
426
419
423
418
420
415
411
412
423
407
429
411
422
409
420
412
433
413
422
409
423
411
413
408
427
427
417
408
420
414
429
407
422
420
416
411
429
417
422
406
442
414
423
413
421
420
413
412
417
412
419
412
429
411
411
408
420
409
418
405
418
413
432
414
417
412
419
414
422
415
414
420
418
412
418
412
425
410
416
410
417
417
413
417
428
416
419
411
418
418
419
415
432
420
426
405
426
413
420
406
424
407
432
410
423
416
423
408
425
415
417
407
422
418
421
410
422
411
420
413
430
409
412
413
420
413
422
403
425
419
418
406
422
404
421
412
426
418
427
420
428
411
423
399
412
410
409
409
416
416
419
411
416
416
425
407
433
414
410
418
430
408
414
407
418
408
424
413
419
407
424
410
430
416
423
413
426
413
417
409
424
413
416
411
426
415
421
409
417
407
418
408
423
414
410
414
425
412
419
425
421
419
415
408
418
410
424
410
422
409
417
414
425
412
419
411
410
416
424
416
424
424
420
405
420
418
415
405
419
415
421
418
419
417
421
410
416
413
417
406
413
416
426
410
409
415
416
407
426
412
421
413
419
413
422
410
420
418
425
420
421
422
429
410
426
417
412
405
423
412
424
416
428
420
417
411
414
411
429
420
430
422
424
415
422
416
420
404
427
413
422
411
429
410
427
407
424
414
408
419
426
409
409
422
413
411
421
415
414
420
415
418
426
417
429
413
419
410
429
417
418
417
422
412
416
403
424
412
419
408
425
412
414
412
425
418
423
408
421
427
414
409
419
409
417
411
422
414
423
405
422
408
424
412
419
418
417
414
416
416
419
415
420
415
416
413
417
421
410
416
422
410
427
406
417
410
422
415
418
418
414
407
424
413
425
416
418
417
423
410
420
414
416
414
413
418
414
410
413
416
422
415
419
416
415
409
429
413
428
414
410
410
413
409
410
409
417
408
424
415
413
418
418
410
414
410
412
408
412
408
416
411
423
415
423
420
420
415
415
415
417
424
422
409
417
408
417
408
422
414
418
412
416
413
417
412
419
416
417
404
421
405
417
413
411
413
416
413
433
410
418
413
416
413
424
418
419
414
421
400
416
414
409
418
420
408
419
410
423
403
419
407
419
408
425
415
420
408
420
420
416
407
418
406
412
408
408
412
422
414
411
419
414
402
427
415
419
407
415
423
417
415
422
416
414
407
413
408
417
411
414
410
410
411
410
405
415
419
424
416
417
416
412
411
410
412
411
410
416
416
414
408
422
405
417
412
415
415
419
416
415
409
414
420
421
414
421
408
414
412
419
414
424
418
417
409
420
412
421
410
422
409
417
410
423
414
419
412
420
413
429
413
423
405
417
417
417
411
427
407
430
413
416
410
414
411
427
410
411
414
418
417
422
417
420
414
413
405
419
413
419
411
421
410
414
409
411
410
421
419
416
412
412
410
416
421
417
406
415
406
415
413
413
418
422
403
423
405
422
417
416
420
421
408
420
409
416
408
410
411
413
416
418
415
423
410
422
417
420
407
414
415
421
407
421
419
416
403
424
417
411
414
416
425
426
411
432
410
428
402
428
412
417
417
405
414
420
409
414
421
420
412
421
414
414
410
417
418
418
415
415
406
422
412
432
406
407
406
421
412
421
412
418
415
417
416
417
416
432
409
420
419
417
404
427
411
419
409
419
412
426
409
425
406
417
414
421
412
415
410
418
416
413
410
418
413
415
405
414
415
421
416
418
408
417
405
421
408
421
411
420
418
413
418
419
417
424
404
413
421
419
413
419
408
422
406
413
414
421
411
423
421
413
417
420
420
415
410
420
424
420
402
427
413
415
410
418
420
423
410
419
408
420
414
424
418
425
408
427
412
424
414
414
413
415
411
421
417
418
409
424
422
417
414
424
413
421
407
423
411
418
412
419
414
420
412
420
413
414
417
422
413
424
407
415
418
429
423
425
408
420
412
424
410
410
414
427
410
412
400
412
408
423
405
435
408
421
409
421
418
428
405
421
415
415
410
419
416
413
415
415
417
408
405
419
416
412
408
419
408
414
407
419
410
426
411
421
415
412
408
424
415
428
402
435
414
414
422
425
417
415
411
421
422
421
413
421
417
417
406
426
416
424
414
419
415
414
415
413
413
425
407
425
413
417
412
426
418
421
409
428
417
418
409
422
412
418
411
421
409
406
422
423
419
410
411
422
417
414
405
423
418
420
407
418
415
424
425
416
407
410
415
425
415
431
414
421
415
421
411
415
417
417
417
419
414
422
401
421
424
424
404
420
418
417
414
424
412
415
407
420
415
417
406
421
422
418
405
422
415
420
406
428
419
413
413
426
418
417
409
432
419
423
402
416
421
408
411
424
417
411
413
423
411
422
406
418
413
414
408
424
418
410
410
425
418
420
406
420
412
408
415
427
409
412
406
425
409
411
411
425
419
418
413
429
419
411
405
424
410
413
408
423
414
416
406
426
414
411
414
425
419
420
408
424
416
416
408
428
418
412
416
428
415
422
417
426
412
415
414
426
421
416
413
430
416
425
408
423
418
423
409
420
417
413
410
428
430
419
412
418
418
414
418
425
421
422
413
426
421
423
410
424
420
416
414
425
429
411
409
425
416
422
416
422
419
409
407
423
422
417
403
430
419
417
408
425
414
412
412
422
413
420
408
430
414
414
406
432
414
418
402
421
421
411
411
430
424
424
404
428
418
413
406
427
415
416
407
425
414
410
405
425
421
415
408
427
415
423
404
437
418
416
407
423
421
419
401
423
422
425
420
418
425
415
404
437
419
408
407
429
420
416
410
421
413
412
400
423
416
409
413
423
419
418
406
429
416
420
402
428
415
418
408
425
426
414
407
432
422
422
405
421
417
411
407
427
420
422
409
426
422
425
413
426
416
414
409
419
419
418
407
427
418
410
409
425
420
414
407
428
425
413
407
429
417
425
402
432
416
414
408
438
419
423
410
418
422
420
410
425
425
416
407
432
415
411
415
424
418
407
400
420
420
408
410
432
419
420
406
427
421
426
403
424
410
426
406
437
413
405
409
422
422
413
405
430
425
420
405
430
419
417
412
427
418
423
410
430
416
417
413
426
421
415
407
429
427
405
404
426
426
413
407
443
425
416
413
426
419
414
413
421
428
414
405
422
422
413
408
433
418
414
407
432
418
418
416
428
419
417
410
427
414
421
417
436
421
426
413
427
423
416
402
434
422
421
414
433
422
410
413
425
420
411
402
436
424
418
410
439
440
412
408
431
418
416
410
428
429
414
411
437
429
411
410
431
413
417
415
434
424
415
421
430
418
415
422
427
420
423
408
420
415
417
409
424
425
407
407
427
422
412
407
427
431
414
412
432
415
417
399
421
421
412
412
426
423
418
408
429
426
420
407
438
424
413
402
425
421
415
404
432
422
409
408
435
426
417
407
429
421
418
411
425
412
414
412
430
418
423
409
428
426
413
403
425
431
417
419
432
419
419
418
435
427
416
408
425
421
417
412
437
416
414
404
441
418
418
414
420
419
415
402
433
414
400
422
438
422
414
412
428
425
407
408
430
418
416
414
430
426
406
410
443
418
417
412
435
415
416
408
429
427
408
413
433
423
412
405
426
418
410
408
435
425
425
410
431
436
413
414
432
415
419
414
438
417
414
404
435
415
417
404
434
419
421
405
427
425
419
398
428
428
421
417
443
421
415
406
426
416
412
406
423
420
417
410
433
421
411
405
431
416
417
409
430
417
418
409
423
417
414
401
436
420
415
410
429
421
410
411
432
417
415
413
432
412
413
412
432
423
418
404
426
425
419
406
430
435
406
405
433
424
419
406
428
419
411
407
430
423
407
407
433
417
419
411
440
420
415
404
437
419
412
411
424
420
416
405
436
419
416
405
431
427
407
420
431
425
414
410
426
423
414
421
433
423
411
402
431
420
412
408
437
424
421
408
428
423
420
404
423
421
414
414
428
445
420
404
417
419
422
416
430
419
413
402
425
426
414
408
432
428
411
401
425
417
411
410
425
425
415
415
432
420
408
407
427
437
415
412
422
419
422
408
427
420
405
419
427
414
419
415
427
420
421
408
430
418
412
407
430
419
417
400
424
425
415
408
421
417
408
406
422
420
417
406
427
427
411
405
425
419
421
405
423
421
413
405
431
429
411
411
428
421
417
406
435
411
426
409
429
426
420
407
422
418
410
406
431
413
411
405
428
421
414
411
436
415
417
411
438
419
416
419
422
429
420
407
438
416
415
412
429
420
414
406
425
420
412
412
439
414
419
407
424
423
408
405
421
414
418
420
430
417
415
409
425
417
413
406
434
423
419
408
428
421
416
410
425
417
419
408
424
419
415
419
426
419
409
410
419
415
416
400
422
421
416
413
429
412
420
410
421
420
408
408
427
426
411
404
421
413
411
409
426
420
412
404
426
425
415
420
434
419
415
405
432
416
414
413
434
418
419
411
430
418
419
417
427
416
416
418
421
420
415
408
424
418
413
407
433
417
410
409
431
423
413
403
438
425
421
410
439
419
422
411
427
420
429
408
424
433
411
411
419
417
407
410
428
412
423
414
427
425
414
403
428
421
415
403
427
425
416
406
429
423
411
414
433
422
417
405
432
424
414
399
414
421
419
401
427
424
408
408
420
415
416
410
439
411
418
400
431
418
413
403
424
417
422
408
429
410
405
410
414
416
419
418
425
412
421
412
422
415
410
405
429
419
421
414
424
419
423
411
425
413
425
413
428
418
424
420
423
421
418
418
421
430
422
414
427
427
415
408
433
433
423
411
426
425
422
408
432
412
416
426
433
427
417
407
430
427
424
413
418
414
424
415
436
429
409
413
431
424
415
404
424
421
410
412
423
422
419
415
429
412
417
406
426
421
414
407
432
421
421
401
419
421
414
400
434
421
412
411
441
425
427
411
421
424
413
416
431
418
415
402
426
420
417
406
423
425
422
413
441
417
417
405
433
417
412
404
427
421
413
410
427
430
417
405
420
418
412
405
432
416
418
413
435
413
408
407
419
414
422
402
442
417
414
409
429
427
412
407
424
422
413
421
432
413
411
406
427
416
417
405
432
411
414
407
428
448
413
412
425
415
426
417
436
421
419
406
424
423
410
404
426
427
418
412
414
426
419
416
429
417
426
413
428
423
411
416
435
427
412
412
427
432
412
409
423
429
418
404
427
420
417
409
424
419
417
416
426
420
417
411
430
417
421
409
428
424
404
414
425
415
419
407
436
422
417
401
431
417
419
410
427
415
415
408
432
420
424
417
425
415
427
406
422
412
420
405
424
426
409
402
427
421
418
406
428
425
414
412
426
418
413
420
428
425
427
406
430
429
415
418
430
417
407
409
439
417
411
410
430
428
413
405
430
421
427
411
428
422
413
411
432
425
425
416
437
423
423
413
429
424
420
405
424
411
413
416
429
417
424
410
428
419
416
410
431
417
412
410
442
424
414
422
432
427
418
404
432
418
414
418
433
423
407
415
431
417
415
408
428
420
415
411
428
419
413
421
427
421
418
403
427
421
423
411
423
416
413
409
427
423
409
408
436
419
411
418
424
416
413
413
420
430
420
421
424
421
410
404
418
419
414
415
432
418
426
408
430
414
419
408
437
418
406
407
432
421
429
416
425
416
411
408
436
424
429
415
417
410
413
419
363
361
362
361
361
362
362
363
429
406
363
360
362
0
0

