;UFOS3
;Measurement details: channel = S, date = 01.06.2018, time = 11:18:47
Exposure=409
Gain=0
Temperature=22.7
Accummulate=4
1.317 mu
1.319 amas
49.271 hs
0 ozone
0 uva
0 uvb
0 uve
[Value]
0
361
361
362
361
363
363
360
405
404
444
436
409
413
452
428
425
403
448
440
422
409
473
441
432
409
466
443
425
430
471
449
425
414
472
452
440
406
458
450
414
411
475
451
434
410
474
448
424
412
454
448
410
418
470
446
408
415
466
446
429
409
455
440
422
411
480
443
424
411
471
441
414
425
473
445
422
413
454
446
427
419
467
441
422
416
463
452
410
417
480
456
418
420
469
456
412
405
471
448
408
417
460
447
419
411
469
442
419
410
464
445
414
420
464
448
418
419
461
443
419
422
475
451
425
422
461
452
422
413
452
442
422
412
463
465
418
423
461
437
435
423
461
446
417
417
464
449
412
447
466
449
413
412
474
451
436
413
461
458
410
410
458
446
438
433
455
451
440
412
468
443
429
440
463
450
417
425
471
436
416
410
462
452
427
414
479
449
428
428
456
468
413
424
455
448
426
418
474
445
426
415
465
447
424
414
461
437
426
417
475
447
411
432
459
444
419
409
458
459
435
412
461
443
426
421
469
443
417
405
464
439
415
417
462
448
420
418
448
449
437
418
458
447
422
425
465
439
436
417
461
443
425
414
459
466
423
427
466
448
412
448
465
447
428
403
450
446
429
408
451
438
413
428
463
453
420
421
468
454
425
413
457
459
424
407
469
435
426
420
461
459
423
413
454
450
421
417
465
448
432
411
464
447
430
428
454
442
426
405
458
450
441
416
464
451
424
421
461
447
416
420
460
441
413
424
455
443
431
418
475
445
422
420
467
441
444
408
472
461
419
416
456
459
413
424
473
455
423
415
468
447
412
423
449
434
415
414
462
444
441
420
460
444
441
417
475
442
431
425
450
449
433
417
453
453
426
418
460
443
425
413
463
443
418
425
456
438
422
418
459
453
416
413
460
435
427
409
461
468
427
415
469
463
427
417
476
436
430
418
463
442
422
411
452
444
441
425
452
441
424
429
455
450
417
412
465
438
431
418
461
443
414
404
470
453
410
424
468
451
428
423
448
452
414
414
459
450
428
406
463
429
421
437
458
438
429
428
460
455
439
412
463
446
424
422
457
449
415
424
455
462
428
410
467
435
427
435
465
447
439
426
465
440
423
423
459
444
421
424
456
444
429
416
464
439
429
416
481
435
438
426
465
441
414
436
454
453
419
416
465
438
430
412
455
442
422
438
459
442
425
422
460
435
425
416
452
448
423
443
466
444
429
425
457
449
431
425
459
453
428
428
445
445
434
417
460
446
419
410
455
436
434
420
455
448
442
432
465
446
419
422
465
446
427
434
461
454
423
420
460
439
429
413
462
453
428
428
460
443
424
423
458
450
420
424
461
444
422
431
464
445
423
440
471
432
436
419
457
440
437
433
461
439
429
422
457
436
426
424
463
440
420
432
459
442
412
427
461
442
440
416
468
438
425
422
472
442
413
428
456
444
459
421
462
436
420
414
448
442
420
415
446
443
413
418
452
425
444
429
455
433
427
415
449
444
416
411
456
443
423
427
456
443
431
427
465
447
426
411
468
433
430
427
459
434
426
429
464
436
422
417
459
433
434
416
458
444
429
430
472
436
428
405
447
444
424
416
451
441
433
425
439
435
422
422
450
443
422
416
461
445
425
429
451
431
427
436
454
451
428
421
457
449
422
431
452
444
438
438
451
449
437
527
455
456
447
423
453
444
429
429
457
436
422
427
461
431
435
427
466
447
438
429
456
438
437
425
458
443
427
429
453
461
440
418
459
441
423
425
465
452
437
430
460
437
429
433
449
455
428
434
459
445
433
433
454
441
438
428
464
443
435
422
470
445
434
435
451
451
439
433
473
448
441
435
464
447
429
433
464
452
440
433
471
448
448
447
467
448
455
437
465
456
464
445
460
458
444
443
469
463
449
449
469
467
443
435
462
452
461
453
467
458
439
447
470
463
442
449
475
462
460
456
477
461
446
446
487
473
463
462
477
468
456
447
475
462
461
460
488
479
464
455
482
473
467
486
487
465
458
455
479
471
457
465
476
478
461
463
492
471
462
462
480
483
472
465
490
474
470
464
493
483
473
474
498
493
480
470
502
484
482
486
500
491
495
483
506
503
482
484
514
502
506
480
520
502
493
495
512
511
496
494
515
504
522
480
522
507
514
487
519
520
499
499
534
521
494
494
525
537
507
498
516
516
519
507
527
509
513
512
525
507
521
506
527
516
516
498
520
509
510
504
523
510
531
510
525
512
519
517
531
517
515
510
538
528
510
510
550
538
549
527
559
545
551
558
573
570
563
571
600
604
593
593
622
618
607
604
632
620
617
619
636
630
627
614
650
634
636
607
633
632
607
612
622
610
606
602
634
617
607
608
629
627
628
623
648
634
624
644
653
657
647
650
665
664
663
659
670
672
681
678
706
693
673
686
706
688
689
680
699
701
689
674
694
693
688
682
707
700
690
675
699
698
697
686
709
687
694
702
728
723
721
723
730
719
715
702
734
711
725
694
731
726
699
690
712
706
718
704
720
710
719
707
730
726
718
735
743
736
739
744
770
767
758
741
769
742
743
738
752
737
729
713
729
709
699
703
710
690
684
692
689
703
705
693
714
710
718
701
725
718
734
718
757
768
767
768
793
792
792
798
818
828
823
826
848
846
854
864
878
874
877
873
904
889
887
890
911
900
894
887
923
886
897
880
889
859
855
843
840
828
817
814
825
806
818
799
817
805
813
814
837
829
844
844
862
872
876
894
921
956
933
934
957
959
980
946
960
964
948
949
972
955
960
947
998
949
958
950
958
957
944
949
960
958
975
987
1013
997
1009
1015
1039
1034
1067
1051
1091
1097
1125
1109
1135
1139
1149
1161
1179
1174
1180
1200
1192
1194
1192
1192
1201
1178
1182
1165
1176
1149
1132
1127
1137
1100
1092
1077
1083
1078
1076
1069
1088
1081
1086
1075
1113
1099
1117
1113
1147
1133
1165
1147
1164
1158
1161
1140
1170
1151
1149
1133
1150
1131
1138
1105
1099
1087
1076
1056
1072
1031
1025
1020
1020
1018
1023
1011
1048
1041
1047
1028
1047
1028
1060
1052
1081
1069
1094
1088
1112
1093
1118
1090
1111
1100
1109
1109
1119
1126
1123
1128
1124
1141
1151
1143
1186
1168
1166
1182
1217
1185
1209
1209
1226
1218
1234
1214
1219
1205
1221
1208
1212
1202
1201
1182
1205
1190
1194
1185
1204
1193
1207
1186
1208
1197
1204
1205
1221
1219
1243
1232
1269
1265
1273
1296
1328
1329
1355
1382
1384
1393
1409
1420
1444
1455
1494
1482
1504
1498
1511
1507
1521
1511
1530
1527
1513
1512
1521
1504
1512
1513
1520
1500
1520
1522
1510
1487
1518
1505
1507
1507
1517
1513
1525
1511
1513
1499
1499
1478
1495
1483
1491
1470
1459
1471
1465
1451
1488
1481
1494
1497
1516
1504
1524
1514
1526
1532
1541
1546
1545
1546
1550
1522
1530
1522
1515
1499
1522
1518
1529
1530
1565
1563
1583
1593
1629
1648
1693
1716
1728
1756
1800
1814
1846
1870
1897
1905
1958
1971
2006
2004
2039
2034
2065
2040
2057
2064
2069
2092
2127
2102
2092
2122
2096
2076
2073
2068
2061
2064
2040
2030
2016
1984
1974
1940
1910
1880
1893
1845
1836
1807
1790
1747
1738
1706
1718
1683
1687
1655
1684
1657
1660
1662
1694
1688
1716
1706
1728
1733
1730
1732
1749
1761
1759
1764
1799
1780
1784
1755
1774
1761
1778
1752
1742
1745
1721
1712
1693
1688
1674
1648
1625
1601
1578
1567
1561
1559
1540
1540
1556
1536
1557
1540
1559
1583
1607
1626
1648
1671
1669
1679
1694
1682
1685
1671
1662
1644
1639
1600
1598
1588
1573
1562
1560
1560
1539
1524
1520
1520
1528
1518
1507
1503
1501
1504
1550
1533
1564
1575
1591
1603
1629
1646
1652
1661
1688
1681
1711
1696
1675
1690
1677
1666
1669
1677
1677
1682
1686
1690
1695
1693
1706
1694
1715
1722
1732
1726
1746
1754
1776
1796
1820
1808
1821
1798
1801
1766
1758
1715
1687
1648
1615
1595
1584
1567
1557
1540
1534
1526
1551
1519
1530
1552
1550
1552
1566
1581
1626
1605
1615
1616
1620
1626
1642
1624
1624
1590
1589
1550
1559
1545
1533
1536
1551
1546
1570
1587
1628
1627
1691
1703
1744
1748
1796
1805
1808
1807
1815
1827
1828
1830
1853
1840
1862
1843
1841
1844
1837
1816
1809
1821
1808
1809
1855
1844
1872
1865
1892
1932
1961
1983
2001
2020
2019
2023
2034
2027
2036
2021
2012
2011
1978
1988
1969
1957
1965
1970
1969
1970
1984
1979
1991
1981
1976
1988
2006
2016
2051
2075
2097
2114
2160
2146
2182
2186
2180
2188
2182
2172
2157
2133
2122
2111
2078
2033
2030
1987
1980
1964
1956
1947
1950
1929
1938
1934
1951
1950
1955
1926
1951
1918
1923
1902
1901
1879
1865
1865
1863
1843
1860
1837
1847
1820
1832
1836
1841
1842
1872
1849
1878
1865
1891
1890
1903
1905
1927
1912
1913
1900
1908
1908
1913
1897
1897
1885
1873
1844
1859
1836
1845
1832
1857
1845
1849
1855
1855
1865
1891
1891
1862
1861
1858
1848
1863
1871
1858
1851
1859
1845
1850
1832
1804
1806
1793
1753
1762
1702
1700
1663
1644
1632
1607
1566
1565
1515
1503
1458
1437
1433
1417
1404
1404
1394
1401
1382
1404
1406
1426
1434
1463
1497
1549
1545
1586
1612
1628
1620
1657
1659
1655
1667
1676
1703
1709
1700
1736
1711
1761
1706
1749
1725
1726
1736
1708
1721
1725
1706
1717
1715
1704
1694
1706
1684
1683
1679
1683
1680
1686
1693
1697
1678
1696
1692
1719
1710
1723
1732
1773
1778
1807
1818
1848
1877
1890
1896
1898
1919
1924
1897
1907
1890
1897
1879
1895
1868
1860
1827
1814
1785
1787
1777
1786
1753
1759
1747
1747
1745
1753
1750
1782
1796
1800
1797
1830
1844
1842
1856
1883
1903
1915
1916
1935
1937
1964
1957
1984
1981
2002
1978
1995
1980
1968
1977
1978
1969
1971
1937
1936
1940
1905
1899
1901
1864
1879
1846
1832
1815
1810
1777
1795
1807
1787
1817
1847
1871
1888
1905
1952
1982
1986
2007
2058
2069
2093
2118
2156
2185
2210
2215
2269
2289
2319
2336
2373
2364
2375
2334
2345
2311
2303
2272
2257
2231
2223
2195
2199
2168
2149
2118
2123
2108
2098
2064
2057
2064
2057
2024
2042
2035
2042
2052
2074
2079
2112
2109
2122
2116
2093
2093
2101
2096
2107
2099
2106
2115
2115
2099
2078
2023
2009
1971
1938
1901
1874
1868
1863
1861
1844
1844
1868
1864
1899
1889
1951
1928
1960
1956
1997
2020
2068
2054
2089
2112
2130
2136
2140
2137
2122
2112
2094
2097
2076
2072
2104
2112
2122
2125
2152
2146
2156
2159
2174
2178
2182
2160
2175
2179
2165
2145
2167
2162
2179
2152
2181
2154
2122
2134
2111
2111
2111
2101
2103
2096
2081
2067
2083
2081
2063
2043
2060
2051
2050
2032
2043
2037
2049
2045
2052
2063
2078
2042
2059
2030
2019
2009
2016
1997
1983
1966
1987
1953
1967
1938
1969
1954
1966
1939
1938
1901
1873
1879
1858
1845
1823
1811
1810
1796
1760
1729
1718
1685
1646
1595
1601
1559
1546
1529
1522
1509
1517
1538
1570
1573
1605
1602
1613
1629
1652
1654
1694
1714
1729
1748
1766
1764
1780
1749
1768
1750
1712
1674
1674
1661
1644
1623
1623
1592
1560
1528
1524
1493
1465
1431
1445
1435
1423
1408
1431
1424
1442
1449
1503
1523
1538
1572
1626
1651
1668
1694
1753
1787
1843
1859
1921
1986
1999
2047
2076
2110
2123
2155
2204
2202
2231
2225
2260
2274
2303
2292
2324
2331
2317
2323
2345
2325
2319
2297
2276
2276
2232
2229
2239
2200
2194
2166
2181
2138
2097
2067
2053
2020
1990
1983
1996
1989
1977
1961
1990
1972
1969
1979
2013
2008
2023
2011
2052
2065
2073
2102
2127
2110
2113
2083
2097
2070
2040
2012
2031
2012
1999
2017
2051
2064
2070
2060
2085
2082
2095
2120
2168
2228
2244
2300
2375
2439
2489
2522
2561
2598
2609
2582
2599
2573
2527
2502
2503
2484
2444
2410
2411
2383
2336
2307
2286
2259
2228
2192
2196
2185
2183
2157
2199
2213
2238
2273
2334
2380
2389
2419
2453
2451
2464
2475
2481
2488
2454
2444
2450
2452
2427
2406
2434
2408
2379
2333
2335
2311
2265
2258
2259
2229
2245
2215
2247
2229
2241
2236
2295
2276
2312
2308
2343
2347
2309
2312
2339
2340
2372
2332
2395
2417
2409
2412
2441
2470
2463
2462
2507
2496
2504
2489
2557
2554
2569
2560
2593
2572
2577
2558
2579
2534
2514
2504
2516
2497
2486
2446
2464
2438
2416
2394
2387
2387
2393
2383
2430
2425
2396
2407
2434
2430
2419
2408
2437
2436
2418
2415
2437
2439
2412
2424
2433
2426
2388
2361
2368
2327
2297
2275
2291
2240
2210
2190
2194
2166
2142
2123
2143
2124
2103
2075
2088
2081
2061
2059
2089
2096
2093
2077
2114
2114
2137
2139
2171
2184
2182
2195
2236
2255
2250
2267
2303
2319
2310
2333
2384
2395
2373
2358
2407
2408
2389
2397
2423
2409
2412
2373
2415
2415
2421
2424
2482
2476
2473
2467
2468
2469
2446
2418
2427
2419
2382
2353
2355
2307
2259
2232
2229
2200
2140
2123
2125
2125
2081
2080
2106
2085
2100
2100
2164
2181
2237
2230
2274
2290
2370
2378
2447
2462
2486
2536
2554
2551
2513
2482
2480
2469
2406
2334
2338
2292
2228
2179
2175
2142
2128
2099
2127
2120
2137
2125
2136
2122
2108
2119
2194
2240
2249
2292
2331
2374
2378
2394
2451
2457
2431
2423
2415
2384
2340
2306
2280
2255
2187
2146
2141
2087
2033
1971
1952
1887
1842
1796
1807
1794
1761
1752
1782
1784
1800
1831
1902
1926
1990
2035
2123
2154
2179
2195
2229
2239
2202
2203
2230
2205
2135
2059
2049
1969
1892
1879
1875
1862
1849
1851
1931
1957
1974
1999
2095
2186
2200
2270
2380
2422
2482
2526
2616
2650
2654
2674
2710
2711
2679
2667
2675
2651
2607
2602
2583
2540
2481
2448
2429
2387
2328
2294
2300
2268
2257
2251
2269
2284
2262
2239
2268
2283
2241
2247
2271
2287
2272
2267
2336
2335
2328
2364
2389
2401
2409
2410
2482
2514
2504
2530
2581
2616
2610
2598
2623
2639
2646
2656
2714
2737
2732
2744
2783
2791
2775
2768
2812
2821
2808
2824
2884
2875
2866
2836
2843
2815
2786
2750
2728
2702
2663
2627
2601
2562
2504
2453
2457
2446
2392
2337
2359
2338
2271
2260
2260
2213
2184
2180
2206
2186
2154
2134
2148
2127
2079
2057
2069
2026
1994
1965
1989
1959
1939
1942
1954
1969
1975
1966
2036
2041
2030
2078
2125
2143
2137
2149
2187
2223
2209
2218
2261
2264
2264
2263
2294
2302
2254
2267
2312
2268
2256
2230
2247
2212
2183
2166
2167
2142
2080
2063
2048
2022
1969
1941
1962
1940
1899
1868
1868
1820
1771
1723
1738
1719
1674
1688
1700
1673
1659
1639
1666
1611
1596
1570
1587
1553
1510
1479
1503
1511
1480
1462
1496
1500
1487
1462
1494
1482
1447
1434
1453
1424
1391
1378
1406
1396
1374
1365
1397
1392
1380
1377
1411
1393
1360
1356
1386
1368
1347
1327
1364
1366
1363
1368
1431
1428
1446
1458
1526
1546
1555
1586
1638
1657
1662
1704
1765
1792
1818
1849
1908
1921
1939
1948
1991
1974
1972
1957
1997
2006
1987
1972
2012
2005
1977
1966
1997
1974
1957
1931
1933
1931
1885
1883
1894
1880
1836
1822
1852
1795
1766
1740
1763
1724
1716
1701
1779
1761
1756
1776
1803
1824
1839
1840
1908
1889
1890
1903
1946
1972
1966
2018
2066
2067
2043
2040
2043
2040
1987
1975
1954
1917
1859
1834
1885
1897
1889
1885
1923
1920
1905
1880
1918
1917
1898
1888
1940
1960
1961
1967
2018
2041
2003
1988
2004
2003
1977
1955
1971
1958
1943
1914
1922
1904
1878
1863
1899
1896
1891
1863
1898
1877
1846
1854
1877
1894
1914
1932
1974
1979
1965
1980
2033
2074
2050
2070
2116
2146
2172
2174
2222
2247
2243
2292
2318
2315
2339
2334
2322
2329
2316
2303
2333
2316
2307
2297
2320
2303
2288
2262
2282
2268
2230
2195
2182
2172
2159
2149
2160
2171
2152
2156
2182
2183
2152
2159
2180
2198
2188
2197
2258
2272
2290
2312
2350
2391
2376
2374
2410
2401
2407
2393
2429
2381
2388
2356
2364
2348
2300
2248
2227
2195
2127
2105
2115
2063
2055
2038
2043
2020
1989
1983
2004
1949
1933
1883
1916
1870
1841
1816
1781
1758
1718
1684
1681
1614
1576
1538
1510
1448
1390
1330
1305
1260
1186
1150
1135
1078
1051
1012
1016
999
964
961
977
984
986
1019
1039
1050
1072
1110
1152
1194
1212
1231
1275
1282
1280
1280
1326
1347
1353
1381
1428
1451
1482
1488
1533
1555
1571
1602
1629
1647
1643
1675
1704
1713
1737
1729
1776
1797
1785
1791
1808
1796
1783
1755
1766
1770
1750
1762
1792
1800
1768
1774
1788
1792
1782
1779
1790
1782
1743
1722
1725
1726
1678
1659
1652
1592
1561
1526
1529
1483
1432
1401
1393
1340
1294
1247
1222
1167
1132
1102
1077
1041
1020
1018
1005
998
979
982
995
995
997
1010
1064
1067
1085
1126
1187
1219
1228
1239
1321
1338
1350
1359
1427
1452
1490
1517
1584
1628
1664
1678
1726
1755
1745
1756
1791
1827
1806
1826
1862
1861
1866
1853
1879
1884
1857
1854
1892
1896
1872
1874
1922
1947
1921
1925
1968
1979
1952
1968
2016
2011
2000
1972
2009
2004
1980
1962
1963
1965
1938
1898
1930
1949
1931
1932
1959
1952
1953
1947
1972
1950
1977
1968
2028
2019
2029
2013
2031
2030
2040
2010
2031
2012
1991
2007
1999
2015
2009
2011
2024
2000
2002
1989
2006
2001
1995
1994
2038
2030
2035
2051
2068
2090
2083
2087
2106
2085
2118
2098
2094
2073
2061
2045
2051
2077
2074
2101
2093
2115
2108
2112
2128
2117
2100
2074
2129
2129
2109
2090
2109
2110
2100
2083
2125
2098
2092
2113
2112
2114
2090
2064
2067
2067
2034
2019
2010
1997
1996
1969
1975
1951
1923
1913
1913
1910
1877
1842
1855
1872
1831
1840
1861
1885
1886
1892
1922
1917
1931
1916
1972
1970
1966
1964
1998
2001
1976
1949
1962
1938
1894
1842
1845
1805
1744
1725
1766
1745
1741
1720
1726
1727
1702
1717
1741
1708
1695
1683
1719
1725
1722
1715
1744
1778
1764
1746
1802
1752
1759
1730
1751
1726
1700
1679
1696
1679
1649
1638
1650
1667
1629
1618
1624
1617
1597
1569
1584
1562
1541
1528
1555
1523
1505
1500
1499
1498
1501
1466
1516
1486
1472
1464
1495
1492
1472
1461
1490
1482
1467
1478
1490
1476
1461
1452
1477
1469
1456
1435
1462
1422
1418
1401
1413
1433
1382
1360
1384
1375
1365
1361
1385
1363
1359
1346
1356
1369
1334
1335
1350
1385
1348
1342
1335
1356
1353
1352
1370
1377
1382
1368
1392
1393
1371
1378
1401
1393
1366
1382
1394
1405
1370
1368
1397
1400
1377
1365
1381
1359
1357
1310
1332
1331
1306
1288
1278
1277
1268
1242
1250
1242
1227
1199
1193
1195
1140
1136
1134
1117
1101
1078
1112
1103
1081
1062
1105
1097
1090
1083
1107
1112
1105
1094
1128
1118
1125
1138
1164
1167
1178
1149
1168
1167
1178
1169
1200
1204
1177
1174
1208
1221
1188
1179
1202
1220
1197
1197
1207
1208
1178
1188
1195
1189
1179
1148
1178
1196
1174
1179
1196
1182
1162
1159
1191
1176
1151
1139
1155
1145
1116
1114
1141
1151
1140
1129
1161
1157
1132
1123
1151
1141
1123
1114
1131
1115
1099
1076
1095
1093
1090
1070
1096
1086
1076
1087
1106
1098
1096
1080
1103
1103
1099
1108
1135
1127
1109
1104
1142
1122
1096
1102
1116
1108
1081
1062
1090
1081
1063
1069
1085
1075
1054
1069
1080
1075
1061
1060
1069
1076
1061
1067
1085
1081
1062
1089
1090
1076
1065
1050
1066
1062
1058
1038
1049
1042
1029
1026
1056
1050
1021
1027
1064
1038
1031
1038
1040
1039
1042
1042
1047
1076
1059
1058
1066
1057
1051
1047
1053
1062
1051
1051
1064
1054
1056
1029
1055
1036
1040
1018
1055
1030
998
990
1017
1003
1003
986
988
998
968
958
1000
979
977
953
953
935
875
710
360
360
362
361
361
361
361
361
1017
994
358
362
362
0
0

