;UFOS3
;Measurement details: channel = Z-D, date = 01.06.2018, time = 11:38:00
Exposure=238
Gain=0
Temperature=22.6
Accummulate=4
1.344 mu
1.347 amas
47.932 hs
310 ozone
0 uva
0 uvb
0 uve
[Value]
0
1
-1
-2
-1
2
-3
2
-3
0
0
0
-1
0
-2
2
-1
-4
-1
-1
0
-2
3
0
2
1
1
1
5
3
0
1
2
0
1
-1
2
1
0
-2
2
3
-2
-2
0
1
2
2
1
2
1
0
0
0
2
1
2
2
0
-1
1
2
1
2
1
-1
1
2
2
-3
2
1
0
1
0
0
1
1
0
0
2
0
3
2
1
-1
1
4
3
0
4
1
4
4
4
2
1
2
3
-1
2
0
1
0
2
1
1
0
4
4
4
0
2
2
-2
1
2
4
1
-2
2
-1
1
1
0
2
2
2
2
4
-1
3
4
0
1
1
3
2
0
3
5
1
4
4
4
-1
2
4
2
1
2
4
2
1
2
-2
4
4
-1
2
1
2
1
0
-2
1
3
0
2
1
1
0
0
0
2
3
3
0
2
3
3
0
2
3
-2
-1
0
1
3
4
3
3
3
2
2
1
2
0
3
1
4
2
1
-1
1
-1
2
0
3
2
2
2
3
1
2
0
3
1
2
3
-1
3
2
1
4
1
1
4
2
2
4
3
3
0
1
1
0
4
0
2
3
2
4
2
2
0
2
2
2
1
0
-1
3
2
2
-1
0
3
4
0
3
0
1
0
1
2
-2
3
0
2
5
0
0
1
4
2
2
2
4
0
1
0
4
0
3
2
2
4
3
1
2
3
1
1
1
1
1
1
1
3
5
2
4
-1
2
1
0
0
1
3
1
1
2
1
1
0
2
0
1
2
3
2
4
3
2
3
2
4
4
4
2
3
2
-1
1
4
2
4
2
4
1
0
6
3
1
2
1
3
2
0
2
4
3
3
3
0
0
1
1
1
3
4
1
2
4
2
2
4
4
4
3
5
2
3
3
2
2
3
0
0
2
2
3
0
3
4
2
0
2
2
3
3
2
4
2
-1
4
2
2
-1
2
2
1
5
1
2
6
4
1
2
1
1
2
2
4
1
1
1
3
6
5
-1
1
3
1
2
5
2
5
2
2
3
3
7
3
6
2
3
4
2
3
3
4
3
2
3
4
4
5
3
5
1
4
0
1
3
7
-1
-1
2
4
0
3
3
4
3
5
4
3
3
2
1
5
1
5
1
0
5
2
2
4
3
1
4
3
4
2
3
2
4
3
4
2
3
2
3
6
2
2
2
2
3
6
3
4
2
5
7
2
5
-1
5
4
4
2
1
3
2
5
2
3
3
2
0
3
3
4
1
4
1
4
4
5
0
3
2
2
5
3
3
3
3
5
2
4
3
2
4
6
5
1
2
3
3
0
3
6
7
5
4
7
2
5
3
3
4
2
3
5
2
2
2
4
6
0
3
0
3
1
3
2
5
4
4
-1
0
4
5
4
5
4
5
7
4
3
2
2
5
6
1
4
4
1
3
3
6
4
3
6
3
4
7
5
5
5
8
4
4
6
4
5
5
7
5
3
3
2
3
4
7
4
5
6
1
3
4
6
4
5
5
5
2
4
6
1
6
5
2
3
4
5
7
7
5
6
6
3
3
4
4
4
3
6
3
5
7
5
4
5
3
1
5
4
5
5
7
6
4
4
7
5
4
6
6
4
8
5
5
2
3
5
0
3
6
4
3
8
6
7
8
6
5
4
5
5
8
5
7
5
5
7
3
4
7
7
5
8
6
4
5
6
9
7
8
6
5
5
8
8
9
6
9
7
7
9
11
10
6
7
7
10
10
10
6
10
8
7
6
7
9
9
12
12
11
8
9
10
10
11
11
7
8
8
11
9
12
7
11
8
8
11
9
9
11
11
11
11
11
13
12
11
13
12
14
13
12
13
12
16
15
15
16
14
17
17
18
20
17
15
18
22
19
21
19
17
20
19
21
16
17
19
20
18
17
19
21
21
20
20
20
24
23
25
26
26
26
28
27
33
32
29
31
35
36
37
38
37
40
43
41
45
46
52
52
53
51
51
55
55
55
57
53
54
57
55
60
57
59
59
57
55
53
55
53
56
57
55
58
58
57
66
66
65
63
70
68
72
72
75
76
77
79
87
83
85
88
91
92
96
100
101
98
100
103
107
109
113
111
112
114
113
109
116
114
106
112
109
107
107
103
108
105
108
109
111
111
113
109
116
109
119
113
119
121
123
120
122
128
125
129
134
134
135
137
142
140
148
147
154
158
164
159
164
168
177
176
184
180
191
187
189
190
192
192
197
195
201
200
200
199
201
201
198
200
201
201
205
205
209
209
214
210
210
209
212
206
207
208
211
202
212
204
206
207
210
203
209
207
204
201
203
200
202
203
207
212
213
215
217
218
223
222
233
231
236
235
234
236
242
242
247
250
254
260
261
268
273
276
286
290
300
307
314
320
328
337
343
355
367
379
386
397
406
416
421
429
440
442
456
460
468
475
482
492
498
495
508
505
505
507
512
515
514
513
515
511
505
514
507
501
502
497
504
510
512
514
517
516
521
523
523
529
528
537
541
544
553
554
563
563
572
579
584
595
593
598
594
603
599
604
612
608
619
620
623
612
614
616
614
617
616
624
632
626
636
633
644
650
657
669
680
683
690
697
705
700
688
687
684
676
676
671
672
664
657
654
659
653
659
665
671
667
674
674
699
707
723
745
754
766
777
781
782
782
790
776
780
774
758
745
729
709
699
679
669
652
646
626
619
611
598
598
600
595
604
606
609
612
633
641
652
668
678
702
727
737
747
765
770
784
788
805
814
824
838
843
848
858
870
872
889
902
903
921
925
934
945
957
965
982
985
974
966
968
951
927
915
899
889
861
856
839
833
824
823
810
815
810
816
805
820
817
827
844
856
878
898
922
958
983
1013
1035
1056
1066
1076
1079
1084
1081
1086
1088
1081
1090
1081
1077
1073
1065
1066
1048
1048
1049
1056
1054
1054
1062
1070
1087
1104
1115
1128
1149
1159
1173
1192
1207
1234
1244
1276
1297
1318
1327
1355
1373
1397
1412
1430
1442
1456
1470
1483
1485
1495
1476
1473
1458
1439
1426
1416
1372
1357
1330
1305
1279
1259
1239
1223
1206
1188
1179
1172
1185
1189
1200
1218
1226
1245
1262
1286
1302
1320
1336
1352
1361
1367
1375
1384
1388
1383
1367
1368
1348
1332
1307
1283
1249
1225
1182
1164
1126
1113
1097
1080
1074
1075
1075
1081
1079
1091
1087
1086
1091
1088
1103
1110
1119
1127
1129
1137
1140
1160
1172
1189
1208
1215
1224
1236
1241
1252
1264
1281
1288
1296
1295
1307
1327
1324
1333
1338
1336
1328
1333
1340
1334
1330
1320
1321
1318
1327
1317
1306
1286
1301
1286
1288
1281
1299
1292
1303
1301
1296
1302
1302
1298
1308
1317
1316
1329
1338
1354
1374
1390
1412
1421
1453
1468
1496
1524
1544
1569
1587
1600
1612
1636
1648
1653
1655
1649
1636
1636
1631
1629
1642
1648
1650
1661
1659
1677
1684
1680
1692
1700
1720
1719
1754
1751
1757
1760
1767
1771
1779
1778
1778
1764
1773
1776
1766
1762
1750
1735
1726
1719
1726
1727
1728
1725
1749
1760
1774
1787
1805
1815
1812
1810
1810
1817
1822
1823
1828
1830
1838
1848
1847
1851
1842
1825
1838
1847
1850
1856
1871
1893
1908
1939
1955
1976
1987
2018
2042
2055
2088
2125
2152
2191
2224
2250
2269
2303
2329
2340
2366
2358
2369
2341
2339
2315
2296
2293
2289
2278
2275
2264
2265
2279
2282
2283
2286
2284
2291
2266
2264
2237
2229
2208
2194
2180
2151
2117
2099
2050
2016
1990
1957
1949
1924
1928
1926
1920
1891
1864
1840
1800
1779
1741
1732
1711
1720
1708
1707
1703
1704
1705
1717
1733
1752
1782
1801
1825
1848
1866
1895
1916
1928
1922
1914
1916
1907
1894
1891
1869
1868
1851
1846
1833
1825
1801
1794
1785
1771
1772
1764
1759
1744
1749
1762
1754
1784
1786
1793
1796
1791
1797
1787
1783
1768
1747
1740
1722
1712
1687
1670
1665
1664
1666
1657
1645
1641
1636
1621
1613
1622
1618
1609
1604
1603
1617
1635
1655
1687
1701
1723
1763
1777
1796
1803
1807
1824
1832
1836
1833
1811
1807
1789
1791
1804
1812
1807
1809
1815
1822
1818
1822
1833
1832
1845
1847
1876
1891
1905
1910
1925
1929
1934
1930
1915
1891
1865
1831
1792
1752
1703
1669
1649
1619
1604
1594
1584
1589
1580
1572
1584
1594
1603
1610
1620
1630
1656
1675
1707
1714
1739
1743
1754
1758
1749
1729
1711
1679
1649
1621
1601
1587
1567
1562
1585
1601
1625
1660
1695
1739
1777
1816
1861
1898
1921
1941
1948
1965
1982
1992
2012
2023
2038
2046
2044
2042
2042
2044
2030
2034
2021
2032
2045
2051
2070
2091
2091
2108
2140
2168
2199
2231
2260
2259
2252
2251
2246
2228
2210
2203
2161
2136
2111
2084
2057
2022
2022
2010
2034
2043
2063
2075
2085
2106
2112
2152
2178
2229
2275
2320
2359
2383
2414
2444
2464
2462
2472
2450
2450
2443
2430
2426
2400
2382
2367
2336
2314
2293
2270
2241
2213
2175
2163
2145
2148
2149
2133
2122
2103
2092
2079
2066
2043
2018
1999
1987
1981
1976
1982
1960
1955
1951
1950
1950
1949
1956
1962
1970
1974
1992
2004
2021
2035
2047
2063
2077
2071
2070
2072
2077
2061
2064
2058
2044
2035
2022
1992
1979
1977
1966
1965
1967
1978
1978
2000
1992
2010
2000
2001
2001
1978
1972
1970
1982
1974
1975
1978
1972
1978
1960
1942
1931
1904
1871
1861
1831
1805
1760
1715
1684
1637
1598
1565
1530
1491
1450
1415
1387
1376
1354
1343
1320
1322
1330
1321
1337
1351
1372
1407
1441
1489
1526
1577
1619
1664
1674
1715
1731
1759
1766
1783
1801
1829
1839
1859
1874
1892
1896
1906
1888
1903
1906
1897
1883
1886
1854
1843
1823
1817
1796
1787
1776
1775
1758
1751
1739
1741
1740
1749
1747
1742
1763
1758
1769
1780
1796
1811
1839
1859
1887
1912
1934
1969
1995
1996
2017
2013
2014
2021
2008
2004
2001
1997
1997
1988
1966
1956
1931
1901
1882
1875
1874
1869
1867
1863
1855
1849
1864
1863
1867
1873
1873
1879
1891
1894
1897
1899
1919
1915
1932
1929
1949
1949
1976
1990
2003
2007
2008
2013
2019
2017
2006
1992
1983
1983
1996
1994
1998
1989
1981
2005
2020
2017
2030
2029
2004
1976
1952
1924
1917
1917
1915
1930
1946
1970
1991
2014
2032
2062
2098
2128
2156
2192
2233
2255
2294
2327
2363
2384
2429
2454
2467
2497
2523
2527
2515
2501
2487
2462
2444
2418
2396
2387
2388
2390
2367
2367
2325
2323
2292
2270
2242
2236
2218
2206
2209
2202
2200
2198
2203
2217
2225
2256
2279
2290
2301
2328
2333
2330
2355
2369
2367
2380
2364
2355
2311
2272
2215
2165
2104
2047
1989
1951
1918
1905
1896
1898
1905
1922
1929
1951
1966
1987
2000
2022
2033
2040
2051
2077
2104
2135
2148
2192
2213
2229
2226
2225
2221
2216
2205
2196
2183
2154
2164
2163
2157
2165
2181
2191
2179
2199
2203
2216
2206
2228
2228
2260
2264
2282
2293
2319
2335
2347
2343
2329
2318
2299
2272
2270
2255
2264
2243
2230
2213
2199
2162
2152
2112
2097
2091
2066
2055
2033
2026
2006
1992
1984
1985
1972
1960
1932
1906
1882
1846
1834
1815
1808
1789
1798
1796
1812
1826
1839
1874
1879
1881
1868
1849
1847
1835
1815
1815
1804
1797
1784
1771
1761
1728
1700
1676
1635
1606
1576
1538
1506
1482
1468
1463
1458
1478
1492
1500
1520
1512
1516
1520
1519
1514
1522
1521
1531
1542
1551
1569
1562
1556
1550
1526
1509
1491
1476
1467
1456
1439
1434
1412
1390
1362
1333
1307
1278
1250
1245
1228
1234
1226
1236
1249
1263
1293
1324
1349
1392
1431
1458
1493
1524
1556
1604
1635
1691
1736
1785
1834
1883
1935
1989
2029
2060
2095
2118
2133
2149
2168
2174
2189
2195
2206
2223
2211
2230
2211
2209
2182
2177
2157
2132
2104
2078
2055
2037
2012
2007
1988
1963
1920
1871
1830
1810
1782
1754
1758
1753
1761
1779
1774
1786
1793
1799
1814
1835
1863
1873
1894
1912
1932
1965
1982
1996
2002
1992
1971
1959
1939
1916
1895
1879
1856
1840
1853
1871
1880
1876
1872
1867
1869
1876
1892
1926
1974
2018
2066
2136
2191
2244
2292
2334
2372
2397
2410
2419
2385
2359
2326
2291
2266
2254
2217
2207
2159
2133
2098
2067
2042
2021
1982
1984
1972
1965
1964
1983
2024
2067
2100
2168
2197
2233
2262
2288
2299
2315
2312
2315
2292
2259
2221
2190
2153
2124
2105
2070
2046
2012
1963
1937
1909
1886
1863
1844
1842
1846
1829
1842
1859
1874
1896
1924
1946
1965
1990
2012
2018
2041
2069
2108
2129
2176
2175
2206
2240
2257
2281
2286
2313
2335
2352
2353
2360
2374
2363
2377
2379
2376
2349
2358
2341
2336
2328
2329
2311
2294
2291
2270
2275
2256
2235
2216
2194
2178
2151
2147
2122
2102
2082
2080
2065
2057
2052
2045
2015
2004
2011
2005
2011
2010
2008
1994
1989
1992
1982
1991
1983
1982
1971
1965
1953
1935
1921
1907
1908
1888
1893
1882
1877
1861
1854
1854
1842
1841
1825
1824
1802
1789
1764
1768
1764
1758
1765
1766
1758
1769
1777
1803
1810
1833
1848
1864
1879
1913
1926
1954
1973
1994
2030
2053
2056
2078
2093
2093
2094
2107
2106
2107
2071
2064
2029
2016
1978
1950
1944
1945
1921
1929
1921
1910
1893
1890
1893
1881
1878
1871
1856
1838
1816
1794
1761
1735
1729
1712
1700
1705
1697
1702
1716
1726
1750
1776
1817
1849
1902
1944
1967
2008
2014
2050
2071
2104
2129
2136
2145
2133
2117
2107
2076
2054
2040
2012
1973
1931
1890
1849
1821
1798
1764
1760
1749
1750
1756
1753
1731
1713
1698
1693
1696
1689
1695
1680
1679
1676
1658
1668
1686
1718
1732
1766
1773
1793
1806
1796
1773
1751
1728
1700
1686
1671
1625
1581
1537
1495
1452
1432
1424
1422
1428
1433
1457
1487
1534
1577
1613
1665
1712
1761
1801
1846
1863
1898
1910
1932
1929
1925
1907
1883
1861
1812
1764
1720
1673
1634
1596
1566
1538
1525
1526
1538
1555
1560
1579
1607
1636
1673
1725
1776
1800
1846
1870
1906
1932
1974
1994
2029
2035
2042
2040
2059
2065
2047
2046
2021
2008
1993
1973
1961
1946
1924
1904
1910
1921
1907
1902
1908
1916
1933
1951
1968
1975
1983
1979
1981
1983
1977
1979
1995
2003
2020
2029
2056
2059
2087
2099
2114
2119
2125
2140
2153
2160
2176
2189
2215
2227
2251
2256
2274
2299
2306
2311
2324
2335
2338
2346
2370
2358
2365
2377
2383
2388
2395
2383
2384
2363
2360
2338
2308
2287
2246
2215
2162
2151
2105
2074
2044
2001
1973
1929
1906
1877
1832
1803
1786
1767
1747
1726
1724
1715
1690
1679
1666
1652
1639
1623
1606
1587
1570
1554
1542
1523
1516
1509
1515
1508
1522
1534
1551
1573
1580
1594
1606
1615
1628
1654
1684
1717
1733
1737
1754
1766
1749
1755
1764
1761
1759
1760
1745
1726
1712
1682
1661
1637
1632
1614
1600
1581
1560
1548
1538
1520
1514
1497
1485
1467
1446
1417
1405
1371
1342
1318
1294
1274
1254
1228
1232
1219
1195
1195
1188
1181
1162
1142
1123
1105
1079
1056
1045
1025
1007
994
995
993
985
974
974
959
960
939
929
930
913
908
907
905
912
904
911
909
910
908
902
904
901
895
894
873
872
870
876
871
876
880
897
911
924
952
972
996
1022
1030
1047
1080
1099
1123
1152
1171
1203
1233
1266
1297
1317
1330
1347
1353
1358
1367
1371
1368
1379
1377
1377
1367
1372
1383
1373
1363
1341
1321
1307
1302
1287
1297
1298
1298
1278
1273
1258
1255
1252
1229
1210
1186
1162
1142
1159
1185
1188
1186
1198
1215
1213
1219
1235
1246
1262
1286
1327
1350
1364
1379
1409
1421
1418
1418
1422
1408
1395
1373
1357
1331
1323
1301
1280
1261
1255
1249
1269
1269
1290
1285
1305
1293
1299
1305
1309
1325
1353
1360
1367
1378
1377
1371
1376
1376
1371
1359
1350
1347
1344
1323
1317
1311
1311
1310
1304
1287
1288
1282
1273
1274
1264
1254
1253
1255
1266
1269
1266
1281
1295
1307
1327
1339
1344
1352
1372
1389
1419
1425
1469
1481
1491
1514
1523
1547
1552
1559
1582
1578
1572
1576
1592
1584
1585
1609
1610
1609
1605
1579
1575
1563
1567
1563
1551
1528
1510
1499
1487
1484
1467
1451
1447
1439
1431
1431
1446
1443
1487
1502
1516
1525
1549
1571
1582
1592
1602
1606
1616
1632
1640
1622
1617
1607
1612
1610
1603
1574
1552
1551
1528
1507
1497
1469
1441
1421
1391
1366
1344
1326
1308
1285
1274
1242
1220
1201
1174
1146
1121
1104
1091
1066
1048
1031
1006
982
956
912
872
828
777
722
690
647
615
584
557
531
513
491
475
460
459
452
449
453
456
460
478
485
506
523
552
581
596
620
641
662
672
681
710
729
739
769
795
807
829
856
869
892
907
923
927
941
952
958
972
990
1009
1022
1028
1040
1052
1066
1080
1082
1088
1088
1106
1104
1110
1103
1097
1105
1095
1089
1084
1070
1072
1067
1062
1057
1052
1038
1033
1013
996
973
961
940
917
900
874
850
820
778
744
705
677
634
605
573
555
532
511
498
487
469
461
448
442
436
436
436
444
456
464
478
496
519
540
568
590
620
650
675
704
747
776
812
836
861
893
927
936
965
995
1001
1021
1020
1043
1040
1051
1061
1058
1052
1055
1056
1059
1066
1077
1078
1082
1089
1098
1097
1103
1097
1109
1131
1137
1148
1167
1162
1176
1185
1198
1200
1211
1213
1205
1225
1213
1224
1216
1219
1216
1206
1205
1196
1202
1199
1199
1203
1213
1206
1207
1205
1214
1220
1223
1230
1231
1233
1239
1238
1223
1212
1204
1199
1188
1194
1192
1208
1211
1212
1216
1216
1214
1216
1217
1212
1224
1235
1242
1243
1245
1249
1266
1273
1286
1285
1287
1300
1290
1280
1274
1276
1269
1267
1264
1269
1269
1269
1272
1270
1269
1264
1270
1263
1272
1269
1273
1263
1255
1239
1235
1229
1234
1245
1249
1253
1264
1261
1261
1256
1265
1262
1251
1245
1239
1233
1214
1206
1200
1177
1159
1140
1123
1102
1088
1085
1088
1091
1102
1096
1099
1104
1116
1114
1129
1126
1125
1137
1151
1156
1161
1157
1154
1159
1170
1162
1169
1159
1143
1140
1117
1091
1073
1057
1038
1032
1011
1003
1000
997
989
979
984
981
980
975
982
987
987
993
998
1000
1017
1019
1018
1032
1023
1014
1016
1008
993
980
973
960
950
936
931
928
917
920
910
907
897
894
882
873
864
847
846
829
822
826
824
822
820
806
802
802
795
782
787
785
783
782
783
778
775
784
781
784
782
778
773
776
774
765
772
771
776
762
764
746
742
732
727
723
729
725
726
735
730
741
739
737
732
723
724
725
727
722
731
729
728
727
728
731
742
739
735
736
739
749
742
736
730
716
716
714
711
708
710
712
709
705
709
699
692
680
681
674
660
643
628
623
617
615
616
608
602
585
571
553
557
546
540
530
524
522
513
515
507
501
509
510
512
507
522
515
516
519
518
521
530
532
543
553
565
566
574
581
579
584
580
578
581
578
573
569
566
565
573
576
584
587
596
590
591
580
586
584
585
580
579
572
571
562
566
566
559
555
560
549
550
548
553
551
551
539
538
540
541
536
532
528
531
529
519
514
512
508
508
500
497
489
484
483
484
490
491
487
492
498
499
500
499
499
506
506
508
512
516
513
520
527
527
524
523
514
510
503
501
498
497
487
492
492
488
483
480
476
477
476
474
469
472
472
476
471
471
476
479
475
477
469
468
460
453
453
453
455
451
443
446
446
447
445
440
442
445
441
438
437
447
446
449
452
462
465
467
468
474
471
481
482
485
474
425
250
-2
1
-1
-2
-2
-1
1
1
487
459
-1
-2
-1
0
0

