;UFOS3
;Measurement details: channel = S-D, date = 01.06.2018, time = 11:38:40
Exposure=209
Gain=0
Temperature=22.5
Accummulate=4
1.345 mu
1.348 amas
47.882 hs
0 ozone
109784 uva
1491 uvb
114 uve
[Value]
0
2
-2
0
1
0
-1
1
-3
-4
-4
-2
2
-4
0
-3
-5
0
0
1
-1
2
2
-3
1
-1
1
0
2
-3
1
-1
0
-1
-4
1
0
2
0
5
0
0
0
1
2
1
3
4
2
-1
1
2
1
-1
2
-3
-2
1
3
2
2
-1
1
2
3
1
1
3
1
2
1
-1
0
-2
3
-2
5
0
0
1
2
1
-2
3
0
1
-1
-1
0
2
3
1
4
-3
5
0
2
1
3
-1
1
1
1
-2
-2
1
2
0
-2
2
1
1
4
-2
3
0
0
1
-2
-1
1
-4
-1
0
1
1
1
-3
-1
3
-4
1
2
2
1
-1
1
1
2
2
-1
-1
2
0
-1
1
2
1
-1
2
2
0
3
2
2
1
2
0
1
-1
3
1
-3
0
0
3
-1
1
2
2
3
1
1
-1
1
0
0
1
2
-1
0
1
-1
0
1
3
1
1
0
-2
-1
2
1
0
-2
3
4
0
2
0
-3
1
3
1
1
0
-2
-3
0
1
0
1
0
1
0
1
1
1
3
1
1
3
-1
1
3
2
0
3
4
-1
-1
-1
2
4
1
2
2
1
1
0
1
2
3
3
-2
3
0
-1
1
2
3
0
-1
1
0
0
2
0
0
1
2
1
2
3
3
-3
1
1
-2
-1
1
1
1
1
0
4
2
2
-1
2
1
-2
3
2
0
0
0
0
-1
1
1
-1
1
0
5
0
1
0
1
-2
-1
2
-1
-1
-2
1
3
0
0
0
1
0
-1
0
2
0
2
2
-2
0
3
5
3
4
4
2
1
2
1
1
-2
4
-1
1
0
2
4
0
2
0
1
0
0
0
1
2
2
1
0
-1
-2
1
2
-2
2
1
2
0
4
3
0
1
0
0
3
0
0
0
3
-1
4
1
4
2
-2
4
2
0
1
0
2
2
2
1
2
0
3
2
-1
3
0
3
-4
1
2
3
3
-1
1
2
3
1
2
2
-2
1
2
2
0
-2
1
0
-1
1
0
-1
1
-1
-2
0
2
0
2
1
1
1
2
-1
2
2
2
3
2
-1
2
3
-2
1
1
0
-1
1
1
3
2
2
3
2
3
5
1
1
2
0
4
0
3
1
3
3
0
-1
-2
0
2
3
0
3
1
0
-1
5
0
0
2
2
3
1
3
2
2
2
2
3
1
5
2
0
-2
0
2
0
1
2
1
3
3
3
2
3
3
1
2
4
1
4
2
1
2
3
5
0
2
4
5
1
4
3
0
1
0
4
2
2
0
3
-1
2
0
4
2
1
4
3
2
6
1
3
3
1
2
2
1
3
2
1
1
0
0
2
3
2
5
2
-1
3
0
1
2
1
-2
4
1
1
1
1
0
1
0
0
-1
0
3
2
4
5
1
1
1
2
2
3
3
1
0
5
3
3
3
0
2
4
3
0
3
1
3
4
4
4
1
3
4
2
0
2
0
2
2
-1
-1
1
2
5
5
3
2
2
3
2
2
2
0
3
4
1
7
0
0
3
4
4
2
3
4
0
4
3
5
4
4
1
4
4
2
5
5
3
3
4
4
5
3
1
4
2
2
0
3
4
1
5
4
1
2
2
2
2
5
1
2
3
0
7
5
4
5
3
4
2
3
3
4
2
2
2
6
4
2
6
1
4
4
3
6
4
3
5
3
2
3
2
4
4
1
2
3
1
1
4
5
3
4
6
5
3
6
4
6
1
3
4
5
7
4
5
4
5
4
3
6
6
4
4
5
5
5
5
1
3
2
4
6
5
4
4
8
2
5
5
4
5
4
8
5
5
6
1
7
2
6
8
4
7
5
5
4
6
4
4
6
5
7
7
5
5
7
7
8
4
6
6
6
7
8
4
9
5
8
9
8
6
9
9
9
9
5
9
10
10
9
9
11
10
10
11
12
12
15
9
11
13
13
14
13
13
16
14
20
13
16
12
16
11
18
17
18
15
16
14
19
15
16
16
19
15
15
13
17
17
17
17
20
18
22
19
19
17
20
22
23
23
21
22
23
25
26
24
26
24
28
24
23
25
27
28
27
28
24
27
29
31
28
27
28
29
28
27
26
25
29
27
27
30
27
33
30
29
33
30
34
30
35
30
33
34
39
34
37
35
37
33
39
37
39
39
40
42
44
42
45
47
48
46
50
45
49
50
51
49
53
50
52
54
52
54
56
56
55
58
57
58
58
58
55
55
56
59
61
60
61
60
64
63
62
65
64
62
68
66
67
68
67
65
65
66
66
69
68
64
64
58
64
61
64
63
67
65
63
66
66
66
66
69
66
67
68
67
69
69
70
70
70
68
72
67
74
80
78
78
84
84
89
91
95
100
100
105
112
112
122
121
136
132
140
139
144
147
147
151
152
151
154
159
157
160
163
161
163
159
163
159
156
155
152
153
152
151
151
149
151
144
150
150
153
151
159
162
164
163
163
166
171
173
177
182
185
187
192
194
197
203
204
203
208
207
211
213
216
208
214
205
213
209
210
210
213
210
212
209
212
206
209
205
211
205
215
216
221
220
225
230
229
234
236
241
235
235
238
229
236
231
231
231
228
226
224
225
226
221
223
224
228
223
224
231
233
234
240
244
251
258
259
262
268
268
265
266
263
257
255
252
252
247
238
239
233
226
226
224
219
212
214
216
213
216
221
221
223
227
230
230
241
245
254
259
266
277
281
282
291
292
299
307
314
321
327
326
339
343
348
357
359
361
369
369
375
378
382
385
391
391
392
386
384
381
378
369
360
353
344
338
339
326
314
311
318
308
314
305
311
305
307
312
322
326
334
346
357
368
376
388
403
412
416
422
423
429
428
433
433
430
429
435
428
431
436
433
437
433
428
421
422
420
426
431
436
436
447
458
469
476
484
490
500
510
522
525
535
549
562
568
582
585
595
604
608
611
622
628
631
631
631
631
626
625
621
612
608
595
580
571
559
554
544
541
537
535
529
524
528
534
536
541
548
558
569
577
587
591
601
601
601
598
603
604
604
600
602
593
587
585
571
567
559
546
539
522
514
507
500
492
489
488
490
488
503
504
506
505
513
512
515
518
530
535
539
544
552
556
562
564
569
571
575
567
576
573
577
580
581
589
591
605
614
611
620
625
636
646
646
655
664
658
658
658
659
655
654
643
647
639
634
636
637
635
638
633
641
642
641
636
642
638
647
652
657
661
678
676
693
703
714
721
742
753
777
787
802
810
821
842
849
865
880
889
900
898
903
904
914
901
920
915
917
906
907
902
902
900
906
909
913
905
907
904
899
899
902
906
911
912
916
914
907
898
904
886
889
881
882
878
873
873
878
868
888
884
890
892
892
898
910
919
923
925
932
931
935
930
935
922
926
925
917
919
915
914
919
926
941
952
973
982
1014
1032
1052
1076
1099
1120
1143
1164
1193
1217
1241
1266
1291
1305
1327
1344
1362
1371
1371
1373
1379
1386
1404
1405
1427
1431
1426
1427
1423
1414
1400
1397
1386
1382
1377
1359
1345
1325
1296
1273
1260
1240
1226
1202
1185
1168
1146
1125
1111
1100
1083
1074
1063
1054
1049
1045
1052
1050
1060
1079
1089
1097
1103
1103
1102
1110
1118
1129
1134
1138
1154
1143
1146
1142
1145
1139
1139
1127
1116
1117
1094
1089
1090
1073
1049
1042
1026
999
984
966
958
957
953
954
954
944
954
953
970
984
1002
1020
1037
1053
1063
1073
1077
1074
1067
1055
1048
1033
1026
1008
995
984
974
974
973
957
956
949
934
936
940
926
920
921
931
930
938
949
973
989
1002
1024
1036
1047
1055
1069
1079
1084
1090
1096
1079
1081
1071
1069
1071
1077
1080
1081
1084
1089
1097
1088
1096
1085
1101
1099
1114
1124
1135
1145
1152
1172
1191
1194
1203
1196
1178
1155
1139
1113
1078
1053
1028
1008
1000
978
966
962
957
950
956
957
958
966
966
976
982
999
1015
1026
1022
1027
1028
1035
1042
1034
1027
1021
997
980
976
963
958
962
962
974
991
1006
1032
1050
1086
1108
1136
1158
1175
1197
1196
1198
1198
1207
1219
1229
1241
1238
1240
1238
1230
1232
1220
1205
1212
1199
1208
1217
1225
1238
1243
1254
1272
1290
1328
1342
1375
1386
1389
1399
1400
1395
1408
1387
1386
1381
1360
1355
1351
1344
1332
1332
1326
1348
1353
1363
1363
1354
1361
1357
1381
1399
1415
1441
1464
1487
1511
1512
1532
1538
1540
1538
1534
1532
1511
1503
1493
1469
1445
1411
1389
1373
1368
1352
1333
1328
1314
1322
1311
1319
1321
1323
1338
1332
1322
1315
1303
1289
1272
1263
1255
1256
1251
1243
1239
1232
1234
1233
1232
1233
1238
1246
1251
1254
1270
1267
1279
1287
1299
1304
1305
1310
1299
1305
1305
1301
1295
1289
1291
1275
1270
1249
1254
1229
1245
1238
1251
1239
1247
1263
1265
1267
1280
1277
1265
1267
1262
1257
1256
1267
1259
1265
1267
1249
1251
1241
1217
1209
1200
1175
1157
1136
1120
1095
1068
1049
1030
1007
996
965
940
916
892
881
867
857
851
848
845
844
854
860
867
883
904
938
970
997
1021
1046
1056
1072
1088
1095
1090
1088
1102
1112
1118
1130
1139
1143
1161
1153
1158
1143
1150
1152
1143
1147
1137
1130
1138
1129
1124
1121
1127
1119
1120
1110
1105
1106
1111
1108
1117
1117
1121
1114
1123
1139
1154
1167
1188
1198
1223
1238
1264
1281
1291
1305
1306
1301
1317
1306
1304
1301
1306
1293
1295
1276
1268
1251
1230
1207
1200
1193
1187
1181
1178
1162
1166
1171
1176
1183
1196
1203
1217
1232
1245
1258
1267
1290
1305
1313
1314
1332
1341
1342
1365
1367
1382
1383
1393
1383
1396
1394
1380
1377
1374
1368
1359
1353
1342
1327
1315
1305
1304
1298
1281
1263
1250
1231
1219
1205
1203
1205
1219
1234
1254
1283
1311
1330
1354
1375
1394
1425
1447
1467
1479
1509
1532
1566
1587
1610
1653
1674
1696
1719
1737
1734
1731
1722
1708
1699
1673
1663
1647
1622
1618
1596
1591
1563
1542
1531
1507
1506
1480
1466
1456
1457
1441
1445
1442
1444
1457
1462
1476
1487
1498
1506
1523
1510
1504
1501
1500
1500
1510
1510
1515
1510
1505
1488
1471
1443
1411
1381
1347
1326
1301
1290
1281
1283
1285
1283
1296
1302
1310
1326
1338
1346
1373
1386
1395
1431
1464
1471
1492
1523
1533
1543
1542
1544
1531
1518
1505
1501
1499
1498
1509
1516
1538
1527
1558
1555
1568
1572
1581
1575
1579
1565
1576
1574
1568
1565
1572
1562
1572
1566
1568
1558
1541
1527
1523
1520
1521
1514
1508
1499
1490
1488
1494
1486
1474
1470
1469
1461
1462
1447
1450
1452
1458
1463
1476
1483
1485
1473
1464
1452
1447
1430
1433
1415
1409
1384
1394
1379
1388
1387
1392
1381
1392
1376
1362
1349
1326
1313
1289
1275
1265
1250
1252
1240
1223
1195
1161
1132
1106
1074
1056
1019
1006
983
988
985
994
1010
1027
1046
1055
1061
1076
1090
1108
1113
1140
1160
1174
1199
1215
1212
1226
1211
1201
1186
1166
1146
1131
1117
1109
1087
1073
1062
1026
1006
981
954
942
916
911
915
904
899
904
903
917
939
963
996
1016
1040
1080
1102
1130
1159
1205
1246
1290
1325
1367
1408
1449
1480
1513
1535
1569
1591
1617
1628
1653
1664
1684
1696
1726
1732
1738
1750
1753
1755
1748
1732
1726
1719
1698
1689
1662
1658
1640
1635
1626
1614
1594
1565
1531
1502
1481
1451
1435
1422
1421
1411
1428
1421
1422
1428
1425
1428
1446
1453
1464
1477
1483
1499
1513
1536
1548
1550
1541
1528
1515
1510
1478
1462
1446
1443
1446
1463
1474
1484
1507
1505
1526
1520
1540
1542
1586
1633
1668
1732
1790
1840
1900
1942
1966
1993
2010
2006
2006
1981
1949
1922
1907
1881
1860
1841
1822
1799
1763
1724
1698
1673
1650
1627
1606
1606
1605
1604
1618
1639
1666
1709
1748
1790
1815
1836
1863
1869
1883
1893
1908
1902
1893
1880
1862
1855
1853
1846
1839
1823
1799
1767
1753
1720
1704
1695
1677
1665
1675
1664
1661
1669
1686
1688
1717
1718
1743
1754
1766
1757
1753
1755
1749
1755
1785
1788
1806
1832
1849
1853
1875
1878
1887
1896
1917
1920
1929
1936
1956
1972
1980
1989
1995
2006
1998
1999
1979
1961
1954
1946
1937
1907
1916
1890
1880
1868
1845
1832
1823
1821
1822
1830
1836
1832
1840
1853
1847
1845
1861
1849
1865
1862
1868
1865
1855
1854
1853
1862
1852
1850
1838
1814
1773
1755
1741
1733
1710
1678
1669
1650
1637
1617
1600
1582
1568
1546
1548
1550
1538
1533
1529
1525
1530
1531
1539
1544
1554
1561
1575
1593
1618
1632
1647
1662
1676
1689
1703
1728
1745
1750
1756
1786
1805
1816
1826
1831
1837
1836
1846
1849
1843
1836
1853
1846
1847
1854
1871
1868
1903
1906
1908
1909
1907
1897
1895
1872
1859
1843
1834
1812
1782
1751
1720
1686
1659
1636
1619
1595
1583
1574
1558
1544
1553
1538
1558
1568
1608
1628
1681
1702
1721
1755
1799
1834
1872
1917
1953
1988
1987
1980
1978
1937
1917
1888
1852
1807
1777
1731
1690
1649
1622
1591
1579
1578
1561
1582
1586
1586
1589
1572
1590
1606
1637
1685
1721
1753
1780
1812
1848
1858
1875
1888
1886
1880
1858
1836
1806
1762
1737
1695
1657
1625
1590
1550
1506
1456
1403
1359
1323
1302
1274
1261
1248
1238
1257
1253
1284
1311
1364
1413
1460
1505
1568
1607
1634
1662
1681
1681
1676
1692
1667
1643
1598
1538
1489
1430
1387
1363
1339
1341
1343
1348
1391
1411
1454
1490
1549
1610
1685
1747
1817
1883
1942
1994
2057
2091
2116
2125
2136
2136
2137
2127
2110
2092
2070
2054
2021
1986
1953
1910
1878
1831
1801
1763
1755
1725
1725
1723
1735
1732
1732
1724
1715
1707
1731
1728
1730
1740
1746
1743
1769
1792
1804
1830
1840
1863
1879
1912
1926
1960
1987
1999
2038
2065
2074
2073
2081
2094
2110
2122
2151
2188
2196
2217
2228
2226
2238
2246
2262
2276
2287
2291
2317
2327
2324
2318
2288
2266
2236
2203
2180
2159
2124
2095
2060
2007
1973
1942
1909
1891
1865
1835
1810
1791
1757
1737
1712
1684
1672
1663
1649
1647
1634
1626
1607
1580
1569
1544
1534
1503
1482
1470
1455
1442
1439
1437
1436
1452
1469
1479
1503
1526
1555
1554
1582
1605
1632
1642
1669
1700
1715
1706
1737
1743
1752
1755
1752
1764
1767
1763
1770
1752
1754
1732
1716
1703
1669
1664
1633
1617
1587
1556
1530
1507
1477
1461
1437
1431
1404
1380
1349
1306
1274
1246
1228
1212
1201
1200
1185
1174
1172
1150
1135
1129
1118
1100
1081
1051
1028
1011
1004
1002
1001
991
1004
1001
1004
995
998
987
966
952
935
928
924
908
912
913
904
903
902
911
909
914
910
901
900
895
888
884
871
861
876
880
891
903
927
950
975
999
1035
1055
1076
1104
1140
1163
1196
1225
1257
1291
1344
1370
1401
1427
1444
1465
1475
1475
1485
1491
1496
1497
1498
1502
1498
1499
1487
1486
1483
1475
1466
1455
1434
1429
1400
1396
1383
1375
1359
1342
1334
1310
1280
1265
1241
1229
1231
1237
1239
1260
1271
1294
1309
1327
1357
1371
1393
1402
1415
1421
1441
1465
1486
1524
1554
1558
1566
1542
1552
1518
1511
1491
1451
1420
1378
1363
1375
1395
1407
1412
1402
1423
1415
1412
1421
1418
1410
1428
1442
1457
1472
1479
1499
1526
1537
1517
1520
1506
1486
1471
1478
1464
1468
1452
1429
1402
1394
1380
1404
1399
1411
1401
1407
1389
1377
1372
1382
1397
1430
1450
1467
1486
1501
1510
1529
1551
1569
1583
1629
1651
1680
1690
1722
1737
1767
1790
1820
1833
1842
1838
1833
1833
1818
1824
1828
1824
1817
1824
1807
1811
1805
1781
1785
1766
1749
1725
1692
1687
1683
1667
1676
1672
1668
1683
1681
1679
1675
1681
1682
1697
1710
1716
1765
1786
1807
1840
1845
1873
1902
1903
1911
1901
1915
1919
1914
1895
1887
1878
1861
1848
1822
1772
1743
1705
1664
1633
1610
1586
1589
1577
1553
1539
1533
1517
1501
1477
1453
1416
1410
1388
1367
1335
1308
1271
1246
1229
1192
1150
1109
1075
1035
979
939
885
834
784
738
695
659
627
596
570
556
535
527
524
522
524
539
553
570
599
629
662
688
722
761
785
803
823
827
834
861
881
901
931
962
987
1019
1047
1072
1095
1117
1142
1158
1180
1195
1223
1247
1259
1279
1292
1308
1329
1327
1334
1332
1333
1318
1306
1305
1302
1301
1315
1319
1316
1320
1326
1323
1337
1335
1326
1329
1310
1289
1281
1262
1236
1220
1183
1158
1134
1113
1079
1057
1028
985
952
919
876
841
798
749
718
678
647
622
594
580
565
552
542
545
533
541
544
554
568
598
617
645
679
713
750
787
810
829
865
896
920
955
988
1031
1084
1125
1160
1202
1236
1257
1284
1298
1311
1343
1353
1366
1382
1394
1401
1404
1405
1409
1409
1412
1407
1416
1418
1421
1440
1453
1457
1465
1476
1497
1505
1514
1523
1535
1537
1540
1534
1533
1533
1527
1512
1500
1488
1478
1470
1462
1476
1486
1491
1499
1493
1496
1496
1501
1498
1515
1534
1547
1566
1585
1580
1565
1569
1563
1577
1574
1564
1563
1567
1559
1557
1557
1551
1550
1549
1549
1548
1544
1552
1547
1546
1557
1576
1584
1588
1607
1613
1630
1632
1642
1643
1644
1652
1631
1614
1598
1593
1597
1606
1622
1626
1650
1644
1648
1648
1655
1650
1651
1636
1639
1640
1651
1645
1638
1635
1647
1649
1649
1646
1643
1643
1637
1632
1634
1621
1608
1596
1577
1579
1568
1547
1533
1527
1511
1488
1485
1470
1452
1442
1434
1412
1412
1407
1394
1390
1402
1416
1435
1451
1461
1474
1485
1490
1506
1509
1525
1529
1531
1544
1542
1526
1514
1492
1456
1419
1372
1348
1312
1296
1286
1288
1282
1272
1277
1280
1277
1276
1286
1261
1257
1253
1269
1273
1285
1286
1295
1301
1319
1316
1329
1318
1314
1306
1297
1281
1272
1250
1246
1234
1221
1209
1203
1201
1192
1179
1179
1172
1154
1138
1132
1116
1107
1093
1093
1072
1083
1071
1065
1062
1061
1041
1051
1037
1043
1041
1046
1034
1035
1030
1038
1035
1035
1041
1035
1034
1036
1027
1020
1015
1023
1006
1007
989
987
974
966
951
948
928
931
932
930
918
927
918
932
922
920
907
910
912
918
914
909
904
906
912
915
910
914
934
940
940
949
949
943
947
946
939
945
947
946
948
942
950
949
950
940
943
931
922
915
899
889
884
880
855
839
833
828
818
804
796
787
774
765
741
725
700
684
679
663
657
654
660
658
648
659
654
660
666
669
669
672
674
677
673
691
706
721
726
729
737
733
726
748
750
758
755
762
764
766
760
760
761
763
770
773
766
768
762
759
754
741
740
738
733
743
748
749
749
747
739
744
740
737
725
732
717
714
694
690
695
698
708
703
707
712
704
709
701
697
691
688
680
675
669
662
655
656
653
653
648
660
652
665
656
654
660
657
657
664
672
671
680
692
679
688
683
687
680
673
670
672
662
659
645
643
641
642
641
641
642
638
639
639
634
636
632
631
637
636
634
646
641
642
649
650
646
645
639
630
624
625
616
619
605
609
610
606
607
601
611
607
614
606
608
612
612
615
614
619
620
625
630
632
634
636
627
630
625
629
618
622
615
618
620
620
607
605
597
602
593
580
586
569
560
560
557
557
549
549
539
545
538
540
524
523
503
461
276
-1
0
1
1
0
-3
-3
0
576
560
-3
0
-2
0
0

