;UFOS3
;Measurement details: channel = Z, date = 01.06.2018, time = 12:07:29
Exposure=130
Gain=0
Temperature=22.8
Accummulate=4
1.398 mu
1.402 amas
45.478 hs
0 ozone
0 uva
0 uvb
0 uve
[Value]
0
361
363
362
363
362
360
363
382
383
390
384
387
388
391
387
392
384
387
390
391
389
402
394
404
390
404
399
400
396
407
394
399
391
400
394
403
388
401
401
394
389
405
396
401
389
404
404
398
392
398
390
393
398
403
394
391
394
402
397
402
389
398
394
400
385
412
393
399
390
401
390
396
397
407
401
402
391
396
395
401
394
409
398
403
395
405
398
392
391
402
396
396
396
404
402
393
390
405
393
392
392
395
395
398
391
402
394
397
390
402
400
398
395
403
394
398
394
403
397
399
394
409
403
404
398
396
396
400
394
397
394
403
391
407
403
396
399
400
399
402
397
400
402
399
391
402
392
396
406
398
397
393
388
409
397
402
390
406
400
392
393
401
399
400
397
404
399
407
395
403
401
399
399
401
398
398
396
404
392
399
388
402
400
402
397
414
401
401
394
399
410
395
396
404
406
398
396
407
396
398
393
402
399
400
391
403
395
404
395
404
398
396
398
398
396
401
389
396
403
404
392
407
401
400
396
401
393
397
390
403
395
398
395
404
403
398
394
407
396
404
393
403
400
401
399
406
394
399
396
402
399
406
392
404
402
395
399
409
396
395
402
406
399
406
389
399
393
409
386
397
396
396
397
404
397
402
394
416
402
401
393
396
403
398
389
404
395
406
396
397
402
402
391
401
400
401
394
403
397
402
390
404
401
402
398
405
392
400
388
403
406
402
395
407
396
396
394
401
401
396
398
399
401
399
393
404
396
408
394
406
396
396
393
401
397
402
392
407
407
396
401
402
403
397
396
403
405
402
393
408
401
396
393
402
399
398
395
408
394
413
397
408
397
408
391
418
399
405
397
401
402
404
393
400
406
400
394
409
399
403
394
397
396
400
398
402
401
401
392
399
401
398
391
405
400
400
391
400
402
401
394
408
402
404
393
405
394
409
390
404
398
400
393
401
400
407
397
405
397
398
397
400
398
400
392
402
403
403
395
400
401
397
389
419
402
396
395
403
400
400
395
400
399
396
395
399
400
404
390
406
397
397
397
401
397
403
397
402
401
406
394
408
398
400
395
405
403
399
394
407
399
403
394
403
394
403
400
407
402
408
401
403
397
399
395
407
397
398
399
403
396
399
395
406
395
403
396
415
398
407
398
406
397
397
401
400
401
397
396
402
398
402
394
415
398
395
399
405
395
401
400
401
403
409
396
401
401
403
401
403
397
402
400
403
399
405
402
402
399
400
398
400
401
408
397
405
396
401
396
403
398
404
397
404
403
406
402
407
397
398
401
405
398
407
401
410
402
401
398
406
400
402
393
404
402
403
401
400
400
396
399
408
406
402
397
404
406
403
398
405
400
400
397
413
394
407
392
402
398
407
403
418
398
405
399
404
399
402
399
405
399
401
399
414
402
398
400
405
398
411
394
408
397
399
397
408
396
399
399
402
400
413
396
405
402
402
397
409
402
400
397
404
406
396
399
404
397
408
398
406
402
399
396
404
398
402
394
408
402
404
399
402
399
403
402
413
405
403
393
407
402
403
397
414
402
407
402
407
399
402
396
404
395
407
394
406
399
407
401
410
401
403
389
402
403
405
398
403
400
404
397
397
400
404
405
405
399
403
398
411
405
405
401
407
397
403
403
403
404
414
394
407
409
403
401
408
398
405
403
406
404
406
434
409
407
412
398
411
402
404
400
407
401
404
401
408
404
405
404
408
402
410
402
411
403
417
402
408
402
405
402
413
409
411
401
411
402
402
403
418
409
414
404
413
403
410
404
413
407
404
409
410
406
414
407
417
407
421
400
410
411
412
402
415
409
413
410
414
413
417
407
424
408
406
417
415
408
410
410
412
413
416
409
426
413
419
416
416
414
422
409
424
418
421
419
421
427
424
418
424
426
426
422
430
427
427
421
434
427
438
427
439
433
435
434
434
433
443
435
440
438
442
441
440
438
441
437
442
439
442
440
442
437
438
432
446
440
442
436
448
440
449
442
447
446
456
450
459
451
453
451
456
454
458
461
470
466
466
468
472
463
470
472
475
477
480
474
479
474
482
473
477
478
477
470
483
477
475
470
476
472
480
476
481
472
477
473
482
477
484
477
488
482
493
478
490
484
489
485
493
490
499
491
506
496
508
497
510
501
519
510
521
515
525
522
531
526
530
526
534
537
537
531
540
534
547
542
548
540
540
542
544
541
550
542
548
548
556
547
550
544
549
543
550
544
551
549
552
545
554
545
553
552
551
547
549
545
544
535
548
544
551
541
550
554
560
549
556
551
556
560
569
564
569
569
578
583
581
574
577
580
586
584
590
589
601
593
605
610
625
615
626
633
634
637
650
660
664
666
683
689
694
698
708
713
724
725
738
736
741
750
753
757
764
765
766
765
776
769
774
772
776
773
776
771
766
776
775
765
765
759
766
765
774
778
778
778
780
778
792
790
792
789
801
802
807
807
814
809
826
818
831
833
838
840
848
839
846
842
854
850
854
852
859
847
858
848
855
856
861
855
872
861
884
866
882
880
897
894
906
909
919
914
923
922
919
905
909
903
912
893
896
894
893
887
888
886
894
898
904
897
904
903
927
931
945
958
971
973
995
979
996
989
1000
985
997
983
976
959
950
937
925
916
903
899
883
867
870
856
855
847
850
846
854
856
867
858
876
883
905
903
920
932
950
952
969
978
993
1000
1011
1019
1017
1029
1043
1048
1052
1047
1074
1067
1077
1079
1101
1100
1120
1117
1132
1133
1142
1148
1159
1151
1160
1148
1131
1110
1104
1089
1089
1061
1055
1048
1037
1033
1035
1026
1032
1020
1039
1020
1040
1021
1040
1049
1068
1075
1091
1117
1140
1158
1196
1196
1222
1229
1236
1241
1241
1234
1241
1243
1252
1238
1243
1229
1241
1224
1229
1217
1216
1217
1222
1214
1216
1225
1237
1240
1256
1262
1278
1292
1298
1315
1335
1353
1363
1372
1397
1414
1439
1440
1471
1480
1501
1505
1519
1527
1549
1553
1570
1573
1591
1565
1568
1548
1541
1518
1513
1490
1469
1442
1430
1409
1389
1375
1369
1344
1336
1329
1333
1329
1341
1347
1366
1365
1391
1395
1417
1441
1448
1460
1467
1475
1483
1493
1507
1502
1508
1497
1490
1472
1467
1436
1418
1388
1381
1338
1317
1300
1294
1274
1260
1251
1265
1250
1261
1267
1271
1266
1265
1267
1268
1267
1287
1291
1309
1304
1312
1316
1332
1334
1373
1363
1389
1376
1398
1399
1406
1414
1431
1433
1440
1449
1468
1471
1472
1484
1480
1472
1477
1475
1486
1482
1477
1470
1470
1468
1467
1469
1459
1462
1452
1446
1446
1440
1460
1444
1452
1457
1452
1457
1466
1456
1467
1465
1465
1478
1498
1503
1521
1538
1552
1557
1584
1596
1630
1641
1667
1684
1699
1707
1730
1738
1752
1754
1759
1767
1753
1741
1737
1740
1755
1756
1759
1770
1771
1773
1787
1779
1807
1806
1812
1819
1841
1845
1854
1867
1864
1867
1869
1872
1891
1862
1879
1870
1856
1852
1848
1840
1842
1829
1838
1824
1829
1834
1847
1856
1875
1892
1895
1918
1910
1902
1904
1912
1920
1916
1929
1922
1936
1934
1959
1927
1935
1917
1945
1939
1935
1952
1981
1976
2002
2036
2039
2048
2082
2098
2113
2137
2158
2194
2222
2256
2277
2292
2317
2353
2378
2383
2393
2416
2403
2396
2381
2368
2360
2340
2343
2327
2349
2325
2338
2329
2343
2341
2345
2349
2341
2340
2323
2306
2295
2263
2258
2249
2233
2203
2187
2140
2119
2091
2069
2061
2048
2046
2039
2028
2014
1991
1963
1937
1920
1883
1871
1859
1865
1857
1856
1834
1859
1849
1878
1873
1902
1912
1948
1962
1983
2005
2025
2032
2049
2044
2060
2046
2035
2024
2023
2009
2001
1988
1988
1966
1968
1948
1962
1934
1931
1927
1926
1910
1910
1903
1915
1918
1931
1937
1958
1953
1959
1946
1949
1937
1935
1911
1909
1887
1879
1863
1850
1849
1846
1829
1840
1822
1828
1806
1809
1804
1811
1787
1805
1801
1808
1813
1831
1843
1875
1887
1911
1950
1948
1960
1978
1985
2001
1993
2002
1996
1981
1977
1975
1958
1983
1980
1995
1990
1989
1992
2003
1998
2023
2011
2028
2026
2056
2061
2093
2081
2099
2096
2105
2102
2094
2072
2053
2013
1989
1948
1901
1865
1858
1830
1823
1805
1796
1791
1797
1793
1808
1804
1814
1826
1845
1851
1865
1890
1908
1922
1944
1948
1960
1958
1950
1932
1918
1884
1880
1833
1827
1805
1787
1784
1814
1822
1850
1865
1916
1948
1978
2013
2054
2091
2121
2142
2161
2157
2176
2173
2205
2224
2227
2233
2237
2220
2236
2224
2231
2222
2222
2228
2239
2246
2260
2270
2287
2305
2331
2351
2378
2401
2431
2424
2442
2437
2429
2414
2390
2383
2360
2330
2299
2283
2255
2240
2237
2211
2240
2250
2264
2284
2291
2309
2317
2341
2376
2424
2480
2506
2549
2574
2601
2635
2655
2657
2661
2648
2641
2629
2632
2636
2611
2577
2569
2539
2516
2499
2477
2446
2433
2392
2383
2371
2374
2360
2357
2340
2332
2317
2311
2292
2277
2255
2224
2213
2216
2202
2207
2194
2193
2186
2196
2181
2196
2203
2204
2214
2225
2236
2242
2261
2279
2288
2307
2320
2312
2308
2314
2301
2311
2305
2295
2299
2285
2259
2254
2228
2235
2227
2224
2233
2223
2227
2255
2240
2256
2247
2260
2263
2240
2237
2233
2235
2237
2234
2255
2248
2243
2214
2219
2200
2177
2156
2133
2107
2075
2029
2009
1954
1926
1888
1859
1822
1788
1742
1721
1688
1682
1645
1648
1625
1630
1627
1625
1636
1659
1683
1710
1746
1781
1825
1883
1900
1954
1973
1991
2022
2041
2061
2083
2092
2114
2131
2173
2164
2190
2171
2195
2187
2188
2191
2190
2184
2169
2148
2138
2126
2115
2089
2083
2075
2080
2052
2048
2037
2041
2040
2051
2043
2052
2056
2060
2062
2090
2094
2129
2144
2156
2186
2219
2238
2258
2292
2302
2311
2311
2322
2320
2316
2320
2296
2301
2297
2295
2262
2270
2219
2215
2198
2191
2185
2188
2180
2176
2162
2164
2163
2183
2185
2189
2191
2195
2193
2223
2208
2225
2231
2239
2251
2256
2272
2275
2293
2303
2330
2326
2327
2349
2343
2340
2315
2317
2308
2305
2318
2311
2309
2318
2315
2329
2334
2354
2352
2346
2322
2307
2277
2257
2239
2242
2246
2259
2273
2304
2324
2361
2368
2395
2426
2466
2492
2519
2559
2582
2620
2656
2704
2733
2758
2786
2809
2846
2845
2868
2848
2841
2824
2801
2779
2768
2737
2747
2728
2733
2720
2708
2676
2672
2628
2615
2588
2565
2565
2557
2558
2558
2545
2550
2552
2563
2570
2608
2619
2653
2645
2672
2680
2684
2709
2724
2722
2739
2730
2710
2673
2627
2576
2523
2456
2409
2357
2320
2287
2272
2263
2254
2257
2271
2289
2304
2318
2357
2360
2391
2388
2402
2423
2440
2473
2517
2528
2567
2573
2601
2599
2611
2599
2608
2578
2563
2546
2552
2542
2549
2537
2554
2554
2566
2557
2585
2592
2596
2596
2610
2622
2631
2654
2665
2687
2705
2721
2737
2734
2721
2701
2683
2664
2669
2639
2657
2640
2620
2610
2578
2558
2555
2517
2497
2481
2471
2452
2432
2420
2398
2394
2384
2379
2378
2351
2328
2323
2283
2250
2233
2202
2206
2208
2190
2199
2210
2231
2257
2280
2296
2287
2291
2265
2257
2242
2225
2223
2210
2207
2209
2183
2179
2141
2112
2069
2046
2012
1988
1946
1920
1894
1871
1867
1879
1880
1900
1901
1936
1920
1937
1950
1925
1927
1944
1938
1950
1961
1977
1987
1987
1978
1973
1946
1936
1917
1907
1899
1881
1868
1850
1841
1809
1782
1753
1724
1685
1669
1650
1650
1652
1649
1649
1658
1676
1698
1753
1771
1811
1838
1904
1918
1948
1987
2040
2078
2129
2182
2238
2280
2333
2388
2439
2474
2514
2561
2584
2600
2615
2637
2642
2650
2659
2676
2699
2692
2691
2681
2670
2655
2650
2623
2600
2575
2550
2524
2512
2483
2474
2442
2423
2376
2334
2295
2266
2227
2208
2199
2209
2205
2235
2234
2248
2246
2269
2268
2300
2312
2340
2354
2384
2397
2429
2444
2468
2470
2466
2436
2426
2410
2391
2364
2350
2329
2317
2322
2340
2353
2344
2349
2340
2335
2347
2366
2406
2445
2506
2557
2636
2688
2747
2783
2837
2886
2910
2914
2916
2888
2858
2831
2809
2760
2744
2720
2704
2662
2637
2582
2566
2531
2504
2482
2476
2455
2456
2457
2483
2506
2558
2602
2661
2696
2737
2766
2811
2805
2831
2817
2819
2813
2769
2730
2713
2670
2661
2606
2583
2557
2520
2465
2450
2395
2372
2360
2343
2336
2341
2331
2345
2364
2382
2401
2434
2451
2480
2490
2532
2539
2561
2582
2624
2657
2696
2697
2743
2758
2806
2817
2836
2859
2879
2885
2913
2898
2909
2921
2937
2920
2910
2897
2903
2882
2891
2868
2867
2861
2844
2846
2834
2818
2807
2775
2757
2739
2727
2696
2686
2655
2650
2627
2616
2611
2600
2583
2580
2551
2544
2545
2545
2547
2554
2541
2544
2528
2537
2528
2541
2532
2537
2518
2515
2491
2477
2455
2455
2454
2433
2428
2426
2405
2401
2383
2388
2377
2367
2354
2366
2346
2328
2307
2307
2294
2297
2288
2301
2301
2310
2306
2349
2359
2381
2390
2411
2425
2459
2486
2506
2539
2569
2587
2627
2634
2653
2664
2679
2675
2689
2673
2675
2656
2635
2617
2582
2548
2526
2504
2522
2504
2517
2489
2485
2461
2479
2453
2466
2434
2436
2427
2400
2388
2357
2314
2295
2290
2278
2251
2266
2253
2265
2260
2287
2310
2346
2380
2425
2481
2534
2558
2589
2601
2645
2667
2715
2743
2751
2757
2746
2733
2714
2675
2676
2643
2610
2564
2522
2483
2441
2420
2387
2344
2331
2314
2323
2324
2324
2306
2302
2276
2268
2260
2273
2267
2267
2246
2259
2234
2249
2269
2296
2320
2358
2371
2392
2399
2392
2366
2345
2324
2297
2265
2247
2203
2161
2105
2069
2004
1992
1972
1975
1982
1997
2003
2056
2093
2149
2189
2259
2319
2367
2400
2455
2478
2511
2529
2551
2556
2539
2514
2518
2471
2431
2377
2331
2264
2216
2176
2147
2113
2108
2122
2125
2133
2144
2157
2207
2228
2290
2338
2389
2428
2476
2495
2536
2572
2619
2638
2677
2700
2694
2688
2712
2724
2713
2695
2694
2662
2645
2619
2599
2589
2569
2546
2548
2557
2546
2550
2556
2566
2588
2598
2631
2626
2638
2623
2643
2628
2632
2640
2650
2662
2676
2689
2723
2729
2747
2764
2794
2796
2805
2817
2846
2844
2861
2889
2921
2925
2956
2960
2977
2997
3008
3000
3038
3045
3055
3077
3083
3079
3080
3102
3115
3120
3112
3098
3105
3090
3089
3060
3049
3006
2968
2930
2901
2848
2813
2774
2735
2698
2661
2602
2591
2531
2492
2474
2458
2415
2401
2375
2378
2358
2334
2322
2315
2295
2286
2260
2246
2223
2188
2179
2189
2144
2152
2132
2141
2144
2146
2166
2193
2207
2208
2232
2259
2278
2288
2308
2355
2376
2402
2417
2435
2445
2436
2423
2435
2453
2450
2444
2431
2397
2397
2360
2332
2314
2300
2276
2269
2248
2230
2195
2195
2183
2176
2137
2136
2115
2090
2061
2040
2005
1978
1939
1923
1880
1856
1837
1836
1814
1813
1792
1788
1781
1769
1738
1718
1693
1661
1641
1628
1602
1584
1562
1584
1565
1563
1549
1541
1528
1521
1496
1507
1490
1474
1463
1471
1459
1464
1457
1471
1468
1470
1465
1469
1460
1463
1459
1460
1436
1433
1425
1435
1436
1429
1443
1468
1491
1492
1515
1555
1583
1604
1612
1645
1676
1698
1730
1772
1795
1831
1861
1912
1937
1963
1992
2010
2012
2029
2026
2047
2037
2041
2040
2048
2042
2052
2044
2067
2021
2009
1973
1967
1954
1949
1956
1969
1951
1945
1925
1921
1900
1890
1881
1860
1816
1785
1769
1789
1815
1821
1828
1840
1845
1845
1858
1878
1892
1920
1947
1982
2013
2038
2058
2091
2121
2118
2102
2113
2091
2078
2060
2044
2007
1989
1963
1952
1932
1918
1900
1935
1934
1948
1950
1966
1959
1967
1969
1983
2003
2033
2041
2065
2057
2061
2064
2080
2079
2058
2047
2041
2023
2041
2008
1999
1986
1983
1987
1988
1970
1965
1962
1947
1951
1946
1921
1935
1921
1938
1945
1954
1958
1976
1980
2018
2026
2040
2050
2076
2103
2135
2150
2185
2210
2239
2254
2265
2297
2293
2309
2335
2333
2334
2322
2357
2344
2351
2367
2383
2378
2372
2338
2341
2322
2331
2314
2313
2262
2267
2240
2230
2226
2212
2182
2179
2178
2164
2160
2179
2166
2225
2243
2272
2289
2306
2343
2373
2365
2375
2383
2407
2423
2430
2423
2408
2403
2398
2391
2402
2357
2328
2320
2310
2282
2261
2223
2201
2160
2154
2103
2084
2052
2036
2004
1992
1960
1921
1894
1865
1826
1810
1788
1765
1736
1712
1683
1664
1624
1596
1538
1494
1424
1373
1302
1261
1209
1170
1123
1091
1055
1039
1010
991
972
971
957
956
948
961
968
992
999
1033
1043
1079
1119
1150
1173
1200
1219
1247
1254
1284
1309
1334
1361
1407
1420
1445
1473
1503
1522
1544
1557
1583
1603
1605
1616
1648
1656
1680
1694
1726
1726
1749
1754
1785
1780
1786
1788
1812
1798
1818
1807
1816
1794
1806
1785
1789
1768
1769
1766
1757
1755
1749
1738
1716
1694
1681
1648
1630
1605
1576
1546
1523
1490
1447
1396
1362
1311
1269
1210
1190
1136
1107
1071
1062
1030
1023
990
982
978
954
946
951
952
958
973
996
1003
1035
1053
1090
1121
1154
1182
1231
1269
1306
1355
1402
1444
1487
1516
1561
1598
1611
1648
1687
1699
1720
1724
1758
1760
1764
1757
1778
1768
1779
1766
1783
1791
1793
1798
1811
1816
1818
1814
1839
1816
1845
1857
1873
1892
1922
1903
1930
1952
1955
1969
1989
1963
1974
1984
1986
1996
1995
1981
1980
1962
1971
1956
1956
1962
1958
1965
1971
1975
1984
1975
1993
1986
2001
2002
2010
2011
2018
2017
2001
1978
1972
1959
1955
1959
1974
1976
1978
1984
1996
1987
2004
1988
1996
1992
2009
2030
2023
2029
2040
2041
2071
2082
2091
2089
2095
2100
2101
2097
2083
2073
2073
2071
2059
2065
2064
2071
2079
2074
2096
2081
2079
2067
2078
2071
2079
2059
2067
2044
2040
2041
2045
2048
2066
2069
2079
2053
2071
2065
2084
2068
2059
2053
2049
2034
2024
1976
1993
1972
1948
1916
1908
1863
1850
1845
1855
1861
1877
1862
1858
1879
1880
1889
1917
1904
1911
1920
1947
1947
1954
1937
1953
1961
1969
1959
1970
1949
1939
1922
1915
1864
1836
1810
1801
1779
1768
1744
1748
1731
1726
1715
1725
1718
1723
1719
1732
1718
1724
1738
1758
1750
1764
1777
1787
1791
1792
1762
1782
1747
1737
1722
1719
1711
1687
1673
1662
1653
1641
1650
1631
1623
1619
1604
1599
1574
1567
1550
1553
1517
1524
1514
1523
1529
1515
1496
1492
1484
1483
1463
1473
1467
1470
1456
1475
1469
1460
1463
1475
1473
1466
1459
1453
1454
1456
1439
1449
1447
1464
1449
1447
1431
1413
1397
1407
1386
1396
1385
1392
1408
1402
1400
1410
1406
1392
1400
1410
1393
1404
1386
1395
1400
1413
1401
1404
1402
1417
1404
1415
1403
1423
1423
1423
1408
1393
1393
1383
1380
1377
1369
1388
1378
1371
1369
1385
1359
1361
1342
1344
1320
1312
1290
1288
1251
1265
1253
1263
1241
1239
1203
1194
1167
1166
1147
1148
1137
1130
1114
1122
1097
1101
1090
1109
1101
1108
1106
1118
1105
1113
1120
1121
1116
1136
1132
1161
1172
1188
1186
1198
1194
1194
1208
1213
1199
1200
1205
1200
1193
1187
1190
1211
1202
1224
1218
1231
1223
1225
1219
1220
1217
1219
1214
1214
1207
1202
1188
1202
1188
1190
1178
1187
1171
1175
1171
1174
1167
1166
1151
1165
1148
1160
1147
1157
1133
1142
1133
1147
1124
1113
1116
1116
1108
1100
1079
1090
1073
1082
1085
1096
1091
1090
1094
1108
1098
1111
1104
1120
1116
1130
1122
1145
1134
1139
1148
1149
1142
1140
1122
1132
1113
1112
1103
1102
1089
1100
1087
1088
1079
1074
1073
1088
1073
1066
1069
1073
1069
1068
1065
1069
1079
1081
1081
1083
1069
1067
1050
1050
1049
1055
1043
1047
1037
1041
1033
1041
1033
1033
1021
1046
1024
1028
1021
1045
1032
1054
1051
1060
1059
1072
1064
1083
1074
1092
1089
1088
1072
1013
760
360
362
362
362
362
363
362
362
1089
1049
361
362
361
0
0

