;UFOS3
;Measurement details: channel = D, date = 01.06.2018, time = 11:58:29
Exposure=304
Gain=0
Temperature=22.7
Accummulate=4
1.38 mu
1.384 amas
46.274 hs
0 ozone
0 uva
0 uvb
0 uve
[Value]
0
363
363
364
363
363
360
364
402
401
426
417
404
406
435
421
418
395
427
424
414
402
448
430
423
400
451
435
417
421
456
431
415
406
452
434
429
401
446
439
408
403
454
435
424
404
453
440
417
407
440
426
402
411
452
432
402
405
449
432
420
403
441
427
413
398
462
429
416
400
446
425
407
413
455
440
419
405
437
430
419
410
454
430
413
409
448
436
404
409
453
435
410
410
451
440
404
399
458
431
400
406
436
431
412
403
452
432
414
401
445
436
410
410
450
432
409
407
446
427
414
414
461
439
420
411
441
434
414
408
436
427
412
404
451
448
411
414
441
428
425
413
443
436
408
409
443
430
406
435
443
433
404
403
456
437
424
402
448
444
403
402
442
435
428
422
442
439
433
406
447
432
419
428
443
436
407
412
452
424
411
401
446
441
416
410
464
436
417
418
434
453
408
416
445
440
420
411
458
430
419
407
444
433
416
406
448
423
420
411
453
433
402
423
441
432
410
401
438
441
423
405
450
435
417
412
441
426
410
398
448
427
408
408
445
436
411
408
440
434
425
409
443
437
414
416
453
427
427
407
445
431
415
407
447
447
414
416
457
431
405
429
451
436
422
399
436
430
419
399
436
427
405
418
448
434
411
411
455
443
415
405
439
443
422
400
450
427
418
411
435
445
413
404
439
438
414
406
449
433
421
405
449
436
420
418
443
425
419
396
444
441
432
405
450
437
418
413
439
433
409
408
440
431
408
412
442
428
424
411
455
429
416
410
448
428
431
401
455
447
410
409
440
445
408
416
447
443
414
407
454
439
407
414
439
426
410
406
451
426
431
410
449
431
428
407
463
429
421
413
436
438
424
407
441
441
420
410
446
432
414
405
440
428
414
417
442
428
416
411
441
437
412
402
444
428
419
400
443
446
418
406
451
446
420
407
457
422
423
409
446
432
413
403
440
431
427
412
444
429
419
420
436
432
411
404
445
427
420
409
441
435
408
395
459
438
403
415
446
433
420
411
435
434
407
408
440
437
414
400
448
421
412
419
438
426
420
416
443
439
427
404
447
435
414
414
444
436
409
412
445
438
418
402
446
423
418
423
446
436
429
417
443
430
418
412
444
431
411
413
440
430
420
406
447
424
420
404
464
425
429
414
451
426
404
423
436
435
412
409
444
425
420
402
447
428
411
424
444
426
415
412
442
426
417
406
436
435
416
428
444
432
417
417
440
434
419
418
443
436
417
416
432
432
426
407
440
430
410
402
439
424
422
411
441
434
431
423
448
429
413
414
448
432
419
419
446
438
416
408
443
426
422
405
444
437
420
416
438
431
413
412
444
440
412
417
445
431
412
418
444
432
414
425
458
421
425
409
438
428
424
420
448
426
419
412
441
425
416
413
441
427
412
418
448
427
408
413
446
429
428
406
449
424
417
409
452
428
404
416
435
429
442
407
444
423
410
405
440
431
413
405
434
433
400
408
437
417
432
417
441
422
416
406
436
429
411
401
443
428
411
414
438
428
417
418
450
434
417
403
446
421
418
418
449
425
415
419
445
424
412
403
443
419
423
407
439
429
421
417
451
427
415
396
432
433
412
406
434
427
421
413
426
424
410
414
434
429
413
407
444
429
415
415
435
418
412
421
432
432
417
410
440
437
411
419
438
428
425
420
435
432
420
487
440
434
434
407
442
429
418
413
440
421
414
413
444
419
420
411
442
429
422
413
441
423
420
414
437
428
413
416
437
440
425
405
442
419
409
410
449
436
423
414
443
423
414
414
431
433
411
417
440
428
417
415
439
424
421
412
438
424
419
402
443
424
418
416
433
428
419
414
451
423
422
413
438
423
410
411
436
426
421
409
446
424
422
424
437
420
428
410
440
431
433
420
434
431
417
414
436
433
419
421
438
433
419
408
431
421
431
421
437
426
412
415
434
428
410
413
439
427
425
419
433
424
408
404
442
432
424
419
435
427
414
404
434
421
420
420
441
433
421
411
436
428
426
438
445
424
419
415
437
424
416
418
434
427
417
414
441
424
419
414
435
433
422
414
438
422
415
413
434
425
420
416
436
428
420
411
437
423
417
419
432
423
426
415
434
429
413
413
439
425
431
409
445
425
419
416
434
425
420
418
439
429
441
403
438
423
428
405
432
431
415
414
444
433
410
409
436
442
419
413
429
428
432
419
437
421
425
423
439
424
435
418
436
431
424
413
431
422
423
415
434
423
437
418
435
423
427
423
437
425
422
417
436
428
411
407
436
429
434
409
435
420
418
419
430
420
408
411
434
431
417
414
434
433
421
413
431
424
422
418
428
421
422
406
438
428
430
408
432
428
416
409
428
417
412
407
437
426
416
417
432
427
431
421
438
425
416
430
431
432
420
420
429
423
419
412
422
416
423
426
441
423
410
419
438
424
421
410
431
431
421
412
430
427
423
419
439
435
422
414
433
429
422
415
434
409
414
417
434
429
423
427
434
420
420
408
441
420
431
411
438
429
419
410
431
424
432
420
432
427
432
418
437
429
418
423
432
424
416
415
430
429
427
415
440
419
427
420
436
429
430
415
436
424
417
424
433
424
418
416
425
427
430
423
432
425
429
413
426
414
421
407
425
428
423
421
432
422
422
417
427
428
421
412
427
420
422
427
430
418
419
415
435
418
419
413
435
418
418
410
437
417
431
424
435
423
430
423
428
424
418
417
434
424
436
419
432
419
428
423
440
420
432
414
427
416
418
416
430
442
422
418
433
425
439
416
429
427
422
419
437
424
428
412
458
423
430
422
431
426
420
420
426
415
425
419
433
420
414
412
423
417
428
410
433
422
437
422
425
420
424
422
432
422
423
431
426
421
422
419
430
419
423
419
432
427
425
424
442
420
426
416
424
426
423
423
440
427
434
413
436
418
429
410
430
411
438
416
428
424
433
412
432
419
425
416
435
426
436
414
427
420
428
422
441
418
418
420
423
421
430
409
436
426
428
413
429
408
429
422
431
422
434
425
440
420
432
405
422
416
416
415
425
424
426
420
423
426
431
414
446
422
413
425
444
414
421
414
424
418
432
421
427
415
431
424
435
423
431
420
435
423
426
419
431
421
427
416
437
422
430
415
426
414
425
414
432
418
415
423
437
425
427
437
431
426
421
416
424
417
436
415
427
414
421
419
433
420
423
421
415
423
431
424
433
432
428
412
428
426
423
413
434
424
428
422
428
423
429
417
423
419
420
414
422
425
434
419
416
421
420
411
432
421
430
421
430
421
434
419
428
425
434
428
432
433
434
415
430
425
422
411
430
418
431
422
442
430
421
418
425
419
438
435
434
428
431
428
427
426
431
408
435
419
428
418
435
418
436
415
427
419
414
427
434
412
412
432
418
418
426
420
423
427
423
428
436
424
438
423
424
415
435
422
428
422
432
420
420
408
432
416
426
414
432
419
421
419
434
426
432
413
428
434
421
415
427
421
427
419
438
422
430
410
428
412
431
423
428
430
424
423
421
426
430
423
427
425
421
423
425
428
417
421
433
416
433
413
422
421
429
423
425
426
421
417
429
422
431
426
424
426
431
417
430
423
423
420
418
426
419
418
417
421
434
423
424
421
423
414
439
420
434
420
416
419
418
420
414
416
421
413
433
422
418
426
426
417
419
416
415
416
415
414
423
421
432
420
432
427
432
422
419
423
426
430
428
419
427
416
422
412
431
423
425
417
423
418
422
422
426
420
420
412
429
409
421
422
416
421
422
418
446
419
422
419
420
423
431
424
425
419
428
405
423
421
414
425
428
416
423
413
426
408
427
415
424
410
433
425
425
414
425
425
421
411
424
411
423
415
411
420
426
421
414
423
422
406
433
422
424
414
421
430
433
426
430
423
419
417
418
415
423
418
420
419
413
420
413
413
420
427
431
422
424
423
421
418
416
422
417
417
422
420
419
415
431
409
427
419
421
423
424
423
421
416
423
428
427
418
429
415
419
420
426
426
432
423
421
417
428
420
426
416
430
411
422
421
434
426
426
418
430
419
439
420
430
411
425
424
424
418
440
414
436
416
421
416
423
418
433
417
418
420
421
426
428
422
428
421
417
411
429
418
423
416
431
421
420
420
414
418
429
429
421
418
421
417
423
431
424
411
422
415
424
422
420
424
430
409
436
410
430
420
419
431
428
415
428
417
424
413
414
419
421
420
424
426
428
412
430
425
427
416
421
424
433
416
428
427
422
406
428
424
418
422
421
437
432
417
443
416
441
408
433
422
425
423
409
425
428
415
425
431
427
416
431
426
421
420
423
425
426
424
424
414
428
419
436
417
412
411
431
420
429
417
424
426
424
425
423
428
441
417
428
425
425
413
435
420
423
418
423
418
430
421
438
413
426
423
430
423
423
416
428
428
421
414
425
419
418
411
420
422
428
421
423
419
424
412
429
418
434
415
428
423
419
427
429
425
434
413
422
433
426
417
431
416
428
414
420
419
428
415
427
433
418
423
433
430
422
419
430
438
425
411
438
420
422
420
424
430
428
413
426
420
426
422
435
427
432
414
438
422
431
420
423
422
423
419
431
426
422
418
429
433
426
420
430
427
428
412
431
419
421
416
429
423
428
422
427
423
420
426
429
427
430
413
422
426
436
431
431
416
429
419
433
420
413
423
431
420
416
408
421
416
429
410
444
416
427
414
430
429
440
410
427
424
424
420
427
424
422
420
418
426
415
410
425
421
418
415
427
417
419
413
428
421
432
417
432
430
422
416
428
425
435
413
446
426
421
433
434
423
421
419
429
432
425
420
430
428
423
410
432
427
432
423
433
426
423
420
420
424
433
413
433
421
419
419
436
427
425
420
439
422
426
414
432
423
423
418
430
416
413
432
431
429
421
418
432
425
421
411
430
422
427
411
433
423
433
431
423
416
417
420
439
423
436
421
428
428
425
417
428
426
423
425
425
422
430
409
432
432
431
410
429
427
425
421
435
421
419
414
426
426
422
411
430
431
424
412
435
424
426
413
443
430
420
420
436
431
422
416
437
425
429
408
428
433
414
417
433
425
417
419
433
420
428
412
422
422
423
416
430
436
416
417
429
426
429
414
427
424
415
422
434
413
419
411
435
419
417
416
436
434
425
421
437
432
416
411
432
419
418
417
430
420
420
414
432
428
414
420
434
428
422
416
434
429
424
413
439
427
418
423
441
429
430
420
436
425
420
420
436
436
424
423
436
431
432
415
433
430
432
418
427
428
418
416
438
438
426
417
426
429
420
428
435
433
433
422
436
433
430
413
432
428
424
421
436
438
418
419
440
428
428
424
430
429
415
413
429
434
424
409
438
430
424
413
436
426
419
420
430
423
427
417
437
425
424
413
443
421
424
406
432
434
416
420
438
432
435
409
436
435
420
414
433
428
423
415
435
425
415
411
438
427
422
412
434
423
428
412
448
425
420
413
434
428
425
407
431
429
431
422
426
434
423
412
446
433
415
414
437
433
424
418
434
427
419
408
433
430
416
422
431
428
425
411
443
425
427
409
441
423
422
414
431
433
420
416
444
436
434
412
430
424
417
415
436
436
430
418
436
430
434
421
435
428
419
415
429
430
425
416
435
431
414
415
441
436
419
413
438
434
419
412
440
429
436
407
440
424
418
415
450
429
429
421
429
430
425
419
432
437
424
415
442
427
418
418
440
433
411
408
430
431
411
415
443
428
425
413
441
432
432
411
433
419
441
407
445
422
411
415
434
432
416
409
436
440
427
412
440
433
427
415
437
431
431
414
441
427
421
421
438
432
423
413
438
439
407
413
434
442
417
414
455
435
424
419
436
430
418
420
432
441
424
412
431
433
420
411
444
428
419
418
441
430
424
422
439
434
423
413
442
420
428
428
447
435
434
421
433
435
420
411
445
434
430
421
450
435
419
420
435
429
417
408
452
436
422
419
450
457
420
415
443
424
420
416
436
443
422
421
445
442
417
417
440
428
425
426
442
439
420
427
439
436
419
427
438
432
431
416
433
430
421
413
439
444
411
410
438
435
418
413
444
440
419
418
439
422
422
404
432
436
417
421
435
434
426
413
441
438
427
416
444
436
418
412
436
435
419
410
441
434
413
417
446
434
422
410
437
433
424
418
431
425
426
419
436
429
429
414
441
440
419
409
439
446
421
429
448
430
427
422
452
438
422
416
440
436
421
419
449
427
423
409
452
425
421
419
426
430
419
410
441
424
403
432
448
434
417
420
435
439
413
414
437
428
422
422
443
441
410
414
453
430
421
417
446
425
420
417
439
438
414
422
443
436
418
409
437
434
414
413
444
436
429
415
445
446
419
420
446
430
423
420
452
429
419
411
445
430
422
411
442
436
427
409
436
437
426
403
442
439
426
428
454
435
425
412
441
431
419
411
438
430
420
415
445
433
415
412
442
424
422
418
440
433
422
414
438
429
418
408
443
433
422
422
442
430
413
416
443
425
420
420
440
424
419
419
441
437
422
408
442
437
426
410
443
442
411
409
443
428
427
413
435
435
416
417
439
437
410
412
445
426
424
420
453
431
419
410
456
433
418
420
432
433
422
411
447
428
423
411
439
439
411
430
444
439
416
415
430
436
415
427
437
436
416
406
446
431
416
413
447
436
432
410
436
441
425
410
430
435
422
420
441
456
423
410
426
430
429
418
434
429
416
408
432
435
418
412
439
439
417
407
439
427
416
416
435
438
419
420
437
430
412
413
440
451
422
420
431
430
422
412
434
431
409
426
435
421
426
422
436
430
427
414
439
428
415
409
440
428
421
406
434
438
423
411
429
426
417
408
427
429
421
414
438
437
418
412
433
432
428
412
431
428
414
412
439
444
416
416
435
428
424
410
446
424
434
414
441
439
427
413
431
429
415
413
443
422
416
412
437
431
420
417
446
424
426
416
449
428
423
428
431
434
424
414
447
426
421
418
443
428
419
411
431
435
418
419
446
425
425
412
431
431
411
408
426
424
425
427
439
427
420
415
433
431
416
413
442
431
423
413
438
430
419
415
438
431
425
415
431
429
419
427
435
429
416
417
424
423
420
404
435
432
420
420
439
421
423
417
432
433
411
413
437
441
415
411
432
417
417
413
435
429
417
410
435
437
419
428
443
426
418
410
441
427
419
419
445
428
424
416
440
426
423
424
435
426
421
424
428
427
417
417
432
426
417
414
446
426
416
416
443
436
419
412
453
439
427
419
448
432
429
416
434
429
436
412
434
443
415
415
425
431
413
416
438
425
428
419
437
434
421
409
444
432
421
411
436
441
421
413
440
434
416
421
441
438
425
410
443
434
421
404
420
435
424
407
436
438
413
413
430
425
427
417
446
422
422
405
443
427
419
411
431
427
429
413
432
418
409
416
419
423
425
424
435
422
427
418
434
422
415
411
439
425
424
425
434
434
429
418
433
424
432
423
433
431
432
426
434
432
424
426
430
440
427
425
436
437
422
413
444
448
429
417
439
440
427
413
442
423
422
431
444
442
424
413
437
440
433
417
426
422
431
423
443
436
415
420
434
437
419
408
431
436
416
417
432
434
425
419
436
421
421
411
432
427
423
409
441
435
427
404
428
426
420
405
445
434
416
417
454
434
433
419
432
435
414
424
441
426
421
410
431
433
423
410
432
438
428
420
451
425
425
409
439
426
421
410
436
432
417
417
436
444
424
412
428
432
420
412
439
426
426
416
442
425
414
412
423
421
428
407
451
424
419
414
437
436
416
412
434
431
418
429
439
424
413
412
433
429
421
412
439
421
420
412
435
457
418
418
439
428
430
427
444
429
425
414
431
433
414
409
430
444
424
419
424
436
428
423
436
429
432
416
434
429
417
423
443
435
418
422
434
445
417
413
434
438
425
408
436
428
424
415
433
432
425
423
433
433
422
417
438
430
424
415
432
439
409
421
432
424
426
411
444
432
422
407
439
427
424
416
433
423
420
415
438
430
430
425
434
427
432
413
429
423
427
413
433
437
416
408
434
438
422
413
428
437
421
417
432
430
420
426
440
439
432
409
437
444
419
426
439
425
412
412
446
429
417
416
440
441
418
412
434
437
431
417
440
434
417
415
440
441
427
422
448
434
429
420
435
435
430
411
432
423
417
423
442
425
431
416
433
427
423
418
440
433
418
413
451
433
419
427
441
436
420
408
438
427
417
423
442
436
411
420
437
428
421
413
432
430
421
418
437
433
417
427
437
429
421
409
434
428
430
415
429
425
418
413
443
436
414
415
447
425
416
422
431
425
416
423
427
439
430
427
430
428
415
412
422
430
422
422
442
428
431
412
438
422
427
415
447
430
411
410
438
434
433
422
432
434
415
412
448
431
436
418
425
423
421
425
362
362
362
363
362
362
362
362
441
419
361
362
362
0
0

