;UFOS3
;Measurement details: channel = S, date = 01.06.2018, time = 11:58:18
Exposure=304
Gain=0
Temperature=22.8
Accummulate=4
1.379 mu
1.383 amas
46.289 hs
0 ozone
0 uva
0 uvb
0 uve
[Value]
0
364
362
362
364
363
362
363
401
401
428
418
403
406
434
420
418
396
425
427
411
401
450
432
426
405
455
437
420
421
458
431
416
408
457
436
431
401
445
438
408
401
457
437
427
403
452
443
417
406
438
428
407
410
454
434
404
408
452
435
423
403
440
431
415
401
464
430
418
400
451
427
409
416
458
437
415
407
439
432
420
411
455
431
414
409
451
438
405
409
453
436
410
413
453
441
404
399
457
431
403
407
438
433
413
408
451
431
414
400
449
436
412
413
449
435
412
409
447
430
417
415
463
442
421
414
442
439
413
408
435
429
411
404
453
453
411
415
446
428
426
416
446
437
412
409
447
432
405
435
447
435
407
403
460
436
429
405
451
447
404
405
445
436
428
423
445
440
434
408
450
433
418
430
445
438
410
415
455
425
412
403
447
439
420
411
466
436
421
419
438
458
409
415
447
441
418
414
461
433
421
410
444
435
417
407
447
427
421
412
452
437
404
424
443
434
413
401
440
445
426
404
452
438
419
412
444
429
413
400
448
427
411
410
447
438
413
410
444
437
428
410
445
439
414
416
455
429
427
409
445
433
417
407
448
446
414
419
463
433
407
431
452
437
422
398
440
431
422
400
438
429
409
420
450
440
415
413
458
443
417
408
442
445
420
401
453
427
417
411
440
447
418
406
442
437
414
411
454
433
424
405
450
435
423
420
443
430
420
397
448
440
433
408
454
438
419
414
444
434
408
412
440
433
411
414
446
429
426
413
458
434
419
412
449
431
432
403
458
446
414
410
443
445
412
419
449
444
418
410
457
439
410
417
439
427
410
410
452
429
434
414
451
433
431
409
466
432
425
416
440
437
426
409
441
443
420
415
450
433
419
405
442
432
414
418
443
429
417
410
443
439
413
403
448
432
419
404
446
448
419
409
456
447
422
411
459
424
421
412
450
433
416
403
439
435
431
414
446
430
419
422
438
435
412
408
448
430
424
410
443
435
409
397
462
438
407
418
448
436
422
413
436
440
409
411
443
439
422
403
450
427
416
423
443
428
423
417
444
442
432
407
452
433
419
417
446
438
412
415
447
439
421
404
448
428
421
424
451
435
434
419
448
428
421
414
447
430
415
416
444
432
425
410
453
428
423
409
467
426
430
418
453
429
408
425
437
439
416
410
447
428
423
406
451
432
417
428
446
431
419
416
446
429
421
407
438
437
419
433
449
430
421
418
444
435
424
420
446
439
422
420
435
435
429
411
443
434
414
405
443
430
425
414
442
439
434
424
452
433
414
416
450
431
420
420
452
439
419
412
445
431
424
408
447
441
424
419
442
433
418
414
446
440
416
419
449
435
415
423
449
436
419
429
458
425
430
410
443
431
426
426
453
430
424
417
443
428
418
417
447
430
415
422
453
434
409
417
450
431
430
412
453
427
421
411
457
432
410
420
441
432
445
410
448
427
416
407
444
436
414
409
440
436
405
411
443
420
437
420
445
424
420
411
441
435
414
403
444
432
415
420
444
431
422
422
452
437
420
405
451
426
423
421
452
428
419
424
451
426
416
409
446
422
427
412
443
432
426
421
458
429
421
398
437
437
417
411
440
431
428
416
431
429
418
419
437
433
418
411
448
436
420
421
441
422
419
426
439
442
421
414
448
440
418
422
444
435
432
425
440
438
424
492
446
441
440
415
445
437
425
422
444
426
417
419
450
425
426
418
452
437
428
418
447
428
428
421
446
434
420
423
446
446
430
410
449
432
416
417
456
442
432
420
449
429
422
420
441
441
422
426
447
435
426
424
447
434
429
421
449
432
428
411
452
433
426
427
441
441
430
425
463
437
434
426
452
436
423
423
451
441
433
425
462
441
438
439
454
439
445
427
454
447
455
435
451
452
435
435
453
449
439
436
458
451
434
426
449
440
451
441
457
445
435
434
454
449
436
436
462
451
449
446
458
449
437
434
470
459
451
451
462
455
444
434
463
449
453
448
473
461
449
441
469
461
455
468
476
456
450
445
467
455
448
451
468
462
450
450
476
457
456
449
471
469
458
451
474
458
454
451
476
469
461
458
481
472
466
457
485
471
467
468
485
476
477
467
489
483
469
468
496
480
489
466
501
483
481
475
493
491
479
480
498
488
500
464
501
485
494
470
501
497
481
481
512
499
474
478
507
513
490
479
500
497
506
486
510
494
496
493
506
493
502
486
506
500
495
483
504
491
494
488
507
493
509
493
510
494
502
495
510
501
501
495
516
509
498
491
528
520
529
507
538
525
529
533
552
545
539
541
570
574
565
558
588
591
578
571
596
585
585
585
600
593
595
576
613
602
604
579
601
600
581
571
590
581
578
568
601
584
578
578
598
597
600
590
614
601
598
613
613
620
612
614
631
625
625
621
629
639
644
645
666
651
636
648
668
651
651
636
654
659
649
639
661
654
648
651
667
657
649
641
665
657
652
647
667
648
656
660
682
679
678
681
688
677
672
660
694
670
684
657
688
676
661
652
678
666
674
664
679
669
679
663
690
685
679
688
702
700
699
698
720
721
711
697
724
697
704
696
709
694
687
672
687
666
662
663
671
651
648
645
658
662
669
660
674
664
677
663
687
681
696
685
715
726
719
729
739
744
748
749
770
779
774
773
796
790
802
812
824
816
823
818
842
832
831
833
854
833
838
832
865
832
842
824
831
808
803
788
787
774
767
765
773
756
773
750
762
752
766
765
788
774
789
788
816
815
827
836
862
889
878
879
899
894
913
882
900
900
891
887
909
896
903
883
928
891
900
888
894
895
889
892
897
899
913
913
943
939
940
950
969
968
994
981
1019
1017
1045
1044
1054
1065
1075
1077
1093
1091
1100
1114
1118
1114
1112
1105
1117
1099
1104
1080
1094
1074
1054
1051
1056
1028
1021
1004
1014
1010
1002
999
1017
1007
1022
1009
1038
1025
1043
1036
1070
1057
1089
1073
1087
1081
1088
1068
1089
1080
1075
1061
1074
1066
1059
1032
1037
1017
1006
989
1003
970
958
957
955
954
962
948
981
972
982
967
986
966
1000
995
1014
1005
1027
1018
1042
1026
1045
1020
1044
1040
1036
1038
1050
1055
1061
1053
1055
1070
1085
1070
1106
1091
1095
1107
1129
1121
1130
1129
1149
1144
1157
1134
1145
1129
1140
1127
1139
1124
1127
1115
1129
1114
1115
1111
1131
1116
1135
1109
1130
1120
1126
1128
1144
1141
1158
1154
1185
1187
1193
1213
1243
1246
1266
1301
1290
1305
1320
1324
1354
1363
1399
1386
1409
1393
1407
1403
1429
1417
1425
1427
1415
1415
1410
1410
1418
1413
1414
1402
1426
1421
1413
1389
1413
1408
1414
1414
1426
1417
1427
1408
1416
1404
1404
1387
1391
1390
1405
1377
1372
1376
1366
1369
1391
1386
1405
1400
1413
1410
1422
1413
1430
1435
1448
1441
1445
1452
1457
1433
1442
1431
1419
1407
1432
1423
1437
1436
1470
1469
1482
1501
1531
1543
1586
1602
1630
1651
1681
1702
1727
1743
1784
1790
1834
1842
1877
1884
1919
1906
1930
1915
1934
1929
1946
1965
1992
1965
1968
1988
1967
1950
1950
1938
1933
1930
1918
1900
1896
1865
1847
1808
1791
1764
1763
1736
1723
1692
1678
1646
1631
1600
1614
1583
1581
1554
1579
1554
1567
1568
1587
1588
1613
1604
1621
1633
1627
1620
1645
1651
1662
1666
1687
1666
1679
1646
1670
1651
1669
1654
1650
1643
1624
1610
1600
1593
1574
1549
1535
1508
1485
1471
1465
1469
1458
1454
1473
1449
1472
1456
1471
1494
1519
1526
1552
1568
1580
1573
1598
1587
1592
1581
1571
1555
1547
1516
1511
1504
1481
1474
1476
1469
1456
1440
1437
1440
1448
1435
1432
1427
1430
1424
1465
1454
1487
1489
1502
1524
1539
1556
1560
1577
1597
1592
1615
1599
1590
1592
1590
1573
1583
1583
1593
1592
1594
1594
1604
1606
1614
1618
1624
1624
1639
1640
1653
1663
1687
1705
1723
1720
1741
1705
1706
1669
1667
1635
1592
1563
1536
1510
1506
1490
1483
1466
1456
1449
1470
1439
1456
1467
1470
1472
1482
1502
1550
1524
1538
1532
1538
1539
1563
1551
1541
1522
1510
1476
1483
1472
1458
1467
1471
1472
1495
1508
1543
1547
1604
1618
1655
1665
1697
1707
1717
1705
1741
1731
1742
1744
1766
1755
1775
1754
1747
1747
1745
1726
1717
1727
1721
1728
1758
1747
1773
1771
1795
1823
1863
1880
1902
1918
1918
1925
1932
1927
1935
1920
1918
1906
1877
1884
1874
1862
1860
1871
1871
1874
1880
1887
1885
1881
1881
1896
1907
1921
1958
1982
1999
2015
2054
2040
2081
2080
2090
2080
2077
2069
2052
2044
2025
2015
1980
1944
1941
1899
1894
1881
1870
1861
1853
1841
1850
1847
1856
1853
1873
1848
1864
1832
1836
1813
1816
1793
1777
1777
1782
1775
1782
1756
1759
1737
1755
1747
1765
1759
1790
1766
1797
1785
1804
1803
1821
1828
1840
1831
1816
1825
1832
1827
1833
1816
1815
1801
1791
1758
1783
1749
1761
1752
1781
1765
1766
1778
1781
1797
1806
1802
1784
1785
1774
1777
1775
1790
1787
1769
1778
1764
1769
1758
1744
1732
1719
1678
1686
1641
1633
1597
1569
1558
1539
1500
1501
1459
1442
1394
1381
1373
1359
1350
1346
1342
1347
1327
1349
1352
1366
1375
1404
1439
1480
1476
1531
1553
1560
1549
1597
1597
1596
1599
1609
1632
1634
1632
1666
1644
1687
1649
1674
1659
1664
1671
1650
1657
1652
1640
1645
1645
1645
1634
1635
1628
1617
1619
1615
1607
1628
1622
1629
1617
1637
1627
1655
1639
1657
1666
1703
1707
1740
1753
1774
1797
1817
1826
1826
1842
1858
1823
1836
1827
1832
1802
1823
1798
1793
1762
1742
1717
1724
1706
1715
1685
1691
1678
1679
1679
1691
1689
1715
1725
1735
1737
1759
1766
1786
1787
1815
1828
1839
1855
1866
1866
1891
1881
1918
1907
1933
1902
1926
1921
1897
1904
1903
1890
1901
1868
1867
1862
1840
1819
1826
1802
1801
1775
1762
1746
1744
1725
1723
1729
1724
1747
1777
1808
1827
1844
1882
1910
1922
1934
1993
2000
2016
2037
2078
2107
2132
2140
2189
2213
2249
2258
2290
2285
2291
2256
2258
2235
2231
2196
2186
2159
2143
2127
2120
2098
2078
2056
2054
2038
2022
1988
1988
1985
1984
1961
1977
1968
1979
1983
2000
2015
2044
2046
2067
2049
2025
2025
2029
2029
2048
2038
2045
2046
2051
2035
2014
1964
1940
1894
1883
1841
1812
1811
1801
1793
1788
1781
1815
1797
1828
1831
1883
1864
1897
1898
1928
1962
1994
1992
2033
2048
2064
2064
2070
2071
2058
2047
2036
2031
2013
2019
2042
2056
2062
2056
2082
2080
2097
2093
2110
2111
2121
2094
2116
2107
2104
2084
2112
2098
2117
2098
2113
2083
2071
2059
2056
2047
2050
2039
2045
2037
2016
2011
2018
2014
2002
1985
2012
1997
1992
1970
1986
1983
1988
1986
1991
1999
2024
1991
1995
1977
1956
1950
1959
1936
1925
1908
1935
1905
1910
1902
1921
1903
1919
1891
1887
1855
1825
1831
1817
1789
1778
1757
1768
1742
1724
1689
1676
1636
1609
1556
1554
1516
1505
1492
1476
1467
1483
1497
1532
1533
1558
1557
1575
1592
1608
1614
1646
1674
1677
1700
1725
1725
1728
1705
1722
1699
1673
1637
1633
1618
1608
1582
1582
1549
1527
1493
1484
1454
1425
1394
1406
1402
1383
1372
1397
1390
1412
1411
1470
1491
1505
1534
1591
1608
1629
1649
1718
1742
1800
1817
1885
1933
1963
1996
2041
2065
2077
2107
2157
2158
2189
2174
2213
2226
2258
2244
2276
2284
2272
2274
2286
2283
2267
2237
2240
2217
2189
2180
2181
2152
2149
2128
2135
2089
2054
2018
2013
1983
1947
1938
1953
1944
1933
1927
1949
1939
1939
1943
1965
1962
1978
1976
2016
2024
2030
2049
2082
2070
2075
2049
2044
2025
1997
1976
1982
1965
1964
1985
2017
2014
2030
2021
2053
2042
2053
2070
2128
2171
2202
2254
2340
2391
2452
2474
2518
2545
2562
2547
2555
2528
2487
2460
2453
2432
2394
2371
2355
2323
2294
2270
2243
2214
2179
2148
2147
2140
2136
2113
2151
2166
2199
2231
2290
2337
2341
2363
2418
2416
2434
2431
2447
2443
2411
2398
2412
2404
2390
2368
2392
2367
2341
2298
2295
2258
2236
2226
2213
2194
2196
2172
2198
2190
2209
2194
2261
2241
2277
2270
2302
2302
2277
2275
2293
2302
2322
2310
2344
2373
2378
2389
2416
2422
2417
2432
2468
2456
2458
2472
2516
2516
2531
2523
2550
2540
2543
2518
2549
2498
2478
2468
2483
2457
2455
2422
2426
2411
2389
2355
2348
2363
2354
2348
2390
2375
2370
2365
2400
2378
2382
2373
2408
2400
2390
2377
2411
2404
2373
2398
2394
2390
2364
2333
2333
2294
2273
2243
2259
2209
2195
2155
2159
2145
2107
2092
2109
2088
2084
2058
2073
2050
2039
2036
2060
2065
2066
2052
2080
2079
2098
2114
2143
2155
2164
2177
2199
2216
2226
2237
2283
2286
2293
2308
2342
2346
2349
2345
2387
2379
2364
2363
2391
2376
2389
2363
2391
2388
2387
2395
2455
2443
2455
2439
2447
2438
2433
2403
2406
2386
2356
2330
2327
2282
2233
2201
2198
2166
2129
2096
2105
2092
2058
2062
2090
2069
2077
2077
2142
2164
2206
2210
2258
2261
2344
2355
2417
2436
2470
2511
2528
2529
2499
2465
2464
2441
2388
2328
2316
2275
2217
2156
2159
2113
2110
2075
2102
2093
2107
2102
2113
2096
2089
2109
2168
2218
2232
2270
2326
2358
2363
2378
2432
2439
2416
2404
2401
2369
2323
2300
2264
2227
2167
2132
2122
2073
2013
1952
1934
1877
1820
1785
1786
1775
1745
1732
1762
1765
1772
1810
1880
1904
1968
2010
2091
2129
2161
2179
2207
2219
2202
2196
2210
2177
2125
2047
2028
1949
1882
1856
1860
1844
1845
1837
1916
1934
1959
1998
2086
2152
2195
2257
2356
2405
2468
2515
2589
2633
2643
2667
2699
2693
2660
2654
2663
2627
2615
2589
2568
2542
2478
2447
2413
2381
2324
2293
2288
2248
2240
2237
2263
2269
2255
2227
2254
2257
2240
2237
2263
2267
2247
2253
2307
2325
2329
2341
2381
2390
2403
2411
2461
2502
2499
2519
2579
2601
2607
2593
2623
2635
2628
2657
2718
2725
2724
2734
2770
2776
2767
2765
2824
2822
2806
2814
2868
2873
2861
2847
2839
2811
2775
2744
2729
2689
2664
2627
2604
2557
2511
2457
2454
2438
2377
2343
2344
2317
2267
2258
2245
2208
2190
2165
2196
2171
2152
2120
2138
2107
2073
2056
2056
2018
1983
1954
1984
1946
1936
1939
1945
1962
1974
1963
2027
2024
2026
2074
2111
2134
2134
2151
2192
2218
2203
2215
2263
2269
2273
2262
2292
2292
2268
2263
2300
2268
2264
2232
2256
2209
2182
2164
2163
2138
2085
2062
2045
2019
1969
1938
1958
1938
1893
1864
1864
1824
1765
1720
1730
1725
1678
1685
1700
1667
1658
1632
1658
1615
1600
1563
1579
1543
1510
1483
1497
1498
1485
1459
1495
1494
1481
1460
1486
1472
1442
1428
1444
1415
1393
1369
1400
1383
1371
1366
1393
1388
1384
1378
1412
1392
1360
1355
1374
1359
1340
1325
1359
1357
1363
1366
1414
1426
1448
1452
1524
1547
1556
1584
1633
1651
1667
1702
1777
1796
1832
1859
1916
1926
1937
1962
1994
1978
1983
1968
2001
2008
1993
1979
2014
2006
1976
1965
1997
1974
1972
1945
1950
1940
1893
1887
1899
1888
1842
1834
1844
1800
1775
1744
1763
1727
1714
1709
1769
1750
1755
1771
1808
1828
1840
1849
1911
1898
1909
1900
1948
1978
1976
2032
2063
2074
2056
2039
2067
2039
2005
1983
1961
1922
1868
1832
1890
1902
1893
1894
1924
1920
1915
1893
1918
1922
1907
1907
1946
1965
1964
1985
2021
2049
2020
2000
2019
2015
1987
1961
1983
1968
1958
1931
1933
1906
1888
1865
1918
1906
1896
1878
1912
1878
1860
1859
1879
1896
1921
1941
1984
1978
1981
1997
2052
2077
2058
2082
2127
2160
2181
2190
2238
2253
2261
2297
2341
2341
2363
2344
2354
2360
2331
2326
2358
2333
2333
2313
2331
2317
2307
2277
2303
2282
2253
2214
2212
2186
2196
2174
2186
2186
2164
2180
2195
2198
2173
2176
2205
2205
2208
2215
2271
2290
2308
2327
2373
2400
2391
2399
2431
2427
2426
2423
2445
2400
2412
2379
2378
2371
2331
2275
2255
2213
2158
2126
2130
2085
2084
2059
2066
2039
2014
2004
2012
1973
1955
1907
1932
1891
1854
1824
1797
1777
1731
1700
1693
1628
1583
1550
1525
1456
1401
1341
1313
1262
1200
1149
1139
1082
1056
1017
1014
994
968
962
975
977
990
1006
1038
1055
1079
1108
1159
1199
1219
1239
1287
1281
1296
1291
1328
1347
1358
1393
1441
1461
1493
1507
1545
1571
1583
1625
1645
1660
1668
1691
1724
1745
1754
1756
1802
1810
1817
1817
1828
1809
1801
1776
1790
1790
1768
1785
1816
1809
1793
1796
1816
1804
1803
1800
1818
1794
1769
1741
1752
1742
1693
1673
1662
1613
1578
1544
1546
1499
1453
1427
1405
1347
1308
1240
1233
1176
1142
1101
1090
1049
1029
1024
1009
1005
983
984
997
998
1000
1008
1067
1068
1090
1124
1189
1217
1240
1256
1319
1351
1365
1379
1441
1468
1501
1534
1606
1639
1690
1698
1756
1785
1778
1784
1824
1845
1831
1856
1887
1884
1894
1888
1900
1908
1889
1876
1916
1911
1903
1907
1949
1970
1955
1955
1999
1998
1981
2007
2045
2031
2021
2006
2046
2028
2018
1990
1991
1996
1966
1927
1956
1976
1965
1960
1992
1984
1980
1974
2016
1982
2002
2007
2057
2054
2061
2043
2073
2062
2065
2052
2069
2046
2029
2049
2046
2048
2050
2041
2048
2039
2037
2030
2045
2041
2040
2023
2059
2064
2067
2079
2099
2119
2125
2117
2139
2131
2139
2134
2130
2108
2098
2085
2091
2104
2100
2130
2138
2151
2148
2138
2167
2155
2137
2118
2153
2154
2143
2130
2149
2149
2142
2129
2157
2130
2132
2147
2151
2147
2120
2103
2109
2105
2078
2058
2057
2035
2030
2008
2024
1991
1961
1945
1953
1943
1913
1878
1900
1888
1866
1871
1893
1915
1912
1933
1956
1949
1964
1955
2001
2003
2008
2004
2044
2041
2011
1990
2004
1972
1932
1877
1878
1829
1771
1771
1802
1776
1770
1747
1756
1759
1739
1750
1769
1738
1730
1710
1758
1757
1760
1737
1775
1802
1789
1784
1832
1794
1785
1772
1786
1755
1739
1715
1736
1714
1679
1670
1689
1692
1660
1646
1654
1644
1627
1602
1608
1591
1573
1561
1581
1551
1528
1529
1534
1528
1527
1498
1544
1509
1500
1491
1526
1516
1493
1486
1513
1508
1493
1508
1520
1498
1485
1488
1500
1490
1474
1463
1489
1452
1437
1425
1442
1451
1406
1390
1410
1395
1391
1380
1402
1387
1388
1372
1387
1384
1365
1361
1384
1395
1372
1365
1363
1383
1381
1372
1388
1387
1406
1398
1418
1419
1395
1403
1425
1423
1393
1406
1415
1430
1397
1402
1410
1430
1408
1378
1405
1385
1377
1346
1361
1353
1332
1314
1306
1291
1285
1271
1277
1259
1241
1218
1214
1210
1153
1148
1146
1129
1124
1093
1125
1115
1096
1083
1119
1107
1107
1100
1132
1123
1123
1111
1145
1133
1142
1158
1185
1185
1194
1171
1191
1183
1201
1194
1221
1223
1205
1202
1236
1234
1213
1199
1225
1240
1221
1212
1231
1221
1199
1208
1212
1203
1196
1169
1203
1213
1195
1198
1217
1205
1183
1183
1213
1189
1170
1159
1177
1166
1134
1130
1157
1163
1159
1147
1173
1170
1152
1142
1170
1163
1139
1132
1146
1125
1117
1099
1116
1109
1110
1087
1116
1106
1100
1108
1124
1111
1118
1099
1127
1121
1123
1121
1148
1140
1130
1125
1163
1139
1117
1123
1134
1126
1102
1080
1109
1097
1083
1086
1100
1097
1074
1088
1100
1095
1083
1067
1094
1084
1084
1078
1104
1099
1086
1103
1108
1099
1088
1071
1085
1076
1081
1053
1068
1057
1054
1040
1076
1064
1039
1048
1076
1051
1052
1057
1061
1066
1053
1053
1067
1087
1076
1080
1084
1080
1073
1066
1068
1076
1070
1070
1085
1065
1072
1045
1075
1049
1051
1035
1067
1040
1019
1009
1030
1008
1020
1000
1004
1005
987
974
1015
991
995
969
969
948
897
713
360
360
363
361
359
361
362
363
1033
1000
360
363
361
0
0

