;UFOS3
;Measurement details: channel = S, date = 01.06.2018, time = 12:48:37
Exposure=293
Gain=0
Temperature=22.1
Accummulate=4
1.506 mu
1.512 amas
41.407 hs
0 ozone
0 uva
0 uvb
0 uve
[Value]
0
360
360
362
360
360
360
363
397
397
420
413
400
402
425
413
414
393
417
420
408
400
441
424
422
399
444
429
417
417
449
426
411
402
447
431
427
396
441
434
406
399
449
430
423
401
444
438
415
402
432
422
402
408
448
426
401
403
439
428
419
401
433
423
410
398
458
424
415
400
441
422
404
412
452
434
414
402
434
426
416
406
448
426
415
404
445
432
401
405
446
429
406
406
443
434
402
398
452
424
399
403
431
428
409
402
443
427
411
398
439
429
408
405
444
427
409
406
443
427
412
410
453
437
417
409
436
430
411
402
431
420
412
402
447
443
407
410
436
424
421
410
439
432
408
406
441
426
402
429
436
430
400
401
453
429
422
401
445
438
403
401
437
430
425
420
438
434
429
405
444
430
417
426
439
431
409
410
448
421
408
398
441
435
416
407
462
431
418
412
431
450
407
412
442
435
417
409
456
426
417
404
438
429
414
402
443
422
416
407
448
429
399
420
436
428
411
396
433
438
422
401
445
433
415
408
438
423
410
396
442
423
407
407
439
430
410
407
438
430
426
404
438
431
410
413
449
421
423
406
437
426
415
402
440
440
410
414
450
426
404
425
447
433
419
395
434
426
418
397
432
424
405
414
444
430
408
409
454
438
414
402
434
440
419
396
443
422
414
410
431
440
414
402
436
433
411
408
442
428
418
400
442
433
417
415
438
422
416
391
442
436
429
404
446
431
413
409
436
432
406
407
434
427
407
410
439
423
423
408
449
425
417
406
440
424
430
400
451
442
408
408
437
444
405
414
440
439
414
407
451
433
406
413
433
421
410
406
447
422
430
410
446
424
428
406
461
429
418
411
434
435
422
405
435
436
417
409
444
429
414
403
433
427
411
415
436
425
414
406
437
434
411
400
441
426
417
398
439
440
415
403
448
438
419
407
448
418
419
409
442
425
414
399
435
428
425
409
440
425
416
417
434
429
408
406
440
428
422
407
436
429
406
394
459
432
404
413
440
431
420
410
430
431
407
406
437
434
418
399
443
421
412
416
436
424
417
415
441
436
427
404
445
431
413
412
438
430
410
412
442
433
417
399
441
422
417
420
444
431
428
412
438
424
415
409
442
428
411
410
436
428
417
407
447
421
419
404
460
421
424
413
446
422
406
423
434
434
411
406
436
422
419
400
446
428
410
422
440
424
414
411
436
426
416
404
434
432
415
427
439
427
418
414
436
428
419
416
436
434
416
417
430
430
424
405
436
429
410
402
437
423
420
409
437
432
431
421
443
426
409
411
443
428
418
419
445
433
417
406
440
426
419
400
440
433
420
417
434
428
413
412
440
436
411
415
441
431
412
416
440
429
412
423
453
419
423
410
437
422
422
421
449
423
419
411
440
423
416
414
438
424
412
416
449
424
406
414
441
429
428
404
446
424
416
406
452
426
406
414
438
426
440
406
441
424
413
405
438
430
410
404
434
429
400
409
437
415
431
417
441
422
414
406
436
429
410
401
440
423
411
416
435
427
417
416
449
434
418
401
443
421
417
417
445
427
415
418
444
421
411
406
440
420
422
406
437
426
420
419
450
423
418
395
431
431
416
408
433
426
422
409
424
424
414
414
434
427
415
406
444
429
417
417
432
418
414
423
432
433
419
410
442
435
413
420
436
427
429
422
434
429
423
485
439
435
434
411
441
430
421
415
439
423
413
416
442
422
424
417
444
428
423
413
440
424
424
414
438
430
415
416
439
439
428
406
444
423
414
414
449
435
428
415
446
425
417
416
436
433
418
420
443
428
423
419
441
426
424
415
443
428
424
404
445
427
421
418
436
433
426
419
456
428
428
417
445
429
416
421
442
433
425
419
455
432
433
432
445
429
436
419
450
440
448
431
441
442
426
423
447
440
430
430
448
443
429
418
443
434
443
431
449
437
426
428
446
439
426
429
452
443
439
435
449
440
429
423
461
452
442
439
454
445
436
427
453
441
441
435
462
450
443
431
456
451
445
459
463
441
440
435
454
447
437
440
459
449
440
440
463
446
443
437
459
459
449
442
463
446
441
443
460
457
451
448
471
463
453
445
471
457
455
456
471
459
465
457
475
468
457
455
484
468
475
451
488
470
467
462
480
474
465
464
486
471
487
452
487
469
481
454
486
480
471
468
500
486
464
464
489
499
474
467
484
482
491
472
492
479
481
477
494
476
493
472
492
487
481
467
485
481
479
472
491
477
495
478
494
483
490
480
497
486
486
482
501
495
482
477
510
501
510
489
519
509
512
515
529
523
520
522
549
547
540
541
564
565
557
550
569
564
564
560
573
566
571
553
585
575
577
550
572
572
555
551
571
555
553
548
574
560
554
554
573
570
577
568
588
578
575
589
593
596
589
588
603
602
601
592
603
609
618
620
639
623
608
616
639
625
621
608
631
626
622
611
632
627
624
615
638
632
622
613
633
626
623
617
642
614
628
632
650
650
649
649
657
640
642
630
664
640
656
630
663
644
635
628
644
640
650
637
652
643
654
639
662
655
651
662
672
668
667
671
689
687
684
674
694
670
676
663
675
665
664
642
660
642
637
641
646
633
625
625
631
641
647
638
649
642
654
638
663
656
672
659
690
697
698
699
720
712
720
716
738
746
742
739
764
759
771
775
791
782
791
783
808
790
794
796
820
804
807
793
820
791
803
787
789
774
770
756
761
747
738
730
742
728
740
722
739
725
737
736
763
747
765
758
786
782
798
804
830
854
845
842
864
858
873
850
864
870
854
854
871
861
866
848
891
852
859
852
855
857
852
857
863
861
877
879
905
896
900
905
929
926
948
936
979
973
1007
999
1009
1016
1029
1030
1046
1047
1056
1062
1071
1066
1065
1065
1073
1057
1059
1040
1045
1030
1016
1007
1017
985
987
970
976
973
967
964
977
974
985
970
1002
992
1007
1000
1031
1019
1050
1029
1041
1038
1047
1028
1051
1031
1033
1021
1033
1015
1020
998
998
974
971
956
967
931
926
923
920
919
928
915
948
940
946
932
947
934
960
954
978
968
992
987
1011
994
1012
986
1013
1002
1011
1003
1014
1020
1023
1017
1023
1035
1046
1034
1071
1057
1067
1075
1100
1076
1095
1093
1114
1101
1118
1099
1109
1091
1103
1090
1102
1080
1082
1074
1095
1081
1081
1071
1088
1080
1086
1073
1092
1076
1087
1079
1105
1099
1121
1116
1144
1139
1150
1169
1193
1203
1222
1254
1253
1264
1274
1280
1308
1312
1347
1336
1362
1358
1358
1357
1379
1364
1378
1374
1372
1382
1378
1367
1372
1371
1373
1354
1380
1376
1369
1355
1378
1368
1373
1365
1385
1369
1385
1366
1374
1364
1363
1336
1352
1345
1355
1330
1330
1339
1326
1319
1350
1336
1353
1346
1372
1365
1374
1361
1384
1387
1393
1399
1403
1407
1400
1380
1389
1390
1372
1357
1385
1375
1395
1387
1426
1427
1438
1449
1481
1492
1537
1559
1588
1595
1629
1654
1673
1697
1734
1733
1786
1795
1816
1826
1869
1848
1879
1851
1885
1872
1887
1909
1934
1911
1913
1933
1911
1902
1893
1879
1885
1871
1861
1850
1843
1803
1794
1757
1737
1715
1720
1681
1672
1644
1627
1588
1576
1551
1565
1535
1536
1511
1529
1515
1523
1523
1540
1547
1564
1554
1576
1580
1580
1575
1596
1599
1608
1614
1638
1622
1627
1601
1623
1610
1624
1605
1604
1597
1582
1582
1561
1547
1538
1511
1498
1473
1458
1439
1438
1434
1419
1417
1434
1408
1439
1412
1440
1455
1476
1502
1518
1533
1548
1542
1566
1550
1546
1537
1529
1514
1504
1470
1481
1455
1452
1438
1442
1443
1422
1405
1399
1405
1416
1395
1395
1383
1391
1384
1424
1415
1452
1455
1463
1482
1503
1517
1521
1532
1561
1551
1581
1560
1548
1566
1557
1540
1551
1540
1557
1551
1562
1554
1575
1559
1584
1565
1589
1599
1605
1597
1620
1624
1646
1666
1686
1676
1691
1670
1663
1633
1624
1592
1558
1529
1508
1478
1473
1455
1445
1432
1432
1414
1437
1409
1431
1434
1435
1442
1460
1468
1519
1490
1505
1498
1498
1507
1520
1514
1505
1486
1482
1441
1450
1438
1418
1433
1438
1438
1462
1468
1511
1515
1568
1580
1623
1631
1665
1675
1681
1682
1689
1694
1701
1698
1731
1722
1726
1710
1712
1719
1714
1688
1685
1691
1688
1684
1728
1723
1735
1736
1762
1789
1813
1838
1862
1882
1879
1881
1891
1888
1897
1882
1880
1868
1843
1843
1837
1825
1825
1829
1834
1839
1834
1844
1853
1851
1849
1855
1874
1878
1918
1936
1955
1978
2015
2008
2041
2033
2044
2041
2045
2030
2009
1987
1981
1971
1942
1896
1898
1858
1855
1841
1831
1821
1820
1800
1805
1808
1819
1818
1825
1808
1821
1794
1791
1778
1778
1758
1743
1733
1756
1740
1750
1726
1733
1706
1721
1718
1726
1726
1760
1730
1765
1752
1774
1784
1794
1790
1799
1791
1788
1789
1789
1792
1795
1783
1774
1769
1760
1734
1738
1719
1725
1729
1741
1732
1730
1745
1755
1762
1774
1774
1752
1753
1749
1739
1751
1763
1750
1742
1750
1734
1739
1723
1702
1691
1688
1647
1658
1602
1600
1575
1545
1537
1507
1478
1476
1422
1414
1375
1357
1344
1334
1327
1327
1318
1316
1296
1330
1334
1347
1352
1381
1417
1453
1457
1505
1520
1529
1538
1570
1569
1570
1569
1578
1610
1607
1603
1638
1625
1660
1615
1665
1630
1637
1639
1622
1635
1627
1614
1621
1626
1612
1603
1610
1597
1595
1590
1590
1586
1597
1591
1606
1583
1603
1605
1624
1619
1631
1641
1672
1680
1714
1722
1750
1773
1790
1793
1796
1809
1823
1784
1798
1787
1795
1775
1795
1764
1757
1736
1724
1695
1694
1678
1685
1657
1664
1657
1652
1661
1661
1667
1687
1703
1705
1707
1740
1743
1748
1763
1794
1799
1809
1823
1843
1838
1864
1853
1885
1879
1896
1871
1891
1884
1871
1879
1870
1862
1869
1832
1840
1831
1814
1797
1807
1776
1784
1749
1731
1720
1721
1692
1696
1711
1694
1719
1755
1774
1797
1816
1849
1885
1899
1908
1965
1967
1985
2008
2041
2077
2107
2114
2160
2169
2211
2223
2261
2259
2252
2232
2238
2203
2194
2171
2157
2133
2124
2102
2104
2063
2044
2031
2024
2005
1983
1972
1958
1948
1958
1937
1953
1944
1956
1949
1976
1981
2012
2004
2029
2020
1997
1996
1998
2004
2018
2003
2019
2015
2025
1995
1989
1939
1915
1874
1850
1814
1790
1785
1780
1779
1772
1756
1784
1783
1813
1806
1853
1835
1866
1871
1903
1932
1969
1964
2013
2016
2043
2042
2046
2040
2037
2022
2007
2009
1990
1990
2024
2029
2032
2035
2062
2053
2069
2067
2084
2080
2103
2067
2078
2083
2070
2056
2088
2069
2092
2062
2097
2058
2036
2040
2040
2025
2023
2008
2014
2015
2000
1987
1999
1990
1983
1957
1985
1970
1970
1949
1956
1961
1952
1959
1965
1980
1988
1963
1985
1956
1940
1930
1933
1915
1908
1894
1905
1883
1888
1873
1882
1883
1885
1862
1860
1831
1811
1806
1791
1768
1753
1734
1739
1726
1697
1663
1663
1618
1586
1539
1535
1494
1488
1474
1456
1441
1464
1483
1510
1514
1546
1541
1564
1573
1584
1599
1629
1645
1667
1682
1701
1699
1722
1688
1697
1678
1659
1619
1615
1598
1591
1565
1564
1537
1512
1466
1466
1433
1421
1377
1396
1391
1377
1357
1384
1378
1400
1401
1456
1470
1488
1515
1567
1588
1613
1633
1694
1736
1789
1796
1863
1912
1932
1977
2031
2038
2052
2092
2137
2132
2164
2160
2191
2210
2238
2223
2254
2271
2251
2244
2264
2256
2246
2216
2210
2191
2170
2165
2161
2133
2127
2109
2107
2061
2027
2001
1997
1955
1934
1922
1928
1922
1912
1902
1932
1913
1917
1917
1938
1955
1963
1954
1993
2005
2010
2034
2060
2055
2054
2032
2030
2010
1989
1949
1959
1953
1939
1965
1992
1989
2012
2002
2019
2010
2038
2049
2114
2152
2179
2238
2319
2367
2425
2451
2494
2517
2548
2522
2528
2502
2467
2432
2431
2425
2370
2343
2339
2312
2272
2242
2225
2196
2162
2129
2134
2125
2122
2106
2136
2161
2187
2213
2276
2323
2329
2352
2402
2398
2404
2420
2430
2430
2398
2387
2402
2391
2381
2356
2362
2342
2312
2277
2273
2243
2207
2209
2198
2175
2184
2166
2187
2176
2190
2185
2240
2229
2256
2248
2286
2277
2265
2261
2270
2295
2297
2296
2334
2339
2361
2372
2399
2399
2411
2411
2446
2441
2446
2453
2496
2497
2496
2512
2532
2518
2528
2509
2529
2482
2472
2456
2466
2444
2440
2399
2399
2394
2367
2348
2338
2343
2330
2339
2366
2367
2359
2357
2379
2370
2368
2357
2384
2380
2366
2362
2386
2390
2370
2382
2380
2365
2348
2318
2316
2287
2265
2222
2240
2187
2177
2152
2153
2130
2098
2073
2093
2065
2060
2034
2054
2036
2019
2016
2045
2052
2051
2043
2067
2069
2096
2107
2133
2139
2148
2156
2193
2204
2213
2227
2267
2276
2270
2295
2335
2336
2341
2334
2365
2373
2354
2349
2384
2354
2376
2342
2386
2375
2382
2379
2442
2430
2437
2428
2429
2424
2416
2385
2389
2375
2341
2325
2316
2268
2218
2197
2184
2144
2110
2092
2094
2080
2051
2045
2067
2059
2071
2069
2131
2142
2191
2193
2247
2254
2321
2339
2413
2434
2459
2491
2519
2517
2479
2450
2449
2417
2373
2312
2307
2256
2203
2150
2151
2102
2092
2071
2093
2093
2106
2097
2099
2086
2087
2096
2165
2215
2224
2261
2311
2339
2349
2366
2418
2427
2409
2385
2383
2358
2314
2275
2260
2220
2164
2119
2106
2065
2003
1933
1912
1859
1807
1784
1788
1759
1733
1730
1759
1747
1773
1803
1875
1903
1970
2015
2091
2124
2154
2169
2199
2204
2188
2182
2197
2160
2110
2042
2016
1943
1880
1850
1847
1843
1837
1837
1905
1920
1952
1986
2076
2157
2182
2246
2347
2400
2475
2509
2591
2634
2640
2647
2690
2685
2663
2637
2654
2621
2598
2583
2564
2524
2470
2439
2407
2367
2311
2285
2270
2247
2249
2232
2249
2255
2246
2228
2247
2258
2227
2218
2255
2260
2253
2251
2305
2322
2319
2342
2375
2382
2409
2403
2456
2492
2484
2508
2570
2596
2606
2590
2623
2628
2630
2656
2708
2723
2719
2734
2778
2771
2770
2769
2810
2811
2809
2811
2874
2878
2856
2825
2840
2805
2772
2731
2724
2683
2654
2614
2591
2547
2507
2448
2452
2420
2372
2334
2340
2313
2269
2244
2244
2197
2183
2169
2189
2171
2153
2122
2129
2105
2073
2050
2058
2009
1979
1950
1980
1946
1934
1936
1947
1955
1968
1966
2022
2030
2035
2077
2110
2127
2135
2144
2189
2207
2205
2219
2256
2256
2256
2260
2285
2288
2266
2266
2314
2265
2258
2236
2244
2208
2186
2161
2154
2138
2077
2049
2042
2007
1964
1938
1950
1933
1890
1862
1859
1821
1771
1719
1733
1714
1675
1676
1697
1666
1647
1636
1652
1605
1595
1564
1577
1542
1507
1476
1504
1494
1482
1461
1486
1492
1478
1458
1487
1473
1442
1424
1440
1406
1388
1367
1401
1386
1375
1358
1386
1387
1378
1376
1400
1387
1365
1353
1374
1350
1338
1326
1357
1354
1362
1362
1415
1420
1449
1455
1528
1545
1553
1582
1631
1653
1671
1702
1766
1789
1830
1857
1909
1921
1945
1960
1999
1980
1974
1969
2008
2003
1994
1975
2014
2009
1983
1971
2005
1980
1967
1936
1943
1935
1891
1885
1897
1882
1838
1832
1853
1796
1770
1747
1760
1719
1719
1707
1762
1755
1761
1774
1808
1833
1838
1850
1909
1893
1900
1902
1946
1973
1982
2037
2064
2072
2052
2036
2064
2043
2005
1983
1964
1926
1863
1830
1886
1903
1894
1884
1923
1919
1916
1896
1921
1924
1909
1910
1942
1970
1977
1989
2025
2055
2023
2003
2013
2009
1993
1969
1983
1962
1963
1934
1939
1916
1878
1875
1909
1909
1892
1882
1912
1883
1863
1868
1889
1904
1924
1945
1987
1997
1985
1999
2042
2081
2070
2090
2139
2159
2194
2200
2245
2263
2273
2307
2345
2336
2359
2356
2355
2358
2332
2326
2358
2337
2339
2313
2339
2316
2307
2283
2305
2287
2262
2225
2214
2193
2188
2171
2188
2186
2172
2178
2197
2203
2181
2185
2209
2209
2217
2217
2281
2293
2313
2328
2373
2404
2394
2406
2438
2423
2442
2420
2452
2400
2412
2377
2374
2365
2325
2275
2258
2215
2154
2128
2129
2085
2083
2058
2074
2037
2019
2012
2017
1976
1947
1911
1935
1887
1857
1824
1802
1771
1738
1702
1705
1634
1589
1540
1529
1459
1399
1343
1305
1258
1194
1147
1135
1084
1052
1015
1013
998
970
958
978
976
989
1010
1044
1054
1082
1107
1162
1197
1216
1240
1286
1288
1292
1296
1335
1348
1369
1387
1446
1462
1499
1517
1541
1574
1598
1631
1650
1659
1668
1697
1727
1747
1764
1754
1797
1823
1815
1823
1834
1817
1813
1786
1794
1795
1776
1787
1813
1824
1801
1800
1826
1822
1812
1805
1823
1806
1781
1749
1759
1741
1701
1670
1663
1622
1584
1542
1545
1504
1454
1423
1404
1344
1306
1251
1232
1174
1137
1099
1089
1050
1027
1020
1011
1009
986
988
994
997
1002
1019
1065
1076
1095
1130
1197
1226
1247
1262
1329
1351
1361
1387
1447
1471
1513
1542
1615
1649
1698
1716
1757
1789
1774
1785
1826
1848
1851
1867
1902
1896
1896
1896
1910
1919
1895
1885
1931
1922
1916
1918
1958
1973
1959
1967
2010
2015
1989
2016
2051
2043
2033
2019
2054
2037
2023
2001
1999
2007
1976
1950
1974
1976
1974
1978
1990
1991
1991
1979
2021
1992
2012
2006
2067
2069
2081
2059
2087
2079
2077
2068
2079
2058
2050
2059
2053
2056
2055
2060
2061
2042
2046
2032
2057
2048
2039
2037
2077
2078
2081
2098
2108
2127
2138
2130
2162
2145
2144
2151
2149
2124
2116
2098
2112
2117
2114
2143
2151
2168
2156
2154
2176
2176
2152
2132
2171
2174
2161
2137
2163
2161
2160
2147
2168
2144
2141
2159
2161
2161
2141
2110
2116
2104
2091
2073
2072
2044
2046
2018
2033
2000
1968
1961
1966
1952
1932
1888
1912
1900
1878
1884
1900
1928
1933
1946
1969
1964
1981
1977
2017
2023
2022
2014
2057
2050
2030
1997
2012
1986
1942
1881
1882
1834
1785
1778
1807
1788
1785
1757
1771
1768
1757
1758
1779
1755
1739
1724
1765
1758
1769
1760
1786
1806
1810
1791
1846
1803
1809
1783
1803
1768
1752
1730
1742
1727
1694
1682
1693
1703
1679
1647
1663
1650
1634
1606
1626
1597
1596
1559
1587
1559
1548
1537
1542
1536
1538
1504
1550
1515
1504
1507
1536
1533
1507
1503
1521
1523
1506
1518
1527
1505
1497
1490
1505
1491
1492
1471
1489
1463
1451
1429
1446
1453
1416
1396
1417
1392
1400
1389
1411
1402
1395
1384
1396
1392
1370
1363
1388
1406
1381
1367
1376
1388
1381
1382
1400
1414
1421
1404
1430
1423
1411
1410
1444
1423
1407
1412
1431
1430
1411
1411
1427
1434
1416
1392
1415
1394
1382
1354
1374
1362
1345
1317
1321
1298
1290
1276
1281
1260
1255
1227
1227
1217
1166
1158
1149
1135
1115
1107
1136
1121
1105
1095
1130
1118
1114
1110
1139
1132
1131
1122
1151
1143
1153
1161
1187
1191
1202
1179
1202
1191
1206
1196
1225
1227
1207
1209
1237
1239
1220
1205
1238
1247
1231
1217
1238
1230
1214
1217
1213
1206
1203
1182
1213
1217
1204
1210
1219
1207
1188
1185
1216
1192
1182
1165
1186
1167
1142
1137
1168
1168
1167
1149
1180
1178
1156
1155
1179
1166
1151
1141
1155
1138
1131
1101
1117
1115
1108
1090
1123
1109
1109
1108
1130
1118
1122
1105
1133
1121
1132
1129
1158
1142
1137
1133
1168
1145
1121
1128
1142
1135
1113
1082
1110
1097
1089
1094
1108
1105
1077
1091
1105
1100
1085
1079
1098
1092
1096
1083
1107
1099
1096
1115
1117
1101
1094
1078
1086
1080
1083
1069
1076
1061
1053
1050
1079
1067
1050
1049
1084
1065
1051
1062
1070
1062
1061
1065
1066
1092
1081
1076
1093
1081
1082
1069
1076
1079
1076
1073
1088
1073
1080
1054
1078
1053
1061
1041
1075
1045
1022
1017
1030
1018
1022
1007
1017
1007
988
977
1012
997
1006
973
980
946
896
713
359
359
361
361
361
358
358
359
1042
1004
359
360
361
0
0

