;UFOS3
;Measurement details: channel = Z, date = 01.06.2018, time = 12:57:38
Exposure=153
Gain=0
Temperature=22.3
Accummulate=4
1.535 mu
1.542 amas
40.435 hs
0 ozone
0 uva
0 uvb
0 uve
[Value]
0
359
360
361
360
362
361
359
385
384
392
389
388
388
397
390
395
383
392
391
393
389
406
396
405
391
408
402
405
396
410
395
402
392
408
401
406
392
409
404
395
390
408
399
403
389
406
408
400
391
401
395
393
398
408
397
393
394
405
399
405
391
404
396
401
388
416
398
402
392
404
394
396
399
411
406
402
392
400
397
406
392
412
401
402
394
407
401
396
395
406
399
396
395
407
403
392
389
413
395
393
393
399
400
400
391
404
398
399
389
407
402
399
395
408
399
401
397
405
400
399
398
413
410
407
395
402
399
401
394
398
395
403
394
411
408
400
400
403
403
403
399
405
403
399
394
405
396
396
406
403
401
395
391
411
401
405
390
408
407
395
393
404
404
403
401
406
401
411
395
407
406
403
400
406
402
400
397
412
394
399
390
408
404
403
395
419
405
403
397
401
416
399
400
409
410
400
396
415
397
401
395
403
402
402
394
406
395
405
397
408
400
395
402
403
403
401
390
399
405
406
392
413
404
403
395
403
395
398
389
407
399
401
394
406
408
402
397
411
401
407
393
405
403
402
401
413
399
402
397
404
399
405
396
406
405
398
401
417
401
396
406
410
404
409
389
405
398
411
390
402
400
396
400
408
401
404
397
422
408
404
394
403
407
400
391
407
395
406
401
401
404
403
392
404
404
401
395
408
401
404
393
407
405
403
400
408
396
401
386
406
412
406
395
413
401
400
396
402
405
395
399
405
405
399
395
408
398
411
395
415
399
403
394
406
401
403
393
411
411
397
400
405
410
397
396
406
410
403
397
415
405
396
396
407
401
398
394
414
397
416
398
412
397
415
394
428
403
406
398
404
404
408
394
408
408
403
397
411
404
403
393
401
399
403
403
406
402
403
395
405
405
400
393
406
404
399
391
407
407
403
395
413
404
406
397
409
396
410
391
407
401
401
394
404
401
412
399
411
401
405
400
401
401
401
396
407
404
405
397
407
406
399
389
426
403
396
399
407
402
404
399
404
402
400
400
405
403
404
390
411
402
401
401
405
401
407
401
405
405
408
394
413
400
404
398
405
407
400
397
412
402
407
395
408
398
406
403
410
405
408
402
406
400
405
397
410
402
401
400
404
401
403
396
412
397
408
396
422
400
409
401
416
397
396
404
404
407
401
395
405
399
405
394
419
402
401
403
408
401
406
399
404
405
409
395
402
403
405
403
408
402
405
401
405
400
408
402
407
402
404
401
407
404
412
398
406
402
402
396
406
400
407
400
407
406
412
405
412
401
401
402
410
402
410
402
412
406
402
400
408
403
408
395
407
404
407
403
404
407
398
402
412
408
404
402
409
407
403
400
409
403
402
403
416
398
411
396
405
398
410
405
424
401
407
400
406
401
406
401
407
402
403
403
419
407
402
402
409
403
414
397
411
401
401
398
415
400
400
404
407
403
415
398
410
405
405
397
413
403
402
398
407
408
397
400
410
398
412
402
412
404
402
397
409
402
404
392
411
406
406
401
407
402
406
406
415
408
405
394
411
407
405
404
418
406
407
403
411
399
402
395
408
398
409
397
407
401
412
402
415
404
408
392
408
405
406
400
404
403
407
399
402
402
406
405
406
404
405
401
413
408
409
404
408
398
405
405
405
408
415
396
410
412
405
404
412
401
411
405
410
405
410
441
412
407
417
399
415
403
406
404
413
404
405
405
412
408
406
404
409
404
411
405
414
402
416
403
412
405
407
402
415
413
411
399
414
399
405
404
423
412
416
406
416
405
411
405
414
409
407
410
416
408
411
408
420
406
421
405
414
412
412
401
417
407
416
410
412
413
415
406
427
407
407
414
415
408
408
407
416
412
416
410
425
415
420
418
415
413
421
411
425
418
423
417
418
427
422
414
422
423
425
422
430
423
421
417
435
423
435
423
436
427
428
429
432
428
435
428
435
432
434
435
434
434
433
425
442
432
434
434
436
432
433
425
440
434
438
430
443
436
438
433
439
440
447
444
453
442
446
441
448
443
452
448
462
451
455
456
466
453
461
458
465
466
470
462
466
459
470
460
463
466
464
455
472
462
464
457
465
461
467
463
471
463
467
460
469
465
468
467
478
466
479
461
479
475
474
471
479
476
484
477
490
484
493
482
497
488
504
487
503
498
505
506
519
510
511
506
519
521
520
510
521
514
526
519
526
519
520
520
526
521
530
523
529
530
534
523
530
526
529
523
527
523
534
529
533
521
537
526
534
531
530
527
530
530
523
517
531
527
533
523
537
540
536
531
540
536
535
542
548
546
551
545
558
567
561
555
558
559
566
567
570
567
580
571
586
588
603
587
602
609
609
610
626
627
634
638
654
657
662
664
675
678
691
687
701
701
700
713
715
720
725
725
729
727
737
726
731
731
730
738
746
733
729
736
742
729
734
723
737
736
738
737
747
746
748
742
757
755
759
754
773
769
770
768
787
774
790
785
797
797
801
800
810
799
809
807
817
807
820
812
829
813
817
811
813
814
825
816
825
821
841
829
841
843
844
850
865
869
880
875
878
888
878
868
877
860
878
854
867
865
859
855
855
853
861
868
873
868
872
867
894
894
912
921
935
940
959
946
953
951
959
946
957
952
935
927
910
901
889
879
874
864
853
837
839
832
830
823
831
819
829
826
844
837
847
858
874
871
895
897
923
924
948
946
965
975
974
985
990
1000
1008
1014
1018
1014
1037
1031
1044
1045
1058
1061
1089
1080
1090
1090
1101
1107
1117
1111
1116
1106
1094
1063
1063
1051
1050
1021
1021
1010
1010
999
1006
997
1000
987
1013
988
1014
996
1014
1024
1030
1048
1066
1088
1118
1129
1169
1172
1185
1190
1197
1198
1213
1199
1210
1206
1220
1210
1213
1197
1208
1195
1200
1190
1180
1183
1188
1188
1192
1190
1206
1205
1210
1222
1233
1254
1256
1277
1296
1305
1325
1329
1354
1373
1400
1398
1428
1444
1459
1456
1480
1484
1504
1502
1532
1525
1544
1527
1527
1510
1503
1485
1479
1459
1446
1400
1401
1370
1368
1343
1335
1318
1315
1304
1308
1302
1309
1319
1349
1335
1360
1364
1389
1398
1418
1420
1432
1436
1452
1455
1464
1467
1465
1460
1458
1437
1421
1395
1378
1355
1336
1312
1293
1274
1266
1242
1228
1226
1236
1222
1236
1234
1244
1240
1247
1236
1242
1253
1267
1267
1285
1290
1297
1287
1309
1316
1354
1345
1364
1357
1377
1377
1389
1396
1408
1412
1423
1421
1444
1446
1460
1461
1451
1449
1457
1447
1463
1460
1456
1441
1445
1433
1439
1442
1438
1427
1426
1416
1421
1419
1429
1416
1433
1425
1432
1429
1437
1421
1445
1438
1441
1452
1461
1471
1496
1504
1525
1528
1563
1567
1598
1613
1636
1650
1670
1679
1697
1713
1719
1722
1729
1734
1727
1709
1716
1714
1728
1728
1730
1748
1749
1759
1763
1758
1775
1778
1785
1795
1814
1818
1828
1845
1837
1848
1845
1846
1855
1824
1851
1836
1830
1824
1810
1799
1805
1803
1802
1799
1806
1807
1823
1827
1850
1858
1874
1876
1873
1867
1877
1886
1885
1876
1886
1889
1903
1906
1919
1902
1902
1901
1910
1907
1908
1926
1943
1943
1965
1995
2007
2015
2048
2067
2078
2107
2132
2160
2195
2213
2252
2268
2298
2312
2348
2356
2372
2375
2377
2359
2355
2324
2326
2303
2314
2305
2307
2295
2297
2305
2305
2312
2304
2312
2312
2298
2295
2277
2249
2232
2224
2208
2203
2168
2150
2099
2102
2054
2042
2031
2013
2008
2015
1998
1983
1957
1932
1905
1889
1856
1846
1840
1834
1829
1820
1814
1823
1822
1850
1844
1872
1887
1908
1926
1959
1984
2002
2004
2029
2013
2026
2020
2013
2006
1995
1976
1967
1956
1958
1950
1942
1927
1926
1905
1899
1901
1900
1883
1885
1877
1893
1892
1918
1910
1931
1928
1931
1923
1920
1908
1906
1880
1886
1866
1855
1846
1819
1821
1815
1802
1812
1802
1804
1782
1787
1766
1788
1753
1767
1766
1778
1793
1796
1820
1845
1862
1879
1916
1926
1930
1954
1954
1972
1970
1974
1962
1954
1956
1950
1946
1947
1956
1965
1960
1968
1976
1975
1974
1990
1991
1993
2004
2023
2044
2053
2052
2068
2071
2072
2063
2073
2040
2030
1989
1958
1912
1876
1846
1829
1810
1787
1789
1774
1770
1783
1752
1777
1776
1799
1796
1811
1828
1846
1861
1893
1901
1921
1918
1936
1933
1922
1903
1898
1852
1847
1822
1801
1781
1772
1759
1785
1794
1819
1844
1881
1927
1955
1994
2028
2065
2087
2104
2133
2121
2147
2149
2178
2189
2198
2202
2208
2185
2203
2195
2199
2192
2192
2187
2205
2219
2225
2243
2258
2266
2295
2323
2350
2373
2396
2395
2404
2403
2396
2389
2364
2354
2328
2295
2273
2251
2234
2205
2209
2184
2216
2216
2227
2243
2269
2275
2291
2311
2351
2386
2446
2462
2517
2543
2571
2599
2615
2608
2611
2610
2601
2592
2595
2587
2571
2534
2527
2505
2476
2451
2444
2408
2400
2347
2344
2338
2339
2327
2327
2309
2291
2287
2279
2255
2248
2219
2198
2187
2191
2175
2193
2161
2159
2151
2159
2158
2159
2166
2174
2185
2195
2206
2218
2233
2243
2264
2276
2280
2291
2284
2282
2277
2273
2279
2270
2267
2254
2225
2213
2201
2207
2193
2192
2194
2198
2204
2220
2214
2225
2227
2228
2228
2205
2206
2214
2200
2209
2212
2221
2206
2206
2183
2179
2168
2140
2113
2113
2071
2044
2000
1977
1937
1901
1862
1834
1799
1771
1720
1703
1658
1664
1637
1630
1607
1612
1610
1606
1624
1642
1658
1690
1720
1772
1808
1854
1883
1926
1951
1973
1994
2016
2026
2050
2061
2103
2110
2128
2134
2152
2146
2175
2160
2176
2166
2169
2145
2135
2119
2109
2088
2090
2058
2070
2052
2049
2022
2024
2006
2025
2012
2033
2017
2031
2029
2042
2042
2056
2070
2107
2113
2142
2158
2189
2205
2232
2263
2271
2284
2282
2275
2292
2289
2293
2273
2285
2269
2269
2238
2239
2200
2186
2162
2169
2154
2157
2153
2148
2134
2146
2129
2154
2156
2166
2162
2165
2173
2175
2184
2196
2185
2213
2224
2232
2240
2244
2266
2279
2290
2299
2292
2314
2312
2313
2289
2292
2283
2276
2283
2284
2283
2298
2281
2313
2309
2337
2324
2324
2300
2274
2249
2239
2217
2214
2219
2234
2247
2287
2291
2325
2338
2374
2394
2443
2461
2486
2525
2554
2583
2639
2652
2691
2719
2752
2781
2813
2816
2821
2811
2814
2790
2777
2753
2729
2705
2716
2697
2699
2679
2678
2639
2633
2598
2583
2554
2550
2526
2521
2512
2528
2507
2519
2515
2534
2544
2575
2582
2618
2615
2646
2644
2656
2667
2691
2696
2713
2690
2679
2647
2596
2543
2489
2431
2388
2329
2286
2261
2253
2239
2232
2236
2259
2265
2282
2298
2328
2335
2362
2367
2384
2398
2415
2442
2487
2498
2544
2541
2578
2573
2579
2575
2563
2541
2539
2529
2518
2511
2517
2513
2523
2533
2540
2526
2560
2563
2560
2554
2576
2583
2598
2615
2630
2653
2678
2689
2703
2691
2685
2663
2655
2645
2632
2616
2629
2605
2594
2581
2554
2522
2519
2487
2477
2448
2445
2425
2413
2393
2380
2370
2361
2356
2347
2324
2303
2285
2261
2226
2208
2199
2185
2178
2174
2174
2197
2207
2224
2262
2283
2264
2267
2243
2239
2222
2201
2193
2194
2186
2183
2152
2152
2111
2096
2066
2029
1992
1962
1928
1900
1875
1860
1852
1860
1862
1891
1892
1912
1910
1917
1931
1910
1915
1925
1920
1939
1940
1967
1971
1968
1964
1962
1929
1918
1881
1900
1881
1870
1848
1844
1816
1784
1763
1736
1707
1671
1650
1643
1631
1645
1635
1642
1648
1666
1687
1730
1761
1800
1824
1874
1904
1932
1963
2021
2049
2111
2166
2222
2252
2308
2358
2422
2452
2483
2532
2541
2577
2587
2607
2617
2627
2632
2640
2659
2653
2665
2648
2653
2635
2626
2590
2581
2539
2524
2501
2476
2451
2454
2415
2400
2356
2312
2269
2243
2213
2192
2180
2194
2188
2209
2218
2242
2226
2245
2255
2284
2295
2330
2335
2358
2369
2420
2426
2446
2453
2444
2406
2402
2386
2369
2340
2332
2307
2296
2311
2310
2324
2338
2328
2325
2320
2325
2350
2377
2438
2494
2521
2607
2660
2719
2764
2809
2859
2878
2880
2888
2860
2838
2795
2777
2747
2725
2696
2685
2652
2606
2557
2539
2499
2486
2459
2463
2434
2431
2446
2470
2478
2550
2573
2648
2688
2727
2742
2777
2785
2808
2796
2799
2791
2762
2718
2682
2649
2636
2595
2569
2526
2483
2454
2422
2395
2361
2341
2333
2310
2318
2312
2336
2347
2365
2386
2428
2433
2460
2481
2516
2517
2537
2564
2613
2647
2671
2670
2716
2750
2778
2800
2816
2837
2860
2874
2896
2880
2882
2890
2911
2896
2900
2882
2879
2857
2866
2853
2853
2839
2823
2813
2808
2798
2789
2756
2748
2709
2712
2682
2672
2635
2630
2610
2607
2595
2583
2569
2571
2531
2538
2527
2532
2523
2546
2527
2527
2515
2527
2515
2523
2521
2524
2504
2500
2476
2459
2450
2446
2434
2424
2420
2421
2393
2389
2374
2372
2366
2356
2352
2354
2331
2316
2302
2292
2283
2285
2275
2289
2290
2297
2297
2349
2347
2372
2370
2396
2405
2445
2464
2512
2518
2556
2582
2620
2627
2639
2649
2661
2658
2662
2657
2667
2642
2623
2588
2579
2538
2521
2485
2511
2489
2501
2468
2467
2452
2463
2437
2453
2432
2439
2396
2391
2379
2348
2307
2299
2272
2265
2242
2255
2247
2249
2258
2285
2301
2333
2373
2414
2472
2523
2556
2580
2603
2638
2658
2698
2729
2725
2742
2731
2719
2698
2666
2673
2630
2599
2556
2523
2470
2441
2410
2369
2353
2318
2316
2321
2317
2316
2292
2297
2266
2257
2250
2268
2257
2248
2244
2256
2230
2250
2251
2295
2310
2354
2360
2386
2394
2385
2358
2342
2315
2281
2256
2238
2197
2159
2096
2056
2002
1984
1965
1974
1974
1991
2000
2057
2092
2154
2184
2254
2310
2352
2399
2446
2477
2515
2520
2555
2550
2527
2514
2514
2463
2425
2358
2332
2258
2218
2170
2146
2119
2105
2124
2119
2126
2134
2161
2202
2222
2289
2336
2376
2428
2473
2497
2535
2562
2611
2635
2671
2683
2685
2693
2715
2720
2711
2694
2691
2654
2641
2617
2601
2583
2570
2541
2554
2561
2545
2536
2554
2560
2586
2594
2637
2626
2624
2622
2645
2625
2637
2624
2653
2656
2670
2681
2723
2733
2751
2767
2788
2781
2814
2809
2834
2838
2867
2879
2910
2919
2947
2959
2976
2995
3001
3005
3034
3060
3056
3073
3084
3072
3085
3094
3104
3122
3121
3099
3111
3090
3075
3064
3040
2996
2961
2922
2895
2847
2801
2768
2742
2696
2665
2598
2593
2533
2498
2467
2445
2415
2398
2373
2382
2369
2349
2313
2326
2292
2300
2262
2250
2222
2191
2178
2190
2147
2145
2133
2147
2144
2154
2167
2209
2216
2219
2227
2263
2269
2291
2309
2352
2372
2402
2407
2432
2441
2434
2435
2449
2455
2439
2453
2423
2401
2397
2363
2338
2314
2293
2279
2278
2254
2229
2194
2198
2188
2183
2142
2137
2122
2094
2060
2050
2011
1977
1952
1925
1883
1859
1836
1841
1824
1812
1793
1785
1781
1776
1748
1733
1697
1662
1633
1636
1613
1591
1571
1578
1576
1571
1555
1546
1535
1523
1497
1516
1494
1484
1468
1478
1466
1468
1460
1477
1466
1482
1468
1484
1466
1473
1462
1463
1447
1443
1426
1441
1439
1441
1446
1477
1499
1502
1527
1567
1595
1608
1619
1654
1685
1706
1736
1774
1808
1839
1863
1921
1935
1977
1999
2017
2026
2044
2029
2050
2043
2046
2045
2051
2053
2048
2053
2065
2040
2017
1991
1974
1961
1956
1960
1965
1962
1958
1928
1934
1910
1895
1889
1866
1831
1800
1768
1799
1831
1826
1837
1857
1862
1871
1861
1889
1902
1929
1951
1991
2020
2048
2080
2099
2134
2128
2111
2119
2106
2097
2075
2059
2029
2011
1975
1965
1934
1917
1915
1945
1944
1962
1956
1978
1976
1980
1982
2003
2012
2045
2054
2079
2079
2075
2078
2086
2092
2071
2059
2051
2044
2048
2013
2015
2000
1995
1997
2000
1982
1984
1970
1962
1956
1956
1940
1956
1940
1947
1957
1975
1970
1991
1997
2034
2048
2059
2069
2089
2110
2148
2163
2199
2217
2242
2269
2292
2306
2315
2324
2346
2343
2346
2336
2376
2358
2364
2390
2394
2395
2385
2367
2353
2338
2347
2326
2323
2281
2285
2255
2235
2239
2225
2203
2204
2193
2187
2179
2196
2195
2231
2256
2295
2298
2327
2360
2387
2380
2403
2399
2425
2432
2442
2438
2424
2416
2415
2409
2415
2379
2345
2336
2325
2295
2283
2244
2220
2179
2156
2122
2110
2070
2054
2017
2004
1974
1948
1907
1881
1835
1825
1801
1785
1747
1730
1691
1672
1642
1617
1560
1509
1436
1384
1310
1267
1217
1174
1140
1103
1066
1050
1020
1002
979
972
972
964
959
968
981
1001
1010
1038
1052
1093
1127
1168
1185
1215
1230
1260
1270
1297
1316
1344
1374
1415
1441
1464
1483
1513
1536
1567
1575
1595
1607
1625
1634
1656
1681
1695
1705
1737
1742
1764
1777
1809
1800
1810
1800
1822
1813
1826
1823
1829
1824
1824
1811
1804
1791
1788
1784
1779
1772
1766
1753
1736
1706
1692
1665
1652
1621
1598
1564
1535
1504
1470
1407
1374
1322
1279
1221
1207
1143
1120
1084
1070
1036
1032
1005
993
989
964
956
963
959
968
983
1006
1011
1047
1070
1106
1137
1165
1195
1248
1284
1321
1357
1419
1458
1495
1523
1576
1607
1635
1661
1709
1718
1734
1750
1778
1782
1777
1784
1792
1784
1791
1783
1795
1817
1819
1819
1840
1836
1843
1838
1855
1833
1865
1878
1906
1920
1935
1924
1961
1970
1986
1985
2006
1994
1995
2008
2004
2012
2019
2015
2009
1983
1994
1987
1979
1991
1987
1988
2001
2003
2009
2000
2012
2006
2015
2026
2046
2025
2044
2040
2029
2006
2000
1981
1981
1984
1997
2005
2012
2010
2018
2010
2023
2015
2023
2019
2040
2048
2054
2048
2069
2072
2095
2097
2130
2115
2128
2127
2131
2132
2120
2103
2106
2099
2095
2099
2099
2100
2109
2106
2128
2109
2103
2101
2107
2107
2112
2089
2093
2076
2057
2065
2073
2073
2095
2094
2112
2088
2094
2086
2113
2095
2096
2076
2077
2060
2050
2018
2014
1996
1982
1938
1930
1893
1873
1866
1883
1888
1903
1884
1888
1902
1904
1916
1938
1930
1940
1935
1969
1964
1970
1964
1975
1984
1994
1980
1998
1971
1963
1946
1935
1897
1864
1834
1828
1797
1783
1768
1768
1760
1752
1739
1753
1745
1755
1737
1753
1737
1759
1761
1789
1767
1791
1797
1814
1809
1816
1800
1816
1771
1762
1745
1746
1731
1712
1700
1686
1676
1665
1668
1663
1646
1639
1626
1623
1600
1593
1573
1574
1546
1546
1537
1549
1562
1532
1511
1510
1497
1504
1490
1500
1495
1490
1480
1493
1477
1486
1469
1497
1498
1494
1481
1473
1475
1477
1462
1478
1471
1486
1461
1467
1444
1424
1411
1421
1409
1409
1407
1416
1424
1416
1422
1429
1426
1415
1410
1424
1412
1419
1407
1423
1423
1423
1426
1417
1414
1430
1432
1437
1428
1453
1440
1441
1429
1413
1413
1400
1398
1403
1384
1407
1400
1395
1388
1400
1385
1378
1361
1366
1343
1334
1307
1308
1275
1276
1266
1277
1258
1253
1214
1209
1179
1184
1158
1163
1151
1141
1125
1137
1116
1115
1105
1126
1125
1119
1120
1137
1128
1124
1138
1144
1136
1158
1150
1184
1183
1202
1203
1219
1208
1213
1217
1235
1217
1222
1215
1224
1208
1207
1205
1227
1220
1236
1236
1243
1241
1240
1231
1243
1237
1237
1232
1236
1220
1216
1204
1222
1202
1212
1189
1209
1187
1190
1188
1192
1184
1187
1177
1174
1171
1172
1168
1174
1154
1162
1146
1160
1141
1138
1127
1136
1121
1111
1094
1102
1094
1098
1103
1111
1105
1107
1110
1122
1119
1123
1119
1132
1131
1143
1139
1156
1145
1157
1159
1169
1156
1155
1134
1145
1135
1125
1112
1116
1105
1111
1099
1103
1090
1092
1088
1103
1090
1081
1088
1090
1079
1088
1083
1085
1093
1095
1096
1098
1089
1077
1059
1064
1060
1063
1056
1061
1044
1053
1041
1055
1043
1048
1040
1058
1040
1036
1031
1055
1041
1066
1064
1078
1075
1086
1074
1099
1098
1108
1101
1106
1086
1022
767
361
361
362
360
360
360
359
361
1107
1058
358
361
361
0
0

