;UFOS3
;Measurement details: channel = Z-D, date = 01.06.2018, time = 14:07:51
Exposure=347
Gain=0
Temperature=22.6
Accummulate=4
1.86 mu
1.876 amas
32.23 hs
319 ozone
0 uva
0 uvb
0 uve
[Value]
0
0
1
0
-1
-2
-1
1
-1
-3
-2
-1
-2
-2
0
-2
-2
-4
0
-1
-1
2
2
1
0
1
1
0
2
0
-3
0
3
1
1
3
3
4
2
-1
1
0
-2
2
0
2
-1
0
0
2
0
4
2
-1
1
1
2
1
0
2
3
1
1
3
2
-1
2
0
1
3
2
0
1
1
2
1
2
2
2
2
0
2
1
-2
0
2
1
-1
-1
1
1
4
1
0
1
2
2
2
4
1
2
2
-1
2
3
-1
4
1
3
0
0
-1
1
3
2
-2
1
-1
3
3
1
1
5
3
4
2
4
-1
1
1
2
0
4
-1
3
-3
2
1
0
-1
0
0
-1
2
3
1
1
0
2
2
2
3
1
3
1
3
1
-1
6
-1
0
1
1
0
2
1
2
1
-1
1
2
-2
1
1
0
0
1
2
1
0
1
2
1
0
2
2
-1
2
0
3
2
1
1
2
0
-2
-1
3
-3
2
1
2
2
6
2
3
1
1
-1
3
3
2
-1
0
2
4
4
1
1
1
2
3
1
-2
2
0
4
2
1
0
2
4
0
2
-3
3
4
1
0
2
2
4
1
2
2
4
0
2
0
3
0
3
0
4
1
5
1
3
0
1
-1
3
1
0
4
-2
6
0
4
1
-2
3
-1
2
1
3
3
-1
1
0
0
1
1
2
3
3
3
2
-2
1
2
4
2
5
1
1
4
1
1
0
3
3
0
4
2
-1
3
-1
4
1
2
-2
2
0
1
0
1
2
2
1
3
1
0
2
1
4
2
0
0
1
1
2
-1
5
3
3
2
1
0
4
4
2
-1
2
2
4
2
2
-2
2
0
1
4
3
6
3
-2
1
3
0
5
2
2
0
-1
-1
1
2
1
2
2
4
3
5
1
1
4
0
2
1
3
3
3
2
1
0
2
2
2
3
1
1
1
4
3
-2
3
1
4
-1
3
-1
5
2
3
0
4
4
3
2
4
6
1
2
0
4
3
2
4
3
4
0
6
3
3
2
0
-3
1
2
1
3
4
2
3
1
3
2
3
2
1
2
2
5
3
2
3
3
3
1
3
3
2
0
4
5
3
4
-2
1
6
4
4
2
0
3
4
3
2
5
4
1
1
3
7
2
2
2
1
2
3
3
6
4
7
2
4
3
3
3
3
4
4
3
3
0
3
4
1
4
3
4
5
1
1
3
4
6
2
2
3
1
6
1
3
6
1
2
4
4
5
2
5
3
2
2
5
3
3
3
4
2
1
4
5
1
0
5
2
7
3
2
6
1
7
4
5
4
5
2
2
3
3
2
5
4
4
3
4
4
4
4
6
5
2
1
3
4
4
3
2
5
5
4
3
5
4
4
5
5
6
5
-1
1
3
1
5
2
2
2
2
4
5
2
5
0
5
3
4
3
7
5
6
6
4
3
5
4
2
3
4
3
6
7
4
4
4
2
4
2
5
2
3
4
1
2
3
1
6
5
5
5
4
6
4
6
6
2
4
5
1
3
4
2
4
3
6
5
2
3
4
6
3
3
3
8
4
3
4
8
1
3
3
5
6
4
2
3
3
4
3
8
8
3
3
3
5
6
5
4
7
5
2
1
6
2
4
6
5
6
7
4
2
4
4
6
7
5
5
2
2
5
4
4
3
5
8
4
5
6
4
3
5
7
5
5
5
7
8
5
8
5
7
6
8
4
3
9
7
6
6
7
6
6
4
2
4
5
7
6
6
4
7
4
7
5
7
6
8
8
5
6
8
4
5
6
7
4
9
4
8
4
6
5
6
5
9
8
2
7
5
2
6
10
8
9
8
7
6
8
8
9
8
7
11
8
6
10
7
9
11
8
11
10
7
9
12
8
9
9
11
11
12
11
12
10
8
9
9
12
11
13
9
13
13
11
11
9
8
12
13
11
14
11
12
14
12
13
13
16
15
19
17
18
16
14
20
18
20
23
23
21
21
26
23
29
26
26
24
25
24
26
29
26
26
29
26
26
31
28
28
30
27
26
28
26
30
28
30
26
33
32
34
30
32
34
36
37
34
36
40
38
42
39
43
44
49
47
49
50
52
52
51
50
56
56
60
60
61
57
61
61
63
59
60
57
60
60
55
56
58
57
59
61
65
60
64
62
60
60
66
66
66
66
65
68
70
71
70
73
70
76
80
77
81
81
84
84
89
89
93
98
95
102
103
106
107
104
110
110
113
113
117
116
116
118
118
119
121
119
122
121
123
122
119
123
126
130
132
129
130
130
132
128
129
129
129
127
130
129
133
130
130
131
133
134
131
129
127
125
132
131
133
129
137
135
142
144
146
146
150
148
155
153
156
158
166
167
163
165
171
173
175
178
179
185
188
191
201
199
204
212
219
221
227
234
239
247
254
262
270
277
285
290
298
303
309
315
325
327
332
337
339
348
351
354
356
359
360
357
361
361
368
365
368
375
364
368
368
363
370
367
369
372
381
377
391
386
391
393
399
398
405
404
410
416
420
420
430
431
438
436
452
455
455
453
458
461
465
467
470
470
475
476
478
474
477
474
475
473
476
476
485
482
491
486
500
502
513
519
524
537
538
549
556
557
543
537
542
540
537
538
538
535
529
536
534
531
541
545
545
548
552
558
572
582
594
607
624
632
639
641
652
645
649
635
640
634
618
607
598
581
571
562
558
543
530
514
512
507
499
494
499
501
509
506
514
521
534
541
555
570
582
601
617
630
642
661
665
672
680
692
699
707
716
726
731
737
748
751
762
767
778
791
794
803
815
811
830
836
834
837
834
826
815
798
789
775
760
746
733
727
716
712
713
706
708
712
713
715
727
722
736
745
763
778
802
831
851
886
908
925
944
961
975
976
980
975
976
977
991
985
974
964
967
966
965
953
945
945
953
943
941
958
959
969
987
990
1008
1024
1032
1047
1065
1080
1101
1117
1133
1158
1176
1188
1212
1237
1252
1268
1295
1298
1322
1332
1350
1352
1368
1361
1353
1345
1333
1314
1299
1274
1255
1233
1216
1194
1176
1154
1143
1125
1116
1100
1105
1097
1118
1124
1131
1142
1159
1172
1190
1211
1223
1233
1248
1257
1255
1264
1268
1273
1270
1258
1258
1234
1223
1197
1182
1145
1122
1089
1066
1039
1024
1007
998
991
986
986
998
1003
1008
1001
1008
1009
1013
1024
1044
1053
1059
1067
1079
1084
1100
1107
1130
1155
1163
1159
1177
1189
1204
1214
1227
1229
1244
1240
1266
1268
1270
1285
1279
1274
1282
1279
1289
1282
1279
1266
1264
1263
1248
1249
1239
1230
1229
1226
1224
1222
1231
1221
1229
1234
1235
1231
1236
1230
1235
1235
1234
1254
1262
1278
1296
1316
1340
1349
1375
1389
1428
1450
1475
1496
1510
1523
1548
1558
1576
1577
1598
1579
1584
1578
1579
1578
1594
1590
1607
1616
1612
1620
1644
1639
1654
1656
1664
1677
1701
1708
1701
1719
1718
1720
1725
1729
1716
1716
1716
1722
1702
1706
1687
1681
1676
1662
1656
1658
1673
1662
1678
1699
1706
1722
1724
1734
1730
1735
1736
1751
1745
1749
1748
1752
1760
1770
1770
1781
1767
1768
1775
1779
1792
1798
1817
1837
1848
1878
1899
1923
1951
1979
1996
2014
2045
2082
2111
2136
2174
2209
2230
2263
2284
2293
2318
2324
2320
2308
2303
2286
2262
2252
2247
2244
2237
2225
2238
2228
2247
2243
2246
2240
2241
2222
2213
2201
2186
2156
2149
2124
2108
2067
2052
2000
1982
1951
1920
1897
1884
1882
1882
1860
1847
1817
1793
1758
1727
1702
1687
1667
1671
1659
1657
1651
1653
1659
1686
1689
1717
1744
1758
1783
1808
1831
1864
1879
1888
1891
1886
1888
1889
1871
1864
1847
1830
1822
1824
1812
1808
1785
1776
1757
1753
1752
1743
1735
1725
1723
1733
1733
1755
1760
1770
1785
1777
1773
1763
1760
1742
1732
1709
1699
1688
1664
1643
1637
1634
1630
1630
1622
1607
1600
1591
1592
1594
1575
1581
1575
1589
1597
1603
1629
1654
1667
1692
1726
1750
1756
1771
1782
1812
1801
1794
1800
1785
1781
1770
1773
1785
1792
1793
1792
1798
1796
1803
1802
1808
1815
1821
1830
1847
1866
1892
1891
1901
1908
1909
1911
1903
1870
1844
1823
1781
1738
1697
1661
1634
1615
1597
1587
1580
1573
1574
1561
1574
1588
1595
1600
1601
1619
1644
1666
1690
1701
1711
1720
1729
1733
1728
1702
1689
1665
1630
1612
1577
1569
1556
1540
1560
1583
1597
1623
1658
1701
1744
1790
1825
1863
1885
1920
1926
1932
1947
1957
1975
1992
2005
2019
2020
2024
2018
2007
2007
2008
2004
2008
2023
2036
2048
2069
2075
2098
2118
2147
2172
2209
2221
2238
2240
2232
2222
2201
2187
2188
2131
2111
2093
2060
2040
2018
2015
1987
2008
2025
2055
2059
2070
2088
2105
2128
2159
2207
2257
2282
2336
2362
2387
2417
2425
2442
2439
2426
2422
2410
2407
2397
2374
2361
2335
2315
2284
2275
2240
2217
2198
2155
2145
2132
2131
2127
2120
2099
2082
2072
2076
2042
2020
1996
1979
1968
1971
1961
1966
1943
1933
1937
1926
1940
1937
1951
1948
1960
1966
1970
1974
2000
2029
2027
2050
2056
2052
2057
2059
2052
2053
2044
2043
2033
2018
2005
1985
1970
1957
1948
1954
1945
1958
1963
1978
1965
1983
1984
1985
1980
1959
1956
1966
1948
1957
1957
1964
1958
1949
1933
1934
1920
1889
1862
1840
1812
1776
1736
1705
1668
1620
1590
1556
1518
1476
1437
1402
1381
1363
1347
1330
1314
1309
1317
1308
1333
1340
1359
1388
1429
1466
1516
1550
1604
1634
1661
1681
1709
1726
1741
1767
1778
1809
1822
1843
1848
1868
1878
1875
1874
1885
1882
1878
1873
1856
1835
1806
1805
1794
1772
1772
1757
1756
1748
1717
1721
1725
1727
1719
1719
1731
1739
1742
1758
1765
1780
1802
1820
1839
1857
1893
1917
1941
1968
1982
1985
1990
1988
1996
1989
1986
1981
1978
1969
1955
1942
1938
1904
1882
1865
1858
1850
1846
1851
1842
1840
1832
1833
1846
1846
1852
1856
1861
1860
1873
1874
1873
1888
1895
1903
1911
1923
1923
1937
1961
1972
1983
1983
2001
1992
2000
1981
1980
1963
1965
1969
1972
1975
1971
1955
1975
1993
2002
2003
2001
1986
1965
1933
1912
1902
1888
1894
1909
1928
1949
1971
1995
2011
2045
2071
2103
2132
2160
2195
2225
2250
2290
2329
2359
2384
2425
2441
2470
2485
2491
2480
2478
2469
2428
2421
2389
2377
2378
2365
2363
2342
2335
2302
2292
2262
2243
2222
2205
2195
2184
2175
2171
2167
2170
2177
2196
2196
2220
2241
2250
2268
2297
2293
2296
2318
2334
2341
2351
2334
2325
2275
2241
2194
2134
2076
2028
1976
1927
1903
1891
1874
1876
1879
1896
1905
1914
1937
1957
1976
2003
2005
2009
2030
2046
2076
2107
2123
2147
2171
2196
2196
2204
2194
2191
2171
2151
2137
2122
2137
2123
2118
2141
2139
2152
2154
2170
2173
2164
2170
2183
2196
2218
2230
2246
2266
2283
2299
2307
2302
2292
2269
2256
2241
2241
2219
2215
2214
2196
2166
2156
2128
2114
2089
2069
2060
2041
2020
2001
1990
1980
1967
1953
1956
1939
1927
1903
1877
1852
1826
1811
1789
1774
1771
1756
1766
1784
1796
1812
1839
1850
1849
1846
1829
1816
1793
1791
1781
1774
1759
1763
1743
1730
1709
1683
1646
1606
1584
1550
1520
1488
1462
1447
1442
1446
1447
1470
1484
1475
1494
1481
1492
1493
1485
1489
1485
1500
1514
1523
1532
1538
1532
1523
1499
1488
1459
1452
1440
1437
1417
1412
1392
1369
1336
1311
1285
1256
1231
1224
1214
1214
1206
1216
1226
1241
1269
1302
1332
1363
1393
1425
1463
1481
1526
1559
1603
1651
1698
1741
1797
1846
1900
1945
1982
2006
2047
2071
2097
2094
2122
2126
2121
2151
2151
2170
2178
2171
2162
2147
2129
2128
2103
2092
2070
2040
2017
2001
1968
1959
1935
1918
1876
1833
1815
1769
1747
1727
1717
1721
1724
1733
1739
1753
1753
1782
1770
1802
1816
1832
1852
1870
1891
1922
1944
1951
1960
1953
1923
1917
1900
1883
1853
1835
1825
1804
1808
1832
1839
1843
1839
1824
1829
1844
1848
1881
1920
1977
2014
2084
2131
2191
2235
2276
2321
2339
2355
2355
2328
2299
2270
2244
2215
2198
2171
2156
2127
2087
2043
2022
2003
1973
1952
1939
1929
1919
1940
1954
1975
2018
2053
2104
2148
2185
2206
2231
2242
2259
2258
2247
2244
2210
2166
2137
2112
2082
2045
2014
1997
1955
1920
1899
1867
1842
1814
1808
1791
1805
1801
1808
1817
1834
1856
1875
1900
1921
1936
1960
1973
1988
2015
2047
2080
2111
2125
2145
2186
2190
2226
2236
2250
2275
2296
2298
2306
2303
2326
2321
2321
2304
2303
2298
2284
2280
2267
2275
2265
2235
2237
2217
2211
2206
2181
2156
2138
2135
2098
2098
2066
2048
2046
2031
2016
2008
2004
1982
1961
1955
1945
1959
1952
1956
1963
1951
1938
1948
1942
1950
1941
1942
1924
1916
1910
1889
1876
1876
1862
1852
1844
1834
1826
1812
1814
1796
1793
1790
1780
1769
1765
1745
1728
1725
1715
1709
1721
1720
1723
1723
1729
1753
1765
1778
1802
1815
1835
1855
1871
1901
1917
1938
1978
1996
2012
2019
2034
2043
2044
2053
2043
2041
2025
2001
1974
1960
1922
1901
1887
1891
1874
1881
1869
1862
1849
1850
1835
1837
1824
1826
1818
1787
1784
1749
1715
1701
1687
1672
1663
1661
1655
1660
1668
1690
1702
1730
1769
1797
1858
1894
1917
1938
1954
1992
2018
2035
2075
2084
2088
2080
2059
2043
2028
2008
1995
1954
1924
1880
1849
1813
1781
1757
1737
1718
1710
1702
1705
1701
1687
1677
1656
1653
1637
1642
1639
1637
1622
1628
1620
1617
1633
1668
1676
1718
1725
1744
1752
1742
1728
1717
1701
1662
1644
1630
1593
1551
1500
1458
1420
1404
1386
1390
1396
1405
1410
1450
1490
1533
1565
1619
1668
1716
1755
1792
1816
1843
1859
1879
1878
1870
1850
1835
1800
1774
1728
1682
1627
1592
1562
1529
1505
1493
1492
1498
1512
1520
1530
1561
1582
1631
1677
1723
1763
1790
1806
1850
1878
1913
1930
1963
1972
1991
1985
2004
2004
1998
1990
1975
1977
1937
1917
1898
1895
1876
1851
1864
1854
1852
1857
1852
1866
1879
1903
1917
1912
1929
1930
1934
1933
1929
1929
1941
1953
1966
1966
2000
2004
2030
2030
2045
2047
2059
2071
2094
2110
2120
2131
2153
2157
2178
2195
2207
2226
2237
2239
2259
2274
2272
2282
2282
2283
2293
2301
2315
2323
2324
2313
2306
2296
2289
2272
2243
2221
2187
2153
2113
2083
2045
2023
1987
1949
1917
1871
1860
1823
1787
1761
1741
1707
1697
1689
1686
1659
1645
1632
1626
1615
1596
1581
1568
1544
1523
1511
1503
1478
1473
1468
1473
1467
1470
1495
1498
1521
1527
1537
1549
1569
1572
1597
1631
1659
1670
1693
1706
1708
1695
1697
1702
1705
1700
1705
1692
1672
1659
1631
1614
1597
1579
1561
1556
1540
1521
1494
1488
1488
1485
1447
1448
1421
1403
1391
1369
1328
1311
1280
1269
1231
1215
1203
1193
1184
1168
1160
1145
1145
1135
1109
1099
1071
1048
1032
1016
1000
982
967
970
966
963
957
951
943
928
909
914
903
886
885
879
887
876
879
884
886
888
879
878
884
879
868
871
857
855
848
845
849
858
858
875
884
904
918
947
959
979
993
1015
1043
1053
1083
1109
1132
1156
1188
1223
1244
1267
1284
1300
1312
1316
1315
1338
1330
1332
1334
1328
1330
1340
1344
1335
1316
1300
1277
1266
1261
1258
1257
1267
1256
1252
1234
1236
1212
1210
1197
1174
1146
1129
1116
1121
1145
1154
1158
1161
1168
1179
1183
1195
1204
1216
1245
1288
1300
1327
1338
1358
1373
1385
1375
1379
1370
1353
1331
1311
1303
1290
1265
1250
1223
1219
1207
1226
1228
1251
1249
1259
1256
1257
1262
1278
1288
1310
1316
1333
1340
1333
1336
1345
1351
1332
1318
1317
1312
1302
1288
1281
1273
1269
1265
1267
1261
1262
1248
1240
1241
1233
1227
1226
1223
1226
1232
1237
1241
1254
1264
1283
1292
1301
1320
1324
1345
1374
1389
1416
1430
1454
1469
1484
1496
1505
1512
1527
1534
1528
1518
1545
1539
1542
1559
1558
1558
1557
1537
1534
1524
1519
1526
1504
1472
1468
1456
1436
1439
1427
1412
1410
1402
1383
1392
1396
1404
1432
1449
1469
1485
1497
1517
1539
1547
1552
1553
1569
1581
1586
1579
1569
1557
1566
1558
1551
1523
1512
1505
1489
1473
1453
1425
1408
1374
1362
1329
1304
1292
1277
1248
1238
1217
1195
1170
1149
1111
1095
1077
1063
1038
1020
1003
987
962
934
892
851
800
755
706
672
633
611
575
549
527
504
487
467
454
453
448
443
437
446
452
467
474
495
514
534
569
578
601
622
633
654
665
682
703
724
739
765
782
805
827
842
857
868
896
902
914
921
937
948
962
970
981
1003
1008
1026
1040
1048
1053
1047
1064
1070
1075
1074
1072
1067
1062
1060
1052
1053
1045
1033
1034
1035
1027
1016
1012
999
971
970
958
944
918
894
881
855
822
802
759
729
701
659
622
593
564
537
517
506
486
482
459
452
446
428
426
433
432
437
446
456
469
485
499
524
551
567
600
632
658
685
718
746
787
810
838
864
899
910
939
965
977
991
994
1010
1009
1021
1029
1032
1020
1024
1019
1032
1036
1048
1048
1056
1055
1062
1059
1064
1058
1081
1085
1103
1112
1124
1128
1138
1145
1161
1171
1177
1182
1172
1185
1176
1182
1190
1183
1187
1164
1166
1166
1165
1168
1168
1176
1171
1173
1170
1173
1179
1192
1185
1186
1203
1200
1198
1202
1188
1184
1167
1165
1158
1159
1164
1175
1175
1176
1177
1179
1181
1181
1177
1181
1187
1198
1204
1204
1211
1216
1233
1237
1248
1244
1245
1262
1257
1250
1246
1236
1238
1230
1224
1232
1230
1240
1239
1230
1236
1235
1234
1229
1233
1234
1238
1220
1218
1208
1206
1198
1203
1215
1220
1225
1223
1217
1220
1222
1227
1224
1218
1217
1207
1195
1188
1169
1160
1156
1134
1110
1096
1080
1055
1060
1061
1067
1072
1062
1069
1077
1082
1089
1100
1091
1097
1102
1119
1123
1127
1121
1127
1136
1131
1130
1134
1125
1114
1106
1088
1071
1042
1029
1015
998
986
981
971
968
967
956
953
958
963
955
958
957
966
966
973
976
991
996
993
1004
992
987
990
968
963
948
944
937
923
908
907
894
897
887
883
885
878
870
864
844
838
821
820
813
799
797
805
805
795
784
780
785
772
765
765
764
765
761
761
755
757
755
766
768
761
755
752
757
746
743
749
751
744
742
738
732
717
715
709
698
701
704
704
713
710
712
716
714
707
705
711
704
703
699
706
711
708
702
704
706
712
717
722
712
722
722
714
709
705
701
688
691
688
683
699
692
688
685
682
677
672
664
659
656
643
623
614
602
597
599
601
589
584
563
556
538
534
525
523
515
512
503
510
496
495
486
490
493
493
495
498
496
500
499
503
503
508
517
524
536
543
544
556
559
557
561
562
557
559
555
554
549
545
548
554
556
565
565
576
577
565
564
569
567
563
560
560
554
552
547
551
543
541
540
542
533
534
536
528
527
525
519
524
524
518
518
518
505
513
505
508
498
492
489
488
485
475
467
469
466
467
474
469
474
472
480
480
483
485
480
484
487
496
496
501
500
501
504
505
502
507
499
493
480
482
477
475
475
473
467
466
457
462
457
461
462
459
453
454
452
455
447
455
458
460
458
463
459
449
445
441
436
444
431
436
427
430
435
428
425
423
424
430
428
425
426
430
428
439
437
442
448
447
449
455
460
462
462
464
460
418
242
-5
-1
-3
0
-2
-1
1
-2
458
443
-4
-1
0
0
0

