;UFOS3
;Measurement details: channel = Z, date = 01.06.2018, time = 14:27:30
Exposure=245
Gain=0
Temperature=22.4
Accummulate=4
1.993 mu
2.014 amas
29.807 hs
0 ozone
0 uva
0 uvb
0 uve
[Value]
0
361
361
362
360
361
361
362
395
395
410
404
397
401
418
407
408
389
411
412
404
397
431
418
417
399
435
423
412
412
438
417
408
401
435
422
425
393
431
426
403
396
435
421
418
396
436
429
410
398
426
414
398
404
435
417
398
400
433
420
415
397
426
415
407
395
446
416
411
394
429
412
403
409
440
427
411
401
423
417
413
404
439
420
411
400
433
423
399
402
434
422
404
405
433
426
399
394
441
415
397
399
421
420
407
397
432
416
407
396
429
423
405
403
434
419
408
402
432
421
411
411
444
431
414
404
423
421
408
400
418
415
409
401
437
432
408
407
427
421
418
408
427
425
406
404
430
419
399
426
426
421
399
395
443
425
418
398
435
428
399
399
428
424
420
416
432
426
425
399
432
426
414
417
429
422
404
406
435
413
406
397
435
426
412
405
447
424
414
409
421
441
406
409
434
430
414
405
445
419
414
402
429
423
413
402
433
416
414
404
435
422
400
417
426
420
410
394
424
429
420
399
437
425
413
405
426
415
406
394
432
419
404
402
431
425
409
405
434
421
420
404
429
426
409
409
437
416
418
402
430
420
410
400
432
432
410
412
444
420
401
420
436
424
416
394
429
417
414
395
424
417
404
412
433
422
409
404
451
431
413
399
426
429
416
394
432
416
408
408
422
430
411
398
427
425
409
405
433
418
415
399
432
426
414
412
429
415
416
392
432
430
425
403
436
425
412
408
429
425
406
404
425
421
407
405
431
417
421
407
441
418
412
403
431
420
422
397
442
434
407
405
427
433
406
409
431
432
414
403
441
428
406
412
429
415
408
402
441
417
426
409
438
420
425
402
454
422
415
411
426
425
419
403
431
430
414
406
437
423
413
400
425
420
409
410
428
421
411
402
425
424
409
399
432
421
414
397
432
431
415
403
441
429
418
404
440
414
416
404
435
420
411
399
428
423
422
406
434
418
413
416
424
421
407
403
432
424
420
406
428
426
403
393
452
425
403
410
430
424
415
408
423
425
404
405
428
427
416
397
435
416
410
412
427
418
416
413
431
428
423
401
435
420
410
409
429
423
408
407
434
424
416
398
433
417
417
417
437
423
426
410
429
420
414
408
435
422
410
407
428
419
415
405
437
415
415
403
451
418
424
411
440
414
404
420
424
425
409
405
430
415
416
400
442
422
410
417
432
418
415
411
429
420
415
404
425
423
415
421
432
423
417
411
430
419
417
413
428
425
414
414
425
425
422
405
428
419
411
401
429
419
419
408
433
426
427
419
437
418
409
411
434
421
415
415
437
425
412
408
432
420
419
399
432
424
417
411
425
422
412
409
435
429
410
412
434
426
410
415
431
423
412
419
444
414
423
406
426
421
422
419
446
421
416
410
430
419
415
412
430
419
409
412
444
421
408
410
434
421
428
406
434
419
415
407
441
423
404
415
428
419
433
406
433
420
412
403
432
424
410
403
427
424
402
407
430
410
428
412
433
419
414
404
430
422
408
400
436
421
411
413
429
421
416
413
443
426
415
400
434
419
417
415
441
421
415
416
433
415
410
404
432
413
422
407
430
423
420
416
440
419
416
394
424
425
414
407
425
420
418
411
420
419
412
411
427
422
414
404
439
425
416
415
429
411
414
415
426
427
419
407
434
430
411
417
431
420
425
418
429
422
421
470
434
429
431
405
436
423
420
414
430
419
414
413
434
420
420
414
435
423
421
411
435
420
423
414
431
421
413
417
434
433
424
406
436
414
412
412
443
431
426
414
436
422
418
416
431
425
413
417
434
424
422
416
437
421
424
411
433
423
420
404
436
421
420
416
429
424
424
415
448
425
421
415
433
421
413
413
431
426
422
413
449
427
426
425
435
425
431
415
440
432
439
423
431
435
422
418
435
435
427
426
442
437
425
417
439
428
441
427
446
434
425
424
439
434
424
424
446
437
438
432
441
434
423
418
451
436
435
431
444
436
429
418
446
433
436
429
450
440
435
426
445
444
446
449
461
439
438
435
450
443
441
444
458
450
445
442
465
448
450
446
462
462
455
447
462
451
449
445
461
459
452
445
467
457
456
444
462
453
451
454
465
453
462
448
466
461
449
450
476
457
469
446
477
463
461
457
474
467
468
461
486
472
487
454
485
472
487
462
491
485
481
478
504
496
478
480
500
508
489
483
503
497
508
492
510
500
500
500
513
497
510
495
511
508
509
496
510
504
504
497
512
503
514
502
515
503
512
503
518
506
509
501
514
507
498
489
513
511
518
494
517
510
511
510
524
510
508
513
534
525
523
519
541
541
532
522
542
535
540
535
547
542
550
532
563
562
572
550
572
580
571
568
588
584
589
588
620
615
613
618
632
631
638
635
657
644
643
660
664
666
662
664
676
668
672
664
674
671
679
682
691
679
673
677
692
678
678
665
689
687
685
677
702
699
698
692
714
710
707
700
727
718
717
712
736
718
728
733
750
748
746
753
757
745
755
737
773
754
769
749
776
767
761
751
766
761
775
760
775
770
783
769
791
782
786
795
804
808
808
813
825
825
821
808
826
809
816
810
821
817
811
801
820
808
819
822
829
823
827
828
847
852
871
873
891
889
909
887
905
888
900
883
899
895
882
872
876
855
846
828
839
824
810
794
803
789
791
793
796
789
795
791
816
804
819
819
850
842
855
861
899
887
916
911
935
934
948
945
957
960
959
965
987
973
1001
989
1013
1003
1020
1019
1045
1031
1049
1035
1059
1054
1057
1056
1062
1065
1044
1024
1027
1014
1015
983
986
982
966
959
974
971
974
957
1000
963
983
973
993
996
1002
1023
1045
1053
1089
1096
1138
1135
1149
1165
1175
1172
1189
1174
1188
1186
1206
1186
1183
1172
1182
1171
1178
1161
1155
1160
1165
1156
1159
1157
1172
1168
1183
1185
1200
1213
1218
1244
1262
1261
1283
1287
1315
1330
1345
1356
1386
1396
1412
1410
1444
1441
1470
1466
1499
1487
1526
1491
1493
1485
1480
1458
1463
1432
1424
1391
1387
1368
1361
1333
1336
1316
1315
1301
1314
1290
1308
1308
1332
1333
1356
1340
1387
1392
1399
1402
1420
1405
1432
1432
1439
1437
1451
1430
1433
1403
1398
1360
1360
1328
1307
1279
1270
1251
1240
1222
1214
1218
1221
1204
1235
1226
1222
1226
1244
1226
1239
1242
1262
1261
1284
1278
1290
1283
1322
1319
1350
1355
1366
1368
1394
1385
1391
1401
1419
1415
1438
1435
1459
1458
1470
1457
1461
1457
1465
1448
1479
1459
1455
1446
1456
1442
1449
1446
1435
1425
1419
1409
1415
1409
1429
1412
1422
1419
1428
1423
1447
1420
1438
1433
1435
1444
1460
1459
1487
1512
1525
1526
1559
1565
1599
1593
1642
1646
1673
1674
1703
1717
1726
1725
1736
1740
1725
1715
1718
1728
1752
1741
1749
1758
1756
1761
1794
1782
1796
1794
1823
1812
1836
1837
1847
1857
1864
1857
1868
1871
1875
1838
1869
1865
1849
1836
1843
1815
1828
1815
1823
1815
1817
1810
1829
1830
1858
1870
1884
1884
1885
1873
1877
1880
1887
1866
1890
1886
1895
1891
1915
1899
1916
1887
1917
1905
1912
1933
1962
1951
1975
2015
2025
2047
2067
2085
2107
2132
2156
2190
2220
2243
2290
2297
2327
2340
2386
2380
2406
2412
2415
2396
2387
2355
2355
2343
2340
2333
2348
2330
2327
2326
2336
2339
2344
2334
2342
2334
2319
2295
2290
2258
2254
2225
2229
2188
2177
2117
2111
2073
2067
2041
2029
2024
2020
2012
1995
1968
1946
1918
1904
1861
1856
1850
1843
1842
1834
1826
1835
1833
1864
1858
1888
1902
1936
1944
1976
2000
2020
2023
2048
2049
2055
2047
2032
2024
2021
2000
2007
1995
1993
1982
1976
1964
1942
1942
1943
1938
1934
1927
1917
1913
1928
1916
1955
1948
1965
1959
1951
1953
1943
1940
1927
1904
1913
1881
1879
1863
1839
1839
1838
1824
1830
1812
1815
1805
1791
1787
1800
1783
1801
1784
1806
1809
1822
1833
1856
1875
1896
1926
1950
1959
1970
1970
1992
1988
2007
1988
1971
1969
1966
1964
1981
1979
1993
1984
1998
1986
2013
1987
2012
2013
2013
2027
2050
2058
2091
2082
2102
2092
2102
2101
2099
2066
2057
2015
1994
1933
1909
1883
1851
1842
1826
1812
1809
1798
1804
1778
1816
1804
1823
1816
1854
1849
1875
1877
1904
1924
1936
1925
1947
1937
1939
1914
1908
1882
1867
1835
1810
1802
1782
1766
1813
1813
1838
1853
1892
1936
1975
2002
2053
2072
2093
2121
2128
2137
2154
2162
2186
2193
2196
2212
2215
2209
2223
2217
2221
2211
2210
2213
2222
2239
2251
2269
2275
2287
2321
2345
2369
2388
2427
2412
2428
2429
2424
2400
2384
2388
2346
2330
2297
2277
2261
2228
2233
2205
2218
2245
2262
2268
2295
2296
2312
2328
2368
2404
2454
2471
2540
2542
2579
2592
2623
2626
2633
2617
2617
2601
2607
2596
2581
2556
2542
2507
2489
2472
2459
2411
2420
2362
2357
2343
2350
2342
2342
2328
2317
2294
2300
2283
2274
2231
2223
2204
2207
2186
2211
2181
2181
2178
2188
2173
2172
2188
2184
2198
2213
2218
2229
2247
2268
2271
2286
2298
2295
2294
2291
2285
2289
2282
2274
2281
2271
2244
2245
2205
2220
2212
2202
2206
2219
2206
2242
2215
2244
2233
2232
2238
2217
2213
2226
2213
2220
2204
2226
2223
2228
2189
2184
2177
2164
2127
2118
2089
2050
2005
1997
1955
1901
1872
1844
1825
1782
1733
1722
1671
1684
1629
1649
1621
1625
1627
1616
1634
1659
1662
1701
1738
1784
1803
1863
1890
1934
1957
1983
2005
2026
2033
2054
2064
2097
2107
2139
2139
2152
2151
2167
2160
2175
2161
2169
2152
2143
2123
2109
2104
2100
2062
2072
2059
2051
2036
2034
2022
2020
2019
2030
2022
2040
2030
2049
2039
2063
2083
2105
2118
2138
2155
2188
2219
2232
2262
2271
2283
2280
2280
2287
2288
2283
2284
2281
2269
2265
2231
2238
2195
2192
2167
2175
2158
2157
2153
2151
2146
2148
2130
2150
2162
2155
2155
2163
2166
2180
2178
2184
2187
2208
2208
2228
2237
2243
2260
2279
2288
2293
2291
2315
2318
2314
2277
2298
2273
2277
2277
2290
2284
2275
2272
2292
2303
2321
2315
2323
2297
2278
2245
2242
2221
2220
2216
2233
2243
2271
2283
2315
2338
2361
2377
2435
2456
2480
2506
2542
2574
2624
2630
2671
2702
2735
2750
2790
2793
2803
2788
2787
2763
2737
2729
2711
2690
2694
2665
2684
2665
2668
2632
2617
2571
2578
2536
2532
2511
2505
2505
2518
2499
2499
2498
2508
2522
2561
2560
2596
2595
2620
2620
2632
2650
2675
2654
2680
2671
2655
2615
2581
2523
2474
2418
2371
2315
2273
2234
2227
2217
2219
2220
2245
2240
2262
2279
2315
2322
2352
2348
2366
2378
2405
2419
2463
2479
2511
2512
2562
2547
2550
2550
2553
2530
2512
2501
2486
2497
2482
2489
2498
2506
2510
2499
2532
2544
2528
2528
2547
2560
2579
2590
2598
2616
2653
2644
2678
2673
2670
2637
2637
2604
2602
2581
2599
2566
2564
2543
2532
2494
2489
2447
2438
2420
2410
2405
2392
2372
2353
2333
2344
2340
2317
2296
2291
2266
2229
2192
2195
2161
2155
2152
2145
2140
2157
2177
2207
2227
2246
2227
2234
2221
2208
2188
2178
2174
2158
2152
2153
2137
2135
2080
2079
2050
2018
1961
1940
1913
1885
1859
1855
1832
1832
1829
1871
1870
1886
1877
1887
1898
1888
1882
1909
1897
1912
1905
1943
1945
1935
1928
1935
1910
1892
1861
1872
1855
1846
1805
1815
1804
1763
1740
1728
1686
1652
1631
1638
1611
1630
1607
1628
1636
1649
1668
1715
1742
1768
1804
1849
1877
1904
1928
1986
2019
2061
2117
2170
2202
2264
2304
2373
2395
2434
2463
2500
2532
2528
2538
2573
2559
2571
2575
2610
2598
2603
2590
2587
2571
2561
2527
2521
2500
2463
2432
2429
2413
2397
2365
2355
2309
2269
2225
2218
2165
2151
2147
2158
2153
2172
2168
2191
2193
2187
2205
2236
2250
2268
2285
2310
2324
2365
2356
2394
2398
2397
2356
2358
2333
2315
2281
2282
2267
2244
2245
2273
2284
2279
2281
2278
2276
2275
2287
2331
2373
2427
2472
2539
2591
2652
2683
2751
2790
2797
2809
2820
2798
2766
2739
2712
2683
2646
2616
2617
2583
2544
2489
2497
2455
2425
2397
2406
2381
2379
2383
2412
2428
2474
2512
2582
2613
2654
2665
2713
2705
2737
2699
2725
2716
2678
2639
2615
2580
2563
2505
2511
2474
2424
2382
2370
2334
2297
2279
2286
2267
2259
2246
2279
2294
2303
2314
2365
2368
2395
2403
2453
2435
2471
2484
2541
2555
2592
2589
2643
2675
2698
2711
2738
2749
2768
2787
2818
2816
2798
2805
2840
2822
2811
2784
2804
2782
2768
2765
2771
2761
2741
2745
2722
2720
2702
2661
2665
2642
2628
2588
2595
2561
2550
2523
2532
2521
2498
2493
2506
2470
2455
2433
2459
2457
2455
2446
2467
2453
2448
2427
2455
2454
2447
2426
2432
2408
2381
2368
2372
2369
2356
2341
2346
2330
2300
2303
2313
2289
2286
2273
2284
2269
2242
2229
2236
2217
2228
2197
2234
2213
2226
2220
2278
2270
2294
2296
2327
2345
2367
2382
2421
2443
2461
2486
2528
2530
2542
2556
2582
2577
2567
2557
2575
2548
2515
2495
2497
2452
2432
2387
2431
2414
2410
2384
2389
2367
2391
2354
2381
2342
2341
2327
2311
2304
2267
2224
2226
2211
2196
2167
2198
2177
2177
2172
2215
2217
2262
2290
2343
2379
2412
2455
2496
2512
2528
2561
2604
2634
2610
2622
2646
2628
2586
2575
2585
2543
2505
2456
2437
2389
2352
2315
2297
2274
2248
2228
2243
2250
2234
2209
2222
2187
2183
2156
2197
2170
2163
2162
2174
2141
2161
2176
2220
2223
2264
2273
2314
2310
2299
2280
2261
2238
2189
2172
2168
2133
2087
2012
2007
1948
1912
1905
1915
1913
1925
1923
1993
2028
2067
2099
2184
2229
2262
2294
2361
2378
2401
2407
2462
2453
2430
2414
2421
2381
2316
2278
2245
2181
2137
2089
2075
2042
2021
2031
2053
2056
2056
2072
2120
2136
2190
2226
2287
2326
2373
2384
2437
2472
2491
2515
2559
2568
2572
2568
2600
2612
2584
2571
2576
2543
2527
2487
2496
2481
2461
2431
2445
2453
2437
2424
2453
2452
2470
2486
2522
2512
2520
2501
2532
2521
2515
2504
2552
2556
2550
2567
2620
2621
2629
2634
2664
2659
2664
2681
2716
2716
2729
2750
2785
2781
2806
2812
2858
2866
2867
2864
2893
2917
2898
2918
2943
2928
2933
2945
2964
2974
2975
2948
2972
2942
2933
2911
2906
2852
2823
2777
2770
2717
2676
2636
2612
2574
2537
2478
2479
2425
2378
2360
2354
2318
2292
2269
2279
2271
2237
2212
2229
2202
2181
2156
2153
2124
2095
2079
2106
2050
2046
2040
2060
2040
2045
2061
2101
2116
2108
2124
2164
2166
2170
2184
2244
2261
2274
2292
2326
2333
2314
2304
2334
2345
2313
2324
2322
2288
2279
2241
2244
2195
2187
2155
2177
2148
2121
2078
2104
2091
2077
2032
2048
2028
1996
1951
1962
1930
1891
1861
1860
1808
1787
1756
1773
1738
1732
1708
1721
1714
1691
1664
1668
1635
1590
1579
1576
1548
1526
1500
1521
1508
1504
1487
1492
1471
1465
1433
1464
1445
1416
1410
1435
1413
1409
1408
1428
1415
1412
1410
1427
1411
1414
1397
1413
1400
1381
1367
1393
1386
1383
1381
1424
1442
1423
1450
1499
1523
1539
1543
1583
1614
1617
1644
1694
1717
1726
1767
1838
1845
1869
1883
1932
1924
1926
1911
1958
1940
1935
1934
1947
1945
1951
1934
1966
1929
1902
1871
1884
1872
1842
1866
1888
1863
1849
1832
1844
1817
1802
1789
1781
1750
1701
1682
1730
1737
1740
1733
1772
1767
1773
1762
1800
1815
1826
1847
1894
1923
1937
1961
1993
2032
2014
2001
2006
2001
1981
1951
1954
1921
1896
1864
1870
1849
1820
1805
1849
1852
1847
1844
1883
1880
1866
1874
1901
1919
1939
1941
1977
1962
1955
1967
1984
1986
1958
1945
1943
1944
1932
1905
1913
1907
1882
1890
1897
1873
1877
1858
1863
1858
1847
1828
1852
1835
1843
1837
1869
1867
1877
1876
1926
1928
1942
1942
1966
1991
2015
2029
2072
2088
2110
2127
2155
2181
2180
2180
2213
2218
2208
2194
2232
2223
2221
2227
2258
2262
2236
2218
2234
2200
2205
2193
2201
2142
2151
2117
2119
2125
2094
2064
2077
2070
2052
2040
2073
2063
2099
2117
2155
2164
2180
2212
2258
2231
2248
2240
2295
2289
2290
2284
2282
2267
2268
2253
2270
2226
2208
2199
2199
2152
2129
2096
2086
2056
2030
1987
1987
1944
1927
1894
1889
1867
1821
1788
1783
1731
1723
1692
1691
1657
1627
1603
1596
1561
1526
1468
1450
1373
1320
1252
1224
1173
1129
1092
1079
1036
1014
976
978
955
944
935
943
938
935
947
967
979
1000
1002
1058
1091
1108
1130
1169
1174
1194
1203
1242
1260
1274
1300
1346
1367
1378
1393
1441
1456
1465
1476
1511
1518
1527
1524
1564
1583
1583
1606
1641
1638
1656
1659
1699
1689
1685
1701
1727
1712
1720
1699
1732
1707
1706
1699
1702
1685
1678
1667
1660
1663
1647
1636
1641
1610
1583
1554
1570
1530
1495
1475
1464
1433
1380
1330
1319
1273
1223
1160
1158
1099
1074
1037
1034
1000
1005
960
966
962
932
926
933
941
932
946
975
975
1004
1020
1060
1090
1107
1127
1191
1222
1250
1281
1342
1385
1404
1432
1487
1511
1523
1558
1612
1619
1628
1621
1669
1672
1659
1658
1673
1679
1679
1656
1694
1703
1691
1693
1721
1715
1722
1717
1755
1721
1745
1743
1792
1785
1797
1788
1830
1836
1847
1851
1875
1854
1853
1867
1871
1874
1879
1881
1877
1857
1861
1843
1854
1852
1861
1841
1879
1861
1865
1860
1876
1876
1891
1880
1907
1897
1901
1900
1898
1873
1868
1848
1854
1856
1858
1869
1874
1878
1872
1877
1894
1881
1888
1865
1902
1917
1919
1911
1935
1935
1944
1941
1976
1969
1970
1977
1990
1978
1963
1945
1961
1957
1951
1937
1950
1957
1953
1953
1973
1961
1946
1948
1969
1960
1950
1922
1945
1937
1906
1905
1926
1931
1933
1942
1961
1936
1943
1932
1955
1952
1947
1922
1937
1916
1906
1860
1882
1857
1829
1791
1807
1760
1739
1731
1774
1763
1772
1757
1765
1768
1764
1783
1812
1786
1804
1788
1822
1827
1829
1812
1833
1848
1853
1825
1864
1833
1828
1797
1802
1754
1733
1701
1701
1681
1654
1637
1652
1647
1632
1613
1634
1628
1622
1611
1640
1623
1627
1632
1663
1648
1661
1666
1681
1684
1675
1649
1687
1644
1629
1618
1630
1612
1592
1565
1575
1561
1544
1551
1559
1538
1522
1509
1521
1492
1487
1455
1476
1441
1439
1426
1443
1468
1429
1409
1428
1407
1408
1390
1404
1398
1390
1378
1397
1391
1377
1366
1400
1403
1393
1376
1378
1386
1376
1368
1381
1373
1385
1359
1371
1355
1329
1322
1341
1325
1309
1306
1328
1346
1328
1326
1337
1341
1330
1309
1333
1324
1325
1304
1326
1331
1329
1321
1328
1332
1333
1336
1352
1331
1343
1337
1352
1339
1310
1308
1318
1305
1309
1286
1323
1309
1304
1279
1313
1291
1289
1274
1277
1255
1236
1218
1223
1200
1202
1192
1201
1187
1186
1134
1140
1112
1109
1083
1102
1093
1067
1053
1077
1065
1051
1036
1064
1064
1052
1048
1078
1067
1057
1073
1083
1075
1083
1073
1112
1121
1119
1130
1150
1140
1133
1134
1163
1143
1139
1132
1157
1145
1123
1116
1148
1147
1157
1151
1175
1171
1157
1147
1171
1162
1157
1149
1161
1144
1141
1127
1146
1137
1128
1106
1132
1118
1116
1114
1118
1111
1116
1096
1107
1100
1095
1086
1109
1090
1084
1069
1106
1076
1058
1062
1069
1061
1042
1020
1045
1031
1034
1030
1050
1046
1030
1040
1062
1048
1054
1050
1066
1059
1064
1060
1081
1079
1075
1090
1103
1088
1082
1057
1074
1059
1060
1041
1049
1034
1031
1029
1046
1032
1021
1013
1046
1025
1014
1013
1019
1014
1015
1009
1023
1038
1032
1027
1030
1020
1007
999
993
1000
997
996
1002
990
997
976
993
980
982
973
1005
987
974
965
1000
989
999
999
1017
1013
1011
1001
1042
1031
1041
1032
1039
1021
962
742
358
361
359
360
359
361
359
360
1045
995
357
361
361
0
0

