;UFOS3
;Measurement details: channel = D, date = 01.06.2018, time = 14:38:44
Exposure=590
Gain=0
Temperature=22.5
Accummulate=4
2.08 mu
2.104 amas
28.409 hs
0 ozone
0 uva
0 uvb
0 uve
[Value]
0
362
360
361
360
362
363
363
407
413
465
450
416
421
466
436
435
410
475
449
438
418
489
449
439
415
475
450
436
443
483
467
434
423
484
462
449
414
463
456
424
419
488
467
443
419
484
464
434
423
465
465
417
430
479
455
415
425
480
452
438
416
461
449
433
419
488
452
431
417
483
455
421
436
483
455
431
416
464
453
432
428
475
448
429
428
471
457
416
425
494
466
425
430
481
472
420
412
482
462
413
426
470
459
427
429
482
455
430
421
476
452
423
434
477
459
423
427
471
450
427
431
482
456
435
432
472
463
430
423
465
450
427
418
472
474
423
434
470
445
445
432
471
459
421
427
471
469
417
463
478
460
417
422
479
456
451
423
472
471
413
417
461
457
447
446
466
460
447
419
477
453
438
450
475
460
421
436
481
446
422
420
471
464
438
427
491
458
435
441
466
481
418
438
464
455
433
430
480
451
431
422
477
458
435
423
466
441
433
428
488
455
417
438
465
455
426
419
466
476
445
419
471
451
435
433
487
451
423
410
475
449
416
432
471
457
424
429
450
456
449
424
465
458
427
438
472
446
444
428
467
453
430
426
467
482
430
442
477
456
422
468
478
456
437
409
458
456
435
414
463
447
420
438
476
464
428
433
469
460
432
422
468
473
432
413
480
445
434
430
473
473
428
421
460
459
428
422
474
457
439
420
474
459
442
437
460
450
433
410
469
462
452
423
468
460
432
430
471
454
419
429
471
453
421
430
462
452
439
428
482
457
429
428
476
452
449
411
482
477
428
426
463
468
420
437
489
462
430
427
474
456
418
431
453
445
423
427
468
448
447
427
468
455
447
424
485
451
439
433
461
459
438
427
460
464
432
424
465
452
434
423
480
451
426
436
460
447
428
427
472
465
421
420
466
443
433
419
467
488
434
424
476
475
429
424
493
445
439
426
467
451
428
418
459
452
450
433
461
450
430
437
463
459
426
419
474
443
439
424
471
452
422
410
479
464
415
435
482
462
437
431
455
468
418
423
470
458
434
412
470
440
425
451
467
446
436
438
473
464
448
419
468
454
432
431
462
460
422
432
463
475
435
413
473
442
432
445
475
455
444
433
478
447
428
432
464
453
425
432
464
448
434
422
474
446
435
423
499
445
446
433
476
447
418
447
459
464
426
425
474
446
437
420
461
450
427
447
466
453
432
431
468
443
431
422
464
459
428
457
478
453
433
432
464
459
437
434
466
465
435
433
449
454
440
425
465
454
423
414
462
445
443
426
459
452
450
439
473
452
422
430
475
453
434
442
470
464
430
424
465
446
434
418
470
463
434
436
469
448
431
429
461
456
427
430
467
451
427
435
472
454
426
448
481
440
441
423
465
445
444
441
467
449
434
430
464
439
430
432
471
448
423
440
464
451
417
436
466
448
445
424
477
441
427
432
484
448
416
435
461
457
477
424
476
443
425
417
454
448
424
421
451
455
414
423
457
434
449
437
459
442
435
416
456
453
421
416
460
447
431
432
463
448
440
436
470
455
430
416
470
443
432
430
465
441
436
440
470
441
425
424
467
438
437
421
461
453
433
434
480
438
432
407
452
450
428
424
453
447
436
428
443
439
426
425
452
447
423
419
465
454
427
436
452
436
427
439
454
455
428
426
465
458
423
437
455
453
442
444
455
456
438
573
459
461
453
429
454
449
431
432
460
436
425
432
463
434
437
431
471
454
438
434
458
435
438
425
464
448
428
432
455
466
440
418
461
449
422
428
467
458
437
432
462
437
428
436
447
456
425
437
461
447
433
435
451
442
435
427
461
443
432
420
471
446
435
436
444
449
434
432
471
441
438
431
461
445
421
428
460
445
428
428
461
440
435
436
459
438
444
426
454
446
453
433
450
452
431
430
458
454
439
440
459
455
430
421
447
441
451
440
451
447
422
429
454
449
423
434
458
444
439
436
457
440
419
421
462
453
441
441
452
447
426
420
446
434
433
433
460
455
437
428
457
449
440
464
458
437
432
431
453
447
429
439
448
453
431
438
462
440
429
433
447
451
443
429
456
441
429
428
456
444
437
438
454
456
432
425
457
437
433
444
450
440
438
434
452
449
426
431
459
444
450
427
464
444
433
434
448
452
434
436
456
444
462
418
455
444
446
421
451
458
428
432
464
451
418
429
456
471
437
427
445
444
447
436
456
438
442
444
455
440
456
435
456
449
446
430
449
439
436
430
447
438
463
435
448
438
447
444
452
443
436
435
456
446
425
423
460
446
450
426
451
438
438
440
445
441
424
424
449
449
433
428
453
454
433
432
453
444
439
439
448
443
437
424
458
449
449
425
450
452
429
432
443
433
430
431
460
447
435
438
448
450
443
445
459
445
432
451
451
452
439
440
448
444
434
430
430
435
444
445
463
451
427
441
460
442
440
428
450
454
440
427
446
446
440
438
460
458
442
431
448
451
441
432
455
427
429
437
460
452
441
444
450
443
442
425
462
440
446
427
458
459
434
428
446
440
455
441
454
446
449
438
454
452
434
445
446
440
432
435
455
452
440
434
458
437
440
442
458
449
445
438
454
440
433
451
453
441
436
445
439
456
451
439
446
447
445
428
442
433
437
419
439
453
440
438
449
440
436
436
446
450
436
430
448
438
437
448
447
440
436
433
454
438
438
436
453
437
434
430
466
437
448
448
452
443
449
441
446
445
434
438
454
444
455
438
453
440
449
449
461
444
449
432
442
440
428
435
443
470
439
439
448
450
462
437
443
452
435
438
459
444
444
432
491
447
448
443
450
448
434
438
440
436
440
440
448
435
430
432
442
434
447
426
450
444
456
436
444
444
440
442
450
447
440
454
441
442
437
439
445
436
439
440
459
452
443
447
465
443
443
432
442
452
442
444
457
453
450
432
454
438
445
431
447
432
458
438
452
445
449
432
448
436
442
434
452
451
463
435
444
440
443
442
464
433
430
441
441
442
447
426
456
449
450
432
443
426
447
440
453
438
451
443
460
435
452
417
435
430
433
434
440
444
443
438
434
447
449
431
469
438
427
444
465
436
435
431
437
438
448
443
441
434
448
446
452
446
450
442
458
444
442
438
450
439
448
434
458
440
447
433
443
438
442
433
453
440
429
444
456
447
446
457
443
444
439
433
444
440
457
435
444
436
439
438
449
442
440
445
428
443
445
442
451
451
446
435
445
451
441
428
455
444
438
448
445
443
446
435
439
441
441
431
440
443
450
441
428
442
437
431
452
439
448
441
449
444
453
440
447
448
457
454
447
452
451
432
446
445
436
426
448
444
447
442
461
454
441
435
441
438
457
454
451
444
460
450
448
444
445
425
451
442
450
435
452
441
451
433
450
442
425
452
454
432
425
455
434
439
441
439
438
454
439
449
458
446
460
455
439
435
453
442
447
446
451
433
440
428
448
434
446
433
449
440
442
434
450
443
450
432
447
448
437
433
444
446
442
436
465
439
446
429
447
434
451
439
443
451
439
441
436
447
446
448
444
444
436
441
440
452
433
441
449
434
449
431
441
438
449
449
441
450
439
438
451
440
451
443
442
446
448
432
449
445
439
434
436
448
436
438
439
440
452
444
440
448
438
429
458
439
446
440
432
437
437
442
431
434
439
432
454
441
431
448
443
434
432
434
432
433
431
434
436
440
454
440
452
448
450
437
434
441
445
460
447
431
442
434
438
433
451
442
441
438
437
439
437
438
443
439
432
429
450
427
436
441
434
440
435
438
464
436
437
443
435
441
445
446
442
441
443
423
442
440
431
447
449
436
439
428
448
425
441
436
441
426
451
446
442
434
439
444
436
428
438
427
438
432
426
445
443
442
427
441
435
423
456
444
443
432
437
451
459
449
447
441
439
437
433
433
441
439
435
442
422
440
431
428
434
454
449
442
442
441
434
438
431
436
433
441
438
437
436
432
448
425
444
442
434
444
444
445
438
435
439
446
444
440
443
435
433
437
447
446
452
444
441
433
444
440
443
431
452
426
439
441
452
442
436
442
451
443
459
436
447
430
439
443
442
433
458
436
457
434
437
434
437
434
450
433
436
442
443
448
446
442
448
444
435
430
445
441
440
436
452
439
439
440
431
434
452
462
432
436
436
435
441
456
439
428
439
434
442
437
437
443
454
429
455
424
447
439
435
458
444
430
443
437
448
433
429
435
435
442
443
442
448
429
445
447
443
435
437
444
453
432
447
445
434
423
445
446
432
441
441
461
455
437
459
436
466
425
453
444
443
450
423
445
441
431
443
450
439
439
449
439
440
436
441
442
442
441
443
433
449
437
454
434
423
426
450
437
447
437
439
455
436
451
440
453
462
433
451
442
440
429
454
444
437
437
434
436
449
437
456
430
442
444
443
447
437
435
443
445
434
433
440
439
436
430
432
443
445
440
440
438
443
433
451
442
456
433
444
442
433
446
448
447
453
425
439
461
441
439
452
433
441
430
436
438
447
435
444
460
432
441
451
448
442
442
452
460
442
432
461
437
438
437
441
458
448
427
443
440
443
437
450
448
458
433
455
439
447
439
439
442
438
439
449
449
440
432
446
457
447
442
447
446
445
432
448
437
433
435
447
438
448
445
445
442
436
445
446
449
447
431
436
447
459
461
444
434
447
436
452
435
427
444
446
442
433
423
436
433
452
430
483
435
447
433
449
450
464
432
442
448
443
441
441
446
437
439
433
446
432
427
443
440
435
434
440
435
433
430
443
440
450
434
449
453
434
432
444
444
453
437
462
453
437
466
450
443
435
437
444
456
444
443
445
453
438
430
450
447
453
443
452
444
441
441
434
441
453
428
456
437
434
441
450
448
446
441
461
442
439
433
453
440
442
435
445
432
426
457
451
454
442
436
451
445
434
432
450
445
448
431
455
444
454
451
439
430
433
442
461
438
451
438
442
449
444
435
453
453
438
448
442
441
446
427
456
454
451
430
446
446
438
444
453
439
433
433
442
451
436
426
450
448
442
428
453
443
448
431
461
450
434
441
456
464
435
431
452
443
445
426
443
472
427
435
448
443
428
439
456
437
444
430
437
440
442
434
449
459
430
432
449
450
452
434
442
446
432
442
452
428
435
428
457
442
434
435
453
461
441
449
460
451
431
430
450
435
434
442
449
438
433
428
449
451
431
441
452
443
443
437
454
454
442
433
453
448
436
444
457
456
452
440
457
443
436
443
451
463
436
441
458
460
446
434
451
458
453
435
444
449
434
438
458
459
443
435
444
451
438
452
457
456
453
443
456
459
452
434
453
451
440
444
455
469
434
438
468
445
444
446
447
449
424
430
446
454
439
427
456
455
440
436
453
461
432
443
454
443
444
438
455
445
432
434
459
440
441
422
450
454
437
443
454
455
465
428
453
459
433
434
451
456
438
435
457
444
429
426
461
447
437
442
452
442
445
432
465
444
435
435
453
446
442
424
454
448
450
442
444
451
443
441
463
468
427
430
452
456
445
442
454
455
433
423
454
458
431
441
449
449
443
432
468
449
442
429
464
445
432
434
451
453
437
434
464
466
457
431
446
444
429
434
451
464
449
437
450
448
452
448
456
451
429
436
447
457
441
432
451
454
428
436
466
466
432
433
453
456
434
429
456
450
456
423
457
446
442
434
476
451
445
443
445
454
441
440
444
464
438
435
462
449
427
445
464
464
425
424
442
457
430
435
466
450
447
434
462
452
452
431
449
436
468
428
461
439
427
436
454
448
431
429
455
468
440
432
457
458
446
438
455
449
452
431
467
448
438
446
457
451
442
432
455
460
425
434
451
465
431
435
478
463
442
441
453
451
432
437
451
470
440
432
449
457
435
431
462
455
438
435
460
459
441
445
459
467
442
437
459
442
441
453
475
459
453
440
455
460
434
427
464
473
449
443
471
463
432
445
454
456
431
425
475
462
441
439
475
506
437
439
465
445
438
437
452
463
438
444
461
472
431
439
459
455
446
451
467
466
433
447
463
470
434
448
459
456
455
433
453
463
438
433
463
472
427
431
454
460
431
434
468
466
434
439
451
443
443
418
452
464
433
441
453
456
441
431
457
463
446
434
466
457
434
432
453
468
436
428
459
459
426
437
470
456
441
429
450
457
440
441
448
454
442
443
451
450
448
434
466
470
435
428
465
474
438
452
473
448
441
441
479
469
441
433
465
467
438
437
469
454
435
428
471
451
446
443
442
451
444
427
462
450
416
462
465
461
432
441
453
466
430
434
458
448
442
444
466
476
427
436
475
455
438
442
467
446
439
438
453
463
427
445
464
471
432
424
462
460
430
432
463
457
447
434
465
471
436
443
472
460
437
437
483
449
436
432
463
458
440
429
457
469
442
431
454
461
444
420
467
461
445
455
478
470
443
430
462
456
436
429
466
455
436
434
470
461
433
435
458
444
439
437
460
463
444
436
467
452
434
427
462
458
442
445
465
450
430
438
461
448
440
444
459
452
431
439
465
458
442
428
466
460
442
433
461
457
424
429
462
449
446
434
455
464
432
442
459
461
429
432
473
453
441
442
479
452
435
427
483
459
432
441
448
458
441
429
468
448
443
431
457
472
429
463
458
468
434
439
451
472
434
446
459
461
435
421
469
452
432
435
467
463
451
429
454
468
436
431
448
465
443
443
460
474
436
428
441
452
445
444
453
458
433
428
445
454
440
435
461
461
437
427
455
448
433
440
456
461
446
444
455
455
429
432
458
492
437
443
448
450
444
433
451
456
424
449
455
442
444
444
450
450
441
436
452
456
433
428
457
451
441
427
453
460
435
432
443
443
433
427
446
456
445
436
455
460
436
434
451
459
447
433
446
456
435
430
460
486
429
436
457
451
443
430
470
455
460
433
461
465
449
436
449
455
429
434
467
443
431
429
454
453
433
440
463
447
446
432
476
448
441
458
444
459
441
437
477
444
439
442
465
455
441
429
449
465
435
445
465
448
437
431
447
456
428
425
444
451
442
461
452
451
439
447
449
457
436
433
457
453
438
436
456
453
435
437
456
452
449
435
449
447
435
450
452
449
429
437
437
444
441
423
451
454
436
442
455
445
444
436
449
454
429
436
452
465
427
434
444
440
436
433
450
450
431
432
454
472
440
459
465
443
433
427
462
448
437
439
467
453
442
434
458
445
446
445
451
448
438
449
446
445
434
440
448
452
434
436
466
445
430
438
464
462
436
432
480
466
446
441
462
452
446
434
454
457
454
430
452
472
433
433
443
461
429
438
456
445
451
439
459
458
437
427
468
459
435
425
455
472
438
434
459
458
430
441
466
461
443
430
463
455
437
423
436
464
440
422
450
463
428
435
448
443
448
439
465
444
438
425
458
450
435
428
451
445
449
435
450
436
421
438
434
446
446
450
454
443
445
436
447
446
425
433
459
446
445
445
452
466
443
438
451
445
459
443
450
452
455
448
453
458
446
454
442
458
445
447
452
468
437
431
464
476
443
441
455
467
446
429
457
444
436
460
463
471
447
434
452
463
449
439
442
446
453
444
462
459
431
444
451
465
436
423
446
468
435
437
450
461
451
441
455
442
441
427
453
453
443
431
459
464
441
420
448
448
438
424
461
461
436
435
478
459
457
437
450
458
430
444
460
451
438
428
451
456
443
430
448
466
449
441
489
446
444
429
460
448
439
433
454
458
435
436
451
468
439
436
444
453
441
431
455
449
444
434
467
449
429
431
435
444
445
424
473
448
438
439
453
455
432
430
451
454
436
447
456
448
431
434
454
448
442
433
454
438
439
430
450
489
434
435
459
454
448
454
465
450
441
432
448
457
429
431
445
475
442
450
439
462
446
445
456
456
447
434
451
456
430
443
462
461
431
443
456
473
430
437
452
466
442
429
452
450
443
429
448
455
444
450
450
458
442
440
458
452
444
433
449
466
425
447
449
449
444
431
462
461
436
422
454
450
441
435
449
448
435
435
459
454
446
452
454
455
453
430
446
444
441
434
450
459
426
426
450
470
440
430
444
464
439
441
451
457
437
449
458
467
456
431
449
469
438
444
459
451
431
428
467
457
433
434
458
465
435
435
454
467
452
437
462
462
432
436
461
464
449
446
469
459
445
438
453
460
449
432
449
444
433
443
458
450
445
436
445
448
434
439
459
459
433
437
475
456
435
455
462
461
437
428
457
452
432
449
462
456
428
449
453
458
435
439
452
453
435
438
453
460
432
455
456
447
444
426
450
456
445
433
445
450
435
432
466
461
429
437
467
443
432
445
444
448
433
442
441
471
448
452
449
446
434
437
438
450
433
445
460
447
456
428
451
442
447
438
480
456
426
432
456
457
453
443
447
467
434
433
470
456
455
439
440
450
437
446
361
362
360
362
358
362
361
362
457
446
360
360
361
0
0

