;UFOS3
;Measurement details: channel = Z, date = 01.06.2018, time = 14:37:40
Exposure=363
Gain=0
Temperature=22.4
Accummulate=4
2.071 mu
2.095 amas
28.542 hs
0 ozone
0 uva
0 uvb
0 uve
[Value]
0
363
360
361
360
362
361
361
400
401
434
425
405
405
440
422
418
395
434
429
414
403
461
434
425
401
458
438
418
422
460
437
418
409
461
440
433
401
450
440
409
402
466
444
426
402
460
445
420
405
444
437
406
412
459
434
403
406
458
436
423
402
446
431
414
404
471
433
419
401
456
432
409
416
464
438
417
404
444
436
419
411
460
432
416
410
453
442
404
410
464
441
411
412
458
450
405
396
464
436
402
407
447
439
412
407
459
434
415
403
452
438
413
412
453
438
413
410
453
433
415
415
465
443
420
413
448
442
415
408
441
432
417
406
457
453
412
414
452
429
427
414
451
439
411
411
453
440
405
438
453
441
405
404
467
444
430
407
453
449
404
405
447
439
427
426
448
442
432
407
457
435
422
433
453
441
409
417
461
428
410
403
453
444
421
408
472
441
422
420
447
460
409
417
447
443
419
412
467
435
420
409
453
440
418
407
453
429
420
411
462
437
402
425
448
438
413
401
448
448
427
406
453
437
420
414
454
432
413
400
454
431
408
409
450
440
413
411
442
439
429
410
451
440
415
419
460
430
429
412
450
436
416
410
453
456
417
421
461
435
409
437
457
441
422
395
444
437
422
402
444
431
406
421
457
442
413
413
460
445
417
407
449
450
419
401
457
427
421
413
446
452
416
405
445
440
415
410
457
438
423
406
455
437
423
421
447
430
421
397
449
443
434
409
455
443
418
415
450
437
410
411
447
434
411
414
449
431
427
410
465
436
417
412
458
432
437
403
464
452
412
409
446
448
410
418
459
447
418
411
460
440
411
414
443
428
409
410
456
433
434
414
453
437
432
408
468
434
424
417
445
442
426
411
444
446
421
413
451
436
418
406
449
435
415
417
450
429
417
410
448
446
411
404
453
430
421
402
450
459
422
409
461
453
421
409
467
428
424
414
454
432
414
405
445
437
431
417
449
432
420
424
444
441
413
406
455
433
424
411
450
438
406
398
463
442
405
418
458
440
424
416
440
445
409
412
448
444
420
401
454
426
416
426
449
430
421
421
454
444
432
408
454
439
417
414
450
441
412
417
449
448
422
403
457
429
422
427
456
437
432
419
455
432
419
415
451
437
417
415
447
435
423
408
457
430
422
408
472
428
430
419
457
433
410
429
442
445
415
410
453
430
424
406
451
433
417
429
453
432
419
417
452
429
421
408
445
441
418
432
455
437
421
418
449
440
425
423
450
442
421
422
439
437
428
411
448
438
414
405
447
430
427
415
447
440
436
427
458
434
411
416
457
438
422
423
456
443
419
412
450
428
424
407
450
444
421
422
447
431
418
416
451
441
415
418
456
437
415
424
455
438
416
431
464
426
429
409
445
433
429
426
454
433
423
416
450
428
419
419
453
433
415
421
454
433
409
420
451
436
432
410
461
433
420
414
462
434
408
419
446
438
449
412
454
427
415
410
443
438
413
409
441
439
406
412
446
421
438
421
448
425
420
410
443
437
411
405
448
433
416
420
448
436
424
421
457
439
421
406
457
425
423
422
455
429
420
423
455
427
416
408
451
426
426
409
448
438
423
423
464
430
420
399
440
437
417
410
440
435
427
417
433
429
416
418
443
435
416
408
451
436
420
421
443
424
418
426
442
440
420
415
450
441
417
424
444
434
432
427
444
438
426
506
446
444
435
414
446
435
423
419
446
429
415
420
452
425
428
420
454
438
426
421
448
429
428
418
449
435
420
421
444
450
430
409
450
431
416
416
458
441
429
419
450
429
422
423
441
441
419
423
450
435
424
421
445
433
428
419
451
431
426
410
458
434
424
422
441
437
427
423
461
433
432
422
449
433
416
419
448
434
425
419
454
432
431
432
448
431
437
418
449
437
446
427
444
441
429
425
451
446
433
433
456
450
430
420
444
437
448
438
453
444
429
431
454
446
429
432
457
445
444
439
459
444
427
426
465
452
445
439
456
445
433
425
454
438
439
439
467
457
444
431
462
452
449
466
470
446
447
442
466
455
444
453
468
461
451
453
479
460
458
452
472
474
461
455
482
463
455
454
481
467
460
460
479
473
461
450
482
461
459
460
476
466
467
456
482
473
455
457
486
473
479
457
492
474
470
466
486
483
472
471
495
486
503
460
501
491
500
470
507
506
487
489
523
510
484
489
518
530
503
498
513
511
519
505
526
511
513
513
530
511
525
510
528
521
519
505
528
516
516
510
528
517
535
511
529
517
525
516
532
522
519
513
532
522
505
501
534
524
532
506
536
521
522
528
540
527
520
522
553
548
534
528
557
558
547
536
565
554
554
550
569
563
559
548
588
582
588
565
598
598
585
587
614
606
607
605
646
636
631
636
657
658
663
657
684
673
666
683
690
698
682
685
699
696
693
687
694
698
706
708
728
706
691
706
721
704
701
689
716
722
714
705
722
726
723
720
746
744
734
727
752
751
744
743
770
745
753
761
788
781
780
778
794
785
785
770
813
783
807
773
813
805
787
779
802
795
810
797
811
805
816
805
826
826
820
834
845
841
845
852
870
865
862
844
872
847
851
848
864
856
854
841
862
845
846
860
868
863
862
868
881
900
918
912
929
934
945
925
944
932
940
917
933
941
923
912
913
890
880
865
871
862
845
824
840
823
821
827
832
821
831
827
860
839
845
859
889
882
886
899
949
935
962
961
978
975
989
989
1006
1007
1005
1017
1035
1024
1050
1037
1060
1056
1066
1070
1093
1077
1094
1084
1104
1101
1101
1102
1106
1126
1089
1069
1077
1065
1071
1027
1039
1027
1007
1007
1021
1008
1014
1002
1061
1016
1026
1020
1045
1047
1056
1065
1095
1114
1137
1157
1193
1189
1204
1214
1237
1233
1250
1227
1249
1253
1265
1240
1252
1240
1237
1231
1235
1223
1221
1228
1211
1207
1206
1217
1231
1221
1238
1250
1273
1275
1279
1308
1337
1330
1336
1342
1377
1399
1405
1418
1459
1469
1492
1480
1517
1513
1535
1536
1570
1566
1584
1565
1579
1566
1553
1526
1539
1506
1492
1462
1465
1441
1440
1403
1399
1383
1376
1369
1385
1356
1365
1380
1395
1404
1424
1413
1458
1458
1476
1459
1491
1478
1501
1501
1509
1504
1515
1492
1503
1468
1463
1423
1422
1385
1366
1338
1327
1312
1295
1275
1266
1271
1275
1261
1299
1272
1270
1281
1310
1279
1294
1287
1318
1317
1342
1337
1350
1346
1377
1391
1413
1414
1436
1429
1463
1448
1463
1465
1492
1483
1499
1503
1530
1517
1531
1528
1536
1526
1531
1516
1547
1526
1520
1523
1530
1515
1515
1524
1502
1487
1476
1467
1480
1476
1500
1479
1495
1472
1485
1480
1495
1483
1488
1495
1489
1504
1523
1525
1560
1577
1588
1588
1623
1638
1655
1661
1713
1723
1732
1752
1771
1785
1795
1787
1812
1802
1804
1786
1799
1806
1824
1819
1825
1840
1839
1836
1874
1859
1878
1871
1899
1893
1931
1918
1930
1928
1942
1942
1953
1951
1949
1924
1935
1934
1928
1904
1919
1887
1893
1886
1905
1886
1883
1882
1895
1900
1930
1939
1951
1942
1957
1951
1945
1944
1967
1930
1961
1957
1963
1964
1990
1974
1993
1963
1996
1986
1978
2018
2042
2034
2040
2095
2105
2119
2147
2164
2188
2216
2239
2276
2310
2334
2375
2395
2406
2425
2480
2478
2492
2495
2504
2477
2473
2436
2447
2425
2423
2426
2431
2412
2406
2412
2432
2421
2430
2417
2426
2410
2396
2371
2365
2347
2333
2305
2307
2259
2249
2195
2188
2133
2132
2110
2103
2095
2089
2070
2065
2040
2020
1976
1964
1933
1912
1904
1898
1908
1889
1891
1895
1885
1923
1901
1942
1968
1990
2013
2038
2065
2082
2080
2122
2104
2120
2110
2102
2081
2094
2061
2066
2048
2046
2038
2033
2021
2008
1986
1990
1994
1998
1981
1965
1971
1983
1980
2012
1997
2014
2012
2006
2005
1990
2000
1965
1961
1967
1942
1936
1910
1888
1897
1891
1878
1876
1867
1860
1847
1837
1840
1850
1825
1845
1836
1847
1850
1870
1888
1896
1919
1945
1973
1996
1994
2019
2019
2041
2035
2053
2040
2027
2016
2010
2006
2028
2029
2037
2037
2040
2026
2066
2036
2058
2059
2056
2077
2094
2101
2148
2131
2144
2139
2144
2143
2146
2111
2090
2058
2028
1975
1962
1923
1889
1880
1872
1855
1856
1835
1843
1823
1847
1842
1864
1856
1894
1891
1910
1920
1942
1955
1976
1964
1990
1976
1987
1954
1944
1925
1896
1867
1833
1840
1822
1805
1838
1843
1864
1883
1929
1972
2013
2044
2081
2108
2128
2152
2176
2170
2190
2190
2212
2233
2230
2256
2251
2247
2247
2255
2245
2252
2252
2260
2255
2272
2275
2295
2308
2325
2356
2373
2398
2417
2458
2438
2464
2455
2450
2437
2422
2430
2377
2344
2330
2302
2288
2265
2262
2235
2254
2271
2292
2300
2331
2324
2345
2355
2406
2435
2488
2507
2569
2562
2602
2634
2657
2653
2651
2640
2643
2635
2638
2610
2607
2568
2557
2532
2508
2483
2494
2440
2436
2390
2378
2373
2374
2366
2374
2343
2338
2331
2317
2301
2281
2252
2251
2225
2228
2201
2234
2196
2210
2187
2211
2197
2195
2211
2209
2209
2239
2244
2249
2253
2274
2288
2310
2318
2316
2305
2309
2308
2307
2299
2291
2294
2287
2248
2263
2224
2238
2213
2210
2229
2230
2212
2245
2232
2256
2241
2237
2250
2224
2219
2219
2233
2226
2218
2234
2225
2233
2203
2188
2190
2167
2128
2128
2093
2059
2010
1995
1958
1908
1880
1850
1831
1788
1742
1739
1686
1695
1635
1652
1634
1636
1644
1615
1644
1667
1666
1708
1747
1785
1807
1881
1899
1936
1956
1983
2002
2029
2038
2055
2063
2099
2100
2136
2134
2138
2139
2172
2157
2179
2152
2161
2151
2138
2124
2101
2110
2097
2055
2060
2048
2049
2023
2040
2015
2017
2017
2022
2019
2035
2027
2043
2036
2062
2072
2093
2120
2135
2148
2185
2204
2224
2235
2258
2276
2268
2264
2275
2272
2269
2257
2268
2252
2257
2218
2218
2191
2187
2149
2155
2151
2143
2147
2144
2130
2135
2125
2142
2153
2149
2151
2164
2151
2172
2151
2171
2178
2194
2196
2219
2226
2206
2230
2259
2270
2278
2273
2295
2305
2287
2260
2284
2254
2261
2260
2265
2272
2262
2245
2282
2293
2300
2300
2298
2282
2271
2217
2230
2192
2196
2192
2205
2217
2246
2261
2289
2311
2331
2358
2401
2429
2450
2483
2516
2551
2585
2605
2644
2660
2683
2708
2752
2765
2769
2752
2747
2734
2702
2692
2676
2650
2659
2626
2638
2621
2635
2596
2575
2539
2533
2503
2500
2475
2454
2468
2460
2455
2452
2457
2478
2471
2520
2525
2563
2551
2576
2568
2594
2618
2639
2607
2631
2621
2602
2577
2528
2487
2429
2369
2318
2271
2234
2195
2194
2184
2186
2191
2196
2201
2221
2243
2280
2282
2318
2306
2330
2344
2351
2364
2408
2428
2467
2467
2509
2500
2497
2509
2497
2468
2445
2438
2424
2446
2430
2428
2440
2457
2456
2444
2479
2479
2485
2481
2496
2504
2521
2524
2548
2559
2585
2584
2626
2601
2583
2567
2569
2550
2542
2515
2545
2509
2500
2481
2478
2437
2423
2386
2388
2358
2334
2347
2334
2317
2297
2270
2281
2267
2254
2240
2228
2205
2182
2129
2143
2108
2116
2101
2088
2088
2097
2125
2168
2168
2199
2168
2166
2155
2141
2113
2121
2116
2091
2098
2088
2075
2074
2029
2027
1996
1955
1918
1900
1865
1832
1809
1812
1788
1787
1789
1814
1830
1839
1826
1846
1841
1838
1829
1851
1838
1858
1851
1896
1892
1871
1873
1883
1863
1833
1803
1815
1799
1791
1756
1774
1756
1710
1689
1673
1641
1604
1581
1599
1570
1586
1560
1576
1587
1608
1622
1668
1708
1713
1750
1792
1826
1853
1867
1921
1951
1992
2050
2097
2120
2191
2226
2299
2311
2339
2369
2415
2446
2438
2452
2475
2466
2482
2476
2525
2506
2499
2484
2492
2471
2469
2430
2429
2407
2360
2350
2342
2322
2303
2268
2268
2236
2185
2136
2123
2089
2071
2065
2083
2088
2102
2094
2129
2109
2111
2120
2159
2184
2177
2193
2238
2250
2272
2269
2311
2314
2299
2271
2268
2251
2222
2200
2201
2184
2154
2164
2183
2199
2188
2189
2192
2184
2193
2196
2243
2285
2334
2363
2446
2488
2529
2569
2632
2675
2676
2679
2706
2672
2640
2611
2581
2558
2536
2504
2505
2470
2431
2375
2377
2353
2327
2295
2299
2294
2265
2295
2305
2325
2372
2399
2474
2502
2526
2544
2598
2579
2604
2582
2603
2597
2553
2510
2498
2464
2444
2393
2393
2358
2306
2265
2260
2234
2197
2174
2182
2155
2155
2148
2191
2188
2193
2216
2251
2265
2285
2285
2346
2335
2337
2358
2413
2439
2468
2462
2510
2533
2561
2575
2585
2613
2626
2632
2670
2666
2647
2658
2688
2669
2655
2643
2671
2646
2630
2606
2636
2627
2592
2597
2592
2574
2553
2530
2533
2510
2488
2445
2483
2424
2411
2383
2401
2393
2370
2346
2365
2343
2330
2311
2323
2319
2309
2313
2327
2325
2312
2299
2314
2301
2322
2291
2295
2279
2246
2238
2251
2235
2220
2213
2220
2204
2180
2176
2196
2177
2152
2146
2161
2151
2114
2094
2118
2102
2102
2070
2113
2095
2097
2097
2164
2146
2156
2183
2194
2210
2235
2239
2275
2310
2309
2338
2386
2385
2381
2403
2438
2430
2407
2396
2411
2403
2354
2326
2351
2300
2287
2255
2281
2262
2267
2223
2247
2219
2244
2203
2232
2200
2187
2177
2179
2169
2116
2074
2086
2088
2057
2027
2060
2051
2045
2039
2074
2090
2114
2139
2202
2233
2279
2298
2344
2344
2352
2385
2433
2463
2433
2442
2459
2450
2416
2391
2413
2375
2332
2286
2273
2238
2184
2156
2151
2128
2084
2077
2102
2097
2082
2062
2074
2059
2030
2017
2051
2040
2019
2014
2028
2016
2011
2018
2075
2073
2108
2115
2154
2147
2136
2109
2106
2087
2037
2012
2025
1994
1943
1887
1877
1822
1778
1778
1785
1792
1784
1789
1870
1901
1928
1959
2040
2104
2100
2135
2195
2199
2228
2238
2274
2277
2253
2231
2249
2211
2148
2100
2086
2026
1988
1943
1930
1916
1880
1881
1909
1923
1898
1929
1976
1991
2027
2066
2129
2168
2182
2208
2266
2294
2284
2306
2362
2376
2363
2367
2413
2399
2379
2366
2363
2340
2321
2270
2299
2296
2264
2236
2261
2261
2249
2237
2257
2271
2275
2273
2335
2316
2302
2304
2326
2330
2312
2298
2347
2349
2337
2346
2418
2416
2417
2422
2449
2449
2457
2457
2495
2505
2511
2527
2550
2550
2566
2572
2620
2635
2621
2620
2659
2675
2655
2680
2707
2671
2685
2683
2733
2733
2706
2685
2708
2700
2673
2651
2657
2611
2571
2524
2525
2469
2444
2401
2380
2342
2317
2250
2268
2211
2170
2159
2152
2124
2091
2066
2079
2074
2029
2014
2035
2015
1991
1975
1974
1963
1906
1896
1926
1886
1863
1857
1890
1866
1866
1884
1919
1937
1919
1936
1968
1985
1977
1981
2054
2059
2063
2070
2113
2121
2104
2087
2125
2124
2094
2092
2110
2072
2061
2024
2040
1996
1977
1945
1970
1945
1914
1885
1905
1900
1868
1831
1861
1844
1804
1764
1788
1750
1712
1690
1693
1660
1618
1591
1610
1603
1568
1550
1576
1559
1529
1507
1528
1490
1450
1427
1440
1413
1390
1366
1394
1392
1365
1358
1371
1350
1334
1302
1337
1322
1295
1290
1319
1302
1280
1282
1314
1296
1293
1282
1309
1291
1277
1275
1297
1275
1257
1248
1277
1281
1271
1256
1298
1311
1295
1315
1368
1376
1397
1403
1438
1468
1450
1492
1538
1566
1549
1584
1657
1664
1675
1695
1745
1723
1719
1712
1772
1747
1725
1731
1748
1744
1740
1723
1768
1721
1706
1666
1685
1683
1646
1675
1687
1685
1649
1636
1637
1635
1607
1599
1592
1572
1520
1505
1562
1572
1553
1556
1596
1601
1594
1569
1611
1638
1624
1643
1698
1725
1723
1742
1782
1812
1778
1770
1783
1779
1759
1725
1733
1711
1684
1653
1656
1639
1618
1605
1647
1647
1649
1631
1678
1667
1654
1658
1690
1705
1715
1718
1749
1745
1723
1729
1763
1776
1722
1722
1727
1719
1701
1682
1695
1690
1657
1673
1679
1662
1662
1647
1647
1646
1630
1612
1641
1632
1627
1621
1656
1660
1660
1646
1698
1716
1706
1709
1740
1744
1771
1778
1827
1837
1847
1854
1900
1908
1902
1905
1934
1942
1930
1907
1953
1947
1940
1950
1973
1982
1945
1924
1944
1925
1921
1896
1930
1873
1878
1836
1859
1852
1826
1793
1811
1814
1772
1780
1823
1794
1816
1847
1891
1890
1893
1911
1965
1943
1956
1937
1998
1979
1977
1976
1982
1973
1959
1940
1966
1929
1901
1897
1910
1866
1845
1817
1814
1791
1750
1721
1727
1687
1675
1640
1641
1616
1573
1549
1550
1519
1496
1480
1474
1447
1416
1398
1391
1375
1331
1288
1273
1218
1161
1106
1090
1054
1009
976
969
942
919
889
893
873
856
863
869
864
846
860
881
892
911
907
961
984
988
1020
1049
1049
1060
1066
1104
1122
1117
1145
1190
1214
1202
1216
1258
1262
1273
1286
1321
1327
1317
1319
1366
1376
1373
1399
1421
1412
1420
1423
1468
1455
1443
1456
1491
1480
1476
1457
1484
1466
1464
1455
1469
1448
1431
1441
1437
1433
1413
1405
1406
1380
1357
1341
1363
1320
1285
1267
1281
1244
1194
1151
1169
1118
1063
1024
1018
982
954
923
928
904
901
859
874
878
834
829
841
857
835
847
886
886
907
910
950
975
978
991
1064
1082
1098
1108
1173
1217
1214
1227
1290
1305
1305
1333
1384
1392
1387
1380
1421
1427
1416
1394
1414
1438
1422
1399
1434
1454
1431
1437
1457
1459
1451
1455
1484
1451
1471
1470
1513
1514
1513
1509
1540
1547
1561
1555
1573
1560
1549
1564
1569
1578
1574
1572
1583
1562
1562
1541
1565
1548
1547
1545
1581
1566
1561
1566
1580
1586
1580
1568
1596
1589
1596
1592
1588
1577
1567
1546
1553
1561
1553
1562
1564
1577
1567
1572
1588
1588
1563
1561
1600
1612
1591
1592
1611
1627
1633
1611
1640
1634
1634
1651
1654
1659
1632
1612
1629
1633
1623
1609
1624
1618
1629
1614
1639
1633
1613
1615
1626
1632
1617
1590
1611
1613
1579
1583
1589
1606
1612
1601
1628
1603
1609
1590
1620
1614
1602
1582
1609
1593
1576
1532
1553
1533
1512
1482
1503
1475
1434
1435
1475
1469
1466
1451
1471
1478
1449
1473
1492
1487
1483
1478
1510
1513
1507
1498
1515
1530
1517
1504
1546
1508
1500
1466
1487
1454
1428
1406
1413
1395
1367
1356
1369
1377
1350
1336
1345
1354
1341
1328
1359
1343
1350
1342
1384
1367
1363
1371
1380
1389
1382
1350
1402
1356
1342
1333
1348
1339
1307
1292
1305
1298
1280
1279
1292
1271
1250
1249
1262
1245
1227
1201
1228
1203
1186
1181
1200
1228
1184
1174
1187
1176
1175
1168
1180
1165
1156
1143
1165
1163
1139
1132
1164
1177
1156
1147
1144
1155
1147
1138
1153
1147
1151
1128
1144
1135
1102
1103
1127
1111
1089
1098
1112
1127
1092
1095
1121
1125
1109
1088
1112
1104
1106
1087
1110
1117
1107
1099
1112
1116
1110
1108
1126
1113
1115
1109
1119
1126
1080
1095
1099
1095
1084
1064
1100
1101
1079
1058
1094
1080
1072
1050
1066
1053
1031
1008
1023
1010
1004
1003
1008
999
991
956
960
945
936
918
934
936
904
891
915
921
894
875
901
907
889
892
914
918
897
909
920
924
922
898
938
961
940
950
973
960
948
945
982
965
950
944
965
966
941
931
960
976
962
959
987
983
963
949
984
980
973
960
980
964
959
937
957
954
948
924
952
935
928
928
951
936
937
918
931
927
917
908
934
921
909
900
933
911
889
897
908
902
876
855
881
876
860
869
894
884
866
880
897
893
878
878
894
896
889
888
915
913
893
912
919
910
902
879
900
896
890
870
887
872
863
860
889
881
854
850
892
862
849
858
859
862
851
854
863
884
874
866
869
857
845
838
843
848
839
837
856
838
840
820
849
830
829
814
863
838
816
814
841
842
848
840
854
867
844
839
879
867
875
858
870
862
820
655
357
360
360
361
360
361
359
361
876
835
360
360
361
0
0

