;UFOS3
;Measurement details: channel = S, date = 01.06.2018, time = 14:28:20
Exposure=413
Gain=0
Temperature=22.4
Accummulate=4
1.999 mu
2.02 amas
29.703 hs
0 ozone
0 uva
0 uvb
0 uve
[Value]
0
363
362
361
361
361
361
362
401
403
445
431
408
410
453
427
423
398
447
437
420
406
471
440
431
409
467
440
425
429
469
450
422
414
469
450
437
405
456
446
413
410
475
451
432
408
472
451
422
410
456
446
411
419
468
444
409
413
464
443
427
410
452
440
419
408
474
441
423
407
467
440
412
421
473
445
422
412
452
441
425
415
465
438
421
416
461
448
408
414
474
452
414
418
466
456
411
406
470
448
405
414
456
449
418
412
467
444
418
408
462
442
414
422
461
445
417
417
462
439
419
421
473
445
426
419
460
449
418
411
453
440
421
410
461
461
417
421
459
434
433
421
459
445
414
416
461
450
411
444
462
449
411
410
471
451
437
411
460
458
407
410
454
445
435
433
456
451
438
411
464
439
428
438
462
447
413
423
468
437
415
408
460
451
425
413
479
447
426
423
457
464
412
424
455
446
425
418
474
442
426
414
460
446
424
412
458
432
423
416
472
446
410
430
458
446
418
406
455
458
435
410
461
440
423
417
468
441
414
404
462
433
413
416
459
444
418
417
447
446
435
416
455
448
418
424
463
436
435
415
456
441
422
412
459
464
422
427
466
443
412
445
466
447
426
402
451
444
426
405
450
437
412
427
464
451
419
417
464
452
423
411
456
460
425
405
467
434
424
418
454
461
422
411
452
447
420
415
461
443
429
412
464
444
427
427
451
438
426
401
459
449
439
414
459
448
423
419
459
444
413
418
457
441
416
419
453
440
430
417
474
443
424
418
464
440
440
406
470
458
418
414
455
456
414
424
473
451
419
415
464
447
411
423
449
433
413
416
459
442
438
418
461
442
438
414
472
441
426
420
451
448
432
415
451
452
425
417
458
442
424
412
462
441
418
424
454
437
422
416
455
451
416
409
457
435
426
406
455
466
424
413
467
461
428
415
476
434
430
419
460
439
417
409
450
445
437
422
453
439
423
430
451
450
416
411
463
436
430
417
459
440
413
404
470
450
409
424
467
448
427
422
447
451
412
415
457
444
425
404
458
430
421
430
456
435
427
426
460
452
437
410
460
446
423
421
456
448
415
420
452
459
426
407
464
433
426
431
463
446
436
424
465
439
421
422
458
444
419
422
452
440
427
415
464
437
425
413
481
432
437
421
464
439
411
433
450
449
419
416
462
437
427
409
454
439
419
436
457
442
425
419
458
434
424
414
455
448
421
440
464
442
427
424
456
447
430
425
458
452
425
427
444
442
434
418
457
443
415
409
452
435
433
418
454
445
440
431
462
442
417
422
463
445
426
430
463
452
423
417
457
438
427
412
460
450
425
426
458
438
423
422
455
448
417
421
461
441
420
432
460
442
419
439
469
431
433
415
455
438
434
432
459
437
427
422
458
433
423
424
461
436
419
429
458
439
411
427
458
441
438
414
467
437
425
420
471
438
412
426
454
442
458
416
462
431
418
412
446
441
420
413
447
442
410
415
452
426
444
428
455
430
426
413
450
443
417
407
453
440
420
424
453
442
430
424
459
450
422
410
465
430
426
427
457
433
424
429
459
434
421
414
456
432
431
415
456
446
428
428
470
433
424
400
445
443
423
416
448
440
432
420
438
434
419
420
446
441
420
415
459
444
424
427
447
428
422
432
447
446
426
420
456
447
420
429
451
443
432
432
449
446
432
524
452
451
442
419
450
440
427
425
454
432
419
426
459
429
432
426
461
444
433
424
452
433
433
421
456
439
423
428
448
458
435
412
455
440
419
420
462
449
433
426
456
432
423
427
443
449
420
429
456
440
428
427
447
436
430
423
459
437
429
413
463
439
429
430
445
445
431
427
464
438
436
425
455
439
420
422
455
440
430
423
459
438
435
435
451
437
442
423
453
445
452
430
450
447
429
431
456
450
436
434
454
449
432
419
446
439
447
439
452
443
427
430
453
448
427
430
459
445
440
438
457
441
424
425
464
452
441
441
454
447
432
423
453
438
439
440
465
455
440
430
461
451
446
463
464
443
438
435
459
449
434
443
458
453
436
440
469
445
441
438
456
458
448
440
464
446
439
439
463
453
444
445
465
462
446
436
470
452
447
455
465
454
458
446
468
465
446
446
476
461
468
445
483
460
457
453
471
470
457
455
476
463
482
436
480
467
470
443
472
478
454
456
490
475
449
452
482
490
461
455
474
473
477
460
484
467
470
466
481
466
480
462
481
477
474
458
480
467
468
461
478
468
491
465
482
472
477
473
489
474
473
465
491
481
464
461
498
487
496
476
504
487
492
494
507
500
490
495
519
520
510
505
533
534
521
510
537
527
527
522
539
534
527
516
552
538
537
514
540
539
518
516
533
521
517
516
548
532
523
523
542
540
541
535
558
544
534
558
560
562
548
550
566
562
560
555
560
567
576
573
600
581
566
576
599
579
580
570
593
590
580
566
585
585
579
571
600
591
581
565
590
591
583
572
597
569
577
584
614
607
605
603
616
599
601
587
620
597
612
586
620
611
594
585
604
603
616
599
614
607
613
604
627
621
609
621
636
627
621
625
649
643
633
627
649
625
628
625
639
625
619
607
625
608
600
602
613
599
594
596
598
611
609
601
617
612
617
607
626
620
631
619
648
658
655
659
676
673
673
677
691
698
692
684
709
706
713
720
733
722
728
722
749
732
735
735
757
738
739
731
764
738
744
733
737
722
719
703
706
701
692
687
702
687
700
685
698
684
698
698
720
709
725
714
737
742
746
758
780
810
788
792
810
813
831
799
807
813
802
801
822
808
814
797
853
802
811
798
807
803
796
800
806
804
808
819
840
830
834
838
857
855
882
865
903
903
926
919
935
939
947
952
974
969
972
992
996
993
994
994
999
980
992
975
995
971
955
953
965
935
933
909
922
927
915
912
929
926
934
920
951
939
950
939
970
957
987
965
981
973
981
960
980
964
967
957
970
955
961
924
924
911
907
895
911
868
866
866
870
866
875
862
896
891
896
881
898
882
909
906
932
920
943
930
963
946
965
937
961
953
961
954
972
979
974
974
976
992
1003
988
1032
1011
1004
1028
1061
1032
1045
1038
1053
1049
1068
1049
1051
1037
1050
1038
1048
1029
1034
1017
1038
1024
1023
1020
1031
1021
1036
1010
1028
1019
1029
1026
1040
1042
1057
1054
1086
1081
1090
1107
1135
1138
1155
1184
1187
1194
1203
1209
1240
1243
1285
1267
1291
1284
1291
1288
1309
1300
1314
1315
1302
1308
1308
1295
1313
1309
1313
1304
1322
1320
1315
1292
1315
1301
1304
1308
1315
1312
1315
1300
1307
1300
1288
1282
1279
1282
1285
1270
1260
1271
1262
1254
1286
1271
1282
1279
1297
1290
1306
1289
1310
1312
1323
1323
1320
1321
1327
1298
1313
1314
1299
1294
1314
1310
1329
1326
1359
1357
1368
1385
1415
1430
1472
1483
1515
1529
1569
1581
1600
1618
1655
1659
1706
1705
1746
1737
1774
1771
1798
1776
1800
1794
1795
1821
1850
1826
1823
1849
1826
1812
1801
1793
1790
1789
1772
1774
1758
1730
1712
1688
1663
1632
1635
1594
1594
1566
1564
1512
1510
1482
1488
1461
1464
1440
1463
1447
1443
1447
1473
1471
1494
1481
1496
1499
1503
1498
1523
1523
1528
1539
1571
1543
1557
1527
1560
1544
1557
1537
1532
1530
1513
1509
1494
1486
1473
1457
1441
1417
1396
1388
1385
1384
1370
1368
1386
1362
1387
1365
1391
1406
1428
1444
1457
1480
1477
1486
1499
1493
1499
1480
1474
1448
1453
1414
1421
1406
1395
1375
1382
1380
1369
1356
1336
1353
1356
1336
1335
1335
1338
1329
1369
1361
1386
1395
1401
1424
1442
1456
1462
1479
1487
1490
1522
1502
1494
1493
1492
1477
1491
1491
1497
1497
1504
1499
1514
1514
1519
1515
1539
1532
1547
1542
1551
1567
1584
1606
1620
1616
1627
1606
1608
1578
1572
1543
1511
1476
1452
1433
1423
1410
1400
1387
1371
1363
1390
1369
1378
1390
1386
1391
1398
1415
1464
1440
1447
1446
1448
1458
1469
1457
1451
1432
1423
1389
1399
1387
1371
1378
1393
1386
1406
1412
1458
1456
1508
1525
1558
1554
1599
1607
1608
1598
1623
1622
1633
1628
1650
1648
1659
1641
1647
1652
1648
1637
1615
1631
1628
1617
1666
1658
1673
1669
1689
1726
1762
1772
1798
1814
1816
1816
1823
1819
1822
1814
1803
1804
1775
1784
1770
1758
1767
1773
1766
1771
1778
1779
1782
1788
1785
1791
1798
1819
1843
1863
1879
1898
1934
1914
1957
1950
1959
1958
1954
1942
1931
1916
1899
1892
1868
1828
1819
1788
1791
1774
1765
1757
1755
1739
1743
1739
1752
1755
1767
1743
1762
1726
1729
1724
1722
1701
1692
1687
1690
1673
1693
1665
1670
1655
1661
1669
1674
1676
1693
1679
1703
1689
1703
1713
1734
1730
1742
1729
1735
1736
1729
1732
1729
1721
1713
1711
1700
1670
1683
1668
1665
1661
1687
1669
1674
1690
1694
1688
1714
1720
1687
1695
1689
1675
1689
1698
1692
1682
1688
1677
1676
1665
1645
1641
1635
1593
1605
1553
1548
1518
1487
1488
1469
1432
1431
1384
1375
1331
1314
1305
1291
1285
1284
1276
1285
1262
1286
1295
1302
1313
1333
1371
1412
1413
1446
1479
1481
1477
1520
1520
1514
1522
1522
1553
1550
1553
1586
1565
1609
1556
1597
1581
1580
1591
1559
1578
1579
1559
1570
1567
1559
1546
1560
1548
1550
1537
1538
1539
1543
1541
1551
1534
1556
1551
1569
1562
1573
1579
1629
1621
1655
1658
1690
1716
1722
1733
1736
1756
1763
1736
1754
1738
1733
1713
1745
1709
1699
1677
1656
1641
1642
1630
1636
1604
1619
1600
1600
1602
1607
1611
1634
1643
1651
1645
1674
1681
1686
1703
1731
1744
1758
1759
1775
1774
1794
1796
1823
1811
1837
1814
1825
1825
1804
1817
1808
1803
1798
1769
1777
1778
1759
1738
1744
1719
1727
1687
1680
1667
1662
1632
1643
1662
1648
1664
1698
1722
1742
1765
1793
1820
1832
1846
1897
1898
1923
1944
1975
2011
2028
2029
2081
2102
2124
2142
2187
2169
2178
2138
2150
2128
2112
2092
2076
2054
2043
2021
2028
1987
1979
1938
1956
1947
1931
1895
1898
1892
1893
1867
1881
1870
1880
1884
1915
1919
1938
1950
1951
1956
1931
1929
1937
1940
1944
1928
1938
1947
1955
1941
1922
1878
1849
1814
1791
1762
1730
1726
1719
1715
1705
1699
1725
1717
1757
1751
1806
1771
1805
1805
1851
1871
1911
1897
1936
1957
1960
1966
1977
1971
1954
1946
1932
1933
1909
1922
1949
1958
1961
1961
1984
1980
1988
1994
2015
2006
2021
1994
2013
2021
2003
1985
2013
1998
2016
1999
2019
2000
1972
1970
1964
1958
1949
1942
1946
1946
1932
1914
1924
1918
1915
1888
1911
1905
1898
1880
1895
1890
1889
1897
1903
1912
1927
1893
1912
1886
1867
1865
1876
1851
1845
1824
1850
1812
1823
1805
1821
1818
1827
1802
1790
1766
1745
1752
1733
1715
1697
1677
1692
1673
1650
1618
1605
1570
1543
1501
1500
1454
1446
1431
1422
1408
1417
1441
1477
1470
1498
1492
1506
1527
1541
1537
1580
1602
1607
1632
1644
1646
1663
1632
1654
1629
1609
1564
1571
1548
1536
1520
1525
1494
1459
1429
1426
1407
1370
1340
1360
1351
1339
1319
1345
1340
1351
1353
1416
1429
1441
1468
1529
1549
1563
1580
1643
1675
1726
1735
1803
1860
1866
1896
1948
1965
1979
2014
2060
2044
2087
2076
2107
2121
2141
2143
2180
2187
2165
2164
2182
2168
2159
2132
2126
2110
2083
2086
2091
2053
2051
2027
2043
2003
1961
1932
1921
1906
1857
1857
1872
1865
1850
1846
1874
1849
1853
1856
1883
1879
1897
1884
1923
1941
1941
1963
1997
1977
1976
1963
1965
1949
1912
1888
1905
1883
1879
1898
1929
1930
1938
1934
1965
1946
1964
1987
2037
2079
2096
2158
2229
2274
2327
2352
2406
2437
2446
2430
2431
2415
2385
2349
2345
2330
2284
2264
2254
2237
2192
2173
2150
2120
2095
2053
2069
2055
2053
2025
2063
2081
2098
2130
2195
2243
2244
2264
2316
2313
2321
2325
2347
2344
2318
2294
2309
2302
2294
2267
2285
2270
2243
2198
2198
2183
2136
2127
2128
2109
2111
2096
2116
2102
2118
2112
2160
2151
2173
2170
2205
2203
2184
2180
2203
2214
2231
2208
2259
2278
2272
2286
2312
2319
2324
2327
2369
2353
2354
2359
2412
2415
2416
2415
2443
2429
2437
2425
2437
2393
2384
2360
2377
2360
2346
2310
2320
2306
2285
2250
2259
2256
2250
2260
2292
2293
2270
2272
2301
2294
2289
2274
2309
2310
2291
2281
2313
2301
2283
2299
2300
2289
2275
2232
2240
2204
2189
2145
2173
2118
2102
2077
2079
2065
2018
2015
2030
2015
1994
1964
1984
1968
1953
1948
1978
1984
1991
1981
2001
2002
2022
2024
2061
2070
2077
2092
2117
2139
2140
2151
2195
2200
2194
2211
2256
2272
2249
2247
2283
2294
2278
2262
2296
2278
2292
2268
2295
2293
2300
2295
2356
2348
2344
2346
2343
2346
2335
2299
2294
2306
2263
2240
2243
2200
2145
2126
2122
2092
2035
2018
2028
2013
1980
1976
2001
1991
2001
1992
2061
2072
2115
2120
2160
2178
2249
2248
2327
2340
2378
2409
2428
2437
2399
2364
2363
2345
2296
2233
2234
2188
2130
2085
2080
2040
2024
2000
2026
2022
2032
2021
2045
2019
2021
2028
2092
2141
2142
2185
2224
2270
2262
2290
2342
2344
2331
2303
2312
2287
2232
2202
2178
2156
2092
2046
2045
2006
1945
1886
1866
1806
1752
1724
1730
1708
1679
1678
1697
1709
1712
1748
1820
1840
1900
1941
2029
2061
2080
2100
2130
2140
2106
2101
2130
2112
2046
1981
1957
1889
1819
1799
1802
1790
1767
1775
1851
1874
1890
1912
2015
2102
2106
2173
2274
2314
2369
2416
2498
2539
2539
2550
2596
2594
2563
2547
2562
2543
2513
2484
2480
2441
2389
2350
2330
2288
2225
2205
2204
2177
2159
2155
2185
2192
2170
2158
2179
2185
2150
2149
2178
2194
2174
2174
2239
2235
2237
2257
2296
2295
2320
2317
2373
2411
2414
2421
2471
2503
2503
2495
2525
2547
2540
2558
2612
2629
2627
2632
2672
2685
2674
2663
2716
2706
2704
2707
2770
2771
2753
2729
2729
2705
2673
2640
2634
2596
2572
2530
2504
2460
2409
2364
2379
2355
2295
2254
2282
2248
2195
2181
2174
2130
2114
2098
2124
2105
2079
2055
2067
2047
1994
1981
1997
1954
1916
1898
1923
1886
1886
1868
1879
1896
1900
1891
1957
1964
1956
2005
2046
2060
2046
2074
2114
2136
2132
2136
2180
2180
2184
2182
2213
2212
2181
2182
2231
2193
2181
2152
2163
2129
2106
2093
2085
2065
2006
1983
1981
1954
1904
1878
1904
1877
1823
1806
1800
1759
1710
1665
1685
1665
1627
1634
1643
1617
1599
1582
1617
1564
1550
1518
1530
1510
1465
1428
1461
1465
1440
1418
1457
1455
1437
1411
1458
1432
1408
1398
1413
1388
1353
1332
1369
1355
1338
1324
1365
1353
1344
1338
1374
1356
1327
1316
1343
1320
1314
1299
1324
1331
1325
1330
1386
1392
1405
1414
1483
1504
1502
1535
1591
1609
1613
1653
1713
1733
1771
1792
1853
1866
1876
1892
1927
1916
1923
1904
1942
1939
1929
1915
1956
1940
1903
1910
1935
1921
1911
1878
1883
1877
1823
1829
1839
1830
1788
1769
1792
1753
1718
1689
1723
1677
1664
1656
1719
1710
1704
1718
1749
1772
1789
1790
1844
1845
1841
1832
1890
1915
1914
1970
1999
2016
1985
1979
1994
1987
1943
1927
1904
1868
1810
1785
1837
1851
1836
1833
1863
1871
1855
1827
1868
1868
1845
1847
1889
1913
1907
1922
1955
1989
1954
1942
1957
1953
1933
1909
1922
1911
1895
1871
1875
1850
1829
1811
1846
1855
1838
1824
1855
1828
1797
1808
1834
1847
1861
1892
1926
1934
1919
1933
1987
2019
1993
2021
2068
2091
2123
2123
2162
2183
2185
2228
2262
2258
2281
2275
2275
2280
2261
2247
2277
2268
2259
2240
2257
2238
2230
2200
2229
2220
2184
2152
2139
2123
2120
2092
2118
2123
2101
2104
2129
2142
2108
2110
2135
2147
2146
2139
2203
2224
2230
2251
2295
2338
2325
2330
2344
2346
2352
2339
2372
2338
2331
2295
2314
2302
2249
2204
2189
2151
2081
2067
2069
2021
2012
1997
2003
1983
1955
1947
1958
1916
1889
1847
1875
1830
1809
1780
1749
1728
1691
1647
1657
1587
1547
1506
1486
1420
1375
1308
1286
1242
1170
1131
1122
1067
1035
1000
1001
986
949
942
959
969
976
1000
1019
1038
1059
1087
1137
1173
1193
1203
1259
1258
1260
1260
1302
1318
1327
1360
1411
1429
1454
1470
1502
1530
1544
1580
1600
1618
1611
1648
1678
1696
1707
1704
1741
1768
1754
1774
1784
1764
1756
1735
1742
1746
1715
1730
1769
1767
1741
1744
1759
1762
1757
1750
1768
1749
1721
1700
1704
1702
1648
1624
1626
1581
1542
1502
1507
1457
1416
1386
1378
1324
1275
1225
1216
1151
1122
1088
1066
1041
1014
1008
998
986
970
972
986
985
983
996
1054
1055
1071
1107
1169
1196
1210
1225
1299
1319
1330
1347
1402
1422
1474
1498
1561
1603
1650
1653
1701
1736
1720
1731
1769
1799
1773
1807
1839
1827
1847
1834
1858
1867
1840
1825
1871
1867
1848
1857
1900
1933
1898
1902
1946
1951
1925
1949
1992
1985
1970
1958
1987
1976
1961
1932
1938
1942
1913
1881
1908
1929
1914
1919
1936
1932
1928
1917
1960
1930
1944
1950
2001
1998
2000
1991
2015
2007
2010
1998
2010
1999
1975
1987
1988
2002
1992
1990
2001
1989
1989
1974
1988
1982
1980
1972
2010
2010
2013
2024
2052
2069
2057
2065
2091
2082
2098
2077
2069
2053
2043
2027
2034
2053
2057
2072
2075
2092
2096
2091
2106
2112
2082
2061
2099
2112
2083
2080
2092
2092
2082
2071
2100
2079
2078
2096
2098
2092
2076
2040
2054
2054
2020
2008
1996
1980
1977
1958
1957
1938
1904
1896
1900
1892
1866
1823
1846
1864
1821
1827
1846
1861
1870
1878
1904
1892
1915
1911
1947
1955
1957
1941
1990
1993
1969
1942
1955
1927
1892
1826
1841
1788
1731
1721
1758
1736
1730
1706
1716
1723
1697
1705
1726
1698
1693
1672
1716
1715
1713
1703
1739
1762
1750
1749
1797
1752
1761
1728
1746
1718
1698
1673
1691
1681
1641
1629
1647
1659
1622
1607
1608
1612
1585
1554
1582
1547
1535
1522
1546
1523
1502
1486
1497
1493
1499
1462
1515
1472
1466
1471
1489
1482
1458
1454
1480
1477
1461
1475
1485
1473
1449
1449
1465
1459
1451
1430
1459
1419
1417
1398
1406
1413
1370
1358
1378
1367
1366
1361
1377
1363
1355
1337
1359
1365
1337
1328
1356
1376
1344
1341
1333
1356
1345
1347
1368
1373
1375
1367
1390
1393
1366
1377
1406
1391
1366
1372
1390
1407
1362
1371
1394
1396
1372
1353
1376
1358
1349
1319
1328
1330
1309
1295
1287
1273
1261
1244
1257
1235
1225
1193
1202
1196
1138
1131
1127
1115
1102
1079
1113
1103
1082
1067
1104
1096
1088
1082
1110
1112
1104
1099
1125
1120
1125
1143
1166
1164
1177
1146
1168
1169
1172
1167
1194
1208
1179
1176
1205
1223
1188
1178
1199
1216
1199
1191
1210
1201
1186
1196
1191
1191
1182
1149
1177
1198
1170
1176
1196
1183
1162
1158
1194
1173
1149
1138
1155
1151
1120
1116
1140
1153
1147
1133
1162
1160
1131
1124
1154
1148
1127
1115
1134
1109
1098
1080
1097
1098
1088
1067
1098
1088
1086
1090
1112
1095
1101
1079
1104
1105
1096
1102
1133
1127
1106
1104
1143
1122
1096
1116
1119
1111
1083
1062
1089
1084
1066
1076
1088
1080
1058
1075
1082
1081
1066
1060
1072
1076
1068
1066
1086
1090
1070
1089
1094
1080
1066
1053
1069
1061
1063
1040
1057
1043
1033
1028
1065
1049
1024
1032
1071
1042
1028
1037
1038
1044
1036
1051
1046
1073
1069
1065
1069
1064
1054
1049
1052
1063
1057
1055
1068
1053
1057
1030
1056
1035
1038
1021
1063
1034
1003
992
1020
1012
1008
989
995
1004
967
961
1002
984
982
954
957
938
884
707
359
361
359
362
360
360
360
360
1021
992
358
361
361
0
0

