;UFOS3
;Measurement details: channel = D, date = 01.06.2018, time = 14:48:44
Exposure=580
Gain=0
Temperature=22.2
Accummulate=4
2.165 mu
2.194 amas
27.161 hs
0 ozone
0 uva
0 uvb
0 uve
[Value]
0
362
359
362
361
361
359
361
406
411
463
450
414
421
466
435
434
408
472
448
437
415
485
448
437
416
472
449
434
438
479
467
432
421
481
461
447
413
463
454
424
418
486
465
440
417
482
461
431
422
462
463
417
427
477
454
413
423
477
452
435
415
461
448
431
415
482
450
428
417
481
449
418
432
479
456
431
417
460
451
430
426
474
447
426
426
467
459
416
425
490
466
419
429
477
471
417
411
480
459
412
424
471
457
423
427
478
450
428
415
471
449
420
432
475
458
422
424
466
449
423
428
481
455
433
430
470
459
427
420
461
451
429
417
471
473
421
433
469
440
442
428
469
456
420
426
471
465
415
462
476
460
416
421
480
455
449
421
467
467
412
415
461
454
447
444
461
459
446
418
478
451
438
449
469
456
419
433
479
446
421
420
468
463
437
425
487
454
432
438
464
478
416
434
463
452
433
428
479
453
430
424
475
456
434
424
465
442
429
424
484
453
415
439
463
453
422
416
465
473
440
419
468
450
433
430
485
452
421
411
468
447
415
427
468
457
420
426
452
451
445
422
465
456
427
437
470
444
440
425
468
453
427
423
464
479
431
436
474
454
419
468
476
453
436
406
455
454
436
412
461
449
418
435
474
458
423
428
470
458
433
419
466
471
432
412
477
441
430
427
470
468
427
421
459
458
426
419
474
455
437
420
469
457
439
436
457
449
433
410
467
460
451
420
467
461
432
430
470
454
418
427
468
449
419
430
460
448
437
426
482
454
429
426
473
448
447
411
478
474
427
425
460
467
419
433
484
462
429
424
473
455
417
429
453
441
420
424
467
448
446
424
468
452
447
424
480
450
435
430
459
456
437
426
457
461
427
422
466
451
431
417
476
450
422
435
460
446
426
422
467
462
419
418
463
443
432
414
466
488
433
421
476
474
428
423
488
442
440
427
466
450
425
415
457
451
450
429
461
446
431
435
463
458
422
415
473
442
436
425
467
448
419
409
477
462
415
431
478
461
434
430
454
463
416
421
466
458
429
408
467
437
424
448
466
443
435
436
470
461
444
419
466
451
428
428
464
457
420
429
462
472
431
415
472
443
431
443
473
453
444
431
475
444
427
430
465
452
423
432
462
448
432
420
470
444
432
422
496
442
443
430
471
444
418
445
460
461
425
422
474
444
433
417
459
445
425
443
464
449
430
427
469
443
428
419
463
457
428
454
476
451
432
430
462
458
436
431
463
463
432
436
447
453
439
423
460
453
424
415
460
442
442
423
460
453
450
437
471
451
418
429
472
453
432
441
468
462
429
422
465
445
431
420
469
462
431
434
467
447
427
426
458
458
423
428
468
449
427
437
470
451
425
449
481
435
437
419
464
442
441
439
467
445
433
428
462
438
429
431
469
444
423
437
465
447
416
436
466
449
444
422
474
441
428
428
481
446
415
433
460
454
475
422
474
441
421
418
450
446
421
421
450
450
415
423
456
430
446
432
459
438
429
414
453
450
419
413
461
447
426
430
463
446
435
435
466
453
428
414
473
439
429
429
462
438
430
436
468
438
425
420
466
435
434
420
461
449
430
433
476
438
431
404
453
450
426
422
455
442
435
426
441
438
423
426
451
449
423
417
463
450
425
432
453
432
423
437
453
453
424
423
463
454
423
435
453
449
439
442
453
454
437
568
458
460
451
428
452
445
429
433
458
436
422
431
461
431
433
430
470
452
437
431
457
434
436
424
461
447
426
430
452
468
438
416
458
445
420
424
466
455
437
430
460
435
428
435
444
452
423
437
457
445
429
432
451
441
435
425
461
439
429
419
467
441
433
434
444
448
435
428
468
438
438
431
457
445
418
425
458
443
428
426
464
439
432
434
457
437
442
424
454
444
452
433
449
450
432
431
457
455
439
437
459
456
430
418
446
440
448
437
451
445
421
430
452
445
422
432
456
443
435
435
453
440
417
420
465
450
437
440
448
443
427
419
446
433
431
433
460
453
436
425
459
447
439
461
456
435
435
429
451
446
427
436
448
449
432
438
462
440
430
428
444
452
438
431
453
436
426
428
451
441
435
434
453
451
431
425
455
436
431
440
450
441
436
430
451
447
428
428
456
443
448
424
463
441
433
432
448
451
435
434
450
444
461
416
455
442
447
422
448
455
423
429
462
448
420
425
453
469
432
426
445
443
446
435
453
437
439
442
453
437
455
436
454
449
443
426
449
438
434
430
445
436
457
433
446
437
442
440
450
440
437
434
453
446
423
421
454
442
448
426
451
434
434
439
444
438
421
424
445
448
432
426
451
453
432
430
452
439
436
437
449
443
436
424
457
448
446
422
448
450
426
431
443
433
429
429
460
444
432
434
449
448
446
442
455
442
429
447
447
450
435
439
444
441
436
428
430
435
443
441
463
446
425
439
458
443
438
426
448
454
438
426
446
442
439
438
459
452
441
428
447
450
441
431
452
425
427
435
456
450
440
443
448
438
441
423
459
439
446
424
456
456
433
428
446
440
452
439
453
443
446
437
454
453
430
445
447
437
431
434
453
450
439
432
458
433
441
441
455
451
447
436
453
443
432
446
453
439
432
442
437
454
447
440
446
443
442
429
438
430
435
419
439
448
437
436
448
441
434
437
444
447
434
430
445
438
436
447
446
434
436
433
454
436
434
433
450
435
430
428
461
435
447
446
447
441
450
439
445
442
435
438
454
442
453
436
450
437
447
446
459
445
446
434
441
435
426
430
442
466
435
437
447
447
463
432
440
447
435
436
455
442
442
432
491
445
447
441
448
443
434
436
437
433
439
436
446
435
427
433
441
432
445
426
449
441
456
438
442
442
439
438
447
445
440
452
440
440
434
438
443
437
438
438
456
450
441
448
465
441
444
432
438
448
440
442
454
448
449
431
454
436
445
430
446
430
455
435
446
445
450
430
448
436
439
432
454
450
458
435
440
441
442
439
462
431
429
441
439
438
442
423
453
445
449
430
441
424
447
439
452
438
451
442
459
434
450
418
434
429
430
432
440
444
443
439
435
444
449
430
467
439
427
442
464
434
436
430
436
437
448
439
443
432
447
444
451
442
449
441
456
442
441
438
450
438
443
431
456
439
442
433
442
432
441
434
451
434
428
441
457
446
443
455
443
442
436
431
441
437
455
438
441
435
438
435
446
439
440
443
427
443
443
439
448
450
446
432
445
450
438
425
453
442
437
447
443
441
444
432
438
439
439
432
437
444
447
438
430
443
435
429
451
439
446
438
446
442
454
439
447
446
452
453
446
453
450
431
445
441
436
427
447
441
449
439
460
452
437
434
440
435
455
452
451
445
460
447
446
442
447
424
451
439
449
434
448
440
451
434
448
443
423
447
453
429
426
456
432
437
438
438
438
450
438
448
454
444
456
453
437
435
451
440
446
444
451
434
439
427
449
435
443
432
450
438
438
432
449
443
450
432
446
446
437
428
442
446
440
437
464
439
444
427
445
431
448
438
443
448
439
440
434
446
447
445
445
445
435
438
440
451
431
436
447
431
446
429
438
437
448
443
439
447
435
433
448
439
447
442
440
444
444
432
448
444
438
434
435
448
433
435
434
438
451
442
437
444
439
430
459
438
445
439
429
434
435
441
429
436
437
430
454
438
431
445
443
433
432
433
430
432
429
430
435
440
451
438
450
446
449
438
431
438
445
455
445
431
442
434
435
431
449
441
440
438
434
438
435
438
440
437
431
426
450
426
435
443
434
441
434
438
463
434
439
441
432
440
444
442
443
439
443
421
440
440
430
446
446
437
438
428
445
424
439
434
440
424
451
445
440
431
437
441
437
426
436
425
435
432
425
443
440
441
423
440
435
422
454
439
440
430
438
446
455
447
444
441
437
433
432
432
440
435
435
439
421
438
428
430
433
449
446
438
442
441
435
438
432
436
432
440
437
437
434
428
446
422
441
438
435
443
442
442
439
434
435
446
445
438
443
432
434
437
445
446
448
442
440
430
442
436
442
428
449
424
436
441
449
444
436
439
448
440
458
437
445
428
437
443
441
434
455
435
453
433
436
433
435
430
449
432
434
438
439
443
444
439
446
441
434
430
440
439
441
434
451
437
437
439
426
433
446
468
433
435
434
433
442
453
438
425
440
435
441
438
432
441
453
429
454
425
445
439
431
457
443
427
442
434
446
431
428
436
433
438
442
439
440
428
443
444
441
434
434
441
452
429
443
445
433
420
447
446
431
440
435
458
453
436
457
435
464
424
452
444
442
450
421
442
440
430
440
452
439
436
447
439
438
434
438
441
437
440
442
431
445
437
453
433
422
424
451
435
444
436
437
451
434
449
438
451
461
433
448
443
437
428
454
443
434
434
435
435
447
438
454
428
440
443
442
444
436
433
442
444
434
430
437
438
435
429
432
439
445
436
437
436
442
430
450
442
458
432
443
438
433
445
447
444
451
425
437
457
442
437
449
430
441
431
436
438
446
433
441
456
433
439
452
447
440
439
448
458
442
433
460
438
439
436
442
459
445
428
442
440
441
437
451
447
454
432
455
437
446
439
437
443
438
436
448
444
435
431
445
453
444
439
445
447
444
431
443
434
433
432
446
437
444
444
441
442
433
444
445
446
446
430
437
446
458
457
440
433
444
436
447
437
424
445
446
441
433
423
436
430
446
430
477
434
447
431
449
446
461
431
440
446
442
439
440
444
437
439
429
446
431
426
440
439
432
432
438
434
433
427
441
438
449
431
451
451
435
429
444
444
451
435
462
452
437
463
449
441
433
434
442
453
442
441
445
453
435
429
447
448
450
441
450
442
439
438
432
442
454
427
455
437
433
438
449
447
444
436
460
439
440
428
451
439
444
433
446
435
425
455
449
451
439
434
447
442
432
431
449
447
447
428
451
441
453
450
436
429
430
441
459
439
450
436
441
446
443
434
449
451
436
446
440
441
444
427
453
455
451
428
447
445
435
442
451
438
431
430
440
450
436
428
450
444
439
429
448
442
445
430
458
449
431
439
456
459
434
430
451
444
445
425
444
469
427
432
446
442
426
439
454
435
444
426
435
438
440
434
447
455
428
433
449
447
447
432
441
445
429
439
454
428
436
425
455
440
431
432
451
457
439
444
457
451
430
427
450
435
432
438
445
440
433
428
452
449
427
441
452
444
439
436
452
454
438
431
452
449
434
442
453
457
452
438
455
442
435
441
448
463
436
439
458
459
446
431
448
457
452
433
443
446
434
437
455
459
441
434
443
449
438
452
457
455
450
439
455
458
448
433
452
447
438
442
454
470
431
434
464
444
440
441
447
447
422
428
445
456
436
426
453
452
442
434
451
459
433
441
453
442
443
434
454
445
434
432
456
437
436
422
448
453
436
438
453
455
463
426
452
456
431
433
452
455
434
433
457
443
427
426
457
446
436
438
449
441
447
430
466
443
435
432
452
444
440
425
452
446
449
439
439
449
439
438
458
467
428
431
455
453
441
442
454
456
434
423
450
455
429
441
447
448
441
430
469
447
440
426
463
445
433
431
449
451
433
433
460
462
453
428
444
443
427
432
451
458
447
434
448
445
451
445
455
451
428
436
447
456
441
431
449
454
428
435
464
463
431
432
451
452
434
428
453
448
453
424
459
446
440
430
474
449
444
440
443
452
441
438
447
460
437
433
458
446
426
442
463
465
422
422
441
455
427
430
464
447
445
431
459
451
452
427
448
435
464
427
462
436
425
433
453
448
431
428
454
465
437
429
456
455
442
437
453
448
447
429
464
446
438
442
455
451
438
428
456
458
423
432
448
465
428
435
478
461
440
441
451
450
432
437
449
467
437
431
449
456
432
433
459
452
434
432
460
457
441
442
457
463
439
435
459
439
439
453
472
458
451
438
454
459
432
424
462
471
448
440
467
461
430
443
454
454
430
424
473
459
440
436
474
503
438
433
462
442
436
435
452
464
437
441
460
470
430
436
457
453
443
449
466
464
430
445
460
464
433
444
458
453
452
433
450
463
439
431
461
472
424
430
453
459
431
430
468
461
433
437
451
441
441
418
452
466
433
443
453
454
441
431
453
462
445
430
460
455
431
428
452
467
431
425
456
457
427
432
470
452
439
424
450
454
437
439
449
452
443
442
449
449
448
433
464
470
434
426
465
473
435
451
468
445
438
441
476
466
438
433
460
468
436
435
469
452
434
427
469
450
446
439
441
448
439
426
459
451
413
458
463
461
432
442
451
461
428
434
457
447
439
443
462
475
424
436
474
451
437
438
466
443
438
435
450
463
426
440
462
471
432
425
460
458
428
430
462
456
449
434
465
467
432
439
472
458
438
436
482
448
434
429
462
458
437
425
456
471
443
430
455
458
445
418
464
462
443
452
474
469
442
427
458
456
433
429
462
453
436
434
469
457
431
434
457
445
437
433
457
461
441
434
464
450
432
424
459
457
437
444
464
451
427
436
457
445
436
440
458
449
432
435
464
456
440
424
463
458
443
432
459
458
422
424
461
446
443
433
453
463
431
440
457
459
426
432
470
449
442
441
477
450
435
425
482
457
432
439
446
455
438
428
466
447
441
430
456
470
428
460
455
464
431
437
449
469
430
443
457
459
433
421
466
450
431
432
467
462
449
428
450
465
433
427
449
464
441
439
456
472
435
427
438
451
444
441
451
458
431
425
443
453
437
432
460
462
435
426
456
446
431
439
456
457
443
441
453
453
428
430
457
487
436
438
446
452
441
433
451
454
424
445
452
439
444
440
448
446
438
434
452
455
431
424
455
451
438
425
451
458
436
429
444
440
432
425
445
452
440
432
455
459
433
429
448
459
446
432
444
453
435
429
457
483
429
435
455
449
442
429
469
452
459
429
461
464
447
435
445
455
428
433
466
440
428
427
453
451
431
437
461
446
447
434
471
446
440
457
446
457
438
435
473
445
438
443
464
452
437
429
450
461
432
440
465
445
438
431
447
456
427
427
442
451
441
456
449
449
437
441
447
456
438
432
456
452
436
434
453
451
435
438
454
451
447
432
447
447
434
448
449
448
427
435
439
445
438
422
448
452
435
441
453
443
442
436
448
451
427
431
451
463
429
433
442
438
434
433
450
450
429
431
450
470
439
456
465
442
431
426
463
444
433
438
466
450
441
433
456
446
443
444
450
446
437
446
443
444
433
437
446
449
433
434
465
445
428
435
463
461
432
431
479
466
445
440
459
451
446
433
451
456
452
430
449
469
433
432
438
459
429
437
453
446
449
438
453
460
435
426
464
458
434
424
452
472
439
431
458
455
428
439
462
462
439
427
462
455
436
422
433
462
438
423
450
458
427
433
446
443
446
440
462
442
437
425
457
448
435
426
452
444
448
434
447
436
423
436
434
441
445
448
456
441
443
437
447
444
424
431
458
445
444
444
450
464
440
435
451
444
455
440
451
451
450
446
452
455
443
449
442
457
443
445
449
465
437
428
464
475
444
441
451
465
443
428
458
444
437
458
462
469
445
432
449
461
449
439
441
446
450
442
458
457
428
444
449
462
438
420
446
468
433
434
449
462
450
439
451
438
442
428
450
449
440
428
459
461
438
422
447
446
438
423
462
458
430
434
477
457
451
436
449
457
430
443
460
449
438
429
450
455
440
427
446
467
445
439
485
445
443
428
457
446
435
430
453
452
435
434
450
469
439
431
441
452
439
429
453
447
439
434
464
449
427
429
435
441
445
422
472
447
434
439
452
453
431
429
451
453
435
445
453
445
429
434
450
446
437
430
453
440
439
432
450
466
432
432
458
450
447
452
464
446
439
427
445
455
428
429
444
473
441
447
438
460
441
442
453
455
447
434
451
453
428
440
462
458
431
445
455
472
430
432
450
464
442
427
451
449
443
425
445
453
443
449
448
455
440
438
459
452
443
432
446
465
423
446
446
447
442
430
461
459
435
421
453
448
438
436
448
447
434
433
458
452
447
450
452
452
452
431
442
443
438
434
449
457
425
424
450
468
439
430
441
464
436
437
447
456
434
449
457
463
452
430
449
468
436
445
455
449
428
428
462
454
433
433
454
463
432
431
450
466
448
434
457
460
431
432
459
462
446
444
464
456
443
439
452
456
445
429
446
441
431
441
459
448
446
433
445
445
434
437
455
454
430
435
473
456
432
453
464
460
436
426
456
450
429
447
459
455
424
445
451
457
435
438
449
450
433
438
453
459
429
454
454
447
440
424
446
453
444
434
444
447
432
430
462
459
429
436
465
443
434
443
442
449
431
443
441
468
446
449
449
444
432
434
436
450
429
445
457
445
455
428
449
441
443
436
478
455
421
429
456
459
450
442
447
463
432
431
470
453
453
435
441
448
434
442
360
361
361
361
361
360
361
360
456
442
359
360
362
0
0

