;UFOS3
;Measurement details: channel = Z-D, date = 01.06.2018, time = 15:37:53
Exposure=502
Gain=0
Temperature=21.5
Accummulate=4
2.73 mu
2.797 amas
21.028 hs
318 ozone
0 uva
0 uvb
0 uve
[Value]
0
1
3
-1
2
-1
2
1
-2
-2
-1
0
0
-1
-2
-4
-3
1
-3
-2
-5
1
0
1
-1
-3
0
2
0
1
1
-1
-2
-1
1
2
2
2
1
2
2
2
-1
-3
2
1
0
0
0
0
-3
1
-1
1
3
-2
0
0
2
-1
1
1
2
1
0
0
0
2
0
1
0
2
-1
2
1
-1
2
-1
1
3
2
0
1
0
0
2
3
1
0
-1
0
2
1
-3
-2
1
2
1
0
-1
-2
-2
0
0
1
1
-1
-1
0
0
1
0
0
1
0
-1
2
-3
-1
0
4
-2
0
0
-2
0
-1
0
1
-3
-2
0
2
-1
3
1
0
0
1
0
1
3
1
3
0
2
2
2
0
2
4
1
1
0
3
1
0
-2
-1
-1
1
2
-1
-2
4
2
-2
2
3
-1
1
0
1
-2
-1
1
-1
1
0
0
1
-3
1
1
1
2
-1
4
1
2
0
1
1
2
-1
3
1
2
2
0
0
1
1
3
-1
1
0
-2
0
-1
-1
3
1
2
0
0
1
3
2
-1
3
-1
2
1
0
0
2
0
1
1
1
-1
1
-1
2
0
4
3
0
-1
2
-1
2
-1
2
3
-1
2
1
-1
1
0
-3
1
1
3
0
5
2
1
4
-5
3
-2
-1
1
-1
2
-2
-1
-1
-1
4
-1
2
2
1
-2
-2
2
2
-2
2
1
0
0
3
0
2
0
0
1
2
0
1
-1
5
2
0
2
2
1
0
-1
0
1
4
-1
-2
-1
2
0
3
1
0
3
1
3
2
-4
0
0
2
2
0
0
2
1
2
0
1
4
-1
-1
1
1
3
-1
1
0
1
3
0
2
1
5
0
0
2
3
-2
4
1
1
2
3
0
5
0
1
1
2
1
1
-1
1
0
2
3
0
-2
3
2
1
1
5
-1
-1
-1
2
1
-1
2
-1
1
1
2
0
1
2
1
-2
2
1
1
1
1
1
-2
1
0
4
2
1
2
2
3
1
0
0
1
2
3
-1
1
1
1
0
4
1
4
2
4
3
1
2
1
3
2
3
2
2
2
3
3
4
3
2
2
-2
1
0
2
3
0
4
3
2
3
0
4
0
1
1
3
2
3
1
3
1
5
3
2
1
4
0
4
-1
-1
4
5
2
1
2
2
3
4
2
2
3
3
1
2
4
3
3
2
1
0
3
2
-1
4
1
4
2
1
0
4
2
2
2
4
1
2
2
2
0
4
3
2
4
1
2
-1
0
3
1
0
1
2
3
3
4
5
2
2
4
1
4
2
2
4
1
3
1
4
5
4
4
4
1
3
2
3
0
3
1
0
4
4
4
3
2
4
3
2
3
5
2
2
4
2
0
3
2
4
2
5
2
5
1
3
2
2
2
3
2
3
3
2
1
5
4
2
0
3
3
3
0
3
0
5
6
6
3
6
0
0
3
3
1
4
1
2
3
5
2
6
2
4
5
5
3
5
-2
0
3
1
0
3
5
5
3
4
4
2
5
3
3
3
3
7
1
4
5
3
6
5
3
2
6
3
4
3
3
5
4
4
3
6
3
5
-1
2
6
2
5
4
3
5
2
7
2
1
2
3
1
4
5
3
0
3
4
3
2
5
-1
7
8
6
3
6
2
3
2
3
3
3
4
3
4
3
2
3
3
4
2
3
5
4
6
3
5
3
3
0
3
3
4
1
3
5
3
4
7
6
4
5
5
4
4
5
3
2
5
4
2
6
2
4
6
4
3
4
6
4
4
6
5
4
3
6
3
9
5
3
4
3
4
6
5
5
6
3
4
6
5
4
7
2
2
6
5
8
5
2
4
4
5
7
5
5
6
5
7
6
10
5
4
5
6
5
4
8
3
7
5
6
7
8
5
4
5
6
5
9
8
7
7
8
9
5
8
7
6
9
6
5
6
5
4
7
9
6
7
7
6
12
6
7
7
7
6
7
8
8
8
7
7
6
10
8
9
7
7
10
10
11
5
8
8
7
9
12
11
11
11
11
15
11
9
10
12
11
11
11
10
15
12
8
11
11
11
12
10
12
14
11
11
12
11
13
15
15
18
13
13
15
15
18
15
18
17
16
15
19
19
17
19
21
19
23
21
19
22
22
20
25
25
27
25
22
24
27
25
25
24
24
24
22
28
27
28
26
26
26
23
27
25
27
28
27
29
28
31
33
29
29
30
34
31
34
32
36
35
39
35
41
41
43
41
43
42
44
45
49
49
50
52
52
54
52
52
53
54
59
58
54
55
57
55
58
54
60
59
59
59
59
55
63
63
62
59
62
60
63
59
63
64
61
65
62
65
66
61
64
63
62
63
64
65
66
68
69
72
77
71
76
76
80
76
81
82
82
84
89
89
88
89
92
91
93
93
102
98
105
102
106
108
110
112
119
119
124
130
133
136
139
138
150
151
154
164
161
170
171
170
175
178
180
185
187
189
196
197
202
197
204
202
199
204
208
206
210
210
211
212
212
211
218
219
219
220
226
224
225
230
238
239
245
238
246
245
247
251
259
257
263
266
271
273
273
280
278
284
288
288
291
291
298
294
297
300
298
297
295
292
294
299
300
297
307
300
310
309
315
317
322
324
337
341
344
350
355
355
353
349
360
351
356
355
349
353
354
355
362
359
363
370
372
376
384
385
401
397
408
417
428
433
449
436
442
442
444
439
439
436
426
418
414
397
391
383
378
375
356
356
354
350
344
344
348
350
355
360
369
372
379
388
400
414
423
436
455
460
469
482
487
490
499
509
514
521
528
540
544
543
553
554
565
565
575
577
590
588
599
608
611
614
615
613
609
610
601
589
578
576
569
550
545
542
537
527
536
529
533
538
548
544
551
550
569
584
596
608
627
654
665
694
718
739
748
760
769
775
781
774
782
781
780
781
781
772
765
762
760
757
751
750
745
742
740
742
751
757
768
773
787
795
802
815
830
840
850
872
893
911
932
942
959
982
998
1015
1026
1036
1061
1071
1093
1099
1117
1117
1109
1103
1097
1083
1076
1054
1043
1026
1007
995
984
964
961
946
938
935
931
931
943
942
955
966
973
988
1000
1017
1020
1026
1033
1040
1045
1046
1044
1052
1049
1035
1031
1010
1001
978
964
926
909
884
868
855
845
829
818
821
822
815
828
831
844
839
844
850
857
868
883
898
904
908
923
932
956
963
981
989
1008
1017
1022
1041
1046
1059
1069
1078
1096
1093
1105
1112
1123
1136
1124
1126
1115
1120
1121
1117
1112
1101
1101
1088
1085
1088
1073
1061
1062
1057
1059
1049
1059
1058
1058
1058
1060
1057
1060
1057
1067
1068
1073
1076
1094
1103
1123
1138
1157
1170
1194
1210
1243
1265
1288
1309
1328
1340
1355
1366
1390
1395
1411
1410
1402
1397
1409
1407
1416
1427
1434
1450
1451
1461
1474
1477
1488
1495
1506
1521
1532
1538
1543
1547
1547
1550
1560
1560
1552
1543
1551
1549
1532
1531
1518
1505
1503
1490
1489
1486
1490
1489
1502
1506
1518
1532
1543
1542
1539
1538
1538
1537
1547
1542
1554
1553
1565
1567
1576
1580
1580
1582
1590
1587
1607
1617
1632
1655
1685
1712
1719
1749
1778
1803
1822
1853
1886
1917
1948
1972
2012
2037
2060
2088
2115
2131
2145
2150
2152
2143
2126
2114
2095
2085
2084
2090
2086
2071
2065
2064
2074
2069
2066
2061
2071
2047
2026
2023
1998
1980
1972
1940
1932
1900
1871
1831
1806
1778
1751
1725
1719
1725
1707
1696
1677
1651
1629
1602
1579
1544
1534
1519
1512
1514
1503
1500
1511
1511
1540
1539
1562
1590
1613
1641
1672
1692
1724
1733
1754
1749
1744
1742
1748
1725
1728
1717
1704
1701
1702
1692
1671
1666
1651
1645
1646
1639
1629
1615
1613
1617
1616
1622
1635
1647
1652
1668
1654
1650
1651
1639
1626
1602
1604
1579
1568
1540
1530
1526
1523
1516
1522
1504
1494
1478
1469
1478
1476
1463
1458
1454
1465
1478
1486
1511
1534
1541
1583
1602
1622
1640
1655
1661
1677
1687
1679
1685
1667
1669
1656
1667
1672
1680
1683
1691
1691
1691
1697
1698
1705
1718
1716
1723
1746
1763
1781
1783
1803
1793
1802
1796
1790
1767
1746
1707
1667
1637
1595
1566
1537
1525
1517
1504
1498
1482
1488
1482
1490
1500
1501
1500
1522
1537
1541
1568
1588
1600
1610
1619
1628
1630
1622
1600
1585
1563
1522
1512
1486
1469
1457
1445
1469
1481
1502
1525
1571
1595
1635
1683
1714
1750
1778
1798
1820
1817
1836
1845
1869
1884
1887
1899
1900
1911
1907
1903
1901
1908
1893
1903
1923
1932
1944
1964
1967
1987
2013
2037
2060
2097
2116
2122
2123
2122
2115
2104
2083
2075
2039
2010
1994
1963
1950
1910
1919
1897
1916
1932
1945
1952
1971
1987
1997
2028
2051
2102
2153
2175
2215
2250
2269
2305
2305
2312
2319
2300
2295
2286
2278
2271
2263
2237
2206
2200
2171
2148
2136
2115
2079
2051
2033
2033
2031
2021
2015
2007
1987
1977
1964
1956
1944
1909
1890
1874
1878
1871
1881
1859
1854
1846
1850
1854
1850
1864
1861
1872
1884
1897
1903
1929
1931
1945
1953
1960
1968
1964
1969
1969
1962
1952
1942
1941
1926
1918
1904
1884
1870
1867
1870
1862
1869
1877
1888
1881
1907
1896
1894
1893
1882
1873
1866
1868
1877
1870
1876
1867
1869
1846
1833
1834
1798
1781
1753
1735
1695
1658
1630
1588
1553
1506
1484
1441
1406
1371
1341
1312
1314
1275
1277
1253
1248
1258
1255
1271
1290
1306
1341
1367
1405
1447
1491
1532
1570
1594
1620
1635
1661
1665
1694
1706
1725
1747
1762
1783
1791
1792
1798
1798
1808
1807
1802
1782
1774
1767
1743
1732
1731
1694
1709
1687
1692
1674
1663
1654
1653
1660
1655
1660
1662
1668
1666
1684
1698
1719
1736
1755
1770
1783
1822
1843
1869
1894
1906
1913
1915
1906
1919
1910
1902
1904
1907
1896
1885
1866
1864
1834
1818
1801
1782
1778
1782
1780
1772
1769
1759
1771
1778
1773
1784
1782
1792
1798
1805
1801
1814
1817
1823
1840
1850
1858
1867
1876
1892
1896
1914
1910
1922
1926
1928
1924
1906
1899
1895
1906
1895
1909
1899
1890
1916
1923
1930
1935
1932
1911
1892
1873
1845
1841
1833
1840
1844
1858
1893
1903
1930
1946
1972
2008
2032
2065
2089
2124
2144
2187
2218
2264
2276
2305
2342
2367
2392
2406
2408
2396
2393
2376
2348
2340
2307
2284
2295
2289
2283
2264
2256
2235
2218
2185
2178
2151
2133
2122
2118
2107
2104
2111
2101
2111
2133
2126
2157
2166
2179
2189
2219
2221
2225
2251
2263
2271
2269
2267
2243
2201
2160
2115
2072
2010
1957
1904
1873
1844
1827
1816
1820
1828
1835
1850
1863
1878
1903
1918
1935
1953
1957
1975
1985
2012
2048
2061
2090
2110
2131
2138
2131
2121
2128
2101
2093
2077
2060
2072
2068
2060
2077
2082
2090
2081
2094
2113
2097
2105
2123
2141
2155
2158
2180
2195
2216
2231
2240
2235
2230
2215
2192
2172
2175
2150
2160
2143
2125
2106
2089
2061
2043
2026
2011
1993
1980
1971
1955
1927
1909
1905
1887
1897
1883
1870
1845
1827
1794
1770
1755
1727
1726
1714
1711
1717
1726
1740
1763
1795
1795
1794
1795
1769
1760
1745
1745
1724
1723
1713
1704
1699
1686
1655
1634
1601
1560
1534
1509
1470
1446
1422
1411
1404
1407
1403
1432
1441
1456
1447
1444
1457
1455
1447
1451
1449
1469
1463
1483
1491
1487
1478
1475
1457
1453
1418
1409
1398
1390
1387
1370
1361
1327
1303
1273
1245
1219
1197
1191
1177
1187
1179
1182
1199
1210
1235
1270
1290
1333
1367
1396
1431
1458
1482
1523
1558
1612
1652
1705
1740
1797
1846
1884
1926
1958
1987
2024
2042
2050
2066
2066
2079
2087
2094
2115
2115
2119
2099
2090
2081
2075
2056
2034
2003
1988
1965
1941
1922
1908
1893
1860
1830
1790
1757
1726
1704
1678
1673
1686
1689
1694
1696
1716
1708
1717
1730
1744
1767
1785
1801
1831
1849
1880
1881
1901
1909
1904
1880
1867
1852
1837
1809
1804
1783
1763
1775
1781
1796
1794
1792
1785
1785
1789
1807
1834
1884
1928
1971
2037
2081
2141
2181
2216
2255
2284
2293
2292
2270
2239
2215
2180
2161
2136
2113
2104
2068
2035
2006
1976
1945
1922
1893
1910
1888
1880
1889
1907
1927
1969
2015
2060
2100
2135
2159
2182
2194
2209
2200
2201
2182
2165
2121
2090
2057
2037
2004
1984
1954
1913
1879
1855
1824
1792
1782
1770
1756
1767
1759
1765
1781
1802
1821
1846
1855
1886
1899
1919
1925
1941
1975
2003
2031
2063
2075
2105
2128
2157
2173
2189
2207
2222
2239
2254
2251
2256
2259
2272
2262
2262
2240
2246
2238
2226
2233
2213
2212
2194
2189
2175
2167
2156
2126
2108
2106
2078
2060
2049
2030
2015
1997
1989
1966
1964
1952
1943
1922
1914
1919
1908
1918
1909
1907
1912
1896
1900
1900
1900
1900
1901
1901
1874
1858
1860
1835
1826
1820
1817
1805
1806
1796
1785
1776
1766
1756
1745
1751
1739
1722
1709
1699
1690
1683
1682
1683
1673
1680
1688
1695
1722
1731
1746
1762
1779
1788
1826
1835
1862
1883
1899
1937
1967
1971
1982
1989
1995
2012
2007
2005
2004
1987
1960
1930
1913
1885
1866
1846
1849
1835
1846
1829
1820
1811
1806
1801
1805
1792
1796
1778
1763
1743
1715
1685
1663
1658
1650
1628
1631
1628
1626
1631
1652
1675
1696
1733
1766
1811
1861
1892
1916
1924
1957
1979
2004
2021
2042
2045
2034
2021
2007
1978
1971
1944
1909
1883
1845
1806
1779
1743
1722
1701
1691
1673
1677
1672
1670
1651
1650
1628
1615
1612
1618
1611
1603
1589
1598
1584
1592
1606
1637
1640
1682
1691
1708
1714
1707
1694
1682
1653
1622
1615
1591
1563
1518
1470
1441
1388
1374
1359
1366
1370
1379
1387
1427
1471
1508
1544
1594
1637
1689
1725
1756
1787
1811
1820
1836
1844
1839
1814
1793
1778
1736
1694
1646
1598
1568
1531
1493
1479
1476
1474
1479
1492
1496
1506
1544
1566
1596
1652
1689
1729
1766
1781
1816
1855
1878
1908
1916
1930
1946
1944
1968
1961
1956
1943
1934
1915
1896
1877
1869
1851
1840
1819
1829
1840
1825
1822
1829
1838
1855
1860
1889
1889
1886
1890
1897
1897
1890
1900
1909
1916
1927
1944
1959
1974
1989
2007
2023
2020
2033
2043
2063
2069
2078
2107
2118
2128
2142
2148
2170
2187
2200
2203
2214
2223
2234
2241
2263
2250
2255
2261
2276
2294
2285
2264
2269
2256
2244
2226
2205
2178
2147
2109
2069
2045
2020
1981
1955
1926
1893
1845
1824
1787
1761
1734
1702
1687
1675
1654
1651
1642
1626
1607
1597
1579
1566
1555
1540
1514
1498
1485
1476
1457
1446
1440
1445
1451
1446
1480
1476
1495
1507
1523
1527
1544
1565
1576
1602
1623
1645
1657
1667
1676
1662
1662
1671
1674
1671
1673
1659
1647
1625
1605
1571
1566
1555
1538
1524
1512
1487
1461
1462
1462
1443
1426
1425
1402
1381
1368
1344
1305
1282
1256
1246
1218
1198
1183
1176
1162
1149
1138
1135
1134
1113
1094
1079
1062
1035
1022
1003
991
970
951
959
960
948
941
933
921
923
897
893
886
879
869
879
872
866
867
870
876
878
867
871
870
871
860
857
844
840
839
833
840
843
848
871
873
892
903
935
950
963
984
1005
1033
1041
1075
1098
1123
1148
1177
1208
1233
1252
1266
1290
1293
1305
1296
1308
1305
1305
1314
1317
1309
1320
1319
1307
1298
1280
1261
1246
1247
1234
1244
1249
1234
1233
1230
1220
1202
1190
1182
1163
1141
1115
1102
1118
1138
1142
1145
1148
1167
1164
1168
1189
1200
1204
1233
1266
1288
1305
1320
1343
1359
1361
1354
1356
1346
1337
1319
1301
1285
1272
1259
1231
1210
1208
1197
1210
1215
1233
1230
1255
1239
1245
1254
1267
1262
1299
1298
1317
1325
1322
1319
1325
1333
1306
1311
1303
1291
1292
1267
1265
1259
1257
1257
1260
1246
1244
1234
1226
1222
1219
1212
1210
1205
1218
1216
1226
1227
1243
1258
1273
1276
1301
1300
1320
1339
1367
1378
1399
1416
1434
1449
1461
1486
1488
1503
1512
1503
1514
1510
1523
1523
1529
1547
1552
1546
1545
1521
1509
1503
1503
1497
1496
1460
1461
1437
1418
1429
1419
1405
1393
1392
1377
1374
1388
1384
1420
1436
1451
1466
1490
1512
1523
1530
1537
1535
1552
1554
1571
1567
1553
1539
1551
1538
1536
1509
1488
1489
1466
1452
1434
1417
1390
1357
1339
1316
1294
1281
1254
1236
1225
1198
1177
1150
1127
1104
1080
1062
1048
1016
1006
996
977
952
915
877
836
797
750
699
668
626
598
569
545
521
500
484
467
457
451
443
443
440
447
452
467
475
492
512
537
562
581
599
620
635
648
661
678
698
717
734
758
781
798
814
835
849
873
877
896
905
914
925
934
959
964
970
993
1004
1013
1024
1038
1044
1037
1050
1058
1056
1061
1063
1057
1050
1058
1041
1042
1033
1029
1025
1013
1011
1006
993
986
974
957
935
925
902
884
863
846
813
784
750
718
687
654
615
583
554
538
511
503
483
474
463
449
449
429
424
426
431
436
443
455
470
487
506
527
546
574
598
626
657
685
712
742
787
802
828
862
888
898
931
959
956
983
988
997
1006
1009
1002
1015
1012
1010
1008
1009
1026
1032
1035
1048
1042
1042
1049
1060
1056
1070
1076
1095
1102
1118
1114
1132
1135
1156
1159
1166
1161
1169
1173
1171
1178
1169
1172
1169
1160
1152
1154
1153
1150
1162
1155
1160
1161
1160
1160
1173
1168
1176
1186
1193
1179
1189
1193
1179
1162
1157
1146
1148
1146
1159
1160
1158
1159
1166
1171
1165
1170
1171
1158
1176
1184
1191
1198
1196
1206
1220
1227
1237
1239
1238
1240
1240
1237
1237
1232
1224
1217
1217
1216
1223
1225
1222
1224
1229
1219
1222
1219
1215
1225
1229
1210
1204
1194
1192
1198
1200
1209
1208
1209
1208
1206
1211
1208
1212
1212
1200
1197
1188
1184
1173
1163
1146
1136
1121
1099
1088
1065
1048
1045
1055
1061
1069
1055
1057
1067
1068
1075
1096
1091
1098
1098
1110
1120
1119
1107
1113
1112
1125
1109
1130
1102
1103
1094
1082
1047
1037
1010
1007
990
977
964
963
953
957
953
956
954
951
942
953
947
948
952
968
964
977
983
987
991
984
975
976
961
947
941
936
925
912
901
897
882
888
877
883
868
865
859
847
837
829
814
819
796
796
792
795
796
786
774
775
763
763
761
754
752
755
756
760
750
746
753
761
754
754
750
747
744
744
735
738
744
747
734
735
723
711
704
701
692
694
696
695
705
700
712
704
703
706
696
697
702
696
701
698
699
707
703
695
701
704
702
707
705
712
712
710
705
692
691
686
687
676
676
682
681
683
674
676
669
662
656
651
644
632
613
608
592
597
588
595
587
574
560
546
538
531
521
521
507
502
496
497
495
487
485
484
488
492
488
494
493
498
498
496
500
509
511
521
526
537
542
544
546
554
553
556
549
550
547
552
544
543
539
543
553
557
561
569
567
562
557
563
561
564
555
554
551
547
539
545
532
537
530
531
528
531
527
529
521
523
514
517
513
508
508
514
508
503
502
497
490
485
486
480
478
476
464
465
463
462
465
463
470
466
472
478
479
476
475
485
483
489
490
495
491
493
501
505
504
499
484
480
479
485
475
470
464
465
463
463
457
459
454
456
458
454
449
448
454
448
455
450
456
456
455
458
452
452
439
438
433
437
431
427
423
429
422
425
423
422
418
427
424
422
422
430
425
433
432
439
442
447
440
454
452
459
460
463
456
406
240
-2
-2
-2
2
-3
-1
-2
-1
458
431
-3
-5
-1
0
0

