;UFOS3
;Measurement details: channel = Z-D, date = 01.06.2018, time = 15:47:53
Exposure=511
Gain=0
Temperature=21.4
Accummulate=4
2.884 mu
2.943 amas
19.792 hs
318 ozone
0 uva
0 uvb
0 uve
[Value]
0
0
0
3
1
1
-2
-1
2
-1
-1
0
-1
-1
-3
-1
0
-2
-1
-1
-4
0
0
-2
3
-1
-1
0
1
0
1
1
2
1
-1
1
1
1
3
-2
-2
-1
1
0
2
1
3
2
1
0
1
2
-1
0
1
1
0
-1
1
3
0
-1
3
-1
2
2
3
3
1
2
2
3
-1
-1
3
0
2
1
-1
3
0
-2
2
1
-2
2
1
-2
2
0
5
3
1
2
-1
0
-1
2
-1
2
1
1
-1
2
0
-2
0
1
3
3
3
-2
3
-1
4
2
2
2
-1
0
0
0
2
0
-1
0
-1
4
2
-1
1
-2
1
0
2
1
0
-2
3
0
2
0
-1
3
-2
-1
-1
0
4
1
1
4
1
1
1
0
1
2
-1
2
2
-1
2
0
1
0
-1
0
0
0
1
5
2
-2
1
0
2
1
0
0
2
-1
1
-2
2
0
-1
-3
0
2
3
1
1
3
1
0
-3
2
2
3
-1
1
3
2
-2
1
0
0
0
2
0
2
1
1
-2
1
4
2
0
-2
2
5
-2
-1
0
2
2
1
1
2
1
3
0
-2
2
0
2
2
0
1
2
0
2
0
5
4
2
-1
2
-1
-1
0
3
2
4
0
2
4
1
0
1
4
2
3
2
1
1
2
0
1
3
3
0
-1
2
-1
3
0
1
0
0
0
0
2
0
4
-1
-2
-3
0
2
3
-1
2
1
0
0
4
1
1
0
0
1
2
2
2
3
0
4
0
2
0
1
1
0
1
4
0
2
-1
1
1
0
2
3
-1
1
1
2
0
2
2
4
4
2
3
3
4
2
4
1
-1
2
1
4
3
1
2
0
0
2
-1
0
3
0
3
2
4
1
0
0
2
4
3
1
0
2
3
3
2
5
3
4
-4
1
2
2
1
4
4
4
0
2
2
2
3
4
-2
0
3
-1
1
0
1
0
2
0
3
2
2
3
2
1
1
0
0
2
4
2
4
1
3
2
1
3
2
4
1
4
0
1
0
2
-1
1
3
1
0
2
1
-1
1
3
1
2
1
0
2
2
3
2
1
2
-2
1
3
2
0
3
3
4
5
0
3
3
-1
3
2
4
5
2
-2
4
0
4
4
5
4
1
0
2
2
0
1
4
1
6
5
3
2
2
1
4
3
2
5
2
2
4
2
0
1
3
1
3
1
0
1
5
-1
2
1
2
3
3
3
-2
1
6
0
1
3
2
2
3
-1
4
3
1
1
2
1
2
3
3
1
2
6
1
0
4
3
3
0
4
3
2
5
3
5
1
3
1
2
3
2
4
2
4
1
3
3
-1
2
2
4
4
0
1
1
3
2
2
0
3
4
2
2
3
5
4
1
2
1
4
7
0
1
3
0
4
5
3
5
1
1
2
3
3
4
4
1
2
2
2
2
5
3
6
1
4
2
3
0
4
-1
2
3
6
1
1
5
3
3
3
1
3
6
2
5
5
5
3
4
2
2
3
2
3
4
1
6
5
2
5
2
4
2
-1
3
1
2
5
-1
6
1
5
6
3
4
3
2
4
4
3
5
1
-1
4
4
3
4
4
3
2
3
1
1
6
3
3
2
3
3
5
3
5
2
6
1
1
3
3
5
5
4
4
-1
3
6
4
4
4
5
6
6
6
5
5
0
3
5
2
4
2
4
3
2
3
1
6
6
4
1
4
4
5
6
3
5
3
7
3
4
3
3
2
6
3
8
3
3
3
5
5
4
5
2
3
4
5
3
6
5
7
1
6
3
6
5
7
5
6
7
6
5
5
3
6
5
5
4
7
3
7
5
6
5
8
4
6
2
7
5
7
6
7
2
7
5
6
7
7
8
2
5
7
5
7
6
7
5
5
7
5
6
7
8
8
5
6
6
6
6
7
5
8
7
5
7
8
6
4
7
7
6
4
3
7
3
8
9
5
5
7
7
9
8
10
7
6
7
8
11
9
7
8
8
10
8
10
9
10
9
8
8
8
10
10
11
10
9
8
10
12
12
10
8
11
10
10
11
10
13
11
8
8
10
10
10
14
12
11
10
11
14
15
13
14
12
15
13
16
14
14
15
18
19
16
20
19
21
17
16
18
19
19
21
19
19
21
18
24
24
25
20
21
27
20
18
21
21
21
20
22
21
21
20
25
21
24
22
20
19
25
24
31
24
26
27
29
29
29
28
30
34
34
36
33
36
39
37
38
40
40
44
44
43
42
46
46
49
45
46
49
47
49
46
49
45
47
50
51
46
51
48
55
50
55
53
53
52
56
52
53
52
60
54
51
55
55
57
53
57
55
53
56
56
54
55
57
59
61
59
63
59
63
66
65
67
68
69
71
70
75
73
78
77
80
76
81
78
83
83
88
85
89
93
97
99
103
104
106
106
109
114
116
120
127
130
134
133
142
142
146
148
156
154
159
165
158
168
170
173
172
176
178
178
181
181
184
186
185
187
189
188
186
191
191
190
194
192
198
199
204
201
205
210
213
214
217
219
224
224
231
230
235
235
238
240
247
247
256
260
253
259
263
265
268
264
272
268
271
267
275
266
270
270
272
268
272
278
281
278
284
284
287
289
293
300
308
311
319
321
323
321
325
323
324
317
326
329
331
327
330
330
330
335
338
341
351
342
351
358
361
375
387
392
395
407
406
409
411
411
410
405
407
400
393
385
377
373
363
355
350
343
339
326
327
323
320
319
328
324
334
336
346
346
354
366
372
384
398
405
429
431
442
452
464
465
475
475
488
492
495
505
513
507
519
517
527
532
539
536
547
551
560
563
563
568
576
580
572
568
564
552
545
534
530
517
514
504
503
497
500
504
505
499
515
511
526
521
533
547
564
579
600
617
639
659
682
698
702
722
730
732
738
732
742
740
744
744
741
732
730
722
723
714
708
712
705
705
703
706
712
716
723
732
745
755
758
777
790
798
817
824
845
863
874
892
918
929
950
963
979
995
1018
1026
1043
1049
1066
1058
1060
1048
1052
1031
1029
1014
995
979
968
951
943
935
922
907
898
897
890
894
901
909
918
927
934
950
954
966
977
975
990
996
999
1003
1000
999
997
990
982
969
960
936
921
895
875
849
834
813
806
794
781
787
783
790
796
795
806
808
813
813
818
830
852
856
878
880
894
893
915
931
944
966
968
987
997
1003
1017
1033
1040
1044
1058
1061
1072
1080
1089
1091
1087
1086
1082
1080
1089
1081
1072
1068
1061
1057
1053
1052
1033
1029
1023
1021
1011
1010
1021
1022
1022
1016
1026
1020
1017
1019
1020
1024
1032
1033
1049
1058
1085
1094
1120
1129
1154
1169
1202
1223
1254
1265
1281
1296
1313
1329
1354
1348
1361
1373
1365
1358
1362
1354
1378
1382
1394
1406
1420
1419
1433
1435
1446
1455
1466
1469
1498
1496
1500
1511
1514
1515
1513
1519
1508
1508
1508
1503
1496
1490
1471
1465
1465
1452
1457
1438
1450
1450
1458
1460
1478
1487
1492
1495
1502
1495
1495
1495
1498
1501
1497
1503
1510
1523
1525
1541
1537
1537
1544
1551
1561
1574
1598
1620
1634
1667
1696
1710
1733
1763
1779
1814
1843
1866
1897
1936
1959
1992
2013
2045
2068
2087
2093
2106
2105
2090
2076
2065
2050
2037
2038
2034
2030
2023
2018
2017
2025
2028
2029
2020
2022
2004
2001
1967
1962
1934
1922
1904
1878
1853
1824
1784
1766
1738
1709
1690
1671
1669
1669
1662
1635
1611
1595
1565
1528
1502
1496
1487
1477
1479
1480
1471
1477
1476
1497
1503
1526
1552
1580
1602
1626
1663
1689
1690
1710
1717
1707
1708
1718
1701
1698
1677
1676
1671
1663
1660
1642
1629
1623
1614
1610
1602
1602
1582
1582
1593
1592
1592
1608
1614
1630
1628
1619
1623
1615
1611
1595
1571
1564
1551
1537
1520
1511
1494
1487
1488
1484
1470
1475
1451
1436
1445
1446
1429
1437
1424
1427
1445
1460
1474
1502
1516
1542
1577
1600
1616
1627
1630
1650
1663
1655
1651
1637
1634
1629
1630
1642
1637
1649
1651
1663
1667
1664
1667
1679
1688
1692
1702
1720
1740
1753
1757
1778
1775
1778
1769
1769
1740
1717
1687
1646
1615
1573
1544
1530
1499
1493
1475
1468
1454
1463
1453
1467
1475
1475
1482
1493
1507
1522
1541
1568
1566
1588
1588
1607
1604
1597
1578
1569
1532
1502
1492
1455
1443
1431
1428
1443
1457
1476
1501
1548
1576
1617
1641
1688
1718
1754
1772
1783
1790
1807
1822
1834
1857
1859
1876
1881
1877
1878
1875
1874
1877
1867
1882
1887
1904
1915
1935
1943
1958
1996
2014
2036
2064
2088
2089
2093
2088
2091
2071
2057
2048
1998
1984
1962
1932
1924
1891
1888
1879
1891
1911
1918
1930
1949
1966
1984
2001
2034
2068
2117
2148
2193
2219
2239
2275
2280
2275
2284
2275
2270
2267
2245
2245
2233
2207
2188
2165
2149
2127
2101
2086
2052
2022
2012
2007
2013
1995
1995
1988
1959
1952
1949
1932
1913
1885
1863
1856
1859
1847
1858
1830
1833
1831
1829
1831
1835
1849
1845
1851
1861
1873
1882
1903
1912
1921
1938
1945
1953
1950
1939
1942
1938
1928
1924
1921
1910
1881
1882
1859
1860
1851
1843
1851
1860
1854
1875
1868
1890
1881
1880
1875
1857
1858
1855
1852
1857
1848
1859
1854
1858
1832
1815
1815
1790
1764
1747
1721
1671
1652
1615
1570
1532
1501
1464
1436
1391
1362
1329
1292
1299
1269
1263
1246
1240
1244
1239
1261
1279
1298
1332
1362
1400
1440
1475
1512
1561
1581
1603
1617
1646
1661
1686
1691
1715
1727
1754
1759
1775
1779
1793
1787
1795
1798
1790
1768
1762
1752
1732
1722
1705
1688
1688
1680
1680
1662
1648
1653
1642
1648
1654
1648
1654
1658
1664
1670
1697
1698
1724
1744
1758
1780
1813
1836
1856
1877
1892
1915
1903
1899
1902
1899
1896
1895
1896
1886
1875
1856
1845
1824
1801
1785
1781
1775
1771
1770
1769
1762
1754
1757
1770
1774
1777
1778
1789
1788
1794
1793
1805
1799
1818
1834
1832
1839
1850
1873
1880
1886
1898
1899
1916
1911
1916
1898
1898
1885
1892
1892
1895
1883
1893
1882
1898
1919
1925
1932
1932
1905
1893
1856
1848
1827
1826
1834
1837
1854
1890
1897
1916
1941
1973
1996
2024
2050
2086
2114
2137
2169
2214
2252
2275
2310
2339
2360
2386
2390
2401
2390
2384
2375
2345
2324
2296
2291
2291
2279
2274
2266
2250
2233
2209
2183
2159
2139
2125
2115
2109
2103
2104
2092
2098
2109
2115
2122
2152
2160
2173
2189
2212
2216
2233
2240
2247
2257
2255
2258
2245
2208
2162
2113
2061
2013
1956
1914
1853
1843
1824
1821
1823
1818
1831
1833
1862
1884
1898
1911
1931
1941
1950
1963
1986
2016
2043
2052
2083
2105
2129
2123
2128
2127
2117
2104
2091
2079
2062
2059
2062
2064
2076
2086
2080
2081
2102
2114
2109
2108
2117
2132
2143
2169
2170
2194
2213
2242
2240
2237
2225
2210
2196
2180
2176
2156
2158
2144
2124
2108
2098
2063
2055
2023
2012
1991
1973
1960
1947
1938
1919
1912
1894
1906
1883
1874
1843
1826
1794
1770
1757
1737
1721
1709
1715
1713
1732
1750
1755
1796
1797
1795
1788
1775
1772
1744
1747
1737
1725
1707
1705
1699
1691
1673
1635
1601
1572
1547
1509
1466
1445
1429
1413
1410
1408
1404
1437
1443
1448
1447
1449
1458
1452
1454
1450
1452
1462
1470
1483
1495
1498
1488
1482
1461
1440
1420
1412
1408
1392
1379
1371
1357
1334
1300
1280
1249
1226
1200
1193
1183
1183
1181
1189
1199
1213
1241
1267
1303
1339
1366
1401
1434
1462
1493
1534
1567
1619
1667
1710
1756
1807
1850
1899
1937
1961
2007
2028
2048
2061
2079
2076
2085
2103
2100
2118
2124
2122
2113
2106
2095
2085
2057
2037
2009
1992
1963
1949
1933
1918
1902
1882
1844
1799
1764
1738
1709
1682
1685
1685
1697
1704
1706
1724
1727
1718
1746
1767
1782
1805
1822
1838
1847
1881
1899
1914
1924
1918
1889
1876
1858
1843
1825
1808
1779
1779
1787
1793
1811
1807
1807
1795
1793
1800
1831
1844
1898
1943
1989
2053
2104
2150
2199
2235
2278
2294
2314
2309
2294
2257
2228
2205
2168
2156
2128
2119
2095
2045
2012
1983
1965
1942
1919
1918
1896
1894
1912
1928
1942
1992
2030
2076
2123
2158
2169
2204
2218
2226
2206
2221
2203
2173
2134
2112
2067
2055
2029
1992
1972
1933
1887
1872
1843
1808
1791
1790
1774
1774
1775
1782
1796
1815
1821
1857
1876
1890
1917
1934
1942
1963
1992
2021
2046
2080
2096
2125
2143
2161
2191
2199
2230
2243
2267
2263
2271
2285
2287
2284
2278
2277
2266
2271
2258
2256
2240
2235
2237
2222
2210
2194
2180
2178
2148
2134
2112
2105
2084
2069
2039
2027
2023
2013
1996
1988
1972
1962
1939
1942
1931
1924
1936
1936
1933
1933
1906
1921
1917
1918
1921
1917
1913
1899
1884
1859
1851
1856
1842
1831
1837
1824
1813
1800
1794
1796
1783
1782
1760
1761
1741
1726
1720
1708
1696
1704
1704
1704
1709
1707
1713
1747
1752
1766
1784
1803
1807
1842
1860
1887
1901
1929
1963
1980
1995
2002
2016
2021
2017
2034
2035
2024
2006
1987
1959
1937
1909
1886
1857
1873
1860
1861
1846
1840
1834
1835
1821
1818
1808
1821
1801
1775
1764
1740
1696
1680
1674
1674
1654
1658
1651
1651
1660
1674
1695
1729
1760
1793
1840
1888
1911
1936
1957
1980
2001
2033
2051
2068
2072
2053
2044
2029
2012
1991
1971
1945
1905
1864
1835
1793
1768
1749
1724
1707
1697
1699
1702
1697
1681
1667
1648
1646
1634
1647
1630
1624
1617
1629
1603
1611
1625
1658
1674
1707
1711
1733
1742
1738
1724
1700
1682
1652
1631
1604
1586
1539
1499
1458
1412
1391
1383
1380
1390
1403
1411
1449
1488
1532
1573
1618
1663
1721
1741
1792
1811
1837
1860
1875
1875
1864
1855
1834
1799
1774
1723
1674
1632
1590
1554
1525
1510
1498
1498
1502
1510
1522
1535
1568
1591
1624
1679
1730
1759
1787
1809
1847
1880
1913
1932
1968
1972
1981
1984
1996
1996
1986
1990
1960
1945
1936
1905
1899
1894
1868
1846
1856
1866
1858
1850
1852
1859
1886
1896
1919
1915
1926
1919
1925
1926
1927
1936
1938
1948
1975
1979
1995
2009
2027
2044
2053
2062
2068
2071
2102
2109
2128
2147
2147
2161
2185
2203
2214
2234
2248
2244
2268
2273
2282
2283
2298
2290
2303
2302
2318
2318
2331
2311
2313
2302
2288
2276
2239
2219
2189
2148
2116
2092
2055
2010
1983
1955
1931
1886
1850
1821
1791
1766
1735
1722
1707
1686
1678
1666
1654
1637
1631
1610
1603
1585
1570
1550
1520
1518
1505
1481
1486
1471
1480
1477
1478
1496
1510
1524
1538
1546
1561
1576
1585
1609
1642
1666
1674
1691
1703
1702
1703
1695
1713
1713
1703
1708
1699
1675
1672
1643
1615
1601
1589
1554
1555
1550
1523
1498
1493
1489
1479
1459
1458
1433
1411
1396
1364
1336
1314
1290
1266
1247
1218
1209
1199
1185
1171
1165
1157
1152
1137
1111
1097
1082
1058
1039
1022
1013
992
971
979
973
965
966
954
942
936
920
918
916
892
889
894
894
890
894
892
895
898
888
889
887
890
880
877
865
862
859
863
860
863
872
889
905
907
928
958
971
996
1013
1026
1056
1071
1101
1126
1150
1169
1199
1236
1261
1287
1305
1311
1321
1340
1333
1336
1341
1348
1342
1342
1345
1355
1347
1356
1328
1309
1296
1282
1272
1261
1275
1274
1270
1266
1251
1249
1236
1222
1211
1191
1167
1141
1119
1143
1167
1172
1177
1183
1200
1196
1189
1206
1226
1232
1271
1297
1321
1341
1358
1379
1392
1400
1391
1393
1387
1372
1348
1339
1314
1312
1288
1262
1245
1227
1223
1243
1247
1264
1261
1275
1272
1275
1282
1291
1303
1336
1338
1351
1355
1350
1358
1359
1360
1341
1338
1327
1327
1321
1301
1301
1288
1285
1287
1291
1287
1273
1260
1258
1255
1239
1237
1248
1242
1256
1254
1267
1256
1278
1293
1306
1317
1328
1339
1350
1374
1399
1414
1440
1450
1470
1492
1504
1519
1523
1539
1549
1545
1549
1543
1562
1560
1570
1589
1591
1592
1584
1566
1558
1543
1543
1540
1529
1506
1493
1474
1465
1467
1452
1433
1422
1430
1407
1412
1420
1418
1453
1481
1495
1509
1522
1554
1566
1566
1586
1573
1598
1605
1617
1609
1596
1591
1591
1589
1569
1552
1531
1528
1514
1490
1480
1450
1431
1397
1375
1353
1332
1310
1293
1270
1254
1227
1204
1178
1157
1125
1120
1091
1075
1056
1035
1016
997
972
956
910
867
819
768
718
686
644
619
584
558
532
516
496
477
467
465
452
454
450
451
462
480
492
510
533
552
579
598
623
640
652
666
681
697
719
740
760
783
799
819
842
860
882
890
912
918
935
942
949
960
982
992
1007
1020
1030
1047
1057
1064
1071
1073
1076
1092
1083
1092
1084
1087
1082
1081
1080
1076
1067
1060
1057
1050
1044
1040
1030
1019
999
991
967
955
936
906
888
866
838
812
781
744
708
669
637
608
578
552
529
518
499
493
480
464
454
447
436
435
441
453
453
467
488
504
519
542
571
594
617
646
678
705
735
774
806
826
856
889
915
932
962
982
992
1016
1017
1030
1037
1047
1047
1043
1045
1048
1040
1049
1063
1066
1064
1077
1079
1083
1083
1093
1086
1101
1119
1129
1136
1147
1157
1172
1171
1187
1202
1200
1196
1200
1215
1202
1212
1211
1208
1212
1201
1193
1193
1190
1194
1197
1200
1200
1200
1197
1204
1207
1214
1211
1216
1226
1228
1229
1231
1223
1203
1202
1189
1185
1186
1193
1207
1202
1202
1205
1215
1221
1211
1210
1210
1212
1227
1236
1231
1245
1247
1262
1271
1281
1281
1275
1284
1288
1280
1275
1263
1263
1267
1245
1265
1265
1265
1267
1257
1272
1260
1268
1259
1263
1259
1271
1260
1249
1247
1229
1234
1237
1247
1253
1260
1261
1258
1268
1259
1269
1253
1251
1240
1236
1227
1219
1201
1195
1184
1160
1143
1128
1110
1089
1088
1088
1105
1106
1090
1097
1107
1116
1122
1126
1122
1132
1133
1150
1144
1152
1144
1154
1162
1159
1160
1162
1147
1148
1131
1114
1094
1080
1051
1036
1024
1011
1005
1000
992
989
981
974
982
987
980
978
978
992
991
1003
1004
1015
1019
1026
1031
1020
1015
1012
996
981
972
972
959
952
934
926
924
920
912
909
901
898
892
881
874
866
847
844
832
830
822
822
820
820
803
807
803
791
788
791
785
786
784
790
784
785
778
787
789
787
777
778
773
770
766
765
773
771
757
763
749
741
729
725
724
722
715
726
732
730
734
733
734
734
729
727
730
725
719
725
735
729
730
725
722
733
737
740
735
745
732
742
734
724
715
711
716
702
705
712
710
707
699
704
695
692
680
676
670
658
647
628
620
610
613
616
612
596
585
567
556
546
538
544
532
523
521
519
507
503
502
510
507
507
512
514
516
518
515
515
520
529
527
544
555
559
569
569
569
579
577
584
578
579
569
576
563
562
565
575
575
581
584
593
592
587
584
589
581
585
581
579
574
577
563
569
565
557
555
560
557
556
551
545
541
544
543
541
540
535
536
531
525
528
525
523
513
506
504
506
503
494
490
484
480
487
485
487
487
489
495
500
499
494
502
501
508
511
512
515
522
519
529
520
520
521
512
506
501
500
495
494
489
487
479
487
481
480
477
478
478
471
472
472
471
473
470
474
483
482
478
475
465
467
462
456
456
454
449
446
444
445
446
446
443
438
436
447
448
437
439
444
442
456
454
461
464
465
461
474
475
482
483
488
473
428
250
-2
-2
-2
-1
-2
2
1
-1
476
454
-2
-2
-1
0
0

