;UFOS3
;Measurement details: channel = D, date = 01.06.2018, time = 15:37:53
Exposure=502
Gain=0
Temperature=21.5
Accummulate=4
2.73 mu
2.797 amas
21.028 hs
0 ozone
0 uva
0 uvb
0 uve
[Value]
0
359
357
358
357
359
357
358
403
406
451
436
407
412
454
429
425
399
456
438
426
406
477
439
430
408
464
440
426
427
470
453
423
414
472
451
436
403
454
445
413
407
477
455
430
407
472
451
423
411
456
449
409
417
467
444
406
413
467
443
426
407
451
438
420
406
476
441
421
405
471
439
412
421
472
445
421
410
452
440
421
416
465
438
418
415
459
448
407
413
479
454
413
419
470
458
409
403
471
448
405
414
460
449
416
415
471
443
420
410
463
442
415
420
462
448
414
417
459
438
415
422
474
447
425
419
460
450
420
414
455
440
418
410
460
463
415
422
459
433
432
417
459
444
415
415
461
451
408
446
464
449
406
410
472
449
435
412
462
457
404
406
454
447
432
432
454
450
436
410
466
442
427
440
462
448
414
423
470
437
413
411
459
451
426
414
478
445
424
426
457
465
410
425
455
443
423
418
472
442
423
413
463
445
424
411
458
432
422
417
476
442
406
429
456
445
416
405
454
461
430
410
459
440
423
420
470
443
415
401
464
437
409
418
459
445
414
415
444
446
435
417
456
448
418
425
462
434
434
416
457
442
422
414
459
464
421
424
464
445
409
453
464
446
427
401
448
445
427
405
452
439
408
427
465
451
417
421
465
450
420
412
456
458
424
405
466
434
421
417
460
460
419
410
450
447
416
411
463
444
428
410
462
445
430
426
449
441
425
402
458
449
439
411
459
448
422
418
460
447
414
418
458
440
413
421
453
440
429
417
472
443
423
417
466
438
440
403
470
461
418
414
456
457
411
421
474
453
419
413
467
445
409
421
446
432
412
413
458
439
439
417
458
442
437
413
472
439
425
422
451
447
429
418
449
448
423
416
458
441
422
410
465
442
416
423
451
438
419
413
459
455
412
409
456
434
423
406
459
472
427
411
466
461
424
413
477
433
429
418
460
439
419
408
450
442
438
421
450
438
422
427
450
447
417
409
463
434
427
413
459
440
410
400
467
449
407
422
468
451
426
421
445
453
409
413
457
448
422
401
457
429
418
435
457
434
425
426
459
452
434
409
459
446
420
421
452
448
414
420
450
460
424
405
464
432
423
433
463
443
434
422
467
435
418
419
456
443
417
420
453
442
423
413
462
437
426
414
482
433
432
423
461
437
409
433
451
451
414
413
464
437
425
408
452
439
416
437
455
440
421
421
458
432
419
412
453
446
421
440
463
441
423
422
452
450
427
423
455
451
424
426
439
443
429
414
454
444
415
406
449
433
432
415
451
443
440
429
461
442
413
420
463
444
423
428
458
452
419
414
454
436
423
409
459
450
423
426
457
437
420
419
450
446
417
421
460
440
417
430
461
443
416
435
467
427
429
416
456
435
431
428
455
437
424
419
452
430
419
422
460
435
415
428
454
440
409
424
458
439
434
412
464
432
420
416
470
434
408
423
449
441
458
415
460
430
415
406
443
439
414
408
442
441
406
414
446
422
438
425
448
430
421
410
445
440
412
405
448
437
416
423
451
440
428
424
458
446
420
404
464
431
423
421
453
431
420
430
457
427
415
412
454
429
427
412
453
441
423
422
466
430
421
398
444
442
417
412
446
435
428
418
435
429
416
416
444
437
415
409
456
439
417
423
444
423
414
428
446
443
419
415
451
444
416
425
446
441
430
432
444
442
428
534
448
447
440
418
444
437
423
422
450
427
412
420
454
424
427
421
458
441
428
420
451
427
427
416
451
435
419
422
442
454
428
407
450
435
412
415
454
445
426
419
451
427
419
421
437
444
415
425
450
434
422
423
440
432
426
416
451
431
425
411
460
434
422
422
437
438
423
419
459
431
427
420
450
433
412
416
451
434
420
414
453
429
425
426
444
428
433
416
446
436
443
422
439
440
423
422
450
442
428
427
448
443
422
411
436
432
438
430
444
434
414
419
443
436
414
420
447
434
427
426
446
431
411
412
451
441
430
428
441
433
420
413
438
423
425
424
451
442
425
414
446
435
431
450
450
428
423
420
445
433
420
428
441
439
423
425
450
429
421
421
439
440
427
423
446
428
417
419
446
432
424
424
442
440
423
416
449
425
420
427
439
429
430
423
442
438
416
419
448
433
438
413
451
432
425
424
440
439
423
424
443
434
449
408
444
431
435
409
442
445
417
420
453
440
411
415
444
456
423
417
433
435
437
423
446
427
432
433
443
431
441
424
444
438
433
418
438
427
425
421
436
427
448
425
439
425
432
431
443
428
427
424
442
434
415
411
447
434
439
413
441
423
422
428
434
426
410
415
436
438
423
418
441
440
423
418
442
430
426
426
436
431
424
412
446
436
436
412
437
438
417
419
433
422
417
417
447
433
421
421
439
436
434
429
449
433
422
439
440
441
425
427
435
433
426
417
423
424
433
434
450
436
415
428
446
430
426
415
439
441
428
415
437
433
428
425
446
442
429
420
438
438
429
420
443
412
416
424
447
438
432
431
437
427
427
413
448
423
437
415
448
444
424
415
437
429
443
428
440
434
437
427
444
439
424
432
436
425
421
423
440
441
431
423
447
427
429
426
446
438
434
424
443
431
423
432
439
428
422
427
425
444
439
429
437
433
430
421
432
422
424
408
430
434
428
425
438
429
425
424
434
435
426
419
435
427
426
434
435
425
424
421
440
427
426
420
439
424
420
418
453
427
437
433
440
431
438
428
436
431
424
425
443
431
442
424
441
425
435
436
447
430
435
420
433
423
420
423
433
451
427
425
438
435
447
422
431
435
423
424
444
431
433
419
474
434
435
430
438
434
421
427
427
423
428
427
437
425
419
421
431
419
435
416
442
429
445
426
432
431
429
429
437
431
428
439
430
429
424
427
434
423
427
424
446
439
430
434
454
429
432
422
430
437
429
433
446
438
439
418
444
427
432
422
436
415
444
420
439
434
438
417
438
426
429
423
442
435
447
427
430
428
431
425
451
421
419
426
431
427
434
413
446
435
438
418
433
415
436
426
441
428
438
431
448
425
438
407
425
420
420
425
429
433
430
424
427
433
434
419
455
426
417
432
452
420
426
419
426
424
438
427
431
420
436
433
440
436
438
430
445
431
431
427
438
425
435
423
444
427
435
421
429
422
430
420
441
426
418
432
445
434
434
444
433
429
427
420
428
425
446
423
432
422
430
427
436
428
427
430
420
432
434
429
438
436
436
421
434
438
430
417
442
431
430
435
435
431
434
421
430
426
428
417
426
429
439
426
421
429
424
419
439
428
437
426
438
430
443
426
436
433
441
438
436
439
439
421
433
432
426
415
436
428
438
431
450
440
427
424
430
426
444
442
439
432
446
438
437
431
435
414
440
427
436
425
440
427
441
423
436
427
416
434
442
420
416
442
424
426
428
427
430
437
427
436
445
432
447
440
429
422
441
428
435
430
442
422
427
416
438
424
431
421
437
427
427
423
439
432
439
421
434
435
429
421
432
432
431
426
450
429
436
416
434
421
438
427
431
438
429
426
425
431
438
433
433
436
424
429
429
439
421
426
438
423
436
418
428
427
435
433
428
436
426
425
438
428
437
432
431
432
437
422
438
433
425
422
425
433
423
425
423
426
441
430
430
431
429
418
447
426
440
427
419
425
423
427
418
424
424
420
443
429
420
432
429
420
419
422
421
422
420
422
425
428
442
428
439
434
439
425
422
430
433
440
433
422
433
421
427
421
438
431
427
426
425
427
427
430
431
425
421
417
440
414
426
429
423
430
425
424
453
421
428
430
423
430
435
430
431
428
435
411
429
426
418
432
435
423
427
418
434
414
430
423
429
415
439
430
433
418
429
429
426
415
426
415
424
420
415
431
430
427
416
429
426
410
444
430
429
419
427
438
446
435
434
427
424
422
423
419
430
424
425
424
413
428
418
416
425
438
438
426
431
428
422
426
422
425
421
429
424
426
426
416
435
410
432
427
424
431
431
429
426
422
426
435
434
427
434
423
423
425
433
436
439
431
429
420
431
424
432
418
440
413
426
426
441
432
427
426
438
425
447
426
435
416
429
429
430
423
446
422
444
422
427
423
426
422
439
422
424
427
429
431
434
429
437
430
425
416
432
426
428
423
440
424
425
428
418
423
435
441
424
422
427
423
429
441
428
413
427
424
429
426
424
431
441
415
444
415
435
426
424
442
434
417
434
423
435
419
419
427
423
429
431
430
436
420
431
434
433
424
425
430
440
418
437
431
422
411
434
432
419
429
427
446
440
423
447
423
453
410
442
428
431
434
411
431
430
418
429
437
430
423
436
427
427
423
431
431
431
429
433
419
434
425
442
421
412
415
441
423
435
424
428
436
428
432
430
440
446
422
437
430
429
418
441
431
427
421
426
423
437
428
446
416
431
431
430
432
427
422
434
435
426
418
428
427
423
418
424
429
431
427
427
423
432
419
435
429
445
418
433
430
422
434
436
434
440
413
427
445
431
425
439
421
432
417
425
423
434
422
431
445
421
426
439
437
428
426
438
444
431
418
450
428
429
425
431
442
436
417
431
428
430
429
442
437
442
420
445
428
436
426
430
431
426
425
437
434
425
420
435
442
435
429
434
436
434
418
436
423
424
422
437
425
437
432
431
432
424
432
435
437
435
417
426
431
446
440
434
423
435
424
438
427
416
430
435
424
420
412
423
419
438
416
460
424
435
418
438
436
452
416
431
433
430
429
433
432
425
426
421
433
417
414
431
427
423
419
429
422
420
418
432
428
441
418
437
439
423
418
434
432
438
423
450
440
428
448
437
431
424
425
434
440
431
430
435
440
427
418
439
436
440
431
441
430
431
426
423
430
440
419
443
427
423
426
439
436
434
428
449
426
427
421
440
427
432
424
436
423
416
441
438
439
430
423
437
431
425
418
438
433
435
415
444
431
441
439
428
420
421
430
449
424
441
426
430
435
431
425
439
439
424
435
430
431
435
414
443
442
438
417
434
431
425
428
441
426
422
422
430
436
425
414
439
433
428
416
439
432
435
416
449
437
424
427
446
446
422
417
441
433
430
411
436
453
416
424
437
431
419
424
442
425
433
416
426
428
431
424
437
445
418
422
435
435
439
422
430
432
418
427
442
418
424
416
444
428
420
419
441
445
428
431
444
438
420
418
439
424
421
426
438
428
422
416
440
437
420
426
440
432
427
424
442
441
429
419
442
436
425
429
446
443
440
427
445
431
426
430
439
449
425
427
444
446
435
420
438
443
440
423
434
435
424
423
441
444
428
423
432
436
429
437
445
442
437
428
445
444
438
423
441
435
430
429
444
453
422
422
453
434
433
433
435
438
416
417
433
443
428
414
446
440
429
420
441
447
423
428
441
429
433
422
443
432
424
420
448
425
428
411
439
443
423
428
442
441
447
415
442
445
421
420
441
442
426
419
447
431
419
414
449
435
425
426
439
429
435
419
454
432
426
419
440
434
432
413
440
434
438
427
428
440
430
424
451
453
417
420
442
441
430
426
443
442
422
412
442
444
420
427
438
434
428
417
454
434
432
413
452
433
420
425
439
439
423
422
452
452
444
418
436
431
419
418
439
449
436
424
439
435
440
431
444
437
418
422
435
441
429
420
440
442
417
422
454
451
423
419
442
441
423
417
447
437
443
412
449
434
428
420
462
436
434
430
433
443
432
425
435
450
427
421
448
436
415
431
453
450
414
409
430
441
416
420
451
434
432
419
448
438
439
416
438
423
453
414
449
425
416
421
442
439
420
415
441
453
431
418
448
445
431
425
445
436
439
420
454
438
428
429
444
438
428
419
445
448
413
421
441
453
421
420
465
446
429
426
442
440
424
425
441
456
427
420
438
442
424
420
449
441
425
422
449
446
429
431
444
451
427
422
447
431
432
437
461
446
440
428
441
449
425
415
450
455
435
428
460
448
421
430
442
439
420
411
462
445
429
425
462
483
424
421
450
431
428
422
440
451
426
432
450
454
420
426
446
443
434
435
452
451
420
433
450
453
424
436
447
442
443
420
441
449
427
420
452
460
415
418
444
449
423
420
458
452
423
425
442
429
429
408
444
448
422
430
441
444
430
418
446
446
431
421
452
444
422
418
443
452
424
415
445
447
416
424
458
442
430
417
441
442
428
425
439
440
432
426
440
440
434
422
452
456
422
417
452
461
422
439
457
436
430
428
465
451
428
422
450
452
426
425
458
440
426
415
459
438
432
431
431
436
427
417
450
436
407
445
454
446
420
424
440
450
416
422
447
436
429
428
453
460
411
423
461
441
427
429
455
433
428
423
442
448
417
429
449
454
419
415
451
444
416
417
452
442
434
421
455
456
424
428
464
443
425
425
469
437
424
417
451
444
428
415
448
455
430
418
445
446
433
407
454
448
433
440
463
454
432
416
449
443
425
417
453
439
424
424
459
445
421
420
448
432
427
424
445
445
431
422
454
437
419
411
452
448
427
431
452
440
418
425
448
430
425
427
447
436
421
425
450
444
431
414
453
447
432
416
449
449
413
417
449
434
432
422
443
450
422
424
447
449
416
419
459
439
430
427
465
440
425
415
467
445
421
426
435
445
427
414
456
433
430
417
443
457
417
445
446
452
421
421
437
453
422
433
443
446
422
409
458
436
419
422
456
449
436
415
441
451
426
415
439
452
429
427
446
461
425
414
433
441
434
428
441
444
421
413
434
440
425
418
448
448
420
413
444
435
422
424
444
445
431
428
444
441
416
418
450
470
424
426
437
439
430
420
442
444
415
434
443
430
433
430
437
436
430
419
442
442
421
415
445
440
429
412
441
445
427
419
432
429
422
414
434
438
429
420
443
446
422
422
438
444
435
420
435
442
422
416
448
466
419
423
447
437
432
419
460
438
445
420
450
450
435
419
438
444
416
421
454
430
418
416
443
439
421
425
452
433
433
420
460
436
427
441
437
444
429
424
456
432
428
428
453
437
426
418
438
452
422
429
454
432
428
416
434
443
418
413
430
437
429
442
440
435
427
427
437
443
424
421
445
440
426
420
444
440
422
424
445
440
435
420
438
434
423
435
440
435
416
424
428
434
428
408
439
436
424
428
444
432
430
423
439
440
417
421
440
449
418
418
434
427
423
420
441
440
418
418
443
455
426
441
453
431
422
413
448
437
425
425
452
439
430
422
445
435
431
431
440
433
425
432
434
433
422
426
436
438
420
421
453
433
416
423
449
448
424
417
466
453
434
425
451
440
433
423
442
443
442
418
440
455
420
421
431
443
417
423
443
433
436
425
444
445
423
414
453
446
422
414
444
458
426
419
447
442
420
427
452
448
430
416
448
442
425
411
425
449
429
411
441
446
417
419
436
430
433
425
453
431
427
411
448
434
423
417
440
434
435
420
438
424
410
422
424
428
432
433
440
431
433
423
439
431
417
419
448
432
431
433
440
450
432
423
441
431
444
427
438
439
440
437
441
442
433
438
434
444
433
431
442
452
427
418
455
459
434
427
445
453
432
416
448
430
425
444
452
455
431
418
441
450
439
426
430
432
439
429
449
444
420
430
439
448
425
412
436
457
423
424
437
446
434
427
443
427
428
416
442
436
430
418
448
447
428
408
436
436
427
411
451
449
422
421
466
443
440
424
440
444
420
429
446
436
425
415
437
440
428
416
435
453
435
427
468
434
431
416
447
436
425
419
443
440
422
424
441
455
427
419
431
440
425
417
443
432
428
424
452
437
416
419
426
428
433
412
459
435
425
426
440
441
422
417
439
442
423
431
443
433
418
421
441
436
429
419
441
428
428
420
438
470
422
422
447
440
438
439
451
437
431
418
436
444
420
415
431
457
431
435
428
449
434
431
443
441
435
423
439
440
420
429
450
446
418
429
443
460
417
418
440
449
430
414
441
433
430
415
437
440
432
433
440
442
428
426
445
439
432
421
437
452
415
430
436
435
432
417
452
445
423
410
443
436
430
422
437
434
427
422
447
442
434
436
440
437
441
418
436
430
427
419
437
445
416
413
441
456
426
416
433
448
428
428
440
444
423
435
444
448
444
417
438
455
425
434
448
437
416
417
453
442
422
420
443
451
422
420
440
453
438
422
448
447
421
421
449
451
437
430
455
443
433
425
440
443
436
419
438
430
422
432
450
436
436
423
437
433
424
425
445
444
420
421
464
444
424
438
452
447
425
415
445
439
420
433
450
443
416
433
441
443
423
425
437
438
423
427
441
447
421
440
445
437
428
414
437
439
433
421
435
434
423
419
450
444
416
422
456
427
420
430
433
435
422
430
431
453
435
435
436
433
422
421
425
440
422
430
447
433
441
417
440
426
433
426
463
442
414
417
443
443
441
430
434
451
422
418
457
444
442
425
431
437
426
432
358
359
359
356
359
359
359
358
446
433
358
360
358
0
0

