;UFOS3
;Measurement details: channel = S, date = 01.06.2018, time = 16:28:37
Exposure=910
Gain=0
Temperature=21.2
Accummulate=4
3.737 mu
3.825 amas
14.859 hs
0 ozone
0 uva
0 uvb
0 uve
[Value]
0
358
356
358
358
358
356
357
405
418
470
457
419
431
470
442
445
412
486
450
458
426
497
458
453
425
485
458
448
457
493
487
448
438
493
474
461
426
475
465
434
431
501
479
458
430
491
478
447
439
473
482
429
445
491
466
419
439
488
465
450
427
468
457
447
429
496
461
444
428
496
463
431
448
494
472
446
427
469
466
442
443
484
457
434
443
482
471
425
435
509
484
433
446
492
483
434
422
492
480
422
440
485
471
432
446
487
465
441
433
485
461
430
453
493
470
431
441
477
459
435
442
494
466
447
447
477
473
440
433
471
461
443
430
480
489
437
448
480
455
458
442
477
473
433
440
483
482
425
488
492
471
425
435
491
465
470
436
482
484
418
426
471
470
458
463
479
472
461
425
489
467
452
466
485
471
429
453
491
457
430
432
483
480
455
439
505
474
445
456
474
500
425
453
474
462
443
444
487
464
442
437
490
474
449
433
473
448
441
437
498
469
427
453
474
467
431
429
472
503
460
432
487
459
451
449
500
468
434
418
487
457
422
445
485
474
431
442
459
462
463
437
474
470
437
455
479
456
457
438
479
465
444
443
475
505
445
459
489
469
431
505
495
464
446
417
466
469
445
423
469
461
427
450
488
476
436
446
478
472
445
433
477
489
442
423
492
452
446
441
483
491
438
434
470
472
437
428
487
470
454
435
482
474
455
449
469
460
443
420
482
480
465
432
477
475
448
440
486
467
428
443
482
467
427
444
472
466
450
440
497
466
440
443
487
463
462
419
493
499
441
437
471
484
426
448
499
475
439
435
486
469
425
440
461
454
432
441
481
458
461
439
482
466
458
436
500
465
448
448
470
472
449
447
469
482
436
433
477
463
449
430
494
465
436
450
469
459
438
431
482
482
426
433
474
453
442
426
480
518
444
436
490
496
438
437
512
451
457
433
473
462
441
429
469
466
470
448
474
461
446
449
475
471
433
426
489
452
452
436
479
461
432
420
494
482
423
445
496
480
447
444
465
486
420
435
478
473
442
416
482
448
432
474
479
459
450
452
485
481
460
426
476
461
446
441
475
475
429
445
474
494
445
422
484
453
439
465
491
468
458
448
493
456
434
442
475
466
434
447
470
456
446
432
488
456
449
437
526
456
457
447
486
455
428
466
471
480
436
434
490
461
448
428
466
462
434
463
479
463
446
442
478
456
439
434
478
473
439
474
494
466
449
443
474
473
451
445
474
477
448
446
459
470
454
440
474
463
434
425
470
453
462
437
468
466
465
453
484
461
431
444
486
468
443
458
485
482
445
439
476
458
442
434
484
477
440
454
483
463
439
442
473
472
439
439
483
467
442
452
485
464
435
467
500
447
451
433
475
457
460
458
479
462
446
444
474
447
442
448
482
459
436
457
481
466
424
454
474
463
460
439
490
455
436
449
509
455
426
453
474
474
511
438
493
462
434
429
464
461
433
434
461
472
428
435
467
446
462
457
473
451
449
423
467
465
432
424
474
466
442
445
476
458
459
450
485
467
444
426
484
459
446
443
478
453
447
458
484
452
442
439
483
452
450
429
476
460
442
450
494
454
447
418
465
467
439
439
466
462
450
442
450
453
434
435
466
465
433
430
485
473
436
451
466
448
437
457
468
468
439
438
480
476
435
452
469
467
456
463
467
474
454
653
473
480
472
448
462
463
440
446
472
445
434
448
476
442
449
448
485
471
457
453
469
444
456
437
477
463
438
440
468
496
455
428
470
460
430
441
484
474
449
448
477
447
443
454
457
469
437
453
474
460
449
449
463
456
446
439
474
456
442
437
488
458
449
453
453
472
447
446
492
453
453
450
478
465
432
441
480
461
440
442
478
452
447
449
473
454
461
444
470
459
470
448
465
471
449
449
474
475
458
455
478
473
440
431
464
455
467
454
464
464
437
447
463
462
435
454
471
458
449
454
472
454
430
438
486
469
459
465
466
459
438
438
460
450
447
449
474
471
457
442
476
468
457
483
472
449
457
450
468
468
441
456
460
470
447
460
483
457
443
446
463
469
464
449
470
454
446
446
471
465
455
457
470
480
446
444
476
453
451
468
471
460
457
450
471
464
446
450
480
464
473
451
487
462
450
453
467
478
457
454
475
466
487
435
476
461
473
443
475
481
447
456
485
470
437
450
475
509
463
448
467
470
472
461
477
456
464
468
477
457
482
461
478
472
474
451
478
461
458
453
465
461
496
459
470
464
468
473
471
470
461
463
483
474
449
453
490
475
481
458
482
472
471
475
480
478
460
458
484
489
475
467
494
501
472
476
503
488
487
486
493
490
482
477
503
501
496
467
493
505
467
488
486
480
475
483
511
497
485
487
501
502
496
503
511
504
487
513
509
515
505
508
510
509
502
499
495
509
519
511
536
534
499
521
540
517
521
505
528
534
517
500
524
522
516
519
540
533
522
502
526
529
528
510
536
508
508
518
544
549
528
534
538
531
540
513
559
532
537
514
552
558
525
520
541
533
564
541
562
548
548
534
560
565
531
558
558
548
548
553
574
579
556
551
568
548
549
552
568
566
552
546
559
544
532
553
553
539
530
551
538
562
552
544
551
559
558
544
560
557
560
548
575
595
583
580
599
598
592
601
605
617
604
597
627
612
614
630
638
623
625
625
652
626
633
633
641
636
623
622
666
626
639
640
631
628
628
618
621
616
603
614
622
610
628
605
626
614
634
637
650
643
647
635
659
663
648
668
685
723
692
694
709
720
738
697
706
720
697
699
734
706
707
690
777
708
713
702
710
709
685
687
692
696
702
701
715
711
706
719
738
727
755
734
765
770
792
776
799
798
797
809
822
828
829
854
835
849
843
849
851
853
852
851
868
857
836
845
854
834
834
808
820
832
817
820
832
837
830
815
845
832
844
828
853
837
871
842
865
858
858
829
847
829
837
825
838
838
834
797
805
795
796
783
805
757
757
768
765
782
777
759
802
793
799
788
795
785
813
810
841
830
846
844
878
850
882
840
864
858
874
882
885
898
898
899
895
918
921
903
955
924
920
941
977
948
943
944
951
956
959
955
943
937
945
938
939
940
936
916
943
923
914
912
928
911
924
899
932
911
914
916
925
931
945
941
969
960
960
988
1026
1030
1030
1064
1049
1069
1078
1079
1115
1128
1157
1140
1163
1162
1170
1175
1182
1186
1199
1205
1183
1198
1194
1193
1204
1206
1215
1194
1215
1226
1209
1189
1213
1207
1199
1210
1201
1199
1211
1187
1193
1199
1182
1175
1170
1171
1178
1159
1142
1164
1144
1143
1162
1146
1159
1154
1163
1165
1183
1157
1177
1184
1187
1193
1185
1186
1197
1166
1184
1186
1172
1159
1202
1207
1211
1211
1256
1258
1255
1275
1292
1318
1359
1376
1392
1416
1473
1466
1498
1502
1541
1527
1582
1600
1626
1623
1649
1650
1660
1647
1684
1676
1661
1700
1725
1688
1691
1718
1679
1684
1667
1665
1651
1658
1633
1634
1622
1590
1584
1549
1521
1502
1500
1473
1465
1450
1423
1381
1383
1353
1366
1340
1345
1320
1336
1317
1330
1323
1347
1350
1370
1346
1374
1374
1373
1371
1396
1405
1409
1415
1453
1437
1450
1420
1448
1437
1463
1434
1432
1445
1420
1415
1399
1412
1391
1385
1369
1350
1317
1318
1315
1329
1302
1307
1317
1294
1313
1297
1325
1335
1363
1380
1387
1414
1401
1405
1435
1415
1413
1407
1383
1379
1369
1335
1345
1330
1308
1307
1298
1311
1282
1280
1265
1272
1283
1265
1250
1273
1249
1255
1298
1281
1301
1310
1316
1336
1358
1384
1376
1394
1402
1405
1441
1421
1407
1427
1413
1399
1404
1412
1419
1422
1419
1431
1438
1445
1465
1444
1474
1474
1481
1479
1479
1499
1523
1557
1549
1531
1559
1540
1535
1510
1512
1473
1445
1424
1396
1380
1359
1356
1351
1334
1319
1323
1352
1320
1329
1329
1329
1343
1340
1366
1405
1376
1385
1390
1383
1392
1396
1397
1385
1368
1360
1323
1335
1330
1305
1322
1320
1332
1333
1336
1387
1379
1419
1449
1470
1466
1520
1523
1524
1517
1533
1539
1549
1547
1562
1559
1569
1563
1561
1578
1572
1571
1544
1562
1559
1548
1606
1595
1602
1606
1623
1654
1695
1709
1735
1744
1731
1737
1751
1741
1756
1747
1734
1737
1687
1716
1702
1690
1688
1708
1707
1696
1707
1709
1707
1715
1703
1723
1721
1737
1761
1784
1803
1803
1842
1833
1867
1860
1865
1865
1853
1860
1836
1829
1820
1801
1776
1739
1737
1695
1690
1695
1690
1691
1680
1671
1671
1655
1667
1680
1692
1661
1701
1655
1662
1663
1664
1644
1616
1631
1632
1613
1641
1601
1613
1592
1603
1613
1607
1613
1637
1629
1653
1632
1656
1653
1669
1666
1684
1662
1667
1671
1665
1678
1680
1667
1667
1655
1636
1615
1622
1612
1618
1614
1639
1613
1624
1629
1628
1635
1658
1694
1627
1633
1634
1626
1638
1650
1620
1617
1636
1608
1620
1596
1581
1580
1584
1529
1543
1492
1501
1461
1440
1454
1412
1375
1376
1343
1331
1290
1271
1269
1258
1255
1257
1246
1253
1230
1260
1269
1261
1273
1296
1337
1372
1368
1405
1432
1432
1427
1473
1481
1463
1474
1481
1511
1520
1505
1536
1516
1568
1515
1549
1528
1533
1549
1497
1530
1521
1506
1519
1529
1512
1504
1519
1497
1508
1489
1487
1491
1502
1500
1505
1491
1515
1506
1532
1526
1519
1534
1580
1572
1598
1615
1635
1671
1661
1696
1686
1699
1715
1675
1699
1671
1685
1662
1693
1655
1631
1622
1596
1592
1597
1585
1592
1552
1562
1563
1552
1562
1556
1554
1583
1601
1590
1608
1625
1626
1645
1646
1667
1695
1705
1709
1714
1724
1740
1739
1774
1745
1781
1756
1767
1763
1744
1763
1754
1748
1746
1723
1726
1746
1701
1691
1699
1674
1670
1639
1638
1618
1631
1597
1601
1624
1603
1619
1658
1674
1701
1714
1757
1779
1783
1794
1845
1839
1857
1888
1906
1956
1972
1956
2015
2033
2058
2062
2102
2104
2108
2059
2074
2052
2053
2026
2004
1981
1975
1953
1956
1936
1902
1890
1886
1896
1867
1842
1836
1836
1830
1816
1822
1817
1815
1830
1856
1850
1881
1882
1893
1876
1868
1871
1871
1882
1883
1867
1873
1886
1901
1887
1844
1803
1788
1761
1742
1710
1676
1687
1678
1679
1654
1648
1673
1677
1715
1702
1791
1720
1771
1766
1791
1822
1854
1853
1877
1901
1908
1922
1916
1924
1908
1890
1872
1883
1855
1860
1883
1887
1893
1910
1916
1915
1932
1931
1950
1943
1965
1936
1950
1962
1929
1925
1945
1944
1958
1930
1955
1936
1895
1949
1896
1896
1887
1884
1883
1898
1870
1864
1868
1879
1851
1831
1857
1854
1856
1826
1838
1829
1832
1849
1838
1862
1884
1840
1862
1829
1821
1827
1810
1804
1797
1776
1805
1770
1765
1754
1783
1767
1781
1759
1745
1722
1695
1717
1692
1681
1648
1649
1642
1629
1593
1587
1579
1541
1512
1459
1467
1428
1431
1412
1388
1380
1388
1410
1441
1436
1475
1453
1477
1493
1501
1513
1551
1573
1566
1603
1595
1601
1617
1599
1610
1593
1570
1532
1531
1520
1496
1491
1484
1458
1425
1399
1396
1383
1342
1310
1337
1338
1318
1292
1326
1322
1333
1336
1392
1397
1410
1453
1490
1532
1519
1538
1613
1639
1679
1696
1744
1833
1805
1856
1882
1910
1918
1957
1999
1981
2010
1998
2027
2057
2078
2083
2106
2112
2093
2091
2111
2099
2097
2070
2054
2045
2021
2023
2020
1987
1990
1958
1982
1935
1901
1872
1869
1859
1816
1822
1834
1817
1798
1796
1816
1798
1802
1816
1831
1832
1830
1835
1874
1890
1886
1911
1940
1920
1911
1906
1905
1901
1849
1840
1835
1843
1829
1847
1868
1890
1898
1899
1915
1901
1908
1939
1975
2033
2027
2102
2179
2234
2264
2290
2324
2373
2374
2347
2350
2346
2301
2284
2277
2264
2224
2192
2182
2166
2130
2124
2092
2060
2044
2021
2008
2009
1998
1980
2012
2033
2047
2089
2138
2201
2184
2209
2257
2242
2254
2266
2276
2274
2243
2237
2239
2247
2221
2192
2234
2207
2175
2146
2133
2129
2070
2081
2087
2041
2064
2029
2059
2049
2057
2064
2110
2094
2125
2111
2152
2152
2131
2127
2152
2154
2192
2149
2194
2214
2199
2218
2247
2265
2252
2261
2303
2287
2283
2279
2347
2340
2334
2365
2376
2357
2362
2351
2378
2331
2311
2303
2312
2298
2282
2251
2259
2240
2233
2209
2200
2198
2194
2216
2225
2246
2203
2217
2242
2240
2245
2232
2247
2248
2231
2218
2238
2255
2224
2239
2225
2240
2216
2175
2199
2150
2121
2098
2118
2062
2039
2024
2026
2016
1976
1968
1985
1975
1970
1925
1931
1922
1899
1918
1935
1940
1945
1938
1955
1954
1983
1994
2020
2034
2024
2040
2069
2091
2083
2087
2132
2161
2134
2161
2207
2224
2197
2198
2232
2234
2205
2205
2234
2224
2239
2198
2246
2238
2246
2232
2311
2290
2285
2287
2284
2289
2265
2257
2240
2245
2208
2193
2196
2146
2091
2086
2080
2048
1978
1975
1971
1988
1937
1936
1968
1945
1954
1953
2020
2040
2083
2073
2125
2120
2201
2197
2277
2276
2306
2349
2366
2364
2329
2301
2300
2283
2233
2176
2183
2141
2084
2038
2026
1994
1992
1951
1997
1985
1990
1997
1993
1982
1972
1984
2043
2098
2099
2135
2171
2220
2206
2231
2291
2298
2261
2263
2242
2231
2186
2147
2127
2113
2048
2022
1994
1969
1902
1842
1830
1775
1719
1700
1713
1693
1669
1662
1676
1692
1702
1726
1791
1805
1855
1928
1986
2021
2037
2048
2082
2102
2060
2065
2083
2079
2008
1942
1924
1867
1787
1770
1767
1780
1749
1752
1838
1849
1857
1900
1987
2102
2078
2134
2221
2265
2323
2376
2440
2475
2472
2513
2532
2536
2492
2493
2506
2482
2455
2438
2424
2390
2322
2292
2284
2252
2184
2161
2156
2125
2137
2119
2142
2152
2127
2112
2135
2147
2104
2102
2130
2141
2117
2127
2195
2209
2184
2217
2244
2248
2267
2273
2323
2359
2349
2376
2419
2472
2456
2453
2478
2500
2496
2493
2558
2562
2562
2573
2609
2628
2597
2604
2641
2655
2639
2661
2714
2696
2681
2662
2660
2635
2609
2586
2562
2547
2502
2477
2436
2411
2365
2310
2320
2313
2236
2217
2218
2212
2129
2150
2142
2089
2069
2064
2093
2080
2035
2019
2023
2005
1960
1941
1956
1919
1874
1854
1884
1860
1850
1853
1853
1865
1876
1858
1930
1933
1912
1986
2000
2032
2003
2034
2072
2104
2070
2098
2137
2123
2134
2143
2162
2201
2127
2134
2184
2143
2130
2120
2130
2084
2061
2046
2038
2041
1962
1954
1938
1935
1865
1839
1873
1853
1789
1765
1772
1737
1682
1652
1658
1652
1603
1613
1639
1607
1581
1571
1616
1546
1516
1504
1514
1497
1442
1422
1445
1458
1431
1410
1437
1451
1425
1396
1446
1421
1385
1399
1398
1391
1341
1322
1357
1357
1322
1319
1353
1355
1335
1324
1370
1351
1313
1316
1333
1311
1301
1287
1315
1338
1321
1336
1370
1386
1392
1397
1465
1493
1490
1527
1577
1589
1593
1637
1691
1707
1746
1776
1830
1848
1843
1862
1898
1889
1892
1865
1919
1910
1888
1889
1914
1916
1867
1876
1908
1879
1868
1846
1845
1865
1797
1812
1816
1803
1758
1740
1789
1731
1696
1684
1707
1659
1649
1638
1716
1692
1677
1711
1731
1763
1763
1772
1838
1825
1826
1820
1862
1908
1884
1968
1963
1985
1952
1953
1965
1967
1912
1902
1878
1850
1785
1752
1814
1825
1805
1815
1845
1850
1826
1801
1837
1854
1807
1814
1854
1892
1881
1897
1930
1956
1929
1911
1918
1932
1900
1893
1896
1898
1859
1852
1849
1834
1812
1791
1836
1830
1817
1804
1827
1813
1784
1791
1817
1829
1851
1872
1902
1909
1892
1911
1955
2035
1974
2008
2035
2067
2088
2097
2139
2153
2151
2204
2232
2229
2247
2249
2232
2238
2216
2215
2234
2237
2225
2201
2214
2211
2192
2174
2197
2193
2144
2116
2104
2090
2076
2057
2088
2088
2092
2082
2094
2102
2080
2080
2100
2119
2121
2117
2161
2200
2206
2231
2265
2332
2265
2291
2314
2309
2320
2297
2335
2293
2299
2261
2260
2263
2227
2159
2140
2123
2037
2025
2039
1989
1972
1967
1973
1954
1910
1919
1925
1881
1871
1820
1862
1798
1786
1783
1717
1713
1667
1637
1655
1569
1532
1508
1482
1424
1366
1309
1275
1243
1176
1139
1126
1078
1034
1004
1006
1003
966
953
978
986
985
1040
1025
1058
1073
1111
1140
1184
1202
1215
1262
1263
1257
1263
1304
1315
1327
1364
1397
1436
1459
1463
1493
1508
1532
1575
1595
1603
1600
1640
1658
1683
1691
1686
1723
1760
1741
1750
1754
1745
1737
1712
1719
1722
1697
1724
1731
1758
1719
1738
1733
1739
1734
1736
1739
1737
1690
1679
1683
1700
1635
1630
1614
1542
1516
1488
1498
1452
1404
1372
1371
1309
1272
1227
1203
1149
1130
1098
1065
1045
1021
1026
1004
995
978
987
987
1004
998
1017
1069
1067
1076
1122
1183
1212
1213
1237
1316
1330
1338
1350
1400
1439
1470
1493
1558
1591
1643
1648
1683
1738
1704
1709
1747
1796
1767
1790
1821
1814
1820
1815
1837
1845
1817
1807
1864
1853
1822
1828
1873
1911
1875
1892
1927
1947
1902
1935
1978
1966
1946
1934
1971
1958
1937
1919
1918
1933
1882
1861
1895
1909
1891
1902
1919
1911
1915
1908
1937
1907
1921
1934
1976
1978
1977
1973
1995
1982
1994
1982
1984
1968
1946
1985
1958
1975
1981
1980
1985
1956
1967
1958
1959
1967
1950
1964
1994
1999
2001
2014
2030
2058
2040
2044
2063
2057
2087
2065
2049
2042
2035
2011
2027
2040
2040
2066
2049
2073
2071
2075
2075
2094
2060
2041
2084
2105
2072
2063
2070
2077
2056
2046
2085
2061
2053
2090
2081
2084
2062
2029
2027
2031
2003
2000
1971
1973
1964
1945
1960
1925
1890
1898
1881
1883
1860
1818
1840
1857
1810
1819
1831
1866
1876
1879
1894
1890
1912
1894
1946
1948
1950
1927
1978
1986
1946
1920
1947
1907
1876
1811
1826
1774
1719
1717
1758
1734
1733
1700
1701
1714
1686
1714
1725
1692
1684
1677
1709
1708
1706
1693
1716
1759
1752
1744
1817
1734
1742
1717
1736
1703
1686
1673
1680
1674
1632
1633
1645
1650
1618
1608
1615
1607
1587
1559
1568
1552
1539
1530
1554
1522
1500
1487
1487
1493
1489
1458
1518
1478
1470
1476
1477
1482
1465
1452
1483
1484
1463
1475
1474
1472
1453
1462
1475
1454
1450
1435
1452
1416
1414
1397
1405
1454
1367
1351
1382
1370
1368
1370
1383
1365
1361
1347
1356
1364
1334
1343
1351
1389
1343
1366
1331
1369
1350
1352
1369
1383
1380
1359
1392
1401
1368
1373
1404
1400
1361
1381
1390
1424
1365
1375
1383
1409
1377
1358
1376
1365
1355
1311
1328
1331
1316
1304
1281
1285
1265
1251
1254
1238
1224
1207
1199
1211
1141
1146
1126
1120
1106
1082
1121
1123
1087
1072
1102
1099
1096
1096
1112
1121
1110
1108
1138
1129
1136
1161
1180
1189
1180
1153
1172
1167
1182
1185
1205
1214
1170
1181
1206
1236
1197
1187
1197
1243
1207
1203
1210
1214
1191
1202
1199
1196
1195
1157
1177
1214
1175
1189
1199
1202
1168
1167
1204
1183
1158
1147
1160
1162
1125
1122
1150
1178
1153
1142
1178
1167
1134
1135
1163
1158
1139
1132
1147
1130
1105
1093
1102
1110
1099
1080
1101
1089
1085
1101
1117
1105
1103
1091
1101
1109
1090
1118
1145
1137
1116
1120
1164
1138
1105
1135
1134
1135
1094
1072
1097
1093
1073
1097
1091
1092
1063
1095
1087
1100
1063
1080
1093
1090
1071
1079
1100
1098
1069
1114
1107
1085
1087
1053
1071
1082
1070
1050
1057
1057
1044
1038
1078
1069
1034
1045
1081
1047
1040
1055
1043
1062
1047
1059
1056
1102
1070
1081
1085
1077
1065
1066
1061
1079
1048
1068
1075
1063
1082
1043
1059
1049
1043
1044
1098
1053
1007
1005
1025
1020
1018
1002
998
1019
979
978
1017
1001
997
971
960
961
893
729
354
356
357
357
357
355
356
356
1023
998
353
357
357
0
0

