;UFOS3
;Measurement details: channel = D, date = 01.06.2018, time = 16:59:19
Exposure=1686
Gain=0
Temperature=20.7
Accummulate=4
4.749 mu
4.915 amas
11.291 hs
0 ozone
0 uva
0 uvb
0 uve
[Value]
0
355
356
356
355
355
356
356
421
450
490
486
450
469
501
472
488
445
519
476
522
460
525
495
491
461
518
494
493
509
534
538
496
482
531
510
506
462
506
498
473
475
547
526
503
472
529
523
486
480
504
529
463
492
526
504
447
488
521
502
487
466
490
492
486
468
537
501
479
469
540
499
463
495
526
514
484
461
496
507
475
491
521
490
469
491
519
512
453
475
556
530
467
493
530
537
474
453
533
530
452
489
517
505
466
498
517
507
482
481
523
499
465
509
543
509
464
487
507
496
460
481
528
503
488
494
509
512
481
468
498
496
479
468
512
541
468
498
512
493
505
484
509
518
462
483
517
534
456
559
533
515
456
478
527
502
528
480
525
534
445
463
504
512
504
523
518
511
499
461
522
512
501
513
521
514
456
508
531
496
458
472
522
525
501
480
546
524
477
506
502
557
451
505
511
493
477
491
513
502
470
475
532
521
492
467
505
476
475
479
533
506
455
494
502
510
460
472
501
574
501
468
528
489
494
500
541
508
466
446
524
494
446
494
525
525
457
484
482
496
517
476
508
518
472
507
508
492
498
485
516
508
480
488
503
567
488
509
525
504
470
602
547
500
484
449
500
513
485
452
501
501
457
499
531
518
470
490
508
514
482
476
507
539
473
457
532
488
490
483
520
549
473
477
498
521
471
464
523
515
500
478
515
529
506
493
497
495
481
456
524
527
514
471
504
520
486
482
521
506
462
489
520
510
461
494
505
509
482
478
537
509
471
481
523
511
504
447
530
563
484
474
497
529
451
492
540
522
468
477
517
509
451
479
492
493
465
492
514
493
501
475
522
506
502
480
544
507
492
492
500
515
490
496
501
533
464
466
511
504
491
467
535
504
464
495
496
503
475
468
517
529
450
474
508
486
475
466
517
600
487
474
531
553
464
474
573
481
504
469
500
504
479
464
502
504
525
493
514
498
477
485
507
512
466
456
529
483
491
472
512
497
469
454
541
531
447
487
537
527
487
487
498
541
441
473
512
518
477
440
524
480
458
549
515
501
494
500
521
528
505
460
513
494
484
480
503
521
453
481
510
549
480
452
514
484
475
520
530
516
495
493
533
494
461
485
509
508
468
495
497
488
478
463
528
492
493
478
599
498
498
485
527
489
455
521
503
527
467
468
527
499
488
471
495
503
462
512
513
505
481
477
509
496
468
468
515
514
469
530
539
503
488
480
504
517
492
484
506
522
487
481
487
511
487
481
502
495
462
451
499
487
509
472
495
506
506
497
515
496
458
477
522
510
482
507
522
531
485
473
514
498
475
475
519
529
470
498
515
500
468
478
508
514
471
465
516
510
478
489
522
504
462
510
549
471
487
469
506
492
504
501
519
506
481
484
504
472
473
488
512
494
464
504
514
512
445
503
498
501
502
483
529
489
459
498
571
484
453
490
513
528
596
468
541
508
463
458
495
495
459
473
492
517
460
469
500
482
499
499
505
487
486
448
497
508
459
458
507
512
481
481
508
489
506
494
524
507
473
452
516
504
474
472
508
485
486
498
520
484
478
478
519
488
487
462
512
495
471
490
532
486
480
445
497
508
471
474
499
499
480
471
468
488
463
463
497
507
458
464
525
521
460
493
495
481
463
498
493
510
462
470
526
523
463
494
497
506
491
510
498
520
494
865
503
531
515
495
488
495
466
484
502
473
466
488
510
465
482
491
524
508
493
503
501
473
489
462
509
499
472
468
504
557
490
452
499
492
454
477
520
520
479
489
511
472
470
499
481
510
463
491
508
490
486
485
490
482
476
467
499
494
465
476
525
494
484
493
471
516
481
478
533
479
478
490
509
497
456
475
515
496
460
479
508
484
471
476
513
487
497
480
498
494
508
480
490
512
481
483
511
526
501
494
515
514
463
454
497
491
510
487
489
507
461
480
486
493
458
496
493
489
473
490
501
483
449
473
531
504
496
510
497
496
461
470
482
483
469
477
498
514
495
472
514
507
492
526
495
475
488
484
496
512
467
496
483
516
480
506
522
487
467
475
486
503
500
477
498
473
475
476
495
498
488
493
502
530
463
465
505
479
478
511
499
489
482
478
502
492
469
479
508
489
507
488
514
491
471
477
490
514
486
476
495
488
523
455
502
478
499
469
500
517
463
485
508
497
451
475
499
560
489
469
485
499
491
487
501
473
485
493
494
476
514
492
503
496
508
472
508
478
473
470
479
479
530
480
480
482
490
504
483
492
477
483
505
504
457
467
513
491
495
473
499
483
489
495
481
487
462
457
479
497
482
466
499
513
466
483
505
496
487
496
482
492
477
485
497
503
492
459
479
515
453
501
476
472
467
492
515
501
481
483
494
501
479
506
500
501
466
507
499
507
496
495
491
488
482
480
458
492
499
485
509
517
466
500
518
489
493
478
497
510
494
468
489
494
488
491
519
510
498
468
492
507
506
482
510
468
469
483
510
524
481
499
490
490
508
468
522
488
480
462
510
515
472
472
486
478
529
492
522
503
493
483
498
522
467
498
484
471
474
486
505
521
475
483
491
477
479
493
501
521
490
496
500
489
472
510
499
486
476
511
477
514
496
489
479
504
490
472
480
483
478
460
486
513
492
483
500
498
484
494
487
507
486
480
507
490
476
504
507
489
495
483
523
493
501
501
498
492
480
479
532
488
495
517
494
504
504
496
497
499
479
506
504
495
515
488
504
497
519
518
525
514
508
486
489
501
457
488
495
548
488
493
496
522
533
486
482
520
482
491
535
499
486
484
605
521
513
497
513
517
484
484
484
495
493
491
494
491
478
494
503
494
515
482
499
513
522
495
520
514
496
512
503
518
510
531
488
512
491
507
497
510
500
509
525
534
496
529
527
521
516
487
498
528
507
514
513
533
509
499
522
510
514
501
496
504
539
500
529
519
522
495
512
498
510
500
514
541
521
499
496
501
510
504
537
483
481
504
496
522
502
475
526
517
518
499
494
485
509
495
533
491
517
504
535
498
531
471
475
480
499
513
500
521
524
509
500
528
522
502
551
507
493
531
549
523
501
490
496
515
519
523
498
505
520
516
520
533
537
515
547
526
510
512
528
512
520
490
532
514
508
503
501
509
510
498
530
513
492
515
541
539
514
545
509
529
523
506
529
536
540
521
525
529
516
528
528
531
527
529
509
533
521
535
534
551
548
519
525
558
525
506
550
544
518
552
530
540
532
522
514
543
540
529
517
536
531
532
498
550
520
522
548
528
532
527
527
542
544
522
546
552
546
559
531
535
543
507
529
535
507
508
538
556
539
527
555
565
534
524
531
540
554
553
544
548
601
560
566
558
557
524
568
569
588
550
559
572
560
548
584
580
522
586
588
558
534
589
551
570
563
568
544
601
556
580
578
575
585
569
540
548
553
544
549
568
544
523
547
531
550
525
544
528
539
528
541
529
546
536
554
526
547
544
534
529
541
547
534
540
582
545
555
520
557
540
564
546
550
569
545
544
521
566
535
565
545
549
521
537
539
578
527
536
548
533
538
519
542
530
556
559
539
568
534
535
555
548
557
544
536
551
534
520
551
552
524
529
523
554
518
550
532
535
552
546
525
561
519
527
564
534
529
541
529
530
542
551
531
542
532
530
570
556
513
557
547
528
512
534
531
537
520
532
535
546
570
546
569
564
565
542
530
546
565
607
563
525
544
549
533
551
563
543
541
550
533
549
521
535
542
538
515
521
563
523
528
538
535
550
527
545
564
538
533
564
524
548
539
557
552
545
549
514
529
547
523
558
540
557
528
513
556
526
530
549
545
523
565
564
551
546
551
557
540
540
539
527
531
547
534
565
551
566
519
550
539
536
598
574
566
548
550
567
592
579
573
572
555
552
561
551
569
570
559
580
520
569
554
551
547
597
576
567
578
570
552
569
544
555
546
557
560
562
558
547
576
537
575
579
558
589
580
586
568
568
560
581
568
569
568
552
542
560
561
585
571
562
562
538
557
576
573
541
579
537
548
579
568
565
534
573
572
561
588
553
567
541
544
563
557
556
564
572
579
549
555
552
554
537
561
544
555
566
558
572
571
575
566
575
543
558
549
558
560
557
566
547
565
552
543
544
565
641
536
548
550
557
566
595
538
538
561
539
558
539
533
561
578
550
563
527
554
540
531
586
538
524
533
534
549
525
519
531
527
539
544
530
545
517
535
561
525
521
526
548
561
526
549
548
533
514
554
569
532
549
546
579
585
549
560
541
589
528
567
556
552
578
514
545
541
536
547
564
536
547
563
531
554
533
524
541
537
552
542
542
562
544
565
538
512
525
566
544
562
560
547
595
530
591
556
584
597
554
583
557
560
551
581
557
539
552
537
551
566
558
564
535
545
568
547
563
541
543
538
554
537
543
551
543
551
552
537
567
558
557
552
548
574
562
597
571
591
552
562
560
544
572
574
571
576
538
561
604
571
557
566
545
545
542
551
563
575
552
558
585
548
547
556
579
566
570
590
598
574
564
594
566
547
572
565
605
583
553
582
570
584
572
589
595
607
560
591
574
582
579
571
569
571
580
590
594
560
559
570
605
580
579
569
577
570
563
559
570
550
568
574
555
579
573
569
556
562
584
563
579
577
551
560
579
610
617
561
542
559
563
576
543
528
577
556
565
543
537
540
536
575
555
676
545
575
559
576
576
592
576
571
587
577
587
561
587
565
573
551
581
549
551
573
566
552
565
561
570
568
565
570
563
588
560
573
591
557
559
575
579
587
565
596
593
557
665
571
575
563
566
561
604
580
583
575
608
555
561
576
576
590
571
568
574
561
574
560
573
598
550
588
554
558
580
565
572
578
556
598
571
547
549
567
566
579
564
548
545
542
598
572
591
539
559
563
551
531
556
567
574
571
532
546
557
578
564
533
520
526
551
551
551
564
526
541
560
549
544
556
583
539
576
548
557
551
557
576
572
569
552
556
558
526
561
555
540
520
532
541
550
527
518
552
546
532
515
539
539
548
532
553
542
529
554
554
582
524
529
563
568
562
543
555
628
533
562
555
571
555
580
603
562
580
565
558
576
586
587
589
606
567
564
595
594
605
579
573
588
562
594
593
543
565
553
614
574
550
570
583
607
570
603
599
575
548
552
574
544
546
589
572
565
546
548
580
583
553
583
586
569
569
572
577
592
561
563
559
586
558
572
573
584
589
573
589
562
564
591
570
618
564
593
618
644
598
595
596
633
623
585
593
619
582
607
613
623
598
585
582
590
581
619
606
601
596
591
586
603
587
565
583
594
574
598
596
659
581
589
609
587
584
609
602
603
553
583
592
615
586
568
607
610
577
593
585
607
556
590
591
571
586
563
586
583
558
582
601
573
581
559
574
595
592
597
604
601
670
578
580
604
565
590
604
616
579
592
602
592
577
561
629
601
579
619
606
596
603
595
627
605
580
597
608
596
584
575
606
592
605
590
578
587
597
619
611
631
558
581
600
606
610
615
596
608
584
558
596
607
574
601
594
605
593
568
641
591
578
569
600
582
552
577
584
585
559
562
595
615
602
569
567
574
542
576
575
598
587
567
563
582
590
600
607
592
545
574
580
610
573
572
577
606
562
587
606
633
568
583
597
599
577
574
593
587
603
566
609
595
609
582
654
604
594
593
578
609
592
600
581
622
580
595
603
586
549
610
610
605
543
550
552
586
551
564
605
576
579
560
584
590
610
576
589
571
618
572
606
589
573
592
601
601
581
578
597
620
579
579
599
613
589
589
590
586
599
549
603
586
575
595
580
580
573
559
581
602
565
592
581
609
567
582
649
637
573
610
581
606
569
577
580
619
585
571
566
586
554
556
584
562
548
550
566
574
557
574
562
588
565
572
580
560
551
618
618
601
597
578
597
604
560
565
599
636
596
576
595
606
542
582
565
601
538
547
619
602
568
572
621
732
583
588
593
588
583
602
613
629
594
627
621
650
587
613
621
613
621
625
638
622
572
605
615
623
575
587
592
593
621
579
583
616
581
573
601
616
558
570
585
600
558
570
606
632
566
593
588
584
597
559
599
623
580
613
608
627
596
587
608
647
619
591
636
624
590
609
624
662
595
597
618
649
589
614
660
628
613
588
606
626
610
628
613
623
601
615
596
600
613
590
609
642
581
571
602
638
576
628
628
576
569
584
615
633
578
559
589
604
566
561
604
585
552
557
590
574
585
588
567
579
581
550
597
573
526
642
583
603
551
580
573
621
556
578
607
564
579
585
607
659
547
591
637
592
576
602
609
572
578
583
575
605
545
585
593
625
544
547
591
598
539
546
574
585
563
557
566
591
544
563
598
577
535
540
617
545
531
534
559
562
535
522
546
577
537
527
553
565
546
508
563
562
535
580
584
568
532
510
551
555
525
526
559
565
525
523
563
556
515
536
548
528
530
528
552
570
544
543
546
550
522
517
556
562
538
552
578
560
531
556
568
556
557
573
577
572
552
554
604
584
576
540
598
586
563
566
576
577
536
550
592
574
575
555
577
602
555
583
577
583
550
550
604
572
551
579
612
556
552
533
610
562
539
561
552
582
558
549
602
576
577
557
576
623
555
643
564
610
559
582
568
621
558
574
580
599
559
536
588
564
538
569
584
593
569
546
569
600
533
545
566
586
568
576
579
602
560
554
552
593
569
580
580
591
538
545
557
577
565
559
594
584
559
556
565
574
554
571
583
587
588
581
572
580
546
552
576
674
559
586
582
584
582
587
587
592
556
605
604
591
598
591
585
593
584
589
577
609
576
566
583
593
586
569
587
615
565
569
565
571
559
555
572
605
597
582
573
598
578
574
569
597
598
583
577
605
582
572
602
689
566
582
610
601
610
578
622
598
633
577
595
627
603
578
570
609
547
581
603
572
557
546
580
579
546
580
586
561
587
549
615
563
562
631
540
593
538
566
615
541
548
569
568
575
543
528
539
549
516
538
550
546
514
503
516
545
499
496
507
525
509
600
511
538
521
558
523
530
531
526
530
542
518
530
544
538
522
547
536
556
567
537
547
538
533
578
548
551
525
549
540
556
554
532
560
578
545
565
568
552
557
559
558
563
537
555
543
585
525
571
541
550
552
547
554
563
532
551
560
625
558
605
582
536
526
519
573
540
529
532
571
534
530
536
533
521
544
535
515
530
510
544
508
512
501
529
508
531
507
525
546
522
501
524
554
548
516
516
583
561
547
550
549
548
552
542
560
563
560
542
548
604
537
542
546
588
535
568
575
563
581
562
586
585
549
540
604
588
546
542
563
611
558
563
585
605
541
577
611
586
572
562
598
585
548
548
555
593
549
535
571
596
546
570
561
561
585
578
586
554
547
549
574
578
561
560
585
565
586
565
573
556
535
577
550
569
596
594
589
551
572
569
556
587
532
578
586
577
584
583
579
604
562
583
572
568
626
587
568
567
596
586
586
595
591
600
558
588
568
597
568
612
569
555
593
631
570
595
573
596
572
548
588
568
560
628
603
612
588
571
568
594
573
576
563
586
585
574
592
596
548
583
558
593
554
527
560
594
544
555
575
589
602
568
574
564
573
543
583
583
591
545
585
607
555
531
580
571
572
541
583
575
540
553
604
587
582
545
547
579
534
574
584
568
550
540
571
563
561
530
544
587
569
573
670
553
565
538
569
556
543
558
562
580
545
547
558
586
544
555
545
556
561
542
543
550
541
540
586
541
523
529
517
537
550
514
599
556
540
564
542
558
525
526
547
564
527
545
545
540
523
545
553
542
550
536
543
527
548
533
540
646
519
510
548
540
542
562
567
535
533
521
534
559
509
530
527
585
531
589
522
572
536
547
550
566
538
526
547
569
515
540
558
572
515
546
554
605
508
538
532
586
535
525
539
546
544
504
511
547
545
563
524
560
534
531
547
538
542
515
526
566
503
551
518
519
527
501
546
549
503
488
523
527
519
523
523
527
513
520
551
527
530
553
543
545
537
508
514
515
523
531
530
544
483
505
524
571
523
512
514
576
523
541
527
541
510
545
546
551
566
513
515
566
517
538
524
541
516
508
545
542
510
521
536
553
507
525
529
572
543
524
562
552
507
512
544
545
533
551
557
547
515
522
525
544
532
519
513
505
507
530
532
532
518
510
502
521
491
523
537
536
501
529
580
548
512
559
558
566
516
510
533
530
493
542
544
523
502
553
522
539
499
539
532
542
500
529
541
540
496
561
543
523
532
503
517
549
515
510
520
526
508
507
551
548
501
526
557
509
504
533
506
529
500
531
502
576
523
538
541
526
511
527
508
533
489
540
538
525
559
500
514
509
521
534
615
547
489
510
527
531
538
524
518
548
499
510
555
534
526
514
501
532
508
509
355
357
357
355
353
355
355
356
523
506
356
354
353
0
0

