;UFOS3
;Measurement details: channel = Z, date = 01.06.2018, time = 17:17:58
Exposure=1184
Gain=0
Temperature=20.3
Accummulate=4
5.617 mu
5.922 amas
9.207 hs
0 ozone
0 uva
0 uvb
0 uve
[Value]
0
354
354
355
354
355
354
353
408
426
472
462
424
440
478
449
456
420
493
457
473
432
502
467
460
435
494
467
461
470
503
499
460
449
502
482
469
431
482
472
445
442
513
491
469
440
503
489
457
448
479
491
437
455
498
475
426
450
496
471
459
436
470
468
454
438
505
470
453
439
509
469
438
462
500
480
452
433
475
477
450
455
495
464
442
453
489
482
434
445
518
492
439
456
500
497
443
427
504
490
428
453
491
477
443
457
495
476
447
444
494
471
439
466
505
479
439
451
483
469
439
451
502
474
458
460
486
482
451
441
477
469
449
439
488
502
441
462
488
462
468
453
489
484
438
452
491
496
433
504
503
484
425
446
501
476
483
447
494
499
425
434
479
481
473
479
487
481
469
436
498
479
466
478
497
481
436
465
504
465
434
445
490
491
467
449
515
487
453
466
478
514
428
467
482
470
455
453
493
473
447
445
499
486
460
442
484
454
451
449
507
477
431
465
481
478
439
440
480
519
467
441
497
465
461
459
510
478
442
426
497
467
428
456
494
487
437
451
463
470
480
447
480
484
446
468
485
466
467
448
487
475
454
451
481
521
457
469
498
475
439
534
509
473
457
428
474
481
457
429
478
470
434
462
500
487
445
459
486
483
451
446
484
507
450
432
502
460
459
454
492
506
449
444
476
485
447
437
494
483
466
446
492
488
471
460
474
469
453
428
490
491
478
446
481
488
456
451
494
476
436
455
492
479
434
459
478
478
459
448
507
478
447
451
497
473
474
427
502
511
450
447
478
496
433
458
510
490
445
447
492
478
431
453
469
465
438
451
491
467
473
447
494
476
471
450
508
472
459
458
476
481
458
460
477
492
440
442
485
473
458
438
504
474
440
464
473
473
447
442
490
494
434
443
483
462
450
437
487
541
458
445
503
510
442
446
527
462
467
444
479
474
450
437
478
472
484
459
482
469
449
458
481
484
440
435
497
459
460
446
489
470
440
427
507
495
427
457
504
491
460
457
472
502
426
446
487
483
452
423
494
455
438
496
490
468
465
465
492
494
470
435
488
473
454
449
479
488
435
455
486
510
455
430
488
463
449
482
497
484
468
460
505
466
441
452
482
477
441
460
478
465
455
439
497
467
463
447
501
467
468
459
497
464
434
480
478
494
444
444
499
469
458
444
473
471
441
478
489
475
451
454
485
466
446
440
487
483
447
489
508
476
460
457
483
486
463
457
483
490
458
456
467
481
461
452
480
472
442
432
478
463
470
446
475
477
475
467
494
472
437
451
496
479
453
471
493
495
454
447
487
470
450
446
492
493
452
465
492
473
448
450
483
482
447
445
492
480
449
460
496
477
441
477
514
454
460
443
481
466
469
468
490
473
458
453
481
452
447
456
490
467
443
467
490
478
429
468
480
473
472
454
503
464
440
463
523
464
431
461
484
490
535
445
504
475
440
436
472
469
440
443
469
484
436
443
476
455
473
465
479
460
456
430
473
480
440
433
482
481
453
456
484
468
472
464
495
476
452
434
495
470
450
450
484
463
458
466
494
461
451
450
492
460
461
438
485
471
449
463
505
461
456
426
473
476
449
446
473
470
458
448
455
461
445
442
473
476
440
440
496
485
444
462
474
458
442
467
474
480
444
447
493
491
441
461
475
479
465
475
477
485
465
714
481
494
482
459
469
469
447
456
479
455
446
459
487
449
456
460
498
480
463
465
477
449
464
444
485
475
449
447
479
510
467
433
475
470
436
454
491
488
459
460
486
454
450
468
463
483
447
463
482
468
461
459
471
463
458
449
481
468
448
449
503
466
457
464
457
484
456
457
501
461
459
462
488
475
437
449
488
468
448
452
483
464
455
457
487
462
471
452
480
469
484
457
470
485
456
457
485
489
473
466
487
488
446
440
475
466
483
464
472
477
445
457
472
472
442
466
478
467
457
467
480
466
437
449
499
480
471
480
478
474
444
448
469
460
454
458
483
485
469
451
488
479
468
500
477
460
468
462
481
484
450
470
470
488
462
477
497
466
453
458
470
482
475
460
479
460
457
456
481
476
468
469
480
498
452
450
484
463
459
479
480
470
466
461
483
474
455
459
490
474
485
464
494
473
461
464
476
489
467
463
483
473
499
446
485
468
482
455
485
496
456
468
497
485
442
463
490
528
472
460
479
485
485
475
488
467
476
480
491
473
498
475
493
485
491
464
493
473
469
467
476
471
510
470
480
473
481
488
484
484
471
474
495
489
453
460
501
482
490
466
492
479
479
484
482
483
464
459
485
491
479
468
495
505
474
478
504
494
490
491
491
494
485
483
504
507
501
473
495
518
474
502
494
491
487
504
528
514
503
503
518
520
510
522
528
524
501
531
530
537
522
519
529
522
519
511
505
525
532
525
548
548
509
534
555
530
533
517
539
552
538
517
542
544
539
544
567
560
550
529
558
565
561
545
572
538
541
556
584
587
560
571
570
567
577
547
600
566
568
545
588
593
558
550
571
562
599
574
597
580
582
571
589
604
568
592
590
580
586
591
613
623
594
593
610
592
593
607
625
629
610
612
627
614
602
634
637
625
616
645
629
660
651
645
653
663
657
642
651
648
648
626
648
668
644
637
647
639
625
625
625
635
617
607
631
616
606
628
630
621
624
619
659
639
648
652
666
663
658
665
721
689
703
716
712
722
727
724
731
736
720
739
750
740
759
736
763
755
773
775
783
775
774
756
766
772
742
763
770
806
758
756
762
767
780
734
730
752
726
730
772
744
743
740
838
774
781
777
798
806
792
808
819
842
861
868
894
892
899
914
938
925
949
921
939
951
956
936
951
937
926
926
927
924
917
929
897
907
891
903
898
903
907
910
934
941
920
951
971
962
971
963
987
1020
1012
1037
1054
1083
1079
1083
1123
1119
1148
1135
1158
1170
1208
1183
1211
1208
1212
1180
1197
1177
1180
1160
1168
1174
1162
1133
1125
1125
1130
1120
1147
1108
1108
1129
1131
1153
1146
1126
1180
1174
1178
1160
1165
1151
1172
1163
1185
1155
1169
1154
1171
1117
1136
1074
1067
1052
1046
1041
1022
1028
1023
1004
996
1023
1023
1003
1055
1026
1021
1055
1083
1061
1060
1058
1090
1104
1132
1140
1135
1153
1180
1195
1229
1238
1253
1252
1292
1281
1289
1296
1331
1309
1334
1319
1358
1347
1348
1350
1348
1346
1346
1328
1358
1332
1318
1322
1333
1325
1301
1318
1282
1279
1264
1245
1252
1259
1264
1248
1251
1253
1248
1241
1250
1251
1253
1257
1239
1267
1273
1289
1310
1326
1358
1343
1373
1409
1412
1418
1479
1497
1493
1528
1532
1558
1579
1574
1593
1605
1609
1596
1610
1631
1641
1645
1635
1686
1673
1694
1728
1716
1723
1736
1749
1768
1787
1765
1790
1794
1786
1793
1784
1790
1786
1739
1766
1766
1736
1731
1736
1737
1719
1696
1717
1699
1681
1676
1681
1688
1710
1719
1709
1712
1741
1712
1706
1696
1704
1671
1711
1707
1727
1721
1738
1747
1755
1741
1782
1790
1778
1827
1866
1856
1866
1946
1944
1978
2015
2040
2048
2111
2119
2177
2200
2231
2282
2290
2298
2329
2362
2367
2394
2408
2408
2375
2380
2367
2358
2338
2341
2333
2344
2316
2323
2311
2327
2318
2329
2288
2307
2283
2267
2236
2223
2205
2180
2177
2184
2112
2101
2027
2033
1999
1990
1956
1949
1947
1939
1913
1889
1896
1856
1855
1814
1792
1762
1760
1768
1786
1745
1754
1780
1771
1794
1785
1833
1858
1896
1925
1940
1981
1997
2012
2044
2041
2054
2055
2045
2046
2038
2014
2032
2031
2016
2006
2009
2014
1979
1980
1971
1979
1986
1970
1947
1975
1960
1962
2003
1984
1984
2006
1986
1983
1981
1979
1944
1947
1920
1902
1914
1885
1832
1861
1848
1817
1810
1799
1805
1789
1762
1775
1770
1772
1786
1768
1795
1794
1814
1814
1828
1857
1903
1960
1949
1946
1977
1980
2006
2012
2026
2023
2002
2009
2000
2005
2008
2022
2036
2034
2032
2037
2068
2042
2071
2078
2085
2099
2106
2143
2176
2150
2162
2177
2166
2178
2164
2157
2125
2083
2054
1999
1983
1957
1925
1928
1905
1893
1870
1849
1882
1844
1869
1876
1880
1870
1910
1908
1919
1929
1958
1968
1972
1977
1982
1966
1963
1954
1928
1930
1894
1867
1822
1826
1803
1790
1851
1849
1864
1872
1907
1951
2008
2024
2055
2097
2111
2122
2143
2153
2184
2194
2208
2237
2204
2264
2250
2255
2261
2287
2281
2278
2283
2286
2290
2301
2308
2327
2337
2367
2400
2410
2444
2467
2504
2474
2507
2514
2489
2498
2468
2467
2422
2395
2373
2367
2344
2311
2304
2290
2293
2325
2346
2368
2377
2381
2396
2389
2452
2498
2539
2538
2603
2595
2637
2680
2693
2694
2668
2669
2675
2659
2673
2636
2618
2591
2562
2561
2541
2522
2520
2485
2468
2420
2421
2417
2416
2396
2408
2391
2379
2385
2360
2358
2349
2324
2301
2296
2283
2274
2296
2266
2269
2261
2277
2268
2282
2278
2278
2281
2295
2381
2314
2333
2351
2364
2378
2409
2373
2372
2388
2374
2384
2370
2350
2366
2372
2325
2337
2289
2303
2290
2283
2321
2302
2293
2321
2306
2334
2315
2308
2317
2306
2297
2304
2286
2304
2277
2296
2298
2289
2261
2244
2251
2239
2184
2177
2160
2102
2050
2055
2015
1955
1933
1900
1894
1857
1793
1786
1734
1765
1689
1713
1688
1687
1709
1655
1696
1715
1722
1770
1807
1844
1880
1944
1945
1999
2018
2036
2072
2086
2107
2124
2127
2172
2181
2209
2204
2195
2210
2253
2222
2246
2243
2233
2243
2200
2213
2184
2189
2188
2133
2159
2135
2132
2112
2125
2102
2085
2093
2093
2100
2122
2124
2136
2120
2146
2173
2175
2213
2217
2217
2262
2291
2305
2321
2343
2354
2360
2350
2345
2353
2349
2348
2341
2327
2343
2312
2320
2278
2271
2231
2241
2223
2204
2241
2234
2220
2216
2200
2219
2261
2246
2235
2255
2224
2242
2249
2257
2266
2288
2283
2298
2327
2305
2322
2344
2368
2369
2375
2401
2402
2384
2360
2379
2350
2342
2348
2360
2384
2361
2330
2367
2380
2394
2401
2392
2381
2374
2313
2326
2287
2293
2294
2307
2321
2345
2364
2409
2428
2432
2470
2504
2546
2554
2589
2614
2667
2697
2706
2746
2779
2797
2825
2869
2861
2872
2870
2860
2837
2804
2808
2771
2766
2759
2733
2741
2736
2741
2723
2677
2638
2635
2610
2596
2575
2551
2578
2573
2565
2554
2550
2579
2575
2631
2618
2711
2648
2690
2670
2701
2717
2740
2717
2733
2737
2716
2678
2616
2589
2528
2471
2405
2388
2314
2294
2303
2289
2277
2283
2303
2313
2328
2346
2379
2393
2431
2408
2434
2459
2461
2476
2525
2550
2581
2584
2633
2625
2604
2655
2609
2589
2567
2548
2537
2570
2550
2552
2566
2587
2559
2554
2580
2597
2604
2594
2617
2619
2626
2650
2661
2681
2717
2702
2741
2712
2703
2697
2691
2666
2661
2631
2665
2636
2607
2578
2581
2550
2543
2509
2483
2460
2451
2472
2448
2435
2385
2385
2386
2380
2357
2353
2345
2331
2294
2239
2246
2231
2228
2207
2193
2195
2203
2227
2270
2275
2300
2275
2270
2265
2251
2217
2235
2233
2206
2217
2197
2189
2171
2137
2129
2098
2055
2013
1996
1955
1916
1916
1899
1881
1878
1887
1914
1937
1929
1914
1950
1941
1934
1912
1943
1936
1960
1942
1988
1977
1961
1969
1975
1978
1908
1892
1910
1892
1887
1847
1855
1887
1791
1781
1759
1731
1693
1694
1699
1659
1681
1655
1666
1681
1707
1726
1770
1795
1809
1843
1902
1934
1961
1980
2026
2069
2104
2166
2217
2219
2289
2332
2421
2427
2441
2488
2533
2562
2554
2596
2593
2592
2580
2585
2626
2602
2613
2618
2611
2588
2562
2540
2547
2520
2463
2466
2458
2430
2395
2390
2379
2352
2288
2252
2226
2215
2175
2181
2187
2200
2214
2203
2236
2218
2223
2251
2272
2302
2290
2319
2354
2388
2383
2399
2423
2446
2434
2377
2365
2370
2338
2326
2316
2307
2281
2274
2296
2312
2306
2315
2316
2310
2319
2330
2351
2423
2460
2485
2573
2626
2649
2706
2759
2827
2808
2819
2835
2786
2762
2751
2716
2684
2631
2627
2625
2612
2553
2505
2513
2485
2440
2417
2420
2431
2384
2422
2445
2445
2501
2522
2613
2638
2651
2680
2736
2717
2746
2703
2729
2729
2691
2651
2632
2590
2607
2520
2505
2476
2417
2397
2381
2364
2313
2294
2309
2278
2264
2253
2323
2316
2305
2343
2374
2376
2411
2425
2465
2466
2474
2497
2543
2565
2591
2595
2645
2663
2696
2713
2715
2737
2763
2793
2807
2817
2774
2788
2814
2812
2801
2787
2793
2781
2757
2740
2766
2762
2720
2733
2717
2712
2693
2644
2685
2641
2613
2589
2607
2556
2526
2527
2530
2520
2494
2482
2501
2487
2472
2442
2439
2448
2431
2440
2452
2445
2447
2422
2440
2435
2439
2441
2435
2413
2361
2360
2375
2381
2352
2323
2339
2346
2296
2303
2321
2322
2283
2270
2279
2271
2231
2217
2231
2213
2230
2198
2231
2218
2242
2216
2299
2276
2283
2307
2313
2349
2358
2386
2400
2454
2448
2476
2534
2516
2497
2549
2579
2577
2525
2530
2540
2537
2488
2463
2490
2439
2405
2373
2408
2394
2402
2353
2369
2348
2385
2335
2360
2329
2311
2309
2311
2294
2243
2206
2212
2222
2179
2166
2197
2200
2186
2181
2210
2225
2268
2272
2339
2379
2415
2454
2474
2488
2503
2522
2563
2600
2586
2594
2590
2586
2546
2527
2558
2535
2459
2429
2385
2375
2304
2293
2279
2277
2230
2213
2223
2234
2201
2190
2207
2196
2149
2157
2172
2174
2141
2146
2154
2158
2127
2150
2194
2194
2223
2266
2299
2283
2273
2242
2230
2224
2161
2141
2153
2144
2078
2016
1995
1960
1893
1913
1902
1937
1907
1914
2014
2041
2058
2095
2179
2295
2235
2268
2329
2336
2363
2375
2409
2423
2382
2382
2384
2357
2279
2250
2216
2163
2129
2087
2080
2045
1998
2025
2047
2068
2041
2056
2111
2131
2186
2195
2253
2315
2318
2344
2395
2439
2423
2451
2500
2516
2503
2507
2551
2559
2513
2520
2511
2478
2465
2415
2449
2444
2391
2389
2395
2426
2390
2367
2401
2434
2430
2416
2478
2471
2448
2457
2487
2503
2451
2444
2488
2519
2491
2513
2570
2561
2565
2561
2595
2611
2610
2621
2656
2660
2663
2698
2706
2717
2735
2738
2778
2817
2773
2779
2836
2866
2817
2860
2888
2845
2850
2862
2901
2914
2875
2846
2871
2872
2826
2806
2822
2771
2729
2685
2690
2645
2607
2562
2532
2507
2471
2403
2426
2371
2293
2346
2284
2282
2223
2211
2221
2239
2166
2165
2181
2133
2127
2112
2120
2129
2030
2036
2082
2022
1997
2009
2034
1996
2011
2026
2042
2075
2042
2075
2115
2149
2105
2127
2196
2223
2195
2208
2258
2258
2241
2232
2260
2271
2239
2247
2271
2228
2189
2164
2196
2126
2107
2068
2106
2085
2034
2005
2029
2045
2003
1973
1987
1981
1942
1889
1914
1879
1829
1835
1834
1796
1736
1706
1732
1729
1678
1674
1693
1686
1637
1614
1643
1610
1552
1550
1551
1522
1492
1476
1505
1522
1479
1469
1486
1462
1433
1405
1445
1441
1398
1405
1423
1406
1376
1395
1410
1398
1402
1403
1417
1399
1383
1375
1418
1385
1378
1340
1391
1383
1369
1365
1406
1416
1388
1421
1484
1487
1512
1513
1554
1599
1574
1623
1658
1686
1683
1708
1798
1795
1804
1840
1888
1857
1845
1838
1909
1876
1857
1876
1882
1895
1865
1868
1907
1866
1844
1817
1818
1835
1782
1841
1808
1830
1771
1778
1773
1794
1734
1745
1724
1717
1656
1629
1692
1688
1683
1703
1728
1746
1726
1702
1744
1788
1743
1785
1836
1870
1877
1888
1932
1959
1928
1919
1925
1941
1907
1881
1874
1861
1807
1788
1789
1783
1763
1746
1799
1797
1789
1786
1814
1807
1800
1818
1835
1854
1877
1878
1897
1902
1868
1868
1904
1960
1869
1876
1878
1865
1853
1837
1845
1843
1799
1833
1838
1817
1818
1802
1791
1800
1783
1780
1775
1790
1776
1770
1797
1799
1811
1812
1850
1871
1852
1861
1888
1914
1923
1939
1991
2026
2032
2033
2043
2078
2069
2083
2097
2118
2107
2094
2111
2133
2112
2116
2154
2207
2113
2111
2132
2101
2112
2077
2115
2065
2066
2015
2030
2042
2009
1976
1961
1999
1934
1959
1996
1971
1993
2004
2052
2077
2068
2115
2145
2121
2152
2115
2188
2167
2168
2209
2150
2165
2134
2129
2175
2095
2083
2088
2087
2060
2015
1985
1976
1960
1905
1895
1884
1863
1822
1795
1796
1788
1726
1700
1686
1660
1630
1676
1612
1591
1562
1556
1521
1500
1469
1418
1392
1332
1266
1218
1196
1155
1106
1084
1059
1045
1022
987
977
957
945
969
951
949
932
957
970
986
1002
1004
1057
1089
1093
1129
1150
1157
1177
1185
1212
1238
1229
1268
1296
1336
1318
1362
1369
1391
1411
1415
1444
1465
1447
1465
1497
1551
1527
1573
1580
1555
1557
1563
1619
1597
1590
1604
1641
1620
1622
1626
1628
1610
1624
1610
1598
1598
1578
1597
1571
1570
1553
1556
1535
1533
1499
1486
1504
1455
1407
1398
1411
1380
1312
1274
1297
1241
1186
1144
1116
1081
1059
1019
1022
1004
995
960
956
993
929
921
930
961
922
949
987
984
1019
1021
1066
1089
1089
1108
1185
1213
1209
1234
1295
1367
1351
1377
1432
1469
1439
1488
1549
1547
1545
1537
1588
1579
1558
1555
1573
1594
1563
1551
1584
1617
1577
1601
1609
1614
1629
1619
1639
1609
1627
1639
1672
1679
1684
1689
1727
1720
1745
1729
1744
1740
1726
1752
1740
1756
1766
1769
1767
1735
1751
1731
1736
1753
1726
1737
1763
1752
1754
1765
1763
1788
1759
1765
1766
1773
1816
1782
1767
1750
1759
1743
1738
1752
1749
1768
1737
1763
1750
1768
1762
1785
1757
1736
1787
1808
1784
1798
1803
1821
1815
1795
1844
1837
1827
1878
1862
1861
1839
1808
1819
1832
1815
1811
1814
1829
1835
1813
1839
1838
1800
1820
1821
1840
1809
1782
1801
1822
1771
1781
1802
1816
1827
1807
1820
1806
1817
1785
1832
1822
1811
1776
1802
1805
1758
1717
1751
1732
1715
1665
1691
1664
1612
1621
1674
1662
1663
1635
1643
1669
1638
1679
1702
1677
1673
1667
1712
1710
1703
1678
1700
1731
1721
1708
1787
1690
1697
1664
1666
1638
1599
1583
1587
1581
1534
1530
1541
1553
1521
1519
1518
1532
1531
1507
1524
1521
1520
1524
1572
1542
1537
1546
1542
1566
1563
1526
1586
1534
1518
1518
1516
1507
1468
1458
1470
1469
1438
1451
1452
1441
1419
1416
1420
1397
1387
1363
1373
1346
1351
1332
1349
1427
1329
1308
1344
1331
1328
1330
1343
1310
1310
1292
1308
1323
1280
1297
1310
1354
1304
1339
1285
1319
1284
1292
1307
1314
1290
1275
1294
1291
1236
1249
1267
1262
1223
1245
1260
1298
1228
1247
1252
1288
1249
1232
1251
1245
1248
1212
1229
1255
1260
1257
1244
1271
1254
1251
1278
1257
1264
1242
1252
1281
1219
1248
1231
1225
1222
1198
1245
1246
1210
1189
1226
1214
1201
1194
1192
1184
1163
1146
1163
1132
1131
1145
1137
1130
1114
1078
1070
1054
1051
1040
1049
1052
997
1001
1025
1043
1004
988
1008
1045
1004
1021
1026
1027
1008
1036
1041
1047
1055
1020
1041
1090
1060
1076
1083
1093
1074
1067
1107
1096
1067
1077
1092
1098
1057
1068
1082
1126
1105
1090
1130
1117
1086
1084
1116
1113
1095
1105
1120
1102
1070
1073
1074
1087
1072
1053
1067
1053
1047
1062
1069
1065
1048
1035
1031
1043
1023
1034
1057
1043
1012
1025
1067
1033
1002
1035
1038
1036
993
973
994
989
965
1000
1002
999
973
1017
1003
1014
987
1010
1018
1024
999
1016
1032
1040
1001
1051
1046
1030
1031
995
1008
1026
1008
988
998
996
976
977
1014
1003
952
975
1012
970
966
978
956
977
958
982
964
1017
985
986
990
973
966
961
943
965
932
962
969
951
975
926
949
933
942
942
1017
965
918
925
955
957
963
962
964
994
951
958
1005
996
993
976
975
988
923
735
351
353
352
354
353
353
351
353
988
948
351
353
354
0
0

