;UFOS3
;Measurement details: channel = Z, date = 01.06.2018, time = 17:58:07
Exposure=1981
Gain=0
Temperature=19.6
Accummulate=4
8.522 mu
10.364 amas
4.99 hs
0 ozone
0 uva
0 uvb
0 uve
[Value]
0
350
351
350
351
352
351
351
418
449
491
488
448
470
500
472
490
446
518
489
528
460
527
495
497
464
518
498
496
513
539
547
501
489
534
511
510
468
510
505
473
480
552
534
509
480
532
530
493
487
506
535
464
497
528
509
450
497
524
501
491
473
495
497
491
470
541
501
486
473
542
498
468
502
528
522
490
459
495
510
477
492
526
491
470
496
521
517
458
478
561
536
470
500
535
542
475
454
537
536
453
495
518
508
471
504
519
515
485
484
528
504
467
517
548
514
465
491
508
498
460
486
531
503
492
500
509
519
483
474
500
504
485
470
515
544
473
504
515
495
513
491
512
524
464
489
522
541
457
573
539
521
448
486
529
505
535
487
529
541
445
467
506
519
510
531
521
516
505
464
527
520
510
521
528
519
462
512
537
500
459
480
521
535
507
483
556
528
481
511
503
565
451
512
515
494
483
493
517
506
474
476
541
528
498
474
510
475
480
481
533
510
460
500
504
514
462
477
501
582
504
474
537
490
498
506
548
517
471
450
530
504
446
500
533
531
461
489
485
498
526
480
510
525
478
511
509
500
503
489
519
513
485
495
506
577
495
511
531
508
472
619
556
505
487
454
505
521
495
457
502
509
464
502
538
526
474
497
512
520
485
482
511
547
477
461
539
489
492
489
523
553
476
480
500
525
475
465
527
521
506
484
519
535
513
499
500
501
484
459
529
535
522
478
508
530
491
489
529
509
466
497
526
518
461
500
510
515
485
482
545
513
474
488
525
512
509
447
533
572
487
478
498
536
457
496
545
531
473
484
520
513
453
483
495
497
468
492
522
495
507
481
527
510
508
488
552
510
496
498
507
519
491
505
509
540
468
469
516
510
499
470
543
509
469
504
498
509
482
473
521
536
449
479
510
494
481
471
521
615
492
484
541
561
462
480
580
484
512
473
502
509
485
467
506
511
532
501
522
505
481
492
510
519
469
455
535
488
495
477
515
504
468
459
546
539
447
492
545
532
490
495
500
551
444
480
517
522
480
442
529
486
461
560
523
508
500
506
527
535
511
464
518
497
492
482
507
528
456
487
518
557
488
455
516
491
475
530
536
526
507
497
540
502
465
490
512
512
468
502
502
488
485
470
539
496
501
482
615
503
505
493
533
491
461
532
506
534
471
473
534
503
492
478
498
510
468
522
521
509
487
485
512
502
471
474
519
521
477
536
551
509
492
488
509
521
502
489
511
533
494
485
488
522
494
488
509
501
472
458
506
494
514
479
501
510
514
504
524
500
463
487
527
514
488
514
528
538
487
479
517
506
477
483
526
539
478
504
519
509
475
483
513
522
479
468
523
520
481
496
530
510
468
517
559
477
491
472
510
493
512
505
525
513
487
487
507
477
476
493
517
504
474
514
521
523
449
511
505
507
510
490
536
495
462
509
583
488
456
504
527
536
616
477
550
516
470
463
498
502
462
479
499
527
468
475
503
489
509
509
512
496
490
451
505
517
466
464
518
525
487
491
517
493
516
504
532
513
482
461
523
511
482
479
518
493
498
510
528
491
487
487
528
492
496
467
518
501
476
499
539
490
487
450
502
514
480
477
504
507
489
477
472
495
469
470
502
512
464
470
535
533
467
506
505
489
469
506
501
519
470
474
531
533
467
503
503
514
498
520
503
528
505
906
510
540
526
506
492
500
473
493
509
481
470
496
517
472
489
501
532
528
504
508
505
472
500
470
518
510
480
476
511
573
500
458
505
503
458
485
527
528
489
497
518
478
478
510
486
517
473
503
515
503
495
496
499
490
487
474
506
503
474
486
540
500
490
503
475
526
490
487
546
484
488
501
518
515
462
483
524
502
468
491
516
496
480
484
524
494
506
488
508
502
519
492
500
525
492
490
518
538
513
503
521
525
470
460
509
500
524
496
500
516
471
491
494
502
466
507
506
501
481
501
509
495
460
483
549
516
509
525
507
506
469
480
494
493
478
487
506
524
507
483
523
514
503
540
505
483
508
496
510
526
474
509
491
532
492
520
535
498
476
489
499
516
519
491
509
482
485
488
510
512
499
507
513
548
472
477
515
488
487
525
513
505
491
494
513
502
482
495
519
502
525
500
528
507
484
493
504
529
500
491
508
504
539
470
513
495
516
485
512
533
481
501
526
512
466
491
516
586
505
486
505
518
509
508
516
490
504
514
514
495
533
510
521
512
530
489
530
492
494
489
492
500
554
502
495
500
509
524
500
513
493
504
523
518
474
484
531
508
513
492
516
506
510
514
499
510
483
476
502
520
507
487
525
534
489
508
531
520
511
520
509
516
502
510
520
530
523
487
509
548
476
533
502
505
502
529
550
537
520
520
530
542
517
545
540
543
506
551
541
551
537
537
536
535
526
523
497
536
542
530
556
566
510
546
563
534
544
521
543
561
546
515
541
551
537
539
575
562
551
521
549
563
567
547
570
528
526
545
574
592
547
563
553
559
573
536
591
558
546
523
577
588
539
539
553
540
598
562
592
571
560
551
569
599
540
574
562
546
552
569
588
611
554
568
575
561
563
580
595
616
583
586
590
581
565
610
605
584
578
625
582
626
602
598
596
626
610
592
599
603
593
572
597
631
603
590
606
603
585
594
584
605
581
567
601
580
568
600
603
587
594
585
633
598
610
616
614
613
605
607
676
629
638
669
643
661
661
657
656
665
646
676
673
664
692
660
678
676
699
701
710
701
692
673
675
695
637
671
679
737
668
667
671
698
708
649
647
691
641
656
713
669
654
662
797
707
710
694
718
731
700
708
719
742
749
761
770
770
777
793
814
800
831
792
811
827
832
806
833
819
795
809
799
811
797
819
765
789
765
782
766
789
772
786
807
823
782
827
829
832
834
808
832
883
861
877
882
924
905
907
944
946
961
952
957
973
1034
997
1034
1035
1029
1000
1018
999
1016
992
1004
1029
1004
986
967
975
983
980
1018
954
952
984
975
1016
986
960
1019
1012
1012
993
985
975
1000
983
1030
972
994
974
1002
949
981
904
894
885
896
898
882
899
897
876
862
897
892
878
937
893
886
931
959
942
923
923
953
977
999
1013
994
1019
1048
1059
1088
1110
1127
1115
1159
1152
1143
1152
1184
1168
1192
1160
1213
1201
1191
1195
1189
1197
1184
1172
1214
1185
1149
1174
1190
1182
1147
1168
1115
1124
1118
1088
1100
1107
1113
1089
1093
1094
1080
1090
1086
1086
1091
1097
1073
1106
1099
1126
1142
1165
1188
1171
1194
1248
1234
1226
1302
1312
1290
1349
1339
1380
1375
1383
1387
1436
1428
1426
1427
1448
1459
1475
1451
1517
1496
1519
1552
1539
1562
1563
1576
1596
1606
1588
1619
1622
1604
1617
1597
1598
1598
1552
1576
1578
1534
1529
1547
1552
1522
1501
1527
1517
1480
1478
1482
1485
1503
1502
1499
1496
1544
1494
1499
1487
1488
1444
1491
1496
1524
1494
1511
1530
1537
1524
1584
1589
1553
1633
1673
1663
1656
1758
1745
1782
1819
1849
1846
1936
1925
1988
2016
2047
2090
2095
2095
2129
2162
2178
2194
2220
2194
2160
2187
2163
2170
2141
2152
2136
2143
2113
2129
2113
2121
2108
2127
2080
2097
2066
2052
2026
2015
1998
1965
1959
1983
1917
1902
1815
1836
1794
1796
1755
1749
1757
1741
1719
1683
1717
1658
1678
1637
1621
1578
1582
1601
1626
1578
1584
1609
1603
1624
1617
1673
1684
1729
1767
1776
1829
1825
1844
1884
1894
1892
1891
1880
1893
1889
1861
1886
1896
1875
1877
1863
1899
1847
1868
1856
1858
1868
1854
1826
1867
1827
1842
1892
1865
1869
1875
1858
1845
1858
1861
1821
1813
1790
1768
1791
1759
1700
1736
1720
1691
1655
1675
1668
1648
1634
1638
1638
1636
1670
1636
1673
1677
1682
1677
1688
1720
1770
1849
1810
1794
1826
1852
1858
1878
1897
1882
1872
1892
1875
1895
1875
1903
1912
1911
1910
1915
1978
1926
1955
1970
1982
1998
1993
2033
2072
2042
2050
2083
2046
2064
2052
2045
2027
1991
1967
1896
1885
1875
1821
1845
1813
1821
1782
1758
1804
1759
1774
1793
1784
1768
1811
1817
1813
1828
1860
1861
1863
1872
1870
1854
1840
1836
1823
1829
1787
1778
1702
1723
1700
1678
1758
1747
1753
1758
1785
1840
1891
1899
1932
1969
1971
2000
2011
2011
2050
2066
2066
2112
2064
2139
2122
2132
2131
2176
2155
2155
2168
2167
2167
2202
2189
2221
2222
2246
2284
2302
2321
2347
2386
2356
2394
2396
2372
2395
2372
2366
2309
2293
2268
2273
2236
2214
2209
2181
2191
2226
2242
2278
2280
2276
2297
2283
2336
2380
2422
2417
2499
2468
2491
2553
2560
2545
2516
2548
2535
2528
2540
2498
2492
2449
2430
2437
2414
2392
2395
2374
2351
2297
2309
2305
2298
2285
2299
2275
2274
2284
2254
2270
2259
2242
2208
2215
2183
2195
2191
2189
2181
2184
2185
2172
2198
2198
2187
2197
2223
2349
2217
2249
2254
2281
2304
2339
2286
2283
2304
2278
2295
2281
2270
2294
2298
2250
2255
2204
2228
2211
2204
2263
2221
2207
2232
2235
2258
2240
2228
2246
2225
2227
2233
2205
2221
2190
2215
2245
2201
2176
2166
2179
2166
2109
2097
2084
2029
1977
1990
1961
1896
1862
1839
1833
1812
1732
1724
1675
1719
1625
1664
1643
1636
1669
1594
1650
1663
1677
1714
1763
1776
1824
1878
1878
1944
1953
1958
2011
2014
2037
2058
2073
2110
2104
2143
2122
2109
2134
2175
2164
2179
2184
2163
2193
2115
2154
2109
2129
2147
2069
2108
2077
2080
2050
2075
2040
2021
2037
2033
2052
2072
2072
2081
2064
2090
2124
2125
2158
2149
2153
2192
2231
2230
2257
2282
2278
2285
2280
2274
2295
2284
2278
2270
2263
2281
2255
2266
2216
2216
2166
2169
2167
2153
2184
2178
2164
2166
2140
2163
2220
2195
2174
2189
2167
2185
2185
2208
2211
2239
2228
2239
2283
2253
2264
2282
2301
2299
2301
2350
2362
2318
2302
2317
2283
2273
2300
2297
2328
2304
2269
2305
2317
2333
2331
2333
2327
2327
2255
2271
2233
2244
2249
2251
2258
2298
2315
2365
2379
2378
2403
2434
2497
2501
2535
2537
2592
2626
2639
2675
2697
2711
2763
2787
2776
2810
2788
2781
2752
2726
2742
2691
2695
2691
2657
2680
2673
2695
2669
2605
2561
2569
2546
2544
2501
2481
2529
2497
2517
2485
2484
2504
2507
2559
2559
2689
2570
2623
2605
2630
2648
2673
2659
2665
2683
2659
2620
2554
2535
2466
2419
2341
2337
2270
2240
2254
2247
2226
2251
2254
2273
2290
2299
2326
2334
2376
2364
2379
2427
2396
2427
2473
2491
2534
2534
2580
2576
2540
2637
2536
2532
2509
2500
2490
2535
2496
2509
2515
2552
2507
2506
2542
2555
2563
2545
2556
2572
2575
2603
2604
2618
2671
2641
2689
2653
2636
2657
2613
2614
2614
2577
2631
2577
2546
2529
2529
2502
2510
2460
2436
2416
2395
2440
2397
2412
2349
2353
2347
2337
2315
2318
2309
2313
2271
2204
2215
2198
2212
2177
2162
2157
2171
2205
2224
2251
2272
2222
2234
2251
2204
2197
2194
2213
2159
2205
2173
2158
2145
2119
2114
2079
2045
2000
1976
1943
1890
1909
1881
1873
1850
1873
1899
1919
1913
1893
1924
1931
1907
1891
1921
1912
1942
1933
1963
1964
1937
1959
1953
1961
1883
1867
1888
1882
1868
1836
1827
1896
1763
1767
1741
1721
1679
1687
1700
1640
1663
1647
1645
1674
1695
1729
1747
1800
1798
1828
1890
1922
1963
1970
2000
2051
2077
2151
2186
2188
2275
2298
2406
2402
2422
2461
2491
2560
2536
2570
2580
2555
2549
2558
2601
2566
2578
2602
2575
2563
2532
2505
2521
2500
2441
2452
2429
2408
2379
2384
2353
2341
2268
2239
2193
2198
2158
2166
2170
2187
2200
2200
2215
2194
2200
2237
2248
2301
2259
2305
2342
2386
2372
2378
2394
2434
2423
2352
2347
2366
2306
2313
2307
2310
2266
2258
2273
2288
2290
2323
2309
2298
2313
2332
2342
2421
2444
2469
2542
2609
2625
2701
2730
2834
2772
2789
2800
2768
2728
2735
2683
2666
2603
2609
2612
2590
2538
2475
2498
2478
2418
2423
2412
2420
2366
2414
2440
2431
2498
2511
2585
2609
2634
2675
2715
2692
2725
2693
2694
2715
2672
2639
2617
2584
2637
2506
2476
2469
2400
2390
2381
2361
2299
2290
2282
2267
2259
2231
2316
2295
2299
2352
2363
2371
2400
2411
2467
2452
2443
2492
2528
2547
2572
2572
2635
2652
2683
2691
2701
2716
2740
2795
2786
2810
2746
2774
2800
2793
2811
2776
2781
2774
2745
2726
2739
2755
2713
2724
2707
2704
2692
2646
2701
2631
2607
2585
2606
2553
2509
2529
2526
2506
2476
2486
2495
2492
2480
2443
2441
2438
2416
2448
2445
2444
2442
2428
2420
2446
2449
2451
2439
2411
2348
2373
2367
2387
2339
2341
2331
2349
2294
2311
2316
2341
2271
2277
2286
2279
2231
2215
2231
2220
2236
2194
2236
2228
2250
2229
2321
2291
2295
2312
2310
2351
2366
2392
2400
2459
2450
2494
2518
2520
2492
2562
2585
2575
2524
2525
2535
2546
2503
2478
2490
2438
2417
2378
2409
2396
2413
2373
2375
2345
2397
2337
2368
2337
2314
2322
2308
2304
2256
2217
2222
2232
2188
2180
2201
2221
2198
2200
2228
2248
2281
2273
2346
2391
2434
2472
2478
2503
2513
2529
2571
2615
2597
2609
2589
2602
2539
2539
2577
2555
2461
2470
2393
2396
2315
2305
2277
2301
2246
2226
2222
2243
2218
2207
2224
2188
2167
2178
2182
2188
2162
2173
2165
2172
2156
2175
2220
2200
2217
2294
2306
2303
2295
2257
2264
2241
2167
2168
2155
2197
2102
2034
2033
1994
1913
1945
1921
1976
1921
1933
2058
2071
2083
2118
2206
2388
2270
2303
2346
2359
2380
2403
2434
2449
2393
2421
2400
2405
2291
2277
2248
2191
2157
2128
2108
2072
2017
2048
2076
2090
2057
2088
2124
2154
2225
2238
2280
2344
2340
2365
2421
2470
2443
2471
2510
2544
2498
2527
2578
2594
2519
2549
2525
2495
2491
2426
2467
2467
2401
2423
2419
2441
2406
2388
2416
2466
2456
2443
2503
2497
2464
2490
2503
2530
2464
2478
2510
2557
2515
2547
2604
2585
2596
2583
2619
2623
2636
2661
2670
2695
2699
2727
2726
2740
2780
2773
2809
2855
2812
2809
2857
2904
2842
2913
2920
2876
2871
2891
2932
2967
2915
2886
2902
2912
2857
2839
2852
2813
2746
2718
2713
2671
2640
2622
2562
2541
2523
2442
2455
2407
2324
2406
2315
2323
2249
2256
2240
2285
2192
2204
2214
2164
2164
2160
2152
2190
2054
2085
2126
2052
2038
2063
2071
2026
2044
2068
2074
2116
2073
2133
2148
2202
2133
2159
2237
2265
2226
2238
2284
2311
2269
2276
2295
2319
2276
2288
2312
2269
2220
2190
2255
2158
2135
2125
2129
2136
2078
2050
2062
2094
2040
2011
2026
2027
1982
1923
1963
1925
1866
1896
1866
1835
1767
1744
1772
1768
1717
1717
1738
1739
1677
1657
1680
1662
1591
1595
1587
1557
1542
1524
1545
1570
1520
1514
1516
1504
1465
1448
1476
1471
1443
1438
1469
1451
1416
1447
1452
1441
1446
1454
1465
1442
1423
1414
1460
1429
1421
1376
1431
1430
1405
1420
1445
1460
1431
1471
1533
1536
1564
1555
1603
1651
1618
1683
1705
1739
1731
1762
1853
1846
1849
1907
1945
1898
1897
1884
1969
1921
1903
1929
1918
1945
1926
1918
1966
1920
1901
1855
1858
1904
1829
1926
1850
1887
1815
1846
1813
1851
1783
1790
1769
1777
1701
1671
1745
1736
1722
1759
1773
1793
1778
1755
1792
1843
1786
1830
1879
1931
1919
1954
1977
2017
1983
1972
1968
2002
1950
1951
1926
1922
1863
1846
1833
1838
1819
1801
1852
1853
1846
1842
1864
1863
1846
1875
1902
1911
1942
1942
1940
1951
1920
1928
1951
2056
1920
1956
1926
1918
1913
1908
1898
1890
1845
1891
1894
1872
1872
1856
1839
1853
1830
1835
1823
1844
1822
1825
1846
1864
1869
1873
1898
1946
1920
1924
1934
1969
1979
1986
2036
2080
2095
2104
2103
2141
2147
2141
2147
2190
2176
2169
2161
2197
2177
2189
2216
2307
2173
2168
2191
2166
2174
2141
2174
2127
2147
2070
2076
2107
2083
2036
2026
2062
1980
2034
2064
2027
2050
2060
2119
2134
2127
2178
2205
2180
2230
2186
2274
2238
2233
2303
2200
2243
2195
2214
2255
2160
2150
2170
2152
2128
2083
2062
2039
2011
1978
1961
1950
1934
1884
1845
1852
1858
1783
1751
1735
1721
1687
1756
1649
1650
1615
1631
1579
1551
1530
1473
1431
1389
1310
1273
1245
1202
1146
1140
1099
1094
1085
1034
1026
1001
985
1024
998
997
975
1013
1006
1037
1062
1047
1106
1143
1142
1185
1204
1204
1234
1244
1264
1290
1281
1327
1332
1403
1366
1436
1417
1443
1471
1479
1500
1532
1499
1532
1554
1629
1595
1660
1647
1605
1623
1622
1689
1664
1656
1669
1719
1683
1688
1695
1677
1670
1692
1685
1657
1662
1630
1673
1629
1632
1604
1623
1594
1607
1557
1547
1558
1506
1454
1462
1470
1426
1370
1329
1356
1295
1248
1203
1162
1131
1110
1071
1074
1054
1049
1009
998
1055
974
969
973
1021
974
1017
1038
1041
1076
1074
1128
1152
1139
1158
1255
1271
1267
1289
1352
1435
1409
1445
1495
1543
1496
1559
1619
1610
1609
1614
1655
1660
1618
1628
1638
1665
1624
1611
1641
1692
1642
1676
1675
1677
1714
1708
1709
1677
1681
1713
1737
1764
1758
1760
1800
1791
1831
1807
1835
1816
1788
1843
1806
1839
1852
1858
1847
1798
1827
1806
1798
1840
1783
1832
1840
1836
1831
1839
1832
1875
1831
1853
1841
1842
1909
1872
1839
1821
1847
1826
1821
1835
1834
1852
1813
1840
1817
1853
1842
1872
1830
1810
1853
1906
1853
1894
1879
1898
1884
1871
1928
1905
1890
1981
1942
1955
1928
1886
1889
1914
1896
1891
1890
1918
1916
1910
1927
1925
1880
1914
1906
1927
1894
1853
1884
1911
1857
1867
1883
1909
1923
1893
1905
1894
1903
1861
1918
1911
1907
1855
1895
1903
1844
1800
1843
1812
1801
1751
1775
1753
1696
1709
1764
1758
1755
1721
1717
1753
1712
1768
1789
1770
1762
1759
1798
1791
1787
1758
1767
1828
1801
1810
1904
1762
1785
1740
1751
1717
1681
1681
1663
1673
1615
1620
1619
1639
1591
1606
1595
1605
1616
1594
1591
1599
1594
1607
1663
1612
1609
1620
1611
1640
1646
1604
1683
1620
1594
1609
1582
1586
1541
1534
1544
1555
1515
1529
1513
1510
1492
1500
1497
1467
1467
1447
1450
1411
1434
1418
1420
1532
1399
1374
1421
1395
1396
1412
1420
1391
1381
1365
1380
1400
1341
1377
1374
1442
1377
1441
1357
1407
1365
1372
1372
1398
1368
1341
1367
1383
1301
1319
1349
1348
1287
1331
1330
1394
1294
1325
1313
1380
1314
1302
1322
1324
1323
1270
1288
1327
1338
1348
1298
1339
1331
1322
1343
1331
1343
1311
1318
1358
1286
1333
1292
1290
1285
1263
1317
1325
1271
1246
1288
1282
1271
1268
1264
1260
1228
1217
1236
1192
1200
1219
1207
1204
1187
1133
1126
1112
1118
1113
1106
1116
1042
1057
1076
1121
1069
1050
1049
1124
1074
1088
1078
1096
1063
1103
1107
1113
1131
1081
1096
1160
1114
1152
1136
1165
1143
1133
1167
1163
1126
1142
1160
1169
1120
1137
1148
1200
1181
1163
1206
1192
1142
1148
1182
1179
1165
1189
1188
1171
1131
1135
1137
1154
1146
1129
1120
1109
1105
1135
1130
1135
1109
1096
1089
1107
1064
1103
1117
1105
1070
1093
1149
1101
1060
1113
1103
1114
1053
1036
1051
1057
1016
1078
1068
1056
1025
1091
1062
1082
1037
1083
1079
1091
1053
1087
1107
1094
1056
1133
1114
1089
1100
1061
1064
1098
1060
1043
1060
1054
1039
1033
1082
1078
1020
1054
1083
1027
1022
1056
1012
1044
1022
1043
1017
1097
1047
1066
1062
1034
1026
1037
1003
1032
978
1038
1025
1010
1051
989
1003
992
1004
1022
1120
1041
970
999
1015
1019
1039
1030
1025
1060
1011
1030
1086
1065
1057
1049
1035
1055
981
788
350
352
350
350
350
352
350
349
1050
1007
349
351
350
0
0

