;UFOS3
;Measurement details: channel = Z-D, date = 01.06.2018, time = 17:48:05
Exposure=1539
Gain=0
Temperature=19.8
Accummulate=4
7.64 mu
8.75 amas
6.006 hs
357 ozone
0 uva
0 uvb
0 uve
[Value]
0
1
0
0
0
0
-1
2
-3
-2
0
-1
0
0
-2
-2
0
-3
-1
-5
-2
1
3
2
1
3
2
-1
3
2
3
3
2
-1
0
0
1
1
1
-2
1
-1
4
-1
2
3
2
-2
0
4
0
2
3
0
1
2
0
1
3
3
4
2
4
1
3
4
2
3
-1
2
4
-1
3
3
0
0
5
3
2
0
0
0
-3
3
1
2
-1
-1
1
1
3
1
0
1
4
5
2
0
-2
0
2
0
2
-3
1
2
3
1
2
2
0
1
-2
2
1
4
1
4
-2
-2
2
2
1
-2
0
3
1
3
2
2
0
-1
2
3
4
2
0
2
0
4
3
2
2
1
3
1
2
3
3
1
1
0
1
1
-1
1
3
2
-1
3
1
1
2
1
2
1
3
3
2
3
3
1
3
4
3
-5
5
4
2
1
-1
4
4
3
5
3
4
2
2
2
0
3
1
1
3
0
0
-1
0
2
3
3
5
3
3
3
3
2
3
2
2
4
6
1
2
4
2
5
4
0
5
3
3
0
1
0
5
6
-1
1
2
3
3
2
1
1
0
0
2
4
1
0
-2
3
3
0
2
4
3
3
1
3
2
5
2
5
5
4
4
1
-1
3
2
-2
2
6
5
4
3
-1
1
1
0
0
3
0
3
2
3
-2
4
-3
2
3
1
4
7
1
3
1
3
0
-1
6
0
2
2
2
2
5
1
1
3
1
4
3
4
1
2
4
1
1
2
1
4
0
2
1
3
3
3
0
1
4
2
-1
1
2
3
-1
4
1
3
2
3
0
3
2
4
0
1
6
2
1
0
6
1
0
4
0
2
3
2
3
3
0
1
5
3
2
5
6
0
1
0
3
4
-1
4
3
3
3
-1
4
3
6
4
3
2
2
3
3
1
6
1
4
3
3
3
0
2
4
6
4
3
4
4
1
3
5
3
1
1
5
4
4
6
2
1
4
2
5
4
0
2
3
6
2
3
1
2
3
4
4
5
1
3
2
3
0
4
2
0
4
2
3
3
8
5
2
4
4
7
3
4
1
3
0
3
3
6
4
2
2
8
2
3
3
4
5
4
3
6
5
1
2
3
6
4
4
5
4
4
2
5
2
8
1
5
5
6
5
0
7
5
3
2
3
3
6
0
3
5
5
4
3
3
3
8
5
2
1
6
4
4
2
5
5
3
2
4
0
5
7
0
2
6
7
5
6
2
1
4
6
3
5
4
5
9
4
6
2
4
3
5
6
3
6
5
5
8
2
4
4
6
5
5
4
3
4
5
6
5
3
3
2
3
3
5
1
2
3
4
2
4
5
3
3
6
3
2
6
5
5
3
4
4
1
2
5
3
3
7
9
4
6
4
7
2
5
4
5
2
6
0
4
6
3
3
2
5
3
6
4
4
3
0
2
6
1
6
4
5
5
5
5
2
7
4
6
4
6
4
2
3
2
5
4
4
3
9
3
3
7
5
7
5
3
4
5
6
7
3
4
5
6
4
5
10
5
7
7
6
4
7
1
5
5
3
5
4
4
7
6
6
5
5
5
5
8
5
8
6
7
6
1
6
7
9
4
5
5
4
4
8
3
6
4
4
5
4
3
4
9
5
3
9
5
6
7
8
7
7
5
5
4
6
7
5
8
6
4
7
5
8
7
6
9
4
5
5
4
6
5
7
5
6
5
7
5
7
5
7
6
4
5
9
3
4
6
10
8
7
7
6
7
4
9
10
7
4
11
5
4
5
7
7
4
6
4
7
5
10
11
6
5
9
7
4
8
5
6
5
8
6
3
5
7
7
7
6
11
6
4
7
6
8
8
8
7
10
8
7
11
7
7
8
8
4
9
10
7
7
6
11
7
4
-2
9
8
10
8
4
6
10
8
9
8
10
5
6
11
10
6
6
8
7
7
9
7
7
7
12
6
7
8
8
10
9
9
13
5
10
8
9
10
11
11
10
9
11
10
8
8
9
13
8
9
8
13
11
7
11
10
9
10
6
7
9
6
12
13
12
8
14
13
6
9
11
10
12
8
10
13
8
15
10
11
8
13
12
12
11
12
14
15
12
8
13
8
11
10
9
12
13
10
13
14
14
12
12
14
8
13
17
12
13
8
14
11
16
13
13
12
11
10
14
8
11
14
11
11
15
13
11
12
13
12
12
14
17
13
12
15
15
14
17
19
17
18
15
18
17
18
23
16
18
19
19
16
19
19
18
17
21
21
20
19
18
16
19
18
20
17
17
17
18
15
20
19
23
19
19
22
20
18
19
21
20
19
22
22
19
19
21
22
20
21
17
22
19
22
21
26
21
21
25
20
23
25
25
26
30
26
26
27
30
29
28
28
27
33
31
32
34
30
32
28
34
33
34
33
35
37
37
39
40
40
44
44
42
42
43
47
46
45
46
46
47
47
48
48
49
49
51
52
50
51
51
48
51
49
53
52
54
55
54
54
55
58
60
54
59
60
60
58
64
63
70
66
68
66
68
70
75
71
73
72
73
71
74
74
75
76
77
78
74
72
72
70
78
75
79
77
78
77
81
82
82
84
89
87
88
90
90
98
93
95
94
97
98
98
100
102
103
104
102
104
108
109
113
112
113
117
120
120
127
127
125
130
130
132
132
133
136
127
130
128
125
130
123
117
116
114
119
108
110
113
108
107
106
110
117
115
116
118
121
126
128
137
138
140
146
151
163
161
166
171
172
171
179
179
185
184
183
195
195
197
195
195
202
202
201
205
207
209
209
205
208
212
212
211
211
213
207
207
202
200
198
193
196
193
192
193
200
194
201
209
215
217
220
224
233
239
249
254
266
277
288
299
308
316
330
333
345
345
350
344
350
348
352
347
355
344
336
337
335
332
325
325
324
320
318
316
315
322
318
323
328
329
327
336
348
356
362
372
381
394
402
405
428
438
446
465
471
479
497
509
518
531
553
546
554
554
560
549
556
556
548
544
537
533
526
523
520
518
513
509
509
511
515
525
520
530
535
534
540
545
535
539
540
541
537
536
537
529
527
520
519
500
500
481
470
454
442
437
425
421
421
414
412
420
419
424
432
441
446
448
460
471
481
486
504
515
531
539
550
562
579
596
605
620
640
644
657
669
677
688
703
705
715
719
730
729
738
742
735
731
731
728
729
727
710
703
696
696
686
678
670
659
655
646
639
640
640
635
631
629
631
632
634
624
633
635
634
646
652
662
677
693
710
720
746
761
774
793
825
833
854
865
885
902
921
925
944
952
961
963
975
985
995
1005
1020
1033
1036
1051
1070
1075
1088
1091
1107
1114
1129
1122
1124
1123
1130
1129
1129
1125
1119
1112
1111
1105
1093
1087
1075
1069
1055
1042
1042
1026
1027
1034
1028
1035
1033
1038
1029
1031
1034
1018
1021
1029
1032
1019
1030
1030
1041
1047
1063
1065
1084
1081
1103
1119
1132
1145
1186
1204
1223
1272
1291
1314
1343
1377
1391
1421
1465
1499
1523
1552
1589
1608
1641
1662
1691
1698
1713
1719
1726
1710
1705
1704
1684
1685
1679
1661
1666
1651
1657
1648
1648
1639
1641
1623
1619
1605
1587
1565
1560
1540
1515
1496
1487
1445
1428
1385
1360
1334
1312
1296
1279
1280
1272
1263
1246
1229
1205
1186
1168
1145
1141
1133
1126
1136
1128
1122
1139
1136
1160
1180
1202
1218
1246
1278
1306
1337
1371
1381
1399
1407
1415
1429
1415
1412
1418
1413
1404
1402
1418
1404
1404
1395
1395
1378
1374
1376
1373
1356
1360
1365
1369
1366
1376
1386
1390
1394
1382
1384
1379
1370
1357
1337
1325
1305
1295
1276
1252
1250
1248
1231
1227
1213
1212
1193
1188
1183
1181
1168
1170
1165
1179
1182
1197
1216
1240
1254
1286
1320
1332
1342
1368
1383
1402
1417
1409
1411
1401
1404
1402
1422
1416
1432
1440
1441
1453
1463
1468
1469
1477
1484
1498
1500
1525
1541
1566
1571
1577
1574
1590
1582
1578
1564
1537
1503
1479
1438
1407
1385
1367
1345
1329
1315
1314
1301
1304
1290
1298
1311
1314
1308
1322
1330
1344
1359
1381
1380
1392
1407
1403
1402
1395
1371
1363
1339
1316
1280
1272
1257
1243
1230
1238
1253
1272
1292
1329
1358
1390
1424
1462
1494
1508
1526
1553
1553
1574
1579
1613
1634
1630
1650
1660
1672
1675
1677
1676
1672
1680
1693
1706
1725
1736
1752
1770
1775
1817
1832
1859
1887
1914
1913
1921
1908
1904
1900
1879
1873
1830
1830
1796
1780
1758
1734
1730
1721
1729
1750
1762
1771
1788
1794
1802
1830
1861
1892
1936
1956
1991
2020
2040
2062
2076
2072
2066
2061
2045
2048
2038
2023
2010
1999
1980
1946
1943
1918
1912
1888
1865
1837
1838
1834
1828
1831
1818
1817
1811
1800
1782
1782
1767
1735
1721
1717
1729
1712
1725
1706
1701
1700
1702
1711
1706
1710
1725
1720
1737
1764
1764
1780
1785
1807
1823
1821
1830
1816
1825
1824
1825
1813
1814
1810
1795
1784
1763
1757
1747
1742
1739
1741
1749
1750
1767
1752
1771
1776
1768
1766
1747
1740
1743
1740
1744
1739
1748
1726
1731
1716
1697
1692
1670
1641
1612
1600
1573
1530
1498
1466
1425
1391
1360
1331
1297
1265
1235
1207
1202
1178
1180
1148
1159
1169
1159
1176
1195
1209
1248
1270
1313
1353
1397
1431
1467
1499
1511
1534
1550
1567
1589
1595
1619
1642
1659
1668
1688
1681
1701
1688
1700
1708
1698
1683
1673
1660
1646
1631
1627
1610
1612
1604
1599
1581
1576
1573
1572
1575
1574
1578
1586
1591
1597
1597
1622
1637
1653
1670
1689
1700
1735
1755
1776
1803
1816
1821
1815
1822
1829
1815
1812
1811
1814
1805
1796
1784
1763
1731
1712
1704
1706
1698
1698
1692
1699
1682
1678
1696
1708
1705
1713
1708
1721
1720
1724
1731
1738
1739
1759
1761
1767
1781
1787
1793
1820
1816
1839
1839
1846
1845
1842
1834
1824
1824
1832
1830
1832
1838
1827
1818
1845
1859
1865
1870
1866
1846
1838
1817
1784
1770
1775
1781
1795
1808
1830
1849
1877
1887
1921
1946
1978
2003
2028
2055
2091
2120
2157
2193
2224
2255
2263
2285
2321
2334
2337
2329
2320
2300
2278
2265
2249
2229
2225
2216
2220
2208
2190
2167
2154
2117
2113
2084
2066
2062
2053
2043
2043
2044
2035
2047
2067
2067
2099
2106
2105
2127
2169
2160
2162
2184
2193
2190
2209
2206
2188
2151
2102
2065
2009
1956
1903
1860
1821
1798
1787
1783
1793
1791
1797
1805
1828
1843
1872
1876
1899
1901
1928
1942
1960
1981
2012
2043
2071
2079
2090
2097
2099
2094
2093
2076
2064
2052
2037
2043
2038
2040
2049
2060
2060
2054
2074
2081
2088
2089
2090
2111
2118
2141
2155
2167
2182
2203
2226
2212
2191
2176
2171
2149
2142
2130
2137
2120
2102
2092
2066
2048
2033
2001
1987
1980
1962
1938
1936
1922
1908
1894
1884
1886
1873
1864
1839
1815
1784
1756
1754
1731
1721
1704
1714
1715
1726
1733
1761
1786
1807
1788
1775
1768
1754
1728
1734
1726
1729
1721
1718
1692
1686
1658
1634
1603
1569
1544
1510
1475
1452
1431
1404
1405
1408
1415
1443
1446
1456
1454
1459
1456
1456
1455
1453
1462
1474
1478
1487
1501
1495
1486
1486
1472
1457
1433
1423
1409
1397
1387
1378
1369
1338
1318
1291
1266
1234
1210
1203
1196
1199
1200
1210
1212
1236
1257
1294
1315
1361
1387
1426
1457
1468
1518
1549
1592
1632
1689
1727
1767
1833
1874
1922
1954
1982
2020
2035
2060
2083
2096
2100
2102
2117
2119
2152
2141
2153
2124
2114
2108
2108
2080
2054
2037
2022
1994
1966
1958
1936
1929
1899
1868
1820
1790
1758
1730
1709
1711
1710
1711
1735
1734
1750
1757
1760
1763
1801
1812
1833
1848
1867
1879
1920
1934
1945
1949
1949
1929
1916
1895
1877
1852
1844
1821
1809
1825
1836
1842
1856
1839
1829
1837
1852
1863
1884
1938
1997
2032
2099
2148
2199
2244
2288
2315
2346
2358
2353
2340
2307
2276
2245
2235
2208
2186
2170
2133
2107
2069
2044
2014
1993
1958
1967
1961
1950
1960
1987
1993
2047
2095
2141
2176
2216
2232
2273
2268
2284
2276
2281
2271
2241
2197
2167
2126
2111
2082
2051
2017
1992
1947
1917
1891
1875
1848
1848
1825
1834
1834
1843
1867
1870
1904
1925
1944
1957
1979
1997
1997
2024
2052
2089
2121
2149
2175
2189
2221
2238
2267
2275
2296
2316
2336
2342
2347
2355
2355
2372
2350
2350
2328
2349
2328
2329
2324
2303
2311
2295
2295
2274
2269
2253
2232
2207
2198
2184
2169
2151
2131
2117
2106
2093
2072
2063
2051
2054
2017
2020
2020
2012
2006
2020
2012
2015
1980
2003
2000
2014
1994
2004
1993
1979
1966
1956
1939
1933
1932
1923
1913
1907
1902
1880
1877
1880
1853
1863
1846
1847
1831
1816
1805
1800
1788
1789
1789
1789
1795
1791
1807
1837
1837
1866
1881
1895
1907
1946
1959
1985
2011
2032
2061
2082
2094
2109
2115
2134
2131
2133
2138
2128
2115
2099
2069
2034
2016
1989
1967
1965
1965
1974
1947
1950
1932
1927
1936
1916
1908
1925
1894
1885
1872
1838
1808
1777
1772
1775
1751
1760
1760
1761
1761
1783
1799
1841
1874
1904
1960
2006
2034
2058
2070
2090
2121
2150
2182
2191
2197
2183
2173
2146
2129
2109
2096
2059
2019
1983
1944
1910
1886
1853
1833
1821
1812
1805
1820
1810
1793
1785
1762
1758
1750
1755
1736
1746
1726
1734
1705
1724
1740
1769
1784
1817
1827
1850
1857
1850
1837
1822
1798
1771
1750
1722
1696
1648
1609
1570
1524
1495
1491
1484
1508
1509
1520
1560
1605
1656
1693
1729
1787
1839
1880
1920
1943
1981
1995
2007
2018
1998
1978
1968
1931
1896
1845
1801
1756
1717
1679
1645
1626
1621
1605
1616
1633
1652
1659
1699
1727
1754
1808
1871
1895
1937
1965
1991
2019
2056
2075
2110
2124
2135
2135
2148
2145
2142
2136
2114
2103
2083
2056
2048
2039
2019
1991
2001
2015
2007
1990
2001
2008
2044
2049
2067
2080
2086
2076
2091
2082
2085
2087
2090
2113
2134
2133
2158
2180
2194
2202
2223
2221
2246
2239
2280
2287
2300
2314
2335
2349
2360
2379
2404
2416
2428
2433
2454
2451
2469
2476
2498
2481
2499
2505
2509
2526
2527
2516
2506
2491
2480
2456
2446
2412
2382
2345
2286
2279
2230
2201
2171
2126
2101
2048
2032
1999
1961
1933
1911
1886
1865
1833
1848
1825
1814
1784
1782
1771
1759
1738
1722
1703
1680
1662
1662
1630
1624
1617
1625
1611
1623
1657
1662
1676
1687
1692
1715
1732
1750
1770
1801
1830
1851
1867
1869
1885
1870
1861
1879
1879
1866
1881
1865
1835
1823
1810
1781
1757
1748
1724
1712
1696
1676
1659
1646
1655
1633
1612
1603
1584
1559
1547
1520
1490
1453
1427
1399
1384
1352
1339
1334
1319
1308
1302
1293
1284
1273
1240
1231
1200
1178
1160
1143
1129
1108
1089
1093
1091
1081
1072
1070
1052
1049
1032
1022
1021
1014
1000
1008
1012
997
999
1003
1004
1008
999
1007
1005
1000
989
989
982
971
969
963
963
970
980
1000
1015
1025
1044
1079
1089
1127
1144
1164
1182
1201
1242
1260
1296
1320
1349
1396
1419
1443
1460
1478
1488
1486
1498
1507
1503
1506
1512
1521
1506
1510
1526
1516
1503
1481
1449
1445
1434
1427
1442
1446
1432
1422
1419
1414
1393
1371
1358
1339
1318
1293
1281
1295
1319
1325
1335
1333
1354
1353
1360
1374
1383
1402
1447
1483
1496
1535
1544
1561
1596
1594
1570
1580
1574
1557
1532
1521
1492
1483
1461
1429
1420
1403
1395
1416
1421
1438
1442
1454
1457
1453
1457
1469
1482
1511
1525
1541
1541
1538
1545
1553
1545
1528
1527
1520
1509
1508
1482
1483
1472
1475
1480
1474
1462
1461
1446
1446
1438
1433
1423
1429
1417
1435
1440
1441
1450
1458
1471
1489
1509
1524
1540
1550
1573
1602
1622
1651
1669
1691
1716
1722
1740
1754
1771
1772
1786
1776
1775
1803
1797
1804
1819
1817
1823
1815
1785
1791
1776
1774
1783
1760
1717
1709
1703
1683
1678
1677
1659
1651
1643
1620
1644
1642
1654
1678
1705
1727
1738
1762
1793
1814
1802
1826
1822
1843
1848
1862
1856
1839
1828
1829
1821
1817
1796
1764
1761
1756
1716
1690
1676
1651
1606
1594
1549
1537
1514
1503
1469
1460
1430
1408
1367
1344
1314
1298
1267
1251
1227
1206
1181
1164
1133
1112
1059
1015
956
887
838
790
756
714
681
653
624
603
588
567
551
544
538
538
530
546
553
572
586
603
624
654
687
706
733
755
769
796
808
820
848
872
897
921
953
966
996
1014
1042
1054
1076
1089
1105
1107
1124
1149
1159
1174
1189
1205
1216
1234
1246
1256
1265
1267
1267
1284
1278
1291
1282
1281
1276
1278
1269
1261
1255
1242
1240
1237
1229
1218
1213
1200
1173
1169
1145
1125
1098
1077
1054
1021
993
970
915
877
837
798
750
712
690
652
627
611
592
587
564
554
554
542
527
533
537
536
552
571
587
604
627
654
682
714
749
780
815
853
889
923
968
1002
1026
1064
1097
1117
1140
1175
1196
1209
1210
1234
1240
1254
1248
1251
1240
1242
1246
1255
1272
1273
1281
1283
1290
1289
1296
1306
1302
1316
1339
1351
1360
1386
1392
1405
1417
1432
1433
1451
1452
1451
1455
1450
1457
1458
1457
1457
1435
1441
1437
1433
1433
1451
1441
1445
1447
1446
1447
1456
1457
1452
1473
1480
1475
1483
1480
1460
1453
1436
1428
1429
1436
1432
1444
1453
1447
1449
1462
1459
1461
1468
1462
1471
1480
1494
1497
1500
1505
1528
1528
1544
1549
1546
1556
1546
1546
1535
1532
1534
1521
1521
1534
1535
1520
1532
1534
1534
1529
1541
1526
1535
1530
1549
1519
1528
1506
1503
1504
1506
1511
1519
1519
1524
1524
1525
1532
1542
1524
1524
1507
1509
1500
1486
1465
1458
1438
1413
1393
1371
1353
1324
1327
1340
1335
1342
1349
1344
1355
1353
1367
1386
1391
1390
1395
1411
1413
1418
1404
1408
1420
1422
1414
1421
1404
1402
1388
1360
1339
1309
1292
1285
1258
1240
1233
1229
1233
1206
1203
1217
1214
1220
1212
1207
1215
1215
1229
1229
1234
1256
1255
1260
1270
1262
1247
1253
1223
1210
1198
1203
1186
1171
1155
1151
1140
1139
1132
1120
1119
1115
1112
1082
1079
1071
1042
1047
1027
1027
1024
1023
1026
1025
1005
1000
989
989
986
977
978
973
983
980
980
970
974
988
984
982
975
969
967
956
957
956
958
959
947
951
937
924
900
910
908
903
907
912
921
913
918
924
920
917
910
912
904
911
896
912
914
916
903
908
903
922
919
917
912
922
920
921
918
902
895
894
898
886
880
885
882
877
880
882
878
863
850
850
838
828
803
787
773
781
772
774
768
748
729
716
704
695
678
684
676
658
654
653
646
642
638
636
646
644
651
647
656
658
659
656
656
667
671
685
695
707
718
718
721
726
732
721
726
730
728
731
719
711
722
726
733
742
739
752
745
744
742
747
738
744
743
737
731
723
725
721
713
710
705
714
710
705
704
706
698
698
689
685
689
682
682
684
677
680
662
676
652
647
652
644
645
630
620
614
617
619
621
616
618
633
634
632
636
634
637
640
649
659
653
669
659
664
674
670
667
666
653
651
647
639
638
630
627
631
620
618
620
613
611
618
613
608
610
603
608
610
606
612
608
617
616
616
607
609
595
588
585
585
587
581
578
581
579
574
566
568
576
578
579
573
572
584
581
589
584
598
608
605
609
609
616
625
624
626
619
560
329
0
-2
0
-2
-3
0
0
-1
625
592
-1
0
-1
0
0

