;UFOS3
;Measurement details: channel = Z-D, date = 01.06.2018, time = 18:08:29
Exposure=2318
Gain=0
Temperature=19.2
Accummulate=4
9.529 mu
12.774 amas
3.97 hs
491 ozone
0 uva
0 uvb
0 uve
[Value]
0
0
-1
0
-1
-1
0
0
-4
0
0
2
1
0
0
-2
4
1
2
-4
-4
3
1
1
1
-1
4
-1
1
2
3
1
2
2
2
5
1
3
6
3
-2
1
-1
0
4
4
4
0
1
4
3
0
0
1
0
3
4
2
-2
3
-2
1
0
5
1
4
3
1
3
1
2
-1
1
1
1
0
4
2
3
1
0
2
-1
2
-3
4
4
0
2
4
1
0
-3
4
3
0
2
4
1
1
-1
1
2
4
1
-2
3
2
1
3
2
5
-1
0
1
1
1
3
2
3
1
5
3
1
3
2
0
1
1
3
4
0
1
1
2
3
3
3
5
2
-1
1
4
5
6
2
1
6
2
5
2
4
0
4
2
-1
-1
1
6
2
2
2
2
-1
3
2
5
2
5
2
2
0
2
4
4
0
1
6
3
2
3
3
-3
4
1
1
2
-1
5
0
-2
3
3
5
0
0
6
4
4
4
4
5
1
4
4
3
5
0
0
2
3
5
5
3
0
2
-1
2
5
2
2
2
2
3
2
5
0
3
2
3
3
0
3
0
-1
3
1
3
-2
-1
1
2
-1
4
2
-1
3
0
0
5
2
2
4
3
3
3
1
4
1
-1
4
1
2
2
1
1
3
2
3
4
3
3
1
0
1
4
3
6
2
0
2
2
2
4
1
1
5
-1
4
6
1
1
2
5
2
3
3
1
0
2
0
3
1
1
5
2
1
7
3
4
5
6
0
5
3
6
5
1
5
1
1
4
1
5
3
5
3
2
1
6
5
4
2
4
1
4
7
2
2
3
3
3
6
1
4
6
3
0
7
1
3
3
1
3
2
1
2
3
0
4
0
3
4
-3
2
4
3
2
2
3
6
6
4
6
3
7
3
0
3
3
1
5
5
2
3
0
2
6
3
3
3
4
4
6
2
1
1
3
6
-1
5
3
8
5
4
3
3
5
1
6
2
4
2
-1
0
5
4
1
5
4
1
4
2
-1
3
6
5
5
2
9
3
3
4
1
7
2
4
3
1
4
4
3
-1
3
5
2
5
5
4
0
4
5
1
3
1
4
3
4
3
3
5
2
8
2
5
1
3
4
4
4
4
2
7
4
5
6
7
1
2
1
4
5
10
3
5
5
5
5
3
6
4
1
4
5
6
5
2
5
-83
3
3
4
5
4
5
3
7
5
3
5
4
4
6
3
3
4
5
8
5
6
7
0
2
5
7
5
4
5
6
7
1
4
2
8
5
6
2
7
5
7
3
7
5
7
7
4
9
1
6
4
6
4
5
5
4
6
5
3
3
3
3
6
5
5
0
6
3
4
4
7
2
2
4
2
0
6
0
7
2
2
6
5
7
6
3
1
5
9
3
5
4
5
8
5
3
1
2
4
8
9
6
7
3
6
5
1
8
5
3
3
5
6
6
6
7
3
5
2
6
6
7
7
3
5
2
7
7
5
6
5
5
7
5
8
6
3
4
6
5
1
5
6
3
6
8
0
10
5
8
7
2
3
7
9
6
8
3
8
6
1
2
3
7
4
4
2
5
6
4
5
4
5
8
4
4
5
6
6
3
4
6
5
6
5
6
5
5
6
8
7
3
7
4
5
2
5
6
4
3
4
8
6
3
4
2
5
1
4
9
6
4
7
4
7
7
7
5
5
5
5
8
6
7
12
8
7
7
6
5
4
6
7
6
6
8
7
3
4
6
7
6
6
9
6
10
4
6
5
9
8
8
6
11
3
7
5
8
7
6
6
11
7
11
8
9
5
8
8
4
7
7
7
9
3
7
6
4
7
5
9
7
8
6
5
4
5
8
5
8
12
9
7
7
7
11
8
10
8
7
10
10
8
9
8
7
8
6
15
4
8
10
6
7
11
9
9
6
6
7
14
8
10
8
4
12
8
8
9
9
6
10
4
7
10
11
9
5
5
11
7
6
8
9
10
11
10
8
7
9
10
10
9
11
10
10
8
8
7
11
10
6
6
7
8
10
10
8
6
9
10
9
10
6
9
11
10
9
10
9
7
13
10
10
10
10
13
13
11
12
10
7
11
9
9
9
13
11
10
14
12
11
12
11
10
12
11
8
15
9
13
9
12
15
4
8
11
9
9
9
16
10
13
13
11
13
9
12
11
13
17
11
13
12
13
15
7
14
14
14
14
12
15
16
15
15
11
13
16
15
14
16
20
15
15
18
16
15
11
15
14
12
18
17
17
16
16
14
16
19
18
17
14
17
15
18
14
16
16
14
14
16
17
22
17
17
17
15
17
14
15
17
14
16
19
17
20
16
16
16
23
20
20
21
20
20
22
20
22
20
24
22
19
18
21
21
18
19
26
21
27
26
24
24
24
24
26
27
24
26
29
27
29
27
26
32
35
29
33
34
32
33
36
34
33
39
38
39
36
35
36
37
37
43
39
39
39
39
37
38
41
40
36
41
41
46
43
43
43
42
48
48
44
48
45
45
49
48
52
49
51
50
53
56
58
56
56
54
56
55
53
58
55
55
56
55
60
57
56
60
57
57
53
54
57
57
57
65
62
67
60
64
64
65
70
67
68
70
70
70
71
70
70
74
73
73
77
77
76
75
83
87
79
85
84
88
88
93
89
95
95
96
94
95
96
95
94
94
96
94
89
92
83
85
85
80
87
81
80
81
81
81
79
82
79
84
86
94
91
93
97
98
101
104
111
120
117
122
125
123
125
124
130
129
132
134
140
139
138
137
148
147
150
148
149
152
150
149
150
151
153
150
152
153
156
148
153
143
146
149
139
143
141
145
136
145
142
147
150
162
148
157
164
169
177
176
188
196
207
214
215
231
234
246
246
259
254
264
260
260
259
259
261
257
252
255
250
250
243
240
247
238
235
233
234
237
234
233
239
240
242
246
248
251
260
266
270
276
285
297
303
313
324
330
337
347
359
370
376
388
397
411
411
413
416
425
418
419
411
418
419
406
412
404
405
402
402
390
396
397
393
403
405
409
408
409
412
410
409
411
409
416
409
409
403
404
407
396
391
389
383
370
365
353
342
338
325
321
318
317
316
313
316
324
320
327
334
345
340
357
359
370
375
389
404
417
420
431
437
461
473
483
495
506
515
529
530
551
551
563
558
583
582
589
589
585
592
591
594
587
582
583
583
576
562
553
557
547
537
523
522
516
510
504
505
499
501
494
504
500
495
489
498
492
494
500
499
508
520
536
545
561
568
591
598
616
632
649
668
678
693
709
727
741
752
763
774
779
785
794
807
812
827
837
853
857
865
877
887
900
908
911
924
935
924
933
940
927
928
929
931
921
905
918
907
902
891
878
871
865
844
849
835
833
827
831
825
834
835
833
834
828
827
823
821
815
824
824
821
841
846
856
855
878
876
900
905
925
947
972
985
1015
1045
1069
1090
1111
1144
1172
1195
1231
1254
1282
1314
1337
1364
1369
1403
1434
1445
1448
1463
1463
1459
1446
1439
1430
1429
1430
1424
1424
1407
1402
1404
1395
1388
1384
1370
1369
1345
1345
1321
1300
1283
1262
1248
1235
1209
1190
1156
1125
1111
1098
1077
1057
1055
1053
1047
1035
1012
999
988
963
946
934
928
934
932
937
934
940
948
972
976
997
1030
1045
1075
1114
1128
1166
1172
1194
1195
1199
1203
1210
1206
1220
1209
1202
1204
1207
1202
1205
1194
1195
1185
1191
1191
1182
1180
1176
1170
1172
1182
1196
1196
1203
1205
1200
1189
1186
1182
1162
1149
1136
1119
1104
1094
1079
1062
1058
1052
1046
1032
1031
1012
996
997
1008
983
985
985
993
996
1008
1029
1056
1062
1090
1123
1137
1156
1167
1186
1201
1208
1209
1215
1212
1205
1209
1222
1226
1237
1242
1246
1260
1259
1262
1272
1284
1297
1304
1306
1323
1350
1369
1368
1370
1367
1378
1378
1374
1354
1340
1306
1290
1253
1235
1211
1191
1171
1161
1150
1147
1138
1129
1130
1129
1141
1133
1136
1140
1156
1166
1182
1197
1196
1208
1217
1216
1210
1209
1185
1177
1155
1124
1114
1088
1072
1069
1065
1056
1075
1095
1111
1134
1164
1194
1218
1242
1274
1294
1320
1333
1336
1349
1367
1377
1408
1404
1428
1440
1444
1450
1454
1456
1460
1461
1479
1484
1502
1516
1535
1547
1558
1580
1591
1622
1641
1673
1667
1665
1672
1666
1660
1641
1639
1590
1596
1570
1547
1532
1510
1508
1507
1524
1521
1549
1555
1562
1566
1578
1605
1626
1650
1702
1708
1743
1761
1769
1798
1801
1799
1799
1787
1783
1777
1776
1768
1738
1735
1714
1703
1688
1676
1661
1636
1613
1593
1606
1594
1595
1593
1589
1597
1584
1577
1570
1563
1544
1529
1510
1493
1509
1515
1509
1498
1491
1499
1494
1495
1506
1515
1520
1512
1521
1537
1555
1562
1581
1592
1599
1613
1605
1606
1601
1607
1610
1602
1592
1591
1583
1564
1558
1553
1532
1530
1530
1531
1539
1533
1549
1547
1552
1564
1566
1553
1538
1533
1533
1532
1529
1531
1536
1521
1524
1510
1495
1492
1462
1438
1412
1408
1375
1345
1325
1280
1254
1214
1198
1160
1131
1103
1086
1060
1053
1036
1029
1019
1017
1021
1018
1031
1044
1055
1096
1117
1160
1193
1222
1254
1286
1317
1336
1353
1368
1377
1397
1413
1434
1445
1461
1470
1484
1484
1504
1498
1499
1505
1493
1482
1470
1458
1452
1440
1430
1419
1414
1406
1412
1393
1390
1382
1386
1392
1385
1389
1396
1400
1413
1415
1423
1437
1457
1472
1490
1492
1529
1554
1572
1573
1601
1602
1603
1611
1603
1599
1597
1595
1595
1601
1581
1567
1560
1532
1523
1502
1504
1486
1502
1499
1496
1490
1470
1497
1505
1506
1515
1508
1514
1522
1518
1529
1536
1524
1547
1551
1552
1569
1580
1587
1605
1604
1604
1619
1628
1641
1629
1619
1612
1605
1612
1607
1626
1623
1619
1614
1619
1639
1637
1650
1647
1638
1625
1596
1586
1566
1571
1577
1586
1584
1619
1637
1651
1664
1691
1721
1749
1759
1790
1815
1839
1880
1907
1932
1950
1976
2006
2031
2050
2051
2063
2039
2045
2036
2004
2001
1987
1967
1960
1945
1963
1954
1931
1899
1905
1870
1865
1840
1825
1810
1806
1802
1803
1797
1800
1812
1823
1813
1833
1856
1844
1882
1904
1898
1898
1926
1932
1933
1948
1941
1928
1894
1852
1824
1780
1728
1678
1644
1604
1593
1582
1575
1577
1575
1594
1592
1612
1628
1646
1666
1684
1693
1702
1726
1740
1753
1779
1790
1810
1841
1853
1846
1853
1839
1840
1835
1819
1811
1805
1804
1795
1791
1807
1816
1821
1821
1820
1840
1847
1847
1855
1870
1880
1891
1899
1922
1919
1945
1947
1951
1929
1923
1915
1903
1892
1883
1882
1871
1863
1840
1828
1797
1794
1777
1762
1746
1726
1719
1705
1700
1691
1673
1673
1665
1667
1642
1621
1612
1576
1556
1543
1531
1521
1494
1505
1523
1530
1529
1553
1589
1600
1590
1565
1568
1547
1539
1539
1538
1525
1519
1512
1499
1486
1470
1450
1414
1389
1377
1337
1312
1283
1271
1248
1250
1243
1255
1279
1283
1288
1290
1285
1297
1277
1299
1289
1294
1301
1307
1312
1331
1320
1318
1316
1293
1293
1270
1269
1257
1254
1231
1219
1216
1189
1160
1147
1118
1102
1074
1061
1061
1071
1065
1074
1084
1094
1118
1149
1159
1210
1235
1259
1290
1313
1343
1387
1406
1458
1494
1527
1576
1629
1658
1701
1731
1761
1788
1812
1826
1851
1842
1859
1867
1889
1881
1910
1896
1907
1889
1873
1883
1863
1848
1834
1804
1789
1757
1746
1739
1720
1708
1688
1661
1616
1586
1559
1534
1523
1510
1523
1522
1536
1540
1545
1550
1567
1576
1591
1611
1627
1634
1653
1674
1695
1716
1733
1728
1739
1697
1685
1672
1668
1648
1629
1613
1610
1624
1626
1631
1631
1635
1631
1625
1640
1664
1670
1718
1771
1802
1858
1900
1948
1981
2030
2050
2079
2088
2076
2081
2033
2020
1992
1965
1943
1926
1911
1898
1871
1826
1802
1786
1767
1728
1749
1734
1733
1741
1762
1773
1821
1854
1907
1920
1975
1977
2003
2016
2017
2009
2022
2018
1986
1940
1922
1878
1875
1835
1829
1803
1763
1732
1703
1686
1666
1637
1641
1621
1627
1631
1637
1650
1661
1684
1715
1720
1730
1759
1770
1788
1803
1824
1850
1869
1904
1919
1942
1953
1974
2023
2016
2027
2044
2064
2075
2087
2082
2073
2088
2084
2087
2059
2082
2061
2062
2060
2046
2053
2036
2021
2015
2010
2011
1988
1961
1949
1943
1932
1904
1888
1881
1870
1857
1845
1842
1827
1821
1792
1789
1787
1787
1784
1797
1778
1783
1763
1778
1771
1777
1771
1774
1764
1751
1742
1726
1727
1709
1707
1704
1699
1699
1686
1671
1667
1662
1646
1653
1644
1633
1622
1612
1596
1583
1587
1591
1589
1594
1590
1600
1601
1634
1644
1654
1668
1688
1687
1719
1748
1769
1784
1806
1836
1853
1866
1872
1885
1889
1890
1893
1890
1889
1875
1859
1830
1798
1782
1759
1750
1756
1741
1741
1732
1734
1728
1718
1717
1708
1709
1712
1687
1665
1663
1625
1615
1584
1573
1574
1550
1566
1563
1559
1574
1585
1606
1632
1671
1689
1735
1787
1804
1824
1840
1868
1885
1922
1926
1948
1937
1935
1907
1917
1886
1869
1849
1821
1794
1758
1726
1705
1666
1651
1633
1619
1609
1606
1608
1614
1589
1583
1579
1554
1549
1563
1547
1543
1530
1537
1518
1523
1546
1569
1578
1617
1615
1637
1650
1647
1629
1618
1598
1574
1557
1540
1509
1475
1430
1397
1361
1332
1324
1319
1340
1342
1360
1388
1433
1467
1503
1548
1590
1635
1675
1714
1728
1759
1759
1782
1790
1776
1755
1754
1719
1688
1642
1602
1553
1523
1490
1463
1449
1445
1446
1452
1453
1466
1479
1503
1531
1574
1619
1663
1675
1730
1746
1770
1795
1827
1848
1867
1875
1898
1892
1897
1896
1890
1901
1884
1861
1850
1828
1824
1803
1783
1768
1771
1777
1783
1779
1782
1787
1811
1820
1840
1836
1842
1844
1857
1841
1855
1853
1854
1873
1903
1896
1910
1938
1946
1956
1977
1977
1987
1977
2029
2026
2043
2060
2077
2081
2089
2120
2139
2134
2147
2155
2176
2167
2199
2183
2201
2208
2222
2221
2219
2215
2234
2226
2220
2209
2191
2181
2148
2138
2106
2073
2038
2014
1975
1954
1931
1891
1864
1827
1804
1765
1742
1708
1688
1669
1672
1632
1633
1621
1611
1601
1586
1574
1563
1539
1532
1513
1497
1473
1471
1443
1444
1443
1450
1448
1453
1468
1480
1506
1508
1521
1527
1535
1558
1579
1597
1626
1634
1656
1665
1667
1667
1666
1677
1671
1667
1672
1656
1637
1625
1602
1581
1566
1558
1522
1526
1512
1488
1482
1464
1462
1452
1427
1429
1411
1393
1379
1358
1323
1291
1278
1247
1229
1214
1197
1183
1180
1172
1165
1149
1145
1124
1108
1099
1067
1046
1040
1024
1006
994
981
975
979
971
961
953
943
931
929
921
920
900
899
896
892
899
889
892
898
908
894
902
889
896
884
880
870
875
863
859
866
860
882
895
903
915
944
963
979
1000
1025
1027
1059
1076
1105
1129
1160
1180
1202
1238
1274
1282
1296
1320
1320
1321
1339
1333
1348
1343
1351
1346
1344
1353
1352
1344
1327
1316
1298
1288
1269
1267
1281
1274
1281
1260
1264
1256
1235
1225
1217
1185
1173
1159
1142
1155
1183
1182
1200
1188
1211
1215
1217
1225
1238
1257
1284
1315
1332
1356
1360
1397
1410
1413
1413
1413
1406
1384
1356
1353
1327
1314
1301
1282
1262
1247
1241
1266
1275
1275
1285
1292
1287
1295
1291
1311
1315
1351
1352
1368
1371
1358
1378
1376
1373
1362
1367
1356
1346
1337
1316
1323
1316
1316
1316
1307
1301
1293
1291
1273
1286
1278
1263
1268
1262
1288
1283
1285
1288
1314
1318
1338
1353
1359
1363
1384
1405
1432
1440
1466
1485
1506
1527
1526
1552
1557
1563
1583
1583
1569
1585
1586
1591
1602
1617
1617
1618
1614
1592
1589
1570
1584
1572
1556
1535
1523
1517
1495
1499
1482
1478
1469
1468
1445
1448
1464
1457
1502
1524
1534
1551
1565
1603
1609
1611
1635
1623
1638
1660
1664
1646
1641
1637
1620
1606
1612
1591
1572
1571
1551
1531
1516
1498
1463
1424
1418
1390
1371
1354
1338
1305
1294
1267
1253
1220
1198
1166
1145
1128
1113
1091
1078
1057
1037
1008
987
944
890
845
790
749
709
675
636
609
580
559
538
525
506
493
493
486
479
487
489
495
515
530
549
565
590
615
637
665
674
701
713
727
742
762
776
807
821
844
872
896
904
932
954
966
976
986
996
1005
1012
1031
1052
1070
1077
1087
1099
1109
1120
1128
1128
1138
1141
1146
1147
1141
1141
1134
1143
1141
1121
1115
1113
1106
1101
1101
1090
1069
1068
1049
1037
1019
1007
976
950
937
914
887
860
814
778
748
703
669
642
610
593
569
549
539
526
512
496
493
485
472
480
477
489
493
513
532
539
561
592
616
634
663
699
736
759
794
837
857
891
920
955
984
1003
1024
1048
1060
1075
1088
1092
1111
1107
1108
1121
1111
1115
1113
1120
1130
1133
1130
1145
1153
1152
1153
1155
1160
1178
1191
1208
1216
1232
1233
1248
1262
1271
1280
1289
1285
1293
1294
1291
1296
1287
1301
1296
1286
1282
1279
1277
1285
1294
1284
1280
1287
1281
1287
1299
1301
1303
1302
1307
1317
1321
1317
1304
1288
1285
1266
1272
1278
1277
1295
1294
1301
1287
1302
1304
1312
1307
1302
1311
1314
1332
1336
1347
1336
1355
1360
1373
1375
1380
1382
1377
1374
1380
1355
1360
1367
1359
1352
1356
1360
1363
1368
1371
1359
1373
1360
1369
1360
1362
1359
1362
1348
1329
1333
1340
1356
1349
1351
1360
1360
1361
1370
1372
1357
1364
1359
1336
1339
1329
1312
1290
1280
1267
1246
1219
1204
1182
1185
1186
1196
1194
1198
1200
1214
1213
1215
1239
1233
1240
1242
1258
1251
1252
1258
1260
1255
1272
1259
1257
1246
1241
1239
1213
1197
1174
1149
1134
1122
1108
1099
1097
1087
1082
1078
1083
1079
1080
1071
1078
1065
1084
1093
1094
1101
1113
1123
1126
1133
1115
1115
1101
1096
1088
1070
1066
1049
1043
1027
1028
1013
1009
1006
1002
1004
993
983
968
956
956
939
935
909
919
911
907
911
906
897
897
879
878
868
869
878
871
873
869
870
863
878
877
883
871
866
862
858
863
858
861
854
864
850
849
837
822
811
809
811
810
807
812
819
810
814
817
819
818
804
806
804
806
804
811
811
809
815
809
809
814
821
818
813
816
821
818
812
802
796
790
795
789
781
798
791
781
782
783
783
773
766
750
751
741
719
707
690
681
692
694
685
666
656
636
623
617
605
614
599
588
587
584
581
571
567
568
578
575
578
586
583
584
585
580
589
585
600
615
620
634
641
640
647
646
647
652
650
652
643
650
640
641
639
649
652
656
664
668
670
657
664
670
657
658
660
655
655
645
647
642
636
639
634
646
637
624
630
629
624
623
612
615
610
608
612
604
598
602
599
593
581
578
578
570
570
561
553
552
548
552
556
553
557
554
559
567
566
566
571
575
574
581
588
585
586
591
599
600
587
594
577
579
572
574
568
568
556
563
557
557
554
546
549
546
548
540
543
545
537
550
538
542
549
551
553
557
549
546
530
524
525
524
529
521
515
519
511
513
517
511
512
525
521
509
513
513
522
527
524
534
536
538
539
543
550
562
556
564
552
499
294
-2
-1
-2
-1
-2
-1
-2
-1
556
537
-3
-1
2
0
0

