;UFOS3
;Measurement details: channel = S-D, date = 01.06.2018, time = 18:00:14
Exposure=3451
Gain=0
Temperature=19.3
Accummulate=4
8.721 mu
10.781 amas
4.78 hs
0 ozone
89038 uva
277 uvb
79 uve
[Value]
0
0
1
-1
0
0
1
-1
-2
2
-1
3
1
-1
0
0
-1
-1
1
0
1
3
2
-2
2
0
2
3
5
3
3
2
-1
1
1
1
-2
4
4
-3
1
6
1
4
-1
4
-2
3
-1
0
7
2
2
5
1
3
4
-4
1
1
3
6
-1
1
1
0
1
2
-1
-1
5
1
0
3
-2
5
0
-1
2
3
0
-1
1
-1
3
3
3
4
1
2
2
0
3
3
0
6
9
2
0
-1
-2
1
6
3
3
2
1
5
3
0
2
5
3
4
6
0
1
1
4
1
3
0
-3
3
4
-1
-3
5
3
3
2
2
0
2
-1
4
2
3
0
3
1
3
1
0
3
9
0
1
0
3
4
1
-2
0
1
-1
6
0
1
3
1
-1
1
-2
-2
0
-1
6
1
-1
2
0
0
2
3
4
8
1
0
2
2
2
3
1
1
2
2
0
-1
2
3
2
2
5
1
3
4
3
5
-1
-1
2
6
3
1
-3
2
2
2
3
0
-2
1
-2
6
-2
6
2
5
1
4
1
2
1
2
5
3
2
-3
3
2
1
3
2
1
4
0
1
4
-1
-5
4
-1
1
0
-1
1
3
0
-1
0
2
3
3
2
4
1
1
2
5
2
2
4
4
2
2
1
4
3
2
2
0
3
6
3
-1
1
0
1
0
0
3
5
0
-1
0
1
3
6
2
2
4
0
6
-1
3
0
2
3
3
-1
6
6
1
3
3
2
3
2
1
1
3
0
-1
0
2
-3
2
-2
1
3
2
4
1
2
8
3
0
0
2
0
4
5
5
3
3
4
5
0
4
-2
-1
2
3
2
2
5
5
-1
2
2
1
5
2
1
3
3
1
2
3
5
1
1
1
0
3
4
3
1
-1
-2
4
4
4
1
1
0
-1
2
3
-2
2
-1
2
9
0
2
1
-2
-1
0
2
0
3
-1
3
0
1
0
3
2
3
1
3
1
3
4
2
2
0
1
3
2
0
2
1
4
2
0
2
5
2
4
6
-2
2
-1
2
-2
-1
7
1
-1
5
2
3
3
4
-1
5
5
3
0
10
0
-1
1
4
5
-1
4
4
2
2
5
3
2
7
3
3
5
6
3
3
3
0
-2
3
0
-1
2
5
1
3
2
2
4
2
5
4
-2
7
1
0
0
-1
4
1
4
1
3
-1
3
4
2
5
1
3
-70
3
0
8
3
8
4
7
4
1
3
0
1
2
5
2
2
3
5
7
2
4
3
1
2
1
2
1
-1
7
3
-2
7
3
3
1
4
1
5
0
5
8
0
-2
1
-1
2
4
2
3
2
2
3
2
2
2
7
2
3
-1
3
2
1
6
2
2
2
2
0
2
-1
1
2
1
1
3
3
2
1
2
3
0
3
5
5
3
5
2
1
5
4
3
4
0
3
5
4
5
4
1
4
-3
5
1
6
3
5
6
1
1
2
3
5
4
3
4
6
4
3
5
4
6
-1
2
7
7
5
5
3
4
0
0
1
4
5
3
3
5
2
4
2
7
2
1
6
5
2
3
7
4
4
8
5
4
1
2
2
5
6
2
6
5
3
3
0
5
0
3
6
4
4
0
3
2
3
6
2
1
2
4
3
3
1
0
4
-3
5
3
4
1
5
8
3
3
5
6
1
2
6
3
1
0
7
9
1
1
1
4
1
4
3
0
2
6
6
5
4
5
5
3
2
6
2
2
3
5
4
6
1
0
5
1
5
1
4
6
3
8
3
1
3
7
4
3
7
4
9
5
4
1
5
3
4
3
4
2
7
7
5
2
7
7
5
8
5
6
3
1
1
5
2
5
5
4
1
9
6
4
10
4
4
2
2
4
4
4
4
7
5
1
2
7
6
2
1
5
8
6
5
1
4
5
4
5
6
5
9
8
4
9
7
3
7
5
5
7
1
7
1
3
6
2
3
5
3
7
7
4
10
4
6
10
2
3
6
5
6
6
6
2
6
5
8
6
0
4
9
6
5
7
3
5
4
5
5
5
6
6
6
2
5
6
8
10
5
12
5
2
4
5
7
5
7
7
6
0
8
5
5
8
5
6
1
6
8
6
4
9
5
8
6
4
4
4
9
6
4
7
9
5
8
5
7
1
8
4
7
7
5
10
6
5
8
4
10
4
9
4
8
6
9
7
9
3
10
8
6
6
7
8
10
9
9
7
9
5
3
9
5
7
9
7
11
7
7
6
9
8
8
9
8
11
9
7
14
8
8
8
12
10
10
11
9
6
9
9
9
10
13
12
11
5
10
7
9
8
7
13
11
9
8
7
13
8
11
8
14
7
9
11
7
10
4
16
11
12
14
12
13
10
15
15
16
13
15
12
14
21
21
17
15
16
16
15
11
16
16
18
17
20
16
21
18
15
18
19
14
17
18
17
20
24
17
20
22
22
19
21
20
21
22
21
19
25
25
24
19
22
24
20
25
27
24
28
25
26
25
30
26
35
29
27
28
30
29
31
27
32
31
27
32
29
28
22
30
29
31
30
33
24
24
32
31
30
36
37
35
39
33
32
35
34
35
33
37
34
34
43
34
39
40
36
40
35
39
39
42
42
43
46
45
42
50
45
48
44
47
48
45
44
47
47
46
42
44
46
42
43
40
45
42
43
40
42
38
40
38
41
42
42
47
50
51
53
55
56
57
56
62
63
63
68
70
70
66
68
76
73
75
74
73
78
77
83
82
83
87
85
83
89
84
85
85
88
86
82
85
88
85
82
81
81
80
78
80
79
79
80
79
80
86
80
83
87
87
91
94
93
102
107
108
115
113
124
130
132
139
140
135
141
144
141
148
143
142
146
141
141
136
140
143
140
138
132
139
130
132
131
128
131
135
136
137
133
141
146
150
157
158
158
169
157
171
177
181
190
192
199
203
211
218
220
224
234
229
233
242
245
246
246
244
245
241
247
239
237
240
237
240
245
235
242
235
246
244
244
246
245
249
252
250
251
251
247
242
242
243
238
237
237
231
227
225
218
214
213
205
203
196
199
195
188
194
189
190
198
196
203
207
210
214
214
224
228
235
236
246
258
267
272
282
292
295
299
301
308
314
320
322
319
332
333
333
345
348
346
355
363
363
358
362
369
370
366
378
364
371
364
354
353
346
341
345
332
328
325
323
322
319
314
318
315
314
311
314
312
307
315
327
332
337
342
349
354
367
377
387
404
408
421
433
444
458
478
486
496
513
526
540
545
555
554
567
575
589
587
595
598
594
593
599
599
606
616
616
614
611
603
605
597
606
600
592
592
593
597
595
583
575
566
569
565
552
549
541
540
526
528
528
531
527
533
521
524
528
527
524
537
523
539
535
535
539
542
545
553
551
561
566
576
589
589
619
621
649
673
700
719
737
765
784
807
830
845
874
898
922
933
960
982
986
1008
1018
1023
1043
1031
1047
1056
1063
1058
1081
1080
1075
1082
1066
1046
1041
1030
1009
998
999
975
957
938
916
906
883
865
849
828
818
806
786
765
743
743
720
712
717
706
696
690
696
705
708
715
726
723
735
741
743
747
762
773
776
798
810
817
820
816
834
842
843
841
834
835
838
836
832
831
824
821
805
779
781
763
764
768
771
767
765
764
765
767
778
790
805
817
829
842
845
850
856
858
848
839
826
799
806
783
765
752
751
735
734
728
712
697
693
692
694
690
679
674
678
679
700
702
713
733
750
760
774
792
804
819
835
842
851
858
843
843
847
849
862
862
884
875
882
889
891
889
898
895
918
921
918
926
947
947
971
992
1003
1001
996
999
988
972
955
936
895
884
859
844
840
833
825
808
807
804
802
796
800
801
796
800
794
826
832
841
834
831
833
836
839
830
826
815
799
775
779
781
763
754
753
769
779
794
813
818
848
872
889
900
917
932
933
939
952
950
966
975
997
1001
997
991
1005
1009
1009
1007
1004
1003
1006
1005
1015
1024
1051
1052
1072
1090
1116
1133
1155
1161
1176
1173
1184
1181
1187
1173
1166
1174
1148
1158
1150
1136
1137
1135
1137
1142
1141
1154
1156
1160
1157
1164
1178
1177
1202
1211
1227
1230
1252
1257
1268
1265
1285
1271
1261
1260
1234
1226
1222
1203
1189
1150
1132
1126
1119
1117
1107
1111
1088
1098
1085
1104
1106
1115
1131
1122
1126
1109
1097
1104
1091
1089
1072
1069
1070
1066
1061
1074
1058
1060
1064
1073
1069
1081
1081
1084
1082
1100
1106
1123
1127
1132
1122
1124
1126
1123
1119
1126
1114
1112
1100
1109
1101
1085
1078
1072
1062
1075
1084
1083
1081
1102
1101
1097
1098
1117
1088
1089
1089
1084
1073
1085
1083
1085
1079
1070
1067
1059
1043
1035
1017
1000
986
961
948
927
904
894
881
862
840
816
803
776
757
763
739
722
726
723
721
719
730
732
744
754
775
812
833
851
860
895
900
915
925
923
943
935
943
947
966
964
972
981
987
989
995
980
988
990
986
987
991
984
989
972
981
978
966
966
966
963
968
959
971
965
971
967
973
974
987
992
1003
1015
1033
1041
1052
1084
1093
1107
1119
1134
1129
1133
1133
1127
1123
1125
1132
1110
1112
1099
1096
1071
1070
1047
1039
1040
1026
1025
1019
1024
1010
1016
1018
1017
1042
1045
1063
1065
1082
1091
1105
1111
1123
1123
1130
1155
1166
1165
1180
1184
1198
1195
1205
1199
1202
1207
1193
1193
1186
1175
1173
1181
1175
1164
1154
1144
1134
1129
1125
1110
1100
1070
1071
1069
1054
1064
1066
1084
1107
1122
1142
1158
1185
1202
1221
1229
1255
1274
1295
1316
1332
1364
1385
1402
1422
1452
1463
1478
1496
1491
1499
1479
1472
1449
1454
1434
1414
1400
1397
1380
1373
1345
1335
1311
1306
1287
1283
1257
1262
1259
1252
1250
1248
1238
1259
1262
1263
1266
1291
1302
1303
1298
1281
1281
1281
1285
1292
1288
1298
1299
1296
1281
1276
1245
1226
1194
1168
1148
1122
1123
1106
1106
1116
1116
1129
1131
1142
1160
1153
1168
1193
1207
1214
1244
1260
1277
1304
1311
1332
1342
1333
1333
1313
1316
1304
1298
1294
1289
1306
1318
1322
1335
1346
1340
1349
1358
1355
1353
1370
1349
1356
1354
1342
1330
1348
1353
1354
1346
1337
1338
1328
1306
1305
1310
1307
1296
1301
1287
1284
1272
1273
1282
1262
1254
1266
1275
1257
1258
1256
1255
1264
1261
1275
1280
1282
1265
1269
1249
1250
1235
1226
1222
1220
1201
1220
1200
1204
1191
1196
1198
1200
1181
1175
1163
1145
1129
1118
1103
1095
1084
1074
1063
1051
1029
1008
981
951
929
911
888
876
855
859
859
868
863
886
902
913
927
927
933
946
968
979
991
1021
1026
1043
1036
1048
1041
1030
1012
995
983
968
953
951
941
917
915
898
860
860
843
825
802
801
802
785
790
780
790
807
817
848
863
880
913
938
970
974
1000
1036
1069
1113
1133
1176
1204
1237
1252
1290
1316
1331
1341
1371
1386
1406
1406
1433
1446
1450
1466
1462
1452
1480
1483
1477
1482
1467
1443
1449
1430
1414
1415
1391
1395
1383
1366
1352
1343
1304
1286
1273
1244
1231
1223
1227
1222
1216
1221
1224
1222
1229
1224
1237
1241
1255
1266
1275
1285
1307
1311
1325
1309
1320
1309
1300
1288
1269
1258
1251
1248
1246
1260
1269
1272
1291
1291
1294
1300
1319
1327
1352
1395
1422
1472
1523
1569
1606
1643
1664
1675
1702
1699
1697
1673
1639
1624
1609
1595
1570
1562
1544
1525
1502
1476
1444
1427
1416
1404
1385
1380
1384
1365
1398
1410
1426
1462
1494
1529
1559
1565
1579
1597
1594
1608
1613
1625
1608
1587
1583
1583
1587
1566
1560
1564
1530
1489
1488
1474
1448
1451
1445
1421
1438
1421
1427
1420
1439
1433
1452
1468
1492
1488
1502
1503
1493
1476
1494
1487
1502
1521
1536
1541
1559
1563
1568
1587
1595
1605
1625
1613
1636
1634
1657
1670
1671
1673
1698
1694
1685
1685
1671
1656
1649
1650
1637
1634
1627
1601
1592
1588
1567
1559
1557
1545
1557
1551
1557
1561
1567
1567
1579
1555
1576
1558
1580
1576
1578
1582
1566
1573
1577
1576
1574
1562
1552
1532
1499
1498
1481
1473
1452
1434
1416
1404
1398
1369
1358
1351
1346
1324
1326
1325
1307
1303
1307
1295
1308
1294
1311
1321
1325
1327
1344
1353
1372
1390
1399
1419
1430
1441
1451
1472
1487
1481
1492
1514
1530
1529
1543
1539
1550
1552
1561
1565
1562
1554
1559
1553
1561
1578
1583
1579
1595
1610
1614
1609
1619
1595
1608
1585
1577
1563
1551
1527
1518
1490
1466
1427
1423
1399
1391
1367
1358
1348
1337
1327
1316
1317
1331
1336
1367
1388
1419
1442
1454
1482
1506
1547
1584
1618
1638
1656
1670
1675
1654
1628
1612
1576
1568
1520
1500
1464
1436
1393
1369
1348
1341
1339
1335
1347
1356
1354
1346
1337
1335
1358
1388
1424
1453
1476
1507
1526
1545
1558
1560
1588
1581
1578
1560
1549
1523
1484
1462
1424
1401
1373
1342
1320
1287
1230
1201
1160
1138
1107
1084
1068
1070
1053
1064
1067
1088
1120
1158
1175
1243
1264
1315
1359
1378
1391
1414
1428
1427
1420
1404
1388
1351
1308
1271
1217
1188
1153
1143
1152
1159
1151
1178
1207
1235
1268
1313
1369
1428
1474
1527
1576
1642
1676
1711
1738
1755
1781
1787
1775
1782
1757
1756
1730
1725
1713
1680
1647
1636
1585
1559
1537
1510
1484
1468
1438
1447
1446
1455
1456
1448
1438
1446
1438
1449
1436
1456
1459
1465
1482
1495
1496
1520
1552
1548
1552
1571
1595
1611
1637
1659
1659
1695
1714
1728
1733
1730
1744
1757
1776
1800
1827
1825
1843
1862
1846
1861
1867
1880
1880
1900
1906
1906
1939
1924
1926
1908
1864
1863
1826
1821
1788
1768
1741
1711
1691
1642
1616
1597
1579
1563
1535
1519
1487
1467
1448
1429
1422
1411
1401
1396
1382
1377
1369
1345
1341
1310
1295
1279
1262
1240
1231
1216
1212
1207
1210
1213
1216
1240
1239
1256
1277
1285
1298
1324
1336
1353
1365
1381
1406
1411
1409
1435
1440
1450
1449
1447
1454
1456
1452
1455
1442
1445
1427
1420
1401
1385
1385
1360
1335
1314
1296
1268
1245
1219
1216
1207
1197
1170
1152
1132
1096
1058
1045
1031
1013
1000
1003
993
986
986
969
956
947
937
914
905
883
863
851
846
840
844
841
840
851
843
843
839
817
812
799
793
789
774
770
772
769
762
762
771
765
770
764
773
762
757
749
751
748
741
733
740
754
757
770
781
796
822
839
859
888
902
920
948
978
1004
1027
1051
1083
1114
1141
1162
1177
1198
1197
1211
1218
1227
1220
1218
1222
1232
1234
1233
1228
1234
1226
1218
1221
1213
1200
1186
1182
1163
1169
1151
1138
1126
1113
1106
1087
1071
1045
1046
1035
1031
1040
1044
1049
1067
1080
1095
1109
1142
1141
1153
1171
1179
1183
1198
1211
1225
1269
1292
1296
1290
1283
1280
1256
1251
1230
1195
1180
1153
1127
1137
1166
1173
1182
1157
1179
1178
1175
1169
1170
1166
1178
1203
1217
1221
1222
1248
1269
1258
1238
1257
1239
1225
1218
1219
1215
1211
1212
1185
1172
1160
1150
1163
1159
1171
1167
1170
1151
1142
1141
1147
1155
1194
1200
1223
1232
1244
1253
1268
1282
1291
1311
1340
1368
1389
1399
1424
1438
1451
1468
1495
1502
1510
1511
1504
1502
1498
1504
1510
1488
1497
1489
1477
1465
1469
1461
1457
1456
1440
1415
1397
1390
1386
1378
1379
1382
1374
1391
1382
1380
1385
1395
1387
1398
1405
1418
1448
1467
1480
1518
1510
1529
1551
1550
1553
1551
1567
1572
1557
1537
1533
1525
1496
1495
1470
1437
1422
1390
1338
1332
1312
1282
1283
1288
1274
1258
1244
1235
1229
1196
1192
1169
1165
1133
1116
1097
1069
1046
1025
998
979
951
909
894
849
805
782
736
695
653
624
587
558
529
510
488
473
466
461
452
457
456
465
477
501
514
538
559
592
619
640
659
682
683
688
695
714
729
746
775
793
817
834
862
872
898
912
939
953
966
973
1003
1021
1031
1040
1062
1063
1078
1080
1087
1089
1085
1070
1062
1055
1065
1055
1065
1069
1072
1073
1078
1077
1078
1080
1068
1066
1058
1048
1038
1006
992
990
972
951
921
902
880
859
835
808
783
748
725
687
653
622
600
565
545
520
507
490
485
473
468
465
452
467
469
477
489
514
528
543
577
605
627
660
681
701
728
743
766
784
815
848
880
919
944
987
1003
1015
1046
1052
1067
1078
1091
1102
1112
1126
1130
1136
1136
1137
1142
1140
1143
1149
1157
1154
1161
1176
1171
1193
1203
1218
1220
1222
1229
1251
1245
1242
1245
1254
1250
1243
1244
1229
1209
1202
1195
1191
1205
1215
1211
1219
1210
1212
1213
1218
1208
1231
1241
1269
1265
1264
1271
1277
1275
1266
1274
1262
1267
1267
1271
1257
1257
1254
1257
1264
1249
1254
1246
1254
1255
1255
1266
1269
1280
1271
1291
1303
1310
1314
1321
1323
1318
1329
1332
1325
1305
1290
1283
1290
1301
1315
1324
1325
1332
1335
1336
1332
1330
1336
1328
1329
1335
1343
1336
1333
1334
1340
1334
1340
1334
1334
1353
1327
1323
1318
1312
1308
1303
1277
1265
1263
1257
1248
1234
1228
1207
1218
1188
1190
1162
1169
1146
1149
1141
1138
1141
1142
1156
1170
1167
1179
1194
1204
1204
1225
1218
1226
1232
1249
1247
1239
1227
1224
1189
1166
1137
1109
1074
1062
1057
1043
1042
1044
1039
1025
1029
1023
1034
1041
1012
1029
1019
1035
1022
1030
1042
1042
1059
1055
1063
1057
1043
1053
1044
1035
1031
1017
1008
1004
983
974
976
973
971
962
961
949
944
937
918
919
897
899
889
886
875
874
863
866
869
854
847
850
846
844
836
854
850
847
843
843
841
844
839
845
842
843
840
820
831
833
814
823
804
795
782
783
780
765
750
759
753
747
750
754
744
748
749
744
733
741
732
738
741
729
737
729
729
731
728
735
742
754
748
769
761
754
746
766
756
757
753
764
761
754
752
754
765
753
748
746
736
735
717
717
705
701
679
671
657
661
658
650
637
624
621
606
597
582
567
552
550
535
529
533
538
534
527
537
537
538
532
540
543
547
548
547
550
542
561
582
592
591
587
588
586
601
596
611
612
609
616
613
616
607
604
609
620
622
620
621
615
611
601
598
589
589
595
589
596
598
600
600
601
596
596
587
589
580
579
569
566
556
560
555
556
564
567
576
566
572
564
564
563
553
550
546
539
527
526
523
520
525
520
532
526
522
531
524
527
538
530
529
532
538
549
554
545
552
538
554
537
539
537
537
536
530
516
515
522
511
516
511
511
519
520
511
512
510
513
512
512
510
512
515
517
516
516
522
516
518
506
506
503
508
496
493
492
496
486
500
495
484
489
493
495
492
496
485
493
501
495
497
500
502
505
508
507
510
505
501
505
498
493
493
502
500
485
489
468
480
486
486
476
472
459
466
454
451
445
445
444
438
438
438
435
427
423
425
397
370
226
-5
-2
0
1
1
-2
0
-2
466
446
-1
-1
-1
0
0

